frame,i,x1,y1,x2,y2,x,y,angle,size
5, 43, 110, 368, 109, 367, 1, 1, 0.7853981633974483, 1.4142135623730951
5, 51, 487, 198, 489, 199, -2, -1, -2.677945044588987, 2.23606797749979
5, 55, 502, 171, 501, 170, 1, 1, 0.7853981633974483, 1.4142135623730951
5, 62, 454, 112, 453, 114, 1, -2, -1.1071487177940904, 2.23606797749979
5, 70, 76, 317, 76, 319, 0, -2, -1.5707963267948966, 2.0
5, 99, 116, 314, 116, 316, 0, -2, -1.5707963267948966, 2.0
5, 101, 391, 350, 391, 352, 0, -2, -1.5707963267948966, 2.0
5, 114, 350, 151, 352, 151, -2, 0, 3.141592653589793, 2.0
5, 123, 314, 235, 316, 238, -2, -3, -2.158798930342464, 3.605551275463989
5, 140, 474, 281, 474, 283, 0, -2, -1.5707963267948966, 2.0
5, 155, 503, 297, 504, 295, -1, 2, 2.0344439357957027, 2.23606797749979
5, 166, 143, 157, 146, 158, -3, -1, -2.819842099193151, 3.1622776601683795
6, 33, 354, 110, 356, 112, -2, -2, -2.356194490192345, 2.8284271247461903
6, 59, 76, 315, 76, 317, 0, -2, -1.5707963267948966, 2.0
6, 99, 65, 333, 68, 333, -3, 0, 3.141592653589793, 3.0
6, 118, 474, 279, 474, 281, 0, -2, -1.5707963267948966, 2.0
6, 135, 58, 247, 59, 246, -1, 1, 2.356194490192345, 1.4142135623730951
7, 27, 538, 163, 540, 163, -2, 0, 3.141592653589793, 2.0
7, 98, 433, 264, 434, 263, -1, 1, 2.356194490192345, 1.4142135623730951
7, 105, 474, 277, 474, 279, 0, -2, -1.5707963267948966, 2.0
7, 111, 460, 215, 461, 217, -1, -2, -2.0344439357957027, 2.23606797749979
7, 113, 503, 294, 503, 296, 0, -2, -1.5707963267948966, 2.0
8, 50, 241, 253, 240, 254, 1, -1, -0.7853981633974483, 1.4142135623730951
8, 98, 474, 275, 474, 277, 0, -2, -1.5707963267948966, 2.0
8, 106, 503, 292, 503, 294, 0, -2, -1.5707963267948966, 2.0
9, 10, 601, 239, 599, 239, 2, 0, 0.0, 2.0
9, 40, 210, 328, 209, 329, 1, -1, -0.7853981633974483, 1.4142135623730951
9, 53, 395, 309, 394, 310, 1, -1, -0.7853981633974483, 1.4142135623730951
9, 61, 337, 253, 336, 254, 1, -1, -0.7853981633974483, 1.4142135623730951
9, 93, 475, 273, 474, 275, 1, -2, -1.1071487177940904, 2.23606797749979
10, 2, 192, 151, 194, 151, -2, 0, 3.141592653589793, 2.0
10, 3, 253, 121, 255, 122, -2, -1, -2.677945044588987, 2.23606797749979
10, 36, 418, 358, 420, 358, -2, 0, 3.141592653589793, 2.0
10, 49, 54, 177, 56, 177, -2, 0, 3.141592653589793, 2.0
10, 65, 359, 225, 358, 228, 1, -3, -1.2490457723982544, 3.1622776601683795
10, 107, 69, 193, 69, 195, 0, -2, -1.5707963267948966, 2.0
10, 143, 534, 181, 534, 183, 0, -2, -1.5707963267948966, 2.0
11, 8, 109, 366, 111, 368, -2, -2, -2.356194490192345, 2.8284271247461903
11, 9, 450, 234, 449, 235, 1, -1, -0.7853981633974483, 1.4142135623730951
11, 12, 430, 212, 429, 213, 1, -1, -0.7853981633974483, 1.4142135623730951
11, 38, 174, 330, 175, 329, -1, 1, 2.356194490192345, 1.4142135623730951
11, 58, 357, 227, 359, 225, -2, 2, 2.356194490192345, 2.8284271247461903
11, 74, 342, 198, 343, 197, -1, 1, 2.356194490192345, 1.4142135623730951
11, 84, 160, 359, 161, 358, -1, 1, 2.356194490192345, 1.4142135623730951
11, 92, 67, 191, 69, 193, -2, -2, -2.356194490192345, 2.8284271247461903
11, 112, 92, 217, 92, 219, 0, -2, -1.5707963267948966, 2.0
11, 115, 289, 313, 291, 313, -2, 0, 3.141592653589793, 2.0
11, 116, 153, 254, 155, 254, -2, 0, 3.141592653589793, 2.0
12, 8, 450, 232, 450, 234, 0, -2, -1.5707963267948966, 2.0
12, 30, 194, 344, 195, 343, -1, 1, 2.356194490192345, 1.4142135623730951
12, 45, 138, 329, 139, 328, -1, 1, 2.356194490192345, 1.4142135623730951
12, 66, 341, 199, 342, 198, -1, 1, 2.356194490192345, 1.4142135623730951
12, 83, 65, 189, 67, 191, -2, -2, -2.356194490192345, 2.8284271247461903
13, 40, 50, 176, 52, 177, -2, -1, -2.677945044588987, 2.23606797749979
13, 63, 340, 200, 341, 199, -1, 1, 2.356194490192345, 1.4142135623730951
13, 79, 63, 187, 65, 189, -2, -2, -2.356194490192345, 2.8284271247461903
15, 19, 253, 118, 254, 120, -1, -2, -2.0344439357957027, 2.23606797749979
15, 82, 567, 332, 566, 333, 1, -1, -0.7853981633974483, 1.4142135623730951
15, 115, 92, 329, 94, 330, -2, -1, -2.677945044588987, 2.23606797749979
15, 141, 456, 215, 457, 217, -1, -2, -2.0344439357957027, 2.23606797749979
16, 76, 161, 361, 162, 360, -1, 1, 2.356194490192345, 1.4142135623730951
16, 78, 94, 196, 95, 195, -1, 1, 2.356194490192345, 1.4142135623730951
16, 114, 179, 268, 180, 267, -1, 1, 2.356194490192345, 1.4142135623730951
17, 2, 180, 225, 182, 226, -2, -1, -2.677945044588987, 2.23606797749979
17, 88, 412, 158, 411, 159, 1, -1, -0.7853981633974483, 1.4142135623730951
17, 103, 179, 270, 179, 268, 0, 2, 1.5707963267948966, 2.0
18, 4, 450, 230, 449, 231, 1, -1, -0.7853981633974483, 1.4142135623730951
18, 19, 79, 364, 77, 366, 2, -2, -0.7853981633974483, 2.8284271247461903
18, 40, 140, 219, 141, 218, -1, 1, 2.356194490192345, 1.4142135623730951
18, 61, 160, 362, 161, 361, -1, 1, 2.356194490192345, 1.4142135623730951
18, 84, 70, 203, 71, 202, -1, 1, 2.356194490192345, 1.4142135623730951
18, 91, 180, 269, 179, 270, 1, -1, -0.7853981633974483, 1.4142135623730951
19, 16, 77, 363, 79, 364, -2, -1, -2.677945044588987, 2.23606797749979
19, 93, 456, 210, 456, 212, 0, -2, -1.5707963267948966, 2.0
20, 19, 39, 312, 38, 313, 1, -1, -0.7853981633974483, 1.4142135623730951
20, 34, 327, 223, 329, 222, -2, 1, 2.677945044588987, 2.23606797749979
20, 81, 404, 111, 404, 113, 0, -2, -1.5707963267948966, 2.0
20, 123, 80, 366, 80, 368, 0, -2, -1.5707963267948966, 2.0
21, 33, 260, 276, 259, 277, 1, -1, -0.7853981633974483, 1.4142135623730951
21, 53, 144, 211, 146, 211, -2, 0, 3.141592653589793, 2.0
21, 99, 176, 183, 177, 181, -1, 2, 2.0344439357957027, 2.23606797749979
21, 105, 480, 227, 479, 228, 1, -1, -0.7853981633974483, 1.4142135623730951
22, 2, 45, 366, 46, 365, -1, 1, 2.356194490192345, 1.4142135623730951
22, 15, 41, 311, 40, 312, 1, -1, -0.7853981633974483, 1.4142135623730951
22, 30, 385, 168, 385, 170, 0, -2, -1.5707963267948966, 2.0
22, 79, 409, 219, 411, 220, -2, -1, -2.677945044588987, 2.23606797749979
22, 109, 400, 140, 399, 141, 1, -1, -0.7853981633974483, 1.4142135623730951
23, 2, 44, 368, 45, 366, -1, 2, 2.0344439357957027, 2.23606797749979
23, 27, 261, 274, 260, 275, 1, -1, -0.7853981633974483, 1.4142135623730951
23, 54, 405, 108, 404, 109, 1, -1, -0.7853981633974483, 1.4142135623730951
23, 84, 303, 259, 304, 261, -1, -2, -2.0344439357957027, 2.23606797749979
23, 90, 400, 137, 400, 140, 0, -3, -1.5707963267948966, 3.0
23, 100, 282, 244, 284, 243, -2, 1, 2.677945044588987, 2.23606797749979
24, 2, 42, 368, 44, 368, -2, 0, 3.141592653589793, 2.0
24, 63, 94, 161, 93, 162, 1, -1, -0.7853981633974483, 1.4142135623730951
24, 77, 300, 258, 303, 259, -3, -1, -2.819842099193151, 3.1622776601683795
24, 88, 163, 311, 162, 313, 1, -2, -1.1071487177940904, 2.23606797749979
25, 82, 398, 196, 399, 195, -1, 1, 2.356194490192345, 1.4142135623730951
25, 92, 71, 314, 72, 313, -1, 1, 2.356194490192345, 1.4142135623730951
25, 93, 167, 257, 167, 259, 0, -2, -1.5707963267948966, 2.0
25, 130, 207, 269, 209, 268, -2, 1, 2.677945044588987, 2.23606797749979
25, 147, 478, 132, 479, 135, -1, -3, -1.892546881191539, 3.1622776601683795
25, 149, 494, 278, 494, 280, 0, -2, -1.5707963267948966, 2.0
25, 153, 181, 363, 182, 362, -1, 1, 2.356194490192345, 1.4142135623730951
26, 28, 349, 110, 351, 110, -2, 0, 3.141592653589793, 2.0
26, 35, 500, 357, 501, 356, -1, 1, 2.356194490192345, 1.4142135623730951
26, 111, 467, 235, 469, 236, -2, -1, -2.677945044588987, 2.23606797749979
26, 126, 479, 131, 478, 132, 1, -1, -0.7853981633974483, 1.4142135623730951
26, 127, 495, 276, 494, 278, 1, -2, -1.1071487177940904, 2.23606797749979
27, 4, 451, 111, 453, 111, -2, 0, 3.141592653589793, 2.0
27, 37, 38, 307, 39, 309, -1, -2, -2.0344439357957027, 2.23606797749979
27, 76, 168, 255, 167, 256, 1, -1, -0.7853981633974483, 1.4142135623730951
27, 85, 51, 309, 49, 308, 2, 1, 0.4636476090008061, 2.23606797749979
27, 115, 495, 273, 495, 276, 0, -3, -1.5707963267948966, 3.0
28, 3, 449, 111, 451, 111, -2, 0, 3.141592653589793, 2.0
28, 77, 412, 327, 413, 326, -1, 1, 2.356194490192345, 1.4142135623730951
28, 85, 473, 164, 474, 163, -1, 1, 2.356194490192345, 1.4142135623730951
28, 99, 381, 168, 382, 167, -1, 1, 2.356194490192345, 1.4142135623730951
28, 100, 496, 271, 495, 273, 1, -2, -1.1071487177940904, 2.23606797749979
29, 0, 43, 111, 41, 111, 2, 0, 0.0, 2.0
29, 5, 41, 234, 42, 233, -1, 1, 2.356194490192345, 1.4142135623730951
29, 92, 497, 270, 496, 271, 1, -1, -0.7853981633974483, 1.4142135623730951
30, 2, 230, 159, 231, 158, -1, 1, 2.356194490192345, 1.4142135623730951
30, 4, 43, 115, 42, 114, 1, 1, 0.7853981633974483, 1.4142135623730951
30, 13, 195, 333, 196, 331, -1, 2, 2.0344439357957027, 2.23606797749979
30, 16, 221, 214, 222, 213, -1, 1, 2.356194490192345, 1.4142135623730951
30, 44, 538, 164, 538, 167, 0, -3, -1.5707963267948966, 3.0
30, 112, 51, 193, 53, 194, -2, -1, -2.677945044588987, 2.23606797749979
30, 122, 499, 270, 497, 271, 2, -1, -0.4636476090008061, 2.23606797749979
30, 155, 198, 130, 201, 131, -3, -1, -2.819842099193151, 3.1622776601683795
30, 162, 521, 254, 522, 256, -1, -2, -2.0344439357957027, 2.23606797749979
31, 1, 369, 216, 368, 215, 1, 1, 0.7853981633974483, 1.4142135623730951
31, 4, 42, 116, 43, 115, -1, 1, 2.356194490192345, 1.4142135623730951
31, 15, 217, 215, 221, 214, -4, 1, 2.896613990462929, 4.123105625617661
31, 17, 410, 363, 411, 362, -1, 1, 2.356194490192345, 1.4142135623730951
31, 25, 273, 297, 272, 298, 1, -1, -0.7853981633974483, 1.4142135623730951
31, 39, 538, 162, 538, 164, 0, -2, -1.5707963267948966, 2.0
31, 104, 205, 311, 207, 310, -2, 1, 2.677945044588987, 2.23606797749979
31, 109, 500, 269, 499, 270, 1, -1, -0.7853981633974483, 1.4142135623730951
31, 130, 542, 291, 541, 292, 1, -1, -0.7853981633974483, 1.4142135623730951
32, 14, 215, 213, 217, 215, -2, -2, -2.356194490192345, 2.8284271247461903
32, 82, 98, 194, 99, 193, -1, 1, 2.356194490192345, 1.4142135623730951
32, 106, 134, 196, 134, 198, 0, -2, -1.5707963267948966, 2.0
33, 13, 215, 211, 215, 213, 0, -2, -1.5707963267948966, 2.0
33, 69, 583, 327, 582, 329, 1, -2, -1.1071487177940904, 2.23606797749979
33, 72, 97, 195, 98, 194, -1, 1, 2.356194490192345, 1.4142135623730951
33, 80, 126, 197, 124, 198, 2, -1, -0.4636476090008061, 2.23606797749979
33, 92, 132, 195, 134, 196, -2, -1, -2.677945044588987, 2.23606797749979
34, 0, 38, 363, 40, 363, -2, 0, 3.141592653589793, 2.0
34, 32, 539, 159, 538, 161, 1, -2, -1.1071487177940904, 2.23606797749979
34, 77, 126, 195, 126, 197, 0, -2, -1.5707963267948966, 2.0
34, 89, 130, 194, 132, 195, -2, -1, -2.677945044588987, 2.23606797749979
34, 96, 50, 363, 51, 362, -1, 1, 2.356194490192345, 1.4142135623730951
35, 30, 229, 159, 231, 159, -2, 0, 3.141592653589793, 2.0
35, 99, 51, 308, 51, 310, 0, -2, -1.5707963267948966, 2.0
35, 148, 125, 195, 126, 197, -1, -2, -2.0344439357957027, 2.23606797749979
35, 154, 121, 298, 123, 298, -2, 0, 3.141592653589793, 2.0
36, 67, 325, 189, 327, 190, -2, -1, -2.677945044588987, 2.23606797749979
36, 83, 477, 265, 478, 264, -1, 1, 2.356194490192345, 1.4142135623730951
36, 97, 113, 290, 115, 291, -2, -1, -2.677945044588987, 2.23606797749979
36, 131, 118, 296, 121, 298, -3, -2, -2.5535900500422257, 3.605551275463989
37, 15, 429, 110, 429, 112, 0, -2, -1.5707963267948966, 2.0
37, 22, 226, 158, 228, 159, -2, -1, -2.677945044588987, 2.23606797749979
37, 91, 433, 106, 435, 106, -2, 0, 3.141592653589793, 2.0
38, 14, 430, 108, 429, 110, 1, -2, -1.1071487177940904, 2.23606797749979
38, 86, 434, 105, 433, 106, 1, -1, -0.7853981633974483, 1.4142135623730951
39, 11, 431, 107, 430, 108, 1, -1, -0.7853981633974483, 1.4142135623730951
39, 34, 111, 271, 112, 273, -1, -2, -2.0344439357957027, 2.23606797749979
39, 78, 436, 104, 434, 105, 2, -1, -0.4636476090008061, 2.23606797749979
40, 111, 372, 238, 374, 238, -2, 0, 3.141592653589793, 2.0
45, 17, 223, 110, 223, 112, 0, -2, -1.5707963267948966, 2.0
45, 33, 503, 219, 505, 221, -2, -2, -2.356194490192345, 2.8284271247461903
46, 32, 500, 218, 503, 219, -3, -1, -2.819842099193151, 3.1622776601683795
46, 40, 584, 114, 583, 113, 1, 1, 0.7853981633974483, 1.4142135623730951
46, 65, 126, 176, 126, 180, 0, -4, -1.5707963267948966, 4.0
47, 38, 585, 113, 584, 114, 1, -1, -0.7853981633974483, 1.4142135623730951
47, 48, 600, 173, 601, 172, -1, 1, 2.356194490192345, 1.4142135623730951
47, 52, 431, 208, 433, 208, -2, 0, 3.141592653589793, 2.0
47, 61, 123, 173, 126, 176, -3, -3, -2.356194490192345, 4.242640687119285
48, 88, 305, 134, 306, 133, -1, 1, 2.356194490192345, 1.4142135623730951
49, 89, 77, 216, 78, 215, -1, 1, 2.356194490192345, 1.4142135623730951
49, 94, 161, 143, 161, 145, 0, -2, -1.5707963267948966, 2.0
50, 30, 43, 113, 44, 117, -1, -4, -1.8157749899217608, 4.123105625617661
50, 44, 137, 179, 138, 181, -1, -2, -2.0344439357957027, 2.23606797749979
50, 141, 154, 343, 155, 342, -1, 1, 2.356194490192345, 1.4142135623730951
51, 12, 221, 113, 223, 112, -2, 1, 2.677945044588987, 2.23606797749979
51, 23, 39, 112, 43, 113, -4, -1, -2.896613990462929, 4.123105625617661
51, 26, 479, 158, 479, 160, 0, -2, -1.5707963267948966, 2.0
51, 51, 450, 114, 451, 113, -1, 1, 2.356194490192345, 1.4142135623730951
51, 110, 420, 348, 419, 347, 1, 1, 0.7853981633974483, 1.4142135623730951
52, 48, 598, 171, 600, 171, -2, 0, 3.141592653589793, 2.0
55, 87, 126, 303, 127, 302, -1, 1, 2.356194490192345, 1.4142135623730951
56, 20, 595, 358, 597, 358, -2, 0, 3.141592653589793, 2.0
56, 38, 57, 251, 56, 250, 1, 1, 0.7853981633974483, 1.4142135623730951
56, 60, 65, 252, 66, 250, -1, 2, 2.0344439357957027, 2.23606797749979
60, 18, 37, 191, 38, 190, -1, 1, 2.356194490192345, 1.4142135623730951
60, 122, 146, 205, 147, 207, -1, -2, -2.0344439357957027, 2.23606797749979
61, 13, 38, 192, 37, 191, 1, 1, 0.7853981633974483, 1.4142135623730951
61, 65, 117, 339, 119, 339, -2, 0, 3.141592653589793, 2.0
61, 92, 146, 203, 146, 205, 0, -2, -1.5707963267948966, 2.0
62, 46, 51, 189, 51, 191, 0, -2, -1.5707963267948966, 2.0
69, 2, 294, 227, 293, 228, 1, -1, -0.7853981633974483, 1.4142135623730951
70, 3, 179, 225, 181, 225, -2, 0, 3.141592653589793, 2.0
70, 8, 229, 159, 231, 159, -2, 0, 3.141592653589793, 2.0
70, 19, 542, 163, 544, 164, -2, -1, -2.677945044588987, 2.23606797749979
70, 29, 498, 153, 500, 154, -2, -1, -2.677945044588987, 2.23606797749979
70, 78, 82, 120, 82, 122, 0, -2, -1.5707963267948966, 2.0
70, 140, 124, 269, 126, 271, -2, -2, -2.356194490192345, 2.8284271247461903
70, 158, 533, 164, 534, 166, -1, -2, -2.0344439357957027, 2.23606797749979
73, 19, 499, 152, 497, 152, 2, 0, 0.0, 2.0
74, 1, 305, 307, 303, 308, 2, -1, -0.4636476090008061, 2.23606797749979
74, 2, 43, 236, 41, 236, 2, 0, 0.0, 2.0
74, 3, 296, 226, 294, 228, 2, -2, -0.7853981633974483, 2.8284271247461903
74, 4, 589, 209, 595, 208, -6, 1, 2.976443976175166, 6.082762530298219
74, 5, 47, 116, 45, 114, 2, 2, 0.7853981633974483, 2.8284271247461903
74, 6, 381, 364, 378, 363, 3, 1, 0.3217505543966422, 3.1622776601683795
74, 7, 256, 113, 257, 112, -1, 1, 2.356194490192345, 1.4142135623730951
74, 8, 447, 234, 447, 231, 0, 3, 1.5707963267948966, 3.0
74, 9, 493, 363, 494, 359, -1, 4, 1.8157749899217608, 4.123105625617661
74, 11, 454, 112, 455, 109, -1, 3, 1.892546881191539, 3.1622776601683795
74, 12, 262, 280, 261, 281, 1, -1, -0.7853981633974483, 1.4142135623730951
74, 14, 436, 301, 435, 300, 1, 1, 0.7853981633974483, 1.4142135623730951
74, 15, 562, 252, 564, 253, -2, -1, -2.677945044588987, 2.23606797749979
74, 16, 434, 111, 435, 107, -1, 4, 1.8157749899217608, 4.123105625617661
74, 17, 597, 245, 598, 244, -1, 1, 2.356194490192345, 1.4142135623730951
74, 18, 497, 152, 499, 152, -2, 0, 3.141592653589793, 2.0
74, 19, 417, 145, 418, 144, -1, 1, 2.356194490192345, 1.4142135623730951
74, 20, 219, 215, 218, 216, 1, -1, -0.7853981633974483, 1.4142135623730951
74, 21, 200, 329, 199, 330, 1, -1, -0.7853981633974483, 1.4142135623730951
74, 22, 385, 173, 386, 170, -1, 3, 1.892546881191539, 3.1622776601683795
74, 23, 266, 299, 267, 298, -1, 1, 2.356194490192345, 1.4142135623730951
74, 24, 179, 115, 178, 113, 1, 2, 1.1071487177940904, 2.23606797749979
74, 25, 597, 333, 598, 335, -1, -2, -2.0344439357957027, 2.23606797749979
74, 26, 482, 158, 483, 160, -1, -2, -2.0344439357957027, 2.23606797749979
74, 27, 577, 313, 581, 314, -4, -1, -2.896613990462929, 4.123105625617661
74, 29, 386, 302, 385, 303, 1, -1, -0.7853981633974483, 1.4142135623730951
74, 30, 457, 159, 458, 157, -1, 2, 2.0344439357957027, 2.23606797749979
74, 31, 587, 256, 589, 254, -2, 2, 2.356194490192345, 2.8284271247461903
74, 32, 332, 219, 328, 220, 4, -1, -0.24497866312686414, 4.123105625617661
74, 33, 585, 208, 587, 209, -2, -1, -2.677945044588987, 2.23606797749979
74, 34, 551, 122, 553, 120, -2, 2, 2.356194490192345, 2.8284271247461903
74, 35, 85, 277, 86, 276, -1, 1, 2.356194490192345, 1.4142135623730951
74, 36, 342, 271, 341, 270, 1, 1, 0.7853981633974483, 1.4142135623730951
74, 37, 571, 331, 573, 331, -2, 0, 3.141592653589793, 2.0
74, 39, 83, 365, 80, 365, 3, 0, 0.0, 3.0
74, 41, 533, 225, 535, 224, -2, 1, 2.677945044588987, 2.23606797749979
74, 42, 298, 208, 296, 209, 2, -1, -0.4636476090008061, 2.23606797749979
74, 43, 506, 167, 507, 166, -1, 1, 2.356194490192345, 1.4142135623730951
74, 45, 522, 193, 524, 193, -2, 0, 3.141592653589793, 2.0
74, 47, 413, 207, 414, 206, -1, 1, 2.356194490192345, 1.4142135623730951
74, 50, 396, 197, 398, 197, -2, 0, 3.141592653589793, 2.0
74, 51, 553, 363, 554, 365, -1, -2, -2.0344439357957027, 2.23606797749979
74, 52, 219, 331, 217, 335, 2, -4, -1.1071487177940904, 4.47213595499958
74, 53, 501, 173, 500, 171, 1, 2, 1.1071487177940904, 2.23606797749979
74, 55, 561, 168, 561, 162, 0, 6, 1.5707963267948966, 6.0
74, 56, 448, 212, 449, 211, -1, 1, 2.356194490192345, 1.4142135623730951
74, 57, 220, 112, 221, 109, -1, 3, 1.892546881191539, 3.1622776601683795
74, 60, 164, 271, 163, 272, 1, -1, -0.7853981633974483, 1.4142135623730951
74, 61, 594, 270, 596, 271, -2, -1, -2.677945044588987, 2.23606797749979
74, 62, 198, 345, 196, 345, 2, 0, 0.0, 2.0
74, 64, 480, 264, 481, 263, -1, 1, 2.356194490192345, 1.4142135623730951
74, 65, 121, 335, 120, 337, 1, -2, -1.1071487177940904, 2.23606797749979
74, 66, 549, 331, 549, 333, 0, -2, -1.5707963267948966, 2.0
74, 67, 65, 328, 63, 328, 2, 0, 0.0, 2.0
74, 68, 207, 313, 205, 315, 2, -2, -0.7853981633974483, 2.8284271247461903
74, 70, 243, 280, 241, 280, 2, 0, 0.0, 2.0
74, 71, 564, 134, 566, 130, -2, 4, 2.0344439357957027, 4.47213595499958
74, 73, 316, 290, 314, 291, 2, -1, -0.4636476090008061, 2.23606797749979
74, 74, 526, 305, 525, 306, 1, -1, -0.7853981633974483, 1.4142135623730951
74, 75, 520, 274, 522, 274, -2, 0, 3.141592653589793, 2.0
74, 77, 127, 123, 125, 121, 2, 2, 0.7853981633974483, 2.8284271247461903
74, 78, 515, 164, 518, 162, -3, 2, 2.5535900500422257, 3.605551275463989
74, 79, 175, 343, 177, 345, -2, -2, -2.356194490192345, 2.8284271247461903
74, 81, 116, 363, 115, 364, 1, -1, -0.7853981633974483, 1.4142135623730951
74, 83, 44, 205, 43, 206, 1, -1, -0.7853981633974483, 1.4142135623730951
74, 84, 154, 342, 153, 345, 1, -3, -1.2490457723982544, 3.1622776601683795
74, 86, 417, 120, 419, 119, -2, 1, 2.677945044588987, 2.23606797749979
74, 87, 504, 145, 502, 146, 2, -1, -0.4636476090008061, 2.23606797749979
74, 88, 499, 222, 500, 221, -1, 1, 2.356194490192345, 1.4142135623730951
74, 89, 430, 116, 433, 115, -3, 1, 2.819842099193151, 3.1622776601683795
74, 90, 482, 232, 485, 230, -3, 2, 2.5535900500422257, 3.605551275463989
74, 91, 363, 317, 361, 318, 2, -1, -0.4636476090008061, 2.23606797749979
74, 92, 236, 299, 234, 300, 2, -1, -0.4636476090008061, 2.23606797749979
74, 94, 170, 327, 172, 328, -2, -1, -2.677945044588987, 2.23606797749979
75, 0, 373, 222, 371, 219, 2, 3, 0.982793723247329, 3.605551275463989
75, 1, 298, 234, 295, 233, 3, 1, 0.3217505543966422, 3.1622776601683795
75, 4, 307, 309, 305, 309, 2, 0, 0.0, 2.0
75, 7, 432, 212, 432, 208, 0, 4, 1.5707963267948966, 4.0
75, 9, 430, 110, 430, 113, 0, -3, -1.5707963267948966, 3.0
75, 10, 440, 150, 440, 148, 0, 2, 1.5707963267948966, 2.0
75, 12, 376, 362, 377, 364, -1, -2, -2.0344439357957027, 2.23606797749979
75, 16, 508, 292, 507, 293, 1, -1, -0.7853981633974483, 1.4142135623730951
75, 17, 327, 225, 328, 220, -1, 5, 1.7681918866447774, 5.0990195135927845
75, 18, 448, 236, 449, 231, -1, 5, 1.7681918866447774, 5.0990195135927845
75, 19, 448, 292, 451, 294, -3, -2, -2.5535900500422257, 3.605551275463989
75, 20, 598, 298, 596, 297, 2, 1, 0.4636476090008061, 2.23606797749979
75, 22, 42, 363, 45, 363, -3, 0, 3.141592653589793, 3.0
75, 24, 477, 351, 474, 352, 3, -1, -0.3217505543966422, 3.1622776601683795
75, 25, 405, 274, 408, 276, -3, -2, -2.5535900500422257, 3.605551275463989
75, 26, 480, 163, 478, 163, 2, 0, 0.0, 2.0
75, 28, 384, 301, 387, 303, -3, -2, -2.5535900500422257, 3.605551275463989
75, 29, 488, 283, 490, 281, -2, 2, 2.356194490192345, 2.8284271247461903
75, 32, 592, 173, 591, 174, 1, -1, -0.7853981633974483, 1.4142135623730951
75, 33, 436, 260, 438, 262, -2, -2, -2.356194490192345, 2.8284271247461903
75, 36, 43, 116, 45, 117, -2, -1, -2.677945044588987, 2.23606797749979
75, 37, 219, 213, 221, 214, -2, -1, -2.677945044588987, 2.23606797749979
75, 40, 297, 212, 298, 214, -1, -2, -2.0344439357957027, 2.23606797749979
75, 41, 417, 205, 419, 207, -2, -2, -2.356194490192345, 2.8284271247461903
75, 42, 575, 118, 575, 121, 0, -3, -1.5707963267948966, 3.0
75, 43, 357, 227, 359, 229, -2, -2, -2.356194490192345, 2.8284271247461903
75, 44, 221, 112, 223, 114, -2, -2, -2.356194490192345, 2.8284271247461903
75, 46, 334, 335, 336, 335, -2, 0, 3.141592653589793, 2.0
75, 48, 85, 202, 89, 203, -4, -1, -2.896613990462929, 4.123105625617661
75, 49, 123, 177, 125, 179, -2, -2, -2.356194490192345, 2.8284271247461903
75, 50, 315, 234, 318, 235, -3, -1, -2.819842099193151, 3.1622776601683795
75, 52, 588, 212, 586, 212, 2, 0, 0.0, 2.0
75, 54, 596, 212, 593, 212, 3, 0, 0.0, 3.0
75, 55, 71, 203, 73, 203, -2, 0, 3.141592653589793, 2.0
75, 56, 457, 159, 458, 161, -1, -2, -2.0344439357957027, 2.23606797749979
75, 57, 113, 366, 115, 366, -2, 0, 3.141592653589793, 2.0
75, 58, 353, 112, 355, 114, -2, -2, -2.356194490192345, 2.8284271247461903
75, 59, 572, 151, 571, 152, 1, -1, -0.7853981633974483, 1.4142135623730951
75, 61, 40, 311, 42, 311, -2, 0, 3.141592653589793, 2.0
75, 62, 324, 186, 326, 188, -2, -2, -2.356194490192345, 2.8284271247461903
75, 64, 539, 162, 538, 163, 1, -1, -0.7853981633974483, 1.4142135623730951
75, 65, 602, 171, 599, 172, 3, -1, -0.3217505543966422, 3.1622776601683795
75, 66, 586, 113, 583, 115, 3, -2, -0.5880026035475675, 3.605551275463989
75, 68, 75, 313, 77, 315, -2, -2, -2.356194490192345, 2.8284271247461903
75, 70, 95, 214, 95, 219, 0, -5, -1.5707963267948966, 5.0
75, 71, 547, 151, 547, 154, 0, -3, -1.5707963267948966, 3.0
75, 72, 391, 187, 392, 189, -1, -2, -2.0344439357957027, 2.23606797749979
75, 74, 128, 195, 127, 196, 1, -1, -0.7853981633974483, 1.4142135623730951
75, 75, 338, 200, 339, 202, -1, -2, -2.0344439357957027, 2.23606797749979
75, 76, 346, 153, 348, 154, -2, -1, -2.677945044588987, 2.23606797749979
75, 77, 484, 280, 483, 282, 1, -2, -1.1071487177940904, 2.23606797749979
75, 79, 414, 220, 416, 223, -2, -3, -2.158798930342464, 3.605551275463989
75, 80, 202, 364, 205, 363, -3, 1, 2.819842099193151, 3.1622776601683795
75, 82, 556, 148, 554, 149, 2, -1, -0.4636476090008061, 2.23606797749979
75, 83, 570, 254, 568, 255, 2, -1, -0.4636476090008061, 2.23606797749979
75, 84, 79, 119, 82, 122, -3, -3, -2.356194490192345, 4.242640687119285
75, 85, 576, 171, 578, 171, -2, 0, 3.141592653589793, 2.0
75, 86, 561, 138, 563, 138, -2, 0, 3.141592653589793, 2.0
75, 87, 424, 172, 427, 177, -3, -5, -2.1112158270654806, 5.830951894845301
75, 89, 81, 370, 83, 370, -2, 0, 3.141592653589793, 2.0
75, 90, 312, 111, 314, 114, -2, -3, -2.158798930342464, 3.605551275463989
75, 92, 482, 128, 482, 133, 0, -5, -1.5707963267948966, 5.0
75, 93, 415, 143, 415, 145, 0, -2, -1.5707963267948966, 2.0
75, 94, 123, 156, 125, 159, -2, -3, -2.158798930342464, 3.605551275463989
75, 95, 261, 248, 263, 249, -2, -1, -2.677945044588987, 2.23606797749979
75, 96, 399, 296, 404, 299, -5, -3, -2.601173153319209, 5.830951894845301
75, 97, 42, 187, 43, 190, -1, -3, -1.892546881191539, 3.1622776601683795
75, 98, 92, 351, 96, 352, -4, -1, -2.896613990462929, 4.123105625617661
75, 99, 532, 365, 530, 365, 2, 0, 0.0, 2.0
75, 100, 559, 163, 560, 166, -1, -3, -1.892546881191539, 3.1622776601683795
75, 101, 478, 264, 479, 267, -1, -3, -1.892546881191539, 3.1622776601683795
75, 102, 156, 163, 157, 165, -1, -2, -2.0344439357957027, 2.23606797749979
75, 103, 304, 133, 305, 135, -1, -2, -2.0344439357957027, 2.23606797749979
75, 104, 211, 150, 214, 152, -3, -2, -2.5535900500422257, 3.605551275463989
75, 106, 523, 271, 523, 274, 0, -3, -1.5707963267948966, 3.0
75, 107, 534, 224, 533, 226, 1, -2, -1.1071487177940904, 2.23606797749979
75, 108, 139, 179, 141, 181, -2, -2, -2.356194490192345, 2.8284271247461903
75, 110, 599, 243, 598, 245, 1, -2, -1.1071487177940904, 2.23606797749979
75, 111, 154, 127, 153, 128, 1, -1, -0.7853981633974483, 1.4142135623730951
75, 112, 313, 292, 317, 293, -4, -1, -2.896613990462929, 4.123105625617661
75, 113, 454, 203, 454, 201, 0, 2, 1.5707963267948966, 2.0
75, 114, 561, 349, 563, 351, -2, -2, -2.356194490192345, 2.8284271247461903
75, 116, 249, 280, 248, 281, 1, -1, -0.7853981633974483, 1.4142135623730951
75, 118, 483, 227, 483, 232, 0, -5, -1.5707963267948966, 5.0
75, 119, 367, 174, 370, 178, -3, -4, -2.214297435588181, 5.0
75, 120, 137, 200, 138, 203, -1, -3, -1.892546881191539, 3.1622776601683795
75, 121, 96, 180, 98, 180, -2, 0, 3.141592653589793, 2.0
75, 122, 588, 184, 588, 186, 0, -2, -1.5707963267948966, 2.0
75, 124, 336, 166, 337, 168, -1, -2, -2.0344439357957027, 2.23606797749979
75, 125, 150, 215, 154, 219, -4, -4, -2.356194490192345, 5.656854249492381
75, 126, 449, 213, 450, 216, -1, -3, -1.892546881191539, 3.1622776601683795
75, 129, 86, 330, 91, 331, -5, -1, -2.9441970937399127, 5.0990195135927845
75, 131, 68, 356, 70, 355, -2, 1, 2.677945044588987, 2.23606797749979
75, 132, 288, 299, 290, 300, -2, -1, -2.677945044588987, 2.23606797749979
75, 133, 359, 302, 357, 301, 2, 1, 0.4636476090008061, 2.23606797749979
75, 135, 398, 235, 403, 240, -5, -5, -2.356194490192345, 7.0710678118654755
75, 136, 568, 207, 570, 207, -2, 0, 3.141592653589793, 2.0
75, 137, 59, 365, 62, 366, -3, -1, -2.819842099193151, 3.1622776601683795
75, 138, 41, 177, 45, 178, -4, -1, -2.896613990462929, 4.123105625617661
75, 140, 354, 188, 357, 191, -3, -3, -2.356194490192345, 4.242640687119285
75, 142, 277, 281, 281, 283, -4, -2, -2.677945044588987, 4.47213595499958
75, 143, 138, 274, 140, 275, -2, -1, -2.677945044588987, 2.23606797749979
75, 144, 233, 258, 236, 258, -3, 0, 3.141592653589793, 3.0
75, 146, 333, 351, 332, 352, 1, -1, -0.7853981633974483, 1.4142135623730951
75, 147, 159, 321, 160, 320, -1, 1, 2.356194490192345, 1.4142135623730951
75, 150, 159, 287, 164, 288, -5, -1, -2.9441970937399127, 5.0990195135927845
75, 151, 223, 181, 226, 183, -3, -2, -2.5535900500422257, 3.605551275463989
75, 152, 174, 348, 176, 348, -2, 0, 3.141592653589793, 2.0
75, 153, 459, 260, 461, 262, -2, -2, -2.356194490192345, 2.8284271247461903
75, 154, 412, 326, 416, 326, -4, 0, 3.141592653589793, 4.0
75, 155, 540, 132, 539, 137, 1, -5, -1.373400766945016, 5.0990195135927845
75, 156, 403, 138, 405, 142, -2, -4, -2.0344439357957027, 4.47213595499958
75, 157, 466, 211, 466, 213, 0, -2, -1.5707963267948966, 2.0
75, 158, 181, 337, 183, 337, -2, 0, 3.141592653589793, 2.0
75, 159, 534, 209, 531, 210, 3, -1, -0.3217505543966422, 3.1622776601683795
75, 160, 550, 304, 548, 306, 2, -2, -0.7853981633974483, 2.8284271247461903
75, 162, 500, 173, 501, 175, -1, -2, -2.0344439357957027, 2.23606797749979
75, 163, 194, 347, 197, 347, -3, 0, 3.141592653589793, 3.0
76, 0, 371, 222, 373, 222, -2, 0, 3.141592653589793, 2.0
76, 2, 290, 145, 292, 146, -2, -1, -2.677945044588987, 2.23606797749979
76, 3, 379, 318, 381, 318, -2, 0, 3.141592653589793, 2.0
76, 4, 306, 307, 307, 309, -1, -2, -2.0344439357957027, 2.23606797749979
76, 6, 377, 281, 379, 282, -2, -1, -2.677945044588987, 2.23606797749979
76, 7, 431, 210, 432, 212, -1, -2, -2.0344439357957027, 2.23606797749979
76, 8, 273, 147, 275, 147, -2, 0, 3.141592653589793, 2.0
76, 11, 374, 362, 376, 362, -2, 0, 3.141592653589793, 2.0
76, 15, 328, 224, 327, 225, 1, -1, -0.7853981633974483, 1.4142135623730951
76, 16, 446, 291, 448, 292, -2, -1, -2.677945044588987, 2.23606797749979
76, 17, 420, 344, 421, 343, -1, 1, 2.356194490192345, 1.4142135623730951
76, 18, 500, 153, 499, 154, 1, -1, -0.7853981633974483, 1.4142135623730951
76, 19, 475, 350, 477, 351, -2, -1, -2.677945044588987, 2.23606797749979
76, 20, 382, 300, 384, 301, -2, -1, -2.677945044588987, 2.23606797749979
76, 21, 488, 281, 488, 283, 0, -2, -1.5707963267948966, 2.0
76, 22, 420, 144, 422, 145, -2, -1, -2.677945044588987, 2.23606797749979
76, 23, 333, 240, 336, 241, -3, -1, -2.819842099193151, 3.1622776601683795
76, 24, 435, 258, 436, 260, -1, -2, -2.0344439357957027, 2.23606797749979
76, 25, 415, 364, 416, 363, -1, 1, 2.356194490192345, 1.4142135623730951
76, 27, 561, 253, 562, 255, -1, -2, -2.0344439357957027, 2.23606797749979
76, 28, 295, 212, 297, 212, -2, 0, 3.141592653589793, 2.0
76, 30, 219, 112, 221, 112, -2, 0, 3.141592653589793, 2.0
76, 31, 332, 334, 334, 335, -2, -1, -2.677945044588987, 2.23606797749979
76, 33, 83, 200, 85, 202, -2, -2, -2.356194490192345, 2.8284271247461903
76, 36, 144, 217, 146, 218, -2, -1, -2.677945044588987, 2.23606797749979
76, 37, 596, 210, 596, 212, 0, -2, -1.5707963267948966, 2.0
76, 38, 69, 203, 71, 203, -2, 0, 3.141592653589793, 2.0
76, 40, 182, 112, 184, 112, -2, 0, 3.141592653589793, 2.0
76, 42, 322, 186, 324, 186, -2, 0, 3.141592653589793, 2.0
76, 45, 585, 111, 586, 113, -1, -2, -2.0344439357957027, 2.23606797749979
76, 47, 76, 312, 75, 313, 1, -1, -0.7853981633974483, 1.4142135623730951
76, 49, 96, 215, 95, 214, 1, 1, 0.7853981633974483, 1.4142135623730951
76, 55, 199, 364, 202, 364, -3, 0, 3.141592653589793, 3.0
76, 56, 471, 203, 473, 204, -2, -1, -2.677945044588987, 2.23606797749979
76, 58, 79, 117, 79, 119, 0, -2, -1.5707963267948966, 2.0
76, 59, 423, 170, 424, 172, -1, -2, -2.0344439357957027, 2.23606797749979
76, 62, 499, 218, 500, 220, -1, -2, -2.0344439357957027, 2.23606797749979
76, 63, 482, 126, 482, 128, 0, -2, -1.5707963267948966, 2.0
76, 64, 415, 141, 415, 143, 0, -2, -1.5707963267948966, 2.0
76, 66, 259, 248, 261, 248, -2, 0, 3.141592653589793, 2.0
76, 67, 398, 294, 399, 296, -1, -2, -2.0344439357957027, 2.23606797749979
76, 68, 40, 187, 42, 187, -2, 0, 3.141592653589793, 2.0
76, 69, 90, 351, 92, 351, -2, 0, 3.141592653589793, 2.0
76, 73, 302, 132, 304, 133, -2, -1, -2.677945044588987, 2.23606797749979
76, 74, 209, 151, 211, 150, -2, 1, 2.677945044588987, 2.23606797749979
76, 76, 524, 270, 523, 271, 1, -1, -0.7853981633974483, 1.4142135623730951
76, 81, 153, 128, 154, 127, -1, 1, 2.356194490192345, 1.4142135623730951
76, 82, 311, 291, 313, 292, -2, -1, -2.677945044588987, 2.23606797749979
76, 85, 483, 225, 483, 227, 0, -2, -1.5707963267948966, 2.0
76, 86, 366, 172, 367, 174, -1, -2, -2.0344439357957027, 2.23606797749979
76, 88, 93, 179, 96, 180, -3, -1, -2.819842099193151, 3.1622776601683795
76, 91, 334, 165, 336, 166, -2, -1, -2.677945044588987, 2.23606797749979
76, 92, 448, 211, 449, 213, -1, -2, -2.0344439357957027, 2.23606797749979
76, 93, 83, 329, 86, 330, -3, -1, -2.819842099193151, 3.1622776601683795
76, 94, 338, 253, 339, 255, -1, -2, -2.0344439357957027, 2.23606797749979
76, 95, 285, 299, 288, 299, -3, 0, 3.141592653589793, 3.0
76, 96, 357, 302, 359, 302, -2, 0, 3.141592653589793, 2.0
76, 98, 394, 231, 398, 235, -4, -4, -2.356194490192345, 5.656854249492381
76, 100, 56, 365, 59, 365, -3, 0, 3.141592653589793, 3.0
76, 102, 353, 186, 354, 188, -1, -2, -2.0344439357957027, 2.23606797749979
76, 103, 275, 279, 277, 281, -2, -2, -2.356194490192345, 2.8284271247461903
76, 104, 136, 274, 138, 274, -2, 0, 3.141592653589793, 2.0
76, 105, 231, 258, 233, 258, -2, 0, 3.141592653589793, 2.0
76, 106, 331, 351, 333, 351, -2, 0, 3.141592653589793, 2.0
76, 107, 158, 322, 159, 321, -1, 1, 2.356194490192345, 1.4142135623730951
76, 110, 157, 286, 159, 287, -2, -1, -2.677945044588987, 2.23606797749979
76, 111, 221, 181, 223, 181, -2, 0, 3.141592653589793, 2.0
76, 112, 171, 348, 174, 348, -3, 0, 3.141592653589793, 3.0
76, 114, 402, 136, 403, 138, -1, -2, -2.0344439357957027, 2.23606797749979
76, 115, 465, 212, 466, 211, -1, 1, 2.356194490192345, 1.4142135623730951
76, 117, 534, 206, 534, 209, 0, -3, -1.5707963267948966, 3.0
76, 120, 499, 171, 500, 173, -1, -2, -2.0344439357957027, 2.23606797749979
76, 121, 192, 347, 194, 347, -2, 0, 3.141592653589793, 2.0
77, 0, 288, 144, 290, 145, -2, -1, -2.677945044588987, 2.23606797749979
77, 1, 377, 318, 379, 318, -2, 0, 3.141592653589793, 2.0
77, 2, 304, 306, 306, 307, -2, -1, -2.677945044588987, 2.23606797749979
77, 4, 439, 147, 440, 149, -1, -2, -2.0344439357957027, 2.23606797749979
77, 6, 229, 157, 231, 157, -2, 0, 3.141592653589793, 2.0
77, 7, 259, 279, 261, 280, -2, -1, -2.677945044588987, 2.23606797749979
77, 8, 508, 290, 508, 292, 0, -2, -1.5707963267948966, 2.0
77, 9, 326, 223, 328, 224, -2, -1, -2.677945044588987, 2.23606797749979
77, 13, 413, 364, 415, 364, -2, 0, 3.141592653589793, 2.0
77, 14, 597, 335, 596, 336, 1, -1, -0.7853981633974483, 1.4142135623730951
77, 19, 142, 216, 144, 217, -2, -1, -2.677945044588987, 2.23606797749979
77, 27, 384, 348, 386, 348, -2, 0, 3.141592653589793, 2.0
77, 28, 94, 215, 96, 215, -2, 0, 3.141592653589793, 2.0
77, 33, 197, 364, 199, 364, -2, 0, 3.141592653589793, 2.0
77, 35, 77, 116, 79, 117, -2, -1, -2.677945044588987, 2.23606797749979
77, 42, 113, 156, 115, 157, -2, -1, -2.677945044588987, 2.23606797749979
77, 45, 137, 178, 139, 179, -2, -1, -2.677945044588987, 2.23606797749979
77, 47, 152, 126, 153, 128, -1, -2, -2.0344439357957027, 2.23606797749979
77, 48, 309, 290, 311, 291, -2, -1, -2.677945044588987, 2.23606797749979
77, 53, 493, 192, 493, 194, 0, -2, -1.5707963267948966, 2.0
77, 56, 229, 257, 231, 258, -2, -1, -2.677945044588987, 2.23606797749979
77, 58, 219, 180, 221, 181, -2, -1, -2.677945044588987, 2.23606797749979
77, 63, 552, 303, 551, 304, 1, -1, -0.7853981633974483, 1.4142135623730951
78, 0, 286, 143, 288, 144, -2, -1, -2.677945044588987, 2.23606797749979
78, 1, 375, 317, 377, 318, -2, -1, -2.677945044588987, 2.23606797749979
78, 3, 255, 110, 257, 112, -2, -2, -2.356194490192345, 2.8284271247461903
78, 4, 438, 145, 439, 147, -1, -2, -2.0344439357957027, 2.23606797749979
78, 5, 370, 362, 373, 362, -3, 0, 3.141592653589793, 3.0
78, 6, 227, 155, 229, 157, -2, -2, -2.356194490192345, 2.8284271247461903
78, 7, 257, 278, 259, 279, -2, -1, -2.677945044588987, 2.23606797749979
78, 8, 508, 288, 508, 290, 0, -2, -1.5707963267948966, 2.0
78, 9, 417, 344, 419, 344, -2, 0, 3.141592653589793, 2.0
78, 10, 474, 352, 475, 351, -1, 1, 2.356194490192345, 1.4142135623730951
78, 12, 598, 334, 597, 335, 1, -1, -0.7853981633974483, 1.4142135623730951
78, 14, 329, 333, 331, 334, -2, -1, -2.677945044588987, 2.23606797749979
78, 17, 140, 215, 142, 216, -2, -1, -2.677945044588987, 2.23606797749979
78, 19, 572, 149, 572, 151, 0, -2, -1.5707963267948966, 2.0
78, 20, 36, 311, 38, 311, -2, 0, 3.141592653589793, 2.0
78, 22, 107, 291, 109, 292, -2, -1, -2.677945044588987, 2.23606797749979
78, 23, 73, 312, 76, 312, -3, 0, 3.141592653589793, 3.0
78, 24, 382, 348, 384, 348, -2, 0, 3.141592653589793, 2.0
78, 25, 91, 214, 94, 215, -3, -1, -2.819842099193151, 3.1622776601683795
78, 27, 483, 276, 484, 278, -1, -2, -2.0344439357957027, 2.23606797749979
78, 28, 255, 312, 257, 313, -2, -1, -2.677945044588987, 2.23606797749979
78, 29, 195, 364, 197, 364, -2, 0, 3.141592653589793, 2.0
78, 30, 571, 250, 570, 252, 1, -2, -1.1071487177940904, 2.23606797749979
78, 33, 482, 123, 482, 125, 0, -2, -1.5707963267948966, 2.0
78, 34, 87, 350, 89, 351, -2, -1, -2.677945044588987, 2.23606797749979
78, 37, 110, 155, 113, 156, -3, -1, -2.819842099193151, 3.1622776601683795
78, 39, 535, 221, 534, 222, 1, -1, -0.7853981633974483, 1.4142135623730951
78, 41, 150, 125, 152, 126, -2, -1, -2.677945044588987, 2.23606797749979
78, 42, 246, 280, 248, 281, -2, -1, -2.677945044588987, 2.23606797749979
78, 43, 133, 199, 135, 200, -2, -1, -2.677945044588987, 2.23606797749979
78, 45, 569, 204, 568, 205, 1, -1, -0.7853981633974483, 1.4142135623730951
78, 46, 492, 190, 493, 192, -1, -2, -2.0344439357957027, 2.23606797749979
78, 48, 133, 273, 135, 274, -2, -1, -2.677945044588987, 2.23606797749979
78, 49, 226, 257, 229, 257, -3, 0, 3.141592653589793, 3.0
78, 52, 168, 348, 170, 348, -2, 0, 3.141592653589793, 2.0
78, 54, 533, 204, 533, 206, 0, -2, -1.5707963267948966, 2.0
78, 55, 553, 302, 552, 303, 1, -1, -0.7853981633974483, 1.4142135623730951
79, 0, 284, 142, 286, 143, -2, -1, -2.677945044588987, 2.23606797749979
79, 1, 374, 318, 375, 317, -1, 1, 2.356194490192345, 1.4142135623730951
79, 2, 301, 306, 303, 306, -2, 0, 3.141592653589793, 2.0
79, 3, 253, 109, 255, 110, -2, -1, -2.677945044588987, 2.23606797749979
79, 5, 255, 277, 257, 278, -2, -1, -2.677945044588987, 2.23606797749979
79, 6, 508, 286, 508, 288, 0, -2, -1.5707963267948966, 2.0
79, 7, 415, 345, 417, 344, -2, 1, 2.677945044588987, 2.23606797749979
79, 9, 410, 365, 412, 364, -2, 1, 2.677945044588987, 2.23606797749979
79, 10, 600, 334, 598, 334, 2, 0, 0.0, 2.0
79, 11, 562, 249, 561, 251, 1, -2, -1.1071487177940904, 2.23606797749979
79, 13, 499, 362, 498, 361, 1, 1, 0.7853981633974483, 1.4142135623730951
79, 15, 138, 216, 140, 215, -2, 1, 2.677945044588987, 2.23606797749979
79, 16, 597, 206, 596, 208, 1, -2, -1.1071487177940904, 2.23606797749979
79, 18, 598, 318, 597, 319, 1, -1, -0.7853981633974483, 1.4142135623730951
79, 19, 105, 291, 107, 291, -2, 0, 3.141592653589793, 2.0
79, 20, 70, 313, 73, 312, -3, 1, 2.819842099193151, 3.1622776601683795
79, 21, 380, 348, 382, 348, -2, 0, 3.141592653589793, 2.0
79, 22, 90, 216, 91, 214, -1, 2, 2.0344439357957027, 2.23606797749979
79, 25, 253, 312, 255, 312, -2, 0, 3.141592653589793, 2.0
79, 26, 571, 248, 571, 250, 0, -2, -1.5707963267948966, 2.0
79, 27, 75, 116, 77, 117, -2, -1, -2.677945044588987, 2.23606797749979
79, 28, 483, 121, 482, 123, 1, -2, -1.1071487177940904, 2.23606797749979
79, 32, 107, 154, 110, 155, -3, -1, -2.819842099193151, 3.1622776601683795
79, 35, 600, 239, 599, 240, 1, -1, -0.7853981633974483, 1.4142135623730951
79, 36, 244, 279, 246, 280, -2, -1, -2.677945044588987, 2.23606797749979
79, 37, 131, 198, 133, 199, -2, -1, -2.677945044588987, 2.23606797749979
79, 39, 569, 202, 569, 204, 0, -2, -1.5707963267948966, 2.0
79, 40, 492, 188, 492, 190, 0, -2, -1.5707963267948966, 2.0
79, 41, 272, 277, 274, 278, -2, -1, -2.677945044588987, 2.23606797749979
79, 42, 130, 271, 133, 273, -3, -2, -2.5535900500422257, 3.605551275463989
79, 44, 328, 352, 329, 351, -1, 1, 2.356194490192345, 1.4142135623730951
79, 45, 216, 179, 218, 180, -2, -1, -2.677945044588987, 2.23606797749979
79, 46, 167, 349, 168, 348, -1, 1, 2.356194490192345, 1.4142135623730951
79, 47, 176, 337, 178, 337, -2, 0, 3.141592653589793, 2.0
79, 49, 554, 301, 553, 302, 1, -1, -0.7853981633974483, 1.4142135623730951
79, 51, 499, 167, 499, 169, 0, -2, -1.5707963267948966, 2.0
79, 52, 188, 346, 190, 347, -2, -1, -2.677945044588987, 2.23606797749979
80, 0, 37, 363, 41, 363, -4, 0, 3.141592653589793, 4.0
80, 1, 38, 114, 40, 115, -2, -1, -2.677945044588987, 2.23606797749979
80, 3, 38, 235, 41, 237, -3, -2, -2.5535900500422257, 3.605551275463989
80, 4, 586, 110, 586, 112, 0, -2, -1.5707963267948966, 2.0
80, 5, 601, 295, 599, 297, 2, -2, -0.7853981633974483, 2.8284271247461903
80, 6, 431, 301, 434, 303, -3, -2, -2.5535900500422257, 3.605551275463989
80, 8, 64, 358, 67, 358, -3, 0, 3.141592653589793, 3.0
80, 11, 468, 357, 469, 355, -1, 2, 2.0344439357957027, 2.23606797749979
80, 12, 227, 155, 230, 157, -3, -2, -2.5535900500422257, 3.605551275463989
80, 13, 301, 307, 303, 308, -2, -1, -2.677945044588987, 2.23606797749979
80, 15, 411, 367, 413, 366, -2, 1, 2.677945044588987, 2.23606797749979
80, 16, 54, 365, 56, 365, -2, 0, 3.141592653589793, 2.0
80, 17, 375, 317, 378, 318, -3, -1, -2.819842099193151, 3.1622776601683795
80, 18, 499, 364, 498, 362, 1, 2, 1.1071487177940904, 2.23606797749979
80, 19, 326, 237, 329, 239, -3, -2, -2.5535900500422257, 3.605551275463989
80, 21, 417, 140, 418, 142, -1, -2, -2.0344439357957027, 2.23606797749979
80, 23, 385, 168, 386, 170, -1, -2, -2.0344439357957027, 2.23606797749979
80, 24, 75, 118, 78, 120, -3, -2, -2.5535900500422257, 3.605551275463989
80, 25, 487, 273, 487, 276, 0, -3, -1.5707963267948966, 3.0
80, 26, 118, 175, 121, 177, -3, -2, -2.5535900500422257, 3.605551275463989
80, 27, 534, 366, 533, 365, 1, 1, 0.7853981633974483, 1.4142135623730951
80, 28, 370, 285, 373, 285, -3, 0, 3.141592653589793, 3.0
80, 29, 323, 219, 325, 220, -2, -1, -2.677945044588987, 2.23606797749979
80, 31, 578, 148, 577, 150, 1, -2, -1.1071487177940904, 2.23606797749979
80, 32, 38, 204, 40, 205, -2, -1, -2.677945044588987, 2.23606797749979
80, 33, 388, 282, 391, 282, -3, 0, 3.141592653589793, 3.0
80, 34, 372, 365, 374, 365, -2, 0, 3.141592653589793, 2.0
80, 35, 36, 173, 39, 174, -3, -1, -2.819842099193151, 3.1622776601683795
80, 36, 218, 109, 220, 111, -2, -2, -2.356194490192345, 2.8284271247461903
80, 37, 479, 155, 480, 157, -1, -2, -2.0344439357957027, 2.23606797749979
80, 38, 447, 311, 449, 311, -2, 0, 3.141592653589793, 2.0
80, 40, 267, 298, 269, 298, -2, 0, 3.141592653589793, 2.0
80, 41, 592, 183, 591, 184, 1, -1, -0.7853981633974483, 1.4142135623730951
80, 42, 111, 271, 113, 272, -2, -1, -2.677945044588987, 2.23606797749979
80, 44, 350, 105, 352, 107, -2, -2, -2.356194490192345, 2.8284271247461903
80, 45, 269, 144, 271, 144, -2, 0, 3.141592653589793, 2.0
80, 47, 310, 105, 312, 107, -2, -2, -2.356194490192345, 2.8284271247461903
80, 48, 438, 143, 439, 146, -1, -3, -1.892546881191539, 3.1622776601683795
80, 49, 214, 215, 216, 216, -2, -1, -2.677945044588987, 2.23606797749979
80, 50, 501, 149, 500, 153, 1, -4, -1.3258176636680326, 4.123105625617661
80, 51, 109, 366, 111, 366, -2, 0, 3.141592653589793, 2.0
80, 52, 287, 140, 289, 142, -2, -2, -2.356194490192345, 2.8284271247461903
80, 53, 597, 165, 596, 167, 1, -2, -1.1071487177940904, 2.23606797749979
80, 55, 432, 104, 433, 106, -1, -2, -2.0344439357957027, 2.23606797749979
80, 56, 606, 336, 603, 336, 3, 0, 0.0, 3.0
80, 57, 515, 290, 514, 292, 1, -2, -1.1071487177940904, 2.23606797749979
80, 58, 414, 348, 417, 347, -3, 1, 2.819842099193151, 3.1622776601683795
80, 59, 454, 104, 455, 106, -1, -2, -2.0344439357957027, 2.23606797749979
80, 60, 339, 269, 341, 270, -2, -1, -2.677945044588987, 2.23606797749979
80, 61, 176, 109, 178, 111, -2, -2, -2.356194490192345, 2.8284271247461903
80, 62, 554, 117, 554, 119, 0, -2, -1.5707963267948966, 2.0
80, 63, 502, 169, 502, 171, 0, -2, -1.5707963267948966, 2.0
80, 64, 568, 249, 568, 251, 0, -2, -1.5707963267948966, 2.0
80, 65, 36, 285, 39, 286, -3, -1, -2.819842099193151, 3.1622776601683795
80, 67, 73, 314, 76, 315, -3, -1, -2.819842099193151, 3.1622776601683795
80, 68, 470, 199, 471, 201, -1, -2, -2.0344439357957027, 2.23606797749979
80, 69, 606, 316, 604, 316, 2, 0, 0.0, 2.0
80, 70, 74, 366, 76, 366, -2, 0, 3.141592653589793, 2.0
80, 71, 133, 201, 134, 203, -1, -2, -2.0344439357957027, 2.23606797749979
80, 72, 109, 111, 111, 112, -2, -1, -2.677945044588987, 2.23606797749979
80, 73, 140, 216, 142, 217, -2, -1, -2.677945044588987, 2.23606797749979
80, 74, 603, 269, 601, 270, 2, -1, -0.4636476090008061, 2.23606797749979
80, 75, 33, 308, 35, 309, -2, -1, -2.677945044588987, 2.23606797749979
80, 76, 37, 330, 40, 331, -3, -1, -2.819842099193151, 3.1622776601683795
80, 78, 207, 268, 209, 269, -2, -1, -2.677945044588987, 2.23606797749979
80, 79, 354, 226, 356, 227, -2, -1, -2.677945044588987, 2.23606797749979
80, 80, 69, 231, 72, 232, -3, -1, -2.819842099193151, 3.1622776601683795
80, 81, 478, 367, 479, 366, -1, 1, 2.356194490192345, 1.4142135623730951
80, 83, 229, 226, 231, 227, -2, -1, -2.677945044588987, 2.23606797749979
80, 84, 110, 316, 113, 316, -3, 0, 3.141592653589793, 3.0
80, 85, 559, 368, 557, 367, 2, 1, 0.4636476090008061, 2.23606797749979
80, 86, 556, 143, 556, 146, 0, -3, -1.5707963267948966, 3.0
80, 87, 538, 251, 538, 253, 0, -2, -1.5707963267948966, 2.0
80, 88, 563, 160, 563, 163, 0, -3, -1.5707963267948966, 3.0
80, 89, 591, 209, 590, 210, 1, -1, -0.7853981633974483, 1.4142135623730951
80, 90, 52, 249, 54, 250, -2, -1, -2.677945044588987, 2.23606797749979
80, 91, 538, 221, 537, 223, 1, -2, -1.1071487177940904, 2.23606797749979
80, 92, 85, 143, 87, 144, -2, -1, -2.677945044588987, 2.23606797749979
80, 93, 335, 178, 337, 180, -2, -2, -2.356194490192345, 2.8284271247461903
80, 94, 144, 206, 145, 205, -1, 1, 2.356194490192345, 1.4142135623730951
80, 95, 110, 153, 112, 154, -2, -1, -2.677945044588987, 2.23606797749979
80, 96, 310, 290, 312, 291, -2, -1, -2.677945044588987, 2.23606797749979
80, 97, 334, 198, 336, 198, -2, 0, 3.141592653589793, 2.0
80, 98, 198, 366, 201, 366, -3, 0, 3.141592653589793, 3.0
80, 100, 53, 222, 56, 223, -3, -1, -2.819842099193151, 3.1622776601683795
80, 101, 595, 333, 593, 333, 2, 0, 0.0, 2.0
80, 102, 59, 330, 62, 330, -3, 0, 3.141592653589793, 3.0
80, 103, 517, 307, 515, 309, 2, -2, -0.7853981633974483, 2.8284271247461903
80, 105, 86, 219, 88, 220, -2, -1, -2.677945044588987, 2.23606797749979
80, 106, 329, 335, 331, 335, -2, 0, 3.141592653589793, 2.0
80, 107, 475, 109, 476, 111, -1, -2, -2.0344439357957027, 2.23606797749979
80, 108, 51, 343, 53, 344, -2, -1, -2.677945044588987, 2.23606797749979
80, 109, 94, 122, 97, 124, -3, -2, -2.5535900500422257, 3.605551275463989
80, 110, 332, 163, 334, 164, -2, -1, -2.677945044588987, 2.23606797749979
80, 111, 72, 342, 75, 342, -3, 0, 3.141592653589793, 3.0
80, 112, 69, 297, 71, 298, -2, -1, -2.677945044588987, 2.23606797749979
80, 113, 92, 159, 94, 160, -2, -1, -2.677945044588987, 2.23606797749979
80, 114, 483, 225, 483, 227, 0, -2, -1.5707963267948966, 2.0
80, 115, 241, 180, 243, 182, -2, -2, -2.356194490192345, 2.8284271247461903
80, 117, 49, 194, 51, 192, -2, 2, 2.356194490192345, 2.8284271247461903
80, 118, 446, 210, 447, 212, -1, -2, -2.0344439357957027, 2.23606797749979
80, 120, 525, 347, 523, 348, 2, -1, -0.4636476090008061, 2.23606797749979
80, 121, 384, 109, 386, 109, -2, 0, 3.141592653589793, 2.0
80, 122, 457, 156, 458, 158, -1, -2, -2.0344439357957027, 2.23606797749979
80, 123, 41, 306, 43, 307, -2, -1, -2.677945044588987, 2.23606797749979
80, 124, 404, 110, 406, 111, -2, -1, -2.677945044588987, 2.23606797749979
80, 125, 329, 357, 331, 357, -2, 0, 3.141592653589793, 2.0
80, 126, 312, 232, 314, 234, -2, -2, -2.356194490192345, 2.8284271247461903
80, 127, 579, 203, 578, 205, 1, -2, -1.1071487177940904, 2.23606797749979
80, 128, 35, 220, 38, 221, -3, -1, -2.819842099193151, 3.1622776601683795
80, 129, 383, 351, 385, 350, -2, 1, 2.677945044588987, 2.23606797749979
80, 130, 73, 274, 73, 276, 0, -2, -1.5707963267948966, 2.0
80, 131, 403, 273, 405, 273, -2, 0, 3.141592653589793, 2.0
80, 132, 87, 260, 89, 260, -2, 0, 3.141592653589793, 2.0
80, 133, 569, 183, 568, 185, 1, -2, -1.1071487177940904, 2.23606797749979
80, 134, 596, 313, 594, 314, 2, -1, -0.4636476090008061, 2.23606797749979
80, 135, 85, 276, 86, 275, -1, 1, 2.356194490192345, 1.4142135623730951
80, 137, 292, 210, 294, 211, -2, -1, -2.677945044588987, 2.23606797749979
80, 138, 311, 364, 314, 363, -3, 1, 2.819842099193151, 3.1622776601683795
80, 139, 278, 243, 280, 244, -2, -1, -2.677945044588987, 2.23606797749979
80, 140, 363, 127, 365, 130, -2, -3, -2.158798930342464, 3.605551275463989
80, 141, 163, 254, 166, 255, -3, -1, -2.819842099193151, 3.1622776601683795
80, 142, 136, 336, 138, 336, -2, 0, 3.141592653589793, 2.0
80, 143, 553, 316, 552, 317, 1, -1, -0.7853981633974483, 1.4142135623730951
80, 144, 548, 148, 547, 149, 1, -1, -0.7853981633974483, 1.4142135623730951
80, 145, 503, 215, 503, 218, 0, -3, -1.5707963267948966, 3.0
80, 146, 239, 259, 242, 259, -3, 0, 3.141592653589793, 3.0
81, 0, 32, 363, 37, 363, -5, 0, 3.141592653589793, 5.0
81, 1, 36, 113, 38, 114, -2, -1, -2.677945044588987, 2.23606797749979
81, 2, 369, 214, 370, 216, -1, -2, -2.0344439357957027, 2.23606797749979
81, 3, 34, 234, 38, 235, -4, -1, -2.896613990462929, 4.123105625617661
81, 4, 586, 108, 586, 110, 0, -2, -1.5707963267948966, 2.0
81, 5, 603, 294, 601, 295, 2, -1, -0.4636476090008061, 2.23606797749979
81, 6, 428, 299, 431, 301, -3, -2, -2.5535900500422257, 3.605551275463989
81, 7, 449, 225, 450, 228, -1, -3, -1.892546881191539, 3.1622776601683795
81, 8, 61, 358, 64, 358, -3, 0, 3.141592653589793, 3.0
81, 9, 131, 178, 134, 180, -3, -2, -2.5535900500422257, 3.605551275463989
81, 10, 253, 108, 256, 110, -3, -2, -2.5535900500422257, 3.605551275463989
81, 11, 467, 359, 468, 357, -1, 2, 2.0344439357957027, 2.23606797749979
81, 12, 224, 153, 227, 155, -3, -2, -2.5535900500422257, 3.605551275463989
81, 13, 298, 306, 301, 307, -3, -1, -2.819842099193151, 3.1622776601683795
81, 14, 545, 159, 544, 161, 1, -2, -1.1071487177940904, 2.23606797749979
81, 15, 409, 367, 411, 367, -2, 0, 3.141592653589793, 2.0
81, 16, 51, 365, 54, 365, -3, 0, 3.141592653589793, 3.0
81, 17, 372, 316, 375, 317, -3, -1, -2.819842099193151, 3.1622776601683795
81, 18, 500, 366, 499, 364, 1, 2, 1.1071487177940904, 2.23606797749979
81, 19, 323, 235, 326, 237, -3, -2, -2.5535900500422257, 3.605551275463989
81, 20, 605, 363, 602, 362, 3, 1, 0.3217505543966422, 3.1622776601683795
81, 21, 416, 138, 417, 140, -1, -2, -2.0344439357957027, 2.23606797749979
81, 22, 184, 147, 187, 148, -3, -1, -2.819842099193151, 3.1622776601683795
81, 23, 383, 166, 385, 168, -2, -2, -2.356194490192345, 2.8284271247461903
81, 24, 71, 115, 75, 118, -4, -3, -2.498091544796509, 5.0
81, 25, 487, 270, 487, 273, 0, -3, -1.5707963267948966, 3.0
81, 26, 115, 174, 118, 175, -3, -1, -2.819842099193151, 3.1622776601683795
81, 27, 535, 367, 534, 366, 1, 1, 0.7853981633974483, 1.4142135623730951
81, 28, 368, 283, 370, 285, -2, -2, -2.356194490192345, 2.8284271247461903
81, 29, 321, 217, 323, 219, -2, -2, -2.356194490192345, 2.8284271247461903
81, 30, 599, 207, 598, 209, 1, -2, -1.1071487177940904, 2.23606797749979
81, 31, 580, 145, 578, 148, 2, -3, -0.982793723247329, 3.605551275463989
81, 32, 35, 202, 38, 204, -3, -2, -2.5535900500422257, 3.605551275463989
81, 33, 369, 365, 372, 365, -3, 0, 3.141592653589793, 3.0
81, 34, 33, 172, 36, 173, -3, -1, -2.819842099193151, 3.1622776601683795
81, 35, 216, 107, 218, 109, -2, -2, -2.356194490192345, 2.8284271247461903
81, 36, 478, 152, 479, 155, -1, -3, -1.892546881191539, 3.1622776601683795
81, 37, 445, 309, 447, 311, -2, -2, -2.356194490192345, 2.8284271247461903
81, 38, 433, 202, 434, 205, -1, -3, -1.892546881191539, 3.1622776601683795
81, 39, 265, 297, 267, 298, -2, -1, -2.677945044588987, 2.23606797749979
81, 40, 592, 181, 592, 183, 0, -2, -1.5707963267948966, 2.0
81, 41, 108, 270, 111, 271, -3, -1, -2.819842099193151, 3.1622776601683795
81, 42, 592, 250, 591, 251, 1, -1, -0.7853981633974483, 1.4142135623730951
81, 43, 348, 104, 350, 105, -2, -1, -2.677945044588987, 2.23606797749979
81, 44, 267, 142, 269, 144, -2, -2, -2.356194490192345, 2.8284271247461903
81, 45, 586, 315, 584, 316, 2, -1, -0.4636476090008061, 2.23606797749979
81, 46, 307, 104, 310, 105, -3, -1, -2.819842099193151, 3.1622776601683795
81, 47, 437, 140, 438, 143, -1, -3, -1.892546881191539, 3.1622776601683795
81, 48, 212, 214, 214, 215, -2, -1, -2.677945044588987, 2.23606797749979
81, 49, 501, 147, 501, 149, 0, -2, -1.5707963267948966, 2.0
81, 50, 106, 366, 109, 366, -3, 0, 3.141592653589793, 3.0
81, 51, 285, 138, 287, 140, -2, -2, -2.356194490192345, 2.8284271247461903
81, 52, 597, 163, 597, 165, 0, -2, -1.5707963267948966, 2.0
81, 53, 255, 279, 257, 280, -2, -1, -2.677945044588987, 2.23606797749979
81, 54, 608, 336, 606, 336, 2, 0, 0.0, 2.0
81, 55, 516, 288, 515, 290, 1, -2, -1.1071487177940904, 2.23606797749979
81, 56, 412, 348, 414, 348, -2, 0, 3.141592653589793, 2.0
81, 57, 336, 268, 339, 269, -3, -1, -2.819842099193151, 3.1622776601683795
81, 58, 173, 107, 176, 109, -3, -2, -2.5535900500422257, 3.605551275463989
81, 59, 555, 114, 554, 117, 1, -3, -1.2490457723982544, 3.1622776601683795
81, 60, 502, 167, 502, 169, 0, -2, -1.5707963267948966, 2.0
81, 61, 569, 248, 568, 249, 1, -1, -0.7853981633974483, 1.4142135623730951
81, 63, 122, 303, 124, 303, -2, 0, 3.141592653589793, 2.0
81, 64, 71, 314, 73, 314, -2, 0, 3.141592653589793, 2.0
81, 65, 469, 196, 470, 199, -1, -3, -1.892546881191539, 3.1622776601683795
81, 66, 607, 315, 606, 316, 1, -1, -0.7853981633974483, 1.4142135623730951
81, 67, 71, 366, 74, 366, -3, 0, 3.141592653589793, 3.0
81, 68, 131, 200, 133, 201, -2, -1, -2.677945044588987, 2.23606797749979
81, 69, 106, 109, 109, 111, -3, -2, -2.5535900500422257, 3.605551275463989
81, 70, 137, 215, 140, 216, -3, -1, -2.819842099193151, 3.1622776601683795
81, 71, 605, 267, 603, 269, 2, -2, -0.7853981633974483, 2.8284271247461903
81, 72, 29, 308, 33, 308, -4, 0, 3.141592653589793, 4.0
81, 74, 538, 159, 537, 161, 1, -2, -1.1071487177940904, 2.23606797749979
81, 75, 205, 267, 207, 268, -2, -1, -2.677945044588987, 2.23606797749979
81, 76, 65, 230, 69, 231, -4, -1, -2.896613990462929, 4.123105625617661
81, 77, 477, 368, 478, 367, -1, 1, 2.356194490192345, 1.4142135623730951
81, 78, 190, 349, 192, 349, -2, 0, 3.141592653589793, 2.0
81, 79, 227, 226, 229, 226, -2, 0, 3.141592653589793, 2.0
81, 80, 107, 316, 110, 316, -3, 0, 3.141592653589793, 3.0
81, 81, 561, 368, 559, 368, 2, 0, 0.0, 2.0
81, 82, 557, 141, 556, 143, 1, -2, -1.1071487177940904, 2.23606797749979
81, 83, 540, 249, 538, 251, 2, -2, -0.7853981633974483, 2.8284271247461903
81, 84, 563, 157, 563, 160, 0, -3, -1.5707963267948966, 3.0
81, 85, 592, 207, 591, 209, 1, -2, -1.1071487177940904, 2.23606797749979
81, 86, 49, 247, 52, 249, -3, -2, -2.5535900500422257, 3.605551275463989
81, 87, 539, 219, 538, 221, 1, -2, -1.1071487177940904, 2.23606797749979
81, 88, 82, 142, 85, 143, -3, -1, -2.819842099193151, 3.1622776601683795
81, 89, 333, 177, 335, 178, -2, -1, -2.677945044588987, 2.23606797749979
81, 90, 142, 206, 144, 206, -2, 0, 3.141592653589793, 2.0
81, 91, 107, 152, 110, 153, -3, -1, -2.819842099193151, 3.1622776601683795
81, 92, 306, 289, 310, 290, -4, -1, -2.896613990462929, 4.123105625617661
81, 93, 332, 197, 334, 198, -2, -1, -2.677945044588987, 2.23606797749979
81, 94, 195, 366, 198, 366, -3, 0, 3.141592653589793, 3.0
81, 95, 580, 333, 578, 333, 2, 0, 0.0, 2.0
81, 96, 50, 221, 53, 222, -3, -1, -2.819842099193151, 3.1622776601683795
81, 98, 56, 330, 59, 330, -3, 0, 3.141592653589793, 3.0
81, 99, 519, 305, 517, 307, 2, -2, -0.7853981633974483, 2.8284271247461903
81, 100, 604, 239, 603, 241, 1, -2, -1.1071487177940904, 2.23606797749979
81, 101, 84, 219, 86, 219, -2, 0, 3.141592653589793, 2.0
81, 102, 326, 335, 329, 335, -3, 0, 3.141592653589793, 3.0
81, 103, 474, 107, 475, 109, -1, -2, -2.0344439357957027, 2.23606797749979
81, 104, 48, 343, 51, 343, -3, 0, 3.141592653589793, 3.0
81, 105, 91, 121, 94, 122, -3, -1, -2.819842099193151, 3.1622776601683795
81, 106, 330, 162, 332, 163, -2, -1, -2.677945044588987, 2.23606797749979
81, 107, 69, 341, 72, 342, -3, -1, -2.819842099193151, 3.1622776601683795
81, 108, 66, 297, 69, 297, -3, 0, 3.141592653589793, 3.0
81, 109, 89, 158, 92, 159, -3, -1, -2.819842099193151, 3.1622776601683795
81, 110, 482, 222, 483, 225, -1, -3, -1.892546881191539, 3.1622776601683795
81, 111, 239, 178, 241, 180, -2, -2, -2.356194490192345, 2.8284271247461903
81, 112, 184, 330, 187, 330, -3, 0, 3.141592653589793, 3.0
81, 113, 47, 194, 49, 194, -2, 0, 3.141592653589793, 2.0
81, 114, 102, 197, 105, 198, -3, -1, -2.819842099193151, 3.1622776601683795
81, 116, 456, 153, 457, 156, -1, -3, -1.892546881191539, 3.1622776601683795
81, 117, 38, 305, 41, 306, -3, -1, -2.819842099193151, 3.1622776601683795
81, 118, 403, 108, 404, 110, -1, -2, -2.0344439357957027, 2.23606797749979
81, 119, 327, 357, 329, 357, -2, 0, 3.141592653589793, 2.0
81, 120, 310, 230, 312, 232, -2, -2, -2.356194490192345, 2.8284271247461903
81, 121, 580, 200, 579, 203, 1, -3, -1.2490457723982544, 3.1622776601683795
81, 122, 33, 219, 35, 220, -2, -1, -2.677945044588987, 2.23606797749979
81, 123, 380, 352, 383, 351, -3, 1, 2.819842099193151, 3.1622776601683795
81, 124, 70, 273, 73, 274, -3, -1, -2.819842099193151, 3.1622776601683795
81, 125, 401, 272, 403, 273, -2, -1, -2.677945044588987, 2.23606797749979
81, 126, 84, 260, 87, 260, -3, 0, 3.141592653589793, 3.0
81, 127, 570, 181, 569, 183, 1, -2, -1.1071487177940904, 2.23606797749979
81, 128, 597, 312, 596, 313, 1, -1, -0.7853981633974483, 1.4142135623730951
81, 129, 83, 276, 85, 276, -2, 0, 3.141592653589793, 2.0
81, 130, 576, 113, 575, 114, 1, -1, -0.7853981633974483, 1.4142135623730951
81, 131, 289, 210, 292, 210, -3, 0, 3.141592653589793, 3.0
81, 133, 275, 241, 278, 243, -3, -2, -2.5535900500422257, 3.605551275463989
81, 134, 361, 125, 363, 127, -2, -2, -2.356194490192345, 2.8284271247461903
81, 135, 160, 253, 163, 254, -3, -1, -2.819842099193151, 3.1622776601683795
81, 136, 132, 336, 136, 336, -4, 0, 3.141592653589793, 4.0
81, 137, 554, 315, 553, 316, 1, -1, -0.7853981633974483, 1.4142135623730951
81, 138, 549, 146, 548, 148, 1, -2, -1.1071487177940904, 2.23606797749979
81, 139, 503, 212, 503, 215, 0, -3, -1.5707963267948966, 3.0
81, 140, 236, 258, 239, 259, -3, -1, -2.819842099193151, 3.1622776601683795
82, 0, 29, 363, 32, 363, -3, 0, 3.141592653589793, 3.0
82, 1, 34, 112, 36, 113, -2, -1, -2.677945044588987, 2.23606797749979
82, 2, 367, 211, 369, 214, -2, -3, -2.158798930342464, 3.605551275463989
82, 3, 31, 232, 34, 234, -3, -2, -2.5535900500422257, 3.605551275463989
82, 4, 587, 106, 586, 108, 1, -2, -1.1071487177940904, 2.23606797749979
82, 5, 605, 292, 603, 294, 2, -2, -0.7853981633974483, 2.8284271247461903
82, 6, 425, 297, 428, 299, -3, -2, -2.5535900500422257, 3.605551275463989
82, 7, 447, 222, 449, 225, -2, -3, -2.158798930342464, 3.605551275463989
82, 8, 56, 357, 61, 358, -5, -1, -2.9441970937399127, 5.0990195135927845
82, 9, 129, 176, 131, 178, -2, -2, -2.356194490192345, 2.8284271247461903
82, 10, 251, 105, 253, 108, -2, -3, -2.158798930342464, 3.605551275463989
82, 11, 465, 361, 467, 359, -2, 2, 2.356194490192345, 2.8284271247461903
82, 12, 220, 150, 224, 153, -4, -3, -2.498091544796509, 5.0
82, 13, 293, 304, 298, 306, -5, -2, -2.761086276477428, 5.385164807134504
82, 14, 547, 156, 545, 159, 2, -3, -0.982793723247329, 3.605551275463989
82, 15, 406, 368, 409, 367, -3, 1, 2.819842099193151, 3.1622776601683795
82, 16, 48, 364, 51, 365, -3, -1, -2.819842099193151, 3.1622776601683795
82, 17, 369, 315, 372, 316, -3, -1, -2.819842099193151, 3.1622776601683795
82, 18, 502, 369, 500, 366, 2, 3, 0.982793723247329, 3.605551275463989
82, 19, 321, 233, 323, 235, -2, -2, -2.356194490192345, 2.8284271247461903
82, 20, 607, 363, 605, 363, 2, 0, 0.0, 2.0
82, 21, 415, 136, 416, 138, -1, -2, -2.0344439357957027, 2.23606797749979
82, 22, 181, 144, 184, 147, -3, -3, -2.356194490192345, 4.242640687119285
82, 23, 382, 164, 383, 166, -1, -2, -2.0344439357957027, 2.23606797749979
82, 24, 68, 113, 71, 115, -3, -2, -2.5535900500422257, 3.605551275463989
82, 25, 486, 267, 487, 270, -1, -3, -1.892546881191539, 3.1622776601683795
82, 26, 112, 172, 115, 174, -3, -2, -2.5535900500422257, 3.605551275463989
82, 27, 537, 367, 535, 367, 2, 0, 0.0, 2.0
82, 28, 366, 282, 368, 283, -2, -1, -2.677945044588987, 2.23606797749979
82, 29, 319, 215, 321, 217, -2, -2, -2.356194490192345, 2.8284271247461903
82, 30, 600, 205, 599, 207, 1, -2, -1.1071487177940904, 2.23606797749979
82, 31, 583, 141, 580, 145, 3, -4, -0.9272952180016122, 5.0
82, 32, 366, 365, 369, 365, -3, 0, 3.141592653589793, 3.0
82, 33, 32, 169, 33, 172, -1, -3, -1.892546881191539, 3.1622776601683795
82, 34, 213, 105, 216, 107, -3, -2, -2.5535900500422257, 3.605551275463989
82, 35, 478, 149, 478, 152, 0, -3, -1.5707963267948966, 3.0
82, 36, 442, 308, 445, 309, -3, -1, -2.819842099193151, 3.1622776601683795
82, 37, 431, 199, 433, 202, -2, -3, -2.158798930342464, 3.605551275463989
82, 38, 262, 297, 265, 297, -3, 0, 3.141592653589793, 3.0
82, 39, 593, 179, 592, 181, 1, -2, -1.1071487177940904, 2.23606797749979
82, 40, 103, 268, 108, 270, -5, -2, -2.761086276477428, 5.385164807134504
82, 41, 593, 248, 592, 250, 1, -2, -1.1071487177940904, 2.23606797749979
82, 42, 265, 141, 267, 142, -2, -1, -2.677945044588987, 2.23606797749979
82, 43, 589, 314, 586, 315, 3, -1, -0.3217505543966422, 3.1622776601683795
82, 44, 305, 103, 307, 104, -2, -1, -2.677945044588987, 2.23606797749979
82, 45, 435, 136, 437, 140, -2, -4, -2.0344439357957027, 4.47213595499958
82, 46, 209, 212, 212, 214, -3, -2, -2.5535900500422257, 3.605551275463989
82, 47, 501, 142, 501, 147, 0, -5, -1.5707963267948966, 5.0
82, 48, 103, 366, 106, 366, -3, 0, 3.141592653589793, 3.0
82, 49, 282, 136, 285, 138, -3, -2, -2.5535900500422257, 3.605551275463989
82, 50, 597, 161, 597, 163, 0, -2, -1.5707963267948966, 2.0
82, 51, 252, 278, 255, 279, -3, -1, -2.819842099193151, 3.1622776601683795
82, 53, 518, 286, 516, 288, 2, -2, -0.7853981633974483, 2.8284271247461903
82, 54, 408, 349, 412, 348, -4, 1, 2.896613990462929, 4.123105625617661
82, 55, 333, 267, 336, 268, -3, -1, -2.819842099193151, 3.1622776601683795
82, 56, 171, 106, 173, 107, -2, -1, -2.677945044588987, 2.23606797749979
82, 57, 556, 112, 555, 114, 1, -2, -1.1071487177940904, 2.23606797749979
82, 58, 502, 164, 502, 167, 0, -3, -1.5707963267948966, 3.0
82, 59, 570, 246, 569, 248, 1, -2, -1.1071487177940904, 2.23606797749979
82, 60, 119, 302, 122, 303, -3, -1, -2.819842099193151, 3.1622776601683795
82, 61, 68, 313, 71, 314, -3, -1, -2.819842099193151, 3.1622776601683795
82, 62, 468, 193, 469, 196, -1, -3, -1.892546881191539, 3.1622776601683795
82, 63, 608, 313, 607, 315, 1, -2, -1.1071487177940904, 2.23606797749979
82, 64, 67, 367, 71, 366, -4, 1, 2.896613990462929, 4.123105625617661
82, 65, 129, 199, 131, 200, -2, -1, -2.677945044588987, 2.23606797749979
82, 66, 102, 108, 106, 109, -4, -1, -2.896613990462929, 4.123105625617661
82, 67, 134, 214, 137, 215, -3, -1, -2.819842099193151, 3.1622776601683795
82, 68, 606, 265, 605, 267, 1, -2, -1.1071487177940904, 2.23606797749979
82, 70, 538, 157, 538, 159, 0, -2, -1.5707963267948966, 2.0
82, 71, 202, 266, 205, 267, -3, -1, -2.819842099193151, 3.1622776601683795
82, 72, 62, 229, 65, 230, -3, -1, -2.819842099193151, 3.1622776601683795
82, 74, 186, 349, 190, 349, -4, 0, 3.141592653589793, 4.0
82, 75, 224, 225, 227, 226, -3, -1, -2.819842099193151, 3.1622776601683795
82, 76, 103, 315, 107, 316, -4, -1, -2.896613990462929, 4.123105625617661
82, 77, 563, 368, 561, 368, 2, 0, 0.0, 2.0
82, 78, 557, 138, 557, 141, 0, -3, -1.5707963267948966, 3.0
82, 79, 541, 247, 540, 249, 1, -2, -1.1071487177940904, 2.23606797749979
82, 80, 563, 155, 563, 157, 0, -2, -1.5707963267948966, 2.0
82, 81, 593, 206, 592, 207, 1, -1, -0.7853981633974483, 1.4142135623730951
82, 82, 47, 246, 49, 247, -2, -1, -2.677945044588987, 2.23606797749979
82, 83, 540, 216, 539, 219, 1, -3, -1.2490457723982544, 3.1622776601683795
82, 84, 80, 141, 82, 142, -2, -1, -2.677945044588987, 2.23606797749979
82, 85, 330, 175, 333, 177, -3, -2, -2.5535900500422257, 3.605551275463989
82, 86, 139, 205, 142, 206, -3, -1, -2.819842099193151, 3.1622776601683795
82, 87, 104, 150, 107, 152, -3, -2, -2.5535900500422257, 3.605551275463989
82, 88, 302, 287, 306, 289, -4, -2, -2.677945044588987, 4.47213595499958
82, 89, 330, 196, 332, 197, -2, -1, -2.677945044588987, 2.23606797749979
82, 90, 191, 366, 195, 366, -4, 0, 3.141592653589793, 4.0
82, 91, 583, 332, 580, 333, 3, -1, -0.3217505543966422, 3.1622776601683795
82, 92, 48, 219, 50, 221, -2, -2, -2.356194490192345, 2.8284271247461903
82, 94, 53, 330, 56, 330, -3, 0, 3.141592653589793, 3.0
82, 95, 520, 304, 519, 305, 1, -1, -0.7853981633974483, 1.4142135623730951
82, 96, 605, 237, 604, 239, 1, -2, -1.1071487177940904, 2.23606797749979
82, 97, 81, 218, 84, 219, -3, -1, -2.819842099193151, 3.1622776601683795
82, 98, 324, 335, 326, 335, -2, 0, 3.141592653589793, 2.0
82, 99, 46, 343, 48, 343, -2, 0, 3.141592653589793, 2.0
82, 100, 88, 119, 91, 121, -3, -2, -2.5535900500422257, 3.605551275463989
82, 101, 328, 160, 330, 162, -2, -2, -2.356194490192345, 2.8284271247461903
82, 102, 66, 340, 69, 341, -3, -1, -2.819842099193151, 3.1622776601683795
82, 103, 63, 297, 66, 297, -3, 0, 3.141592653589793, 3.0
82, 104, 86, 156, 89, 158, -3, -2, -2.5535900500422257, 3.605551275463989
82, 105, 481, 219, 482, 222, -1, -3, -1.892546881191539, 3.1622776601683795
82, 106, 237, 176, 239, 178, -2, -2, -2.356194490192345, 2.8284271247461903
82, 107, 181, 330, 184, 330, -3, 0, 3.141592653589793, 3.0
82, 108, 45, 193, 47, 194, -2, -1, -2.677945044588987, 2.23606797749979
82, 109, 99, 196, 102, 197, -3, -1, -2.819842099193151, 3.1622776601683795
82, 111, 455, 149, 456, 153, -1, -4, -1.8157749899217608, 4.123105625617661
82, 114, 324, 357, 327, 357, -3, 0, 3.141592653589793, 3.0
82, 115, 308, 229, 310, 230, -2, -1, -2.677945044588987, 2.23606797749979
82, 116, 582, 197, 580, 200, 2, -3, -0.982793723247329, 3.605551275463989
82, 117, 32, 217, 33, 219, -1, -2, -2.0344439357957027, 2.23606797749979
82, 118, 377, 353, 380, 352, -3, 1, 2.819842099193151, 3.1622776601683795
82, 119, 67, 272, 70, 273, -3, -1, -2.819842099193151, 3.1622776601683795
82, 120, 399, 270, 401, 272, -2, -2, -2.356194490192345, 2.8284271247461903
82, 121, 81, 260, 84, 260, -3, 0, 3.141592653589793, 3.0
82, 122, 598, 311, 597, 312, 1, -1, -0.7853981633974483, 1.4142135623730951
82, 123, 80, 275, 83, 276, -3, -1, -2.819842099193151, 3.1622776601683795
82, 124, 576, 111, 576, 113, 0, -2, -1.5707963267948966, 2.0
82, 125, 287, 208, 289, 210, -2, -2, -2.356194490192345, 2.8284271247461903
82, 126, 308, 365, 310, 364, -2, 1, 2.677945044588987, 2.23606797749979
82, 127, 272, 239, 275, 241, -3, -2, -2.5535900500422257, 3.605551275463989
82, 128, 360, 122, 361, 125, -1, -3, -1.892546881191539, 3.1622776601683795
82, 129, 157, 252, 160, 253, -3, -1, -2.819842099193151, 3.1622776601683795
82, 130, 129, 336, 132, 336, -3, 0, 3.141592653589793, 3.0
82, 131, 555, 314, 554, 315, 1, -1, -0.7853981633974483, 1.4142135623730951
82, 132, 550, 142, 549, 146, 1, -4, -1.3258176636680326, 4.123105625617661
82, 133, 503, 209, 503, 212, 0, -3, -1.5707963267948966, 3.0
82, 134, 233, 256, 236, 258, -3, -2, -2.5535900500422257, 3.605551275463989
83, 0, 28, 364, 29, 363, -1, 1, 2.356194490192345, 1.4142135623730951
83, 1, 31, 111, 34, 112, -3, -1, -2.819842099193151, 3.1622776601683795
83, 2, 365, 209, 367, 211, -2, -2, -2.356194490192345, 2.8284271247461903
83, 3, 30, 229, 31, 232, -1, -3, -1.892546881191539, 3.1622776601683795
83, 4, 589, 105, 587, 106, 2, -1, -0.4636476090008061, 2.23606797749979
83, 5, 421, 295, 425, 297, -4, -2, -2.677945044588987, 4.47213595499958
83, 6, 446, 220, 447, 222, -1, -2, -2.0344439357957027, 2.23606797749979
83, 7, 53, 356, 56, 357, -3, -1, -2.819842099193151, 3.1622776601683795
83, 8, 127, 174, 129, 176, -2, -2, -2.356194490192345, 2.8284271247461903
83, 9, 248, 105, 251, 105, -3, 0, 3.141592653589793, 3.0
83, 10, 463, 364, 465, 361, -2, 3, 2.158798930342464, 3.605551275463989
83, 11, 218, 148, 220, 150, -2, -2, -2.356194490192345, 2.8284271247461903
83, 12, 289, 302, 293, 304, -4, -2, -2.677945044588987, 4.47213595499958
83, 13, 547, 153, 547, 156, 0, -3, -1.5707963267948966, 3.0
83, 14, 403, 368, 406, 368, -3, 0, 3.141592653589793, 3.0
83, 15, 46, 365, 48, 364, -2, 1, 2.677945044588987, 2.23606797749979
83, 16, 366, 314, 369, 315, -3, -1, -2.819842099193151, 3.1622776601683795
83, 17, 503, 371, 502, 369, 1, 2, 1.1071487177940904, 2.23606797749979
83, 18, 317, 231, 321, 233, -4, -2, -2.677945044588987, 4.47213595499958
83, 19, 608, 364, 607, 363, 1, 1, 0.7853981633974483, 1.4142135623730951
83, 20, 414, 133, 415, 136, -1, -3, -1.892546881191539, 3.1622776601683795
83, 21, 179, 143, 181, 144, -2, -1, -2.677945044588987, 2.23606797749979
83, 22, 380, 161, 382, 164, -2, -3, -2.158798930342464, 3.605551275463989
83, 23, 65, 112, 68, 113, -3, -1, -2.819842099193151, 3.1622776601683795
83, 24, 486, 263, 486, 267, 0, -4, -1.5707963267948966, 4.0
83, 25, 110, 170, 112, 172, -2, -2, -2.356194490192345, 2.8284271247461903
83, 27, 363, 281, 366, 282, -3, -1, -2.819842099193151, 3.1622776601683795
83, 28, 317, 213, 319, 215, -2, -2, -2.356194490192345, 2.8284271247461903
83, 29, 601, 204, 600, 205, 1, -1, -0.7853981633974483, 1.4142135623730951
83, 30, 583, 138, 583, 141, 0, -3, -1.5707963267948966, 3.0
83, 31, 363, 365, 366, 365, -3, 0, 3.141592653589793, 3.0
83, 33, 211, 104, 213, 105, -2, -1, -2.677945044588987, 2.23606797749979
83, 34, 478, 146, 478, 149, 0, -3, -1.5707963267948966, 3.0
83, 35, 439, 307, 442, 308, -3, -1, -2.819842099193151, 3.1622776601683795
83, 36, 429, 198, 431, 199, -2, -1, -2.677945044588987, 2.23606797749979
83, 37, 259, 296, 262, 297, -3, -1, -2.819842099193151, 3.1622776601683795
83, 38, 594, 176, 593, 179, 1, -3, -1.2490457723982544, 3.1622776601683795
83, 39, 100, 267, 103, 268, -3, -1, -2.819842099193151, 3.1622776601683795
83, 40, 595, 246, 593, 248, 2, -2, -0.7853981633974483, 2.8284271247461903
83, 41, 263, 139, 265, 141, -2, -2, -2.356194490192345, 2.8284271247461903
83, 42, 591, 313, 589, 314, 2, -1, -0.4636476090008061, 2.23606797749979
83, 43, 303, 102, 305, 103, -2, -1, -2.677945044588987, 2.23606797749979
83, 44, 434, 133, 435, 136, -1, -3, -1.892546881191539, 3.1622776601683795
83, 45, 207, 210, 209, 212, -2, -2, -2.356194490192345, 2.8284271247461903
83, 46, 500, 139, 501, 142, -1, -3, -1.892546881191539, 3.1622776601683795
83, 47, 100, 366, 103, 366, -3, 0, 3.141592653589793, 3.0
83, 48, 280, 134, 282, 136, -2, -2, -2.356194490192345, 2.8284271247461903
83, 50, 250, 277, 252, 278, -2, -1, -2.677945044588987, 2.23606797749979
83, 52, 520, 283, 518, 286, 2, -3, -0.982793723247329, 3.605551275463989
83, 53, 405, 350, 408, 349, -3, 1, 2.819842099193151, 3.1622776601683795
83, 54, 330, 265, 333, 267, -3, -2, -2.5535900500422257, 3.605551275463989
83, 55, 168, 105, 171, 106, -3, -1, -2.819842099193151, 3.1622776601683795
83, 56, 557, 110, 556, 112, 1, -2, -1.1071487177940904, 2.23606797749979
83, 57, 502, 161, 502, 164, 0, -3, -1.5707963267948966, 3.0
83, 58, 572, 244, 570, 246, 2, -2, -0.7853981633974483, 2.8284271247461903
83, 59, 117, 302, 119, 302, -2, 0, 3.141592653589793, 2.0
83, 60, 66, 311, 68, 313, -2, -2, -2.356194490192345, 2.8284271247461903
83, 61, 467, 191, 468, 193, -1, -2, -2.0344439357957027, 2.23606797749979
83, 62, 607, 314, 608, 313, -1, 1, 2.356194490192345, 1.4142135623730951
83, 63, 63, 367, 67, 367, -4, 0, 3.141592653589793, 4.0
83, 64, 127, 198, 129, 199, -2, -1, -2.677945044588987, 2.23606797749979
83, 65, 99, 107, 102, 108, -3, -1, -2.819842099193151, 3.1622776601683795
83, 66, 131, 212, 134, 214, -3, -2, -2.5535900500422257, 3.605551275463989
83, 68, 28, 305, 28, 308, 0, -3, -1.5707963267948966, 3.0
83, 69, 539, 155, 538, 157, 1, -2, -1.1071487177940904, 2.23606797749979
83, 70, 199, 265, 202, 266, -3, -1, -2.819842099193151, 3.1622776601683795
83, 71, 59, 228, 62, 229, -3, -1, -2.819842099193151, 3.1622776601683795
83, 72, 183, 349, 186, 349, -3, 0, 3.141592653589793, 3.0
83, 73, 222, 223, 224, 225, -2, -2, -2.356194490192345, 2.8284271247461903
83, 74, 100, 314, 103, 315, -3, -1, -2.819842099193151, 3.1622776601683795
83, 75, 565, 369, 563, 368, 2, 1, 0.4636476090008061, 2.23606797749979
83, 76, 558, 136, 557, 138, 1, -2, -1.1071487177940904, 2.23606797749979
83, 77, 542, 244, 541, 247, 1, -3, -1.2490457723982544, 3.1622776601683795
83, 78, 563, 153, 563, 155, 0, -2, -1.5707963267948966, 2.0
83, 79, 594, 204, 593, 206, 1, -2, -1.1071487177940904, 2.23606797749979
83, 80, 45, 244, 47, 246, -2, -2, -2.356194490192345, 2.8284271247461903
83, 81, 541, 213, 540, 216, 1, -3, -1.2490457723982544, 3.1622776601683795
83, 82, 77, 139, 80, 141, -3, -2, -2.5535900500422257, 3.605551275463989
83, 83, 328, 172, 330, 175, -2, -3, -2.158798930342464, 3.605551275463989
83, 84, 136, 203, 139, 205, -3, -2, -2.5535900500422257, 3.605551275463989
83, 85, 101, 148, 104, 150, -3, -2, -2.5535900500422257, 3.605551275463989
83, 86, 299, 285, 302, 287, -3, -2, -2.5535900500422257, 3.605551275463989
83, 87, 328, 194, 330, 196, -2, -2, -2.356194490192345, 2.8284271247461903
83, 88, 189, 366, 191, 366, -2, 0, 3.141592653589793, 2.0
83, 89, 587, 332, 583, 332, 4, 0, 0.0, 4.0
83, 90, 46, 218, 48, 219, -2, -1, -2.677945044588987, 2.23606797749979
83, 92, 50, 329, 53, 330, -3, -1, -2.819842099193151, 3.1622776601683795
83, 93, 522, 302, 520, 304, 2, -2, -0.7853981633974483, 2.8284271247461903
83, 95, 78, 216, 81, 218, -3, -2, -2.5535900500422257, 3.605551275463989
83, 96, 321, 334, 324, 335, -3, -1, -2.819842099193151, 3.1622776601683795
83, 98, 86, 119, 88, 119, -2, 0, 3.141592653589793, 2.0
83, 99, 325, 158, 328, 160, -3, -2, -2.5535900500422257, 3.605551275463989
83, 100, 63, 339, 66, 340, -3, -1, -2.819842099193151, 3.1622776601683795
83, 101, 59, 297, 63, 297, -4, 0, 3.141592653589793, 4.0
83, 102, 81, 154, 86, 156, -5, -2, -2.761086276477428, 5.385164807134504
83, 103, 479, 217, 481, 219, -2, -2, -2.356194490192345, 2.8284271247461903
83, 104, 235, 174, 237, 176, -2, -2, -2.356194490192345, 2.8284271247461903
83, 105, 178, 330, 181, 330, -3, 0, 3.141592653589793, 3.0
83, 106, 43, 191, 45, 193, -2, -2, -2.356194490192345, 2.8284271247461903
83, 107, 96, 196, 99, 196, -3, 0, 3.141592653589793, 3.0
83, 108, 529, 348, 527, 347, 2, 1, 0.4636476090008061, 2.23606797749979
83, 109, 453, 146, 455, 149, -2, -3, -2.158798930342464, 3.605551275463989
83, 110, 38, 304, 37, 305, 1, -1, -0.7853981633974483, 1.4142135623730951
83, 111, 401, 106, 403, 107, -2, -1, -2.677945044588987, 2.23606797749979
83, 112, 322, 357, 324, 357, -2, 0, 3.141592653589793, 2.0
83, 113, 304, 228, 308, 229, -4, -1, -2.896613990462929, 4.123105625617661
83, 114, 584, 194, 582, 197, 2, -3, -0.982793723247329, 3.605551275463989
83, 116, 374, 353, 377, 353, -3, 0, 3.141592653589793, 3.0
83, 117, 65, 271, 67, 272, -2, -1, -2.677945044588987, 2.23606797749979
83, 118, 396, 268, 399, 270, -3, -2, -2.5535900500422257, 3.605551275463989
83, 119, 79, 259, 81, 260, -2, -1, -2.677945044588987, 2.23606797749979
83, 121, 77, 274, 80, 275, -3, -1, -2.819842099193151, 3.1622776601683795
83, 123, 304, 364, 308, 365, -4, -1, -2.896613990462929, 4.123105625617661
83, 124, 267, 238, 272, 239, -5, -1, -2.9441970937399127, 5.0990195135927845
83, 125, 357, 119, 360, 122, -3, -3, -2.356194490192345, 4.242640687119285
83, 126, 154, 250, 157, 252, -3, -2, -2.5535900500422257, 3.605551275463989
83, 127, 126, 336, 129, 336, -3, 0, 3.141592653589793, 3.0
83, 128, 557, 314, 555, 314, 2, 0, 0.0, 2.0
83, 129, 551, 139, 550, 142, 1, -3, -1.2490457723982544, 3.1622776601683795
83, 130, 503, 207, 503, 209, 0, -2, -1.5707963267948966, 2.0
83, 131, 229, 254, 233, 256, -4, -2, -2.677945044588987, 4.47213595499958
84, 0, 30, 109, 31, 111, -1, -2, -2.0344439357957027, 2.23606797749979
84, 1, 363, 207, 365, 209, -2, -2, -2.356194490192345, 2.8284271247461903
84, 4, 419, 294, 421, 295, -2, -1, -2.677945044588987, 2.23606797749979
84, 5, 445, 217, 446, 220, -1, -3, -1.892546881191539, 3.1622776601683795
84, 6, 50, 356, 53, 356, -3, 0, 3.141592653589793, 3.0
84, 7, 125, 173, 127, 174, -2, -1, -2.677945044588987, 2.23606797749979
84, 8, 246, 104, 248, 105, -2, -1, -2.677945044588987, 2.23606797749979
84, 9, 462, 366, 463, 364, -1, 2, 2.0344439357957027, 2.23606797749979
84, 10, 215, 146, 218, 148, -3, -2, -2.5535900500422257, 3.605551275463989
84, 11, 288, 300, 289, 302, -1, -2, -2.0344439357957027, 2.23606797749979
84, 12, 547, 151, 547, 153, 0, -2, -1.5707963267948966, 2.0
84, 13, 400, 368, 403, 368, -3, 0, 3.141592653589793, 3.0
84, 14, 44, 365, 46, 365, -2, 0, 3.141592653589793, 2.0
84, 15, 363, 314, 366, 314, -3, 0, 3.141592653589793, 3.0
84, 16, 504, 372, 503, 371, 1, 1, 0.7853981633974483, 1.4142135623730951
84, 19, 412, 129, 414, 133, -2, -4, -2.0344439357957027, 4.47213595499958
84, 20, 176, 142, 179, 143, -3, -1, -2.819842099193151, 3.1622776601683795
84, 21, 377, 159, 380, 161, -3, -2, -2.5535900500422257, 3.605551275463989
84, 22, 63, 111, 65, 112, -2, -1, -2.677945044588987, 2.23606797749979
84, 24, 106, 168, 110, 170, -4, -2, -2.677945044588987, 4.47213595499958
84, 26, 360, 280, 363, 281, -3, -1, -2.819842099193151, 3.1622776601683795
84, 27, 315, 211, 317, 213, -2, -2, -2.356194490192345, 2.8284271247461903
84, 28, 602, 201, 601, 204, 1, -3, -1.2490457723982544, 3.1622776601683795
84, 29, 583, 136, 583, 138, 0, -2, -1.5707963267948966, 2.0
84, 30, 361, 364, 363, 365, -2, -1, -2.677945044588987, 2.23606797749979
84, 31, 31, 169, 32, 168, -1, 1, 2.356194490192345, 1.4142135623730951
84, 32, 207, 103, 211, 104, -4, -1, -2.896613990462929, 4.123105625617661
84, 33, 478, 143, 478, 146, 0, -3, -1.5707963267948966, 3.0
84, 34, 437, 306, 439, 307, -2, -1, -2.677945044588987, 2.23606797749979
84, 35, 428, 195, 429, 198, -1, -3, -1.892546881191539, 3.1622776601683795
84, 36, 257, 294, 259, 296, -2, -2, -2.356194490192345, 2.8284271247461903
84, 37, 595, 174, 594, 176, 1, -2, -1.1071487177940904, 2.23606797749979
84, 38, 98, 266, 100, 267, -2, -1, -2.677945044588987, 2.23606797749979
84, 39, 596, 244, 595, 246, 1, -2, -1.1071487177940904, 2.23606797749979
84, 40, 261, 137, 263, 139, -2, -2, -2.356194490192345, 2.8284271247461903
84, 41, 593, 312, 591, 313, 2, -1, -0.4636476090008061, 2.23606797749979
84, 42, 301, 101, 303, 102, -2, -1, -2.677945044588987, 2.23606797749979
84, 43, 431, 130, 434, 133, -3, -3, -2.356194490192345, 4.242640687119285
84, 44, 204, 208, 207, 210, -3, -2, -2.5535900500422257, 3.605551275463989
84, 45, 500, 136, 500, 139, 0, -3, -1.5707963267948966, 3.0
84, 46, 97, 366, 100, 366, -3, 0, 3.141592653589793, 3.0
84, 47, 278, 132, 280, 134, -2, -2, -2.356194490192345, 2.8284271247461903
84, 48, 246, 275, 250, 277, -4, -2, -2.677945044588987, 4.47213595499958
84, 49, 521, 280, 520, 283, 1, -3, -1.2490457723982544, 3.1622776601683795
84, 50, 401, 353, 405, 350, -4, 3, 2.498091544796509, 5.0
84, 51, 326, 263, 330, 265, -4, -2, -2.677945044588987, 4.47213595499958
84, 52, 166, 105, 168, 105, -2, 0, 3.141592653589793, 2.0
84, 53, 558, 107, 557, 110, 1, -3, -1.2490457723982544, 3.1622776601683795
84, 54, 501, 158, 502, 161, -1, -3, -1.892546881191539, 3.1622776601683795
84, 55, 573, 242, 572, 244, 1, -2, -1.1071487177940904, 2.23606797749979
84, 56, 114, 301, 117, 302, -3, -1, -2.819842099193151, 3.1622776601683795
84, 57, 64, 308, 66, 311, -2, -3, -2.158798930342464, 3.605551275463989
84, 58, 466, 187, 467, 191, -1, -4, -1.8157749899217608, 4.123105625617661
84, 59, 605, 312, 607, 314, -2, -2, -2.356194490192345, 2.8284271247461903
84, 60, 61, 367, 63, 367, -2, 0, 3.141592653589793, 2.0
84, 61, 124, 197, 127, 198, -3, -1, -2.819842099193151, 3.1622776601683795
84, 62, 97, 106, 99, 107, -2, -1, -2.677945044588987, 2.23606797749979
84, 63, 127, 210, 131, 212, -4, -2, -2.677945044588987, 4.47213595499958
84, 65, 27, 306, 28, 305, -1, 1, 2.356194490192345, 1.4142135623730951
84, 66, 540, 152, 539, 155, 1, -3, -1.2490457723982544, 3.1622776601683795
84, 67, 55, 226, 59, 228, -4, -2, -2.677945044588987, 4.47213595499958
84, 68, 181, 348, 183, 349, -2, -1, -2.677945044588987, 2.23606797749979
84, 69, 220, 222, 222, 223, -2, -1, -2.677945044588987, 2.23606797749979
84, 70, 97, 312, 100, 314, -3, -2, -2.5535900500422257, 3.605551275463989
84, 72, 559, 133, 558, 136, 1, -3, -1.2490457723982544, 3.1622776601683795
84, 74, 564, 150, 563, 153, 1, -3, -1.2490457723982544, 3.1622776601683795
84, 75, 595, 202, 594, 204, 1, -2, -1.1071487177940904, 2.23606797749979
84, 76, 44, 242, 45, 244, -1, -2, -2.0344439357957027, 2.23606797749979
84, 77, 544, 210, 541, 213, 3, -3, -0.7853981633974483, 4.242640687119285
84, 78, 75, 137, 77, 139, -2, -2, -2.356194490192345, 2.8284271247461903
84, 79, 327, 170, 328, 172, -1, -2, -2.0344439357957027, 2.23606797749979
84, 80, 133, 201, 136, 203, -3, -2, -2.5535900500422257, 3.605551275463989
84, 81, 295, 283, 299, 285, -4, -2, -2.677945044588987, 4.47213595499958
84, 82, 325, 191, 328, 194, -3, -3, -2.356194490192345, 4.242640687119285
84, 83, 185, 367, 189, 366, -4, 1, 2.896613990462929, 4.123105625617661
84, 84, 588, 331, 587, 332, 1, -1, -0.7853981633974483, 1.4142135623730951
84, 85, 43, 216, 46, 218, -3, -2, -2.5535900500422257, 3.605551275463989
84, 87, 46, 328, 50, 329, -4, -1, -2.896613990462929, 4.123105625617661
84, 88, 523, 300, 522, 302, 1, -2, -1.1071487177940904, 2.23606797749979
84, 89, 75, 215, 78, 216, -3, -1, -2.819842099193151, 3.1622776601683795
84, 90, 319, 334, 321, 334, -2, 0, 3.141592653589793, 2.0
84, 91, 43, 345, 45, 343, -2, 2, 2.356194490192345, 2.8284271247461903
84, 92, 323, 155, 325, 158, -2, -3, -2.158798930342464, 3.605551275463989
84, 93, 62, 340, 63, 339, -1, 1, 2.356194490192345, 1.4142135623730951
84, 94, 57, 296, 59, 297, -2, -1, -2.677945044588987, 2.23606797749979
84, 95, 478, 214, 479, 217, -1, -3, -1.892546881191539, 3.1622776601683795
84, 96, 233, 172, 235, 174, -2, -2, -2.356194490192345, 2.8284271247461903
84, 97, 175, 330, 178, 330, -3, 0, 3.141592653589793, 3.0
84, 98, 93, 196, 96, 196, -3, 0, 3.141592653589793, 3.0
84, 99, 531, 349, 529, 348, 2, 1, 0.4636476090008061, 2.23606797749979
84, 100, 454, 144, 453, 146, 1, -2, -1.1071487177940904, 2.23606797749979
84, 103, 319, 357, 322, 357, -3, 0, 3.141592653589793, 3.0
84, 104, 300, 226, 304, 228, -4, -2, -2.677945044588987, 4.47213595499958
84, 105, 585, 191, 584, 194, 1, -3, -1.2490457723982544, 3.1622776601683795
84, 107, 370, 354, 374, 353, -4, 1, 2.896613990462929, 4.123105625617661
84, 108, 393, 266, 396, 268, -3, -2, -2.5535900500422257, 3.605551275463989
84, 109, 77, 259, 79, 259, -2, 0, 3.141592653589793, 2.0
84, 110, 596, 310, 598, 310, -2, 0, 3.141592653589793, 2.0
84, 111, 73, 273, 77, 274, -4, -1, -2.896613990462929, 4.123105625617661
84, 113, 300, 362, 304, 364, -4, -2, -2.677945044588987, 4.47213595499958
84, 115, 355, 117, 357, 119, -2, -2, -2.356194490192345, 2.8284271247461903
84, 116, 150, 249, 154, 250, -4, -1, -2.896613990462929, 4.123105625617661
84, 117, 123, 336, 126, 336, -3, 0, 3.141592653589793, 3.0
84, 118, 560, 313, 557, 314, 3, -1, -0.3217505543966422, 3.1622776601683795
84, 119, 552, 136, 551, 139, 1, -3, -1.2490457723982544, 3.1622776601683795
84, 120, 503, 205, 503, 207, 0, -2, -1.5707963267948966, 2.0
84, 121, 225, 252, 229, 254, -4, -2, -2.677945044588987, 4.47213595499958
85, 0, 364, 209, 367, 212, -3, -3, -2.356194490192345, 4.242640687119285
85, 1, 66, 112, 71, 114, -5, -2, -2.761086276477428, 5.385164807134504
85, 2, 292, 306, 296, 307, -4, -1, -2.896613990462929, 4.123105625617661
85, 3, 558, 107, 557, 112, 1, -5, -1.373400766945016, 5.0990195135927845
85, 4, 589, 311, 587, 312, 2, -1, -0.4636476090008061, 2.23606797749979
85, 5, 169, 219, 172, 220, -3, -1, -2.819842099193151, 3.1622776601683795
85, 6, 34, 112, 36, 113, -2, -1, -2.677945044588987, 2.23606797749979
85, 7, 188, 332, 192, 332, -4, 0, 3.141592653589793, 4.0
85, 8, 507, 370, 505, 369, 2, 1, 0.4636476090008061, 2.23606797749979
85, 9, 285, 223, 288, 226, -3, -3, -2.356194490192345, 4.242640687119285
85, 10, 427, 198, 430, 201, -3, -3, -2.356194490192345, 4.242640687119285
85, 11, 438, 133, 439, 137, -1, -4, -1.8157749899217608, 4.123105625617661
85, 12, 365, 367, 368, 367, -3, 0, 3.141592653589793, 3.0
85, 14, 582, 142, 581, 145, 1, -3, -1.2490457723982544, 3.1622776601683795
85, 15, 468, 364, 470, 361, -2, 3, 2.158798930342464, 3.605551275463989
85, 16, 56, 358, 61, 358, -5, 0, 3.141592653589793, 5.0
85, 17, 102, 268, 106, 269, -4, -1, -2.896613990462929, 4.123105625617661
85, 18, 596, 177, 595, 180, 1, -3, -1.2490457723982544, 3.1622776601683795
85, 19, 320, 213, 323, 216, -3, -3, -2.356194490192345, 4.242640687119285
85, 20, 221, 149, 224, 151, -3, -2, -2.5535900500422257, 3.605551275463989
85, 21, 597, 247, 595, 249, 2, -2, -0.7853981633974483, 2.8284271247461903
85, 22, 365, 277, 369, 279, -4, -2, -2.677945044588987, 4.47213595499958
85, 23, 250, 276, 254, 278, -4, -2, -2.677945044588987, 4.47213595499958
85, 24, 319, 232, 323, 235, -4, -3, -2.498091544796509, 5.0
85, 25, 180, 145, 183, 147, -3, -2, -2.5535900500422257, 3.605551275463989
85, 26, 36, 363, 35, 365, 1, -2, -1.1071487177940904, 2.23606797749979
85, 27, 130, 172, 133, 174, -3, -2, -2.5535900500422257, 3.605551275463989
85, 28, 252, 111, 254, 111, -2, 0, 3.141592653589793, 2.0
85, 29, 279, 134, 283, 137, -4, -3, -2.498091544796509, 5.0
85, 30, 40, 173, 39, 174, 1, -1, -0.7853981633974483, 1.4142135623730951
85, 31, 598, 200, 596, 202, 2, -2, -0.7853981633974483, 2.8284271247461903
85, 32, 600, 294, 602, 295, -2, -1, -2.677945044588987, 2.23606797749979
85, 33, 111, 170, 115, 173, -4, -3, -2.498091544796509, 5.0
85, 34, 446, 219, 448, 222, -2, -3, -2.158798930342464, 3.605551275463989
85, 35, 50, 331, 54, 331, -4, 0, 3.141592653589793, 4.0
85, 36, 40, 202, 39, 203, 1, -1, -0.7853981633974483, 1.4142135623730951
85, 37, 367, 315, 371, 316, -4, -1, -2.896613990462929, 4.123105625617661
85, 38, 259, 295, 263, 296, -4, -1, -2.896613990462929, 4.123105625617661
85, 39, 469, 190, 470, 194, -1, -4, -1.8157749899217608, 4.123105625617661
85, 40, 65, 368, 69, 368, -4, 0, 3.141592653589793, 4.0
85, 41, 208, 212, 211, 214, -3, -2, -2.5535900500422257, 3.605551275463989
85, 42, 548, 155, 547, 157, 1, -2, -1.1071487177940904, 2.23606797749979
85, 43, 500, 141, 500, 145, 0, -4, -1.5707963267948966, 4.0
85, 44, 96, 292, 99, 293, -3, -1, -2.819842099193151, 3.1622776601683795
85, 45, 405, 368, 407, 369, -2, -1, -2.677945044588987, 2.23606797749979
85, 46, 306, 109, 307, 108, -1, 1, 2.356194490192345, 1.4142135623730951
85, 47, 102, 148, 106, 151, -4, -3, -2.498091544796509, 5.0
85, 48, 101, 367, 104, 367, -3, 0, 3.141592653589793, 3.0
85, 49, 47, 364, 50, 364, -3, 0, 3.141592653589793, 3.0
85, 50, 523, 302, 520, 304, 3, -2, -0.5880026035475675, 3.605551275463989
85, 51, 212, 109, 214, 109, -2, 0, 3.141592653589793, 2.0
85, 52, 45, 218, 49, 220, -4, -2, -2.677945044588987, 4.47213595499958
85, 54, 423, 299, 426, 301, -3, -2, -2.5535900500422257, 3.605551275463989
85, 55, 567, 152, 566, 156, 1, -4, -1.3258176636680326, 4.123105625617661
85, 56, 541, 366, 540, 367, 1, -1, -0.7853981633974483, 1.4142135623730951
85, 57, 329, 191, 332, 194, -3, -3, -2.356194490192345, 4.242640687119285
85, 58, 550, 111, 550, 114, 0, -3, -1.5707963267948966, 3.0
85, 59, 488, 267, 488, 271, 0, -4, -1.5707963267948966, 4.0
85, 60, 265, 141, 268, 144, -3, -3, -2.356194490192345, 4.242640687119285
85, 62, 320, 337, 324, 337, -4, 0, 3.141592653589793, 4.0
85, 63, 504, 204, 503, 208, 1, -4, -1.3258176636680326, 4.123105625617661
85, 64, 382, 276, 385, 278, -3, -2, -2.5535900500422257, 3.605551275463989
85, 65, 444, 307, 447, 309, -3, -2, -2.5535900500422257, 3.605551275463989
85, 66, 603, 204, 601, 207, 2, -3, -0.982793723247329, 3.605551275463989
85, 67, 31, 234, 34, 235, -3, -1, -2.819842099193151, 3.1622776601683795
85, 68, 381, 161, 383, 165, -2, -4, -2.0344439357957027, 4.47213595499958
85, 69, 579, 248, 577, 251, 2, -3, -0.982793723247329, 3.605551275463989
85, 71, 365, 231, 367, 233, -2, -2, -2.356194490192345, 2.8284271247461903
85, 72, 492, 185, 492, 187, 0, -2, -1.5707963267948966, 2.0
85, 73, 554, 133, 553, 137, 1, -4, -1.3258176636680326, 4.123105625617661
85, 75, 99, 219, 101, 220, -2, -1, -2.677945044588987, 2.23606797749979
85, 77, 515, 283, 513, 286, 2, -3, -0.982793723247329, 3.605551275463989
85, 78, 126, 338, 130, 338, -4, 0, 3.141592653589793, 4.0
85, 79, 411, 196, 413, 199, -2, -3, -2.158798930342464, 3.605551275463989
85, 80, 59, 229, 64, 230, -5, -1, -2.9441970937399127, 5.0990195135927845
85, 82, 351, 222, 353, 224, -2, -2, -2.356194490192345, 2.8284271247461903
85, 83, 417, 130, 418, 133, -1, -3, -1.892546881191539, 3.1622776601683795
85, 85, 242, 154, 245, 156, -3, -2, -2.5535900500422257, 3.605551275463989
85, 86, 436, 144, 436, 147, 0, -3, -1.5707963267948966, 3.0
85, 88, 58, 195, 62, 197, -4, -2, -2.677945044588987, 4.47213595499958
85, 89, 417, 113, 418, 115, -1, -2, -2.0344439357957027, 2.23606797749979
85, 91, 69, 258, 73, 259, -4, -1, -2.896613990462929, 4.123105625617661
85, 93, 584, 333, 582, 333, 2, 0, 0.0, 2.0
85, 94, 596, 312, 594, 314, 2, -2, -0.7853981633974483, 2.8284271247461903
85, 95, 444, 204, 446, 207, -2, -3, -2.158798930342464, 3.605551275463989
85, 96, 193, 181, 196, 181, -3, 0, 3.141592653589793, 3.0
85, 97, 44, 248, 47, 249, -3, -1, -2.819842099193151, 3.1622776601683795
85, 98, 79, 214, 82, 216, -3, -2, -2.5535900500422257, 3.605551275463989
85, 99, 148, 269, 152, 270, -4, -1, -2.896613990462929, 4.123105625617661
85, 100, 85, 120, 89, 122, -4, -2, -2.677945044588987, 4.47213595499958
85, 101, 400, 328, 403, 328, -3, 0, 3.141592653589793, 3.0
85, 102, 314, 178, 317, 180, -3, -2, -2.5535900500422257, 3.605551275463989
85, 103, 332, 265, 336, 267, -4, -2, -2.677945044588987, 4.47213595499958
85, 104, 572, 248, 570, 250, 2, -2, -0.7853981633974483, 2.8284271247461903
85, 105, 75, 138, 79, 140, -4, -2, -2.677945044588987, 4.47213595499958
85, 106, 542, 246, 539, 249, 3, -3, -0.7853981633974483, 4.242640687119285
85, 107, 573, 142, 571, 145, 2, -3, -0.982793723247329, 3.605551275463989
85, 108, 130, 212, 135, 214, -5, -2, -2.761086276477428, 5.385164807134504
85, 110, 191, 367, 194, 367, -3, 0, 3.141592653589793, 3.0
85, 111, 304, 229, 308, 231, -4, -2, -2.677945044588987, 4.47213595499958
85, 112, 66, 178, 69, 180, -3, -2, -2.5535900500422257, 3.605551275463989
85, 113, 117, 302, 120, 303, -3, -1, -2.819842099193151, 3.1622776601683795
85, 114, 569, 121, 568, 125, 1, -4, -1.3258176636680326, 4.123105625617661
85, 115, 57, 248, 61, 249, -4, -1, -2.896613990462929, 4.123105625617661
85, 116, 577, 355, 575, 354, 2, 1, 0.4636476090008061, 2.23606797749979
85, 117, 355, 120, 357, 124, -2, -4, -2.0344439357957027, 4.47213595499958
85, 118, 485, 217, 485, 221, 0, -4, -1.5707963267948966, 4.0
85, 119, 155, 251, 160, 253, -5, -2, -2.761086276477428, 5.385164807134504
85, 120, 177, 315, 180, 315, -3, 0, 3.141592653589793, 3.0
85, 121, 538, 167, 538, 170, 0, -3, -1.5707963267948966, 3.0
85, 122, 398, 267, 401, 270, -3, -3, -2.356194490192345, 4.242640687119285
85, 123, 199, 266, 203, 268, -4, -2, -2.677945044588987, 4.47213595499958
85, 124, 529, 179, 528, 184, 1, -5, -1.373400766945016, 5.0990195135927845
85, 125, 138, 203, 140, 204, -2, -1, -2.677945044588987, 2.23606797749979
85, 126, 295, 124, 297, 127, -2, -3, -2.158798930342464, 3.605551275463989
85, 127, 102, 315, 106, 316, -4, -1, -2.896613990462929, 4.123105625617661
85, 128, 77, 274, 80, 275, -3, -1, -2.819842099193151, 3.1622776601683795
85, 129, 42, 234, 45, 235, -3, -1, -2.819842099193151, 3.1622776601683795
85, 130, 215, 179, 218, 180, -3, -1, -2.819842099193151, 3.1622776601683795
85, 131, 512, 154, 511, 156, 1, -2, -1.1071487177940904, 2.23606797749979
85, 132, 302, 289, 305, 290, -3, -1, -2.819842099193151, 3.1622776601683795
85, 133, 154, 365, 158, 365, -4, 0, 3.141592653589793, 4.0
85, 134, 503, 162, 503, 165, 0, -3, -1.5707963267948966, 3.0
85, 135, 419, 163, 421, 167, -2, -4, -2.0344439357957027, 4.47213595499958
85, 136, 172, 106, 174, 106, -2, 0, 3.141592653589793, 2.0
85, 137, 561, 315, 558, 316, 3, -1, -0.3217505543966422, 3.1622776601683795
85, 138, 45, 344, 48, 344, -3, 0, 3.141592653589793, 3.0
85, 139, 592, 203, 590, 206, 2, -3, -0.982793723247329, 3.605551275463989
85, 140, 541, 215, 540, 218, 1, -3, -1.2490457723982544, 3.1622776601683795
85, 141, 477, 254, 478, 257, -1, -3, -1.892546881191539, 3.1622776601683795
85, 142, 348, 178, 350, 181, -2, -3, -2.158798930342464, 3.605551275463989
85, 143, 77, 197, 80, 198, -3, -1, -2.819842099193151, 3.1622776601683795
85, 144, 61, 297, 65, 298, -4, -1, -2.896613990462929, 4.123105625617661
85, 145, 339, 144, 342, 147, -3, -3, -2.356194490192345, 4.242640687119285
85, 146, 495, 150, 494, 152, 1, -2, -1.1071487177940904, 2.23606797749979
85, 147, 532, 350, 529, 349, 3, 1, 0.3217505543966422, 3.1622776601683795
85, 148, 176, 186, 179, 188, -3, -2, -2.5535900500422257, 3.605551275463989
85, 149, 143, 347, 146, 347, -3, 0, 3.141592653589793, 3.0
85, 150, 484, 147, 484, 151, 0, -4, -1.5707963267948966, 4.0
85, 151, 97, 196, 100, 198, -3, -2, -2.5535900500422257, 3.605551275463989
85, 153, 185, 349, 188, 349, -3, 0, 3.141592653589793, 3.0
85, 154, 583, 197, 582, 200, 1, -3, -1.2490457723982544, 3.1622776601683795
85, 155, 94, 169, 98, 171, -4, -2, -2.677945044588987, 4.47213595499958
85, 156, 343, 128, 345, 131, -2, -3, -2.158798930342464, 3.605551275463989
85, 157, 550, 186, 550, 189, 0, -3, -1.5707963267948966, 3.0
85, 158, 327, 158, 330, 161, -3, -3, -2.356194490192345, 4.242640687119285
85, 159, 144, 162, 147, 163, -3, -1, -2.819842099193151, 3.1622776601683795
85, 160, 603, 163, 605, 165, -2, -2, -2.356194490192345, 2.8284271247461903
85, 161, 83, 155, 88, 157, -5, -2, -2.761086276477428, 5.385164807134504
85, 162, 286, 204, 289, 206, -3, -2, -2.5535900500422257, 3.605551275463989
85, 163, 224, 224, 227, 226, -3, -2, -2.5535900500422257, 3.605551275463989
85, 165, 539, 155, 538, 157, 1, -2, -1.1071487177940904, 2.23606797749979
85, 166, 398, 131, 400, 134, -2, -3, -2.158798930342464, 3.605551275463989
85, 167, 321, 356, 324, 355, -3, 1, 2.819842099193151, 3.1622776601683795
85, 168, 115, 285, 118, 286, -3, -1, -2.819842099193151, 3.1622776601683795
85, 169, 64, 273, 68, 274, -4, -1, -2.896613990462929, 4.123105625617661
85, 170, 269, 238, 273, 240, -4, -2, -2.677945044588987, 4.47213595499958
85, 171, 406, 351, 410, 350, -4, 1, 2.896613990462929, 4.123105625617661
85, 172, 364, 167, 365, 170, -1, -3, -1.892546881191539, 3.1622776601683795
85, 173, 571, 178, 570, 181, 1, -3, -1.2490457723982544, 3.1622776601683795
85, 174, 374, 353, 378, 353, -4, 0, 3.141592653589793, 4.0
85, 175, 546, 119, 545, 122, 1, -3, -1.2490457723982544, 3.1622776601683795
85, 176, 126, 133, 129, 135, -3, -2, -2.5535900500422257, 3.605551275463989
85, 177, 132, 145, 136, 147, -4, -2, -2.677945044588987, 4.47213595499958
85, 178, 55, 256, 60, 257, -5, -1, -2.9441970937399127, 5.0990195135927845
85, 179, 65, 342, 69, 342, -4, 0, 3.141592653589793, 4.0
85, 180, 534, 303, 532, 305, 2, -2, -0.7853981633974483, 2.8284271247461903
85, 181, 268, 277, 272, 278, -4, -1, -2.896613990462929, 4.123105625617661
85, 182, 374, 298, 378, 300, -4, -2, -2.677945044588987, 4.47213595499958
85, 183, 475, 146, 476, 150, -1, -4, -1.8157749899217608, 4.123105625617661
85, 184, 586, 158, 585, 161, 1, -3, -1.2490457723982544, 3.1622776601683795
85, 185, 203, 143, 206, 145, -3, -2, -2.5535900500422257, 3.605551275463989
85, 186, 116, 117, 119, 119, -3, -2, -2.5535900500422257, 3.605551275463989
85, 187, 550, 264, 548, 267, 2, -3, -0.982793723247329, 3.605551275463989
86, 0, 361, 207, 364, 209, -3, -2, -2.5535900500422257, 3.605551275463989
86, 1, 62, 110, 66, 112, -4, -2, -2.677945044588987, 4.47213595499958
86, 2, 288, 304, 292, 306, -4, -2, -2.677945044588987, 4.47213595499958
86, 3, 558, 103, 558, 107, 0, -4, -1.5707963267948966, 4.0
86, 4, 592, 309, 589, 311, 3, -2, -0.5880026035475675, 3.605551275463989
86, 5, 165, 217, 169, 219, -4, -2, -2.677945044588987, 4.47213595499958
86, 6, 33, 110, 34, 112, -1, -2, -2.0344439357957027, 2.23606797749979
86, 7, 184, 332, 188, 332, -4, 0, 3.141592653589793, 4.0
86, 9, 282, 222, 285, 223, -3, -1, -2.819842099193151, 3.1622776601683795
86, 10, 425, 194, 427, 198, -2, -4, -2.0344439357957027, 4.47213595499958
86, 11, 436, 130, 438, 133, -2, -3, -2.158798930342464, 3.605551275463989
86, 12, 362, 366, 365, 367, -3, -1, -2.819842099193151, 3.1622776601683795
86, 13, 586, 110, 587, 109, -1, 1, 2.356194490192345, 1.4142135623730951
86, 14, 583, 138, 582, 142, 1, -4, -1.3258176636680326, 4.123105625617661
86, 15, 466, 368, 468, 364, -2, 4, 2.0344439357957027, 4.47213595499958
86, 16, 52, 358, 56, 358, -4, 0, 3.141592653589793, 4.0
86, 17, 98, 267, 102, 268, -4, -1, -2.896613990462929, 4.123105625617661
86, 18, 597, 174, 596, 177, 1, -3, -1.2490457723982544, 3.1622776601683795
86, 19, 317, 210, 320, 213, -3, -3, -2.356194490192345, 4.242640687119285
86, 20, 218, 147, 221, 149, -3, -2, -2.5535900500422257, 3.605551275463989
86, 21, 599, 245, 597, 247, 2, -2, -0.7853981633974483, 2.8284271247461903
86, 22, 362, 274, 365, 277, -3, -3, -2.356194490192345, 4.242640687119285
86, 23, 246, 274, 250, 276, -4, -2, -2.677945044588987, 4.47213595499958
86, 24, 316, 230, 319, 232, -3, -2, -2.5535900500422257, 3.605551275463989
86, 25, 176, 143, 180, 145, -4, -2, -2.677945044588987, 4.47213595499958
86, 26, 37, 362, 36, 363, 1, -1, -0.7853981633974483, 1.4142135623730951
86, 27, 126, 170, 130, 172, -4, -2, -2.677945044588987, 4.47213595499958
86, 29, 275, 130, 279, 134, -4, -4, -2.356194490192345, 5.656854249492381
86, 31, 599, 198, 598, 200, 1, -2, -1.1071487177940904, 2.23606797749979
86, 32, 107, 169, 111, 170, -4, -1, -2.896613990462929, 4.123105625617661
86, 33, 445, 216, 446, 219, -1, -3, -1.892546881191539, 3.1622776601683795
86, 34, 46, 331, 50, 331, -4, 0, 3.141592653589793, 4.0
86, 36, 363, 314, 367, 315, -4, -1, -2.896613990462929, 4.123105625617661
86, 37, 255, 293, 259, 295, -4, -2, -2.677945044588987, 4.47213595499958
86, 38, 468, 187, 469, 190, -1, -3, -1.892546881191539, 3.1622776601683795
86, 39, 61, 368, 65, 368, -4, 0, 3.141592653589793, 4.0
86, 40, 204, 210, 208, 212, -4, -2, -2.677945044588987, 4.47213595499958
86, 41, 548, 152, 548, 155, 0, -3, -1.5707963267948966, 3.0
86, 42, 499, 136, 500, 141, -1, -5, -1.7681918866447774, 5.0990195135927845
86, 43, 91, 291, 96, 292, -5, -1, -2.9441970937399127, 5.0990195135927845
86, 44, 403, 366, 405, 368, -2, -2, -2.356194490192345, 2.8284271247461903
86, 46, 98, 145, 102, 148, -4, -3, -2.498091544796509, 5.0
86, 47, 97, 366, 101, 367, -4, -1, -2.896613990462929, 4.123105625617661
86, 48, 44, 363, 47, 364, -3, -1, -2.819842099193151, 3.1622776601683795
86, 49, 526, 299, 523, 302, 3, -3, -0.7853981633974483, 4.242640687119285
86, 50, 211, 110, 212, 109, -1, 1, 2.356194490192345, 1.4142135623730951
86, 51, 42, 216, 45, 218, -3, -2, -2.5535900500422257, 3.605551275463989
86, 53, 420, 296, 423, 299, -3, -3, -2.356194490192345, 4.242640687119285
86, 54, 568, 148, 567, 152, 1, -4, -1.3258176636680326, 4.123105625617661
86, 56, 327, 189, 329, 191, -2, -2, -2.356194490192345, 2.8284271247461903
86, 57, 549, 109, 550, 111, -1, -2, -2.0344439357957027, 2.23606797749979
86, 58, 488, 265, 488, 267, 0, -2, -1.5707963267948966, 2.0
86, 59, 262, 138, 265, 141, -3, -3, -2.356194490192345, 4.242640687119285
86, 60, 315, 337, 320, 337, -5, 0, 3.141592653589793, 5.0
86, 61, 504, 200, 504, 204, 0, -4, -1.5707963267948966, 4.0
86, 62, 379, 274, 382, 276, -3, -2, -2.5535900500422257, 3.605551275463989
86, 63, 440, 305, 444, 307, -4, -2, -2.677945044588987, 4.47213595499958
86, 64, 605, 202, 603, 204, 2, -2, -0.7853981633974483, 2.8284271247461903
86, 66, 379, 157, 381, 161, -2, -4, -2.0344439357957027, 4.47213595499958
86, 67, 581, 245, 579, 248, 2, -3, -0.982793723247329, 3.605551275463989
86, 69, 363, 229, 365, 231, -2, -2, -2.356194490192345, 2.8284271247461903
86, 70, 492, 182, 492, 185, 0, -3, -1.5707963267948966, 3.0
86, 71, 555, 129, 554, 133, 1, -4, -1.3258176636680326, 4.123105625617661
86, 72, 97, 218, 99, 219, -2, -1, -2.677945044588987, 2.23606797749979
86, 74, 517, 280, 515, 283, 2, -3, -0.982793723247329, 3.605551275463989
86, 75, 122, 338, 126, 338, -4, 0, 3.141592653589793, 4.0
86, 76, 409, 194, 411, 196, -2, -2, -2.356194490192345, 2.8284271247461903
86, 77, 55, 227, 59, 229, -4, -2, -2.677945044588987, 4.47213595499958
86, 78, 349, 220, 351, 222, -2, -2, -2.356194490192345, 2.8284271247461903
86, 79, 415, 125, 417, 130, -2, -5, -1.9513027039072615, 5.385164807134504
86, 81, 239, 151, 242, 154, -3, -3, -2.356194490192345, 4.242640687119285
86, 82, 436, 140, 436, 144, 0, -4, -1.5707963267948966, 4.0
86, 84, 55, 193, 58, 195, -3, -2, -2.5535900500422257, 3.605551275463989
86, 85, 416, 109, 417, 113, -1, -4, -1.8157749899217608, 4.123105625617661
86, 87, 66, 257, 69, 258, -3, -1, -2.819842099193151, 3.1622776601683795
86, 89, 587, 333, 584, 333, 3, 0, 0.0, 3.0
86, 90, 598, 310, 596, 312, 2, -2, -0.7853981633974483, 2.8284271247461903
86, 91, 442, 201, 444, 204, -2, -3, -2.158798930342464, 3.605551275463989
86, 92, 190, 178, 193, 181, -3, -3, -2.356194490192345, 4.242640687119285
86, 93, 42, 247, 44, 248, -2, -1, -2.677945044588987, 2.23606797749979
86, 94, 76, 214, 79, 214, -3, 0, 3.141592653589793, 3.0
86, 95, 145, 268, 148, 269, -3, -1, -2.819842099193151, 3.1622776601683795
86, 96, 81, 118, 85, 120, -4, -2, -2.677945044588987, 4.47213595499958
86, 97, 396, 327, 400, 328, -4, -1, -2.896613990462929, 4.123105625617661
86, 98, 311, 176, 314, 178, -3, -2, -2.5535900500422257, 3.605551275463989
86, 99, 329, 264, 332, 265, -3, -1, -2.819842099193151, 3.1622776601683795
86, 100, 574, 245, 572, 248, 2, -3, -0.982793723247329, 3.605551275463989
86, 101, 73, 136, 75, 138, -2, -2, -2.356194490192345, 2.8284271247461903
86, 102, 543, 243, 542, 246, 1, -3, -1.2490457723982544, 3.1622776601683795
86, 103, 573, 140, 573, 142, 0, -2, -1.5707963267948966, 2.0
86, 104, 126, 210, 130, 212, -4, -2, -2.677945044588987, 4.47213595499958
86, 105, 34, 187, 33, 188, 1, -1, -0.7853981633974483, 1.4142135623730951
86, 106, 187, 367, 191, 367, -4, 0, 3.141592653589793, 4.0
86, 107, 302, 227, 304, 229, -2, -2, -2.356194490192345, 2.8284271247461903
86, 108, 63, 177, 66, 178, -3, -1, -2.819842099193151, 3.1622776601683795
86, 109, 114, 301, 117, 302, -3, -1, -2.819842099193151, 3.1622776601683795
86, 110, 570, 118, 569, 121, 1, -3, -1.2490457723982544, 3.1622776601683795
86, 111, 54, 247, 57, 248, -3, -1, -2.819842099193151, 3.1622776601683795
86, 112, 580, 356, 577, 355, 3, 1, 0.3217505543966422, 3.1622776601683795
86, 113, 353, 118, 355, 120, -2, -2, -2.356194490192345, 2.8284271247461903
86, 114, 485, 213, 485, 217, 0, -4, -1.5707963267948966, 4.0
86, 115, 151, 250, 155, 251, -4, -1, -2.896613990462929, 4.123105625617661
86, 116, 173, 314, 177, 315, -4, -1, -2.896613990462929, 4.123105625617661
86, 117, 540, 163, 538, 167, 2, -4, -1.1071487177940904, 4.47213595499958
86, 118, 395, 265, 398, 267, -3, -2, -2.5535900500422257, 3.605551275463989
86, 119, 196, 264, 199, 266, -3, -2, -2.5535900500422257, 3.605551275463989
86, 120, 529, 176, 529, 179, 0, -3, -1.5707963267948966, 3.0
86, 121, 135, 201, 138, 203, -3, -2, -2.5535900500422257, 3.605551275463989
86, 122, 293, 122, 295, 124, -2, -2, -2.356194490192345, 2.8284271247461903
86, 123, 98, 314, 102, 315, -4, -1, -2.896613990462929, 4.123105625617661
86, 124, 75, 273, 77, 274, -2, -1, -2.677945044588987, 2.23606797749979
86, 126, 212, 177, 215, 179, -3, -2, -2.5535900500422257, 3.605551275463989
86, 127, 513, 151, 512, 154, 1, -3, -1.2490457723982544, 3.1622776601683795
86, 128, 297, 288, 302, 289, -5, -1, -2.9441970937399127, 5.0990195135927845
86, 129, 151, 365, 154, 365, -3, 0, 3.141592653589793, 3.0
86, 130, 503, 160, 503, 162, 0, -2, -1.5707963267948966, 2.0
86, 131, 417, 160, 419, 163, -2, -3, -2.158798930342464, 3.605551275463989
86, 132, 170, 106, 172, 106, -2, 0, 3.141592653589793, 2.0
86, 133, 565, 314, 561, 315, 4, -1, -0.24497866312686414, 4.123105625617661
86, 134, 42, 344, 45, 344, -3, 0, 3.141592653589793, 3.0
86, 135, 594, 200, 592, 203, 2, -3, -0.982793723247329, 3.605551275463989
86, 136, 542, 212, 541, 215, 1, -3, -1.2490457723982544, 3.1622776601683795
86, 137, 476, 250, 477, 254, -1, -4, -1.8157749899217608, 4.123105625617661
86, 138, 345, 175, 348, 178, -3, -3, -2.356194490192345, 4.242640687119285
86, 139, 75, 196, 77, 197, -2, -1, -2.677945044588987, 2.23606797749979
86, 140, 57, 296, 61, 297, -4, -1, -2.896613990462929, 4.123105625617661
86, 141, 337, 142, 339, 144, -2, -2, -2.356194490192345, 2.8284271247461903
86, 142, 496, 146, 495, 150, 1, -4, -1.3258176636680326, 4.123105625617661
86, 143, 535, 351, 532, 350, 3, 1, 0.3217505543966422, 3.1622776601683795
86, 144, 173, 184, 176, 186, -3, -2, -2.5535900500422257, 3.605551275463989
86, 145, 139, 347, 143, 347, -4, 0, 3.141592653589793, 4.0
86, 146, 484, 142, 484, 147, 0, -5, -1.5707963267948966, 5.0
86, 147, 95, 195, 97, 196, -2, -1, -2.677945044588987, 2.23606797749979
86, 149, 181, 349, 185, 349, -4, 0, 3.141592653589793, 4.0
86, 150, 585, 194, 583, 197, 2, -3, -0.982793723247329, 3.605551275463989
86, 151, 90, 167, 94, 169, -4, -2, -2.677945044588987, 4.47213595499958
86, 152, 340, 125, 343, 128, -3, -3, -2.356194490192345, 4.242640687119285
86, 153, 551, 182, 550, 186, 1, -4, -1.3258176636680326, 4.123105625617661
86, 154, 324, 154, 327, 158, -3, -4, -2.214297435588181, 5.0
86, 155, 141, 160, 144, 162, -3, -2, -2.5535900500422257, 3.605551275463989
86, 156, 601, 162, 603, 163, -2, -1, -2.677945044588987, 2.23606797749979
86, 157, 80, 153, 83, 155, -3, -2, -2.5535900500422257, 3.605551275463989
86, 158, 283, 202, 286, 204, -3, -2, -2.5535900500422257, 3.605551275463989
86, 159, 221, 222, 224, 224, -3, -2, -2.5535900500422257, 3.605551275463989
86, 161, 539, 153, 539, 155, 0, -2, -1.5707963267948966, 2.0
86, 162, 397, 128, 398, 131, -1, -3, -1.892546881191539, 3.1622776601683795
86, 163, 318, 356, 321, 356, -3, 0, 3.141592653589793, 3.0
86, 164, 110, 284, 115, 285, -5, -1, -2.9441970937399127, 5.0990195135927845
86, 165, 60, 272, 64, 273, -4, -1, -2.896613990462929, 4.123105625617661
86, 166, 265, 236, 269, 238, -4, -2, -2.677945044588987, 4.47213595499958
86, 167, 402, 351, 406, 351, -4, 0, 3.141592653589793, 4.0
86, 168, 361, 163, 364, 167, -3, -4, -2.214297435588181, 5.0
86, 169, 571, 175, 571, 178, 0, -3, -1.5707963267948966, 3.0
86, 170, 371, 354, 374, 353, -3, 1, 2.819842099193151, 3.1622776601683795
86, 171, 546, 116, 546, 119, 0, -3, -1.5707963267948966, 3.0
86, 172, 122, 131, 126, 133, -4, -2, -2.677945044588987, 4.47213595499958
86, 173, 128, 143, 132, 145, -4, -2, -2.677945044588987, 4.47213595499958
86, 174, 52, 255, 55, 256, -3, -1, -2.819842099193151, 3.1622776601683795
86, 175, 60, 342, 65, 342, -5, 0, 3.141592653589793, 5.0
86, 176, 537, 301, 534, 303, 3, -2, -0.5880026035475675, 3.605551275463989
86, 177, 264, 276, 268, 277, -4, -1, -2.896613990462929, 4.123105625617661
86, 178, 371, 296, 374, 298, -3, -2, -2.5535900500422257, 3.605551275463989
86, 179, 475, 143, 475, 146, 0, -3, -1.5707963267948966, 3.0
86, 180, 587, 155, 586, 158, 1, -3, -1.2490457723982544, 3.1622776601683795
86, 181, 200, 142, 203, 143, -3, -1, -2.819842099193151, 3.1622776601683795
86, 182, 114, 115, 116, 117, -2, -2, -2.356194490192345, 2.8284271247461903
86, 183, 551, 261, 550, 264, 1, -3, -1.2490457723982544, 3.1622776601683795
87, 0, 358, 205, 361, 207, -3, -2, -2.5535900500422257, 3.605551275463989
87, 1, 58, 108, 62, 110, -4, -2, -2.677945044588987, 4.47213595499958
87, 2, 285, 304, 288, 304, -3, 0, 3.141592653589793, 3.0
87, 3, 594, 307, 592, 309, 2, -2, -0.7853981633974483, 2.8284271247461903
87, 4, 162, 216, 165, 217, -3, -1, -2.819842099193151, 3.1622776601683795
87, 5, 181, 332, 184, 332, -3, 0, 3.141592653589793, 3.0
87, 6, 506, 366, 507, 369, -1, -3, -1.892546881191539, 3.1622776601683795
87, 7, 278, 221, 282, 222, -4, -1, -2.896613990462929, 4.123105625617661
87, 8, 422, 191, 425, 194, -3, -3, -2.356194490192345, 4.242640687119285
87, 9, 433, 125, 436, 130, -3, -5, -2.1112158270654806, 5.830951894845301
87, 10, 360, 364, 362, 366, -2, -2, -2.356194490192345, 2.8284271247461903
87, 12, 585, 133, 583, 138, 2, -5, -1.1902899496825317, 5.385164807134504
87, 13, 465, 372, 466, 368, -1, 4, 1.8157749899217608, 4.123105625617661
87, 14, 47, 359, 52, 358, -5, 1, 2.9441970937399127, 5.0990195135927845
87, 15, 94, 266, 98, 267, -4, -1, -2.896613990462929, 4.123105625617661
87, 16, 598, 171, 597, 174, 1, -3, -1.2490457723982544, 3.1622776601683795
87, 17, 314, 207, 317, 210, -3, -3, -2.356194490192345, 4.242640687119285
87, 18, 214, 145, 218, 147, -4, -2, -2.677945044588987, 4.47213595499958
87, 19, 601, 243, 599, 245, 2, -2, -0.7853981633974483, 2.8284271247461903
87, 20, 358, 271, 362, 274, -4, -3, -2.498091544796509, 5.0
87, 21, 241, 271, 246, 274, -5, -3, -2.601173153319209, 5.830951894845301
87, 22, 313, 226, 316, 230, -3, -4, -2.214297435588181, 5.0
87, 23, 173, 141, 176, 143, -3, -2, -2.5535900500422257, 3.605551275463989
87, 24, 37, 360, 37, 362, 0, -2, -1.5707963267948966, 2.0
87, 25, 121, 168, 126, 170, -5, -2, -2.761086276477428, 5.385164807134504
87, 26, 250, 112, 251, 111, -1, 1, 2.356194490192345, 1.4142135623730951
87, 27, 270, 129, 275, 130, -5, -1, -2.9441970937399127, 5.0990195135927845
87, 29, 601, 197, 599, 198, 2, -1, -0.4636476090008061, 2.23606797749979
87, 30, 103, 168, 107, 169, -4, -1, -2.896613990462929, 4.123105625617661
87, 31, 444, 213, 445, 216, -1, -3, -1.892546881191539, 3.1622776601683795
87, 32, 43, 330, 46, 331, -3, -1, -2.819842099193151, 3.1622776601683795
87, 33, 360, 311, 363, 314, -3, -3, -2.356194490192345, 4.242640687119285
87, 34, 250, 292, 255, 293, -5, -1, -2.9441970937399127, 5.0990195135927845
87, 35, 467, 185, 468, 187, -1, -2, -2.0344439357957027, 2.23606797749979
87, 36, 57, 367, 61, 368, -4, -1, -2.896613990462929, 4.123105625617661
87, 37, 200, 208, 204, 210, -4, -2, -2.677945044588987, 4.47213595499958
87, 38, 549, 147, 548, 152, 1, -5, -1.373400766945016, 5.0990195135927845
87, 39, 498, 132, 499, 136, -1, -4, -1.8157749899217608, 4.123105625617661
87, 40, 87, 291, 91, 291, -4, 0, 3.141592653589793, 4.0
87, 41, 401, 365, 403, 366, -2, -1, -2.677945044588987, 2.23606797749979
87, 43, 94, 143, 98, 145, -4, -2, -2.677945044588987, 4.47213595499958
87, 44, 94, 366, 97, 366, -3, 0, 3.141592653589793, 3.0
87, 45, 42, 363, 44, 363, -2, 0, 3.141592653589793, 2.0
87, 46, 528, 297, 526, 299, 2, -2, -0.7853981633974483, 2.8284271247461903
87, 48, 39, 215, 42, 216, -3, -1, -2.819842099193151, 3.1622776601683795
87, 50, 416, 292, 420, 296, -4, -4, -2.356194490192345, 5.656854249492381
87, 51, 569, 143, 568, 148, 1, -5, -1.373400766945016, 5.0990195135927845
87, 53, 323, 187, 327, 189, -4, -2, -2.677945044588987, 4.47213595499958
87, 54, 548, 107, 549, 109, -1, -2, -2.0344439357957027, 2.23606797749979
87, 55, 488, 262, 488, 265, 0, -3, -1.5707963267948966, 3.0
87, 56, 259, 135, 262, 138, -3, -3, -2.356194490192345, 4.242640687119285
87, 57, 311, 337, 315, 337, -4, 0, 3.141592653589793, 4.0
87, 59, 375, 272, 379, 274, -4, -2, -2.677945044588987, 4.47213595499958
87, 60, 437, 302, 440, 305, -3, -3, -2.356194490192345, 4.242640687119285
87, 61, 607, 200, 605, 202, 2, -2, -0.7853981633974483, 2.8284271247461903
87, 63, 376, 154, 379, 157, -3, -3, -2.356194490192345, 4.242640687119285
87, 64, 584, 243, 581, 245, 3, -2, -0.5880026035475675, 3.605551275463989
87, 66, 361, 227, 363, 229, -2, -2, -2.356194490192345, 2.8284271247461903
87, 67, 493, 178, 492, 182, 1, -4, -1.3258176636680326, 4.123105625617661
87, 68, 555, 126, 555, 129, 0, -3, -1.5707963267948966, 3.0
87, 69, 93, 217, 97, 218, -4, -1, -2.896613990462929, 4.123105625617661
87, 71, 519, 277, 517, 280, 2, -3, -0.982793723247329, 3.605551275463989
87, 72, 118, 338, 122, 338, -4, 0, 3.141592653589793, 4.0
87, 73, 407, 191, 409, 194, -2, -3, -2.158798930342464, 3.605551275463989
87, 74, 346, 218, 349, 220, -3, -2, -2.5535900500422257, 3.605551275463989
87, 75, 415, 122, 415, 125, 0, -3, -1.5707963267948966, 3.0
87, 77, 237, 149, 239, 151, -2, -2, -2.356194490192345, 2.8284271247461903
87, 78, 434, 136, 436, 140, -2, -4, -2.0344439357957027, 4.47213595499958
87, 80, 53, 191, 55, 193, -2, -2, -2.356194490192345, 2.8284271247461903
87, 81, 415, 106, 416, 109, -1, -3, -1.892546881191539, 3.1622776601683795
87, 83, 61, 256, 66, 257, -5, -1, -2.9441970937399127, 5.0990195135927845
87, 85, 590, 333, 587, 333, 3, 0, 0.0, 3.0
87, 86, 599, 308, 598, 310, 1, -2, -1.1071487177940904, 2.23606797749979
87, 87, 440, 197, 442, 201, -2, -4, -2.0344439357957027, 4.47213595499958
87, 88, 187, 176, 190, 178, -3, -2, -2.5535900500422257, 3.605551275463989
87, 89, 40, 246, 42, 247, -2, -1, -2.677945044588987, 2.23606797749979
87, 90, 73, 212, 76, 214, -3, -2, -2.5535900500422257, 3.605551275463989
87, 91, 141, 267, 145, 268, -4, -1, -2.896613990462929, 4.123105625617661
87, 92, 78, 116, 81, 118, -3, -2, -2.5535900500422257, 3.605551275463989
87, 93, 392, 327, 396, 327, -4, 0, 3.141592653589793, 4.0
87, 94, 309, 175, 311, 176, -2, -1, -2.677945044588987, 2.23606797749979
87, 95, 326, 262, 329, 264, -3, -2, -2.5535900500422257, 3.605551275463989
87, 96, 575, 244, 574, 245, 1, -1, -0.7853981633974483, 1.4142135623730951
87, 97, 69, 134, 73, 136, -4, -2, -2.677945044588987, 4.47213595499958
87, 98, 544, 241, 543, 243, 1, -2, -1.1071487177940904, 2.23606797749979
87, 99, 574, 138, 573, 140, 1, -2, -1.1071487177940904, 2.23606797749979
87, 100, 120, 208, 126, 210, -6, -2, -2.819842099193151, 6.324555320336759
87, 102, 182, 367, 187, 367, -5, 0, 3.141592653589793, 5.0
87, 103, 298, 225, 302, 227, -4, -2, -2.677945044588987, 4.47213595499958
87, 104, 60, 175, 63, 177, -3, -2, -2.5535900500422257, 3.605551275463989
87, 105, 110, 300, 114, 301, -4, -1, -2.896613990462929, 4.123105625617661
87, 106, 571, 115, 570, 118, 1, -3, -1.2490457723982544, 3.1622776601683795
87, 107, 51, 245, 54, 247, -3, -2, -2.5535900500422257, 3.605551275463989
87, 108, 583, 357, 580, 356, 3, 1, 0.3217505543966422, 3.1622776601683795
87, 109, 351, 117, 353, 118, -2, -1, -2.677945044588987, 2.23606797749979
87, 110, 485, 210, 485, 213, 0, -3, -1.5707963267948966, 3.0
87, 111, 147, 247, 151, 250, -4, -3, -2.498091544796509, 5.0
87, 112, 170, 314, 173, 314, -3, 0, 3.141592653589793, 3.0
87, 113, 541, 159, 540, 163, 1, -4, -1.3258176636680326, 4.123105625617661
87, 114, 392, 263, 395, 265, -3, -2, -2.5535900500422257, 3.605551275463989
87, 115, 191, 263, 196, 264, -5, -1, -2.9441970937399127, 5.0990195135927845
87, 116, 528, 173, 529, 176, -1, -3, -1.892546881191539, 3.1622776601683795
87, 117, 132, 199, 135, 201, -3, -2, -2.5535900500422257, 3.605551275463989
87, 118, 291, 121, 293, 122, -2, -1, -2.677945044588987, 2.23606797749979
87, 119, 93, 313, 98, 314, -5, -1, -2.9441970937399127, 5.0990195135927845
87, 120, 70, 272, 75, 273, -5, -1, -2.9441970937399127, 5.0990195135927845
87, 122, 209, 174, 212, 177, -3, -3, -2.356194490192345, 4.242640687119285
87, 123, 514, 147, 513, 151, 1, -4, -1.3258176636680326, 4.123105625617661
87, 124, 293, 286, 297, 288, -4, -2, -2.677945044588987, 4.47213595499958
87, 125, 146, 365, 151, 365, -5, 0, 3.141592653589793, 5.0
87, 126, 503, 157, 503, 160, 0, -3, -1.5707963267948966, 3.0
87, 127, 415, 156, 417, 160, -2, -4, -2.0344439357957027, 4.47213595499958
87, 128, 168, 106, 170, 106, -2, 0, 3.141592653589793, 2.0
87, 129, 567, 313, 565, 314, 2, -1, -0.4636476090008061, 2.23606797749979
87, 130, 40, 343, 42, 344, -2, -1, -2.677945044588987, 2.23606797749979
87, 132, 543, 209, 542, 212, 1, -3, -1.2490457723982544, 3.1622776601683795
87, 133, 476, 246, 476, 250, 0, -4, -1.5707963267948966, 4.0
87, 134, 343, 172, 345, 175, -2, -3, -2.158798930342464, 3.605551275463989
87, 135, 72, 194, 75, 196, -3, -2, -2.5535900500422257, 3.605551275463989
87, 136, 55, 295, 57, 296, -2, -1, -2.677945044588987, 2.23606797749979
87, 137, 334, 139, 337, 142, -3, -3, -2.356194490192345, 4.242640687119285
87, 138, 496, 142, 496, 146, 0, -4, -1.5707963267948966, 4.0
87, 139, 538, 352, 535, 351, 3, 1, 0.3217505543966422, 3.1622776601683795
87, 140, 169, 182, 173, 184, -4, -2, -2.677945044588987, 4.47213595499958
87, 141, 136, 347, 139, 347, -3, 0, 3.141592653589793, 3.0
87, 142, 484, 139, 484, 142, 0, -3, -1.5707963267948966, 3.0
87, 143, 92, 193, 95, 195, -3, -2, -2.5535900500422257, 3.605551275463989
87, 145, 177, 349, 181, 349, -4, 0, 3.141592653589793, 4.0
87, 146, 586, 190, 585, 194, 1, -4, -1.3258176636680326, 4.123105625617661
87, 147, 87, 166, 90, 167, -3, -1, -2.819842099193151, 3.1622776601683795
87, 148, 338, 123, 340, 125, -2, -2, -2.356194490192345, 2.8284271247461903
87, 149, 553, 179, 551, 182, 2, -3, -0.982793723247329, 3.605551275463989
87, 150, 321, 152, 324, 154, -3, -2, -2.5535900500422257, 3.605551275463989
87, 151, 138, 158, 141, 160, -3, -2, -2.5535900500422257, 3.605551275463989
87, 152, 600, 160, 601, 162, -1, -2, -2.0344439357957027, 2.23606797749979
87, 153, 76, 151, 80, 153, -4, -2, -2.677945044588987, 4.47213595499958
87, 154, 281, 200, 283, 202, -2, -2, -2.356194490192345, 2.8284271247461903
87, 155, 218, 220, 221, 222, -3, -2, -2.5535900500422257, 3.605551275463989
87, 157, 539, 151, 539, 153, 0, -2, -1.5707963267948966, 2.0
87, 158, 395, 126, 397, 128, -2, -2, -2.356194490192345, 2.8284271247461903
87, 159, 314, 356, 318, 356, -4, 0, 3.141592653589793, 4.0
87, 160, 104, 283, 110, 284, -6, -1, -2.976443976175166, 6.082762530298219
87, 161, 56, 270, 60, 272, -4, -2, -2.677945044588987, 4.47213595499958
87, 162, 261, 234, 265, 236, -4, -2, -2.677945044588987, 4.47213595499958
87, 163, 398, 352, 402, 351, -4, 1, 2.896613990462929, 4.123105625617661
87, 164, 359, 160, 361, 163, -2, -3, -2.158798930342464, 3.605551275463989
87, 165, 570, 172, 571, 175, -1, -3, -1.892546881191539, 3.1622776601683795
87, 166, 366, 355, 371, 354, -5, 1, 2.9441970937399127, 5.0990195135927845
87, 167, 118, 129, 122, 131, -4, -2, -2.677945044588987, 4.47213595499958
87, 168, 125, 140, 128, 143, -3, -3, -2.356194490192345, 4.242640687119285
87, 169, 49, 254, 52, 255, -3, -1, -2.819842099193151, 3.1622776601683795
87, 170, 57, 342, 60, 342, -3, 0, 3.141592653589793, 3.0
87, 171, 539, 300, 537, 301, 2, -1, -0.4636476090008061, 2.23606797749979
87, 172, 260, 275, 264, 276, -4, -1, -2.896613990462929, 4.123105625617661
87, 173, 367, 295, 371, 296, -4, -1, -2.896613990462929, 4.123105625617661
87, 174, 476, 140, 475, 143, 1, -3, -1.2490457723982544, 3.1622776601683795
87, 175, 589, 151, 587, 155, 2, -4, -1.1071487177940904, 4.47213595499958
87, 176, 196, 140, 200, 142, -4, -2, -2.677945044588987, 4.47213595499958
87, 177, 111, 113, 114, 115, -3, -2, -2.5535900500422257, 3.605551275463989
87, 178, 553, 258, 551, 261, 2, -3, -0.982793723247329, 3.605551275463989
88, 0, 355, 200, 358, 205, -3, -5, -2.1112158270654806, 5.830951894845301
88, 2, 282, 304, 285, 304, -3, 0, 3.141592653589793, 3.0
88, 3, 596, 306, 594, 307, 2, -1, -0.4636476090008061, 2.23606797749979
88, 4, 159, 214, 162, 216, -3, -2, -2.5535900500422257, 3.605551275463989
88, 5, 177, 332, 181, 332, -4, 0, 3.141592653589793, 4.0
88, 6, 505, 364, 506, 366, -1, -2, -2.0344439357957027, 2.23606797749979
88, 7, 275, 219, 278, 221, -3, -2, -2.5535900500422257, 3.605551275463989
88, 8, 421, 189, 422, 191, -1, -2, -2.0344439357957027, 2.23606797749979
88, 9, 434, 124, 433, 125, 1, -1, -0.7853981633974483, 1.4142135623730951
88, 10, 358, 362, 360, 364, -2, -2, -2.356194490192345, 2.8284271247461903
88, 12, 586, 128, 585, 133, 1, -5, -1.373400766945016, 5.0990195135927845
88, 13, 463, 376, 465, 372, -2, 4, 2.0344439357957027, 4.47213595499958
88, 15, 89, 265, 94, 266, -5, -1, -2.9441970937399127, 5.0990195135927845
88, 16, 598, 169, 598, 171, 0, -2, -1.5707963267948966, 2.0
88, 17, 310, 204, 314, 207, -4, -3, -2.498091544796509, 5.0
88, 18, 211, 143, 214, 145, -3, -2, -2.5535900500422257, 3.605551275463989
88, 19, 602, 242, 601, 243, 1, -1, -0.7853981633974483, 1.4142135623730951
88, 20, 354, 269, 358, 271, -4, -2, -2.677945044588987, 4.47213595499958
88, 21, 238, 270, 241, 271, -3, -1, -2.819842099193151, 3.1622776601683795
88, 22, 308, 223, 313, 226, -5, -3, -2.601173153319209, 5.830951894845301
88, 23, 170, 139, 173, 141, -3, -2, -2.5535900500422257, 3.605551275463989
88, 24, 117, 166, 121, 168, -4, -2, -2.677945044588987, 4.47213595499958
88, 26, 266, 126, 270, 129, -4, -3, -2.498091544796509, 5.0
88, 28, 599, 194, 601, 197, -2, -3, -2.158798930342464, 3.605551275463989
88, 29, 98, 166, 103, 168, -5, -2, -2.761086276477428, 5.385164807134504
88, 30, 445, 210, 444, 213, 1, -3, -1.2490457723982544, 3.1622776601683795
88, 31, 360, 309, 360, 311, 0, -2, -1.5707963267948966, 2.0
88, 32, 246, 291, 250, 292, -4, -1, -2.896613990462929, 4.123105625617661
88, 33, 465, 183, 467, 185, -2, -2, -2.356194490192345, 2.8284271247461903
88, 34, 55, 367, 57, 367, -2, 0, 3.141592653589793, 2.0
88, 35, 196, 206, 200, 208, -4, -2, -2.677945044588987, 4.47213595499958
88, 36, 550, 142, 549, 147, 1, -5, -1.373400766945016, 5.0990195135927845
88, 37, 496, 129, 498, 132, -2, -3, -2.158798930342464, 3.605551275463989
88, 38, 83, 290, 87, 291, -4, -1, -2.896613990462929, 4.123105625617661
88, 40, 91, 141, 94, 143, -3, -2, -2.5535900500422257, 3.605551275463989
88, 41, 91, 366, 94, 366, -3, 0, 3.141592653589793, 3.0
88, 42, 528, 295, 528, 297, 0, -2, -1.5707963267948966, 2.0
88, 43, 208, 110, 210, 110, -2, 0, 3.141592653589793, 2.0
88, 44, 37, 213, 39, 215, -2, -2, -2.356194490192345, 2.8284271247461903
88, 45, 413, 289, 416, 292, -3, -3, -2.356194490192345, 4.242640687119285
88, 46, 542, 363, 541, 364, 1, -1, -0.7853981633974483, 1.4142135623730951
88, 47, 319, 185, 323, 187, -4, -2, -2.677945044588987, 4.47213595499958
88, 49, 488, 259, 488, 262, 0, -3, -1.5707963267948966, 3.0
88, 50, 256, 132, 259, 135, -3, -3, -2.356194490192345, 4.242640687119285
88, 51, 308, 337, 311, 337, -3, 0, 3.141592653589793, 3.0
88, 52, 504, 196, 504, 200, 0, -4, -1.5707963267948966, 4.0
88, 53, 433, 299, 437, 302, -4, -3, -2.498091544796509, 5.0
88, 54, 605, 197, 607, 200, -2, -3, -2.158798930342464, 3.605551275463989
88, 55, 31, 231, 31, 233, 0, -2, -1.5707963267948966, 2.0
88, 56, 586, 240, 584, 243, 2, -3, -0.982793723247329, 3.605551275463989
88, 57, 358, 225, 361, 227, -3, -2, -2.5535900500422257, 3.605551275463989
88, 58, 494, 174, 493, 178, 1, -4, -1.3258176636680326, 4.123105625617661
88, 59, 554, 123, 555, 126, -1, -3, -1.892546881191539, 3.1622776601683795
88, 60, 90, 215, 93, 217, -3, -2, -2.5535900500422257, 3.605551275463989
88, 62, 522, 274, 519, 277, 3, -3, -0.7853981633974483, 4.242640687119285
88, 63, 114, 338, 118, 338, -4, 0, 3.141592653589793, 4.0
88, 64, 404, 188, 407, 191, -3, -3, -2.356194490192345, 4.242640687119285
88, 65, 344, 216, 346, 218, -2, -2, -2.356194490192345, 2.8284271247461903
88, 66, 413, 120, 415, 122, -2, -2, -2.356194490192345, 2.8284271247461903
88, 68, 235, 147, 237, 149, -2, -2, -2.356194490192345, 2.8284271247461903
88, 69, 432, 131, 434, 136, -2, -5, -1.9513027039072615, 5.385164807134504
88, 71, 50, 190, 53, 191, -3, -1, -2.819842099193151, 3.1622776601683795
88, 73, 57, 255, 61, 256, -4, -1, -2.896613990462929, 4.123105625617661
88, 75, 592, 333, 590, 333, 2, 0, 0.0, 2.0
88, 76, 600, 307, 599, 308, 1, -1, -0.7853981633974483, 1.4142135623730951
88, 77, 438, 195, 440, 197, -2, -2, -2.356194490192345, 2.8284271247461903
88, 78, 185, 174, 187, 176, -2, -2, -2.356194490192345, 2.8284271247461903
88, 79, 38, 245, 40, 246, -2, -1, -2.677945044588987, 2.23606797749979
88, 80, 68, 210, 73, 212, -5, -2, -2.761086276477428, 5.385164807134504
88, 81, 138, 266, 141, 267, -3, -1, -2.819842099193151, 3.1622776601683795
88, 83, 387, 326, 392, 327, -5, -1, -2.9441970937399127, 5.0990195135927845
88, 84, 307, 175, 309, 175, -2, 0, 3.141592653589793, 2.0
88, 85, 323, 260, 326, 262, -3, -2, -2.5535900500422257, 3.605551275463989
88, 86, 577, 243, 575, 244, 2, -1, -0.4636476090008061, 2.23606797749979
88, 87, 67, 133, 69, 134, -2, -1, -2.677945044588987, 2.23606797749979
88, 88, 546, 238, 544, 241, 2, -3, -0.982793723247329, 3.605551275463989
88, 89, 576, 135, 574, 138, 2, -3, -0.982793723247329, 3.605551275463989
88, 91, 35, 185, 34, 186, 1, -1, -0.7853981633974483, 1.4142135623730951
88, 92, 176, 366, 182, 367, -6, -1, -2.976443976175166, 6.082762530298219
88, 93, 294, 223, 298, 225, -4, -2, -2.677945044588987, 4.47213595499958
88, 94, 58, 174, 60, 175, -2, -1, -2.677945044588987, 2.23606797749979
88, 95, 106, 299, 110, 300, -4, -1, -2.896613990462929, 4.123105625617661
88, 96, 571, 113, 571, 115, 0, -2, -1.5707963267948966, 2.0
88, 97, 48, 245, 51, 245, -3, 0, 3.141592653589793, 3.0
88, 98, 586, 358, 583, 357, 3, 1, 0.3217505543966422, 3.1622776601683795
88, 99, 349, 115, 351, 117, -2, -2, -2.356194490192345, 2.8284271247461903
88, 100, 484, 206, 485, 210, -1, -4, -1.8157749899217608, 4.123105625617661
88, 101, 144, 245, 147, 247, -3, -2, -2.5535900500422257, 3.605551275463989
88, 102, 168, 314, 170, 314, -2, 0, 3.141592653589793, 2.0
88, 103, 541, 155, 541, 159, 0, -4, -1.5707963267948966, 4.0
88, 104, 388, 263, 392, 263, -4, 0, 3.141592653589793, 4.0
88, 106, 129, 197, 132, 199, -3, -2, -2.5535900500422257, 3.605551275463989
88, 107, 288, 120, 291, 121, -3, -1, -2.819842099193151, 3.1622776601683795
88, 108, 91, 312, 93, 313, -2, -1, -2.677945044588987, 2.23606797749979
88, 109, 67, 271, 70, 272, -3, -1, -2.819842099193151, 3.1622776601683795
88, 110, 44, 234, 43, 233, 1, 1, 0.7853981633974483, 1.4142135623730951
88, 111, 206, 172, 209, 174, -3, -2, -2.5535900500422257, 3.605551275463989
88, 112, 515, 144, 514, 147, 1, -3, -1.2490457723982544, 3.1622776601683795
88, 113, 289, 284, 293, 286, -4, -2, -2.677945044588987, 4.47213595499958
88, 114, 144, 364, 146, 365, -2, -1, -2.677945044588987, 2.23606797749979
88, 115, 504, 153, 503, 157, 1, -4, -1.3258176636680326, 4.123105625617661
88, 116, 414, 154, 415, 156, -1, -2, -2.0344439357957027, 2.23606797749979
88, 118, 569, 312, 567, 313, 2, -1, -0.4636476090008061, 2.23606797749979
88, 119, 38, 342, 40, 343, -2, -1, -2.677945044588987, 2.23606797749979
88, 121, 545, 206, 543, 209, 2, -3, -0.982793723247329, 3.605551275463989
88, 122, 341, 168, 343, 172, -2, -4, -2.0344439357957027, 4.47213595499958
88, 123, 70, 193, 72, 194, -2, -1, -2.677945044588987, 2.23606797749979
88, 124, 51, 294, 55, 295, -4, -1, -2.896613990462929, 4.123105625617661
88, 125, 331, 136, 334, 139, -3, -3, -2.356194490192345, 4.242640687119285
88, 126, 497, 138, 496, 142, 1, -4, -1.3258176636680326, 4.123105625617661
88, 127, 541, 353, 538, 352, 3, 1, 0.3217505543966422, 3.1622776601683795
88, 128, 167, 180, 169, 182, -2, -2, -2.356194490192345, 2.8284271247461903
88, 129, 132, 347, 136, 347, -4, 0, 3.141592653589793, 4.0
88, 130, 483, 135, 484, 139, -1, -4, -1.8157749899217608, 4.123105625617661
88, 131, 89, 191, 92, 193, -3, -2, -2.5535900500422257, 3.605551275463989
88, 132, 42, 185, 41, 186, 1, -1, -0.7853981633974483, 1.4142135623730951
88, 133, 174, 348, 177, 349, -3, -1, -2.819842099193151, 3.1622776601683795
88, 134, 588, 187, 586, 190, 2, -3, -0.982793723247329, 3.605551275463989
88, 135, 82, 164, 87, 166, -5, -2, -2.761086276477428, 5.385164807134504
88, 136, 336, 121, 338, 123, -2, -2, -2.356194490192345, 2.8284271247461903
88, 137, 554, 176, 553, 179, 1, -3, -1.2490457723982544, 3.1622776601683795
88, 138, 135, 156, 138, 158, -3, -2, -2.5535900500422257, 3.605551275463989
88, 139, 74, 150, 76, 151, -2, -1, -2.677945044588987, 2.23606797749979
88, 140, 276, 197, 281, 200, -5, -3, -2.601173153319209, 5.830951894845301
88, 141, 215, 219, 218, 220, -3, -1, -2.819842099193151, 3.1622776601683795
88, 144, 393, 123, 395, 126, -2, -3, -2.158798930342464, 3.605551275463989
88, 145, 310, 354, 314, 356, -4, -2, -2.677945044588987, 4.47213595499958
88, 146, 56, 273, 56, 270, 0, 3, 1.5707963267948966, 3.0
88, 147, 257, 232, 261, 234, -4, -2, -2.677945044588987, 4.47213595499958
88, 148, 395, 353, 398, 352, -3, 1, 2.819842099193151, 3.1622776601683795
88, 149, 359, 157, 359, 160, 0, -3, -1.5707963267948966, 3.0
88, 150, 362, 355, 366, 355, -4, 0, 3.141592653589793, 4.0
88, 151, 115, 127, 118, 129, -3, -2, -2.5535900500422257, 3.605551275463989
88, 152, 121, 137, 125, 140, -4, -3, -2.498091544796509, 5.0
88, 153, 46, 253, 49, 254, -3, -1, -2.819842099193151, 3.1622776601683795
88, 154, 53, 341, 57, 342, -4, -1, -2.896613990462929, 4.123105625617661
88, 155, 542, 298, 539, 300, 3, -2, -0.5880026035475675, 3.605551275463989
88, 156, 258, 274, 260, 275, -2, -1, -2.677945044588987, 2.23606797749979
88, 157, 364, 293, 367, 295, -3, -2, -2.5535900500422257, 3.605551275463989
88, 158, 475, 136, 476, 140, -1, -4, -1.8157749899217608, 4.123105625617661
88, 159, 590, 148, 589, 151, 1, -3, -1.2490457723982544, 3.1622776601683795
88, 160, 193, 138, 196, 140, -3, -2, -2.5535900500422257, 3.605551275463989
88, 161, 109, 112, 111, 113, -2, -1, -2.677945044588987, 2.23606797749979
88, 162, 551, 254, 553, 258, -2, -4, -2.0344439357957027, 4.47213595499958
89, 0, 352, 198, 355, 200, -3, -2, -2.5535900500422257, 3.605551275463989
89, 1, 54, 107, 57, 108, -3, -1, -2.819842099193151, 3.1622776601683795
89, 2, 278, 301, 282, 304, -4, -3, -2.498091544796509, 5.0
89, 3, 596, 304, 596, 306, 0, -2, -1.5707963267948966, 2.0
89, 4, 156, 212, 159, 214, -3, -2, -2.5535900500422257, 3.605551275463989
89, 5, 174, 331, 177, 332, -3, -1, -2.819842099193151, 3.1622776601683795
89, 6, 271, 216, 275, 219, -4, -3, -2.498091544796509, 5.0
89, 7, 419, 187, 421, 189, -2, -2, -2.356194490192345, 2.8284271247461903
89, 8, 435, 121, 434, 124, 1, -3, -1.2490457723982544, 3.1622776601683795
89, 9, 354, 361, 358, 362, -4, -1, -2.896613990462929, 4.123105625617661
89, 13, 44, 358, 47, 358, -3, 0, 3.141592653589793, 3.0
89, 14, 87, 264, 89, 265, -2, -1, -2.677945044588987, 2.23606797749979
89, 15, 598, 167, 598, 169, 0, -2, -1.5707963267948966, 2.0
89, 16, 308, 201, 310, 204, -2, -3, -2.158798930342464, 3.605551275463989
89, 17, 208, 140, 211, 143, -3, -3, -2.356194490192345, 4.242640687119285
89, 18, 602, 240, 602, 242, 0, -2, -1.5707963267948966, 2.0
89, 19, 352, 267, 354, 269, -2, -2, -2.356194490192345, 2.8284271247461903
89, 20, 235, 268, 238, 270, -3, -2, -2.5535900500422257, 3.605551275463989
89, 21, 305, 221, 308, 223, -3, -2, -2.5535900500422257, 3.605551275463989
89, 22, 166, 137, 170, 139, -4, -2, -2.677945044588987, 4.47213595499958
89, 23, 247, 112, 249, 112, -2, 0, 3.141592653589793, 2.0
89, 24, 263, 124, 266, 126, -3, -2, -2.5535900500422257, 3.605551275463989
89, 25, 38, 168, 40, 170, -2, -2, -2.356194490192345, 2.8284271247461903
89, 26, 597, 192, 599, 194, -2, -2, -2.356194490192345, 2.8284271247461903
89, 27, 96, 165, 98, 166, -2, -1, -2.677945044588987, 2.23606797749979
89, 28, 444, 208, 445, 210, -1, -2, -2.0344439357957027, 2.23606797749979
89, 29, 359, 307, 360, 309, -1, -2, -2.0344439357957027, 2.23606797749979
89, 30, 244, 291, 246, 291, -2, 0, 3.141592653589793, 2.0
89, 32, 52, 366, 55, 367, -3, -1, -2.819842099193151, 3.1622776601683795
89, 33, 192, 205, 196, 206, -4, -1, -2.896613990462929, 4.123105625617661
89, 35, 79, 288, 83, 290, -4, -2, -2.677945044588987, 4.47213595499958
89, 36, 87, 139, 91, 141, -4, -2, -2.677945044588987, 4.47213595499958
89, 37, 88, 365, 91, 366, -3, -1, -2.819842099193151, 3.1622776601683795
89, 38, 531, 294, 528, 295, 3, -1, -0.3217505543966422, 3.1622776601683795
89, 39, 206, 110, 208, 110, -2, 0, 3.141592653589793, 2.0
89, 40, 412, 286, 413, 289, -1, -3, -1.892546881191539, 3.1622776601683795
89, 42, 315, 181, 319, 185, -4, -4, -2.356194490192345, 5.656854249492381
89, 44, 488, 254, 488, 259, 0, -5, -1.5707963267948966, 5.0
89, 45, 253, 129, 256, 132, -3, -3, -2.356194490192345, 4.242640687119285
89, 46, 307, 335, 308, 337, -1, -2, -2.0344439357957027, 2.23606797749979
89, 48, 430, 297, 433, 299, -3, -2, -2.5535900500422257, 3.605551275463989
89, 49, 603, 197, 605, 197, -2, 0, 3.141592653589793, 2.0
89, 51, 586, 238, 586, 240, 0, -2, -1.5707963267948966, 2.0
89, 52, 356, 224, 358, 225, -2, -1, -2.677945044588987, 2.23606797749979
89, 53, 494, 172, 494, 174, 0, -2, -1.5707963267948966, 2.0
89, 54, 553, 121, 554, 123, -1, -2, -2.0344439357957027, 2.23606797749979
89, 55, 86, 214, 90, 215, -4, -1, -2.896613990462929, 4.123105625617661
89, 56, 452, 104, 451, 105, 1, -1, -0.7853981633974483, 1.4142135623730951
89, 57, 525, 270, 522, 274, 3, -4, -0.9272952180016122, 5.0
89, 58, 110, 338, 114, 338, -4, 0, 3.141592653589793, 4.0
89, 59, 402, 187, 404, 188, -2, -1, -2.677945044588987, 2.23606797749979
89, 60, 341, 214, 344, 216, -3, -2, -2.5535900500422257, 3.605551275463989
89, 62, 39, 333, 38, 334, 1, -1, -0.7853981633974483, 1.4142135623730951
89, 63, 231, 144, 235, 147, -4, -3, -2.498091544796509, 5.0
89, 64, 430, 127, 432, 131, -2, -4, -2.0344439357957027, 4.47213595499958
89, 66, 52, 254, 57, 255, -5, -1, -2.9441970937399127, 5.0990195135927845
89, 68, 595, 333, 592, 333, 3, 0, 0.0, 3.0
89, 70, 436, 194, 438, 195, -2, -1, -2.677945044588987, 2.23606797749979
89, 71, 181, 172, 185, 174, -4, -2, -2.677945044588987, 4.47213595499958
89, 72, 64, 209, 68, 210, -4, -1, -2.896613990462929, 4.123105625617661
89, 73, 134, 265, 138, 266, -4, -1, -2.896613990462929, 4.123105625617661
89, 74, 74, 115, 77, 116, -3, -1, -2.819842099193151, 3.1622776601683795
89, 75, 383, 326, 387, 326, -4, 0, 3.141592653589793, 4.0
89, 76, 305, 173, 307, 175, -2, -2, -2.356194490192345, 2.8284271247461903
89, 77, 320, 259, 323, 260, -3, -1, -2.819842099193151, 3.1622776601683795
89, 78, 579, 241, 577, 243, 2, -2, -0.7853981633974483, 2.8284271247461903
89, 79, 65, 131, 67, 133, -2, -2, -2.356194490192345, 2.8284271247461903
89, 80, 547, 236, 546, 238, 1, -2, -1.1071487177940904, 2.23606797749979
89, 81, 577, 132, 576, 135, 1, -3, -1.2490457723982544, 3.1622776601683795
89, 82, 116, 208, 119, 208, -3, 0, 3.141592653589793, 3.0
89, 84, 172, 366, 176, 366, -4, 0, 3.141592653589793, 4.0
89, 85, 292, 222, 294, 223, -2, -1, -2.677945044588987, 2.23606797749979
89, 86, 103, 298, 106, 299, -3, -1, -2.819842099193151, 3.1622776601683795
89, 88, 46, 244, 48, 245, -2, -1, -2.677945044588987, 2.23606797749979
89, 89, 589, 359, 586, 358, 3, 1, 0.3217505543966422, 3.1622776601683795
89, 90, 347, 114, 349, 115, -2, -1, -2.677945044588987, 2.23606797749979
89, 91, 485, 204, 484, 206, 1, -2, -1.1071487177940904, 2.23606797749979
89, 92, 141, 243, 144, 245, -3, -2, -2.5535900500422257, 3.605551275463989
89, 93, 166, 313, 168, 314, -2, -1, -2.677945044588987, 2.23606797749979
89, 94, 542, 151, 541, 155, 1, -4, -1.3258176636680326, 4.123105625617661
89, 95, 386, 262, 388, 263, -2, -1, -2.677945044588987, 2.23606797749979
89, 96, 528, 170, 528, 172, 0, -2, -1.5707963267948966, 2.0
89, 97, 125, 196, 129, 197, -4, -1, -2.896613990462929, 4.123105625617661
89, 99, 88, 311, 91, 312, -3, -1, -2.819842099193151, 3.1622776601683795
89, 100, 62, 269, 67, 271, -5, -2, -2.761086276477428, 5.385164807134504
89, 102, 203, 170, 206, 172, -3, -2, -2.5535900500422257, 3.605551275463989
89, 105, 141, 364, 144, 364, -3, 0, 3.141592653589793, 3.0
89, 106, 503, 149, 504, 153, -1, -4, -1.8157749899217608, 4.123105625617661
89, 107, 411, 151, 414, 154, -3, -3, -2.356194490192345, 4.242640687119285
89, 108, 165, 106, 167, 106, -2, 0, 3.141592653589793, 2.0
89, 109, 572, 311, 569, 312, 3, -1, -0.3217505543966422, 3.1622776601683795
89, 110, 37, 340, 38, 342, -1, -2, -2.0344439357957027, 2.23606797749979
89, 111, 592, 200, 594, 200, -2, 0, 3.141592653589793, 2.0
89, 112, 548, 202, 545, 206, 3, -4, -0.9272952180016122, 5.0
89, 113, 339, 167, 341, 168, -2, -1, -2.677945044588987, 2.23606797749979
89, 114, 67, 191, 70, 193, -3, -2, -2.5535900500422257, 3.605551275463989
89, 115, 45, 293, 51, 294, -6, -1, -2.976443976175166, 6.082762530298219
89, 116, 329, 136, 331, 136, -2, 0, 3.141592653589793, 2.0
89, 117, 498, 133, 497, 138, 1, -5, -1.373400766945016, 5.0990195135927845
89, 118, 543, 353, 541, 353, 2, 0, 0.0, 2.0
89, 119, 164, 177, 167, 180, -3, -3, -2.356194490192345, 4.242640687119285
89, 120, 130, 347, 132, 347, -2, 0, 3.141592653589793, 2.0
89, 121, 483, 132, 483, 135, 0, -3, -1.5707963267948966, 3.0
89, 122, 86, 188, 89, 191, -3, -3, -2.356194490192345, 4.242640687119285
89, 124, 171, 346, 174, 348, -3, -2, -2.5535900500422257, 3.605551275463989
89, 125, 586, 182, 588, 187, -2, -5, -1.9513027039072615, 5.385164807134504
89, 126, 81, 160, 82, 164, -1, -4, -1.8157749899217608, 4.123105625617661
89, 127, 337, 120, 336, 121, 1, -1, -0.7853981633974483, 1.4142135623730951
89, 129, 131, 155, 135, 156, -4, -1, -2.896613990462929, 4.123105625617661
89, 130, 71, 149, 74, 150, -3, -1, -2.819842099193151, 3.1622776601683795
89, 131, 213, 218, 215, 219, -2, -1, -2.677945044588987, 2.23606797749979
89, 133, 541, 147, 539, 150, 2, -3, -0.982793723247329, 3.605551275463989
89, 134, 390, 119, 393, 123, -3, -4, -2.214297435588181, 5.0
89, 135, 307, 352, 310, 354, -3, -2, -2.5535900500422257, 3.605551275463989
89, 136, 52, 273, 56, 273, -4, 0, 3.141592653589793, 4.0
89, 137, 251, 230, 257, 232, -6, -2, -2.819842099193151, 6.324555320336759
89, 138, 393, 353, 395, 353, -2, 0, 3.141592653589793, 2.0
89, 139, 358, 154, 359, 157, -1, -3, -1.892546881191539, 3.1622776601683795
89, 140, 113, 125, 115, 127, -2, -2, -2.356194490192345, 2.8284271247461903
89, 141, 118, 135, 121, 137, -3, -2, -2.5535900500422257, 3.605551275463989
89, 142, 51, 341, 53, 341, -2, 0, 3.141592653589793, 2.0
89, 143, 544, 296, 542, 298, 2, -2, -0.7853981633974483, 2.8284271247461903
89, 144, 361, 292, 364, 293, -3, -1, -2.819842099193151, 3.1622776601683795
89, 145, 474, 132, 475, 136, -1, -4, -1.8157749899217608, 4.123105625617661
89, 146, 589, 145, 590, 148, -1, -3, -1.892546881191539, 3.1622776601683795
89, 147, 189, 135, 193, 138, -4, -3, -2.498091544796509, 5.0
89, 148, 106, 111, 109, 112, -3, -1, -2.819842099193151, 3.1622776601683795
89, 149, 552, 253, 551, 254, 1, -1, -0.7853981633974483, 1.4142135623730951
90, 0, 357, 204, 361, 207, -4, -3, -2.498091544796509, 5.0
90, 2, 91, 268, 96, 269, -5, -1, -2.9441970937399127, 5.0990195135927845
90, 3, 423, 190, 426, 194, -3, -4, -2.214297435588181, 5.0
90, 4, 178, 332, 182, 332, -4, 0, 3.141592653589793, 4.0
90, 5, 34, 365, 36, 366, -2, -1, -2.677945044588987, 2.23606797749979
90, 6, 45, 360, 50, 360, -5, 0, 3.141592653589793, 5.0
90, 7, 275, 220, 280, 223, -5, -3, -2.601173153319209, 5.830951894845301
90, 8, 374, 155, 377, 159, -3, -4, -2.214297435588181, 5.0
90, 9, 212, 146, 216, 148, -4, -2, -2.677945044588987, 4.47213595499958
90, 10, 282, 305, 287, 306, -5, -1, -2.9441970937399127, 5.0990195135927845
90, 12, 596, 333, 593, 333, 3, 0, 0.0, 3.0
90, 13, 410, 127, 412, 130, -2, -3, -2.158798930342464, 3.605551275463989
90, 14, 442, 213, 444, 216, -2, -3, -2.158798930342464, 3.605551275463989
90, 15, 578, 112, 578, 114, 0, -2, -1.5707963267948966, 2.0
90, 16, 311, 209, 314, 212, -3, -3, -2.356194490192345, 4.242640687119285
90, 17, 357, 275, 361, 278, -4, -3, -2.498091544796509, 5.0
90, 19, 161, 216, 165, 218, -4, -2, -2.677945044588987, 4.47213595499958
90, 20, 60, 111, 63, 113, -3, -2, -2.5535900500422257, 3.605551275463989
90, 21, 272, 130, 276, 134, -4, -4, -2.356194490192345, 5.656854249492381
90, 22, 433, 127, 435, 131, -2, -4, -2.0344439357957027, 4.47213595499958
90, 23, 256, 135, 260, 138, -4, -3, -2.498091544796509, 5.0
90, 24, 480, 139, 480, 144, 0, -5, -1.5707963267948966, 5.0
90, 25, 597, 199, 599, 200, -2, -1, -2.677945044588987, 2.23606797749979
90, 26, 85, 292, 90, 293, -5, -1, -2.9441970937399127, 5.0990195135927845
90, 27, 103, 168, 107, 171, -4, -3, -2.498091544796509, 5.0
90, 28, 39, 245, 41, 246, -2, -1, -2.677945044588987, 2.23606797749979
90, 29, 35, 170, 37, 171, -2, -1, -2.677945044588987, 2.23606797749979
90, 31, 309, 230, 314, 233, -5, -3, -2.601173153319209, 5.830951894845301
90, 32, 491, 259, 490, 263, 1, -4, -1.3258176636680326, 4.123105625617661
90, 33, 169, 109, 171, 110, -2, -1, -2.677945044588987, 2.23606797749979
90, 34, 590, 111, 589, 113, 1, -2, -1.1071487177940904, 2.23606797749979
90, 35, 121, 171, 124, 173, -3, -2, -2.5535900500422257, 3.605551275463989
90, 36, 413, 293, 417, 296, -4, -3, -2.498091544796509, 5.0
90, 37, 591, 189, 590, 192, 1, -3, -1.2490457723982544, 3.1622776601683795
90, 38, 433, 305, 437, 307, -4, -2, -2.677945044588987, 4.47213595499958
90, 39, 569, 366, 567, 367, 2, -1, -0.4636476090008061, 2.23606797749979
90, 40, 503, 130, 503, 135, 0, -5, -1.5707963267948966, 5.0
90, 41, 551, 145, 550, 149, 1, -4, -1.3258176636680326, 4.123105625617661
90, 42, 601, 245, 600, 246, 1, -1, -0.7853981633974483, 1.4142135623730951
90, 43, 361, 366, 364, 367, -3, -1, -2.819842099193151, 3.1622776601683795
90, 44, 111, 112, 113, 114, -2, -2, -2.356194490192345, 2.8284271247461903
90, 45, 42, 330, 46, 331, -4, -1, -2.896613990462929, 4.123105625617661
90, 46, 561, 123, 559, 128, 2, -5, -1.1902899496825317, 5.385164807134504
90, 47, 577, 242, 575, 244, 2, -2, -0.7853981633974483, 2.8284271247461903
90, 48, 601, 171, 599, 174, 2, -3, -0.982793723247329, 3.605551275463989
90, 50, 357, 317, 362, 318, -5, -1, -2.9441970937399127, 5.0990195135927845
90, 51, 587, 133, 586, 137, 1, -4, -1.3258176636680326, 4.123105625617661
90, 52, 181, 366, 185, 367, -4, -1, -2.896613990462929, 4.123105625617661
90, 53, 56, 367, 61, 368, -5, -1, -2.9441970937399127, 5.0990195135927845
90, 54, 402, 368, 404, 369, -2, -1, -2.677945044588987, 2.23606797749979
90, 55, 352, 111, 355, 114, -3, -3, -2.356194490192345, 4.242640687119285
90, 57, 43, 366, 45, 366, -2, 0, 3.141592653589793, 2.0
90, 58, 592, 149, 590, 153, 2, -4, -1.1071487177940904, 4.47213595499958
90, 59, 525, 274, 522, 277, 3, -3, -0.7853981633974483, 4.242640687119285
90, 61, 200, 208, 204, 211, -4, -3, -2.498091544796509, 5.0
90, 62, 251, 295, 255, 296, -4, -1, -2.896613990462929, 4.123105625617661
90, 63, 592, 311, 591, 312, 1, -1, -0.7853981633974483, 1.4142135623730951
90, 64, 240, 276, 245, 278, -5, -2, -2.761086276477428, 5.385164807134504
90, 65, 171, 141, 175, 143, -4, -2, -2.677945044588987, 4.47213595499958
90, 66, 543, 366, 542, 367, 1, -1, -0.7853981633974483, 1.4142135623730951
90, 67, 587, 242, 584, 245, 3, -3, -0.7853981633974483, 4.242640687119285
90, 68, 333, 137, 336, 140, -3, -3, -2.356194490192345, 4.242640687119285
90, 69, 396, 356, 401, 355, -5, 1, 2.9441970937399127, 5.0990195135927845
90, 70, 176, 350, 180, 350, -4, 0, 3.141592653589793, 4.0
90, 71, 56, 314, 61, 315, -5, -1, -2.9441970937399127, 5.0990195135927845
90, 72, 92, 314, 97, 315, -5, -1, -2.9441970937399127, 5.0990195135927845
90, 73, 291, 118, 294, 121, -3, -3, -2.356194490192345, 4.242640687119285
90, 74, 50, 225, 55, 227, -5, -2, -2.761086276477428, 5.385164807134504
90, 75, 587, 360, 584, 359, 3, 1, 0.3217505543966422, 3.1622776601683795
90, 76, 52, 191, 56, 193, -4, -2, -2.677945044588987, 4.47213595499958
90, 78, 113, 172, 116, 173, -3, -1, -2.819842099193151, 3.1622776601683795
90, 79, 317, 320, 321, 321, -4, -1, -2.896613990462929, 4.123105625617661
90, 80, 92, 366, 97, 367, -5, -1, -2.9441970937399127, 5.0990195135927845
90, 81, 484, 207, 485, 212, -1, -5, -1.7681918866447774, 5.0990195135927845
90, 82, 128, 173, 132, 174, -4, -1, -2.896613990462929, 4.123105625617661
90, 83, 324, 262, 328, 264, -4, -2, -2.677945044588987, 4.47213595499958
90, 84, 71, 135, 74, 137, -3, -2, -2.5535900500422257, 3.605551275463989
90, 85, 121, 212, 126, 214, -5, -2, -2.761086276477428, 5.385164807134504
90, 86, 40, 216, 42, 217, -2, -1, -2.677945044588987, 2.23606797749979
90, 87, 571, 146, 570, 149, 1, -3, -1.2490457723982544, 3.1622776601683795
90, 88, 405, 189, 408, 193, -3, -4, -2.214297435588181, 5.0
90, 89, 72, 194, 76, 196, -4, -2, -2.677945044588987, 4.47213595499958
90, 90, 468, 183, 469, 187, -1, -4, -1.8157749899217608, 4.123105625617661
90, 91, 236, 147, 239, 150, -3, -3, -2.356194490192345, 4.242640687119285
90, 92, 358, 227, 361, 230, -3, -3, -2.356194490192345, 4.242640687119285
90, 93, 602, 265, 602, 267, 0, -2, -1.5707963267948966, 2.0
90, 94, 148, 167, 153, 169, -5, -2, -2.761086276477428, 5.385164807134504
90, 95, 393, 186, 395, 190, -2, -4, -2.0344439357957027, 4.47213595499958
90, 97, 145, 249, 150, 251, -5, -2, -2.761086276477428, 5.385164807134504
90, 99, 102, 266, 106, 266, -4, 0, 3.141592653589793, 4.0
90, 100, 437, 194, 439, 197, -2, -3, -2.158798930342464, 3.605551275463989
90, 101, 131, 113, 135, 116, -4, -3, -2.498091544796509, 5.0
90, 102, 558, 109, 559, 108, -1, 1, 2.356194490192345, 1.4142135623730951
90, 103, 295, 222, 300, 225, -5, -3, -2.601173153319209, 5.830951894845301
90, 104, 546, 207, 545, 210, 1, -3, -1.2490457723982544, 3.1622776601683795
90, 105, 191, 267, 195, 268, -4, -1, -2.896613990462929, 4.123105625617661
90, 106, 506, 152, 505, 157, 1, -5, -1.373400766945016, 5.0990195135927845
90, 107, 217, 221, 220, 223, -3, -2, -2.5535900500422257, 3.605551275463989
90, 108, 344, 217, 347, 220, -3, -3, -2.356194490192345, 4.242640687119285
90, 109, 54, 343, 59, 343, -5, 0, 3.141592653589793, 5.0
90, 110, 60, 105, 63, 106, -3, -1, -2.819842099193151, 3.1622776601683795
90, 111, 101, 148, 105, 150, -4, -2, -2.677945044588987, 4.47213595499958
90, 112, 594, 161, 595, 163, -1, -2, -2.0344439357957027, 2.23606797749979
90, 113, 60, 174, 64, 177, -4, -3, -2.498091544796509, 5.0
90, 114, 169, 180, 173, 183, -4, -3, -2.498091544796509, 5.0
90, 115, 76, 211, 80, 214, -4, -3, -2.498091544796509, 5.0
90, 117, 357, 159, 360, 162, -3, -3, -2.356194490192345, 4.242640687119285
90, 118, 45, 254, 51, 255, -6, -1, -2.976443976175166, 6.082762530298219
90, 119, 365, 358, 369, 357, -4, 1, 2.896613990462929, 4.123105625617661
90, 120, 533, 173, 532, 177, 1, -4, -1.3258176636680326, 4.123105625617661
90, 121, 525, 158, 524, 163, 1, -5, -1.373400766945016, 5.0990195135927845
90, 122, 92, 147, 97, 150, -5, -3, -2.601173153319209, 5.830951894845301
90, 123, 78, 116, 81, 117, -3, -1, -2.819842099193151, 3.1622776601683795
90, 124, 604, 236, 604, 238, 0, -2, -1.5707963267948966, 2.0
90, 125, 374, 272, 378, 274, -4, -2, -2.677945044588987, 4.47213595499958
90, 126, 117, 338, 120, 339, -3, -1, -2.819842099193151, 3.1622776601683795
90, 127, 95, 289, 99, 289, -4, 0, 3.141592653589793, 4.0
90, 128, 425, 247, 428, 251, -3, -4, -2.214297435588181, 5.0
90, 129, 108, 301, 112, 302, -4, -1, -2.896613990462929, 4.123105625617661
90, 130, 592, 264, 591, 266, 1, -2, -1.1071487177940904, 2.23606797749979
90, 131, 339, 120, 341, 122, -2, -2, -2.356194490192345, 2.8284271247461903
90, 132, 545, 359, 543, 358, 2, 1, 0.4636476090008061, 2.23606797749979
90, 133, 578, 317, 574, 318, 4, -1, -0.24497866312686414, 4.123105625617661
90, 134, 548, 238, 546, 242, 2, -4, -1.1071487177940904, 4.47213595499958
90, 135, 55, 272, 59, 273, -4, -1, -2.896613990462929, 4.123105625617661
90, 136, 426, 231, 428, 236, -2, -5, -1.9513027039072615, 5.385164807134504
90, 137, 52, 296, 57, 297, -5, -1, -2.9441970937399127, 5.0990195135927845
90, 138, 97, 111, 100, 111, -3, 0, 3.141592653589793, 3.0
90, 139, 564, 278, 562, 280, 2, -2, -0.7853981633974483, 2.8284271247461903
90, 140, 128, 211, 133, 213, -5, -2, -2.761086276477428, 5.385164807134504
90, 141, 261, 234, 265, 236, -4, -2, -2.677945044588987, 4.47213595499958
90, 142, 507, 198, 506, 202, 1, -4, -1.3258176636680326, 4.123105625617661
90, 143, 260, 275, 264, 276, -4, -1, -2.896613990462929, 4.123105625617661
90, 144, 201, 316, 205, 316, -4, 0, 3.141592653589793, 4.0
90, 145, 196, 294, 200, 295, -4, -1, -2.896613990462929, 4.123105625617661
90, 146, 310, 337, 315, 338, -5, -1, -2.9441970937399127, 5.0990195135927845
90, 149, 538, 258, 537, 262, 1, -4, -1.3258176636680326, 4.123105625617661
90, 150, 341, 171, 344, 174, -3, -3, -2.356194490192345, 4.242640687119285
90, 151, 179, 146, 182, 148, -3, -2, -2.5535900500422257, 3.605551275463989
90, 152, 136, 157, 140, 159, -4, -2, -2.677945044588987, 4.47213595499958
90, 153, 132, 349, 137, 348, -5, 1, 2.9441970937399127, 5.0990195135927845
90, 154, 387, 328, 392, 328, -5, 0, 3.141592653589793, 5.0
90, 156, 117, 194, 122, 197, -5, -3, -2.601173153319209, 5.830951894845301
90, 157, 382, 110, 383, 112, -1, -2, -2.0344439357957027, 2.23606797749979
90, 158, 83, 164, 89, 167, -6, -3, -2.677945044588987, 6.708203932499369
90, 159, 183, 126, 186, 128, -3, -2, -2.5535900500422257, 3.605551275463989
90, 160, 416, 158, 418, 161, -2, -3, -2.158798930342464, 3.605551275463989
90, 161, 478, 245, 478, 249, 0, -4, -1.5707963267948966, 4.0
90, 162, 555, 178, 554, 182, 1, -4, -1.3258176636680326, 4.123105625617661
90, 163, 117, 127, 121, 130, -4, -3, -2.498091544796509, 5.0
90, 164, 314, 358, 317, 358, -3, 0, 3.141592653589793, 3.0
90, 165, 401, 224, 405, 227, -4, -3, -2.498091544796509, 5.0
90, 166, 453, 137, 454, 142, -1, -5, -1.7681918866447774, 5.0990195135927845
90, 167, 324, 186, 327, 189, -3, -3, -2.356194490192345, 4.242640687119285
90, 168, 275, 336, 280, 337, -5, -1, -2.9441970937399127, 5.0990195135927845
90, 169, 76, 151, 80, 153, -4, -2, -2.677945044588987, 4.47213595499958
90, 170, 88, 191, 93, 194, -5, -3, -2.601173153319209, 5.830951894845301
90, 171, 76, 178, 80, 180, -4, -2, -2.677945044588987, 4.47213595499958
90, 172, 224, 170, 228, 172, -4, -2, -2.677945044588987, 4.47213595499958
90, 173, 67, 255, 72, 256, -5, -1, -2.9441970937399127, 5.0990195135927845
90, 174, 538, 355, 536, 354, 2, 1, 0.4636476090008061, 2.23606797749979
90, 175, 328, 169, 331, 173, -3, -4, -2.214297435588181, 5.0
90, 176, 391, 248, 394, 251, -3, -3, -2.356194490192345, 4.242640687119285
90, 178, 573, 342, 570, 341, 3, 1, 0.3217505543966422, 3.1622776601683795
90, 179, 366, 295, 371, 297, -5, -2, -2.761086276477428, 5.385164807134504
90, 180, 325, 317, 330, 319, -5, -2, -2.761086276477428, 5.385164807134504
90, 181, 144, 330, 148, 330, -4, 0, 3.141592653589793, 4.0
90, 182, 544, 161, 543, 164, 1, -3, -1.2490457723982544, 3.1622776601683795
90, 183, 124, 285, 129, 286, -5, -1, -2.9441970937399127, 5.0990195135927845
90, 184, 154, 282, 159, 283, -5, -1, -2.9441970937399127, 5.0990195135927845
90, 185, 123, 140, 127, 142, -4, -2, -2.677945044588987, 4.47213595499958
90, 186, 51, 219, 53, 219, -2, 0, 3.141592653589793, 2.0
90, 187, 542, 299, 540, 300, 2, -1, -0.4636476090008061, 2.23606797749979
90, 188, 46, 234, 45, 235, 1, -1, -0.7853981633974483, 1.4142135623730951
90, 189, 214, 296, 217, 297, -3, -1, -2.819842099193151, 3.1622776601683795
90, 190, 221, 274, 226, 275, -5, -1, -2.9441970937399127, 5.0990195135927845
90, 191, 138, 323, 142, 324, -4, -1, -2.896613990462929, 4.123105625617661
90, 192, 338, 245, 343, 248, -5, -3, -2.601173153319209, 5.830951894845301
90, 193, 570, 314, 567, 315, 3, -1, -0.3217505543966422, 3.1622776601683795
90, 194, 238, 124, 241, 127, -3, -3, -2.356194490192345, 4.242640687119285
90, 195, 161, 262, 165, 264, -4, -2, -2.677945044588987, 4.47213595499958
90, 196, 495, 137, 495, 139, 0, -2, -1.5707963267948966, 2.0
90, 197, 487, 153, 487, 157, 0, -4, -1.5707963267948966, 4.0
91, 0, 354, 201, 357, 204, -3, -3, -2.356194490192345, 4.242640687119285
91, 1, 598, 310, 598, 312, 0, -2, -1.5707963267948966, 2.0
91, 2, 87, 266, 91, 268, -4, -2, -2.677945044588987, 4.47213595499958
91, 3, 421, 185, 423, 190, -2, -5, -1.9513027039072615, 5.385164807134504
91, 4, 173, 332, 178, 332, -5, 0, 3.141592653589793, 5.0
91, 5, 42, 360, 45, 360, -3, 0, 3.141592653589793, 3.0
91, 6, 272, 217, 275, 220, -3, -3, -2.356194490192345, 4.242640687119285
91, 7, 371, 151, 374, 155, -3, -4, -2.214297435588181, 5.0
91, 8, 208, 143, 212, 146, -4, -3, -2.498091544796509, 5.0
91, 9, 277, 303, 282, 305, -5, -2, -2.761086276477428, 5.385164807134504
91, 11, 598, 334, 596, 333, 2, 1, 0.4636476090008061, 2.23606797749979
91, 12, 409, 124, 410, 127, -1, -3, -1.892546881191539, 3.1622776601683795
91, 13, 440, 209, 442, 213, -2, -4, -2.0344439357957027, 4.47213595499958
91, 14, 579, 110, 578, 112, 1, -2, -1.1071487177940904, 2.23606797749979
91, 15, 307, 206, 311, 209, -4, -3, -2.498091544796509, 5.0
91, 16, 353, 273, 357, 275, -4, -2, -2.677945044588987, 4.47213595499958
91, 17, 465, 368, 465, 370, 0, -2, -1.5707963267948966, 2.0
91, 18, 156, 214, 161, 216, -5, -2, -2.761086276477428, 5.385164807134504
91, 19, 58, 110, 60, 111, -2, -1, -2.677945044588987, 2.23606797749979
91, 20, 268, 127, 272, 130, -4, -3, -2.498091544796509, 5.0
91, 21, 431, 123, 433, 127, -2, -4, -2.0344439357957027, 4.47213595499958
91, 22, 253, 132, 256, 135, -3, -3, -2.356194490192345, 4.242640687119285
91, 23, 480, 134, 480, 139, 0, -5, -1.5707963267948966, 5.0
91, 24, 594, 199, 597, 199, -3, 0, 3.141592653589793, 3.0
91, 25, 80, 290, 85, 292, -5, -2, -2.761086276477428, 5.385164807134504
91, 26, 98, 165, 103, 168, -5, -3, -2.601173153319209, 5.830951894845301
91, 27, 37, 244, 39, 245, -2, -1, -2.677945044588987, 2.23606797749979
91, 28, 33, 169, 35, 170, -2, -1, -2.677945044588987, 2.23606797749979
91, 30, 305, 227, 309, 230, -4, -3, -2.498091544796509, 5.0
91, 31, 491, 255, 491, 259, 0, -4, -1.5707963267948966, 4.0
91, 32, 167, 108, 169, 109, -2, -1, -2.677945044588987, 2.23606797749979
91, 33, 590, 109, 590, 111, 0, -2, -1.5707963267948966, 2.0
91, 34, 117, 169, 121, 171, -4, -2, -2.677945044588987, 4.47213595499958
91, 35, 409, 291, 413, 293, -4, -2, -2.677945044588987, 4.47213595499958
91, 36, 592, 185, 591, 189, 1, -4, -1.3258176636680326, 4.123105625617661
91, 37, 429, 303, 433, 305, -4, -2, -2.677945044588987, 4.47213595499958
91, 38, 571, 366, 569, 366, 2, 0, 0.0, 2.0
91, 39, 504, 125, 503, 130, 1, -5, -1.373400766945016, 5.0990195135927845
91, 40, 553, 140, 551, 145, 2, -5, -1.1902899496825317, 5.385164807134504
91, 41, 602, 244, 601, 245, 1, -1, -0.7853981633974483, 1.4142135623730951
91, 42, 357, 365, 361, 366, -4, -1, -2.896613990462929, 4.123105625617661
91, 43, 108, 111, 111, 112, -3, -1, -2.819842099193151, 3.1622776601683795
91, 44, 39, 330, 42, 330, -3, 0, 3.141592653589793, 3.0
91, 45, 563, 118, 561, 123, 2, -5, -1.1902899496825317, 5.385164807134504
91, 46, 579, 239, 577, 242, 2, -3, -0.982793723247329, 3.605551275463989
91, 47, 603, 168, 601, 171, 2, -3, -0.982793723247329, 3.605551275463989
91, 49, 351, 317, 357, 317, -6, 0, 3.141592653589793, 6.0
91, 50, 588, 129, 587, 133, 1, -4, -1.3258176636680326, 4.123105625617661
91, 51, 177, 366, 181, 366, -4, 0, 3.141592653589793, 4.0
91, 52, 51, 366, 56, 367, -5, -1, -2.9441970937399127, 5.0990195135927845
91, 53, 400, 367, 402, 368, -2, -1, -2.677945044588987, 2.23606797749979
91, 54, 351, 109, 352, 111, -1, -2, -2.0344439357957027, 2.23606797749979
91, 57, 593, 146, 592, 149, 1, -3, -1.2490457723982544, 3.1622776601683795
91, 58, 527, 271, 525, 274, 2, -3, -0.982793723247329, 3.605551275463989
91, 60, 196, 206, 200, 208, -4, -2, -2.677945044588987, 4.47213595499958
91, 61, 246, 294, 251, 295, -5, -1, -2.9441970937399127, 5.0990195135927845
91, 63, 236, 275, 240, 276, -4, -1, -2.896613990462929, 4.123105625617661
91, 64, 167, 139, 171, 141, -4, -2, -2.677945044588987, 4.47213595499958
91, 65, 544, 365, 543, 366, 1, -1, -0.7853981633974483, 1.4142135623730951
91, 66, 590, 239, 587, 242, 3, -3, -0.7853981633974483, 4.242640687119285
91, 67, 330, 133, 333, 137, -3, -4, -2.214297435588181, 5.0
91, 68, 390, 358, 396, 356, -6, 2, 2.819842099193151, 6.324555320336759
91, 69, 172, 350, 176, 350, -4, 0, 3.141592653589793, 4.0
91, 70, 52, 314, 56, 314, -4, 0, 3.141592653589793, 4.0
91, 71, 86, 313, 92, 314, -6, -1, -2.976443976175166, 6.082762530298219
91, 72, 289, 116, 291, 118, -2, -2, -2.356194490192345, 2.8284271247461903
91, 73, 46, 224, 50, 225, -4, -1, -2.896613990462929, 4.123105625617661
91, 74, 590, 361, 587, 360, 3, 1, 0.3217505543966422, 3.1622776601683795
91, 75, 50, 189, 52, 191, -2, -2, -2.356194490192345, 2.8284271247461903
91, 77, 109, 171, 113, 172, -4, -1, -2.896613990462929, 4.123105625617661
91, 78, 312, 319, 317, 320, -5, -1, -2.9441970937399127, 5.0990195135927845
91, 79, 88, 365, 92, 366, -4, -1, -2.896613990462929, 4.123105625617661
91, 80, 483, 203, 484, 207, -1, -4, -1.8157749899217608, 4.123105625617661
91, 81, 125, 172, 128, 173, -3, -1, -2.819842099193151, 3.1622776601683795
91, 82, 320, 260, 324, 262, -4, -2, -2.677945044588987, 4.47213595499958
91, 83, 67, 133, 71, 135, -4, -2, -2.677945044588987, 4.47213595499958
91, 84, 116, 209, 121, 212, -5, -3, -2.601173153319209, 5.830951894845301
91, 85, 40, 214, 40, 216, 0, -2, -1.5707963267948966, 2.0
91, 86, 572, 143, 571, 146, 1, -3, -1.2490457723982544, 3.1622776601683795
91, 87, 403, 186, 405, 189, -2, -3, -2.158798930342464, 3.605551275463989
91, 88, 68, 192, 72, 194, -4, -2, -2.677945044588987, 4.47213595499958
91, 89, 467, 179, 468, 183, -1, -4, -1.8157749899217608, 4.123105625617661
91, 90, 233, 145, 236, 147, -3, -2, -2.5535900500422257, 3.605551275463989
91, 91, 356, 224, 358, 227, -2, -3, -2.158798930342464, 3.605551275463989
91, 92, 602, 263, 602, 265, 0, -2, -1.5707963267948966, 2.0
91, 93, 143, 164, 148, 167, -5, -3, -2.601173153319209, 5.830951894845301
91, 94, 391, 183, 393, 186, -2, -3, -2.158798930342464, 3.605551275463989
91, 95, 413, 106, 415, 106, -2, 0, 3.141592653589793, 2.0
91, 96, 140, 247, 145, 249, -5, -2, -2.761086276477428, 5.385164807134504
91, 97, 603, 336, 602, 337, 1, -1, -0.7853981633974483, 1.4142135623730951
91, 98, 99, 266, 102, 266, -3, 0, 3.141592653589793, 3.0
91, 99, 128, 111, 131, 113, -3, -2, -2.5535900500422257, 3.605551275463989
91, 101, 290, 219, 295, 222, -5, -3, -2.601173153319209, 5.830951894845301
91, 102, 548, 204, 546, 207, 2, -3, -0.982793723247329, 3.605551275463989
91, 103, 187, 266, 191, 267, -4, -1, -2.896613990462929, 4.123105625617661
91, 104, 506, 148, 506, 152, 0, -4, -1.5707963267948966, 4.0
91, 105, 213, 219, 217, 221, -4, -2, -2.677945044588987, 4.47213595499958
91, 106, 341, 214, 344, 217, -3, -3, -2.356194490192345, 4.242640687119285
91, 107, 50, 343, 54, 343, -4, 0, 3.141592653589793, 4.0
91, 108, 58, 104, 60, 105, -2, -1, -2.677945044588987, 2.23606797749979
91, 109, 96, 145, 101, 148, -5, -3, -2.601173153319209, 5.830951894845301
91, 110, 594, 158, 594, 161, 0, -3, -1.5707963267948966, 3.0
91, 111, 56, 173, 60, 174, -4, -1, -2.896613990462929, 4.123105625617661
91, 112, 165, 178, 169, 180, -4, -2, -2.677945044588987, 4.47213595499958
91, 113, 71, 209, 76, 211, -5, -2, -2.761086276477428, 5.385164807134504
91, 114, 541, 150, 540, 152, 1, -2, -1.1071487177940904, 2.23606797749979
91, 115, 354, 155, 357, 159, -3, -4, -2.214297435588181, 5.0
91, 116, 42, 253, 45, 254, -3, -1, -2.819842099193151, 3.1622776601683795
91, 117, 362, 358, 365, 358, -3, 0, 3.141592653589793, 3.0
91, 118, 534, 169, 533, 173, 1, -4, -1.3258176636680326, 4.123105625617661
91, 119, 526, 153, 525, 158, 1, -5, -1.373400766945016, 5.0990195135927845
91, 120, 87, 144, 92, 147, -5, -3, -2.601173153319209, 5.830951894845301
91, 121, 75, 115, 78, 116, -3, -1, -2.819842099193151, 3.1622776601683795
91, 122, 604, 234, 604, 236, 0, -2, -1.5707963267948966, 2.0
91, 123, 369, 269, 374, 272, -5, -3, -2.601173153319209, 5.830951894845301
91, 124, 114, 337, 117, 338, -3, -1, -2.819842099193151, 3.1622776601683795
91, 125, 92, 289, 95, 289, -3, 0, 3.141592653589793, 3.0
91, 126, 422, 244, 425, 247, -3, -3, -2.356194490192345, 4.242640687119285
91, 127, 104, 300, 108, 301, -4, -1, -2.896613990462929, 4.123105625617661
91, 128, 593, 262, 592, 264, 1, -2, -1.1071487177940904, 2.23606797749979
91, 129, 336, 118, 339, 120, -3, -2, -2.5535900500422257, 3.605551275463989
91, 130, 547, 359, 545, 359, 2, 0, 0.0, 2.0
91, 131, 581, 316, 578, 317, 3, -1, -0.3217505543966422, 3.1622776601683795
91, 132, 550, 234, 548, 238, 2, -4, -1.1071487177940904, 4.47213595499958
91, 133, 51, 272, 55, 272, -4, 0, 3.141592653589793, 4.0
91, 134, 423, 228, 426, 231, -3, -3, -2.356194490192345, 4.242640687119285
91, 135, 48, 294, 52, 296, -4, -2, -2.677945044588987, 4.47213595499958
91, 136, 94, 111, 97, 111, -3, 0, 3.141592653589793, 3.0
91, 137, 566, 275, 564, 278, 2, -3, -0.982793723247329, 3.605551275463989
91, 138, 123, 209, 128, 211, -5, -2, -2.761086276477428, 5.385164807134504
91, 139, 256, 231, 261, 234, -5, -3, -2.601173153319209, 5.830951894845301
91, 140, 508, 195, 507, 198, 1, -3, -1.2490457723982544, 3.1622776601683795
91, 141, 256, 274, 260, 275, -4, -1, -2.896613990462929, 4.123105625617661
91, 142, 196, 315, 201, 316, -5, -1, -2.9441970937399127, 5.0990195135927845
91, 143, 192, 293, 196, 294, -4, -1, -2.896613990462929, 4.123105625617661
91, 144, 307, 337, 310, 337, -3, 0, 3.141592653589793, 3.0
91, 146, 540, 254, 538, 258, 2, -4, -1.1071487177940904, 4.47213595499958
91, 147, 337, 167, 341, 171, -4, -4, -2.356194490192345, 5.656854249492381
91, 148, 176, 144, 179, 146, -3, -2, -2.5535900500422257, 3.605551275463989
91, 149, 133, 155, 136, 157, -3, -2, -2.5535900500422257, 3.605551275463989
91, 150, 127, 349, 132, 349, -5, 0, 3.141592653589793, 5.0
91, 151, 382, 329, 387, 328, -5, 1, 2.9441970937399127, 5.0990195135927845
91, 153, 113, 192, 117, 194, -4, -2, -2.677945044588987, 4.47213595499958
91, 154, 78, 162, 83, 164, -5, -2, -2.761086276477428, 5.385164807134504
91, 155, 179, 124, 183, 126, -4, -2, -2.677945044588987, 4.47213595499958
91, 156, 414, 153, 416, 158, -2, -5, -1.9513027039072615, 5.385164807134504
91, 157, 478, 240, 478, 245, 0, -5, -1.5707963267948966, 5.0
91, 158, 556, 174, 555, 178, 1, -4, -1.3258176636680326, 4.123105625617661
91, 159, 113, 124, 117, 127, -4, -3, -2.498091544796509, 5.0
91, 160, 309, 358, 314, 358, -5, 0, 3.141592653589793, 5.0
91, 161, 399, 222, 401, 224, -2, -2, -2.356194490192345, 2.8284271247461903
91, 162, 452, 133, 453, 137, -1, -4, -1.8157749899217608, 4.123105625617661
91, 163, 321, 183, 324, 186, -3, -3, -2.356194490192345, 4.242640687119285
91, 164, 270, 335, 275, 336, -5, -1, -2.9441970937399127, 5.0990195135927845
91, 165, 71, 149, 76, 151, -5, -2, -2.761086276477428, 5.385164807134504
91, 166, 85, 189, 88, 191, -3, -2, -2.5535900500422257, 3.605551275463989
91, 167, 71, 176, 76, 178, -5, -2, -2.761086276477428, 5.385164807134504
91, 168, 221, 168, 224, 170, -3, -2, -2.5535900500422257, 3.605551275463989
91, 169, 63, 254, 67, 255, -4, -1, -2.896613990462929, 4.123105625617661
91, 170, 540, 356, 538, 355, 2, 1, 0.4636476090008061, 2.23606797749979
91, 171, 324, 165, 328, 169, -4, -4, -2.356194490192345, 5.656854249492381
91, 172, 388, 245, 391, 248, -3, -3, -2.356194490192345, 4.242640687119285
91, 174, 576, 343, 573, 342, 3, 1, 0.3217505543966422, 3.1622776601683795
91, 175, 362, 292, 366, 295, -4, -3, -2.498091544796509, 5.0
91, 176, 320, 317, 325, 317, -5, 0, 3.141592653589793, 5.0
91, 177, 139, 330, 144, 330, -5, 0, 3.141592653589793, 5.0
91, 178, 546, 157, 544, 161, 2, -4, -1.1071487177940904, 4.47213595499958
91, 179, 118, 284, 124, 285, -6, -1, -2.976443976175166, 6.082762530298219
91, 180, 151, 281, 154, 282, -3, -1, -2.819842099193151, 3.1622776601683795
91, 181, 120, 138, 123, 140, -3, -2, -2.5535900500422257, 3.605551275463989
91, 182, 545, 297, 542, 299, 3, -2, -0.5880026035475675, 3.605551275463989
91, 183, 210, 294, 214, 296, -4, -2, -2.677945044588987, 4.47213595499958
91, 184, 216, 273, 221, 274, -5, -1, -2.9441970937399127, 5.0990195135927845
91, 185, 133, 322, 138, 323, -5, -1, -2.9441970937399127, 5.0990195135927845
91, 186, 333, 243, 338, 245, -5, -2, -2.761086276477428, 5.385164807134504
91, 187, 573, 313, 570, 314, 3, -1, -0.3217505543966422, 3.1622776601683795
91, 188, 235, 123, 238, 124, -3, -1, -2.819842099193151, 3.1622776601683795
91, 189, 155, 261, 161, 262, -6, -1, -2.976443976175166, 6.082762530298219
91, 190, 495, 135, 495, 137, 0, -2, -1.5707963267948966, 2.0
91, 191, 487, 149, 487, 153, 0, -4, -1.5707963267948966, 4.0
92, 0, 352, 198, 354, 201, -2, -3, -2.158798930342464, 3.605551275463989
92, 2, 83, 264, 87, 266, -4, -2, -2.677945044588987, 4.47213595499958
92, 3, 420, 181, 421, 185, -1, -4, -1.8157749899217608, 4.123105625617661
92, 4, 171, 332, 173, 332, -2, 0, 3.141592653589793, 2.0
92, 5, 40, 360, 42, 360, -2, 0, 3.141592653589793, 2.0
92, 6, 269, 215, 272, 217, -3, -2, -2.5535900500422257, 3.605551275463989
92, 7, 369, 148, 371, 151, -2, -3, -2.158798930342464, 3.605551275463989
92, 8, 205, 140, 208, 143, -3, -3, -2.356194490192345, 4.242640687119285
92, 9, 272, 302, 277, 303, -5, -1, -2.9441970937399127, 5.0990195135927845
92, 11, 601, 333, 598, 334, 3, -1, -0.3217505543966422, 3.1622776601683795
92, 12, 407, 120, 409, 124, -2, -4, -2.0344439357957027, 4.47213595499958
92, 13, 437, 206, 440, 209, -3, -3, -2.356194490192345, 4.242640687119285
92, 15, 305, 205, 307, 206, -2, -1, -2.677945044588987, 2.23606797749979
92, 16, 349, 271, 353, 273, -4, -2, -2.677945044588987, 4.47213595499958
92, 17, 465, 366, 465, 368, 0, -2, -1.5707963267948966, 2.0
92, 18, 152, 212, 156, 214, -4, -2, -2.677945044588987, 4.47213595499958
92, 19, 56, 109, 58, 110, -2, -1, -2.677945044588987, 2.23606797749979
92, 20, 265, 125, 268, 127, -3, -2, -2.5535900500422257, 3.605551275463989
92, 21, 430, 119, 431, 123, -1, -4, -1.8157749899217608, 4.123105625617661
92, 22, 251, 130, 253, 132, -2, -2, -2.356194490192345, 2.8284271247461903
92, 23, 480, 130, 480, 134, 0, -4, -1.5707963267948966, 4.0
92, 24, 592, 199, 594, 199, -2, 0, 3.141592653589793, 2.0
92, 25, 77, 289, 80, 290, -3, -1, -2.819842099193151, 3.1622776601683795
92, 26, 95, 163, 98, 165, -3, -2, -2.5535900500422257, 3.605551275463989
92, 27, 36, 242, 37, 244, -1, -2, -2.0344439357957027, 2.23606797749979
92, 30, 302, 227, 305, 227, -3, 0, 3.141592653589793, 3.0
92, 31, 491, 251, 491, 255, 0, -4, -1.5707963267948966, 4.0
92, 32, 164, 107, 167, 108, -3, -1, -2.819842099193151, 3.1622776601683795
92, 34, 113, 166, 117, 169, -4, -3, -2.498091544796509, 5.0
92, 35, 405, 288, 409, 291, -4, -3, -2.498091544796509, 5.0
92, 36, 593, 182, 592, 185, 1, -3, -1.2490457723982544, 3.1622776601683795
92, 37, 425, 301, 429, 303, -4, -2, -2.677945044588987, 4.47213595499958
92, 38, 573, 366, 571, 366, 2, 0, 0.0, 2.0
92, 39, 504, 121, 504, 125, 0, -4, -1.5707963267948966, 4.0
92, 40, 554, 137, 553, 140, 1, -3, -1.2490457723982544, 3.1622776601683795
92, 41, 603, 243, 602, 244, 1, -1, -0.7853981633974483, 1.4142135623730951
92, 42, 354, 365, 357, 365, -3, 0, 3.141592653589793, 3.0
92, 43, 105, 108, 108, 111, -3, -3, -2.356194490192345, 4.242640687119285
92, 44, 37, 329, 39, 330, -2, -1, -2.677945044588987, 2.23606797749979
92, 45, 564, 117, 563, 118, 1, -1, -0.7853981633974483, 1.4142135623730951
92, 46, 581, 236, 579, 239, 2, -3, -0.982793723247329, 3.605551275463989
92, 47, 606, 163, 603, 168, 3, -5, -1.0303768265243125, 5.830951894845301
92, 49, 348, 316, 351, 317, -3, -1, -2.819842099193151, 3.1622776601683795
92, 50, 590, 125, 588, 129, 2, -4, -1.1071487177940904, 4.47213595499958
92, 51, 173, 366, 177, 366, -4, 0, 3.141592653589793, 4.0
92, 52, 49, 364, 51, 366, -2, -2, -2.356194490192345, 2.8284271247461903
92, 53, 397, 367, 400, 367, -3, 0, 3.141592653589793, 3.0
92, 54, 350, 107, 351, 109, -1, -2, -2.0344439357957027, 2.23606797749979
92, 56, 594, 142, 593, 146, 1, -4, -1.3258176636680326, 4.123105625617661
92, 57, 530, 267, 527, 271, 3, -4, -0.9272952180016122, 5.0
92, 59, 191, 204, 196, 206, -5, -2, -2.761086276477428, 5.385164807134504
92, 60, 242, 293, 246, 294, -4, -1, -2.896613990462929, 4.123105625617661
92, 61, 592, 308, 592, 310, 0, -2, -1.5707963267948966, 2.0
92, 62, 232, 273, 236, 275, -4, -2, -2.677945044588987, 4.47213595499958
92, 63, 164, 138, 167, 139, -3, -1, -2.819842099193151, 3.1622776601683795
92, 64, 546, 365, 544, 365, 2, 0, 0.0, 2.0
92, 65, 591, 237, 590, 239, 1, -2, -1.1071487177940904, 2.23606797749979
92, 66, 326, 130, 330, 133, -4, -3, -2.498091544796509, 5.0
92, 67, 386, 359, 390, 358, -4, 1, 2.896613990462929, 4.123105625617661
92, 68, 167, 350, 172, 350, -5, 0, 3.141592653589793, 5.0
92, 69, 50, 312, 52, 314, -2, -2, -2.356194490192345, 2.8284271247461903
92, 70, 82, 312, 86, 313, -4, -1, -2.896613990462929, 4.123105625617661
92, 71, 287, 114, 289, 116, -2, -2, -2.356194490192345, 2.8284271247461903
92, 72, 43, 223, 46, 224, -3, -1, -2.819842099193151, 3.1622776601683795
92, 73, 592, 362, 590, 361, 2, 1, 0.4636476090008061, 2.23606797749979
92, 74, 48, 187, 50, 189, -2, -2, -2.356194490192345, 2.8284271247461903
92, 75, 105, 169, 109, 171, -4, -2, -2.677945044588987, 4.47213595499958
92, 76, 309, 318, 312, 319, -3, -1, -2.819842099193151, 3.1622776601683795
92, 77, 85, 363, 88, 365, -3, -2, -2.5535900500422257, 3.605551275463989
92, 78, 482, 199, 483, 203, -1, -4, -1.8157749899217608, 4.123105625617661
92, 79, 121, 170, 125, 172, -4, -2, -2.677945044588987, 4.47213595499958
92, 80, 316, 258, 320, 260, -4, -2, -2.677945044588987, 4.47213595499958
92, 81, 63, 131, 67, 133, -4, -2, -2.677945044588987, 4.47213595499958
92, 82, 112, 208, 116, 209, -4, -1, -2.896613990462929, 4.123105625617661
92, 83, 40, 212, 40, 214, 0, -2, -1.5707963267948966, 2.0
92, 84, 572, 139, 572, 143, 0, -4, -1.5707963267948966, 4.0
92, 85, 398, 180, 403, 186, -5, -6, -2.2655346029916, 7.810249675906654
92, 86, 65, 190, 68, 192, -3, -2, -2.5535900500422257, 3.605551275463989
92, 87, 466, 175, 467, 179, -1, -4, -1.8157749899217608, 4.123105625617661
92, 88, 230, 142, 233, 145, -3, -3, -2.356194490192345, 4.242640687119285
92, 89, 352, 220, 356, 224, -4, -4, -2.356194490192345, 5.656854249492381
92, 90, 603, 261, 602, 263, 1, -2, -1.1071487177940904, 2.23606797749979
92, 91, 139, 162, 143, 164, -4, -2, -2.677945044588987, 4.47213595499958
92, 92, 388, 180, 391, 183, -3, -3, -2.356194490192345, 4.242640687119285
92, 94, 136, 244, 140, 247, -4, -3, -2.498091544796509, 5.0
92, 96, 95, 265, 99, 266, -4, -1, -2.896613990462929, 4.123105625617661
92, 97, 126, 109, 128, 111, -2, -2, -2.356194490192345, 2.8284271247461903
92, 99, 288, 214, 290, 219, -2, -5, -1.9513027039072615, 5.385164807134504
92, 100, 550, 200, 548, 204, 2, -4, -1.1071487177940904, 4.47213595499958
92, 101, 184, 265, 187, 266, -3, -1, -2.819842099193151, 3.1622776601683795
92, 102, 504, 143, 506, 148, -2, -5, -1.9513027039072615, 5.385164807134504
92, 103, 209, 217, 213, 219, -4, -2, -2.677945044588987, 4.47213595499958
92, 104, 337, 211, 341, 214, -4, -3, -2.498091544796509, 5.0
92, 105, 48, 343, 50, 343, -2, 0, 3.141592653589793, 2.0
92, 106, 56, 103, 58, 104, -2, -1, -2.677945044588987, 2.23606797749979
92, 107, 92, 143, 96, 145, -4, -2, -2.677945044588987, 4.47213595499958
92, 108, 593, 155, 594, 158, -1, -3, -1.892546881191539, 3.1622776601683795
92, 109, 52, 171, 56, 173, -4, -2, -2.677945044588987, 4.47213595499958
92, 110, 161, 175, 165, 178, -4, -3, -2.498091544796509, 5.0
92, 111, 69, 208, 71, 209, -2, -1, -2.677945044588987, 2.23606797749979
92, 112, 542, 148, 541, 150, 1, -2, -1.1071487177940904, 2.23606797749979
92, 113, 350, 151, 354, 155, -4, -4, -2.356194490192345, 5.656854249492381
92, 114, 38, 252, 42, 253, -4, -1, -2.896613990462929, 4.123105625617661
92, 115, 358, 358, 362, 358, -4, 0, 3.141592653589793, 4.0
92, 116, 535, 165, 534, 169, 1, -4, -1.3258176636680326, 4.123105625617661
92, 117, 526, 149, 526, 153, 0, -4, -1.5707963267948966, 4.0
92, 118, 84, 142, 87, 144, -3, -2, -2.5535900500422257, 3.605551275463989
92, 119, 72, 114, 75, 115, -3, -1, -2.819842099193151, 3.1622776601683795
92, 120, 603, 232, 604, 234, -1, -2, -2.0344439357957027, 2.23606797749979
92, 121, 365, 267, 369, 269, -4, -2, -2.677945044588987, 4.47213595499958
92, 122, 113, 335, 114, 337, -1, -2, -2.0344439357957027, 2.23606797749979
92, 123, 88, 288, 92, 289, -4, -1, -2.896613990462929, 4.123105625617661
92, 124, 420, 241, 422, 244, -2, -3, -2.158798930342464, 3.605551275463989
92, 125, 99, 299, 104, 300, -5, -1, -2.9441970937399127, 5.0990195135927845
92, 126, 593, 260, 593, 262, 0, -2, -1.5707963267948966, 2.0
92, 127, 334, 115, 336, 118, -2, -3, -2.158798930342464, 3.605551275463989
92, 129, 584, 315, 581, 316, 3, -1, -0.3217505543966422, 3.1622776601683795
92, 130, 551, 230, 550, 234, 1, -4, -1.3258176636680326, 4.123105625617661
92, 131, 47, 271, 51, 272, -4, -1, -2.896613990462929, 4.123105625617661
92, 132, 420, 224, 423, 228, -3, -4, -2.214297435588181, 5.0
92, 133, 46, 294, 48, 294, -2, 0, 3.141592653589793, 2.0
92, 134, 91, 111, 94, 111, -3, 0, 3.141592653589793, 3.0
92, 135, 567, 273, 566, 275, 1, -2, -1.1071487177940904, 2.23606797749979
92, 136, 118, 207, 123, 209, -5, -2, -2.761086276477428, 5.385164807134504
92, 137, 252, 228, 256, 231, -4, -3, -2.498091544796509, 5.0
92, 138, 508, 192, 508, 195, 0, -3, -1.5707963267948966, 3.0
92, 139, 251, 273, 256, 274, -5, -1, -2.9441970937399127, 5.0990195135927845
92, 140, 194, 315, 196, 315, -2, 0, 3.141592653589793, 2.0
92, 141, 188, 292, 192, 293, -4, -1, -2.896613990462929, 4.123105625617661
92, 142, 304, 333, 307, 337, -3, -4, -2.214297435588181, 5.0
92, 144, 543, 250, 540, 254, 3, -4, -0.9272952180016122, 5.0
92, 145, 334, 163, 337, 167, -3, -4, -2.214297435588181, 5.0
92, 146, 173, 142, 176, 144, -3, -2, -2.5535900500422257, 3.605551275463989
92, 147, 131, 154, 133, 155, -2, -1, -2.677945044588987, 2.23606797749979
92, 148, 123, 348, 127, 349, -4, -1, -2.896613990462929, 4.123105625617661
92, 149, 377, 329, 382, 329, -5, 0, 3.141592653589793, 5.0
92, 151, 111, 190, 113, 192, -2, -2, -2.356194490192345, 2.8284271247461903
92, 152, 74, 161, 78, 162, -4, -1, -2.896613990462929, 4.123105625617661
92, 153, 177, 124, 179, 124, -2, 0, 3.141592653589793, 2.0
92, 154, 412, 148, 414, 153, -2, -5, -1.9513027039072615, 5.385164807134504
92, 155, 477, 234, 478, 240, -1, -6, -1.7359450042095235, 6.082762530298219
92, 156, 557, 172, 556, 174, 1, -2, -1.1071487177940904, 2.23606797749979
92, 157, 109, 122, 113, 124, -4, -2, -2.677945044588987, 4.47213595499958
92, 158, 306, 359, 309, 358, -3, 1, 2.819842099193151, 3.1622776601683795
92, 159, 397, 220, 399, 222, -2, -2, -2.356194490192345, 2.8284271247461903
92, 160, 449, 130, 452, 133, -3, -3, -2.356194490192345, 4.242640687119285
92, 161, 318, 180, 321, 183, -3, -3, -2.356194490192345, 4.242640687119285
92, 162, 265, 335, 270, 335, -5, 0, 3.141592653589793, 5.0
92, 163, 67, 147, 71, 149, -4, -2, -2.677945044588987, 4.47213595499958
92, 164, 79, 186, 85, 189, -6, -3, -2.677945044588987, 6.708203932499369
92, 165, 66, 173, 71, 176, -5, -3, -2.601173153319209, 5.830951894845301
92, 166, 218, 165, 221, 168, -3, -3, -2.356194490192345, 4.242640687119285
92, 167, 61, 253, 63, 254, -2, -1, -2.677945044588987, 2.23606797749979
92, 168, 542, 356, 540, 356, 2, 0, 0.0, 2.0
92, 169, 319, 162, 324, 165, -5, -3, -2.601173153319209, 5.830951894845301
92, 170, 385, 242, 388, 245, -3, -3, -2.356194490192345, 4.242640687119285
92, 171, 401, 109, 403, 110, -2, -1, -2.677945044588987, 2.23606797749979
92, 172, 580, 344, 576, 343, 4, 1, 0.24497866312686414, 4.123105625617661
92, 173, 359, 290, 362, 292, -3, -2, -2.5535900500422257, 3.605551275463989
92, 174, 314, 317, 320, 317, -6, 0, 3.141592653589793, 6.0
92, 175, 135, 329, 139, 330, -4, -1, -2.896613990462929, 4.123105625617661
92, 176, 548, 153, 546, 157, 2, -4, -1.1071487177940904, 4.47213595499958
92, 177, 115, 283, 118, 284, -3, -1, -2.819842099193151, 3.1622776601683795
92, 178, 148, 280, 151, 281, -3, -1, -2.819842099193151, 3.1622776601683795
92, 179, 119, 136, 120, 138, -1, -2, -2.0344439357957027, 2.23606797749979
92, 180, 548, 294, 545, 297, 3, -3, -0.7853981633974483, 4.242640687119285
92, 181, 206, 294, 210, 294, -4, 0, 3.141592653589793, 4.0
92, 182, 212, 272, 216, 273, -4, -1, -2.896613990462929, 4.123105625617661
92, 183, 128, 321, 133, 322, -5, -1, -2.9441970937399127, 5.0990195135927845
92, 184, 329, 241, 333, 243, -4, -2, -2.677945044588987, 4.47213595499958
92, 185, 577, 312, 573, 313, 4, -1, -0.24497866312686414, 4.123105625617661
92, 186, 233, 123, 235, 123, -2, 0, 3.141592653589793, 2.0
92, 187, 149, 258, 155, 261, -6, -3, -2.677945044588987, 6.708203932499369
92, 188, 495, 132, 495, 135, 0, -3, -1.5707963267948966, 3.0
92, 189, 487, 145, 487, 149, 0, -4, -1.5707963267948966, 4.0
93, 0, 350, 197, 352, 198, -2, -1, -2.677945044588987, 2.23606797749979
93, 2, 79, 263, 83, 264, -4, -1, -2.896613990462929, 4.123105625617661
93, 3, 421, 180, 420, 181, 1, -1, -0.7853981633974483, 1.4142135623730951
93, 4, 167, 331, 171, 332, -4, -1, -2.896613990462929, 4.123105625617661
93, 5, 37, 359, 40, 360, -3, -1, -2.819842099193151, 3.1622776601683795
93, 6, 266, 214, 269, 215, -3, -1, -2.819842099193151, 3.1622776601683795
93, 7, 366, 145, 369, 148, -3, -3, -2.356194490192345, 4.242640687119285
93, 8, 202, 137, 205, 140, -3, -3, -2.356194490192345, 4.242640687119285
93, 9, 269, 301, 272, 302, -3, -1, -2.819842099193151, 3.1622776601683795
93, 10, 602, 290, 601, 291, 1, -1, -0.7853981633974483, 1.4142135623730951
93, 12, 405, 117, 407, 120, -2, -3, -2.158798930342464, 3.605551275463989
93, 13, 435, 203, 437, 206, -2, -3, -2.158798930342464, 3.605551275463989
93, 15, 300, 203, 305, 205, -5, -2, -2.761086276477428, 5.385164807134504
93, 16, 347, 271, 349, 271, -2, 0, 3.141592653589793, 2.0
93, 17, 148, 211, 152, 212, -4, -1, -2.896613990462929, 4.123105625617661
93, 18, 54, 107, 56, 109, -2, -2, -2.356194490192345, 2.8284271247461903
93, 19, 263, 123, 265, 125, -2, -2, -2.356194490192345, 2.8284271247461903
93, 20, 429, 114, 430, 119, -1, -5, -1.7681918866447774, 5.0990195135927845
93, 21, 249, 128, 251, 130, -2, -2, -2.356194490192345, 2.8284271247461903
93, 22, 480, 125, 480, 130, 0, -5, -1.5707963267948966, 5.0
93, 23, 591, 197, 592, 199, -1, -2, -2.0344439357957027, 2.23606797749979
93, 24, 72, 289, 77, 289, -5, 0, 3.141592653589793, 5.0
93, 25, 92, 161, 95, 163, -3, -2, -2.5535900500422257, 3.605551275463989
93, 28, 297, 225, 302, 227, -5, -2, -2.761086276477428, 5.385164807134504
93, 29, 490, 248, 491, 251, -1, -3, -1.892546881191539, 3.1622776601683795
93, 30, 162, 106, 164, 107, -2, -1, -2.677945044588987, 2.23606797749979
93, 31, 591, 107, 590, 108, 1, -1, -0.7853981633974483, 1.4142135623730951
93, 32, 109, 164, 113, 166, -4, -2, -2.677945044588987, 4.47213595499958
93, 33, 402, 286, 405, 288, -3, -2, -2.5535900500422257, 3.605551275463989
93, 34, 593, 178, 593, 182, 0, -4, -1.5707963267948966, 4.0
93, 35, 422, 299, 425, 301, -3, -2, -2.5535900500422257, 3.605551275463989
93, 36, 574, 365, 573, 366, 1, -1, -0.7853981633974483, 1.4142135623730951
93, 37, 504, 118, 504, 121, 0, -3, -1.5707963267948966, 3.0
93, 38, 555, 133, 554, 137, 1, -4, -1.3258176636680326, 4.123105625617661
93, 39, 604, 242, 603, 243, 1, -1, -0.7853981633974483, 1.4142135623730951
93, 40, 351, 365, 354, 365, -3, 0, 3.141592653589793, 3.0
93, 41, 102, 106, 105, 108, -3, -2, -2.5535900500422257, 3.605551275463989
93, 42, 565, 114, 564, 117, 1, -3, -1.2490457723982544, 3.1622776601683795
93, 43, 582, 233, 581, 236, 1, -3, -1.2490457723982544, 3.1622776601683795
93, 44, 605, 161, 606, 163, -1, -2, -2.0344439357957027, 2.23606797749979
93, 46, 346, 319, 348, 316, -2, 3, 2.158798930342464, 3.605551275463989
93, 47, 592, 122, 590, 125, 2, -3, -0.982793723247329, 3.605551275463989
93, 48, 169, 365, 173, 366, -4, -1, -2.896613990462929, 4.123105625617661
93, 49, 47, 363, 49, 364, -2, -1, -2.677945044588987, 2.23606797749979
93, 50, 393, 366, 397, 367, -4, -1, -2.896613990462929, 4.123105625617661
93, 51, 348, 106, 350, 107, -2, -1, -2.677945044588987, 2.23606797749979
93, 53, 594, 139, 594, 142, 0, -3, -1.5707963267948966, 3.0
93, 54, 533, 262, 530, 267, 3, -5, -1.0303768265243125, 5.830951894845301
93, 56, 189, 202, 191, 204, -2, -2, -2.356194490192345, 2.8284271247461903
93, 57, 239, 292, 242, 293, -3, -1, -2.819842099193151, 3.1622776601683795
93, 58, 228, 271, 232, 273, -4, -2, -2.677945044588987, 4.47213595499958
93, 59, 161, 136, 164, 138, -3, -2, -2.5535900500422257, 3.605551275463989
93, 60, 548, 365, 546, 365, 2, 0, 0.0, 2.0
93, 61, 593, 235, 591, 237, 2, -2, -0.7853981633974483, 2.8284271247461903
93, 62, 324, 129, 326, 130, -2, -1, -2.677945044588987, 2.23606797749979
93, 63, 384, 358, 386, 359, -2, -1, -2.677945044588987, 2.23606797749979
93, 64, 163, 349, 167, 350, -4, -1, -2.896613990462929, 4.123105625617661
93, 65, 48, 311, 50, 312, -2, -1, -2.677945044588987, 2.23606797749979
93, 66, 78, 311, 82, 312, -4, -1, -2.896613990462929, 4.123105625617661
93, 67, 285, 113, 287, 114, -2, -1, -2.677945044588987, 2.23606797749979
93, 68, 41, 221, 43, 223, -2, -2, -2.356194490192345, 2.8284271247461903
93, 69, 594, 362, 592, 362, 2, 0, 0.0, 2.0
93, 70, 45, 184, 48, 187, -3, -3, -2.356194490192345, 4.242640687119285
93, 71, 101, 166, 105, 169, -4, -3, -2.498091544796509, 5.0
93, 72, 305, 320, 309, 318, -4, 2, 2.677945044588987, 4.47213595499958
93, 73, 83, 361, 85, 363, -2, -2, -2.356194490192345, 2.8284271247461903
93, 74, 480, 195, 482, 199, -2, -4, -2.0344439357957027, 4.47213595499958
93, 75, 117, 167, 121, 170, -4, -3, -2.498091544796509, 5.0
93, 76, 311, 255, 316, 258, -5, -3, -2.601173153319209, 5.830951894845301
93, 77, 59, 129, 63, 131, -4, -2, -2.677945044588987, 4.47213595499958
93, 78, 40, 210, 40, 212, 0, -2, -1.5707963267948966, 2.0
93, 79, 574, 136, 572, 139, 2, -3, -0.982793723247329, 3.605551275463989
93, 80, 396, 180, 398, 180, -2, 0, 3.141592653589793, 2.0
93, 81, 63, 188, 65, 190, -2, -2, -2.356194490192345, 2.8284271247461903
93, 82, 467, 170, 466, 175, 1, -5, -1.373400766945016, 5.0990195135927845
93, 83, 228, 141, 230, 142, -2, -1, -2.677945044588987, 2.23606797749979
93, 84, 351, 215, 352, 220, -1, -5, -1.7681918866447774, 5.0990195135927845
93, 85, 603, 259, 603, 261, 0, -2, -1.5707963267948966, 2.0
93, 86, 134, 160, 139, 162, -5, -2, -2.761086276477428, 5.385164807134504
93, 87, 386, 177, 388, 180, -2, -3, -2.158798930342464, 3.605551275463989
93, 89, 133, 244, 136, 244, -3, 0, 3.141592653589793, 3.0
93, 91, 90, 263, 95, 265, -5, -2, -2.761086276477428, 5.385164807134504
93, 92, 124, 108, 126, 109, -2, -1, -2.677945044588987, 2.23606797749979
93, 94, 550, 197, 550, 200, 0, -3, -1.5707963267948966, 3.0
93, 95, 179, 265, 184, 265, -5, 0, 3.141592653589793, 5.0
93, 96, 205, 216, 209, 217, -4, -1, -2.896613990462929, 4.123105625617661
93, 97, 333, 207, 337, 211, -4, -4, -2.356194490192345, 5.656854249492381
93, 98, 46, 343, 48, 343, -2, 0, 3.141592653589793, 2.0
93, 99, 53, 102, 56, 103, -3, -1, -2.819842099193151, 3.1622776601683795
93, 100, 86, 140, 92, 143, -6, -3, -2.677945044588987, 6.708203932499369
93, 101, 591, 153, 593, 155, -2, -2, -2.356194490192345, 2.8284271247461903
93, 102, 50, 171, 52, 171, -2, 0, 3.141592653589793, 2.0
93, 103, 157, 174, 161, 175, -4, -1, -2.896613990462929, 4.123105625617661
93, 104, 66, 207, 69, 208, -3, -1, -2.819842099193151, 3.1622776601683795
93, 105, 544, 143, 542, 148, 2, -5, -1.1902899496825317, 5.385164807134504
93, 106, 348, 149, 350, 151, -2, -2, -2.356194490192345, 2.8284271247461903
93, 107, 37, 250, 38, 252, -1, -2, -2.0344439357957027, 2.23606797749979
93, 108, 354, 358, 358, 358, -4, 0, 3.141592653589793, 4.0
93, 109, 534, 162, 535, 165, -1, -3, -1.892546881191539, 3.1622776601683795
93, 110, 525, 145, 526, 149, -1, -4, -1.8157749899217608, 4.123105625617661
93, 111, 82, 140, 84, 142, -2, -2, -2.356194490192345, 2.8284271247461903
93, 112, 70, 113, 72, 114, -2, -1, -2.677945044588987, 2.23606797749979
93, 113, 603, 230, 603, 232, 0, -2, -1.5707963267948966, 2.0
93, 114, 361, 264, 365, 267, -4, -3, -2.498091544796509, 5.0
93, 115, 107, 334, 113, 335, -6, -1, -2.976443976175166, 6.082762530298219
93, 116, 83, 287, 88, 288, -5, -1, -2.9441970937399127, 5.0990195135927845
93, 117, 417, 238, 420, 241, -3, -3, -2.356194490192345, 4.242640687119285
93, 118, 95, 299, 99, 299, -4, 0, 3.141592653589793, 4.0
93, 120, 332, 114, 334, 115, -2, -1, -2.677945044588987, 2.23606797749979
93, 121, 550, 359, 548, 359, 2, 0, 0.0, 2.0
93, 122, 587, 314, 584, 315, 3, -1, -0.3217505543966422, 3.1622776601683795
93, 123, 550, 228, 551, 230, -1, -2, -2.0344439357957027, 2.23606797749979
93, 124, 45, 270, 47, 271, -2, -1, -2.677945044588987, 2.23606797749979
93, 125, 418, 220, 420, 224, -2, -4, -2.0344439357957027, 4.47213595499958
93, 126, 44, 293, 46, 294, -2, -1, -2.677945044588987, 2.23606797749979
93, 127, 89, 110, 91, 111, -2, -1, -2.677945044588987, 2.23606797749979
93, 128, 569, 271, 567, 273, 2, -2, -0.7853981633974483, 2.8284271247461903
93, 129, 111, 205, 118, 207, -7, -2, -2.8632929945846817, 7.280109889280518
93, 130, 250, 226, 252, 228, -2, -2, -2.356194490192345, 2.8284271247461903
93, 131, 508, 188, 508, 192, 0, -4, -1.5707963267948966, 4.0
93, 132, 247, 272, 251, 273, -4, -1, -2.896613990462929, 4.123105625617661
93, 133, 190, 314, 194, 315, -4, -1, -2.896613990462929, 4.123105625617661
93, 134, 183, 290, 188, 292, -5, -2, -2.761086276477428, 5.385164807134504
93, 135, 299, 332, 304, 333, -5, -1, -2.9441970937399127, 5.0990195135927845
93, 137, 543, 247, 543, 250, 0, -3, -1.5707963267948966, 3.0
93, 138, 333, 160, 334, 163, -1, -3, -1.892546881191539, 3.1622776601683795
93, 139, 169, 140, 173, 142, -4, -2, -2.677945044588987, 4.47213595499958
93, 140, 127, 152, 131, 154, -4, -2, -2.677945044588987, 4.47213595499958
93, 141, 121, 346, 123, 348, -2, -2, -2.356194490192345, 2.8284271247461903
93, 142, 373, 329, 377, 329, -4, 0, 3.141592653589793, 4.0
93, 144, 107, 188, 111, 190, -4, -2, -2.677945044588987, 4.47213595499958
93, 145, 69, 160, 74, 161, -5, -1, -2.9441970937399127, 5.0990195135927845
93, 146, 173, 123, 177, 124, -4, -1, -2.896613990462929, 4.123105625617661
93, 147, 409, 144, 412, 148, -3, -4, -2.214297435588181, 5.0
93, 148, 476, 232, 477, 234, -1, -2, -2.0344439357957027, 2.23606797749979
93, 149, 559, 168, 557, 172, 2, -4, -1.1071487177940904, 4.47213595499958
93, 150, 303, 359, 306, 359, -3, 0, 3.141592653589793, 3.0
93, 151, 393, 218, 397, 220, -4, -2, -2.677945044588987, 4.47213595499958
93, 152, 448, 124, 449, 130, -1, -6, -1.7359450042095235, 6.082762530298219
93, 153, 316, 177, 318, 180, -2, -3, -2.158798930342464, 3.605551275463989
93, 154, 260, 336, 265, 335, -5, 1, 2.9441970937399127, 5.0990195135927845
93, 155, 63, 146, 67, 147, -4, -1, -2.896613990462929, 4.123105625617661
93, 157, 62, 171, 66, 173, -4, -2, -2.677945044588987, 4.47213595499958
93, 158, 59, 252, 61, 253, -2, -1, -2.677945044588987, 2.23606797749979
93, 159, 544, 356, 542, 356, 2, 0, 0.0, 2.0
93, 160, 315, 159, 319, 162, -4, -3, -2.498091544796509, 5.0
93, 161, 382, 239, 385, 242, -3, -3, -2.356194490192345, 4.242640687119285
93, 163, 584, 344, 580, 344, 4, 0, 0.0, 4.0
93, 164, 358, 288, 359, 290, -1, -2, -2.0344439357957027, 2.23606797749979
93, 165, 313, 314, 314, 317, -1, -3, -1.892546881191539, 3.1622776601683795
93, 166, 131, 327, 135, 329, -4, -2, -2.677945044588987, 4.47213595499958
93, 167, 549, 150, 548, 153, 1, -3, -1.2490457723982544, 3.1622776601683795
93, 168, 113, 282, 115, 283, -2, -1, -2.677945044588987, 2.23606797749979
93, 169, 143, 279, 148, 280, -5, -1, -2.9441970937399127, 5.0990195135927845
93, 170, 115, 134, 119, 136, -4, -2, -2.677945044588987, 4.47213595499958
93, 171, 551, 292, 548, 294, 3, -2, -0.5880026035475675, 3.605551275463989
93, 172, 201, 293, 206, 294, -5, -1, -2.9441970937399127, 5.0990195135927845
93, 173, 207, 271, 212, 272, -5, -1, -2.9441970937399127, 5.0990195135927845
93, 174, 123, 320, 128, 321, -5, -1, -2.9441970937399127, 5.0990195135927845
93, 175, 326, 239, 329, 241, -3, -2, -2.5535900500422257, 3.605551275463989
93, 176, 579, 310, 577, 312, 2, -2, -0.7853981633974483, 2.8284271247461903
93, 177, 231, 125, 233, 123, -2, 2, 2.356194490192345, 2.8284271247461903
93, 179, 496, 128, 495, 132, 1, -4, -1.3258176636680326, 4.123105625617661
93, 180, 486, 141, 487, 145, -1, -4, -1.8157749899217608, 4.123105625617661
94, 0, 348, 195, 350, 197, -2, -2, -2.356194490192345, 2.8284271247461903
94, 2, 419, 177, 421, 180, -2, -3, -2.158798930342464, 3.605551275463989
94, 3, 164, 331, 167, 331, -3, 0, 3.141592653589793, 3.0
94, 5, 263, 213, 266, 214, -3, -1, -2.819842099193151, 3.1622776601683795
94, 6, 365, 143, 366, 145, -1, -2, -2.0344439357957027, 2.23606797749979
94, 7, 201, 135, 202, 137, -1, -2, -2.0344439357957027, 2.23606797749979
94, 9, 603, 289, 602, 290, 1, -1, -0.7853981633974483, 1.4142135623730951
94, 10, 403, 115, 405, 117, -2, -2, -2.356194490192345, 2.8284271247461903
94, 11, 433, 200, 435, 203, -2, -3, -2.158798930342464, 3.605551275463989
94, 13, 298, 203, 300, 203, -2, 0, 3.141592653589793, 2.0
94, 14, 344, 272, 347, 271, -3, 1, 2.819842099193151, 3.1622776601683795
94, 15, 146, 211, 148, 211, -2, 0, 3.141592653589793, 2.0
94, 16, 52, 106, 54, 107, -2, -1, -2.677945044588987, 2.23606797749979
94, 17, 260, 121, 263, 123, -3, -2, -2.5535900500422257, 3.605551275463989
94, 19, 245, 125, 249, 128, -4, -3, -2.498091544796509, 5.0
94, 21, 590, 195, 591, 197, -1, -2, -2.0344439357957027, 2.23606797749979
94, 22, 69, 288, 72, 289, -3, -1, -2.819842099193151, 3.1622776601683795
94, 23, 89, 158, 92, 161, -3, -3, -2.356194490192345, 4.242640687119285
94, 25, 587, 102, 586, 103, 1, -1, -0.7853981633974483, 1.4142135623730951
94, 26, 293, 224, 297, 225, -4, -1, -2.896613990462929, 4.123105625617661
94, 27, 488, 246, 490, 248, -2, -2, -2.356194490192345, 2.8284271247461903
94, 28, 160, 106, 162, 106, -2, 0, 3.141592653589793, 2.0
94, 30, 106, 163, 109, 164, -3, -1, -2.819842099193151, 3.1622776601683795
94, 31, 400, 286, 402, 286, -2, 0, 3.141592653589793, 2.0
94, 33, 420, 299, 422, 299, -2, 0, 3.141592653589793, 2.0
94, 34, 575, 364, 574, 365, 1, -1, -0.7853981633974483, 1.4142135623730951
94, 35, 505, 117, 504, 118, 1, -1, -0.7853981633974483, 1.4142135623730951
94, 36, 558, 131, 555, 133, 3, -2, -0.5880026035475675, 3.605551275463989
94, 37, 605, 240, 604, 242, 1, -2, -1.1071487177940904, 2.23606797749979
94, 38, 348, 365, 351, 365, -3, 0, 3.141592653589793, 3.0
94, 39, 99, 105, 102, 106, -3, -1, -2.819842099193151, 3.1622776601683795
94, 41, 580, 232, 582, 233, -2, -1, -2.677945044588987, 2.23606797749979
94, 42, 605, 158, 605, 161, 0, -3, -1.5707963267948966, 3.0
94, 44, 344, 319, 346, 319, -2, 0, 3.141592653589793, 2.0
94, 45, 593, 120, 592, 122, 1, -2, -1.1071487177940904, 2.23606797749979
94, 46, 166, 364, 169, 365, -3, -1, -2.819842099193151, 3.1622776601683795
94, 47, 44, 361, 47, 363, -3, -2, -2.5535900500422257, 3.605551275463989
94, 48, 389, 366, 393, 366, -4, 0, 3.141592653589793, 4.0
94, 49, 346, 105, 348, 106, -2, -1, -2.677945044588987, 2.23606797749979
94, 51, 594, 136, 594, 139, 0, -3, -1.5707963267948966, 3.0
94, 52, 534, 260, 533, 262, 1, -2, -1.1071487177940904, 2.23606797749979
94, 54, 187, 199, 189, 202, -2, -3, -2.158798930342464, 3.605551275463989
94, 55, 236, 290, 239, 292, -3, -2, -2.5535900500422257, 3.605551275463989
94, 56, 226, 270, 228, 271, -2, -1, -2.677945044588987, 2.23606797749979
94, 57, 157, 134, 161, 136, -4, -2, -2.677945044588987, 4.47213595499958
94, 58, 550, 365, 548, 365, 2, 0, 0.0, 2.0
94, 59, 593, 233, 593, 235, 0, -2, -1.5707963267948966, 2.0
94, 60, 379, 358, 384, 358, -5, 0, 3.141592653589793, 5.0
94, 61, 75, 311, 78, 311, -3, 0, 3.141592653589793, 3.0
94, 62, 283, 112, 285, 113, -2, -1, -2.677945044588987, 2.23606797749979
94, 63, 596, 362, 594, 362, 2, 0, 0.0, 2.0
94, 64, 44, 182, 45, 184, -1, -2, -2.0344439357957027, 2.23606797749979
94, 65, 96, 163, 101, 166, -5, -3, -2.601173153319209, 5.830951894845301
94, 66, 302, 320, 305, 320, -3, 0, 3.141592653589793, 3.0
94, 67, 480, 190, 480, 195, 0, -5, -1.5707963267948966, 5.0
94, 68, 112, 165, 117, 167, -5, -2, -2.761086276477428, 5.385164807134504
94, 69, 311, 253, 311, 255, 0, -2, -1.5707963267948966, 2.0
94, 70, 56, 128, 59, 129, -3, -1, -2.819842099193151, 3.1622776601683795
94, 72, 575, 132, 574, 136, 1, -4, -1.3258176636680326, 4.123105625617661
94, 73, 393, 178, 396, 180, -3, -2, -2.5535900500422257, 3.605551275463989
94, 74, 59, 187, 63, 188, -4, -1, -2.896613990462929, 4.123105625617661
94, 75, 469, 169, 467, 170, 2, -1, -0.4636476090008061, 2.23606797749979
94, 76, 226, 140, 228, 141, -2, -1, -2.677945044588987, 2.23606797749979
94, 77, 349, 214, 351, 215, -2, -1, -2.677945044588987, 2.23606797749979
94, 79, 130, 157, 134, 160, -4, -3, -2.498091544796509, 5.0
94, 80, 384, 174, 386, 177, -2, -3, -2.158798930342464, 3.605551275463989
94, 82, 130, 242, 133, 244, -3, -2, -2.5535900500422257, 3.605551275463989
94, 84, 85, 262, 90, 263, -5, -1, -2.9441970937399127, 5.0990195135927845
94, 85, 121, 107, 124, 108, -3, -1, -2.819842099193151, 3.1622776601683795
94, 87, 552, 193, 550, 197, 2, -4, -1.1071487177940904, 4.47213595499958
94, 88, 177, 265, 179, 265, -2, 0, 3.141592653589793, 2.0
94, 89, 200, 215, 205, 216, -5, -1, -2.9441970937399127, 5.0990195135927845
94, 90, 330, 203, 333, 207, -3, -4, -2.214297435588181, 5.0
94, 92, 81, 137, 86, 140, -5, -3, -2.601173153319209, 5.830951894845301
94, 94, 154, 172, 157, 174, -3, -2, -2.5535900500422257, 3.605551275463989
94, 95, 62, 207, 66, 207, -4, 0, 3.141592653589793, 4.0
94, 96, 544, 140, 544, 143, 0, -3, -1.5707963267948966, 3.0
94, 97, 346, 148, 348, 149, -2, -1, -2.677945044588987, 2.23606797749979
94, 98, 38, 249, 37, 250, 1, -1, -0.7853981633974483, 1.4142135623730951
94, 99, 352, 357, 354, 358, -2, -1, -2.677945044588987, 2.23606797749979
94, 100, 535, 160, 534, 162, 1, -2, -1.1071487177940904, 2.23606797749979
94, 101, 525, 142, 525, 145, 0, -3, -1.5707963267948966, 3.0
94, 102, 79, 137, 82, 140, -3, -3, -2.356194490192345, 4.242640687119285
94, 103, 67, 113, 70, 113, -3, 0, 3.141592653589793, 3.0
94, 104, 356, 260, 361, 264, -5, -4, -2.4668517113662407, 6.4031242374328485
94, 106, 78, 286, 83, 287, -5, -1, -2.9441970937399127, 5.0990195135927845
94, 109, 593, 257, 593, 259, 0, -2, -1.5707963267948966, 2.0
94, 110, 330, 113, 332, 114, -2, -1, -2.677945044588987, 2.23606797749979
94, 111, 552, 359, 550, 359, 2, 0, 0.0, 2.0
94, 112, 587, 312, 587, 314, 0, -2, -1.5707963267948966, 2.0
94, 113, 553, 227, 550, 228, 3, -1, -0.3217505543966422, 3.1622776601683795
94, 114, 43, 269, 45, 270, -2, -1, -2.677945044588987, 2.23606797749979
94, 115, 416, 217, 418, 220, -2, -3, -2.158798930342464, 3.605551275463989
94, 117, 85, 109, 89, 110, -4, -1, -2.896613990462929, 4.123105625617661
94, 118, 571, 269, 569, 271, 2, -2, -0.7853981633974483, 2.8284271247461903
94, 119, 107, 203, 111, 205, -4, -2, -2.677945044588987, 4.47213595499958
94, 120, 247, 224, 250, 226, -3, -2, -2.5535900500422257, 3.605551275463989
94, 121, 508, 184, 508, 188, 0, -4, -1.5707963267948966, 4.0
94, 122, 244, 272, 247, 272, -3, 0, 3.141592653589793, 3.0
94, 123, 186, 312, 190, 314, -4, -2, -2.677945044588987, 4.47213595499958
94, 124, 181, 290, 183, 290, -2, 0, 3.141592653589793, 2.0
94, 125, 295, 330, 299, 332, -4, -2, -2.677945044588987, 4.47213595499958
94, 126, 542, 245, 543, 247, -1, -2, -2.0344439357957027, 2.23606797749979
94, 127, 332, 158, 333, 160, -1, -2, -2.0344439357957027, 2.23606797749979
94, 128, 165, 137, 169, 140, -4, -3, -2.498091544796509, 5.0
94, 129, 123, 149, 127, 152, -4, -3, -2.498091544796509, 5.0
94, 130, 119, 345, 121, 346, -2, -1, -2.677945044588987, 2.23606797749979
94, 131, 370, 328, 373, 329, -3, -1, -2.819842099193151, 3.1622776601683795
94, 133, 103, 187, 107, 188, -4, -1, -2.896613990462929, 4.123105625617661
94, 134, 67, 159, 69, 160, -2, -1, -2.677945044588987, 2.23606797749979
94, 135, 408, 142, 409, 144, -1, -2, -2.0344439357957027, 2.23606797749979
94, 136, 475, 230, 476, 232, -1, -2, -2.0344439357957027, 2.23606797749979
94, 137, 560, 164, 559, 168, 1, -4, -1.3258176636680326, 4.123105625617661
94, 138, 299, 359, 303, 359, -4, 0, 3.141592653589793, 4.0
94, 139, 390, 215, 393, 218, -3, -3, -2.356194490192345, 4.242640687119285
94, 140, 449, 121, 448, 124, 1, -3, -1.2490457723982544, 3.1622776601683795
94, 141, 315, 175, 316, 177, -1, -2, -2.0344439357957027, 2.23606797749979
94, 142, 257, 337, 260, 336, -3, 1, 2.819842099193151, 3.1622776601683795
94, 144, 75, 184, 78, 186, -3, -2, -2.5535900500422257, 3.605551275463989
94, 145, 57, 168, 62, 171, -5, -3, -2.601173153319209, 5.830951894845301
94, 146, 58, 256, 59, 252, -1, 4, 1.8157749899217608, 4.123105625617661
94, 147, 546, 356, 544, 356, 2, 0, 0.0, 2.0
94, 148, 311, 154, 315, 159, -4, -5, -2.2455372690184494, 6.4031242374328485
94, 149, 379, 236, 382, 239, -3, -3, -2.356194490192345, 4.242640687119285
94, 150, 588, 345, 584, 344, 4, 1, 0.24497866312686414, 4.123105625617661
94, 151, 355, 288, 358, 288, -3, 0, 3.141592653589793, 3.0
94, 152, 310, 312, 313, 314, -3, -2, -2.5535900500422257, 3.605551275463989
94, 153, 127, 326, 131, 327, -4, -1, -2.896613990462929, 4.123105625617661
94, 154, 547, 146, 549, 150, -2, -4, -2.0344439357957027, 4.47213595499958
94, 156, 139, 278, 143, 279, -4, -1, -2.896613990462929, 4.123105625617661
94, 157, 112, 131, 115, 134, -3, -3, -2.356194490192345, 4.242640687119285
94, 158, 555, 289, 551, 292, 4, -3, -0.6435011087932844, 5.0
94, 159, 198, 292, 201, 293, -3, -1, -2.819842099193151, 3.1622776601683795
94, 160, 204, 268, 207, 271, -3, -3, -2.356194490192345, 4.242640687119285
94, 161, 117, 318, 123, 320, -6, -2, -2.819842099193151, 6.324555320336759
94, 162, 324, 238, 326, 239, -2, -1, -2.677945044588987, 2.23606797749979
94, 163, 581, 308, 579, 310, 2, -2, -0.7853981633974483, 2.8284271247461903
94, 164, 229, 125, 231, 125, -2, 0, 3.141592653589793, 2.0
94, 165, 145, 258, 148, 258, -3, 0, 3.141592653589793, 3.0
94, 166, 497, 126, 496, 128, 1, -2, -1.1071487177940904, 2.23606797749979
94, 167, 485, 137, 486, 141, -1, -4, -1.8157749899217608, 4.123105625617661
95, 0, 596, 181, 595, 184, 1, -3, -1.2490457723982544, 3.1622776601683795
95, 1, 270, 302, 276, 304, -6, -2, -2.819842099193151, 6.324555320336759
95, 3, 109, 165, 114, 168, -5, -3, -2.601173153319209, 5.830951894845301
95, 4, 267, 214, 271, 217, -4, -3, -2.498091544796509, 5.0
95, 6, 74, 290, 79, 291, -5, -1, -2.9441970937399127, 5.0990195135927845
95, 7, 46, 270, 48, 272, -2, -2, -2.356194490192345, 2.8284271247461903
95, 8, 420, 182, 422, 186, -2, -4, -2.0344439357957027, 4.47213595499958
95, 9, 202, 138, 205, 141, -3, -3, -2.356194490192345, 4.242640687119285
95, 10, 42, 357, 45, 357, -3, 0, 3.141592653589793, 3.0
95, 11, 168, 335, 172, 335, -4, 0, 3.141592653589793, 4.0
95, 12, 83, 264, 87, 266, -4, -2, -2.677945044588987, 4.47213595499958
95, 13, 54, 109, 56, 110, -2, -1, -2.677945044588987, 2.23606797749979
95, 14, 350, 196, 354, 200, -4, -4, -2.356194490192345, 5.656854249492381
95, 15, 90, 164, 95, 166, -5, -2, -2.761086276477428, 5.385164807134504
95, 16, 36, 253, 39, 254, -3, -1, -2.819842099193151, 3.1622776601683795
95, 17, 403, 285, 407, 287, -4, -2, -2.677945044588987, 4.47213595499958
95, 18, 347, 270, 353, 271, -6, -1, -2.976443976175166, 6.082762530298219
95, 19, 50, 315, 52, 315, -2, 0, 3.141592653589793, 2.0
95, 20, 422, 299, 427, 300, -5, -1, -2.9441970937399127, 5.0990195135927845
95, 21, 344, 316, 350, 316, -6, 0, 3.141592653589793, 6.0
95, 22, 352, 366, 355, 365, -3, 1, 2.819842099193151, 3.1622776601683795
95, 23, 149, 211, 154, 214, -5, -3, -2.601173153319209, 5.830951894845301
95, 24, 161, 137, 165, 140, -4, -3, -2.498091544796509, 5.0
95, 25, 246, 111, 248, 112, -2, -1, -2.677945044588987, 2.23606797749979
95, 27, 39, 241, 39, 243, 0, -2, -1.5707963267948966, 2.0
95, 30, 431, 118, 432, 122, -1, -4, -1.8157749899217608, 4.123105625617661
95, 31, 335, 115, 337, 115, -2, 0, 3.141592653589793, 2.0
95, 32, 577, 133, 576, 138, 1, -5, -1.373400766945016, 5.0990195135927845
95, 33, 505, 120, 505, 125, 0, -5, -1.5707963267948966, 5.0
95, 34, 566, 113, 565, 117, 1, -4, -1.3258176636680326, 4.123105625617661
95, 35, 405, 119, 408, 121, -3, -2, -2.5535900500422257, 3.605551275463989
95, 36, 588, 125, 586, 129, 2, -4, -1.1071487177940904, 4.47213595499958
95, 37, 300, 201, 306, 204, -6, -3, -2.677945044588987, 6.708203932499369
95, 38, 47, 366, 51, 367, -4, -1, -2.896613990462929, 4.123105625617661
95, 39, 44, 186, 46, 188, -2, -2, -2.356194490192345, 2.8284271247461903
95, 40, 437, 203, 439, 208, -2, -5, -1.9513027039072615, 5.385164807134504
95, 41, 594, 197, 595, 199, -1, -2, -2.0344439357957027, 2.23606797749979
95, 42, 300, 221, 305, 223, -5, -2, -2.761086276477428, 5.385164807134504
95, 44, 367, 146, 371, 149, -4, -3, -2.498091544796509, 5.0
95, 45, 394, 367, 398, 367, -4, 0, 3.141592653589793, 4.0
95, 46, 562, 109, 561, 110, 1, -1, -0.7853981633974483, 1.4142135623730951
95, 47, 260, 123, 265, 126, -5, -3, -2.601173153319209, 5.830951894845301
95, 48, 82, 365, 87, 366, -5, -1, -2.9441970937399127, 5.0990195135927845
95, 49, 286, 117, 289, 117, -3, 0, 3.141592653589793, 3.0
95, 50, 239, 293, 244, 293, -5, 0, 3.141592653589793, 5.0
95, 51, 301, 106, 303, 106, -2, 0, 3.141592653589793, 2.0
95, 53, 42, 224, 46, 225, -4, -1, -2.896613990462929, 4.123105625617661
95, 54, 597, 140, 596, 143, 1, -3, -1.2490457723982544, 3.1622776601683795
95, 55, 229, 273, 234, 273, -5, 0, 3.141592653589793, 5.0
95, 56, 556, 136, 554, 141, 2, -5, -1.1902899496825317, 5.385164807134504
95, 57, 247, 127, 252, 129, -5, -2, -2.761086276477428, 5.385164807134504
95, 59, 555, 228, 552, 232, 3, -4, -0.9272952180016122, 5.0
95, 62, 537, 263, 535, 270, 2, -7, -1.2924966677897853, 7.280109889280518
95, 63, 40, 364, 43, 364, -3, 0, 3.141592653589793, 3.0
95, 64, 74, 114, 77, 114, -3, 0, 3.141592653589793, 3.0
95, 65, 593, 363, 592, 362, 1, 1, 0.7853981633974483, 1.4142135623730951
95, 66, 126, 113, 128, 114, -2, -1, -2.677945044588987, 2.23606797749979
95, 67, 595, 154, 596, 157, -1, -3, -1.892546881191539, 3.1622776601683795
95, 68, 384, 358, 389, 358, -5, 0, 3.141592653589793, 5.0
95, 69, 189, 204, 194, 206, -5, -2, -2.761086276477428, 5.385164807134504
95, 71, 204, 105, 207, 106, -3, -1, -2.819842099193151, 3.1622776601683795
95, 72, 43, 293, 46, 294, -3, -1, -2.819842099193151, 3.1622776601683795
95, 73, 164, 106, 166, 107, -2, -1, -2.677945044588987, 2.23606797749979
95, 74, 58, 209, 63, 210, -5, -1, -2.9441970937399127, 5.0990195135927845
95, 75, 592, 234, 591, 239, 1, -5, -1.373400766945016, 5.0990195135927845
95, 76, 78, 314, 83, 315, -5, -1, -2.9441970937399127, 5.0990195135927845
95, 78, 45, 206, 49, 208, -4, -2, -2.677945044588987, 4.47213595499958
95, 80, 228, 143, 232, 146, -4, -3, -2.498091544796509, 5.0
95, 81, 57, 129, 61, 132, -4, -3, -2.498091544796509, 5.0
95, 82, 147, 227, 150, 228, -3, -1, -2.819842099193151, 3.1622776601683795
95, 83, 47, 342, 51, 343, -4, -1, -2.896613990462929, 4.123105625617661
95, 84, 133, 244, 138, 246, -5, -2, -2.761086276477428, 5.385164807134504
95, 85, 122, 197, 124, 198, -2, -1, -2.677945044588987, 2.23606797749979
95, 86, 303, 365, 307, 364, -4, 1, 2.896613990462929, 4.123105625617661
95, 87, 365, 265, 370, 268, -5, -3, -2.601173153319209, 5.830951894845301
95, 88, 498, 120, 498, 123, 0, -3, -1.5707963267948966, 3.0
95, 89, 589, 316, 585, 317, 4, -1, -0.24497866312686414, 4.123105625617661
95, 90, 79, 186, 84, 189, -5, -3, -2.601173153319209, 5.830951894845301
95, 91, 586, 233, 584, 237, 2, -4, -1.1071487177940904, 4.47213595499958
95, 92, 494, 247, 493, 251, 1, -4, -1.3258176636680326, 4.123105625617661
95, 93, 85, 143, 90, 145, -5, -2, -2.761086276477428, 5.385164807134504
95, 95, 82, 213, 85, 214, -3, -1, -2.819842099193151, 3.1622776601683795
95, 96, 484, 126, 486, 131, -2, -5, -1.9513027039072615, 5.385164807134504
95, 97, 46, 240, 47, 242, -1, -2, -2.0344439357957027, 2.23606797749979
95, 98, 61, 270, 63, 270, -2, 0, 3.141592653589793, 2.0
95, 99, 50, 172, 54, 174, -4, -2, -2.677945044588987, 4.47213595499958
95, 100, 97, 300, 102, 301, -5, -1, -2.9441970937399127, 5.0990195135927845
95, 101, 313, 256, 318, 259, -5, -3, -2.601173153319209, 5.830951894845301
95, 102, 74, 158, 79, 161, -5, -3, -2.601173153319209, 5.830951894845301
95, 103, 603, 167, 605, 168, -2, -1, -2.677945044588987, 2.23606797749979
95, 104, 357, 359, 360, 359, -3, 0, 3.141592653589793, 3.0
95, 106, 326, 129, 330, 132, -4, -3, -2.498091544796509, 5.0
95, 107, 46, 231, 47, 233, -1, -2, -2.0344439357957027, 2.23606797749979
95, 108, 104, 109, 107, 110, -3, -1, -2.819842099193151, 3.1622776601683795
95, 109, 123, 349, 127, 349, -4, 0, 3.141592653589793, 4.0
95, 110, 170, 366, 174, 366, -4, 0, 3.141592653589793, 4.0
95, 111, 586, 344, 582, 343, 4, 1, 0.24497866312686414, 4.123105625617661
95, 112, 206, 118, 209, 119, -3, -1, -2.819842099193151, 3.1622776601683795
95, 113, 508, 141, 508, 146, 0, -5, -1.5707963267948966, 5.0
95, 115, 149, 166, 152, 168, -3, -2, -2.5535900500422257, 3.605551275463989
95, 116, 285, 218, 289, 220, -4, -2, -2.677945044588987, 4.47213595499958
95, 117, 450, 128, 451, 132, -1, -4, -1.8157749899217608, 4.123105625617661
95, 118, 352, 219, 356, 222, -4, -3, -2.498091544796509, 5.0
95, 119, 588, 183, 587, 185, 1, -2, -1.1071487177940904, 2.23606797749979
95, 120, 160, 330, 163, 330, -3, 0, 3.141592653589793, 3.0
95, 121, 91, 110, 95, 111, -4, -1, -2.896613990462929, 4.123105625617661
95, 122, 484, 196, 484, 201, 0, -5, -1.5707963267948966, 5.0
95, 123, 108, 207, 114, 207, -6, 0, 3.141592653589793, 6.0
95, 125, 165, 351, 170, 351, -5, 0, 3.141592653589793, 5.0
95, 126, 375, 331, 380, 330, -5, 1, 2.9441970937399127, 5.0990195135927845
95, 127, 554, 197, 551, 201, 3, -4, -0.9272952180016122, 5.0
95, 128, 42, 328, 43, 330, -1, -2, -2.0344439357957027, 2.23606797749979
95, 129, 546, 248, 543, 253, 3, -5, -1.0303768265243125, 5.830951894845301
95, 130, 158, 176, 163, 179, -5, -3, -2.601173153319209, 5.830951894845301
95, 132, 602, 153, 604, 156, -2, -3, -2.158798930342464, 3.605551275463989
95, 133, 578, 271, 575, 274, 3, -3, -0.7853981633974483, 4.242640687119285
95, 134, 313, 145, 317, 148, -4, -3, -2.498091544796509, 5.0
95, 135, 416, 219, 419, 224, -3, -5, -2.1112158270654806, 5.830951894845301
95, 136, 65, 145, 70, 148, -5, -3, -2.601173153319209, 5.830951894845301
95, 137, 332, 163, 335, 166, -3, -3, -2.356194490192345, 4.242640687119285
95, 138, 297, 339, 302, 339, -5, 0, 3.141592653589793, 5.0
95, 139, 157, 314, 161, 314, -4, 0, 3.141592653589793, 4.0
95, 140, 603, 261, 604, 263, -1, -2, -2.0344439357957027, 2.23606797749979
95, 142, 191, 317, 194, 317, -3, 0, 3.141592653589793, 3.0
95, 143, 378, 213, 382, 217, -4, -4, -2.356194490192345, 5.656854249492381
95, 144, 151, 260, 154, 261, -3, -1, -2.819842099193151, 3.1622776601683795
95, 146, 580, 313, 577, 313, 3, 0, 0.0, 3.0
95, 147, 604, 233, 605, 235, -1, -2, -2.0344439357957027, 2.23606797749979
95, 148, 540, 291, 538, 294, 2, -3, -0.982793723247329, 3.605551275463989
95, 149, 278, 284, 284, 285, -6, -1, -2.976443976175166, 6.082762530298219
95, 150, 267, 118, 270, 119, -3, -1, -2.819842099193151, 3.1622776601683795
95, 151, 371, 162, 375, 165, -4, -3, -2.498091544796509, 5.0
95, 152, 537, 164, 536, 168, 1, -4, -1.3258176636680326, 4.123105625617661
95, 153, 126, 151, 130, 153, -4, -2, -2.677945044588987, 4.47213595499958
95, 154, 207, 216, 212, 218, -5, -2, -2.761086276477428, 5.385164807134504
95, 155, 175, 169, 179, 171, -4, -2, -2.677945044588987, 4.47213595499958
95, 156, 401, 179, 403, 183, -2, -4, -2.0344439357957027, 4.47213595499958
95, 157, 348, 149, 352, 154, -4, -5, -2.2455372690184494, 6.4031242374328485
95, 158, 527, 151, 527, 154, 0, -3, -1.5707963267948966, 3.0
95, 159, 302, 167, 306, 170, -4, -3, -2.498091544796509, 5.0
95, 160, 112, 133, 116, 135, -4, -2, -2.677945044588987, 4.47213595499958
95, 161, 528, 130, 527, 135, 1, -5, -1.373400766945016, 5.0990195135927845
95, 162, 336, 210, 339, 213, -3, -3, -2.356194490192345, 4.242640687119285
95, 163, 424, 118, 425, 121, -1, -3, -1.892546881191539, 3.1622776601683795
95, 164, 409, 146, 412, 150, -3, -4, -2.214297435588181, 5.0
95, 165, 189, 132, 193, 135, -4, -3, -2.498091544796509, 5.0
95, 166, 128, 265, 133, 267, -5, -2, -2.761086276477428, 5.385164807134504
95, 167, 549, 151, 549, 155, 0, -4, -1.5707963267948966, 4.0
95, 168, 106, 121, 110, 123, -4, -2, -2.677945044588987, 4.47213595499958
95, 169, 437, 186, 439, 190, -2, -4, -2.0344439357957027, 4.47213595499958
95, 170, 197, 169, 201, 171, -4, -2, -2.677945044588987, 4.47213595499958
95, 171, 273, 196, 277, 198, -4, -2, -2.677945044588987, 4.47213595499958
95, 172, 185, 337, 190, 337, -5, 0, 3.141592653589793, 5.0
95, 173, 477, 234, 478, 239, -1, -5, -1.7681918866447774, 5.0990195135927845
95, 174, 503, 231, 501, 236, 2, -5, -1.1902899496825317, 5.385164807134504
95, 175, 385, 170, 387, 175, -2, -5, -1.9513027039072615, 5.385164807134504
95, 176, 134, 225, 139, 228, -5, -3, -2.601173153319209, 5.830951894845301
95, 177, 381, 238, 385, 242, -4, -4, -2.356194490192345, 5.656854249492381
95, 178, 447, 232, 450, 237, -3, -5, -2.1112158270654806, 5.830951894845301
96, 0, 596, 177, 596, 181, 0, -4, -1.5707963267948966, 4.0
96, 1, 264, 300, 270, 302, -6, -2, -2.819842099193151, 6.324555320336759
96, 3, 103, 162, 109, 165, -6, -3, -2.677945044588987, 6.708203932499369
96, 4, 262, 211, 267, 214, -5, -3, -2.601173153319209, 5.830951894845301
96, 6, 69, 288, 74, 290, -5, -2, -2.761086276477428, 5.385164807134504
96, 7, 45, 268, 46, 270, -1, -2, -2.0344439357957027, 2.23606797749979
96, 8, 418, 177, 420, 182, -2, -5, -1.9513027039072615, 5.385164807134504
96, 9, 198, 134, 202, 138, -4, -4, -2.356194490192345, 5.656854249492381
96, 10, 39, 356, 42, 357, -3, -1, -2.819842099193151, 3.1622776601683795
96, 11, 163, 334, 168, 335, -5, -1, -2.9441970937399127, 5.0990195135927845
96, 12, 77, 262, 83, 264, -6, -2, -2.819842099193151, 6.324555320336759
96, 14, 347, 192, 350, 196, -3, -4, -2.214297435588181, 5.0
96, 15, 85, 160, 90, 164, -5, -4, -2.4668517113662407, 6.4031242374328485
96, 16, 34, 252, 36, 253, -2, -1, -2.677945044588987, 2.23606797749979
96, 17, 399, 282, 403, 285, -4, -3, -2.498091544796509, 5.0
96, 18, 342, 267, 347, 270, -5, -3, -2.601173153319209, 5.830951894845301
96, 19, 48, 314, 50, 315, -2, -1, -2.677945044588987, 2.23606797749979
96, 20, 417, 296, 422, 299, -5, -3, -2.601173153319209, 5.830951894845301
96, 21, 340, 314, 344, 316, -4, -2, -2.677945044588987, 4.47213595499958
96, 22, 349, 365, 352, 366, -3, -1, -2.819842099193151, 3.1622776601683795
96, 23, 143, 209, 149, 211, -6, -2, -2.819842099193151, 6.324555320336759
96, 24, 158, 134, 161, 137, -3, -3, -2.356194490192345, 4.242640687119285
96, 25, 244, 110, 246, 111, -2, -1, -2.677945044588987, 2.23606797749979
96, 27, 39, 239, 39, 241, 0, -2, -1.5707963267948966, 2.0
96, 30, 429, 115, 431, 118, -2, -3, -2.158798930342464, 3.605551275463989
96, 31, 333, 115, 335, 115, -2, 0, 3.141592653589793, 2.0
96, 32, 578, 129, 577, 133, 1, -4, -1.3258176636680326, 4.123105625617661
96, 33, 506, 116, 505, 120, 1, -4, -1.3258176636680326, 4.123105625617661
96, 34, 567, 109, 566, 113, 1, -4, -1.3258176636680326, 4.123105625617661
96, 35, 404, 117, 405, 119, -1, -2, -2.0344439357957027, 2.23606797749979
96, 36, 590, 120, 588, 125, 2, -5, -1.1902899496825317, 5.385164807134504
96, 37, 297, 199, 300, 201, -3, -2, -2.5535900500422257, 3.605551275463989
96, 38, 45, 365, 47, 366, -2, -1, -2.677945044588987, 2.23606797749979
96, 39, 436, 198, 437, 203, -1, -5, -1.7681918866447774, 5.0990195135927845
96, 41, 295, 219, 300, 221, -5, -2, -2.761086276477428, 5.385164807134504
96, 43, 364, 142, 367, 146, -3, -4, -2.214297435588181, 5.0
96, 44, 391, 367, 394, 367, -3, 0, 3.141592653589793, 3.0
96, 45, 563, 108, 562, 109, 1, -1, -0.7853981633974483, 1.4142135623730951
96, 46, 257, 121, 260, 123, -3, -2, -2.5535900500422257, 3.605551275463989
96, 47, 77, 364, 82, 365, -5, -1, -2.9441970937399127, 5.0990195135927845
96, 48, 284, 116, 286, 117, -2, -1, -2.677945044588987, 2.23606797749979
96, 49, 234, 291, 239, 293, -5, -2, -2.761086276477428, 5.385164807134504
96, 50, 299, 106, 301, 106, -2, 0, 3.141592653589793, 2.0
96, 52, 39, 223, 42, 224, -3, -1, -2.819842099193151, 3.1622776601683795
96, 53, 597, 137, 597, 140, 0, -3, -1.5707963267948966, 3.0
96, 54, 224, 271, 229, 273, -5, -2, -2.761086276477428, 5.385164807134504
96, 55, 558, 131, 556, 136, 2, -5, -1.1902899496825317, 5.385164807134504
96, 56, 244, 124, 247, 127, -3, -3, -2.356194490192345, 4.242640687119285
96, 57, 39, 211, 40, 213, -1, -2, -2.0344439357957027, 2.23606797749979
96, 58, 558, 224, 555, 228, 3, -4, -0.9272952180016122, 5.0
96, 60, 540, 260, 537, 263, 3, -3, -0.7853981633974483, 4.242640687119285
96, 61, 38, 364, 40, 364, -2, 0, 3.141592653589793, 2.0
96, 62, 71, 114, 74, 114, -3, 0, 3.141592653589793, 3.0
96, 64, 124, 112, 126, 113, -2, -1, -2.677945044588987, 2.23606797749979
96, 65, 595, 152, 595, 154, 0, -2, -1.5707963267948966, 2.0
96, 66, 381, 359, 384, 358, -3, 1, 2.819842099193151, 3.1622776601683795
96, 67, 184, 201, 189, 204, -5, -3, -2.601173153319209, 5.830951894845301
96, 69, 202, 104, 204, 105, -2, -1, -2.677945044588987, 2.23606797749979
96, 70, 40, 292, 43, 293, -3, -1, -2.819842099193151, 3.1622776601683795
96, 71, 161, 106, 164, 106, -3, 0, 3.141592653589793, 3.0
96, 72, 55, 207, 58, 209, -3, -2, -2.5535900500422257, 3.605551275463989
96, 73, 594, 230, 592, 234, 2, -4, -1.1071487177940904, 4.47213595499958
96, 74, 73, 313, 78, 314, -5, -1, -2.9441970937399127, 5.0990195135927845
96, 75, 604, 242, 603, 243, 1, -1, -0.7853981633974483, 1.4142135623730951
96, 76, 43, 205, 45, 206, -2, -1, -2.677945044588987, 2.23606797749979
96, 78, 225, 141, 228, 143, -3, -2, -2.5535900500422257, 3.605551275463989
96, 79, 54, 127, 57, 129, -3, -2, -2.5535900500422257, 3.605551275463989
96, 80, 143, 225, 147, 227, -4, -2, -2.677945044588987, 4.47213595499958
96, 81, 44, 342, 47, 342, -3, 0, 3.141592653589793, 3.0
96, 82, 128, 243, 133, 244, -5, -1, -2.9441970937399127, 5.0990195135927845
96, 83, 118, 196, 122, 197, -4, -1, -2.896613990462929, 4.123105625617661
96, 84, 299, 366, 303, 365, -4, 1, 2.896613990462929, 4.123105625617661
96, 85, 361, 263, 365, 265, -4, -2, -2.677945044588987, 4.47213595499958
96, 86, 498, 118, 498, 120, 0, -2, -1.5707963267948966, 2.0
96, 87, 591, 315, 589, 316, 2, -1, -0.4636476090008061, 2.23606797749979
96, 88, 75, 185, 79, 186, -4, -1, -2.896613990462929, 4.123105625617661
96, 89, 589, 229, 586, 233, 3, -4, -0.9272952180016122, 5.0
96, 90, 495, 240, 494, 247, 1, -7, -1.4288992721907328, 7.0710678118654755
96, 91, 80, 140, 85, 143, -5, -3, -2.601173153319209, 5.830951894845301
96, 92, 473, 112, 474, 111, -1, 1, 2.356194490192345, 1.4142135623730951
96, 93, 78, 212, 82, 213, -4, -1, -2.896613990462929, 4.123105625617661
96, 94, 484, 121, 484, 126, 0, -5, -1.5707963267948966, 5.0
96, 95, 46, 237, 46, 240, 0, -3, -1.5707963267948966, 3.0
96, 96, 59, 268, 61, 270, -2, -2, -2.356194490192345, 2.8284271247461903
96, 97, 46, 170, 50, 172, -4, -2, -2.677945044588987, 4.47213595499958
96, 98, 92, 299, 97, 300, -5, -1, -2.9441970937399127, 5.0990195135927845
96, 99, 309, 254, 313, 256, -4, -2, -2.677945044588987, 4.47213595499958
96, 100, 70, 157, 74, 158, -4, -1, -2.896613990462929, 4.123105625617661
96, 101, 601, 166, 603, 167, -2, -1, -2.677945044588987, 2.23606797749979
96, 102, 355, 359, 357, 359, -2, 0, 3.141592653589793, 2.0
96, 103, 575, 366, 574, 367, 1, -1, -0.7853981633974483, 1.4142135623730951
96, 104, 323, 126, 326, 129, -3, -3, -2.356194490192345, 4.242640687119285
96, 105, 44, 230, 46, 231, -2, -1, -2.677945044588987, 2.23606797749979
96, 107, 118, 350, 123, 349, -5, 1, 2.9441970937399127, 5.0990195135927845
96, 108, 166, 365, 170, 366, -4, -1, -2.896613990462929, 4.123105625617661
96, 109, 590, 345, 586, 344, 4, 1, 0.24497866312686414, 4.123105625617661
96, 110, 203, 116, 206, 118, -3, -2, -2.5535900500422257, 3.605551275463989
96, 111, 508, 136, 508, 141, 0, -5, -1.5707963267948966, 5.0
96, 112, 145, 164, 149, 166, -4, -2, -2.677945044588987, 4.47213595499958
96, 113, 280, 215, 285, 218, -5, -3, -2.601173153319209, 5.830951894845301
96, 114, 449, 123, 450, 128, -1, -5, -1.7681918866447774, 5.0990195135927845
96, 115, 349, 216, 352, 219, -3, -3, -2.356194490192345, 4.242640687119285
96, 116, 588, 181, 588, 183, 0, -2, -1.5707963267948966, 2.0
96, 117, 156, 330, 160, 330, -4, 0, 3.141592653589793, 4.0
96, 118, 87, 109, 91, 110, -4, -1, -2.896613990462929, 4.123105625617661
96, 119, 483, 190, 484, 196, -1, -6, -1.7359450042095235, 6.082762530298219
96, 120, 103, 205, 108, 207, -5, -2, -2.761086276477428, 5.385164807134504
96, 121, 545, 355, 544, 356, 1, -1, -0.7853981633974483, 1.4142135623730951
96, 122, 160, 352, 165, 351, -5, 1, 2.9441970937399127, 5.0990195135927845
96, 123, 370, 332, 375, 331, -5, 1, 2.9441970937399127, 5.0990195135927845
96, 124, 556, 193, 554, 197, 2, -4, -1.1071487177940904, 4.47213595499958
96, 126, 548, 244, 546, 248, 2, -4, -1.1071487177940904, 4.47213595499958
96, 127, 153, 174, 158, 176, -5, -2, -2.761086276477428, 5.385164807134504
96, 129, 601, 151, 602, 153, -1, -2, -2.0344439357957027, 2.23606797749979
96, 130, 581, 268, 578, 271, 3, -3, -0.7853981633974483, 4.242640687119285
96, 131, 309, 140, 313, 145, -4, -5, -2.2455372690184494, 6.4031242374328485
96, 132, 413, 215, 416, 219, -3, -4, -2.214297435588181, 5.0
96, 133, 60, 142, 65, 145, -5, -3, -2.601173153319209, 5.830951894845301
96, 134, 327, 159, 332, 163, -5, -4, -2.4668517113662407, 6.4031242374328485
96, 135, 292, 339, 297, 339, -5, 0, 3.141592653589793, 5.0
96, 136, 152, 313, 157, 314, -5, -1, -2.9441970937399127, 5.0990195135927845
96, 138, 187, 317, 191, 317, -4, 0, 3.141592653589793, 4.0
96, 139, 374, 209, 378, 213, -4, -4, -2.356194490192345, 5.656854249492381
96, 140, 147, 259, 151, 260, -4, -1, -2.896613990462929, 4.123105625617661
96, 142, 583, 312, 580, 313, 3, -1, -0.3217505543966422, 3.1622776601683795
96, 143, 541, 288, 540, 291, 1, -3, -1.2490457723982544, 3.1622776601683795
96, 144, 272, 282, 278, 284, -6, -2, -2.819842099193151, 6.324555320336759
96, 145, 264, 117, 267, 118, -3, -1, -2.819842099193151, 3.1622776601683795
96, 146, 369, 159, 371, 162, -2, -3, -2.158798930342464, 3.605551275463989
96, 147, 537, 159, 537, 164, 0, -5, -1.5707963267948966, 5.0
96, 148, 122, 149, 126, 151, -4, -2, -2.677945044588987, 4.47213595499958
96, 149, 203, 214, 207, 216, -4, -2, -2.677945044588987, 4.47213595499958
96, 150, 171, 167, 175, 169, -4, -2, -2.677945044588987, 4.47213595499958
96, 151, 398, 175, 401, 179, -3, -4, -2.214297435588181, 5.0
96, 152, 344, 146, 348, 149, -4, -3, -2.498091544796509, 5.0
96, 153, 525, 148, 527, 151, -2, -3, -2.158798930342464, 3.605551275463989
96, 154, 298, 165, 302, 167, -4, -2, -2.677945044588987, 4.47213595499958
96, 155, 109, 132, 112, 133, -3, -1, -2.819842099193151, 3.1622776601683795
96, 156, 529, 126, 528, 130, 1, -4, -1.3258176636680326, 4.123105625617661
96, 157, 333, 207, 336, 210, -3, -3, -2.356194490192345, 4.242640687119285
96, 158, 422, 116, 424, 118, -2, -2, -2.356194490192345, 2.8284271247461903
96, 159, 406, 141, 409, 146, -3, -5, -2.1112158270654806, 5.830951894845301
96, 160, 185, 129, 189, 132, -4, -3, -2.498091544796509, 5.0
96, 161, 124, 264, 128, 265, -4, -1, -2.896613990462929, 4.123105625617661
96, 162, 551, 147, 549, 151, 2, -4, -1.1071487177940904, 4.47213595499958
96, 163, 102, 120, 106, 121, -4, -1, -2.896613990462929, 4.123105625617661
96, 164, 435, 182, 437, 186, -2, -4, -2.0344439357957027, 4.47213595499958
96, 165, 193, 168, 197, 169, -4, -1, -2.896613990462929, 4.123105625617661
96, 166, 269, 193, 273, 196, -4, -3, -2.498091544796509, 5.0
96, 167, 180, 337, 185, 337, -5, 0, 3.141592653589793, 5.0
96, 168, 476, 229, 477, 234, -1, -5, -1.7681918866447774, 5.0990195135927845
96, 169, 504, 227, 503, 231, 1, -4, -1.3258176636680326, 4.123105625617661
96, 170, 381, 165, 385, 170, -4, -5, -2.2455372690184494, 6.4031242374328485
96, 171, 129, 224, 134, 225, -5, -1, -2.9441970937399127, 5.0990195135927845
96, 172, 378, 234, 381, 238, -3, -4, -2.214297435588181, 5.0
96, 173, 445, 228, 447, 232, -2, -4, -2.0344439357957027, 4.47213595499958
97, 0, 596, 175, 596, 177, 0, -2, -1.5707963267948966, 2.0
97, 1, 261, 297, 264, 300, -3, -3, -2.356194490192345, 4.242640687119285
97, 3, 99, 159, 103, 162, -4, -3, -2.498091544796509, 5.0
97, 4, 258, 209, 262, 211, -4, -2, -2.677945044588987, 4.47213595499958
97, 6, 64, 287, 69, 288, -5, -1, -2.9441970937399127, 5.0990195135927845
97, 7, 43, 267, 45, 268, -2, -1, -2.677945044588987, 2.23606797749979
97, 8, 415, 172, 418, 177, -3, -5, -2.1112158270654806, 5.830951894845301
97, 9, 194, 130, 198, 134, -4, -4, -2.356194490192345, 5.656854249492381
97, 10, 159, 334, 163, 334, -4, 0, 3.141592653589793, 4.0
97, 11, 72, 261, 77, 262, -5, -1, -2.9441970937399127, 5.0990195135927845
97, 13, 344, 189, 347, 192, -3, -3, -2.356194490192345, 4.242640687119285
97, 14, 79, 158, 85, 160, -6, -2, -2.819842099193151, 6.324555320336759
97, 15, 396, 279, 399, 282, -3, -3, -2.356194490192345, 4.242640687119285
97, 16, 340, 264, 342, 267, -2, -3, -2.158798930342464, 3.605551275463989
97, 18, 413, 294, 417, 296, -4, -2, -2.677945044588987, 4.47213595499958
97, 19, 335, 312, 340, 314, -5, -2, -2.761086276477428, 5.385164807134504
97, 20, 345, 364, 349, 365, -4, -1, -2.896613990462929, 4.123105625617661
97, 21, 138, 207, 143, 209, -5, -2, -2.761086276477428, 5.385164807134504
97, 22, 154, 132, 158, 134, -4, -2, -2.677945044588987, 4.47213595499958
97, 26, 428, 113, 429, 115, -1, -2, -2.0344439357957027, 2.23606797749979
97, 28, 579, 125, 578, 129, 1, -4, -1.3258176636680326, 4.123105625617661
97, 29, 507, 113, 506, 116, 1, -3, -1.2490457723982544, 3.1622776601683795
97, 30, 568, 107, 567, 109, 1, -2, -1.1071487177940904, 2.23606797749979
97, 31, 405, 115, 404, 117, 1, -2, -1.1071487177940904, 2.23606797749979
97, 32, 592, 117, 590, 120, 2, -3, -0.982793723247329, 3.605551275463989
97, 33, 294, 196, 297, 199, -3, -3, -2.356194490192345, 4.242640687119285
97, 35, 434, 194, 436, 198, -2, -4, -2.0344439357957027, 4.47213595499958
97, 36, 593, 191, 594, 196, -1, -5, -1.7681918866447774, 5.0990195135927845
97, 37, 293, 217, 295, 219, -2, -2, -2.356194490192345, 2.8284271247461903
97, 38, 550, 366, 549, 367, 1, -1, -0.7853981633974483, 1.4142135623730951
97, 39, 362, 139, 364, 142, -2, -3, -2.158798930342464, 3.605551275463989
97, 40, 388, 367, 391, 367, -3, 0, 3.141592653589793, 3.0
97, 42, 254, 118, 257, 121, -3, -3, -2.356194490192345, 4.242640687119285
97, 43, 75, 362, 77, 364, -2, -2, -2.356194490192345, 2.8284271247461903
97, 44, 282, 116, 284, 116, -2, 0, 3.141592653589793, 2.0
97, 45, 230, 290, 234, 291, -4, -1, -2.896613990462929, 4.123105625617661
97, 48, 37, 222, 39, 223, -2, -1, -2.677945044588987, 2.23606797749979
97, 49, 597, 134, 597, 137, 0, -3, -1.5707963267948966, 3.0
97, 50, 219, 268, 224, 271, -5, -3, -2.601173153319209, 5.830951894845301
97, 51, 559, 128, 558, 131, 1, -3, -1.2490457723982544, 3.1622776601683795
97, 52, 240, 121, 244, 124, -4, -3, -2.498091544796509, 5.0
97, 53, 36, 210, 39, 211, -3, -1, -2.819842099193151, 3.1622776601683795
97, 54, 560, 221, 558, 224, 2, -3, -0.982793723247329, 3.605551275463989
97, 56, 543, 256, 540, 260, 3, -4, -0.9272952180016122, 5.0
97, 58, 69, 114, 71, 114, -2, 0, 3.141592653589793, 2.0
97, 59, 596, 363, 594, 363, 2, 0, 0.0, 2.0
97, 60, 122, 111, 124, 112, -2, -1, -2.677945044588987, 2.23606797749979
97, 61, 594, 150, 595, 152, -1, -2, -2.0344439357957027, 2.23606797749979
97, 62, 377, 359, 381, 359, -4, 0, 3.141592653589793, 4.0
97, 63, 180, 199, 184, 201, -4, -2, -2.677945044588987, 4.47213595499958
97, 64, 200, 103, 202, 104, -2, -1, -2.677945044588987, 2.23606797749979
97, 65, 38, 292, 40, 292, -2, 0, 3.141592653589793, 2.0
97, 66, 159, 106, 161, 106, -2, 0, 3.141592653589793, 2.0
97, 67, 52, 205, 55, 207, -3, -2, -2.5535900500422257, 3.605551275463989
97, 68, 595, 227, 594, 230, 1, -3, -1.2490457723982544, 3.1622776601683795
97, 69, 68, 311, 73, 313, -5, -2, -2.761086276477428, 5.385164807134504
97, 73, 221, 139, 225, 141, -4, -2, -2.677945044588987, 4.47213595499958
97, 74, 51, 125, 54, 127, -3, -2, -2.5535900500422257, 3.605551275463989
97, 75, 138, 224, 143, 225, -5, -1, -2.9441970937399127, 5.0990195135927845
97, 76, 125, 240, 128, 243, -3, -3, -2.356194490192345, 4.242640687119285
97, 77, 114, 194, 118, 196, -4, -2, -2.677945044588987, 4.47213595499958
97, 78, 296, 366, 299, 366, -3, 0, 3.141592653589793, 3.0
97, 79, 357, 260, 361, 263, -4, -3, -2.498091544796509, 5.0
97, 80, 499, 116, 498, 118, 1, -2, -1.1071487177940904, 2.23606797749979
97, 81, 593, 315, 591, 315, 2, 0, 0.0, 2.0
97, 82, 70, 182, 75, 185, -5, -3, -2.601173153319209, 5.830951894845301
97, 83, 591, 226, 589, 229, 2, -3, -0.982793723247329, 3.605551275463989
97, 84, 496, 236, 495, 240, 1, -4, -1.3258176636680326, 4.123105625617661
97, 85, 75, 137, 80, 140, -5, -3, -2.601173153319209, 5.830951894845301
97, 87, 73, 211, 78, 212, -5, -1, -2.9441970937399127, 5.0990195135927845
97, 88, 484, 118, 484, 121, 0, -3, -1.5707963267948966, 3.0
97, 89, 57, 267, 59, 268, -2, -1, -2.677945044588987, 2.23606797749979
97, 90, 45, 168, 46, 170, -1, -2, -2.0344439357957027, 2.23606797749979
97, 91, 87, 297, 92, 299, -5, -2, -2.761086276477428, 5.385164807134504
97, 92, 305, 252, 309, 254, -4, -2, -2.677945044588987, 4.47213595499958
97, 93, 66, 155, 70, 157, -4, -2, -2.677945044588987, 4.47213595499958
97, 94, 599, 165, 601, 166, -2, -1, -2.677945044588987, 2.23606797749979
97, 95, 352, 359, 355, 359, -3, 0, 3.141592653589793, 3.0
97, 96, 576, 365, 575, 366, 1, -1, -0.7853981633974483, 1.4142135623730951
97, 97, 320, 124, 323, 126, -3, -2, -2.5535900500422257, 3.605551275463989
97, 98, 102, 110, 103, 109, -1, 1, 2.356194490192345, 1.4142135623730951
97, 99, 114, 350, 118, 350, -4, 0, 3.141592653589793, 4.0
97, 100, 162, 365, 166, 365, -4, 0, 3.141592653589793, 4.0
97, 101, 594, 345, 590, 345, 4, 0, 0.0, 4.0
97, 102, 201, 115, 203, 116, -2, -1, -2.677945044588987, 2.23606797749979
97, 103, 507, 132, 508, 136, -1, -4, -1.8157749899217608, 4.123105625617661
97, 104, 140, 161, 145, 164, -5, -3, -2.601173153319209, 5.830951894845301
97, 105, 275, 212, 280, 215, -5, -3, -2.601173153319209, 5.830951894845301
97, 106, 448, 120, 449, 123, -1, -3, -1.892546881191539, 3.1622776601683795
97, 107, 345, 213, 349, 216, -4, -3, -2.498091544796509, 5.0
97, 108, 588, 178, 588, 181, 0, -3, -1.5707963267948966, 3.0
97, 109, 153, 329, 156, 330, -3, -1, -2.819842099193151, 3.1622776601683795
97, 110, 85, 108, 87, 109, -2, -1, -2.677945044588987, 2.23606797749979
97, 111, 482, 186, 483, 190, -1, -4, -1.8157749899217608, 4.123105625617661
97, 112, 98, 203, 103, 205, -5, -2, -2.761086276477428, 5.385164807134504
97, 113, 547, 354, 545, 355, 2, -1, -0.4636476090008061, 2.23606797749979
97, 114, 156, 350, 160, 352, -4, -2, -2.677945044588987, 4.47213595499958
97, 115, 366, 333, 370, 332, -4, 1, 2.896613990462929, 4.123105625617661
97, 116, 558, 190, 556, 193, 2, -3, -0.982793723247329, 3.605551275463989
97, 117, 549, 240, 548, 244, 1, -4, -1.3258176636680326, 4.123105625617661
97, 118, 150, 172, 153, 174, -3, -2, -2.5535900500422257, 3.605551275463989
97, 120, 600, 149, 601, 151, -1, -2, -2.0344439357957027, 2.23606797749979
97, 121, 583, 266, 581, 268, 2, -2, -0.7853981633974483, 2.8284271247461903
97, 122, 307, 138, 309, 140, -2, -2, -2.356194490192345, 2.8284271247461903
97, 123, 410, 212, 413, 215, -3, -3, -2.356194490192345, 4.242640687119285
97, 124, 56, 139, 60, 142, -4, -3, -2.498091544796509, 5.0
97, 125, 322, 155, 327, 159, -5, -4, -2.4668517113662407, 6.4031242374328485
97, 126, 286, 338, 292, 339, -6, -1, -2.976443976175166, 6.082762530298219
97, 127, 147, 312, 152, 313, -5, -1, -2.9441970937399127, 5.0990195135927845
97, 129, 183, 317, 187, 317, -4, 0, 3.141592653589793, 4.0
97, 130, 370, 205, 374, 209, -4, -4, -2.356194490192345, 5.656854249492381
97, 131, 142, 258, 147, 259, -5, -1, -2.9441970937399127, 5.0990195135927845
97, 133, 585, 311, 583, 312, 2, -1, -0.4636476090008061, 2.23606797749979
97, 134, 542, 285, 541, 288, 1, -3, -1.2490457723982544, 3.1622776601683795
97, 135, 266, 280, 272, 282, -6, -2, -2.819842099193151, 6.324555320336759
97, 136, 262, 115, 264, 117, -2, -2, -2.356194490192345, 2.8284271247461903
97, 137, 367, 156, 369, 159, -2, -3, -2.158798930342464, 3.605551275463989
97, 138, 537, 156, 537, 159, 0, -3, -1.5707963267948966, 3.0
97, 139, 118, 146, 122, 149, -4, -3, -2.498091544796509, 5.0
97, 140, 200, 213, 203, 214, -3, -1, -2.819842099193151, 3.1622776601683795
97, 141, 168, 165, 171, 167, -3, -2, -2.5535900500422257, 3.605551275463989
97, 142, 395, 171, 398, 175, -3, -4, -2.214297435588181, 5.0
97, 143, 340, 145, 344, 146, -4, -1, -2.896613990462929, 4.123105625617661
97, 144, 527, 145, 525, 148, 2, -3, -0.982793723247329, 3.605551275463989
97, 145, 294, 162, 298, 165, -4, -3, -2.498091544796509, 5.0
97, 146, 106, 130, 109, 132, -3, -2, -2.5535900500422257, 3.605551275463989
97, 147, 530, 124, 529, 126, 1, -2, -1.1071487177940904, 2.23606797749979
97, 148, 330, 204, 333, 207, -3, -3, -2.356194490192345, 4.242640687119285
97, 149, 403, 137, 406, 141, -3, -4, -2.214297435588181, 5.0
97, 150, 180, 126, 185, 129, -5, -3, -2.601173153319209, 5.830951894845301
97, 151, 120, 264, 124, 264, -4, 0, 3.141592653589793, 4.0
97, 152, 553, 144, 551, 147, 2, -3, -0.982793723247329, 3.605551275463989
97, 153, 98, 119, 102, 120, -4, -1, -2.896613990462929, 4.123105625617661
97, 154, 433, 180, 435, 182, -2, -2, -2.356194490192345, 2.8284271247461903
97, 155, 191, 165, 193, 168, -2, -3, -2.158798930342464, 3.605551275463989
97, 156, 264, 191, 269, 193, -5, -2, -2.761086276477428, 5.385164807134504
97, 157, 175, 336, 180, 337, -5, -1, -2.9441970937399127, 5.0990195135927845
97, 158, 474, 224, 476, 229, -2, -5, -1.9513027039072615, 5.385164807134504
97, 159, 504, 223, 504, 227, 0, -4, -1.5707963267948966, 4.0
97, 160, 378, 161, 381, 165, -3, -4, -2.214297435588181, 5.0
97, 161, 126, 223, 129, 224, -3, -1, -2.819842099193151, 3.1622776601683795
97, 162, 374, 231, 378, 234, -4, -3, -2.498091544796509, 5.0
97, 163, 443, 225, 445, 228, -2, -3, -2.158798930342464, 3.605551275463989
98, 0, 595, 173, 596, 175, -1, -2, -2.0344439357957027, 2.23606797749979
98, 1, 259, 296, 261, 297, -2, -1, -2.677945044588987, 2.23606797749979
98, 3, 96, 158, 99, 159, -3, -1, -2.819842099193151, 3.1622776601683795
98, 4, 254, 208, 258, 209, -4, -1, -2.896613990462929, 4.123105625617661
98, 5, 61, 286, 64, 287, -3, -1, -2.819842099193151, 3.1622776601683795
98, 7, 413, 170, 415, 172, -2, -2, -2.356194490192345, 2.8284271247461903
98, 8, 190, 127, 194, 130, -4, -3, -2.498091544796509, 5.0
98, 9, 154, 334, 159, 334, -5, 0, 3.141592653589793, 5.0
98, 10, 66, 259, 72, 261, -6, -2, -2.819842099193151, 6.324555320336759
98, 12, 340, 185, 344, 189, -4, -4, -2.356194490192345, 5.656854249492381
98, 13, 77, 157, 79, 158, -2, -1, -2.677945044588987, 2.23606797749979
98, 14, 392, 276, 396, 279, -4, -3, -2.498091544796509, 5.0
98, 15, 334, 262, 340, 264, -6, -2, -2.819842099193151, 6.324555320336759
98, 17, 410, 292, 413, 294, -3, -2, -2.5535900500422257, 3.605551275463989
98, 18, 331, 311, 335, 312, -4, -1, -2.896613990462929, 4.123105625617661
98, 19, 343, 364, 345, 364, -2, 0, 3.141592653589793, 2.0
98, 20, 150, 131, 154, 132, -4, -1, -2.896613990462929, 4.123105625617661
98, 22, 597, 332, 598, 334, -1, -2, -2.0344439357957027, 2.23606797749979
98, 23, 38, 202, 37, 203, 1, -1, -0.7853981633974483, 1.4142135623730951
98, 26, 579, 121, 579, 125, 0, -4, -1.5707963267948966, 4.0
98, 27, 508, 112, 507, 113, 1, -1, -0.7853981633974483, 1.4142135623730951
98, 28, 569, 106, 568, 107, 1, -1, -0.7853981633974483, 1.4142135623730951
98, 29, 403, 114, 405, 115, -2, -1, -2.677945044588987, 2.23606797749979
98, 30, 593, 115, 592, 117, 1, -2, -1.1071487177940904, 2.23606797749979
98, 31, 292, 195, 294, 196, -2, -1, -2.677945044588987, 2.23606797749979
98, 32, 42, 365, 44, 365, -2, 0, 3.141592653589793, 2.0
98, 33, 434, 192, 434, 194, 0, -2, -1.5707963267948966, 2.0
98, 34, 593, 189, 593, 191, 0, -2, -1.5707963267948966, 2.0
98, 36, 551, 365, 550, 366, 1, -1, -0.7853981633974483, 1.4142135623730951
98, 37, 359, 135, 362, 139, -3, -4, -2.214297435588181, 5.0
98, 38, 385, 366, 388, 367, -3, -1, -2.819842099193151, 3.1622776601683795
98, 40, 252, 117, 254, 118, -2, -1, -2.677945044588987, 2.23606797749979
98, 41, 73, 361, 75, 362, -2, -1, -2.677945044588987, 2.23606797749979
98, 43, 226, 289, 230, 290, -4, -1, -2.896613990462929, 4.123105625617661
98, 47, 598, 132, 597, 134, 1, -2, -1.1071487177940904, 2.23606797749979
98, 48, 216, 266, 219, 268, -3, -2, -2.5535900500422257, 3.605551275463989
98, 49, 560, 124, 559, 128, 1, -4, -1.3258176636680326, 4.123105625617661
98, 50, 237, 118, 240, 121, -3, -3, -2.356194490192345, 4.242640687119285
98, 52, 563, 219, 560, 221, 3, -2, -0.5880026035475675, 3.605551275463989
98, 54, 543, 253, 543, 256, 0, -3, -1.5707963267948966, 3.0
98, 56, 67, 114, 69, 114, -2, 0, 3.141592653589793, 2.0
98, 58, 120, 110, 122, 111, -2, -1, -2.677945044588987, 2.23606797749979
98, 60, 374, 360, 377, 359, -3, 1, 2.819842099193151, 3.1622776601683795
98, 61, 177, 199, 180, 199, -3, 0, 3.141592653589793, 3.0
98, 62, 198, 102, 200, 103, -2, -1, -2.677945044588987, 2.23606797749979
98, 63, 36, 291, 38, 292, -2, -1, -2.677945044588987, 2.23606797749979
98, 64, 157, 106, 159, 106, -2, 0, 3.141592653589793, 2.0
98, 65, 50, 204, 52, 205, -2, -1, -2.677945044588987, 2.23606797749979
98, 66, 595, 224, 595, 227, 0, -3, -1.5707963267948966, 3.0
98, 67, 66, 306, 68, 311, -2, -5, -1.9513027039072615, 5.385164807134504
98, 69, 339, 106, 341, 106, -2, 0, 3.141592653589793, 2.0
98, 70, 219, 137, 221, 139, -2, -2, -2.356194490192345, 2.8284271247461903
98, 71, 134, 222, 138, 224, -4, -2, -2.677945044588987, 4.47213595499958
98, 72, 122, 239, 125, 240, -3, -1, -2.819842099193151, 3.1622776601683795
98, 73, 109, 193, 114, 194, -5, -1, -2.9441970937399127, 5.0990195135927845
98, 74, 292, 366, 296, 366, -4, 0, 3.141592653589793, 4.0
98, 75, 353, 257, 357, 260, -4, -3, -2.498091544796509, 5.0
98, 76, 499, 114, 499, 116, 0, -2, -1.5707963267948966, 2.0
98, 78, 68, 183, 70, 182, -2, 1, 2.677945044588987, 2.23606797749979
98, 79, 592, 224, 591, 226, 1, -2, -1.1071487177940904, 2.23606797749979
98, 80, 496, 232, 496, 236, 0, -4, -1.5707963267948966, 4.0
98, 81, 71, 135, 75, 137, -4, -2, -2.677945044588987, 4.47213595499958
98, 82, 471, 109, 473, 112, -2, -3, -2.158798930342464, 3.605551275463989
98, 83, 68, 209, 73, 211, -5, -2, -2.761086276477428, 5.385164807134504
98, 84, 484, 116, 484, 118, 0, -2, -1.5707963267948966, 2.0
98, 85, 43, 166, 45, 168, -2, -2, -2.356194490192345, 2.8284271247461903
98, 86, 85, 296, 87, 297, -2, -1, -2.677945044588987, 2.23606797749979
98, 87, 300, 249, 305, 252, -5, -3, -2.601173153319209, 5.830951894845301
98, 88, 63, 154, 66, 155, -3, -1, -2.819842099193151, 3.1622776601683795
98, 89, 350, 358, 352, 359, -2, -1, -2.677945044588987, 2.23606797749979
98, 90, 577, 364, 576, 365, 1, -1, -0.7853981633974483, 1.4142135623730951
98, 91, 318, 122, 320, 124, -2, -2, -2.356194490192345, 2.8284271247461903
98, 92, 100, 110, 102, 110, -2, 0, 3.141592653589793, 2.0
98, 93, 109, 350, 114, 350, -5, 0, 3.141592653589793, 5.0
98, 94, 156, 365, 162, 365, -6, 0, 3.141592653589793, 6.0
98, 95, 596, 346, 594, 345, 2, 1, 0.4636476090008061, 2.23606797749979
98, 96, 504, 132, 507, 132, -3, 0, 3.141592653589793, 3.0
98, 97, 137, 158, 140, 161, -3, -3, -2.356194490192345, 4.242640687119285
98, 98, 272, 210, 275, 212, -3, -2, -2.5535900500422257, 3.605551275463989
98, 99, 448, 118, 448, 120, 0, -2, -1.5707963267948966, 2.0
98, 100, 343, 211, 345, 213, -2, -2, -2.356194490192345, 2.8284271247461903
98, 101, 588, 176, 588, 178, 0, -2, -1.5707963267948966, 2.0
98, 102, 148, 329, 153, 329, -5, 0, 3.141592653589793, 5.0
98, 103, 82, 107, 85, 108, -3, -1, -2.819842099193151, 3.1622776601683795
98, 104, 482, 183, 482, 186, 0, -3, -1.5707963267948966, 3.0
98, 105, 96, 203, 98, 203, -2, 0, 3.141592653589793, 2.0
98, 106, 548, 353, 547, 354, 1, -1, -0.7853981633974483, 1.4142135623730951
98, 107, 153, 350, 156, 350, -3, 0, 3.141592653589793, 3.0
98, 108, 362, 334, 366, 333, -4, 1, 2.896613990462929, 4.123105625617661
98, 109, 560, 187, 558, 190, 2, -3, -0.982793723247329, 3.605551275463989
98, 110, 547, 237, 549, 240, -2, -3, -2.158798930342464, 3.605551275463989
98, 111, 147, 170, 150, 172, -3, -2, -2.5535900500422257, 3.605551275463989
98, 112, 600, 147, 600, 149, 0, -2, -1.5707963267948966, 2.0
98, 113, 586, 264, 583, 266, 3, -2, -0.5880026035475675, 3.605551275463989
98, 114, 303, 135, 307, 138, -4, -3, -2.498091544796509, 5.0
98, 115, 407, 210, 410, 212, -3, -2, -2.5535900500422257, 3.605551275463989
98, 116, 54, 139, 56, 139, -2, 0, 3.141592653589793, 2.0
98, 117, 320, 154, 322, 155, -2, -1, -2.677945044588987, 2.23606797749979
98, 118, 282, 338, 286, 338, -4, 0, 3.141592653589793, 4.0
98, 119, 145, 311, 147, 312, -2, -1, -2.677945044588987, 2.23606797749979
98, 121, 178, 317, 183, 317, -5, 0, 3.141592653589793, 5.0
98, 122, 370, 203, 370, 205, 0, -2, -1.5707963267948966, 2.0
98, 123, 138, 256, 142, 258, -4, -2, -2.677945044588987, 4.47213595499958
98, 126, 541, 283, 542, 285, -1, -2, -2.0344439357957027, 2.23606797749979
98, 127, 263, 279, 266, 280, -3, -1, -2.819842099193151, 3.1622776601683795
98, 128, 260, 113, 262, 115, -2, -2, -2.356194490192345, 2.8284271247461903
98, 129, 364, 153, 367, 156, -3, -3, -2.356194490192345, 4.242640687119285
98, 130, 538, 152, 537, 156, 1, -4, -1.3258176636680326, 4.123105625617661
98, 131, 114, 145, 118, 146, -4, -1, -2.896613990462929, 4.123105625617661
98, 132, 196, 211, 200, 213, -4, -2, -2.677945044588987, 4.47213595499958
98, 133, 164, 163, 168, 165, -4, -2, -2.677945044588987, 4.47213595499958
98, 134, 393, 167, 395, 171, -2, -4, -2.0344439357957027, 4.47213595499958
98, 135, 337, 142, 340, 145, -3, -3, -2.356194490192345, 4.242640687119285
98, 136, 528, 142, 527, 145, 1, -3, -1.2490457723982544, 3.1622776601683795
98, 137, 290, 161, 294, 162, -4, -1, -2.896613990462929, 4.123105625617661
98, 138, 104, 128, 106, 130, -2, -2, -2.356194490192345, 2.8284271247461903
98, 139, 532, 122, 530, 124, 2, -2, -0.7853981633974483, 2.8284271247461903
98, 140, 328, 201, 330, 204, -2, -3, -2.158798930342464, 3.605551275463989
98, 141, 401, 134, 403, 137, -2, -3, -2.158798930342464, 3.605551275463989
98, 142, 177, 125, 180, 126, -3, -1, -2.819842099193151, 3.1622776601683795
98, 143, 115, 263, 120, 264, -5, -1, -2.9441970937399127, 5.0990195135927845
98, 144, 554, 139, 553, 144, 1, -5, -1.373400766945016, 5.0990195135927845
98, 145, 95, 118, 98, 119, -3, -1, -2.819842099193151, 3.1622776601683795
98, 146, 431, 178, 433, 180, -2, -2, -2.356194490192345, 2.8284271247461903
98, 147, 188, 162, 191, 165, -3, -3, -2.356194490192345, 4.242640687119285
98, 148, 261, 190, 264, 191, -3, -1, -2.819842099193151, 3.1622776601683795
98, 149, 176, 331, 175, 336, 1, -5, -1.373400766945016, 5.0990195135927845
98, 150, 473, 222, 474, 224, -1, -2, -2.0344439357957027, 2.23606797749979
98, 151, 504, 220, 504, 223, 0, -3, -1.5707963267948966, 3.0
98, 152, 374, 160, 378, 161, -4, -1, -2.896613990462929, 4.123105625617661
98, 153, 124, 222, 126, 223, -2, -1, -2.677945044588987, 2.23606797749979
98, 154, 370, 229, 374, 231, -4, -2, -2.677945044588987, 4.47213595499958
99, 0, 253, 296, 259, 296, -6, 0, 3.141592653589793, 6.0
99, 2, 91, 155, 96, 158, -5, -3, -2.601173153319209, 5.830951894845301
99, 3, 251, 206, 254, 208, -3, -2, -2.5535900500422257, 3.605551275463989
99, 4, 59, 285, 61, 286, -2, -1, -2.677945044588987, 2.23606797749979
99, 6, 411, 168, 413, 170, -2, -2, -2.356194490192345, 2.8284271247461903
99, 7, 187, 126, 190, 127, -3, -1, -2.819842099193151, 3.1622776601683795
99, 8, 150, 334, 154, 334, -4, 0, 3.141592653589793, 4.0
99, 9, 60, 259, 66, 259, -6, 0, 3.141592653589793, 6.0
99, 11, 337, 184, 340, 185, -3, -1, -2.819842099193151, 3.1622776601683795
99, 12, 74, 155, 77, 157, -3, -2, -2.5535900500422257, 3.605551275463989
99, 13, 388, 274, 392, 276, -4, -2, -2.677945044588987, 4.47213595499958
99, 14, 331, 261, 334, 262, -3, -1, -2.819842099193151, 3.1622776601683795
99, 16, 407, 290, 410, 292, -3, -2, -2.5535900500422257, 3.605551275463989
99, 17, 328, 311, 331, 311, -3, 0, 3.141592653589793, 3.0
99, 18, 341, 363, 343, 364, -2, -1, -2.677945044588987, 2.23606797749979
99, 19, 148, 130, 150, 131, -2, -1, -2.677945044588987, 2.23606797749979
99, 23, 580, 118, 579, 121, 1, -3, -1.2490457723982544, 3.1622776601683795
99, 26, 289, 191, 292, 195, -3, -4, -2.214297435588181, 5.0
99, 28, 433, 188, 434, 192, -1, -4, -1.8157749899217608, 4.123105625617661
99, 29, 593, 187, 593, 189, 0, -2, -1.5707963267948966, 2.0
99, 30, 290, 214, 293, 217, -3, -3, -2.356194490192345, 4.242640687119285
99, 31, 552, 364, 551, 365, 1, -1, -0.7853981633974483, 1.4142135623730951
99, 32, 356, 132, 359, 135, -3, -3, -2.356194490192345, 4.242640687119285
99, 33, 382, 366, 385, 366, -3, 0, 3.141592653589793, 3.0
99, 35, 279, 115, 281, 116, -2, -1, -2.677945044588987, 2.23606797749979
99, 36, 224, 288, 226, 289, -2, -1, -2.677945044588987, 2.23606797749979
99, 38, 598, 130, 598, 132, 0, -2, -1.5707963267948966, 2.0
99, 39, 214, 266, 216, 266, -2, 0, 3.141592653589793, 2.0
99, 41, 235, 116, 237, 118, -2, -2, -2.356194490192345, 2.8284271247461903
99, 42, 34, 208, 36, 209, -2, -1, -2.677945044588987, 2.23606797749979
99, 43, 566, 217, 563, 219, 3, -2, -0.5880026035475675, 3.605551275463989
99, 45, 544, 250, 543, 253, 1, -3, -1.2490457723982544, 3.1622776601683795
99, 47, 64, 113, 67, 114, -3, -1, -2.819842099193151, 3.1622776601683795
99, 49, 118, 109, 120, 110, -2, -1, -2.677945044588987, 2.23606797749979
99, 50, 595, 148, 594, 149, 1, -1, -0.7853981633974483, 1.4142135623730951
99, 51, 371, 358, 374, 360, -3, -2, -2.5535900500422257, 3.605551275463989
99, 52, 175, 199, 177, 199, -2, 0, 3.141592653589793, 2.0
99, 53, 196, 101, 198, 102, -2, -1, -2.677945044588987, 2.23606797749979
99, 55, 155, 105, 157, 106, -2, -1, -2.677945044588987, 2.23606797749979
99, 56, 48, 202, 50, 204, -2, -2, -2.356194490192345, 2.8284271247461903
99, 57, 63, 305, 66, 306, -3, -1, -2.819842099193151, 3.1622776601683795
99, 58, 41, 202, 43, 203, -2, -1, -2.677945044588987, 2.23606797749979
99, 60, 217, 135, 219, 137, -2, -2, -2.356194490192345, 2.8284271247461903
99, 61, 131, 221, 134, 222, -3, -1, -2.819842099193151, 3.1622776601683795
99, 62, 119, 238, 122, 239, -3, -1, -2.819842099193151, 3.1622776601683795
99, 63, 105, 191, 109, 193, -4, -2, -2.677945044588987, 4.47213595499958
99, 64, 288, 366, 292, 366, -4, 0, 3.141592653589793, 4.0
99, 65, 351, 256, 353, 257, -2, -1, -2.677945044588987, 2.23606797749979
99, 68, 66, 182, 68, 183, -2, -1, -2.677945044588987, 2.23606797749979
99, 69, 496, 229, 496, 232, 0, -3, -1.5707963267948966, 3.0
99, 71, 472, 108, 471, 109, 1, -1, -0.7853981633974483, 1.4142135623730951
99, 72, 63, 206, 68, 209, -5, -3, -2.601173153319209, 5.830951894845301
99, 73, 484, 114, 484, 116, 0, -2, -1.5707963267948966, 2.0
99, 74, 41, 165, 43, 166, -2, -1, -2.677945044588987, 2.23606797749979
99, 75, 81, 296, 85, 296, -4, 0, 3.141592653589793, 4.0
99, 76, 299, 247, 300, 249, -1, -2, -2.0344439357957027, 2.23606797749979
99, 77, 61, 155, 63, 154, -2, 1, 2.677945044588987, 2.23606797749979
99, 78, 346, 357, 350, 358, -4, -1, -2.896613990462929, 4.123105625617661
99, 79, 578, 363, 577, 364, 1, -1, -0.7853981633974483, 1.4142135623730951
99, 80, 315, 121, 318, 122, -3, -1, -2.819842099193151, 3.1622776601683795
99, 83, 152, 366, 156, 365, -4, 1, 2.896613990462929, 4.123105625617661
99, 85, 503, 130, 504, 132, -1, -2, -2.0344439357957027, 2.23606797749979
99, 86, 136, 156, 137, 158, -1, -2, -2.0344439357957027, 2.23606797749979
99, 87, 269, 208, 272, 210, -3, -2, -2.5535900500422257, 3.605551275463989
99, 88, 341, 209, 343, 211, -2, -2, -2.356194490192345, 2.8284271247461903
99, 89, 587, 174, 588, 176, -1, -2, -2.0344439357957027, 2.23606797749979
99, 90, 145, 329, 148, 329, -3, 0, 3.141592653589793, 3.0
99, 91, 80, 106, 82, 107, -2, -1, -2.677945044588987, 2.23606797749979
99, 92, 482, 180, 482, 183, 0, -3, -1.5707963267948966, 3.0
99, 93, 92, 202, 96, 203, -4, -1, -2.896613990462929, 4.123105625617661
99, 94, 549, 352, 548, 353, 1, -1, -0.7853981633974483, 1.4142135623730951
99, 95, 150, 350, 153, 350, -3, 0, 3.141592653589793, 3.0
99, 96, 358, 336, 362, 334, -4, 2, 2.677945044588987, 4.47213595499958
99, 97, 561, 183, 560, 187, 1, -4, -1.3258176636680326, 4.123105625617661
99, 98, 547, 233, 547, 237, 0, -4, -1.5707963267948966, 4.0
99, 99, 144, 168, 147, 170, -3, -2, -2.5535900500422257, 3.605551275463989
99, 101, 589, 260, 586, 264, 3, -4, -0.9272952180016122, 5.0
99, 102, 301, 134, 303, 135, -2, -1, -2.677945044588987, 2.23606797749979
99, 103, 405, 209, 407, 210, -2, -1, -2.677945044588987, 2.23606797749979
99, 104, 51, 138, 54, 139, -3, -1, -2.819842099193151, 3.1622776601683795
99, 105, 318, 153, 320, 154, -2, -1, -2.677945044588987, 2.23606797749979
99, 107, 143, 310, 145, 311, -2, -1, -2.677945044588987, 2.23606797749979
99, 109, 174, 317, 178, 317, -4, 0, 3.141592653589793, 4.0
99, 110, 370, 201, 370, 203, 0, -2, -1.5707963267948966, 2.0
99, 111, 135, 253, 138, 256, -3, -3, -2.356194490192345, 4.242640687119285
99, 114, 260, 277, 263, 279, -3, -2, -2.5535900500422257, 3.605551275463989
99, 115, 258, 112, 260, 113, -2, -1, -2.677945044588987, 2.23606797749979
99, 116, 363, 150, 364, 153, -1, -3, -1.892546881191539, 3.1622776601683795
99, 117, 537, 149, 538, 152, -1, -3, -1.892546881191539, 3.1622776601683795
99, 118, 112, 144, 114, 145, -2, -1, -2.677945044588987, 2.23606797749979
99, 119, 193, 210, 196, 211, -3, -1, -2.819842099193151, 3.1622776601683795
99, 120, 159, 162, 164, 163, -5, -1, -2.9441970937399127, 5.0990195135927845
99, 122, 334, 139, 337, 142, -3, -3, -2.356194490192345, 4.242640687119285
99, 123, 529, 137, 528, 142, 1, -5, -1.373400766945016, 5.0990195135927845
99, 124, 101, 126, 104, 128, -3, -2, -2.5535900500422257, 3.605551275463989
99, 127, 398, 130, 401, 134, -3, -4, -2.214297435588181, 5.0
99, 128, 174, 124, 177, 125, -3, -1, -2.819842099193151, 3.1622776601683795
99, 129, 112, 263, 115, 263, -3, 0, 3.141592653589793, 3.0
99, 130, 555, 135, 554, 139, 1, -4, -1.3258176636680326, 4.123105625617661
99, 131, 91, 117, 95, 118, -4, -1, -2.896613990462929, 4.123105625617661
99, 132, 429, 175, 431, 178, -2, -3, -2.158798930342464, 3.605551275463989
99, 133, 186, 160, 188, 162, -2, -2, -2.356194490192345, 2.8284271247461903
99, 134, 259, 189, 261, 190, -2, -1, -2.677945044588987, 2.23606797749979
99, 135, 472, 219, 473, 222, -1, -3, -1.892546881191539, 3.1622776601683795
99, 137, 371, 156, 374, 160, -3, -4, -2.214297435588181, 5.0
99, 138, 120, 221, 124, 222, -4, -1, -2.896613990462929, 4.123105625617661
100, 0, 35, 362, 36, 364, -1, -2, -2.0344439357957027, 2.23606797749979
100, 1, 48, 269, 47, 270, 1, -1, -0.7853981633974483, 1.4142135623730951
100, 2, 340, 187, 345, 191, -5, -4, -2.4668517113662407, 6.4031242374328485
100, 3, 257, 301, 263, 302, -6, -1, -2.976443976175166, 6.082762530298219
100, 4, 136, 206, 141, 208, -5, -2, -2.761086276477428, 5.385164807134504
100, 5, 430, 193, 432, 197, -2, -4, -2.0344439357957027, 4.47213595499958
100, 6, 192, 132, 196, 135, -4, -3, -2.498091544796509, 5.0
100, 8, 153, 131, 157, 133, -4, -2, -2.677945044588987, 4.47213595499958
100, 11, 593, 314, 592, 315, 1, -1, -0.7853981633974483, 1.4142135623730951
100, 12, 290, 215, 295, 219, -5, -4, -2.4668517113662407, 6.4031242374328485
100, 14, 258, 207, 262, 211, -4, -4, -2.356194490192345, 5.656854249492381
100, 15, 52, 124, 54, 126, -2, -2, -2.356194490192345, 2.8284271247461903
100, 17, 243, 111, 245, 112, -2, -1, -2.677945044588987, 2.23606797749979
100, 19, 416, 169, 419, 174, -3, -5, -2.1112158270654806, 5.830951894845301
100, 20, 389, 368, 391, 368, -2, 0, 3.141592653589793, 2.0
100, 21, 593, 176, 594, 178, -1, -2, -2.0344439357957027, 2.23606797749979
100, 24, 100, 159, 105, 162, -5, -3, -2.601173153319209, 5.830951894845301
100, 25, 80, 155, 85, 158, -5, -3, -2.601173153319209, 5.830951894845301
100, 26, 70, 134, 75, 136, -5, -2, -2.761086276477428, 5.385164807134504
100, 27, 554, 367, 553, 368, 1, -1, -0.7853981633974483, 1.4142135623730951
100, 29, 63, 288, 68, 290, -5, -2, -2.761086276477428, 5.385164807134504
100, 30, 586, 263, 584, 266, 2, -3, -0.982793723247329, 3.605551275463989
100, 31, 336, 264, 341, 267, -5, -3, -2.601173153319209, 5.830951894845301
100, 32, 258, 120, 258, 122, 0, -2, -1.5707963267948966, 2.0
100, 33, 72, 367, 76, 367, -4, 0, 3.141592653589793, 4.0
100, 34, 38, 354, 39, 356, -1, -2, -2.0344439357957027, 2.23606797749979
100, 35, 156, 333, 161, 333, -5, 0, 3.141592653589793, 5.0
100, 36, 227, 289, 233, 291, -6, -2, -2.819842099193151, 6.324555320336759
100, 37, 71, 260, 76, 262, -5, -2, -2.761086276477428, 5.385164807134504
100, 38, 596, 194, 596, 196, 0, -2, -1.5707963267948966, 2.0
100, 39, 332, 314, 338, 315, -6, -1, -2.976443976175166, 6.082762530298219
100, 40, 582, 124, 581, 128, 1, -4, -1.3258176636680326, 4.123105625617661
100, 41, 297, 108, 299, 109, -2, -1, -2.677945044588987, 2.23606797749979
100, 43, 375, 365, 380, 363, -5, 2, 2.761086276477428, 5.385164807134504
100, 44, 294, 192, 299, 196, -5, -4, -2.4668517113662407, 6.4031242374328485
100, 45, 239, 120, 243, 123, -4, -3, -2.498091544796509, 5.0
100, 46, 561, 125, 560, 130, 1, -5, -1.373400766945016, 5.0990195135927845
100, 48, 597, 135, 597, 137, 0, -2, -1.5707963267948966, 2.0
100, 50, 447, 121, 448, 123, -1, -2, -2.0344439357957027, 2.23606797749979
100, 51, 347, 366, 350, 366, -3, 0, 3.141592653589793, 3.0
100, 52, 58, 208, 63, 210, -5, -2, -2.761086276477428, 5.385164807134504
100, 54, 123, 241, 127, 243, -4, -2, -2.677945044588987, 4.47213595499958
100, 55, 363, 135, 367, 140, -4, -5, -2.2455372690184494, 6.4031242374328485
100, 57, 101, 110, 104, 111, -3, -1, -2.819842099193151, 3.1622776601683795
100, 58, 177, 196, 183, 199, -6, -3, -2.677945044588987, 6.708203932499369
100, 60, 36, 210, 39, 211, -3, -1, -2.819842099193151, 3.1622776601683795
100, 62, 460, 368, 462, 368, -2, 0, 3.141592653589793, 2.0
100, 63, 585, 313, 583, 313, 2, 0, 0.0, 2.0
100, 64, 216, 269, 222, 271, -6, -2, -2.819842099193151, 6.324555320336759
100, 66, 48, 249, 52, 251, -4, -2, -2.677945044588987, 4.47213595499958
100, 67, 66, 314, 71, 315, -5, -1, -2.9441970937399127, 5.0990195135927845
100, 69, 590, 228, 590, 230, 0, -2, -1.5707963267948966, 2.0
100, 70, 407, 212, 410, 215, -3, -3, -2.356194490192345, 4.242640687119285
100, 71, 52, 186, 56, 188, -4, -2, -2.677945044588987, 4.47213595499958
100, 72, 554, 127, 552, 131, 2, -4, -1.1071487177940904, 4.47213595499958
100, 73, 69, 116, 71, 116, -2, 0, 3.141592653589793, 2.0
100, 75, 481, 115, 481, 120, 0, -5, -1.5707963267948966, 5.0
100, 76, 156, 365, 161, 366, -5, -1, -2.9441970937399127, 5.0990195135927845
100, 77, 597, 230, 597, 232, 0, -2, -1.5707963267948966, 2.0
100, 79, 281, 115, 283, 116, -2, -1, -2.677945044588987, 2.23606797749979
100, 80, 579, 366, 578, 367, 1, -1, -0.7853981633974483, 1.4142135623730951
100, 81, 511, 131, 511, 136, 0, -5, -1.5707963267948966, 5.0
100, 83, 284, 340, 289, 340, -5, 0, 3.141592653589793, 5.0
100, 84, 527, 127, 526, 128, 1, -1, -0.7853981633974483, 1.4142135623730951
100, 85, 87, 342, 91, 342, -4, 0, 3.141592653589793, 4.0
100, 87, 218, 137, 222, 140, -4, -3, -2.498091544796509, 5.0
100, 88, 359, 332, 365, 332, -6, 0, 3.141592653589793, 6.0
100, 89, 94, 201, 101, 204, -7, -3, -2.7367008673047097, 7.615773105863909
100, 90, 550, 354, 548, 355, 2, -1, -0.4636476090008061, 2.23606797749979
100, 91, 154, 352, 158, 352, -4, 0, 3.141592653589793, 4.0
100, 92, 417, 292, 418, 294, -1, -2, -2.0344439357957027, 2.23606797749979
100, 93, 85, 299, 90, 300, -5, -1, -2.9441970937399127, 5.0990195135927845
100, 96, 558, 358, 556, 359, 2, -1, -0.4636476090008061, 2.23606797749979
100, 97, 306, 132, 309, 136, -3, -4, -2.214297435588181, 5.0
100, 99, 71, 183, 75, 185, -4, -2, -2.677945044588987, 4.47213595499958
100, 100, 601, 164, 602, 166, -1, -2, -2.0344439357957027, 2.23606797749979
100, 101, 176, 126, 180, 128, -4, -2, -2.677945044588987, 4.47213595499958
100, 102, 596, 303, 596, 305, 0, -2, -1.5707963267948966, 2.0
100, 103, 198, 211, 202, 214, -4, -3, -2.498091544796509, 5.0
100, 104, 272, 212, 277, 215, -5, -3, -2.601173153319209, 5.830951894845301
100, 105, 366, 151, 369, 155, -3, -4, -2.214297435588181, 5.0
100, 106, 515, 171, 515, 176, 0, -5, -1.5707963267948966, 5.0
100, 107, 483, 185, 483, 190, 0, -5, -1.5707963267948966, 5.0
100, 108, 36, 240, 38, 241, -2, -1, -2.677945044588987, 2.23606797749979
100, 109, 541, 257, 538, 260, 3, -3, -0.7853981633974483, 4.242640687119285
100, 110, 345, 213, 348, 216, -3, -3, -2.356194490192345, 4.242640687119285
100, 111, 146, 168, 150, 171, -4, -3, -2.498091544796509, 5.0
100, 112, 498, 231, 497, 237, 1, -6, -1.4056476493802699, 6.082762530298219
100, 113, 433, 175, 435, 180, -2, -5, -1.9513027039072615, 5.385164807134504
100, 114, 171, 260, 175, 261, -4, -1, -2.896613990462929, 4.123105625617661
100, 115, 553, 142, 552, 145, 1, -3, -1.2490457723982544, 3.1622776601683795
100, 116, 54, 206, 56, 206, -2, 0, 3.141592653589793, 2.0
100, 118, 376, 162, 380, 166, -4, -4, -2.356194490192345, 5.656854249492381
100, 119, 298, 320, 304, 320, -6, 0, 3.141592653589793, 6.0
100, 120, 293, 368, 298, 367, -5, 1, 2.9441970937399127, 5.0990195135927845
100, 121, 169, 122, 172, 122, -3, 0, 3.141592653589793, 3.0
100, 122, 489, 130, 489, 134, 0, -4, -1.5707963267948966, 4.0
100, 123, 84, 110, 86, 111, -2, -1, -2.677945044588987, 2.23606797749979
100, 124, 137, 257, 142, 258, -5, -1, -2.9441970937399127, 5.0990195135927845
100, 125, 56, 139, 60, 141, -4, -2, -2.677945044588987, 4.47213595499958
100, 128, 35, 342, 37, 342, -2, 0, 3.141592653589793, 2.0
100, 129, 561, 188, 560, 191, 1, -3, -1.2490457723982544, 3.1622776601683795
100, 130, 301, 250, 307, 253, -6, -3, -2.677945044588987, 6.708203932499369
100, 131, 319, 119, 322, 121, -3, -2, -2.5535900500422257, 3.605551275463989
100, 132, 148, 313, 151, 314, -3, -1, -2.819842099193151, 3.1622776601683795
100, 133, 229, 116, 231, 118, -2, -2, -2.356194490192345, 2.8284271247461903
100, 134, 351, 359, 354, 360, -3, -1, -2.819842099193151, 3.1622776601683795
100, 135, 355, 257, 359, 260, -4, -3, -2.498091544796509, 5.0
100, 136, 563, 290, 559, 292, 4, -2, -0.4636476090008061, 4.47213595499958
100, 137, 98, 128, 103, 130, -5, -2, -2.761086276477428, 5.385164807134504
100, 138, 61, 153, 65, 155, -4, -2, -2.677945044588987, 4.47213595499958
100, 139, 186, 164, 191, 166, -5, -2, -2.761086276477428, 5.385164807134504
100, 140, 165, 163, 169, 165, -4, -2, -2.677945044588987, 4.47213595499958
100, 141, 603, 195, 603, 197, 0, -2, -1.5707963267948966, 2.0
100, 144, 533, 137, 532, 141, 1, -4, -1.3258176636680326, 4.123105625617661
100, 145, 118, 122, 122, 123, -4, -1, -2.896613990462929, 4.123105625617661
100, 146, 409, 171, 411, 176, -2, -5, -1.9513027039072615, 5.385164807134504
101, 2, 336, 183, 340, 187, -4, -4, -2.356194490192345, 5.656854249492381
101, 3, 251, 299, 257, 301, -6, -2, -2.819842099193151, 6.324555320336759
101, 4, 133, 204, 136, 206, -3, -2, -2.5535900500422257, 3.605551275463989
101, 5, 428, 188, 430, 193, -2, -5, -1.9513027039072615, 5.385164807134504
101, 6, 189, 129, 192, 132, -3, -3, -2.356194490192345, 4.242640687119285
101, 8, 149, 129, 153, 131, -4, -2, -2.677945044588987, 4.47213595499958
101, 11, 285, 211, 290, 215, -5, -4, -2.4668517113662407, 6.4031242374328485
101, 13, 253, 204, 258, 207, -5, -3, -2.601173153319209, 5.830951894845301
101, 17, 595, 347, 594, 348, 1, -1, -0.7853981633974483, 1.4142135623730951
101, 18, 413, 164, 416, 169, -3, -5, -2.1112158270654806, 5.830951894845301
101, 19, 386, 367, 389, 368, -3, -1, -2.819842099193151, 3.1622776601683795
101, 23, 95, 156, 100, 159, -5, -3, -2.601173153319209, 5.830951894845301
101, 24, 75, 152, 80, 155, -5, -3, -2.601173153319209, 5.830951894845301
101, 25, 65, 132, 70, 134, -5, -2, -2.761086276477428, 5.385164807134504
101, 26, 555, 366, 554, 367, 1, -1, -0.7853981633974483, 1.4142135623730951
101, 28, 58, 287, 63, 288, -5, -1, -2.9441970937399127, 5.0990195135927845
101, 29, 588, 260, 586, 263, 2, -3, -0.982793723247329, 3.605551275463989
101, 30, 334, 264, 336, 264, -2, 0, 3.141592653589793, 2.0
101, 31, 68, 367, 72, 367, -4, 0, 3.141592653589793, 4.0
101, 33, 151, 333, 156, 333, -5, 0, 3.141592653589793, 5.0
101, 34, 222, 288, 227, 289, -5, -1, -2.9441970937399127, 5.0990195135927845
101, 35, 65, 258, 71, 260, -6, -2, -2.819842099193151, 6.324555320336759
101, 37, 328, 313, 332, 314, -4, -1, -2.896613990462929, 4.123105625617661
101, 38, 583, 120, 582, 124, 1, -4, -1.3258176636680326, 4.123105625617661
101, 39, 158, 109, 160, 110, -2, -1, -2.677945044588987, 2.23606797749979
101, 40, 370, 367, 375, 365, -5, 2, 2.761086276477428, 5.385164807134504
101, 41, 291, 188, 294, 192, -3, -4, -2.214297435588181, 5.0
101, 42, 236, 118, 239, 120, -3, -2, -2.5535900500422257, 3.605551275463989
101, 43, 562, 121, 561, 125, 1, -4, -1.3258176636680326, 4.123105625617661
101, 44, 43, 179, 43, 181, 0, -2, -1.5707963267948966, 2.0
101, 45, 597, 133, 597, 135, 0, -2, -1.5707963267948966, 2.0
101, 47, 344, 365, 347, 366, -3, -1, -2.819842099193151, 3.1622776601683795
101, 48, 55, 206, 58, 208, -3, -2, -2.5535900500422257, 3.605551275463989
101, 50, 118, 239, 123, 241, -5, -2, -2.761086276477428, 5.385164807134504
101, 51, 360, 130, 363, 135, -3, -5, -2.1112158270654806, 5.830951894845301
101, 53, 99, 110, 101, 110, -2, 0, 3.141592653589793, 2.0
101, 54, 172, 193, 177, 196, -5, -3, -2.601173153319209, 5.830951894845301
101, 56, 34, 209, 36, 210, -2, -1, -2.677945044588987, 2.23606797749979
101, 57, 458, 368, 460, 368, -2, 0, 3.141592653589793, 2.0
101, 59, 209, 267, 216, 269, -7, -2, -2.8632929945846817, 7.280109889280518
101, 61, 45, 248, 48, 249, -3, -1, -2.819842099193151, 3.1622776601683795
101, 62, 62, 314, 66, 314, -4, 0, 3.141592653589793, 4.0
101, 64, 403, 209, 407, 212, -4, -3, -2.498091544796509, 5.0
101, 65, 50, 184, 52, 186, -2, -2, -2.356194490192345, 2.8284271247461903
101, 66, 556, 123, 554, 127, 2, -4, -1.1071487177940904, 4.47213595499958
101, 67, 67, 115, 69, 116, -2, -1, -2.677945044588987, 2.23606797749979
101, 69, 482, 112, 481, 115, 1, -3, -1.2490457723982544, 3.1622776601683795
101, 70, 152, 365, 156, 365, -4, 0, 3.141592653589793, 4.0
101, 71, 597, 228, 597, 230, 0, -2, -1.5707963267948966, 2.0
101, 73, 580, 365, 579, 366, 1, -1, -0.7853981633974483, 1.4142135623730951
101, 74, 511, 127, 511, 131, 0, -4, -1.5707963267948966, 4.0
101, 75, 278, 340, 284, 340, -6, 0, 3.141592653589793, 6.0
101, 76, 528, 126, 527, 127, 1, -1, -0.7853981633974483, 1.4142135623730951
101, 77, 83, 342, 87, 342, -4, 0, 3.141592653589793, 4.0
101, 79, 214, 133, 218, 137, -4, -4, -2.356194490192345, 5.656854249492381
101, 80, 354, 333, 359, 332, -5, 1, 2.9441970937399127, 5.0990195135927845
101, 81, 87, 199, 94, 201, -7, -2, -2.8632929945846817, 7.280109889280518
101, 82, 552, 353, 550, 354, 2, -1, -0.4636476090008061, 2.23606797749979
101, 83, 150, 352, 154, 352, -4, 0, 3.141592653589793, 4.0
101, 84, 415, 290, 417, 292, -2, -2, -2.356194490192345, 2.8284271247461903
101, 85, 80, 298, 85, 299, -5, -1, -2.9441970937399127, 5.0990195135927845
101, 87, 560, 357, 558, 358, 2, -1, -0.4636476090008061, 2.23606797749979
101, 88, 304, 129, 306, 132, -2, -3, -2.158798930342464, 3.605551275463989
101, 90, 67, 181, 71, 183, -4, -2, -2.677945044588987, 4.47213595499958
101, 91, 171, 124, 176, 126, -5, -2, -2.761086276477428, 5.385164807134504
101, 92, 596, 301, 596, 303, 0, -2, -1.5707963267948966, 2.0
101, 93, 194, 209, 198, 211, -4, -2, -2.677945044588987, 4.47213595499958
101, 94, 269, 210, 272, 212, -3, -2, -2.5535900500422257, 3.605551275463989
101, 95, 364, 147, 366, 151, -2, -4, -2.0344439357957027, 4.47213595499958
101, 96, 516, 166, 515, 171, 1, -5, -1.373400766945016, 5.0990195135927845
101, 97, 483, 180, 483, 185, 0, -5, -1.5707963267948966, 5.0
101, 99, 545, 253, 541, 257, 4, -4, -0.7853981633974483, 5.656854249492381
101, 100, 341, 210, 345, 213, -4, -3, -2.498091544796509, 5.0
101, 101, 142, 166, 146, 168, -4, -2, -2.677945044588987, 4.47213595499958
101, 102, 500, 226, 498, 231, 2, -5, -1.1902899496825317, 5.385164807134504
101, 103, 431, 170, 433, 175, -2, -5, -1.9513027039072615, 5.385164807134504
101, 104, 167, 259, 171, 260, -4, -1, -2.896613990462929, 4.123105625617661
101, 105, 554, 138, 553, 142, 1, -4, -1.3258176636680326, 4.123105625617661
101, 106, 52, 204, 54, 206, -2, -2, -2.356194490192345, 2.8284271247461903
101, 107, 598, 362, 597, 364, 1, -2, -1.1071487177940904, 2.23606797749979
101, 108, 373, 158, 376, 162, -3, -4, -2.214297435588181, 5.0
101, 109, 294, 320, 298, 320, -4, 0, 3.141592653589793, 4.0
101, 110, 289, 367, 293, 368, -4, -1, -2.896613990462929, 4.123105625617661
101, 111, 167, 122, 169, 122, -2, 0, 3.141592653589793, 2.0
101, 112, 489, 125, 489, 130, 0, -5, -1.5707963267948966, 5.0
101, 113, 82, 109, 84, 110, -2, -1, -2.677945044588987, 2.23606797749979
101, 114, 132, 256, 137, 257, -5, -1, -2.9441970937399127, 5.0990195135927845
101, 115, 52, 137, 56, 139, -4, -2, -2.677945044588987, 4.47213595499958
101, 117, 563, 184, 561, 188, 2, -4, -1.1071487177940904, 4.47213595499958
101, 118, 297, 248, 301, 250, -4, -2, -2.677945044588987, 4.47213595499958
101, 119, 316, 116, 319, 119, -3, -3, -2.356194490192345, 4.242640687119285
101, 120, 143, 313, 148, 313, -5, 0, 3.141592653589793, 5.0
101, 121, 227, 114, 229, 116, -2, -2, -2.356194490192345, 2.8284271247461903
101, 122, 348, 359, 351, 359, -3, 0, 3.141592653589793, 3.0
101, 123, 349, 253, 355, 257, -6, -4, -2.5535900500422257, 7.211102550927978
101, 124, 567, 287, 563, 290, 4, -3, -0.6435011087932844, 5.0
101, 125, 94, 126, 98, 128, -4, -2, -2.677945044588987, 4.47213595499958
101, 126, 59, 150, 61, 153, -2, -3, -2.158798930342464, 3.605551275463989
101, 127, 181, 162, 186, 164, -5, -2, -2.761086276477428, 5.385164807134504
101, 128, 162, 161, 165, 163, -3, -2, -2.5535900500422257, 3.605551275463989
101, 129, 603, 193, 603, 195, 0, -2, -1.5707963267948966, 2.0
101, 131, 534, 135, 533, 137, 1, -2, -1.1071487177940904, 2.23606797749979
101, 132, 115, 121, 118, 122, -3, -1, -2.819842099193151, 3.1622776601683795
101, 133, 407, 165, 409, 171, -2, -6, -1.892546881191539, 6.324555320336759
102, 2, 333, 179, 336, 183, -3, -4, -2.214297435588181, 5.0
102, 3, 248, 297, 251, 299, -3, -2, -2.5535900500422257, 3.605551275463989
102, 5, 425, 184, 428, 188, -3, -4, -2.214297435588181, 5.0
102, 6, 185, 126, 189, 129, -4, -3, -2.498091544796509, 5.0
102, 8, 146, 127, 149, 129, -3, -2, -2.5535900500422257, 3.605551275463989
102, 9, 595, 122, 596, 121, -1, 1, 2.356194490192345, 1.4142135623730951
102, 10, 283, 210, 285, 211, -2, -1, -2.677945044588987, 2.23606797749979
102, 12, 249, 201, 253, 204, -4, -3, -2.498091544796509, 5.0
102, 13, 49, 123, 51, 124, -2, -1, -2.677945044588987, 2.23606797749979
102, 16, 410, 159, 413, 164, -3, -5, -2.1112158270654806, 5.830951894845301
102, 17, 383, 366, 386, 367, -3, -1, -2.819842099193151, 3.1622776601683795
102, 18, 593, 173, 593, 175, 0, -2, -1.5707963267948966, 2.0
102, 21, 91, 153, 95, 156, -4, -3, -2.498091544796509, 5.0
102, 22, 72, 149, 75, 152, -3, -3, -2.356194490192345, 4.242640687119285
102, 23, 63, 130, 65, 132, -2, -2, -2.356194490192345, 2.8284271247461903
102, 26, 54, 287, 58, 287, -4, 0, 3.141592653589793, 4.0
102, 27, 591, 256, 588, 260, 3, -4, -0.9272952180016122, 5.0
102, 28, 331, 262, 334, 264, -3, -2, -2.5535900500422257, 3.605551275463989
102, 29, 63, 367, 68, 367, -5, 0, 3.141592653589793, 5.0
102, 30, 39, 352, 38, 353, 1, -1, -0.7853981633974483, 1.4142135623730951
102, 31, 146, 333, 151, 333, -5, 0, 3.141592653589793, 5.0
102, 32, 216, 286, 222, 288, -6, -2, -2.819842099193151, 6.324555320336759
102, 33, 61, 256, 65, 258, -4, -2, -2.677945044588987, 4.47213595499958
102, 35, 324, 311, 328, 313, -4, -2, -2.677945044588987, 4.47213595499958
102, 36, 583, 117, 583, 120, 0, -3, -1.5707963267948966, 3.0
102, 37, 156, 108, 158, 109, -2, -1, -2.677945044588987, 2.23606797749979
102, 38, 366, 368, 370, 367, -4, 1, 2.896613990462929, 4.123105625617661
102, 39, 288, 185, 291, 188, -3, -3, -2.356194490192345, 4.242640687119285
102, 40, 233, 115, 236, 118, -3, -3, -2.356194490192345, 4.242640687119285
102, 41, 563, 119, 562, 121, 1, -2, -1.1071487177940904, 2.23606797749979
102, 45, 341, 364, 344, 365, -3, -1, -2.819842099193151, 3.1622776601683795
102, 46, 53, 204, 55, 206, -2, -2, -2.356194490192345, 2.8284271247461903
102, 48, 113, 237, 118, 239, -5, -2, -2.761086276477428, 5.385164807134504
102, 49, 359, 127, 360, 130, -1, -3, -1.892546881191539, 3.1622776601683795
102, 50, 97, 108, 99, 110, -2, -2, -2.356194490192345, 2.8284271247461903
102, 51, 169, 191, 172, 193, -3, -2, -2.5535900500422257, 3.605551275463989
102, 53, 32, 208, 34, 209, -2, -1, -2.677945044588987, 2.23606797749979
102, 54, 456, 367, 458, 368, -2, -1, -2.677945044588987, 2.23606797749979
102, 55, 589, 313, 586, 313, 3, 0, 0.0, 3.0
102, 56, 204, 265, 209, 267, -5, -2, -2.761086276477428, 5.385164807134504
102, 57, 43, 246, 45, 248, -2, -2, -2.356194490192345, 2.8284271247461903
102, 58, 58, 313, 62, 314, -4, -1, -2.896613990462929, 4.123105625617661
102, 59, 400, 204, 403, 209, -3, -5, -2.1112158270654806, 5.830951894845301
102, 60, 557, 119, 556, 123, 1, -4, -1.3258176636680326, 4.123105625617661
102, 61, 65, 114, 67, 115, -2, -1, -2.677945044588987, 2.23606797749979
102, 63, 147, 364, 152, 365, -5, -1, -2.9441970937399127, 5.0990195135927845
102, 64, 597, 225, 597, 228, 0, -3, -1.5707963267948966, 3.0
102, 66, 581, 364, 580, 365, 1, -1, -0.7853981633974483, 1.4142135623730951
102, 67, 511, 124, 511, 127, 0, -3, -1.5707963267948966, 3.0
102, 68, 273, 337, 278, 340, -5, -3, -2.601173153319209, 5.830951894845301
102, 70, 80, 341, 83, 342, -3, -1, -2.819842099193151, 3.1622776601683795
102, 72, 212, 131, 214, 133, -2, -2, -2.356194490192345, 2.8284271247461903
102, 73, 348, 333, 354, 333, -6, 0, 3.141592653589793, 6.0
102, 74, 554, 352, 552, 353, 2, -1, -0.4636476090008061, 2.23606797749979
102, 75, 145, 352, 150, 352, -5, 0, 3.141592653589793, 5.0
102, 76, 414, 291, 415, 290, -1, 1, 2.356194490192345, 1.4142135623730951
102, 77, 74, 296, 80, 298, -6, -2, -2.819842099193151, 6.324555320336759
102, 79, 561, 356, 560, 357, 1, -1, -0.7853981633974483, 1.4142135623730951
102, 81, 63, 179, 67, 181, -4, -2, -2.677945044588987, 4.47213595499958
102, 82, 169, 123, 171, 124, -2, -1, -2.677945044588987, 2.23606797749979
102, 83, 597, 299, 596, 301, 1, -2, -1.1071487177940904, 2.23606797749979
102, 84, 189, 206, 194, 209, -5, -3, -2.601173153319209, 5.830951894845301
102, 85, 265, 206, 269, 210, -4, -4, -2.356194490192345, 5.656854249492381
102, 86, 361, 144, 364, 147, -3, -3, -2.356194490192345, 4.242640687119285
102, 87, 516, 159, 516, 166, 0, -7, -1.5707963267948966, 7.0
102, 88, 483, 174, 483, 180, 0, -6, -1.5707963267948966, 6.0
102, 90, 549, 250, 545, 253, 4, -3, -0.6435011087932844, 5.0
102, 91, 338, 207, 341, 210, -3, -3, -2.356194490192345, 4.242640687119285
102, 92, 137, 164, 142, 166, -5, -2, -2.761086276477428, 5.385164807134504
102, 93, 500, 221, 500, 226, 0, -5, -1.5707963267948966, 5.0
102, 94, 429, 165, 431, 170, -2, -5, -1.9513027039072615, 5.385164807134504
102, 95, 163, 258, 167, 259, -4, -1, -2.896613990462929, 4.123105625617661
102, 96, 555, 134, 554, 138, 1, -4, -1.3258176636680326, 4.123105625617661
102, 97, 53, 203, 52, 204, 1, -1, -0.7853981633974483, 1.4142135623730951
102, 98, 370, 156, 373, 158, -3, -2, -2.5535900500422257, 3.605551275463989
102, 99, 292, 320, 294, 320, -2, 0, 3.141592653589793, 2.0
102, 100, 285, 367, 289, 367, -4, 0, 3.141592653589793, 4.0
102, 101, 488, 122, 489, 125, -1, -3, -1.892546881191539, 3.1622776601683795
102, 102, 80, 109, 82, 109, -2, 0, 3.141592653589793, 2.0
102, 103, 128, 254, 132, 256, -4, -2, -2.677945044588987, 4.47213595499958
102, 104, 49, 137, 52, 137, -3, 0, 3.141592653589793, 3.0
102, 106, 565, 180, 563, 184, 2, -4, -1.1071487177940904, 4.47213595499958
102, 107, 293, 246, 297, 248, -4, -2, -2.677945044588987, 4.47213595499958
102, 108, 314, 114, 316, 116, -2, -2, -2.356194490192345, 2.8284271247461903
102, 109, 138, 312, 143, 313, -5, -1, -2.9441970937399127, 5.0990195135927845
102, 110, 227, 112, 227, 114, 0, -2, -1.5707963267948966, 2.0
102, 111, 346, 358, 348, 359, -2, -1, -2.677945044588987, 2.23606797749979
102, 112, 348, 250, 349, 253, -1, -3, -1.892546881191539, 3.1622776601683795
102, 113, 570, 284, 567, 287, 3, -3, -0.7853981633974483, 4.242640687119285
102, 114, 90, 125, 94, 126, -4, -1, -2.896613990462929, 4.123105625617661
102, 115, 56, 151, 59, 150, -3, 1, 2.819842099193151, 3.1622776601683795
102, 116, 176, 160, 181, 162, -5, -2, -2.761086276477428, 5.385164807134504
102, 117, 157, 159, 162, 161, -5, -2, -2.761086276477428, 5.385164807134504
102, 120, 536, 133, 534, 135, 2, -2, -0.7853981633974483, 2.8284271247461903
102, 121, 111, 119, 115, 121, -4, -2, -2.677945044588987, 4.47213595499958
102, 122, 407, 162, 407, 165, 0, -3, -1.5707963267948966, 3.0
103, 1, 330, 177, 333, 179, -3, -2, -2.5535900500422257, 3.605551275463989
103, 2, 246, 297, 248, 297, -2, 0, 3.141592653589793, 2.0
103, 3, 128, 202, 133, 204, -5, -2, -2.761086276477428, 5.385164807134504
103, 4, 423, 179, 425, 184, -2, -5, -1.9513027039072615, 5.385164807134504
103, 5, 182, 124, 185, 126, -3, -2, -2.5535900500422257, 3.605551275463989
103, 7, 142, 125, 146, 127, -4, -2, -2.677945044588987, 4.47213595499958
103, 8, 594, 123, 595, 122, -1, 1, 2.356194490192345, 1.4142135623730951
103, 9, 280, 207, 283, 210, -3, -3, -2.356194490192345, 4.242640687119285
103, 11, 246, 198, 249, 201, -3, -3, -2.356194490192345, 4.242640687119285
103, 13, 409, 156, 410, 159, -1, -3, -1.892546881191539, 3.1622776601683795
103, 14, 380, 366, 383, 366, -3, 0, 3.141592653589793, 3.0
103, 15, 592, 170, 593, 173, -1, -3, -1.892546881191539, 3.1622776601683795
103, 16, 509, 363, 508, 364, 1, -1, -0.7853981633974483, 1.4142135623730951
103, 18, 86, 150, 91, 153, -5, -3, -2.601173153319209, 5.830951894845301
103, 19, 71, 147, 72, 149, -1, -2, -2.0344439357957027, 2.23606797749979
103, 20, 61, 128, 63, 130, -2, -2, -2.356194490192345, 2.8284271247461903
103, 21, 558, 365, 556, 366, 2, -1, -0.4636476090008061, 2.23606797749979
103, 23, 592, 254, 591, 256, 1, -2, -1.1071487177940904, 2.23606797749979
103, 24, 329, 260, 331, 262, -2, -2, -2.356194490192345, 2.8284271247461903
103, 25, 60, 367, 63, 367, -3, 0, 3.141592653589793, 3.0
103, 27, 142, 332, 146, 333, -4, -1, -2.896613990462929, 4.123105625617661
103, 28, 211, 285, 216, 286, -5, -1, -2.9441970937399127, 5.0990195135927845
103, 29, 57, 254, 61, 256, -4, -2, -2.677945044588987, 4.47213595499958
103, 30, 597, 190, 596, 192, 1, -2, -1.1071487177940904, 2.23606797749979
103, 31, 320, 309, 324, 311, -4, -2, -2.677945044588987, 4.47213595499958
103, 32, 583, 115, 583, 117, 0, -2, -1.5707963267948966, 2.0
103, 33, 363, 368, 366, 368, -3, 0, 3.141592653589793, 3.0
103, 34, 286, 184, 288, 185, -2, -1, -2.677945044588987, 2.23606797749979
103, 35, 232, 113, 233, 115, -1, -2, -2.0344439357957027, 2.23606797749979
103, 36, 563, 116, 563, 119, 0, -3, -1.5707963267948966, 3.0
103, 39, 338, 363, 341, 364, -3, -1, -2.819842099193151, 3.1622776601683795
103, 40, 51, 203, 53, 204, -2, -1, -2.677945044588987, 2.23606797749979
103, 42, 110, 236, 113, 237, -3, -1, -2.819842099193151, 3.1622776601683795
103, 43, 357, 125, 359, 127, -2, -2, -2.356194490192345, 2.8284271247461903
103, 44, 95, 107, 97, 108, -2, -1, -2.677945044588987, 2.23606797749979
103, 45, 168, 189, 169, 191, -1, -2, -2.0344439357957027, 2.23606797749979
103, 47, 454, 367, 456, 367, -2, 0, 3.141592653589793, 2.0
103, 49, 203, 266, 204, 265, -1, 1, 2.356194490192345, 1.4142135623730951
103, 50, 55, 313, 58, 313, -3, 0, 3.141592653589793, 3.0
103, 51, 397, 199, 400, 204, -3, -5, -2.1112158270654806, 5.830951894845301
103, 52, 557, 117, 557, 119, 0, -2, -1.5707963267948966, 2.0
103, 53, 63, 113, 65, 114, -2, -1, -2.677945044588987, 2.23606797749979
103, 55, 141, 364, 147, 364, -6, 0, 3.141592653589793, 6.0
103, 56, 597, 223, 597, 225, 0, -2, -1.5707963267948966, 2.0
103, 59, 512, 121, 511, 124, 1, -3, -1.2490457723982544, 3.1622776601683795
103, 60, 271, 336, 273, 337, -2, -1, -2.677945044588987, 2.23606797749979
103, 62, 77, 338, 80, 341, -3, -3, -2.356194490192345, 4.242640687119285
103, 64, 343, 335, 348, 333, -5, 2, 2.761086276477428, 5.385164807134504
103, 65, 557, 351, 554, 352, 3, -1, -0.3217505543966422, 3.1622776601683795
103, 66, 140, 351, 145, 352, -5, -1, -2.9441970937399127, 5.0990195135927845
103, 67, 411, 293, 414, 291, -3, 2, 2.5535900500422257, 3.605551275463989
103, 68, 72, 295, 74, 296, -2, -1, -2.677945044588987, 2.23606797749979
103, 70, 563, 355, 561, 356, 2, -1, -0.4636476090008061, 2.23606797749979
103, 72, 59, 176, 63, 179, -4, -3, -2.498091544796509, 5.0
103, 73, 167, 122, 169, 123, -2, -1, -2.677945044588987, 2.23606797749979
103, 74, 598, 296, 597, 299, 1, -3, -1.2490457723982544, 3.1622776601683795
103, 75, 186, 203, 189, 206, -3, -3, -2.356194490192345, 4.242640687119285
103, 76, 262, 204, 265, 206, -3, -2, -2.5535900500422257, 3.605551275463989
103, 77, 360, 141, 361, 144, -1, -3, -1.892546881191539, 3.1622776601683795
103, 78, 517, 156, 516, 159, 1, -3, -1.2490457723982544, 3.1622776601683795
103, 79, 482, 171, 483, 174, -1, -3, -1.892546881191539, 3.1622776601683795
103, 81, 553, 246, 549, 250, 4, -4, -0.7853981633974483, 5.656854249492381
103, 82, 335, 204, 338, 207, -3, -3, -2.356194490192345, 4.242640687119285
103, 83, 133, 160, 137, 164, -4, -4, -2.356194490192345, 5.656854249492381
103, 84, 501, 218, 500, 221, 1, -3, -1.2490457723982544, 3.1622776601683795
103, 85, 428, 161, 429, 165, -1, -4, -1.8157749899217608, 4.123105625617661
103, 86, 158, 256, 163, 258, -5, -2, -2.761086276477428, 5.385164807134504
103, 87, 556, 131, 555, 134, 1, -3, -1.2490457723982544, 3.1622776601683795
103, 88, 51, 202, 53, 203, -2, -1, -2.677945044588987, 2.23606797749979
103, 89, 369, 153, 370, 156, -1, -3, -1.892546881191539, 3.1622776601683795
103, 90, 287, 321, 292, 320, -5, 1, 2.9441970937399127, 5.0990195135927845
103, 91, 281, 366, 285, 367, -4, -1, -2.896613990462929, 4.123105625617661
103, 92, 489, 120, 488, 122, 1, -2, -1.1071487177940904, 2.23606797749979
103, 94, 123, 252, 128, 254, -5, -2, -2.761086276477428, 5.385164807134504
103, 95, 47, 135, 49, 137, -2, -2, -2.356194490192345, 2.8284271247461903
103, 97, 568, 177, 565, 180, 3, -3, -0.7853981633974483, 4.242640687119285
103, 98, 289, 244, 293, 246, -4, -2, -2.677945044588987, 4.47213595499958
103, 99, 134, 310, 138, 312, -4, -2, -2.677945044588987, 4.47213595499958
103, 100, 226, 110, 227, 112, -1, -2, -2.0344439357957027, 2.23606797749979
103, 101, 344, 358, 346, 358, -2, 0, 3.141592653589793, 2.0
103, 102, 344, 246, 348, 250, -4, -4, -2.356194490192345, 5.656854249492381
103, 103, 571, 282, 570, 284, 1, -2, -1.1071487177940904, 2.23606797749979
103, 104, 88, 124, 90, 125, -2, -1, -2.677945044588987, 2.23606797749979
103, 105, 52, 149, 56, 151, -4, -2, -2.677945044588987, 4.47213595499958
103, 106, 175, 161, 176, 160, -1, 1, 2.356194490192345, 1.4142135623730951
103, 107, 154, 156, 157, 159, -3, -3, -2.356194490192345, 4.242640687119285
103, 108, 603, 190, 603, 192, 0, -2, -1.5707963267948966, 2.0
103, 110, 537, 132, 536, 133, 1, -1, -0.7853981633974483, 1.4142135623730951
103, 111, 108, 119, 111, 119, -3, 0, 3.141592653589793, 3.0
103, 112, 407, 160, 407, 162, 0, -2, -1.5707963267948966, 2.0
104, 1, 328, 175, 330, 177, -2, -2, -2.356194490192345, 2.8284271247461903
104, 2, 242, 295, 246, 297, -4, -2, -2.677945044588987, 4.47213595499958
104, 3, 124, 201, 128, 202, -4, -1, -2.896613990462929, 4.123105625617661
104, 4, 179, 123, 182, 124, -3, -1, -2.819842099193151, 3.1622776601683795
104, 6, 138, 123, 142, 125, -4, -2, -2.677945044588987, 4.47213595499958
104, 8, 277, 205, 280, 207, -3, -2, -2.5535900500422257, 3.605551275463989
104, 10, 242, 197, 246, 198, -4, -1, -2.896613990462929, 4.123105625617661
104, 11, 408, 154, 409, 156, -1, -2, -2.0344439357957027, 2.23606797749979
104, 12, 378, 366, 380, 366, -2, 0, 3.141592653589793, 2.0
104, 15, 86, 148, 86, 150, 0, -2, -1.5707963267948966, 2.0
104, 16, 59, 126, 61, 128, -2, -2, -2.356194490192345, 2.8284271247461903
104, 17, 559, 364, 558, 365, 1, -1, -0.7853981633974483, 1.4142135623730951
104, 19, 592, 252, 592, 254, 0, -2, -1.5707963267948966, 2.0
104, 20, 325, 258, 329, 260, -4, -2, -2.677945044588987, 4.47213595499958
104, 21, 55, 366, 60, 367, -5, -1, -2.9441970937399127, 5.0990195135927845
104, 22, 139, 331, 142, 332, -3, -1, -2.819842099193151, 3.1622776601683795
104, 23, 206, 283, 211, 285, -5, -2, -2.761086276477428, 5.385164807134504
104, 24, 55, 253, 57, 254, -2, -1, -2.677945044588987, 2.23606797749979
104, 25, 597, 188, 597, 190, 0, -2, -1.5707963267948966, 2.0
104, 26, 318, 307, 320, 309, -2, -2, -2.356194490192345, 2.8284271247461903
104, 27, 360, 367, 363, 368, -3, -1, -2.819842099193151, 3.1622776601683795
104, 28, 284, 182, 286, 184, -2, -2, -2.356194490192345, 2.8284271247461903
104, 29, 231, 111, 232, 113, -1, -2, -2.0344439357957027, 2.23606797749979
104, 30, 564, 114, 563, 116, 1, -2, -1.1071487177940904, 2.23606797749979
104, 32, 334, 362, 338, 363, -4, -1, -2.896613990462929, 4.123105625617661
104, 34, 107, 235, 110, 236, -3, -1, -2.819842099193151, 3.1622776601683795
104, 35, 355, 123, 357, 125, -2, -2, -2.356194490192345, 2.8284271247461903
104, 36, 165, 188, 168, 189, -3, -1, -2.819842099193151, 3.1622776601683795
104, 38, 452, 366, 454, 367, -2, -1, -2.677945044588987, 2.23606797749979
104, 40, 201, 265, 203, 266, -2, -1, -2.677945044588987, 2.23606797749979
104, 41, 53, 313, 55, 313, -2, 0, 3.141592653589793, 2.0
104, 42, 395, 195, 397, 199, -2, -4, -2.0344439357957027, 4.47213595499958
104, 44, 61, 112, 63, 113, -2, -1, -2.677945044588987, 2.23606797749979
104, 46, 138, 362, 141, 364, -3, -2, -2.5535900500422257, 3.605551275463989
104, 47, 596, 220, 597, 223, -1, -3, -1.892546881191539, 3.1622776601683795
104, 49, 583, 363, 582, 364, 1, -1, -0.7853981633974483, 1.4142135623730951
104, 50, 512, 119, 512, 121, 0, -2, -1.5707963267948966, 2.0
104, 51, 268, 335, 271, 336, -3, -1, -2.819842099193151, 3.1622776601683795
104, 53, 72, 337, 77, 338, -5, -1, -2.9441970937399127, 5.0990195135927845
104, 55, 340, 336, 343, 335, -3, 1, 2.819842099193151, 3.1622776601683795
104, 56, 558, 350, 557, 351, 1, -1, -0.7853981633974483, 1.4142135623730951
104, 57, 138, 350, 140, 351, -2, -1, -2.677945044588987, 2.23606797749979
104, 58, 408, 292, 411, 293, -3, -1, -2.819842099193151, 3.1622776601683795
104, 59, 69, 294, 72, 295, -3, -1, -2.819842099193151, 3.1622776601683795
104, 60, 41, 257, 43, 257, -2, 0, 3.141592653589793, 2.0
104, 61, 565, 355, 563, 355, 2, 0, 0.0, 2.0
104, 63, 54, 174, 59, 176, -5, -2, -2.761086276477428, 5.385164807134504
104, 64, 165, 121, 167, 122, -2, -1, -2.677945044588987, 2.23606797749979
104, 65, 184, 203, 186, 203, -2, 0, 3.141592653589793, 2.0
104, 66, 257, 201, 262, 204, -5, -3, -2.601173153319209, 5.830951894845301
104, 67, 358, 139, 360, 141, -2, -2, -2.356194490192345, 2.8284271247461903
104, 68, 517, 153, 517, 156, 0, -3, -1.5707963267948966, 3.0
104, 69, 481, 168, 482, 171, -1, -3, -1.892546881191539, 3.1622776601683795
104, 71, 554, 241, 553, 246, 1, -5, -1.373400766945016, 5.0990195135927845
104, 72, 331, 202, 335, 204, -4, -2, -2.677945044588987, 4.47213595499958
104, 73, 130, 158, 133, 160, -3, -2, -2.5535900500422257, 3.605551275463989
104, 74, 502, 213, 501, 218, 1, -5, -1.373400766945016, 5.0990195135927845
104, 75, 154, 254, 158, 256, -4, -2, -2.677945044588987, 4.47213595499958
104, 76, 557, 127, 556, 131, 1, -4, -1.3258176636680326, 4.123105625617661
104, 77, 367, 148, 369, 153, -2, -5, -1.9513027039072615, 5.385164807134504
104, 78, 282, 321, 287, 321, -5, 0, 3.141592653589793, 5.0
104, 79, 276, 366, 281, 366, -5, 0, 3.141592653589793, 5.0
104, 82, 121, 252, 123, 252, -2, 0, 3.141592653589793, 2.0
104, 84, 571, 173, 568, 177, 3, -4, -0.9272952180016122, 5.0
104, 85, 286, 243, 289, 244, -3, -1, -2.819842099193151, 3.1622776601683795
104, 86, 131, 307, 134, 310, -3, -3, -2.356194490192345, 4.242640687119285
104, 88, 342, 357, 344, 358, -2, -1, -2.677945044588987, 2.23606797749979
104, 89, 340, 244, 344, 246, -4, -2, -2.677945044588987, 4.47213595499958
104, 90, 572, 280, 571, 282, 1, -2, -1.1071487177940904, 2.23606797749979
104, 91, 86, 122, 88, 124, -2, -2, -2.356194490192345, 2.8284271247461903
104, 92, 173, 161, 175, 161, -2, 0, 3.141592653589793, 2.0
104, 93, 149, 153, 154, 156, -5, -3, -2.601173153319209, 5.830951894845301
104, 94, 602, 188, 603, 190, -1, -2, -2.0344439357957027, 2.23606797749979
104, 96, 538, 131, 537, 132, 1, -1, -0.7853981633974483, 1.4142135623730951
104, 97, 105, 118, 108, 119, -3, -1, -2.819842099193151, 3.1622776601683795
104, 98, 406, 157, 407, 160, -1, -3, -1.892546881191539, 3.1622776601683795
105, 0, 566, 118, 565, 119, 1, -1, -0.7853981633974483, 1.4142135623730951
105, 1, 313, 117, 315, 118, -2, -1, -2.677945044588987, 2.23606797749979
105, 2, 330, 176, 335, 182, -5, -6, -2.2655346029916, 7.810249675906654
105, 3, 356, 128, 359, 132, -3, -4, -2.214297435588181, 5.0
105, 6, 55, 313, 57, 314, -2, -1, -2.677945044588987, 2.23606797749979
105, 7, 594, 173, 594, 175, 0, -2, -1.5707963267948966, 2.0
105, 9, 55, 285, 58, 286, -3, -1, -2.819842099193151, 3.1622776601683795
105, 10, 143, 124, 148, 127, -5, -3, -2.601173153319209, 5.830951894845301
105, 11, 603, 302, 600, 304, 3, -2, -0.5880026035475675, 3.605551275463989
105, 13, 247, 200, 252, 204, -5, -4, -2.4668517113662407, 6.4031242374328485
105, 14, 411, 156, 413, 162, -2, -6, -1.892546881191539, 6.324555320336759
105, 15, 233, 122, 235, 123, -2, -1, -2.677945044588987, 2.23606797749979
105, 16, 276, 209, 282, 213, -6, -4, -2.5535900500422257, 7.211102550927978
105, 17, 125, 201, 130, 203, -5, -2, -2.761086276477428, 5.385164807134504
105, 18, 425, 180, 428, 185, -3, -5, -2.1112158270654806, 5.830951894845301
105, 19, 381, 273, 383, 274, -2, -1, -2.677945044588987, 2.23606797749979
105, 20, 503, 217, 502, 223, 1, -6, -1.4056476493802699, 6.082762530298219
105, 21, 60, 257, 65, 259, -5, -2, -2.761086276477428, 5.385164807134504
105, 22, 322, 261, 328, 264, -6, -3, -2.677945044588987, 6.708203932499369
105, 23, 283, 184, 288, 189, -5, -5, -2.356194490192345, 7.0710678118654755
105, 24, 319, 313, 325, 314, -6, -1, -2.976443976175166, 6.082762530298219
105, 25, 244, 300, 250, 300, -6, 0, 3.141592653589793, 6.0
105, 26, 144, 365, 149, 366, -5, -1, -2.9441970937399127, 5.0990195135927845
105, 27, 58, 366, 63, 367, -5, -1, -2.9441970937399127, 5.0990195135927845
105, 28, 512, 366, 511, 367, 1, -1, -0.7853981633974483, 1.4142135623730951
105, 29, 184, 124, 189, 126, -5, -2, -2.761086276477428, 5.385164807134504
105, 30, 63, 130, 66, 131, -3, -1, -2.819842099193151, 3.1622776601683795
105, 32, 401, 289, 403, 290, -2, -1, -2.677945044588987, 2.23606797749979
105, 35, 300, 132, 302, 133, -2, -1, -2.677945044588987, 2.23606797749979
105, 37, 142, 334, 148, 334, -6, 0, 3.141592653589793, 6.0
105, 39, 337, 369, 341, 370, -4, -1, -2.896613990462929, 4.123105625617661
105, 40, 514, 120, 513, 122, 1, -2, -1.1071487177940904, 2.23606797749979
105, 42, 601, 159, 601, 162, 0, -3, -1.5707963267948966, 3.0
105, 45, 558, 366, 557, 367, 1, -1, -0.7853981633974483, 1.4142135623730951
105, 48, 549, 245, 546, 249, 3, -4, -0.9272952180016122, 5.0
105, 50, 592, 149, 593, 151, -1, -2, -2.0344439357957027, 2.23606797749979
105, 54, 594, 257, 594, 259, 0, -2, -1.5707963267948966, 2.0
105, 55, 74, 342, 77, 343, -3, -1, -2.819842099193151, 3.1622776601683795
105, 56, 88, 152, 94, 155, -6, -3, -2.677945044588987, 6.708203932499369
105, 60, 186, 206, 191, 209, -5, -3, -2.601173153319209, 5.830951894845301
105, 62, 597, 326, 596, 327, 1, -1, -0.7853981633974483, 1.4142135623730951
105, 63, 154, 109, 156, 110, -2, -1, -2.677945044588987, 2.23606797749979
105, 64, 142, 353, 147, 353, -5, 0, 3.141592653589793, 5.0
105, 66, 600, 146, 600, 148, 0, -2, -1.5707963267948966, 2.0
105, 68, 427, 164, 429, 169, -2, -5, -1.9513027039072615, 5.385164807134504
105, 69, 210, 132, 213, 133, -3, -1, -2.819842099193151, 3.1622776601683795
105, 70, 111, 238, 116, 240, -5, -2, -2.761086276477428, 5.385164807134504
105, 71, 343, 333, 349, 334, -6, -1, -2.976443976175166, 6.082762530298219
105, 73, 589, 225, 589, 227, 0, -2, -1.5707963267948966, 2.0
105, 74, 336, 204, 339, 208, -3, -4, -2.214297435588181, 5.0
105, 76, 294, 161, 299, 165, -5, -4, -2.4668517113662407, 6.4031242374328485
105, 77, 203, 266, 209, 268, -6, -2, -2.819842099193151, 6.324555320336759
105, 78, 486, 172, 485, 177, 1, -5, -1.373400766945016, 5.0990195135927845
105, 79, 55, 120, 56, 122, -1, -2, -2.0344439357957027, 2.23606797749979
105, 81, 55, 151, 57, 152, -2, -1, -2.677945044588987, 2.23606797749979
105, 82, 173, 122, 176, 124, -3, -2, -2.5535900500422257, 3.605551275463989
105, 83, 166, 190, 171, 193, -5, -3, -2.601173153319209, 5.830951894845301
105, 84, 72, 297, 77, 299, -5, -2, -2.761086276477428, 5.385164807134504
105, 85, 197, 112, 199, 112, -2, 0, 3.141592653589793, 2.0
105, 86, 91, 127, 94, 128, -3, -1, -2.819842099193151, 3.1622776601683795
105, 87, 68, 150, 74, 153, -6, -3, -2.677945044588987, 6.708203932499369
105, 89, 346, 358, 348, 359, -2, -1, -2.677945044588987, 2.23606797749979
105, 90, 32, 257, 35, 256, -3, 1, 2.819842099193151, 3.1622776601683795
105, 92, 46, 135, 48, 137, -2, -2, -2.356194490192345, 2.8284271247461903
105, 94, 386, 159, 389, 163, -3, -4, -2.214297435588181, 5.0
105, 95, 172, 290, 177, 291, -5, -1, -2.9441970937399127, 5.0990195135927845
105, 97, 282, 149, 286, 153, -4, -4, -2.356194490192345, 5.656854249492381
105, 98, 135, 162, 140, 166, -5, -4, -2.4668517113662407, 6.4031242374328485
105, 101, 258, 204, 262, 206, -4, -2, -2.677945044588987, 4.47213595499958
105, 102, 120, 365, 122, 366, -2, -1, -2.677945044588987, 2.23606797749979
105, 103, 271, 342, 276, 343, -5, -1, -2.9441970937399127, 5.0990195135927845
105, 106, 158, 258, 164, 259, -6, -1, -2.976443976175166, 6.082762530298219
105, 107, 51, 202, 53, 204, -2, -2, -2.356194490192345, 2.8284271247461903
105, 108, 134, 312, 137, 313, -3, -1, -2.819842099193151, 3.1622776601683795
105, 109, 465, 143, 466, 149, -1, -6, -1.7359450042095235, 6.082762530298219
105, 110, 214, 289, 220, 291, -6, -2, -2.819842099193151, 6.324555320336759
105, 111, 176, 159, 180, 161, -4, -2, -2.677945044588987, 4.47213595499958
105, 112, 530, 137, 528, 138, 2, -1, -0.4636476090008061, 2.23606797749979
105, 113, 63, 115, 65, 115, -2, 0, 3.141592653589793, 2.0
105, 114, 154, 158, 157, 159, -3, -1, -2.819842099193151, 3.1622776601683795
105, 115, 224, 265, 229, 267, -5, -2, -2.761086276477428, 5.385164807134504
105, 116, 93, 117, 96, 119, -3, -2, -2.5535900500422257, 3.605551275463989
105, 117, 383, 366, 386, 367, -3, -1, -2.819842099193151, 3.1622776601683795
105, 119, 558, 127, 555, 132, 3, -5, -1.0303768265243125, 5.830951894845301
105, 120, 347, 271, 352, 274, -5, -3, -2.601173153319209, 5.830951894845301
105, 121, 76, 200, 84, 202, -8, -2, -2.896613990462929, 8.246211251235321
105, 123, 253, 277, 257, 278, -4, -1, -2.896613990462929, 4.123105625617661
105, 124, 565, 358, 563, 359, 2, -1, -0.4636476090008061, 2.23606797749979
105, 125, 518, 158, 518, 163, 0, -5, -1.5707963267948966, 5.0
105, 127, 233, 338, 239, 339, -6, -1, -2.976443976175166, 6.082762530298219
105, 128, 319, 198, 323, 201, -4, -3, -2.498091544796509, 5.0
105, 129, 163, 317, 168, 317, -5, 0, 3.141592653589793, 5.0
105, 130, 371, 157, 373, 161, -2, -4, -2.0344439357957027, 4.47213595499958
105, 131, 540, 135, 538, 136, 2, -1, -0.4636476090008061, 2.23606797749979
105, 132, 96, 157, 101, 158, -5, -1, -2.9441970937399127, 5.0990195135927845
105, 133, 109, 120, 113, 121, -4, -1, -2.896613990462929, 4.123105625617661
105, 134, 160, 338, 164, 339, -4, -1, -2.896613990462929, 4.123105625617661
105, 135, 569, 208, 567, 212, 2, -4, -1.1071487177940904, 4.47213595499958
105, 136, 587, 174, 587, 176, 0, -2, -1.5707963267948966, 2.0
105, 137, 366, 368, 370, 368, -4, 0, 3.141592653589793, 4.0
105, 138, 90, 199, 96, 201, -6, -2, -2.819842099193151, 6.324555320336759
105, 139, 115, 148, 119, 151, -4, -3, -2.498091544796509, 5.0
105, 140, 558, 245, 554, 251, 4, -6, -0.982793723247329, 7.211102550927978
105, 141, 472, 208, 474, 214, -2, -6, -1.892546881191539, 6.324555320336759
105, 142, 173, 193, 178, 196, -5, -3, -2.601173153319209, 5.830951894845301
105, 143, 569, 176, 567, 179, 2, -3, -0.982793723247329, 3.605551275463989
105, 144, 340, 250, 346, 254, -6, -4, -2.5535900500422257, 7.211102550927978
106, 1, 326, 173, 330, 176, -4, -3, -2.498091544796509, 5.0
106, 2, 354, 125, 356, 128, -2, -3, -2.158798930342464, 3.605551275463989
106, 5, 594, 171, 594, 173, 0, -2, -1.5707963267948966, 2.0
106, 7, 53, 285, 55, 285, -2, 0, 3.141592653589793, 2.0
106, 8, 139, 122, 143, 124, -4, -2, -2.677945044588987, 4.47213595499958
106, 9, 604, 300, 603, 302, 1, -2, -1.1071487177940904, 2.23606797749979
106, 11, 242, 197, 247, 200, -5, -3, -2.601173153319209, 5.830951894845301
106, 12, 408, 152, 411, 156, -3, -4, -2.214297435588181, 5.0
106, 13, 231, 121, 233, 122, -2, -1, -2.677945044588987, 2.23606797749979
106, 14, 271, 206, 276, 209, -5, -3, -2.601173153319209, 5.830951894845301
106, 15, 119, 198, 125, 201, -6, -3, -2.677945044588987, 6.708203932499369
106, 16, 422, 176, 425, 180, -3, -4, -2.214297435588181, 5.0
106, 17, 379, 272, 381, 273, -2, -1, -2.677945044588987, 2.23606797749979
106, 18, 504, 212, 503, 217, 1, -5, -1.373400766945016, 5.0990195135927845
106, 19, 55, 255, 60, 257, -5, -2, -2.761086276477428, 5.385164807134504
106, 20, 318, 260, 322, 261, -4, -1, -2.896613990462929, 4.123105625617661
106, 21, 279, 180, 283, 184, -4, -4, -2.356194490192345, 5.656854249492381
106, 22, 318, 314, 319, 313, -1, 1, 2.356194490192345, 1.4142135623730951
106, 23, 238, 299, 244, 300, -6, -1, -2.976443976175166, 6.082762530298219
106, 24, 139, 365, 144, 365, -5, 0, 3.141592653589793, 5.0
106, 25, 56, 365, 58, 366, -2, -1, -2.677945044588987, 2.23606797749979
106, 27, 179, 121, 184, 124, -5, -3, -2.601173153319209, 5.830951894845301
106, 28, 60, 129, 63, 130, -3, -1, -2.819842099193151, 3.1622776601683795
106, 34, 137, 334, 142, 334, -5, 0, 3.141592653589793, 5.0
106, 35, 44, 292, 43, 293, 1, -1, -0.7853981633974483, 1.4142135623730951
106, 36, 333, 368, 337, 369, -4, -1, -2.896613990462929, 4.123105625617661
106, 37, 515, 117, 514, 120, 1, -3, -1.2490457723982544, 3.1622776601683795
106, 39, 601, 157, 601, 159, 0, -2, -1.5707963267948966, 2.0
106, 43, 552, 241, 549, 245, 3, -4, -0.9272952180016122, 5.0
106, 45, 592, 147, 592, 149, 0, -2, -1.5707963267948966, 2.0
106, 47, 72, 340, 74, 342, -2, -2, -2.356194490192345, 2.8284271247461903
106, 48, 82, 150, 88, 152, -6, -2, -2.819842099193151, 6.324555320336759
106, 52, 181, 204, 186, 206, -5, -2, -2.761086276477428, 5.385164807134504
106, 54, 598, 325, 597, 326, 1, -1, -0.7853981633974483, 1.4142135623730951
106, 55, 152, 109, 154, 109, -2, 0, 3.141592653589793, 2.0
106, 56, 137, 353, 142, 353, -5, 0, 3.141592653589793, 5.0
106, 57, 600, 144, 600, 146, 0, -2, -1.5707963267948966, 2.0
106, 59, 424, 160, 427, 164, -3, -4, -2.214297435588181, 5.0
106, 60, 207, 130, 210, 132, -3, -2, -2.5535900500422257, 3.605551275463989
106, 61, 106, 236, 111, 238, -5, -2, -2.761086276477428, 5.385164807134504
106, 62, 337, 334, 343, 333, -6, 1, 2.976443976175166, 6.082762530298219
106, 63, 588, 223, 589, 225, -1, -2, -2.0344439357957027, 2.23606797749979
106, 64, 332, 200, 336, 204, -4, -4, -2.356194490192345, 5.656854249492381
106, 66, 289, 157, 294, 161, -5, -4, -2.4668517113662407, 6.4031242374328485
106, 67, 197, 264, 203, 266, -6, -2, -2.819842099193151, 6.324555320336759
106, 68, 486, 166, 486, 172, 0, -6, -1.5707963267948966, 6.0
106, 70, 55, 149, 55, 151, 0, -2, -1.5707963267948966, 2.0
106, 71, 171, 121, 173, 122, -2, -1, -2.677945044588987, 2.23606797749979
106, 72, 160, 187, 166, 190, -6, -3, -2.677945044588987, 6.708203932499369
106, 73, 67, 296, 72, 297, -5, -1, -2.9441970937399127, 5.0990195135927845
106, 75, 88, 127, 91, 127, -3, 0, 3.141592653589793, 3.0
106, 76, 62, 147, 68, 150, -6, -3, -2.677945044588987, 6.708203932499369
106, 77, 343, 357, 346, 358, -3, -1, -2.819842099193151, 3.1622776601683795
106, 78, 600, 189, 600, 191, 0, -2, -1.5707963267948966, 2.0
106, 79, 584, 366, 583, 367, 1, -1, -0.7853981633974483, 1.4142135623730951
106, 80, 382, 155, 386, 159, -4, -4, -2.356194490192345, 5.656854249492381
106, 81, 169, 289, 172, 290, -3, -1, -2.819842099193151, 3.1622776601683795
106, 82, 277, 146, 282, 149, -5, -3, -2.601173153319209, 5.830951894845301
106, 83, 130, 158, 135, 162, -5, -4, -2.4668517113662407, 6.4031242374328485
106, 86, 255, 201, 258, 204, -3, -3, -2.356194490192345, 4.242640687119285
106, 87, 118, 364, 120, 365, -2, -1, -2.677945044588987, 2.23606797749979
106, 88, 266, 341, 271, 342, -5, -1, -2.9441970937399127, 5.0990195135927845
106, 91, 153, 257, 158, 258, -5, -1, -2.9441970937399127, 5.0990195135927845
106, 92, 131, 311, 134, 312, -3, -1, -2.819842099193151, 3.1622776601683795
106, 93, 465, 138, 465, 143, 0, -5, -1.5707963267948966, 5.0
106, 94, 208, 287, 214, 289, -6, -2, -2.819842099193151, 6.324555320336759
106, 95, 171, 156, 176, 159, -5, -3, -2.601173153319209, 5.830951894845301
106, 97, 61, 115, 63, 115, -2, 0, 3.141592653589793, 2.0
106, 98, 150, 155, 154, 158, -4, -3, -2.498091544796509, 5.0
106, 99, 217, 263, 224, 265, -7, -2, -2.8632929945846817, 7.280109889280518
106, 100, 91, 116, 93, 117, -2, -1, -2.677945044588987, 2.23606797749979
106, 101, 380, 365, 383, 366, -3, -1, -2.819842099193151, 3.1622776601683795
106, 103, 558, 125, 558, 127, 0, -2, -1.5707963267948966, 2.0
106, 104, 342, 269, 347, 271, -5, -2, -2.761086276477428, 5.385164807134504
106, 105, 73, 197, 76, 200, -3, -3, -2.356194490192345, 4.242640687119285
106, 107, 248, 275, 253, 277, -5, -2, -2.761086276477428, 5.385164807134504
106, 108, 567, 357, 565, 358, 2, -1, -0.4636476090008061, 2.23606797749979
106, 109, 518, 155, 518, 158, 0, -3, -1.5707963267948966, 3.0
106, 110, 227, 338, 233, 338, -6, 0, 3.141592653589793, 6.0
106, 111, 315, 194, 319, 198, -4, -4, -2.356194490192345, 5.656854249492381
106, 112, 158, 316, 163, 317, -5, -1, -2.9441970937399127, 5.0990195135927845
106, 113, 367, 155, 371, 157, -4, -2, -2.677945044588987, 4.47213595499958
106, 115, 91, 155, 96, 157, -5, -2, -2.761086276477428, 5.385164807134504
106, 116, 105, 118, 109, 120, -4, -2, -2.677945044588987, 4.47213595499958
106, 117, 570, 205, 569, 208, 1, -3, -1.2490457723982544, 3.1622776601683795
106, 118, 586, 172, 587, 174, -1, -2, -2.0344439357957027, 2.23606797749979
106, 119, 363, 369, 366, 368, -3, 1, 2.819842099193151, 3.1622776601683795
106, 120, 84, 197, 90, 199, -6, -2, -2.819842099193151, 6.324555320336759
106, 121, 111, 146, 115, 148, -4, -2, -2.677945044588987, 4.47213595499958
106, 122, 562, 241, 558, 245, 4, -4, -0.7853981633974483, 5.656854249492381
106, 123, 470, 204, 472, 208, -2, -4, -2.0344439357957027, 4.47213595499958
106, 124, 168, 191, 173, 193, -5, -2, -2.761086276477428, 5.385164807134504
106, 125, 571, 173, 569, 176, 2, -3, -0.982793723247329, 3.605551275463989
106, 126, 335, 247, 340, 250, -5, -3, -2.601173153319209, 5.830951894845301
107, 1, 321, 169, 326, 173, -5, -4, -2.4668517113662407, 6.4031242374328485
107, 2, 351, 123, 354, 125, -3, -2, -2.5535900500422257, 3.605551275463989
107, 4, 593, 169, 594, 171, -1, -2, -2.0344439357957027, 2.23606797749979
107, 6, 136, 121, 139, 122, -3, -1, -2.819842099193151, 3.1622776601683795
107, 7, 605, 298, 604, 300, 1, -2, -1.1071487177940904, 2.23606797749979
107, 8, 238, 194, 242, 197, -4, -3, -2.498091544796509, 5.0
107, 9, 406, 147, 408, 152, -2, -5, -1.9513027039072615, 5.385164807134504
107, 10, 229, 121, 231, 121, -2, 0, 3.141592653589793, 2.0
107, 11, 269, 206, 271, 206, -2, 0, 3.141592653589793, 2.0
107, 12, 115, 197, 119, 198, -4, -1, -2.896613990462929, 4.123105625617661
107, 13, 420, 173, 422, 176, -2, -3, -2.158798930342464, 3.605551275463989
107, 15, 504, 207, 504, 212, 0, -5, -1.5707963267948966, 5.0
107, 16, 52, 253, 55, 255, -3, -2, -2.5535900500422257, 3.605551275463989
107, 17, 314, 258, 318, 260, -4, -2, -2.677945044588987, 4.47213595499958
107, 18, 276, 178, 279, 180, -3, -2, -2.5535900500422257, 3.605551275463989
107, 19, 314, 313, 318, 314, -4, -1, -2.896613990462929, 4.123105625617661
107, 20, 234, 298, 238, 299, -4, -1, -2.896613990462929, 4.123105625617661
107, 21, 134, 364, 139, 365, -5, -1, -2.9441970937399127, 5.0990195135927845
107, 24, 177, 120, 179, 121, -2, -1, -2.677945044588987, 2.23606797749979
107, 25, 57, 129, 60, 129, -3, 0, 3.141592653589793, 3.0
107, 28, 297, 131, 299, 132, -2, -1, -2.677945044588987, 2.23606797749979
107, 30, 132, 333, 137, 334, -5, -1, -2.9441970937399127, 5.0990195135927845
107, 32, 329, 367, 333, 368, -4, -1, -2.896613990462929, 4.123105625617661
107, 33, 516, 115, 515, 117, 1, -2, -1.1071487177940904, 2.23606797749979
107, 34, 604, 239, 603, 240, 1, -1, -0.7853981633974483, 1.4142135623730951
107, 35, 601, 155, 601, 157, 0, -2, -1.5707963267948966, 2.0
107, 37, 560, 365, 559, 366, 1, -1, -0.7853981633974483, 1.4142135623730951
107, 39, 553, 238, 552, 241, 1, -3, -1.2490457723982544, 3.1622776601683795
107, 41, 592, 145, 592, 147, 0, -2, -1.5707963267948966, 2.0
107, 43, 70, 339, 72, 340, -2, -1, -2.677945044588987, 2.23606797749979
107, 44, 78, 148, 82, 150, -4, -2, -2.677945044588987, 4.47213595499958
107, 48, 177, 202, 181, 204, -4, -2, -2.677945044588987, 4.47213595499958
107, 50, 599, 324, 598, 325, 1, -1, -0.7853981633974483, 1.4142135623730951
107, 51, 150, 109, 152, 109, -2, 0, 3.141592653589793, 2.0
107, 52, 133, 353, 137, 353, -4, 0, 3.141592653589793, 4.0
107, 53, 599, 142, 600, 144, -1, -2, -2.0344439357957027, 2.23606797749979
107, 55, 421, 158, 424, 160, -3, -2, -2.5535900500422257, 3.605551275463989
107, 56, 204, 129, 207, 130, -3, -1, -2.819842099193151, 3.1622776601683795
107, 57, 101, 234, 106, 236, -5, -2, -2.761086276477428, 5.385164807134504
107, 58, 331, 334, 337, 334, -6, 0, 3.141592653589793, 6.0
107, 59, 587, 221, 588, 223, -1, -2, -2.0344439357957027, 2.23606797749979
107, 60, 328, 198, 332, 200, -4, -2, -2.677945044588987, 4.47213595499958
107, 62, 284, 155, 289, 157, -5, -2, -2.761086276477428, 5.385164807134504
107, 63, 193, 263, 197, 264, -4, -1, -2.896613990462929, 4.123105625617661
107, 64, 486, 160, 486, 166, 0, -6, -1.5707963267948966, 6.0
107, 67, 169, 120, 171, 121, -2, -1, -2.677945044588987, 2.23606797749979
107, 68, 159, 184, 160, 187, -1, -3, -1.892546881191539, 3.1622776601683795
107, 69, 62, 294, 67, 296, -5, -2, -2.761086276477428, 5.385164807134504
107, 70, 85, 126, 88, 127, -3, -1, -2.819842099193151, 3.1622776601683795
107, 71, 60, 146, 62, 147, -2, -1, -2.677945044588987, 2.23606797749979
107, 72, 339, 356, 343, 357, -4, -1, -2.896613990462929, 4.123105625617661
107, 74, 379, 151, 382, 155, -3, -4, -2.214297435588181, 5.0
107, 75, 167, 288, 169, 289, -2, -1, -2.677945044588987, 2.23606797749979
107, 76, 272, 146, 277, 146, -5, 0, 3.141592653589793, 5.0
107, 77, 125, 155, 130, 158, -5, -3, -2.601173153319209, 5.830951894845301
107, 80, 252, 198, 255, 201, -3, -3, -2.356194490192345, 4.242640687119285
107, 81, 114, 364, 118, 364, -4, 0, 3.141592653589793, 4.0
107, 82, 262, 340, 266, 341, -4, -1, -2.896613990462929, 4.123105625617661
107, 83, 148, 255, 153, 257, -5, -2, -2.761086276477428, 5.385164807134504
107, 84, 127, 311, 131, 311, -4, 0, 3.141592653589793, 4.0
107, 85, 463, 136, 465, 138, -2, -2, -2.356194490192345, 2.8284271247461903
107, 86, 205, 287, 208, 287, -3, 0, 3.141592653589793, 3.0
107, 87, 166, 154, 171, 156, -5, -2, -2.761086276477428, 5.385164807134504
107, 88, 531, 136, 530, 137, 1, -1, -0.7853981633974483, 1.4142135623730951
107, 89, 145, 152, 150, 155, -5, -3, -2.601173153319209, 5.830951894845301
107, 90, 214, 262, 217, 263, -3, -1, -2.819842099193151, 3.1622776601683795
107, 91, 89, 115, 91, 116, -2, -1, -2.677945044588987, 2.23606797749979
107, 92, 376, 364, 380, 365, -4, -1, -2.896613990462929, 4.123105625617661
107, 95, 337, 267, 342, 269, -5, -2, -2.761086276477428, 5.385164807134504
107, 96, 71, 196, 73, 197, -2, -1, -2.677945044588987, 2.23606797749979
107, 97, 594, 311, 596, 312, -2, -1, -2.677945044588987, 2.23606797749979
107, 98, 243, 274, 248, 275, -5, -1, -2.9441970937399127, 5.0990195135927845
107, 99, 569, 356, 567, 357, 2, -1, -0.4636476090008061, 2.23606797749979
107, 101, 220, 337, 227, 338, -7, -1, -2.999695598985629, 7.0710678118654755
107, 102, 311, 191, 315, 194, -4, -3, -2.498091544796509, 5.0
107, 103, 153, 313, 158, 316, -5, -3, -2.601173153319209, 5.830951894845301
107, 104, 363, 150, 367, 155, -4, -5, -2.2455372690184494, 6.4031242374328485
107, 106, 86, 153, 91, 155, -5, -2, -2.761086276477428, 5.385164807134504
107, 107, 103, 118, 105, 118, -2, 0, 3.141592653589793, 2.0
107, 109, 585, 170, 586, 172, -1, -2, -2.0344439357957027, 2.23606797749979
107, 110, 360, 369, 363, 369, -3, 0, 3.141592653589793, 3.0
107, 111, 79, 195, 84, 197, -5, -2, -2.761086276477428, 5.385164807134504
107, 112, 108, 144, 111, 146, -3, -2, -2.5535900500422257, 3.605551275463989
107, 113, 564, 239, 562, 241, 2, -2, -0.7853981633974483, 2.8284271247461903
107, 114, 469, 199, 470, 204, -1, -5, -1.7681918866447774, 5.0990195135927845
107, 115, 162, 189, 168, 191, -6, -2, -2.819842099193151, 6.324555320336759
107, 116, 572, 169, 571, 173, 1, -4, -1.3258176636680326, 4.123105625617661
107, 117, 332, 245, 335, 247, -3, -2, -2.5535900500422257, 3.605551275463989
108, 1, 318, 166, 321, 169, -3, -3, -2.356194490192345, 4.242640687119285
108, 2, 349, 122, 351, 123, -2, -1, -2.677945044588987, 2.23606797749979
108, 3, 504, 113, 504, 115, 0, -2, -1.5707963267948966, 2.0
108, 4, 592, 167, 593, 169, -1, -2, -2.0344439357957027, 2.23606797749979
108, 6, 134, 120, 136, 121, -2, -1, -2.677945044588987, 2.23606797749979
108, 8, 233, 190, 238, 194, -5, -4, -2.4668517113662407, 6.4031242374328485
108, 9, 408, 144, 406, 147, 2, -3, -0.982793723247329, 3.605551275463989
108, 10, 226, 121, 229, 121, -3, 0, 3.141592653589793, 3.0
108, 11, 262, 202, 269, 206, -7, -4, -2.62244653934327, 8.06225774829855
108, 12, 110, 195, 115, 197, -5, -2, -2.761086276477428, 5.385164807134504
108, 13, 418, 168, 420, 173, -2, -5, -1.9513027039072615, 5.385164807134504
108, 14, 379, 268, 379, 271, 0, -3, -1.5707963267948966, 3.0
108, 15, 503, 202, 504, 207, -1, -5, -1.7681918866447774, 5.0990195135927845
108, 16, 310, 256, 314, 258, -4, -2, -2.677945044588987, 4.47213595499958
108, 17, 272, 174, 276, 178, -4, -4, -2.356194490192345, 5.656854249492381
108, 18, 312, 313, 314, 313, -2, 0, 3.141592653589793, 2.0
108, 19, 230, 297, 234, 298, -4, -1, -2.896613990462929, 4.123105625617661
108, 20, 131, 364, 134, 364, -3, 0, 3.141592653589793, 3.0
108, 21, 53, 365, 55, 365, -2, 0, 3.141592653589793, 2.0
108, 23, 175, 118, 177, 120, -2, -2, -2.356194490192345, 2.8284271247461903
108, 24, 55, 128, 57, 129, -2, -1, -2.677945044588987, 2.23606797749979
108, 25, 399, 286, 400, 288, -1, -2, -2.0344439357957027, 2.23606797749979
108, 29, 131, 331, 132, 333, -1, -2, -2.0344439357957027, 2.23606797749979
108, 40, 67, 339, 70, 339, -3, 0, 3.141592653589793, 3.0
108, 41, 72, 145, 78, 148, -6, -3, -2.677945044588987, 6.708203932499369
108, 45, 174, 201, 177, 202, -3, -1, -2.819842099193151, 3.1622776601683795
108, 47, 600, 322, 599, 324, 1, -2, -1.1071487177940904, 2.23606797749979
108, 48, 148, 109, 150, 109, -2, 0, 3.141592653589793, 2.0
108, 49, 129, 352, 133, 353, -4, -1, -2.896613990462929, 4.123105625617661
108, 52, 419, 154, 421, 158, -2, -4, -2.0344439357957027, 4.47213595499958
108, 53, 97, 231, 101, 234, -4, -3, -2.498091544796509, 5.0
108, 54, 327, 336, 331, 334, -4, 2, 2.677945044588987, 4.47213595499958
108, 55, 586, 219, 587, 221, -1, -2, -2.0344439357957027, 2.23606797749979
108, 56, 326, 201, 328, 198, -2, 3, 2.158798930342464, 3.605551275463989
108, 58, 281, 153, 284, 155, -3, -2, -2.5535900500422257, 3.605551275463989
108, 59, 190, 262, 193, 263, -3, -1, -2.819842099193151, 3.1622776601683795
108, 60, 486, 156, 486, 160, 0, -4, -1.5707963267948966, 4.0
108, 62, 166, 118, 169, 120, -3, -2, -2.5535900500422257, 3.605551275463989
108, 63, 156, 182, 159, 184, -3, -2, -2.5535900500422257, 3.605551275463989
108, 64, 59, 293, 62, 294, -3, -1, -2.819842099193151, 3.1622776601683795
108, 65, 81, 125, 85, 126, -4, -1, -2.896613990462929, 4.123105625617661
108, 66, 336, 356, 339, 356, -3, 0, 3.141592653589793, 3.0
108, 68, 377, 150, 379, 151, -2, -1, -2.677945044588987, 2.23606797749979
108, 70, 122, 153, 125, 155, -3, -2, -2.5535900500422257, 3.605551275463989
108, 72, 248, 192, 252, 198, -4, -6, -2.158798930342464, 7.211102550927978
108, 73, 111, 363, 114, 364, -3, -1, -2.819842099193151, 3.1622776601683795
108, 74, 259, 338, 262, 340, -3, -2, -2.5535900500422257, 3.605551275463989
108, 75, 143, 254, 148, 255, -5, -1, -2.9441970937399127, 5.0990195135927845
108, 76, 122, 311, 127, 311, -5, 0, 3.141592653589793, 5.0
108, 77, 201, 287, 205, 287, -4, 0, 3.141592653589793, 4.0
108, 78, 164, 153, 166, 154, -2, -1, -2.677945044588987, 2.23606797749979
108, 79, 532, 135, 531, 136, 1, -1, -0.7853981633974483, 1.4142135623730951
108, 80, 141, 149, 145, 152, -4, -3, -2.498091544796509, 5.0
108, 81, 212, 262, 214, 262, -2, 0, 3.141592653589793, 2.0
108, 82, 87, 114, 89, 115, -2, -1, -2.677945044588987, 2.23606797749979
108, 83, 373, 363, 376, 364, -3, -1, -2.819842099193151, 3.1622776601683795
108, 85, 332, 266, 337, 267, -5, -1, -2.9441970937399127, 5.0990195135927845
108, 86, 68, 194, 71, 196, -3, -2, -2.5535900500422257, 3.605551275463989
108, 88, 237, 273, 243, 274, -6, -1, -2.976443976175166, 6.082762530298219
108, 89, 571, 356, 569, 356, 2, 0, 0.0, 2.0
108, 90, 519, 152, 518, 155, 1, -3, -1.2490457723982544, 3.1622776601683795
108, 91, 216, 336, 220, 337, -4, -1, -2.896613990462929, 4.123105625617661
108, 92, 306, 191, 311, 191, -5, 0, 3.141592653589793, 5.0
108, 93, 361, 147, 363, 150, -2, -3, -2.158798930342464, 3.605551275463989
108, 94, 543, 134, 542, 135, 1, -1, -0.7853981633974483, 1.4142135623730951
108, 95, 81, 150, 86, 153, -5, -3, -2.601173153319209, 5.830951894845301
108, 96, 100, 118, 103, 118, -3, 0, 3.141592653589793, 3.0
108, 97, 571, 201, 570, 204, 1, -3, -1.2490457723982544, 3.1622776601683795
108, 98, 585, 168, 585, 170, 0, -2, -1.5707963267948966, 2.0
108, 99, 357, 368, 360, 369, -3, -1, -2.819842099193151, 3.1622776601683795
108, 100, 71, 193, 79, 195, -8, -2, -2.896613990462929, 8.246211251235321
108, 101, 103, 142, 108, 144, -5, -2, -2.761086276477428, 5.385164807134504
108, 102, 567, 237, 564, 239, 3, -2, -0.5880026035475675, 3.605551275463989
108, 103, 467, 196, 469, 199, -2, -3, -2.158798930342464, 3.605551275463989
108, 104, 155, 186, 162, 189, -7, -3, -2.7367008673047097, 7.615773105863909
108, 105, 574, 165, 572, 169, 2, -4, -1.1071487177940904, 4.47213595499958
108, 106, 329, 244, 332, 245, -3, -1, -2.819842099193151, 3.1622776601683795
109, 1, 317, 163, 318, 166, -1, -3, -1.892546881191539, 3.1622776601683795
109, 2, 347, 121, 349, 122, -2, -1, -2.677945044588987, 2.23606797749979
109, 3, 504, 111, 504, 113, 0, -2, -1.5707963267948966, 2.0
109, 4, 592, 165, 592, 167, 0, -2, -1.5707963267948966, 2.0
109, 7, 229, 188, 233, 190, -4, -2, -2.677945044588987, 4.47213595499958
109, 8, 405, 139, 408, 144, -3, -5, -2.1112158270654806, 5.830951894845301
109, 9, 224, 120, 226, 121, -2, -1, -2.677945044588987, 2.23606797749979
109, 10, 257, 201, 262, 202, -5, -1, -2.9441970937399127, 5.0990195135927845
109, 11, 106, 194, 110, 195, -4, -1, -2.896613990462929, 4.123105625617661
109, 12, 417, 165, 418, 168, -1, -3, -1.892546881191539, 3.1622776601683795
109, 13, 377, 266, 379, 268, -2, -2, -2.356194490192345, 2.8284271247461903
109, 14, 503, 197, 503, 202, 0, -5, -1.5707963267948966, 5.0
109, 16, 270, 172, 272, 174, -2, -2, -2.356194490192345, 2.8284271247461903
109, 17, 307, 313, 312, 313, -5, 0, 3.141592653589793, 5.0
109, 18, 226, 297, 230, 297, -4, 0, 3.141592653589793, 4.0
109, 19, 128, 364, 131, 364, -3, 0, 3.141592653589793, 3.0
109, 21, 516, 365, 515, 366, 1, -1, -0.7853981633974483, 1.4142135623730951
109, 22, 173, 117, 175, 118, -2, -1, -2.677945044588987, 2.23606797749979
109, 23, 398, 281, 399, 286, -1, -5, -1.7681918866447774, 5.0990195135927845
109, 25, 294, 130, 296, 131, -2, -1, -2.677945044588987, 2.23606797749979
109, 27, 127, 331, 131, 331, -4, 0, 3.141592653589793, 4.0
109, 29, 325, 368, 328, 367, -3, 1, 2.819842099193151, 3.1622776601683795
109, 32, 601, 152, 601, 154, 0, -2, -1.5707963267948966, 2.0
109, 34, 562, 364, 561, 365, 1, -1, -0.7853981633974483, 1.4142135623730951
109, 38, 65, 339, 67, 339, -2, 0, 3.141592653589793, 2.0
109, 42, 171, 200, 174, 201, -3, -1, -2.819842099193151, 3.1622776601683795
109, 43, 601, 321, 600, 322, 1, -1, -0.7853981633974483, 1.4142135623730951
109, 44, 146, 108, 148, 109, -2, -1, -2.677945044588987, 2.23606797749979
109, 45, 123, 351, 129, 352, -6, -1, -2.976443976175166, 6.082762530298219
109, 47, 419, 151, 419, 154, 0, -3, -1.5707963267948966, 3.0
109, 48, 92, 229, 97, 231, -5, -2, -2.761086276477428, 5.385164807134504
109, 49, 324, 339, 327, 336, -3, 3, 2.356194490192345, 4.242640687119285
109, 50, 583, 219, 586, 219, -3, 0, 3.141592653589793, 3.0
109, 51, 324, 201, 326, 201, -2, 0, 3.141592653589793, 2.0
109, 52, 278, 150, 281, 153, -3, -3, -2.356194490192345, 4.242640687119285
109, 53, 188, 261, 190, 262, -2, -1, -2.677945044588987, 2.23606797749979
109, 54, 486, 152, 486, 156, 0, -4, -1.5707963267948966, 4.0
109, 55, 55, 146, 56, 148, -1, -2, -2.0344439357957027, 2.23606797749979
109, 56, 164, 117, 166, 118, -2, -1, -2.677945044588987, 2.23606797749979
109, 57, 154, 180, 156, 182, -2, -2, -2.356194490192345, 2.8284271247461903
109, 59, 79, 125, 81, 125, -2, 0, 3.141592653589793, 2.0
109, 60, 334, 356, 336, 356, -2, 0, 3.141592653589793, 2.0
109, 62, 375, 149, 377, 150, -2, -1, -2.677945044588987, 2.23606797749979
109, 63, 267, 145, 272, 146, -5, -1, -2.9441970937399127, 5.0990195135927845
109, 64, 120, 151, 122, 153, -2, -2, -2.356194490192345, 2.8284271247461903
109, 65, 78, 110, 80, 111, -2, -1, -2.677945044588987, 2.23606797749979
109, 66, 107, 363, 111, 363, -4, 0, 3.141592653589793, 4.0
109, 67, 256, 337, 259, 338, -3, -1, -2.819842099193151, 3.1622776601683795
109, 68, 118, 310, 122, 311, -4, -1, -2.896613990462929, 4.123105625617661
109, 69, 198, 287, 201, 287, -3, 0, 3.141592653589793, 3.0
109, 70, 160, 152, 164, 153, -4, -1, -2.896613990462929, 4.123105625617661
109, 71, 533, 134, 532, 135, 1, -1, -0.7853981633974483, 1.4142135623730951
109, 72, 135, 146, 141, 149, -6, -3, -2.677945044588987, 6.708203932499369
109, 73, 208, 261, 212, 262, -4, -1, -2.896613990462929, 4.123105625617661
109, 74, 85, 113, 87, 114, -2, -1, -2.677945044588987, 2.23606797749979
109, 75, 371, 363, 373, 363, -2, 0, 3.141592653589793, 2.0
109, 77, 329, 265, 332, 266, -3, -1, -2.819842099193151, 3.1622776601683795
109, 78, 66, 193, 68, 194, -2, -1, -2.677945044588987, 2.23606797749979
109, 80, 235, 272, 237, 273, -2, -1, -2.677945044588987, 2.23606797749979
109, 81, 573, 355, 571, 356, 2, -1, -0.4636476090008061, 2.23606797749979
109, 82, 519, 150, 519, 152, 0, -2, -1.5707963267948966, 2.0
109, 83, 212, 336, 216, 336, -4, 0, 3.141592653589793, 4.0
109, 85, 356, 146, 361, 147, -5, -1, -2.9441970937399127, 5.0990195135927845
109, 86, 544, 132, 543, 134, 1, -2, -1.1071487177940904, 2.23606797749979
109, 87, 76, 147, 81, 150, -5, -3, -2.601173153319209, 5.830951894845301
109, 88, 98, 117, 100, 118, -2, -1, -2.677945044588987, 2.23606797749979
109, 89, 571, 197, 571, 201, 0, -4, -1.5707963267948966, 4.0
109, 90, 584, 166, 585, 168, -1, -2, -2.0344439357957027, 2.23606797749979
109, 91, 355, 367, 357, 368, -2, -1, -2.677945044588987, 2.23606797749979
109, 92, 67, 191, 71, 193, -4, -2, -2.677945044588987, 4.47213595499958
109, 93, 98, 140, 103, 142, -5, -2, -2.761086276477428, 5.385164807134504
109, 94, 569, 235, 567, 237, 2, -2, -0.7853981633974483, 2.8284271247461903
109, 95, 467, 193, 467, 196, 0, -3, -1.5707963267948966, 3.0
109, 96, 154, 182, 155, 186, -1, -4, -1.8157749899217608, 4.123105625617661
109, 97, 575, 161, 574, 165, 1, -4, -1.3258176636680326, 4.123105625617661
109, 98, 325, 243, 329, 244, -4, -1, -2.896613990462929, 4.123105625617661
110, 0, 46, 269, 47, 271, -1, -2, -2.0344439357957027, 2.23606797749979
110, 1, 234, 194, 239, 197, -5, -3, -2.601173153319209, 5.830951894845301
110, 3, 229, 296, 234, 297, -5, -1, -2.9441970937399127, 5.0990195135927845
110, 5, 60, 149, 61, 151, -1, -2, -2.0344439357957027, 2.23606797749979
110, 6, 321, 167, 325, 171, -4, -4, -2.356194490192345, 5.656854249492381
110, 7, 74, 149, 79, 152, -5, -3, -2.601173153319209, 5.830951894845301
110, 8, 109, 196, 115, 199, -6, -3, -2.677945044588987, 6.708203932499369
110, 9, 128, 334, 134, 334, -6, 0, 3.141592653589793, 6.0
110, 10, 177, 123, 179, 125, -2, -2, -2.356194490192345, 2.8284271247461903
110, 14, 310, 116, 312, 117, -2, -1, -2.677945044588987, 2.23606797749979
110, 15, 515, 366, 514, 367, 1, -1, -0.7853981633974483, 1.4142135623730951
110, 16, 328, 118, 330, 119, -2, -1, -2.677945044588987, 2.23606797749979
110, 17, 418, 169, 420, 174, -2, -5, -1.9513027039072615, 5.385164807134504
110, 19, 482, 117, 483, 116, -1, 1, 2.356194490192345, 1.4142135623730951
110, 21, 351, 125, 353, 126, -2, -1, -2.677945044588987, 2.23606797749979
110, 23, 389, 278, 391, 280, -2, -2, -2.356194490192345, 2.8284271247461903
110, 26, 50, 250, 53, 252, -3, -2, -2.5535900500422257, 3.605551275463989
110, 30, 137, 125, 139, 125, -2, 0, 3.141592653589793, 2.0
110, 32, 167, 121, 169, 122, -2, -1, -2.677945044588987, 2.23606797749979
110, 33, 304, 310, 311, 311, -7, -1, -2.999695598985629, 7.0710678118654755
110, 36, 331, 365, 335, 366, -4, -1, -2.896613990462929, 4.123105625617661
110, 37, 200, 286, 207, 287, -7, -1, -2.999695598985629, 7.0710678118654755
110, 38, 58, 136, 60, 136, -2, 0, 3.141592653589793, 2.0
110, 39, 595, 169, 595, 171, 0, -2, -1.5707963267948966, 2.0
110, 41, 367, 261, 372, 263, -5, -2, -2.761086276477428, 5.385164807134504
110, 42, 53, 117, 54, 119, -1, -2, -2.0344439357957027, 2.23606797749979
110, 45, 403, 147, 406, 152, -3, -5, -2.1112158270654806, 5.830951894845301
110, 46, 151, 110, 154, 111, -3, -1, -2.819842099193151, 3.1622776601683795
110, 47, 271, 174, 277, 178, -6, -4, -2.5535900500422257, 7.211102550927978
110, 48, 249, 199, 253, 201, -4, -2, -2.677945044588987, 4.47213595499958
110, 50, 595, 189, 596, 191, -1, -2, -2.0344439357957027, 2.23606797749979
110, 51, 541, 135, 540, 136, 1, -1, -0.7853981633974483, 1.4142135623730951
110, 55, 206, 130, 208, 130, -2, 0, 3.141592653589793, 2.0
110, 58, 312, 254, 318, 258, -6, -4, -2.5535900500422257, 7.211102550927978
110, 61, 590, 219, 590, 222, 0, -3, -1.5707963267948966, 3.0
110, 62, 455, 367, 457, 367, -2, 0, 3.141592653589793, 2.0
110, 65, 266, 199, 272, 204, -6, -5, -2.44685437739309, 7.810249675906654
110, 67, 231, 121, 233, 122, -2, -1, -2.677945044588987, 2.23606797749979
110, 68, 133, 366, 137, 366, -4, 0, 3.141592653589793, 4.0
110, 72, 374, 366, 378, 367, -4, -1, -2.896613990462929, 4.123105625617661
110, 73, 60, 297, 65, 298, -5, -1, -2.9441970937399127, 5.0990195135927845
110, 75, 572, 359, 569, 359, 3, 0, 0.0, 3.0
110, 76, 485, 158, 485, 164, 0, -6, -1.5707963267948966, 6.0
110, 77, 601, 324, 600, 325, 1, -1, -0.7853981633974483, 1.4142135623730951
110, 79, 67, 196, 74, 198, -7, -2, -2.8632929945846817, 7.280109889280518
110, 80, 86, 115, 88, 117, -2, -2, -2.356194490192345, 2.8284271247461903
110, 85, 98, 232, 103, 234, -5, -2, -2.761086276477428, 5.385164807134504
110, 86, 197, 109, 199, 109, -2, 0, 3.141592653589793, 2.0
110, 88, 348, 184, 353, 188, -5, -4, -2.4668517113662407, 6.4031242374328485
110, 89, 294, 137, 297, 138, -3, -1, -2.819842099193151, 3.1622776601683795
110, 92, 569, 234, 565, 240, 4, -6, -0.982793723247329, 7.211102550927978
110, 93, 117, 329, 121, 330, -4, -1, -2.896613990462929, 4.123105625617661
110, 94, 509, 202, 507, 207, 2, -5, -1.1902899496825317, 5.385164807134504
110, 95, 506, 130, 505, 133, 1, -3, -1.2490457723982544, 3.1622776601683795
110, 96, 603, 188, 604, 190, -1, -2, -2.0344439357957027, 2.23606797749979
110, 97, 111, 251, 114, 251, -3, 0, 3.141592653589793, 3.0
110, 98, 164, 290, 166, 290, -2, 0, 3.141592653589793, 2.0
110, 99, 84, 126, 87, 127, -3, -1, -2.819842099193151, 3.1622776601683795
110, 101, 525, 143, 524, 148, 1, -5, -1.373400766945016, 5.0990195135927845
110, 102, 586, 170, 587, 172, -1, -2, -2.0344439357957027, 2.23606797749979
110, 105, 129, 352, 134, 353, -5, -1, -2.9441970937399127, 5.0990195135927845
110, 107, 286, 132, 290, 134, -4, -2, -2.677945044588987, 4.47213595499958
110, 109, 67, 165, 69, 168, -2, -3, -2.158798930342464, 3.605551275463989
110, 111, 154, 188, 160, 190, -6, -2, -2.819842099193151, 6.324555320336759
110, 114, 64, 345, 67, 345, -3, 0, 3.141592653589793, 3.0
110, 115, 239, 273, 243, 274, -4, -1, -2.896613990462929, 4.123105625617661
110, 118, 120, 312, 123, 313, -3, -1, -2.819842099193151, 3.1622776601683795
110, 119, 82, 352, 86, 352, -4, 0, 3.141592653589793, 4.0
110, 120, 189, 261, 195, 263, -6, -2, -2.819842099193151, 6.324555320336759
110, 121, 152, 318, 155, 318, -3, 0, 3.141592653589793, 3.0
110, 122, 423, 153, 425, 158, -2, -5, -1.9513027039072615, 5.385164807134504
110, 124, 146, 255, 151, 257, -5, -2, -2.761086276477428, 5.385164807134504
110, 125, 309, 191, 314, 194, -5, -3, -2.601173153319209, 5.830951894845301
110, 127, 166, 153, 170, 155, -4, -2, -2.677945044588987, 4.47213595499958
110, 128, 465, 129, 466, 134, -1, -5, -1.7681918866447774, 5.0990195135927845
110, 129, 597, 221, 597, 224, 0, -3, -1.5707963267948966, 3.0
110, 130, 574, 162, 573, 167, 1, -5, -1.373400766945016, 5.0990195135927845
110, 133, 59, 171, 60, 173, -1, -2, -2.0344439357957027, 2.23606797749979
110, 134, 324, 335, 332, 335, -8, 0, 3.141592653589793, 8.0
110, 135, 563, 356, 561, 356, 2, 0, 0.0, 2.0
110, 137, 124, 157, 129, 160, -5, -3, -2.601173153319209, 5.830951894845301
110, 139, 113, 147, 118, 149, -5, -2, -2.761086276477428, 5.385164807134504
110, 140, 117, 105, 119, 106, -2, -1, -2.677945044588987, 2.23606797749979
110, 141, 561, 235, 558, 238, 3, -3, -0.7853981633974483, 4.242640687119285
110, 143, 174, 201, 179, 204, -5, -3, -2.601173153319209, 5.830951894845301
110, 145, 328, 243, 333, 246, -5, -3, -2.601173153319209, 5.830951894845301
110, 146, 110, 365, 113, 366, -3, -1, -2.819842099193151, 3.1622776601683795
110, 147, 240, 296, 243, 297, -3, -1, -2.819842099193151, 3.1622776601683795
110, 148, 86, 182, 90, 183, -4, -1, -2.896613990462929, 4.123105625617661
110, 149, 512, 126, 512, 130, 0, -4, -1.5707963267948966, 4.0
110, 151, 241, 361, 243, 360, -2, 1, 2.677945044588987, 2.23606797749979
110, 152, 94, 135, 97, 137, -3, -2, -2.5535900500422257, 3.605551275463989
110, 154, 334, 171, 337, 176, -3, -5, -2.1112158270654806, 5.830951894845301
110, 155, 291, 314, 294, 314, -3, 0, 3.141592653589793, 3.0
110, 157, 339, 358, 342, 359, -3, -1, -2.819842099193151, 3.1622776601683795
110, 158, 104, 143, 107, 145, -3, -2, -2.5535900500422257, 3.605551275463989
110, 159, 92, 260, 94, 261, -2, -1, -2.677945044588987, 2.23606797749979
110, 160, 581, 225, 581, 227, 0, -2, -1.5707963267948966, 2.0
110, 161, 258, 343, 262, 343, -4, 0, 3.141592653589793, 4.0
110, 162, 99, 212, 103, 214, -4, -2, -2.677945044588987, 4.47213595499958
110, 163, 212, 260, 217, 262, -5, -2, -2.761086276477428, 5.385164807134504
110, 164, 433, 199, 435, 203, -2, -4, -2.0344439357957027, 4.47213595499958
110, 165, 277, 367, 281, 368, -4, -1, -2.896613990462929, 4.123105625617661
110, 166, 137, 305, 143, 306, -6, -1, -2.976443976175166, 6.082762530298219
110, 167, 577, 129, 576, 133, 1, -4, -1.3258176636680326, 4.123105625617661
110, 169, 175, 146, 179, 149, -4, -3, -2.498091544796509, 5.0
110, 170, 74, 275, 79, 276, -5, -1, -2.9441970937399127, 5.0990195135927845
110, 171, 246, 233, 250, 235, -4, -2, -2.677945044588987, 4.47213595499958
110, 172, 353, 214, 357, 218, -4, -4, -2.356194490192345, 5.656854249492381
110, 173, 278, 238, 283, 241, -5, -3, -2.601173153319209, 5.830951894845301
110, 174, 577, 197, 576, 201, 1, -4, -1.3258176636680326, 4.123105625617661
110, 175, 273, 144, 276, 146, -3, -2, -2.5535900500422257, 3.605551275463989
110, 176, 73, 179, 78, 181, -5, -2, -2.761086276477428, 5.385164807134504
110, 177, 214, 212, 220, 214, -6, -2, -2.819842099193151, 6.324555320336759
110, 179, 104, 119, 107, 120, -3, -1, -2.819842099193151, 3.1622776601683795
110, 180, 111, 270, 115, 271, -4, -1, -2.896613990462929, 4.123105625617661
110, 181, 349, 133, 353, 137, -4, -4, -2.356194490192345, 5.656854249492381
110, 182, 163, 231, 167, 233, -4, -2, -2.677945044588987, 4.47213595499958
110, 183, 109, 213, 114, 215, -5, -2, -2.761086276477428, 5.385164807134504
110, 184, 473, 197, 474, 201, -1, -4, -1.8157749899217608, 4.123105625617661
110, 185, 575, 264, 573, 267, 2, -3, -0.982793723247329, 3.605551275463989
110, 186, 598, 267, 597, 268, 1, -1, -0.7853981633974483, 1.4142135623730951
110, 187, 139, 150, 144, 152, -5, -2, -2.761086276477428, 5.385164807134504
110, 190, 552, 130, 551, 133, 1, -3, -1.2490457723982544, 3.1622776601683795
111, 0, 231, 191, 234, 194, -3, -3, -2.356194490192345, 4.242640687119285
111, 1, 223, 295, 229, 296, -6, -1, -2.976443976175166, 6.082762530298219
111, 3, 60, 147, 60, 149, 0, -2, -1.5707963267948966, 2.0
111, 4, 317, 163, 321, 167, -4, -4, -2.356194490192345, 5.656854249492381
111, 5, 71, 146, 74, 149, -3, -3, -2.356194490192345, 4.242640687119285
111, 6, 105, 195, 109, 196, -4, -1, -2.896613990462929, 4.123105625617661
111, 7, 121, 333, 128, 334, -7, -1, -2.999695598985629, 7.0710678118654755
111, 8, 175, 122, 177, 123, -2, -1, -2.677945044588987, 2.23606797749979
111, 13, 324, 116, 328, 118, -4, -2, -2.677945044588987, 4.47213595499958
111, 14, 416, 164, 418, 169, -2, -5, -1.9513027039072615, 5.385164807134504
111, 15, 480, 117, 482, 117, -2, 0, 3.141592653589793, 2.0
111, 17, 349, 125, 351, 125, -2, 0, 3.141592653589793, 2.0
111, 19, 386, 275, 389, 278, -3, -3, -2.356194490192345, 4.242640687119285
111, 22, 48, 249, 50, 250, -2, -1, -2.677945044588987, 2.23606797749979
111, 26, 135, 124, 137, 125, -2, -1, -2.677945044588987, 2.23606797749979
111, 28, 165, 119, 167, 121, -2, -2, -2.356194490192345, 2.8284271247461903
111, 29, 299, 309, 304, 310, -5, -1, -2.9441970937399127, 5.0990195135927845
111, 32, 327, 365, 331, 365, -4, 0, 3.141592653589793, 4.0
111, 33, 193, 285, 200, 286, -7, -1, -2.999695598985629, 7.0710678118654755
111, 34, 56, 137, 58, 136, -2, 1, 2.677945044588987, 2.23606797749979
111, 35, 595, 167, 595, 169, 0, -2, -1.5707963267948966, 2.0
111, 37, 364, 259, 367, 261, -3, -2, -2.5535900500422257, 3.605551275463989
111, 38, 491, 116, 493, 116, -2, 0, 3.141592653589793, 2.0
111, 39, 401, 142, 403, 147, -2, -5, -1.9513027039072615, 5.385164807134504
111, 40, 149, 109, 151, 110, -2, -1, -2.677945044588987, 2.23606797749979
111, 41, 265, 170, 271, 174, -6, -4, -2.5535900500422257, 7.211102550927978
111, 42, 245, 197, 249, 199, -4, -2, -2.677945044588987, 4.47213595499958
111, 44, 594, 186, 595, 189, -1, -3, -1.892546881191539, 3.1622776601683795
111, 46, 563, 366, 562, 367, 1, -1, -0.7853981633974483, 1.4142135623730951
111, 48, 599, 132, 599, 135, 0, -3, -1.5707963267948966, 3.0
111, 49, 204, 130, 206, 130, -2, 0, 3.141592653589793, 2.0
111, 52, 307, 252, 312, 254, -5, -2, -2.761086276477428, 5.385164807134504
111, 54, 591, 216, 590, 219, 1, -3, -1.2490457723982544, 3.1622776601683795
111, 57, 261, 196, 266, 199, -5, -3, -2.601173153319209, 5.830951894845301
111, 59, 229, 120, 231, 121, -2, -1, -2.677945044588987, 2.23606797749979
111, 60, 129, 366, 133, 366, -4, 0, 3.141592653589793, 4.0
111, 64, 370, 365, 374, 366, -4, -1, -2.896613990462929, 4.123105625617661
111, 65, 56, 296, 60, 297, -4, -1, -2.896613990462929, 4.123105625617661
111, 67, 574, 359, 572, 359, 2, 0, 0.0, 2.0
111, 68, 484, 154, 485, 158, -1, -4, -1.8157749899217608, 4.123105625617661
111, 70, 593, 253, 593, 255, 0, -2, -1.5707963267948966, 2.0
111, 71, 62, 194, 67, 196, -5, -2, -2.761086276477428, 5.385164807134504
111, 72, 84, 115, 86, 115, -2, 0, 3.141592653589793, 2.0
111, 74, 94, 111, 96, 111, -2, 0, 3.141592653589793, 2.0
111, 77, 93, 231, 98, 232, -5, -1, -2.9441970937399127, 5.0990195135927845
111, 80, 344, 179, 348, 184, -4, -5, -2.2455372690184494, 6.4031242374328485
111, 81, 292, 136, 294, 137, -2, -1, -2.677945044588987, 2.23606797749979
111, 84, 573, 229, 569, 234, 4, -5, -0.8960553845713439, 6.4031242374328485
111, 85, 111, 330, 117, 329, -6, 1, 2.976443976175166, 6.082762530298219
111, 86, 510, 195, 509, 202, 1, -7, -1.4288992721907328, 7.0710678118654755
111, 87, 506, 128, 506, 130, 0, -2, -1.5707963267948966, 2.0
111, 88, 602, 186, 603, 188, -1, -2, -2.0344439357957027, 2.23606797749979
111, 89, 107, 250, 111, 251, -4, -1, -2.896613990462929, 4.123105625617661
111, 90, 162, 289, 164, 290, -2, -1, -2.677945044588987, 2.23606797749979
111, 91, 80, 125, 84, 126, -4, -1, -2.896613990462929, 4.123105625617661
111, 92, 526, 140, 525, 143, 1, -3, -1.2490457723982544, 3.1622776601683795
111, 93, 586, 168, 586, 170, 0, -2, -1.5707963267948966, 2.0
111, 96, 124, 351, 129, 352, -5, -1, -2.9441970937399127, 5.0990195135927845
111, 98, 283, 130, 286, 132, -3, -2, -2.5535900500422257, 3.605551275463989
111, 99, 65, 163, 67, 165, -2, -2, -2.356194490192345, 2.8284271247461903
111, 100, 148, 185, 154, 188, -6, -3, -2.677945044588987, 6.708203932499369
111, 103, 62, 345, 64, 345, -2, 0, 3.141592653589793, 2.0
111, 104, 234, 271, 239, 273, -5, -2, -2.761086276477428, 5.385164807134504
111, 107, 115, 311, 120, 312, -5, -1, -2.9441970937399127, 5.0990195135927845
111, 108, 78, 352, 82, 352, -4, 0, 3.141592653589793, 4.0
111, 109, 183, 259, 189, 261, -6, -2, -2.819842099193151, 6.324555320336759
111, 110, 150, 318, 152, 318, -2, 0, 3.141592653589793, 2.0
111, 111, 420, 149, 423, 153, -3, -4, -2.214297435588181, 5.0
111, 113, 142, 254, 146, 255, -4, -1, -2.896613990462929, 4.123105625617661
111, 114, 305, 188, 309, 191, -4, -3, -2.498091544796509, 5.0
111, 115, 604, 143, 605, 145, -1, -2, -2.0344439357957027, 2.23606797749979
111, 116, 162, 152, 166, 153, -4, -1, -2.896613990462929, 4.123105625617661
111, 117, 464, 125, 465, 129, -1, -4, -1.8157749899217608, 4.123105625617661
111, 118, 597, 219, 597, 221, 0, -2, -1.5707963267948966, 2.0
111, 119, 576, 158, 574, 162, 2, -4, -1.1071487177940904, 4.47213595499958
111, 120, 604, 255, 603, 258, 1, -3, -1.2490457723982544, 3.1622776601683795
111, 122, 319, 335, 324, 335, -5, 0, 3.141592653589793, 5.0
111, 123, 565, 356, 563, 356, 2, 0, 0.0, 2.0
111, 124, 200, 115, 202, 115, -2, 0, 3.141592653589793, 2.0
111, 125, 120, 155, 124, 157, -4, -2, -2.677945044588987, 4.47213595499958
111, 127, 108, 145, 113, 147, -5, -2, -2.761086276477428, 5.385164807134504
111, 128, 113, 105, 117, 105, -4, 0, 3.141592653589793, 4.0
111, 129, 564, 231, 561, 235, 3, -4, -0.9272952180016122, 5.0
111, 131, 169, 199, 174, 201, -5, -2, -2.761086276477428, 5.385164807134504
111, 133, 324, 240, 328, 243, -4, -3, -2.498091544796509, 5.0
111, 134, 107, 364, 110, 365, -3, -1, -2.819842099193151, 3.1622776601683795
111, 135, 236, 296, 240, 296, -4, 0, 3.141592653589793, 4.0
111, 136, 81, 180, 86, 182, -5, -2, -2.761086276477428, 5.385164807134504
111, 137, 512, 124, 512, 126, 0, -2, -1.5707963267948966, 2.0
111, 138, 239, 363, 241, 361, -2, 2, 2.356194490192345, 2.8284271247461903
111, 139, 91, 133, 94, 135, -3, -2, -2.5535900500422257, 3.605551275463989
111, 141, 331, 167, 334, 171, -3, -4, -2.214297435588181, 5.0
111, 142, 289, 314, 291, 314, -2, 0, 3.141592653589793, 2.0
111, 144, 335, 358, 339, 358, -4, 0, 3.141592653589793, 4.0
111, 145, 99, 140, 104, 143, -5, -3, -2.601173153319209, 5.830951894845301
111, 146, 90, 259, 92, 260, -2, -1, -2.677945044588987, 2.23606797749979
111, 147, 581, 223, 581, 225, 0, -2, -1.5707963267948966, 2.0
111, 148, 254, 343, 258, 343, -4, 0, 3.141592653589793, 4.0
111, 149, 94, 210, 99, 212, -5, -2, -2.761086276477428, 5.385164807134504
111, 150, 206, 258, 212, 260, -6, -2, -2.819842099193151, 6.324555320336759
111, 151, 431, 195, 433, 199, -2, -4, -2.0344439357957027, 4.47213595499958
111, 152, 273, 367, 277, 367, -4, 0, 3.141592653589793, 4.0
111, 153, 132, 304, 137, 305, -5, -1, -2.9441970937399127, 5.0990195135927845
111, 154, 577, 126, 577, 129, 0, -3, -1.5707963267948966, 3.0
111, 156, 171, 144, 175, 146, -4, -2, -2.677945044588987, 4.47213595499958
111, 157, 70, 273, 74, 275, -4, -2, -2.677945044588987, 4.47213595499958
111, 158, 242, 231, 246, 233, -4, -2, -2.677945044588987, 4.47213595499958
111, 159, 348, 211, 353, 214, -5, -3, -2.601173153319209, 5.830951894845301
111, 160, 275, 235, 278, 238, -3, -3, -2.356194490192345, 4.242640687119285
111, 161, 579, 193, 577, 197, 2, -4, -1.1071487177940904, 4.47213595499958
111, 162, 270, 142, 273, 144, -3, -2, -2.5535900500422257, 3.605551275463989
111, 163, 70, 177, 73, 179, -3, -2, -2.5535900500422257, 3.605551275463989
111, 164, 209, 209, 214, 212, -5, -3, -2.601173153319209, 5.830951894845301
111, 166, 101, 118, 104, 119, -3, -1, -2.819842099193151, 3.1622776601683795
111, 167, 107, 269, 111, 270, -4, -1, -2.896613990462929, 4.123105625617661
111, 168, 347, 130, 349, 133, -2, -3, -2.158798930342464, 3.605551275463989
111, 169, 159, 229, 163, 231, -4, -2, -2.677945044588987, 4.47213595499958
111, 170, 105, 212, 109, 213, -4, -1, -2.896613990462929, 4.123105625617661
111, 171, 472, 195, 473, 197, -1, -2, -2.0344439357957027, 2.23606797749979
111, 172, 577, 262, 575, 264, 2, -2, -0.7853981633974483, 2.8284271247461903
111, 174, 135, 148, 139, 150, -4, -2, -2.677945044588987, 4.47213595499958
111, 177, 553, 128, 552, 130, 1, -2, -1.1071487177940904, 2.23606797749979
112, 0, 229, 188, 231, 191, -2, -3, -2.158798930342464, 3.605551275463989
112, 1, 218, 294, 223, 295, -5, -1, -2.9441970937399127, 5.0990195135927845
112, 2, 60, 145, 60, 147, 0, -2, -1.5707963267948966, 2.0
112, 3, 315, 159, 317, 163, -2, -4, -2.0344439357957027, 4.47213595499958
112, 4, 69, 143, 71, 146, -2, -3, -2.158798930342464, 3.605551275463989
112, 5, 100, 193, 105, 195, -5, -2, -2.761086276477428, 5.385164807134504
112, 6, 118, 331, 121, 333, -3, -2, -2.5535900500422257, 3.605551275463989
112, 7, 173, 120, 175, 122, -2, -2, -2.356194490192345, 2.8284271247461903
112, 11, 414, 160, 416, 164, -2, -4, -2.0344439357957027, 4.47213595499958
112, 12, 479, 118, 480, 117, -1, 1, 2.356194490192345, 1.4142135623730951
112, 14, 347, 124, 349, 125, -2, -1, -2.677945044588987, 2.23606797749979
112, 16, 383, 273, 386, 275, -3, -2, -2.5535900500422257, 3.605551275463989
112, 22, 131, 124, 135, 124, -4, 0, 3.141592653589793, 4.0
112, 23, 163, 118, 165, 119, -2, -1, -2.677945044588987, 2.23606797749979
112, 24, 296, 307, 299, 309, -3, -2, -2.5535900500422257, 3.605551275463989
112, 27, 323, 364, 327, 365, -4, -1, -2.896613990462929, 4.123105625617661
112, 28, 190, 285, 193, 285, -3, 0, 3.141592653589793, 3.0
112, 29, 54, 137, 56, 137, -2, 0, 3.141592653589793, 2.0
112, 30, 595, 164, 595, 167, 0, -3, -1.5707963267948966, 3.0
112, 32, 361, 257, 364, 259, -3, -2, -2.5535900500422257, 3.605551275463989
112, 34, 399, 137, 401, 142, -2, -5, -1.9513027039072615, 5.385164807134504
112, 35, 147, 109, 149, 109, -2, 0, 3.141592653589793, 2.0
112, 36, 264, 168, 265, 170, -1, -2, -2.0344439357957027, 2.23606797749979
112, 37, 241, 195, 245, 197, -4, -2, -2.677945044588987, 4.47213595499958
112, 39, 542, 133, 541, 134, 1, -1, -0.7853981633974483, 1.4142135623730951
112, 43, 201, 130, 204, 130, -3, 0, 3.141592653589793, 3.0
112, 45, 305, 250, 307, 252, -2, -2, -2.356194490192345, 2.8284271247461903
112, 46, 604, 222, 604, 225, 0, -3, -1.5707963267948966, 3.0
112, 47, 591, 214, 591, 216, 0, -2, -1.5707963267948966, 2.0
112, 48, 32, 176, 35, 178, -3, -2, -2.5535900500422257, 3.605551275463989
112, 50, 259, 195, 261, 196, -2, -1, -2.677945044588987, 2.23606797749979
112, 52, 227, 119, 229, 120, -2, -1, -2.677945044588987, 2.23606797749979
112, 53, 126, 366, 129, 366, -3, 0, 3.141592653589793, 3.0
112, 56, 54, 197, 56, 200, -2, -3, -2.158798930342464, 3.605551275463989
112, 57, 367, 364, 370, 365, -3, -1, -2.819842099193151, 3.1622776601683795
112, 58, 53, 296, 56, 296, -3, 0, 3.141592653589793, 3.0
112, 60, 576, 358, 574, 359, 2, -1, -0.4636476090008061, 2.23606797749979
112, 61, 483, 148, 484, 154, -1, -6, -1.7359450042095235, 6.082762530298219
112, 63, 58, 192, 62, 194, -4, -2, -2.677945044588987, 4.47213595499958
112, 64, 82, 115, 84, 115, -2, 0, 3.141592653589793, 2.0
112, 66, 92, 110, 94, 111, -2, -1, -2.677945044588987, 2.23606797749979
112, 69, 88, 229, 93, 231, -5, -2, -2.761086276477428, 5.385164807134504
112, 70, 192, 109, 196, 109, -4, 0, 3.141592653589793, 4.0
112, 72, 339, 174, 344, 179, -5, -5, -2.356194490192345, 7.0710678118654755
112, 73, 290, 135, 292, 136, -2, -1, -2.677945044588987, 2.23606797749979
112, 77, 108, 330, 111, 330, -3, 0, 3.141592653589793, 3.0
112, 78, 510, 189, 510, 195, 0, -6, -1.5707963267948966, 6.0
112, 79, 506, 126, 506, 128, 0, -2, -1.5707963267948966, 2.0
112, 80, 102, 249, 107, 250, -5, -1, -2.9441970937399127, 5.0990195135927845
112, 81, 158, 289, 162, 289, -4, 0, 3.141592653589793, 4.0
112, 82, 77, 124, 80, 125, -3, -1, -2.819842099193151, 3.1622776601683795
112, 83, 527, 135, 526, 140, 1, -5, -1.373400766945016, 5.0990195135927845
112, 84, 585, 166, 586, 168, -1, -2, -2.0344439357957027, 2.23606797749979
112, 87, 119, 350, 124, 351, -5, -1, -2.9441970937399127, 5.0990195135927845
112, 89, 280, 128, 283, 130, -3, -2, -2.5535900500422257, 3.605551275463989
112, 90, 63, 161, 65, 163, -2, -2, -2.356194490192345, 2.8284271247461903
112, 91, 144, 183, 148, 185, -4, -2, -2.677945044588987, 4.47213595499958
112, 93, 541, 122, 540, 124, 1, -2, -1.1071487177940904, 2.23606797749979
112, 94, 60, 346, 62, 345, -2, 1, 2.677945044588987, 2.23606797749979
112, 95, 228, 269, 234, 271, -6, -2, -2.819842099193151, 6.324555320336759
112, 96, 605, 236, 605, 239, 0, -3, -1.5707963267948966, 3.0
112, 97, 109, 311, 115, 311, -6, 0, 3.141592653589793, 6.0
112, 98, 74, 352, 78, 352, -4, 0, 3.141592653589793, 4.0
112, 99, 178, 258, 183, 259, -5, -1, -2.9441970937399127, 5.0990195135927845
112, 100, 147, 318, 150, 318, -3, 0, 3.141592653589793, 3.0
112, 101, 417, 146, 420, 149, -3, -3, -2.356194490192345, 4.242640687119285
112, 103, 137, 253, 142, 254, -5, -1, -2.9441970937399127, 5.0990195135927845
112, 104, 302, 185, 305, 188, -3, -3, -2.356194490192345, 4.242640687119285
112, 106, 158, 150, 162, 152, -4, -2, -2.677945044588987, 4.47213595499958
112, 107, 463, 123, 464, 125, -1, -2, -2.0344439357957027, 2.23606797749979
112, 108, 597, 217, 597, 219, 0, -2, -1.5707963267948966, 2.0
112, 109, 577, 154, 576, 158, 1, -4, -1.3258176636680326, 4.123105625617661
112, 111, 53, 342, 55, 342, -2, 0, 3.141592653589793, 2.0
112, 112, 316, 331, 319, 335, -3, -4, -2.214297435588181, 5.0
112, 113, 567, 355, 565, 356, 2, -1, -0.4636476090008061, 2.23606797749979
112, 114, 198, 115, 200, 115, -2, 0, 3.141592653589793, 2.0
112, 115, 115, 153, 120, 155, -5, -2, -2.761086276477428, 5.385164807134504
112, 117, 103, 143, 108, 145, -5, -2, -2.761086276477428, 5.385164807134504
112, 119, 567, 227, 564, 231, 3, -4, -0.9272952180016122, 5.0
112, 121, 166, 196, 169, 199, -3, -3, -2.356194490192345, 4.242640687119285
112, 123, 319, 237, 324, 240, -5, -3, -2.601173153319209, 5.830951894845301
112, 124, 104, 363, 107, 364, -3, -1, -2.819842099193151, 3.1622776601683795
112, 125, 230, 295, 236, 296, -6, -1, -2.976443976175166, 6.082762530298219
112, 126, 76, 179, 81, 180, -5, -1, -2.9441970937399127, 5.0990195135927845
112, 127, 511, 122, 512, 124, -1, -2, -2.0344439357957027, 2.23606797749979
112, 128, 236, 363, 239, 363, -3, 0, 3.141592653589793, 3.0
112, 129, 87, 131, 91, 133, -4, -2, -2.677945044588987, 4.47213595499958
112, 130, 33, 255, 33, 257, 0, -2, -1.5707963267948966, 2.0
112, 131, 327, 163, 331, 167, -4, -4, -2.356194490192345, 5.656854249492381
112, 134, 332, 358, 335, 358, -3, 0, 3.141592653589793, 3.0
112, 135, 95, 138, 99, 140, -4, -2, -2.677945044588987, 4.47213595499958
112, 136, 87, 258, 90, 259, -3, -1, -2.819842099193151, 3.1622776601683795
112, 137, 581, 221, 581, 223, 0, -2, -1.5707963267948966, 2.0
112, 138, 250, 343, 254, 343, -4, 0, 3.141592653589793, 4.0
112, 139, 89, 208, 94, 210, -5, -2, -2.761086276477428, 5.385164807134504
112, 140, 202, 254, 206, 258, -4, -4, -2.356194490192345, 5.656854249492381
112, 141, 429, 191, 431, 195, -2, -4, -2.0344439357957027, 4.47213595499958
112, 142, 269, 367, 273, 367, -4, 0, 3.141592653589793, 4.0
112, 143, 126, 302, 132, 304, -6, -2, -2.819842099193151, 6.324555320336759
112, 144, 575, 124, 577, 126, -2, -2, -2.356194490192345, 2.8284271247461903
112, 146, 167, 141, 171, 144, -4, -3, -2.498091544796509, 5.0
112, 147, 66, 271, 70, 273, -4, -2, -2.677945044588987, 4.47213595499958
112, 148, 238, 228, 242, 231, -4, -3, -2.498091544796509, 5.0
112, 149, 344, 210, 348, 211, -4, -1, -2.896613990462929, 4.123105625617661
112, 150, 271, 232, 275, 235, -4, -3, -2.498091544796509, 5.0
112, 151, 580, 190, 579, 193, 1, -3, -1.2490457723982544, 3.1622776601683795
112, 152, 267, 141, 270, 142, -3, -1, -2.819842099193151, 3.1622776601683795
112, 153, 66, 176, 70, 177, -4, -1, -2.896613990462929, 4.123105625617661
112, 154, 203, 206, 209, 209, -6, -3, -2.677945044588987, 6.708203932499369
112, 156, 99, 118, 101, 118, -2, 0, 3.141592653589793, 2.0
112, 157, 103, 268, 107, 269, -4, -1, -2.896613990462929, 4.123105625617661
112, 158, 344, 128, 347, 130, -3, -2, -2.5535900500422257, 3.605551275463989
112, 159, 154, 227, 159, 229, -5, -2, -2.761086276477428, 5.385164807134504
112, 160, 101, 210, 105, 212, -4, -2, -2.677945044588987, 4.47213595499958
112, 161, 471, 191, 472, 195, -1, -4, -1.8157749899217608, 4.123105625617661
112, 162, 578, 259, 577, 262, 1, -3, -1.2490457723982544, 3.1622776601683795
112, 163, 599, 265, 598, 266, 1, -1, -0.7853981633974483, 1.4142135623730951
112, 164, 131, 145, 135, 148, -4, -3, -2.498091544796509, 5.0
113, 0, 226, 185, 229, 188, -3, -3, -2.356194490192345, 4.242640687119285
113, 1, 212, 293, 218, 294, -6, -1, -2.976443976175166, 6.082762530298219
113, 3, 313, 156, 315, 159, -2, -3, -2.158798930342464, 3.605551275463989
113, 5, 96, 191, 100, 193, -4, -2, -2.677945044588987, 4.47213595499958
113, 6, 114, 330, 118, 331, -4, -1, -2.896613990462929, 4.123105625617661
113, 7, 171, 119, 173, 120, -2, -1, -2.677945044588987, 2.23606797749979
113, 10, 413, 155, 414, 160, -1, -5, -1.7681918866447774, 5.0990195135927845
113, 14, 379, 270, 383, 273, -4, -3, -2.498091544796509, 5.0
113, 15, 235, 111, 237, 111, -2, 0, 3.141592653589793, 2.0
113, 20, 129, 124, 131, 124, -2, 0, 3.141592653589793, 2.0
113, 21, 161, 118, 163, 118, -2, 0, 3.141592653589793, 2.0
113, 22, 292, 305, 296, 307, -4, -2, -2.677945044588987, 4.47213595499958
113, 25, 319, 363, 323, 364, -4, -1, -2.896613990462929, 4.123105625617661
113, 26, 186, 285, 190, 285, -4, 0, 3.141592653589793, 4.0
113, 27, 52, 137, 54, 137, -2, 0, 3.141592653589793, 2.0
113, 28, 595, 162, 595, 164, 0, -2, -1.5707963267948966, 2.0
113, 30, 358, 254, 361, 257, -3, -3, -2.356194490192345, 4.242640687119285
113, 33, 145, 108, 147, 109, -2, -1, -2.677945044588987, 2.23606797749979
113, 34, 262, 164, 264, 168, -2, -4, -2.0344439357957027, 4.47213595499958
113, 35, 237, 192, 241, 195, -4, -3, -2.498091544796509, 5.0
113, 41, 303, 247, 305, 250, -2, -3, -2.158798930342464, 3.605551275463989
113, 42, 592, 212, 591, 214, 1, -2, -1.1071487177940904, 2.23606797749979
113, 45, 256, 194, 259, 195, -3, -1, -2.819842099193151, 3.1622776601683795
113, 47, 225, 118, 227, 119, -2, -1, -2.677945044588987, 2.23606797749979
113, 48, 123, 366, 126, 366, -3, 0, 3.141592653589793, 3.0
113, 51, 364, 363, 367, 364, -3, -1, -2.819842099193151, 3.1622776601683795
113, 53, 578, 357, 576, 358, 2, -1, -0.4636476090008061, 2.23606797749979
113, 54, 482, 143, 483, 148, -1, -5, -1.7681918866447774, 5.0990195135927845
113, 55, 56, 191, 58, 192, -2, -1, -2.677945044588987, 2.23606797749979
113, 56, 80, 114, 82, 115, -2, -1, -2.677945044588987, 2.23606797749979
113, 58, 90, 109, 92, 110, -2, -1, -2.677945044588987, 2.23606797749979
113, 59, 84, 227, 88, 229, -4, -2, -2.677945044588987, 4.47213595499958
113, 62, 336, 171, 339, 174, -3, -3, -2.356194490192345, 4.242640687119285
113, 63, 287, 133, 290, 135, -3, -2, -2.5535900500422257, 3.605551275463989
113, 66, 575, 227, 573, 229, 2, -2, -0.7853981633974483, 2.8284271247461903
113, 67, 104, 328, 108, 330, -4, -2, -2.677945044588987, 4.47213595499958
113, 68, 510, 185, 510, 189, 0, -4, -1.5707963267948966, 4.0
113, 69, 507, 124, 506, 126, 1, -2, -1.1071487177940904, 2.23606797749979
113, 70, 97, 247, 102, 249, -5, -2, -2.761086276477428, 5.385164807134504
113, 71, 154, 288, 158, 289, -4, -1, -2.896613990462929, 4.123105625617661
113, 72, 75, 123, 77, 124, -2, -1, -2.677945044588987, 2.23606797749979
113, 73, 527, 131, 527, 135, 0, -4, -1.5707963267948966, 4.0
113, 74, 583, 167, 585, 166, -2, 1, 2.677945044588987, 2.23606797749979
113, 76, 116, 350, 119, 350, -3, 0, 3.141592653589793, 3.0
113, 78, 141, 182, 144, 183, -3, -1, -2.819842099193151, 3.1622776601683795
113, 82, 225, 265, 228, 269, -3, -4, -2.214297435588181, 5.0
113, 84, 104, 309, 109, 311, -5, -2, -2.761086276477428, 5.385164807134504
113, 85, 70, 352, 74, 352, -4, 0, 3.141592653589793, 4.0
113, 86, 143, 318, 147, 318, -4, 0, 3.141592653589793, 4.0
113, 87, 416, 143, 417, 146, -1, -3, -1.892546881191539, 3.1622776601683795
113, 89, 133, 251, 137, 253, -4, -2, -2.677945044588987, 4.47213595499958
113, 90, 299, 182, 302, 185, -3, -3, -2.356194490192345, 4.242640687119285
113, 92, 155, 147, 158, 150, -3, -3, -2.356194490192345, 4.242640687119285
113, 93, 462, 121, 463, 123, -1, -2, -2.0344439357957027, 2.23606797749979
113, 94, 597, 215, 597, 217, 0, -2, -1.5707963267948966, 2.0
113, 95, 578, 151, 577, 154, 1, -3, -1.2490457723982544, 3.1622776601683795
113, 97, 309, 330, 316, 331, -7, -1, -2.999695598985629, 7.0710678118654755
113, 98, 569, 355, 567, 355, 2, 0, 0.0, 2.0
113, 100, 111, 150, 115, 153, -4, -3, -2.498091544796509, 5.0
113, 101, 99, 141, 103, 143, -4, -2, -2.677945044588987, 4.47213595499958
113, 102, 571, 223, 567, 227, 4, -4, -0.7853981633974483, 5.656854249492381
113, 104, 162, 194, 166, 196, -4, -2, -2.677945044588987, 4.47213595499958
113, 105, 315, 235, 319, 237, -4, -2, -2.677945044588987, 4.47213595499958
113, 106, 101, 362, 104, 363, -3, -1, -2.819842099193151, 3.1622776601683795
113, 107, 222, 294, 230, 295, -8, -1, -3.017237659043032, 8.06225774829855
113, 108, 72, 177, 76, 179, -4, -2, -2.677945044588987, 4.47213595499958
113, 110, 233, 362, 236, 363, -3, -1, -2.819842099193151, 3.1622776601683795
113, 111, 84, 129, 87, 131, -3, -2, -2.5535900500422257, 3.605551275463989
113, 113, 323, 160, 327, 163, -4, -3, -2.498091544796509, 5.0
113, 114, 284, 313, 288, 314, -4, -1, -2.896613990462929, 4.123105625617661
113, 116, 329, 356, 332, 358, -3, -2, -2.5535900500422257, 3.605551275463989
113, 117, 90, 136, 95, 138, -5, -2, -2.761086276477428, 5.385164807134504
113, 118, 85, 258, 87, 258, -2, 0, 3.141592653589793, 2.0
113, 120, 246, 343, 250, 343, -4, 0, 3.141592653589793, 4.0
113, 121, 86, 206, 89, 208, -3, -2, -2.5535900500422257, 3.605551275463989
113, 122, 199, 253, 202, 254, -3, -1, -2.819842099193151, 3.1622776601683795
113, 123, 428, 188, 429, 191, -1, -3, -1.892546881191539, 3.1622776601683795
113, 124, 266, 367, 269, 367, -3, 0, 3.141592653589793, 3.0
113, 127, 165, 139, 167, 141, -2, -2, -2.356194490192345, 2.8284271247461903
113, 129, 235, 227, 238, 228, -3, -1, -2.819842099193151, 3.1622776601683795
113, 130, 340, 208, 344, 210, -4, -2, -2.677945044588987, 4.47213595499958
113, 131, 268, 229, 271, 232, -3, -3, -2.356194490192345, 4.242640687119285
113, 132, 579, 188, 580, 190, -1, -2, -2.0344439357957027, 2.23606797749979
113, 133, 264, 141, 267, 141, -3, 0, 3.141592653589793, 3.0
113, 134, 62, 174, 66, 176, -4, -2, -2.677945044588987, 4.47213595499958
113, 135, 201, 204, 203, 206, -2, -2, -2.356194490192345, 2.8284271247461903
113, 138, 100, 266, 103, 268, -3, -2, -2.5535900500422257, 3.605551275463989
113, 139, 342, 126, 344, 128, -2, -2, -2.356194490192345, 2.8284271247461903
113, 140, 150, 226, 154, 227, -4, -1, -2.896613990462929, 4.123105625617661
113, 141, 97, 209, 101, 210, -4, -1, -2.896613990462929, 4.123105625617661
113, 142, 468, 189, 471, 191, -3, -2, -2.5535900500422257, 3.605551275463989
113, 143, 580, 255, 578, 259, 2, -4, -1.1071487177940904, 4.47213595499958
113, 145, 126, 143, 131, 145, -5, -2, -2.761086276477428, 5.385164807134504
114, 0, 221, 182, 226, 185, -5, -3, -2.601173153319209, 5.830951894845301
114, 3, 310, 153, 313, 156, -3, -3, -2.356194490192345, 4.242640687119285
114, 4, 66, 142, 68, 143, -2, -1, -2.677945044588987, 2.23606797749979
114, 5, 92, 189, 96, 191, -4, -2, -2.677945044588987, 4.47213595499958
114, 6, 110, 329, 114, 330, -4, -1, -2.896613990462929, 4.123105625617661
114, 7, 169, 118, 171, 119, -2, -1, -2.677945044588987, 2.23606797749979
114, 10, 412, 150, 413, 155, -1, -5, -1.7681918866447774, 5.0990195135927845
114, 14, 376, 267, 379, 270, -3, -3, -2.356194490192345, 4.242640687119285
114, 19, 127, 124, 129, 124, -2, 0, 3.141592653589793, 2.0
114, 20, 159, 117, 161, 118, -2, -1, -2.677945044588987, 2.23606797749979
114, 21, 292, 302, 292, 305, 0, -3, -1.5707963267948966, 3.0
114, 24, 314, 362, 319, 363, -5, -1, -2.9441970937399127, 5.0990195135927845
114, 25, 181, 283, 186, 285, -5, -2, -2.761086276477428, 5.385164807134504
114, 27, 595, 160, 595, 162, 0, -2, -1.5707963267948966, 2.0
114, 29, 357, 252, 358, 254, -1, -2, -2.0344439357957027, 2.23606797749979
114, 31, 397, 135, 399, 136, -2, -1, -2.677945044588987, 2.23606797749979
114, 32, 143, 108, 145, 108, -2, 0, 3.141592653589793, 2.0
114, 33, 261, 158, 262, 164, -1, -6, -1.7359450042095235, 6.082762530298219
114, 34, 232, 188, 237, 192, -5, -4, -2.4668517113662407, 6.4031242374328485
114, 36, 543, 131, 542, 132, 1, -1, -0.7853981633974483, 1.4142135623730951
114, 37, 566, 365, 565, 366, 1, -1, -0.7853981633974483, 1.4142135623730951
114, 40, 301, 244, 303, 247, -2, -3, -2.158798930342464, 3.605551275463989
114, 41, 593, 210, 592, 212, 1, -2, -1.1071487177940904, 2.23606797749979
114, 43, 254, 192, 256, 194, -2, -2, -2.356194490192345, 2.8284271247461903
114, 45, 223, 117, 225, 118, -2, -1, -2.677945044588987, 2.23606797749979
114, 46, 120, 366, 123, 366, -3, 0, 3.141592653589793, 3.0
114, 49, 362, 363, 364, 363, -2, 0, 3.141592653589793, 2.0
114, 50, 50, 295, 52, 296, -2, -1, -2.677945044588987, 2.23606797749979
114, 51, 580, 357, 578, 357, 2, 0, 0.0, 2.0
114, 52, 54, 191, 56, 191, -2, 0, 3.141592653589793, 2.0
114, 53, 78, 113, 80, 114, -2, -1, -2.677945044588987, 2.23606797749979
114, 54, 88, 108, 90, 109, -2, -1, -2.677945044588987, 2.23606797749979
114, 55, 80, 225, 84, 227, -4, -2, -2.677945044588987, 4.47213595499958
114, 56, 333, 168, 336, 171, -3, -3, -2.356194490192345, 4.242640687119285
114, 57, 284, 131, 287, 133, -3, -2, -2.5535900500422257, 3.605551275463989
114, 60, 577, 224, 575, 227, 2, -3, -0.982793723247329, 3.605551275463989
114, 61, 103, 326, 104, 328, -1, -2, -2.0344439357957027, 2.23606797749979
114, 62, 509, 182, 510, 185, -1, -3, -1.892546881191539, 3.1622776601683795
114, 64, 93, 246, 97, 247, -4, -1, -2.896613990462929, 4.123105625617661
114, 65, 152, 289, 154, 288, -2, 1, 2.677945044588987, 2.23606797749979
114, 66, 70, 122, 75, 123, -5, -1, -2.9441970937399127, 5.0990195135927845
114, 70, 112, 349, 116, 350, -4, -1, -2.896613990462929, 4.123105625617661
114, 72, 138, 182, 141, 182, -3, 0, 3.141592653589793, 3.0
114, 75, 224, 263, 225, 265, -1, -2, -2.0344439357957027, 2.23606797749979
114, 76, 101, 307, 104, 309, -3, -2, -2.5535900500422257, 3.605551275463989
114, 77, 139, 318, 143, 318, -4, 0, 3.141592653589793, 4.0
114, 78, 419, 142, 416, 143, 3, -1, -0.3217505543966422, 3.1622776601683795
114, 80, 129, 249, 133, 251, -4, -2, -2.677945044588987, 4.47213595499958
114, 81, 297, 177, 299, 182, -2, -5, -1.9513027039072615, 5.385164807134504
114, 83, 152, 145, 155, 147, -3, -2, -2.5535900500422257, 3.605551275463989
114, 84, 597, 213, 597, 215, 0, -2, -1.5707963267948966, 2.0
114, 85, 578, 148, 578, 151, 0, -3, -1.5707963267948966, 3.0
114, 87, 308, 327, 309, 330, -1, -3, -1.892546881191539, 3.1622776601683795
114, 88, 571, 355, 569, 355, 2, 0, 0.0, 2.0
114, 90, 109, 149, 111, 150, -2, -1, -2.677945044588987, 2.23606797749979
114, 91, 95, 139, 99, 141, -4, -2, -2.677945044588987, 4.47213595499958
114, 92, 573, 220, 571, 223, 2, -3, -0.982793723247329, 3.605551275463989
114, 93, 160, 192, 162, 194, -2, -2, -2.356194490192345, 2.8284271247461903
114, 94, 313, 233, 315, 235, -2, -2, -2.356194490192345, 2.8284271247461903
114, 95, 99, 361, 101, 362, -2, -1, -2.677945044588987, 2.23606797749979
114, 96, 216, 293, 222, 294, -6, -1, -2.976443976175166, 6.082762530298219
114, 97, 68, 175, 72, 177, -4, -2, -2.677945044588987, 4.47213595499958
114, 98, 512, 120, 511, 121, 1, -1, -0.7853981633974483, 1.4142135623730951
114, 99, 230, 361, 233, 362, -3, -1, -2.819842099193151, 3.1622776601683795
114, 100, 81, 128, 84, 129, -3, -1, -2.819842099193151, 3.1622776601683795
114, 101, 318, 157, 323, 160, -5, -3, -2.601173153319209, 5.830951894845301
114, 102, 280, 314, 284, 313, -4, 1, 2.896613990462929, 4.123105625617661
114, 104, 325, 355, 329, 356, -4, -1, -2.896613990462929, 4.123105625617661
114, 105, 87, 135, 90, 136, -3, -1, -2.819842099193151, 3.1622776601683795
114, 106, 83, 257, 85, 258, -2, -1, -2.677945044588987, 2.23606797749979
114, 107, 580, 218, 581, 220, -1, -2, -2.0344439357957027, 2.23606797749979
114, 108, 243, 342, 246, 343, -3, -1, -2.819842099193151, 3.1622776601683795
114, 109, 83, 203, 86, 206, -3, -3, -2.356194490192345, 4.242640687119285
114, 111, 426, 184, 428, 188, -2, -4, -2.0344439357957027, 4.47213595499958
114, 112, 264, 367, 266, 367, -2, 0, 3.141592653589793, 2.0
114, 114, 162, 137, 165, 139, -3, -2, -2.5535900500422257, 3.605551275463989
114, 116, 233, 226, 235, 227, -2, -1, -2.677945044588987, 2.23606797749979
114, 117, 338, 205, 340, 208, -2, -3, -2.158798930342464, 3.605551275463989
114, 118, 267, 226, 268, 229, -1, -3, -1.892546881191539, 3.1622776601683795
114, 119, 261, 141, 264, 141, -3, 0, 3.141592653589793, 3.0
114, 120, 59, 172, 62, 174, -3, -2, -2.5535900500422257, 3.605551275463989
114, 121, 198, 201, 201, 204, -3, -3, -2.356194490192345, 4.242640687119285
114, 122, 59, 278, 61, 278, -2, 0, 3.141592653589793, 2.0
114, 123, 97, 116, 99, 117, -2, -1, -2.677945044588987, 2.23606797749979
114, 124, 145, 224, 150, 226, -5, -2, -2.761086276477428, 5.385164807134504
114, 125, 93, 207, 97, 209, -4, -2, -2.677945044588987, 4.47213595499958
114, 126, 467, 187, 468, 189, -1, -2, -2.0344439357957027, 2.23606797749979
114, 127, 584, 251, 580, 255, 4, -4, -0.7853981633974483, 5.656854249492381
114, 128, 600, 263, 599, 264, 1, -1, -0.7853981633974483, 1.4142135623730951
114, 129, 124, 141, 126, 143, -2, -2, -2.356194490192345, 2.8284271247461903
115, 3, 68, 142, 69, 144, -1, -2, -2.0344439357957027, 2.23606797749979
115, 5, 176, 117, 178, 119, -2, -2, -2.356194490192345, 2.8284271247461903
115, 6, 224, 185, 230, 189, -6, -4, -2.5535900500422257, 7.211102550927978
115, 10, 310, 158, 315, 163, -5, -5, -2.356194490192345, 7.0710678118654755
115, 11, 306, 113, 308, 114, -2, -1, -2.677945044588987, 2.23606797749979
115, 13, 113, 334, 119, 335, -6, -1, -2.976443976175166, 6.082762530298219
115, 15, 451, 368, 453, 368, -2, 0, 3.141592653589793, 2.0
115, 16, 58, 192, 61, 194, -3, -2, -2.5535900500422257, 3.605551275463989
115, 19, 214, 295, 220, 296, -6, -1, -2.976443976175166, 6.082762530298219
115, 21, 291, 309, 296, 310, -5, -1, -2.9441970937399127, 5.0990195135927845
115, 22, 595, 164, 595, 166, 0, -2, -1.5707963267948966, 2.0
115, 23, 378, 270, 378, 272, 0, -2, -1.5707963267948966, 2.0
115, 26, 367, 367, 370, 367, -3, 0, 3.141592653589793, 3.0
115, 27, 48, 107, 49, 109, -1, -2, -2.0344439357957027, 2.23606797749979
115, 30, 301, 248, 305, 250, -4, -2, -2.677945044588987, 4.47213595499958
115, 31, 397, 138, 400, 142, -3, -4, -2.214297435588181, 5.0
115, 35, 100, 188, 105, 190, -5, -2, -2.761086276477428, 5.385164807134504
115, 39, 320, 364, 325, 365, -5, -1, -2.9441970937399127, 5.0990195135927845
115, 40, 187, 282, 194, 284, -7, -2, -2.8632929945846817, 7.280109889280518
115, 41, 224, 117, 226, 118, -2, -1, -2.677945044588987, 2.23606797749979
115, 44, 351, 131, 355, 135, -4, -4, -2.356194490192345, 5.656854249492381
115, 45, 463, 123, 464, 125, -1, -2, -2.0344439357957027, 2.23606797749979
115, 46, 163, 120, 165, 121, -2, -1, -2.677945044588987, 2.23606797749979
115, 47, 412, 157, 414, 161, -2, -4, -2.0344439357957027, 4.47213595499958
115, 49, 134, 127, 136, 127, -2, 0, 3.141592653589793, 2.0
115, 51, 577, 154, 578, 157, -1, -3, -1.892546881191539, 3.1622776601683795
115, 53, 359, 254, 360, 256, -1, -2, -2.0344439357957027, 2.23606797749979
115, 54, 264, 163, 269, 168, -5, -5, -2.356194490192345, 7.0710678118654755
115, 55, 48, 138, 50, 139, -2, -1, -2.677945044588987, 2.23606797749979
115, 56, 357, 369, 359, 369, -2, 0, 3.141592653589793, 2.0
115, 58, 598, 216, 598, 218, 0, -2, -1.5707963267948966, 2.0
115, 60, 525, 132, 525, 136, 0, -4, -1.5707963267948966, 4.0
115, 61, 254, 192, 260, 197, -6, -5, -2.44685437739309, 7.810249675906654
115, 62, 110, 149, 115, 152, -5, -3, -2.601173153319209, 5.830951894845301
115, 66, 242, 342, 247, 343, -5, -1, -2.9441970937399127, 5.0990195135927845
115, 68, 589, 313, 588, 314, 1, -1, -0.7853981633974483, 1.4142135623730951
115, 69, 175, 257, 180, 258, -5, -1, -2.9441970937399127, 5.0990195135927845
115, 74, 129, 366, 131, 366, -2, 0, 3.141592653589793, 2.0
115, 78, 578, 224, 575, 229, 3, -5, -1.0303768265243125, 5.830951894845301
115, 79, 373, 134, 377, 138, -4, -4, -2.356194490192345, 5.656854249492381
115, 80, 80, 114, 84, 116, -4, -2, -2.677945044588987, 4.47213595499958
115, 84, 193, 119, 195, 119, -2, 0, 3.141592653589793, 2.0
115, 85, 548, 133, 547, 134, 1, -1, -0.7853981633974483, 1.4142135623730951
115, 86, 77, 125, 80, 126, -3, -1, -2.819842099193151, 3.1622776601683795
115, 88, 141, 180, 147, 183, -6, -3, -2.677945044588987, 6.708203932499369
115, 89, 295, 130, 297, 131, -2, -1, -2.677945044588987, 2.23606797749979
115, 91, 280, 129, 283, 131, -3, -2, -2.5535900500422257, 3.605551275463989
115, 93, 148, 110, 150, 110, -2, 0, 3.141592653589793, 2.0
115, 94, 268, 367, 272, 368, -4, -1, -2.896613990462929, 4.123105625617661
115, 97, 306, 338, 314, 337, -8, 1, 3.017237659043032, 8.06225774829855
115, 98, 585, 218, 586, 220, -1, -2, -2.0344439357957027, 2.23606797749979
115, 99, 56, 304, 59, 305, -3, -1, -2.819842099193151, 3.1622776601683795
115, 100, 385, 178, 389, 182, -4, -4, -2.356194490192345, 5.656854249492381
115, 101, 602, 324, 601, 325, 1, -1, -0.7853981633974483, 1.4142135623730951
115, 102, 77, 257, 80, 258, -3, -1, -2.819842099193151, 3.1622776601683795
115, 104, 57, 179, 56, 180, 1, -1, -0.7853981633974483, 1.4142135623730951
115, 106, 117, 352, 121, 352, -4, 0, 3.141592653589793, 4.0
115, 107, 85, 229, 90, 231, -5, -2, -2.761086276477428, 5.385164807134504
115, 108, 483, 145, 484, 150, -1, -5, -1.7681918866447774, 5.0990195135927845
115, 111, 149, 225, 153, 227, -4, -2, -2.677945044588987, 4.47213595499958
115, 112, 62, 176, 66, 178, -4, -2, -2.677945044588987, 4.47213595499958
115, 113, 566, 227, 564, 230, 2, -3, -0.982793723247329, 3.605551275463989
115, 114, 60, 278, 62, 278, -2, 0, 3.141592653589793, 2.0
115, 115, 36, 178, 34, 180, 2, -2, -0.7853981633974483, 2.8284271247461903
115, 116, 516, 186, 515, 190, 1, -4, -1.3258176636680326, 4.123105625617661
115, 117, 162, 195, 168, 198, -6, -3, -2.677945044588987, 6.708203932499369
115, 122, 60, 200, 62, 201, -2, -1, -2.677945044588987, 2.23606797749979
115, 123, 579, 191, 579, 194, 0, -3, -1.5707963267948966, 3.0
115, 126, 234, 134, 236, 134, -2, 0, 3.141592653589793, 2.0
115, 127, 121, 333, 126, 333, -5, 0, 3.141592653589793, 5.0
115, 128, 97, 246, 100, 246, -3, 0, 3.141592653589793, 3.0
115, 129, 341, 130, 345, 132, -4, -2, -2.677945044588987, 4.47213595499958
115, 130, 48, 193, 50, 194, -2, -1, -2.677945044588987, 2.23606797749979
115, 131, 330, 358, 334, 359, -4, -1, -2.896613990462929, 4.123105625617661
115, 132, 316, 186, 320, 190, -4, -4, -2.356194490192345, 5.656854249492381
115, 133, 341, 202, 346, 205, -5, -3, -2.601173153319209, 5.830951894845301
115, 134, 460, 132, 461, 135, -1, -3, -1.892546881191539, 3.1622776601683795
115, 136, 574, 279, 575, 281, -1, -2, -2.0344439357957027, 2.23606797749979
115, 139, 266, 146, 269, 146, -3, 0, 3.141592653589793, 3.0
115, 141, 588, 167, 588, 169, 0, -2, -1.5707963267948966, 2.0
115, 142, 482, 204, 483, 210, -1, -6, -1.7359450042095235, 6.082762530298219
115, 143, 107, 311, 109, 311, -2, 0, 3.141592653589793, 2.0
115, 146, 148, 185, 154, 188, -6, -3, -2.677945044588987, 6.708203932499369
115, 149, 336, 175, 339, 178, -3, -3, -2.356194490192345, 4.242640687119285
115, 150, 75, 112, 77, 113, -2, -1, -2.677945044588987, 2.23606797749979
115, 151, 197, 258, 203, 259, -6, -1, -2.976443976175166, 6.082762530298219
115, 152, 52, 169, 54, 170, -2, -1, -2.677945044588987, 2.23606797749979
115, 154, 109, 191, 113, 194, -4, -3, -2.498091544796509, 5.0
115, 156, 276, 147, 279, 149, -3, -2, -2.5535900500422257, 3.605551275463989
115, 157, 147, 287, 150, 287, -3, 0, 3.141592653589793, 3.0
115, 158, 70, 349, 72, 349, -2, 0, 3.141592653589793, 2.0
115, 160, 548, 202, 545, 204, 3, -2, -0.5880026035475675, 3.605551275463989
115, 161, 235, 189, 240, 193, -5, -4, -2.4668517113662407, 6.4031242374328485
115, 163, 442, 137, 443, 141, -1, -4, -1.8157749899217608, 4.123105625617661
115, 165, 61, 159, 62, 161, -1, -2, -2.0344439357957027, 2.23606797749979
115, 166, 135, 283, 140, 285, -5, -2, -2.761086276477428, 5.385164807134504
115, 167, 276, 211, 282, 213, -6, -2, -2.819842099193151, 6.324555320336759
116, 4, 175, 115, 176, 117, -1, -2, -2.0344439357957027, 2.23606797749979
116, 5, 220, 182, 224, 185, -4, -3, -2.498091544796509, 5.0
116, 8, 305, 154, 310, 158, -5, -4, -2.4668517113662407, 6.4031242374328485
116, 9, 304, 113, 306, 113, -2, 0, 3.141592653589793, 2.0
116, 11, 107, 333, 113, 334, -6, -1, -2.976443976175166, 6.082762530298219
116, 13, 449, 367, 451, 368, -2, -1, -2.677945044588987, 2.23606797749979
116, 14, 55, 190, 58, 192, -3, -2, -2.5535900500422257, 3.605551275463989
116, 16, 208, 294, 214, 295, -6, -1, -2.976443976175166, 6.082762530298219
116, 18, 288, 307, 291, 309, -3, -2, -2.5535900500422257, 3.605551275463989
116, 19, 595, 162, 595, 164, 0, -2, -1.5707963267948966, 2.0
116, 20, 377, 271, 378, 270, -1, 1, 2.356194490192345, 1.4142135623730951
116, 22, 364, 367, 367, 367, -3, 0, 3.141592653589793, 3.0
116, 26, 298, 247, 301, 248, -3, -1, -2.819842099193151, 3.1622776601683795
116, 27, 395, 135, 397, 138, -2, -3, -2.158798930342464, 3.605551275463989
116, 28, 567, 366, 566, 367, 1, -1, -0.7853981633974483, 1.4142135623730951
116, 30, 95, 185, 100, 188, -5, -3, -2.601173153319209, 5.830951894845301
116, 34, 315, 363, 320, 364, -5, -1, -2.9441970937399127, 5.0990195135927845
116, 35, 181, 280, 187, 282, -6, -2, -2.819842099193151, 6.324555320336759
116, 36, 222, 116, 224, 117, -2, -1, -2.677945044588987, 2.23606797749979
116, 39, 349, 131, 351, 131, -2, 0, 3.141592653589793, 2.0
116, 40, 161, 119, 163, 120, -2, -1, -2.677945044588987, 2.23606797749979
116, 41, 410, 152, 412, 157, -2, -5, -1.9513027039072615, 5.385164807134504
116, 43, 132, 126, 134, 127, -2, -1, -2.677945044588987, 2.23606797749979
116, 45, 576, 152, 577, 154, -1, -2, -2.0344439357957027, 2.23606797749979
116, 46, 287, 107, 289, 108, -2, -1, -2.677945044588987, 2.23606797749979
116, 47, 357, 253, 359, 254, -2, -1, -2.677945044588987, 2.23606797749979
116, 48, 261, 158, 264, 163, -3, -5, -2.1112158270654806, 5.830951894845301
116, 50, 354, 369, 357, 369, -3, 0, 3.141592653589793, 3.0
116, 52, 598, 214, 598, 216, 0, -2, -1.5707963267948966, 2.0
116, 54, 524, 129, 525, 132, -1, -3, -1.892546881191539, 3.1622776601683795
116, 55, 249, 188, 254, 192, -5, -4, -2.4668517113662407, 6.4031242374328485
116, 56, 105, 147, 110, 149, -5, -2, -2.761086276477428, 5.385164807134504
116, 59, 237, 340, 242, 342, -5, -2, -2.761086276477428, 5.385164807134504
116, 61, 170, 255, 175, 257, -5, -2, -2.761086276477428, 5.385164807134504
116, 62, 203, 134, 204, 133, -1, 1, 2.356194490192345, 1.4142135623730951
116, 65, 127, 365, 129, 366, -2, -1, -2.677945044588987, 2.23606797749979
116, 67, 581, 220, 578, 224, 3, -4, -0.9272952180016122, 5.0
116, 68, 371, 131, 373, 134, -2, -3, -2.158798930342464, 3.605551275463989
116, 69, 78, 113, 80, 114, -2, -1, -2.677945044588987, 2.23606797749979
116, 73, 190, 118, 193, 119, -3, -1, -2.819842099193151, 3.1622776601683795
116, 75, 74, 124, 77, 125, -3, -1, -2.819842099193151, 3.1622776601683795
116, 77, 134, 177, 141, 180, -7, -3, -2.7367008673047097, 7.615773105863909
116, 79, 278, 127, 280, 129, -2, -2, -2.356194490192345, 2.8284271247461903
116, 81, 146, 110, 148, 110, -2, 0, 3.141592653589793, 2.0
116, 82, 264, 366, 268, 367, -4, -1, -2.896613990462929, 4.123105625617661
116, 85, 298, 339, 306, 338, -8, 1, 3.017237659043032, 8.06225774829855
116, 86, 584, 216, 585, 218, -1, -2, -2.0344439357957027, 2.23606797749979
116, 87, 54, 303, 56, 304, -2, -1, -2.677945044588987, 2.23606797749979
116, 88, 381, 174, 385, 178, -4, -4, -2.356194490192345, 5.656854249492381
116, 90, 75, 256, 77, 257, -2, -1, -2.677945044588987, 2.23606797749979
116, 94, 113, 351, 117, 352, -4, -1, -2.896613990462929, 4.123105625617661
116, 95, 80, 227, 85, 229, -5, -2, -2.761086276477428, 5.385164807134504
116, 96, 483, 139, 483, 145, 0, -6, -1.5707963267948966, 6.0
116, 97, 144, 223, 149, 225, -5, -2, -2.761086276477428, 5.385164807134504
116, 98, 59, 175, 62, 176, -3, -1, -2.819842099193151, 3.1622776601683795
116, 99, 568, 225, 566, 227, 2, -2, -0.7853981633974483, 2.8284271247461903
116, 100, 58, 277, 60, 278, -2, -1, -2.677945044588987, 2.23606797749979
116, 102, 518, 183, 516, 186, 2, -3, -0.982793723247329, 3.605551275463989
116, 103, 158, 193, 162, 195, -4, -2, -2.677945044588987, 4.47213595499958
116, 105, 571, 357, 569, 356, 2, 1, 0.4636476090008061, 2.23606797749979
116, 106, 588, 151, 588, 153, 0, -2, -1.5707963267948966, 2.0
116, 107, 59, 198, 60, 200, -1, -2, -2.0344439357957027, 2.23606797749979
116, 108, 579, 188, 579, 191, 0, -3, -1.5707963267948966, 3.0
116, 111, 232, 134, 234, 134, -2, 0, 3.141592653589793, 2.0
116, 112, 117, 333, 121, 333, -4, 0, 3.141592653589793, 4.0
116, 113, 93, 245, 97, 246, -4, -1, -2.896613990462929, 4.123105625617661
116, 114, 338, 128, 341, 130, -3, -2, -2.5535900500422257, 3.605551275463989
116, 115, 46, 193, 48, 193, -2, 0, 3.141592653589793, 2.0
116, 116, 326, 358, 330, 358, -4, 0, 3.141592653589793, 4.0
116, 117, 312, 181, 316, 186, -4, -5, -2.2455372690184494, 6.4031242374328485
116, 118, 339, 200, 341, 202, -2, -2, -2.356194490192345, 2.8284271247461903
116, 123, 264, 146, 266, 146, -2, 0, 3.141592653589793, 2.0
116, 124, 97, 119, 99, 119, -2, 0, 3.141592653589793, 2.0
116, 125, 588, 165, 588, 167, 0, -2, -1.5707963267948966, 2.0
116, 126, 481, 198, 482, 204, -1, -6, -1.7359450042095235, 6.082762530298219
116, 127, 104, 311, 107, 311, -3, 0, 3.141592653589793, 3.0
116, 130, 145, 182, 148, 185, -3, -3, -2.356194490192345, 4.242640687119285
116, 133, 332, 170, 336, 175, -4, -5, -2.2455372690184494, 6.4031242374328485
116, 134, 73, 112, 75, 112, -2, 0, 3.141592653589793, 2.0
116, 135, 191, 256, 197, 258, -6, -2, -2.819842099193151, 6.324555320336759
116, 138, 104, 189, 109, 191, -5, -2, -2.761086276477428, 5.385164807134504
116, 140, 274, 146, 276, 147, -2, -1, -2.677945044588987, 2.23606797749979
116, 141, 146, 288, 147, 287, -1, 1, 2.356194490192345, 1.4142135623730951
116, 144, 550, 200, 548, 202, 2, -2, -0.7853981633974483, 2.8284271247461903
116, 145, 231, 187, 235, 189, -4, -2, -2.677945044588987, 4.47213595499958
116, 147, 442, 134, 442, 137, 0, -3, -1.5707963267948966, 3.0
116, 149, 60, 157, 61, 159, -1, -2, -2.0344439357957027, 2.23606797749979
116, 150, 132, 282, 135, 283, -3, -1, -2.819842099193151, 3.1622776601683795
116, 151, 271, 207, 276, 211, -5, -4, -2.4668517113662407, 6.4031242374328485
117, 1, 39, 357, 40, 359, -1, -2, -2.0344439357957027, 2.23606797749979
117, 2, 50, 250, 51, 252, -1, -2, -2.0344439357957027, 2.23606797749979
117, 4, 173, 115, 175, 115, -2, 0, 3.141592653589793, 2.0
117, 5, 215, 178, 220, 182, -5, -4, -2.4668517113662407, 6.4031242374328485
117, 7, 302, 151, 305, 154, -3, -3, -2.356194490192345, 4.242640687119285
117, 10, 102, 332, 107, 333, -5, -1, -2.9441970937399127, 5.0990195135927845
117, 12, 53, 189, 55, 190, -2, -1, -2.677945044588987, 2.23606797749979
117, 14, 201, 292, 208, 294, -7, -2, -2.8632929945846817, 7.280109889280518
117, 16, 285, 306, 288, 307, -3, -1, -2.819842099193151, 3.1622776601683795
117, 18, 374, 272, 377, 271, -3, 1, 2.819842099193151, 3.1622776601683795
117, 19, 361, 367, 364, 367, -3, 0, 3.141592653589793, 3.0
117, 23, 295, 246, 298, 247, -3, -1, -2.819842099193151, 3.1622776601683795
117, 24, 568, 365, 567, 366, 1, -1, -0.7853981633974483, 1.4142135623730951
117, 26, 90, 182, 95, 185, -5, -3, -2.601173153319209, 5.830951894845301
117, 30, 310, 361, 315, 363, -5, -2, -2.761086276477428, 5.385164807134504
117, 31, 176, 278, 181, 280, -5, -2, -2.761086276477428, 5.385164807134504
117, 32, 220, 115, 222, 116, -2, -1, -2.677945044588987, 2.23606797749979
117, 34, 347, 130, 349, 131, -2, -1, -2.677945044588987, 2.23606797749979
117, 35, 158, 118, 161, 119, -3, -1, -2.819842099193151, 3.1622776601683795
117, 36, 407, 148, 410, 152, -3, -4, -2.214297435588181, 5.0
117, 38, 130, 127, 132, 126, -2, 1, 2.677945044588987, 2.23606797749979
117, 39, 575, 150, 576, 152, -1, -2, -2.0344439357957027, 2.23606797749979
117, 41, 353, 252, 357, 253, -4, -1, -2.896613990462929, 4.123105625617661
117, 42, 258, 154, 261, 158, -3, -4, -2.214297435588181, 5.0
117, 44, 351, 368, 354, 369, -3, -1, -2.819842099193151, 3.1622776601683795
117, 48, 523, 127, 524, 129, -1, -2, -2.0344439357957027, 2.23606797749979
117, 49, 247, 187, 249, 188, -2, -1, -2.677945044588987, 2.23606797749979
117, 50, 99, 145, 105, 147, -6, -2, -2.819842099193151, 6.324555320336759
117, 52, 238, 334, 237, 340, 1, -6, -1.4056476493802699, 6.082762530298219
117, 53, 165, 254, 170, 255, -5, -1, -2.9441970937399127, 5.0990195135927845
117, 54, 201, 134, 203, 134, -2, 0, 3.141592653589793, 2.0
117, 57, 125, 364, 127, 365, -2, -1, -2.677945044588987, 2.23606797749979
117, 58, 274, 117, 276, 117, -2, 0, 3.141592653589793, 2.0
117, 59, 581, 217, 581, 220, 0, -3, -1.5707963267948966, 3.0
117, 60, 369, 129, 371, 131, -2, -2, -2.356194490192345, 2.8284271247461903
117, 63, 188, 118, 190, 118, -2, 0, 3.141592653589793, 2.0
117, 64, 71, 123, 74, 124, -3, -1, -2.819842099193151, 3.1622776601683795
117, 65, 132, 176, 134, 177, -2, -1, -2.677945044588987, 2.23606797749979
117, 66, 275, 125, 278, 127, -3, -2, -2.5535900500422257, 3.605551275463989
117, 67, 144, 108, 146, 110, -2, -2, -2.356194490192345, 2.8284271247461903
117, 68, 260, 366, 264, 366, -4, 0, 3.141592653589793, 4.0
117, 71, 293, 338, 298, 339, -5, -1, -2.9441970937399127, 5.0990195135927845
117, 72, 582, 214, 584, 216, -2, -2, -2.356194490192345, 2.8284271247461903
117, 73, 378, 170, 381, 174, -3, -4, -2.214297435588181, 5.0
117, 75, 72, 255, 75, 256, -3, -1, -2.819842099193151, 3.1622776601683795
117, 77, 110, 350, 113, 351, -3, -1, -2.819842099193151, 3.1622776601683795
117, 78, 76, 225, 80, 227, -4, -2, -2.677945044588987, 4.47213595499958
117, 79, 482, 132, 483, 139, -1, -7, -1.7126933813990606, 7.0710678118654755
117, 80, 140, 222, 144, 223, -4, -1, -2.896613990462929, 4.123105625617661
117, 81, 57, 174, 59, 175, -2, -1, -2.677945044588987, 2.23606797749979
117, 82, 570, 222, 568, 225, 2, -3, -0.982793723247329, 3.605551275463989
117, 83, 56, 276, 58, 277, -2, -1, -2.677945044588987, 2.23606797749979
117, 85, 519, 181, 518, 183, 1, -2, -1.1071487177940904, 2.23606797749979
117, 86, 153, 190, 158, 193, -5, -3, -2.601173153319209, 5.830951894845301
117, 89, 587, 149, 588, 151, -1, -2, -2.0344439357957027, 2.23606797749979
117, 90, 57, 197, 59, 198, -2, -1, -2.677945044588987, 2.23606797749979
117, 91, 579, 186, 579, 188, 0, -2, -1.5707963267948966, 2.0
117, 94, 229, 134, 232, 134, -3, 0, 3.141592653589793, 3.0
117, 95, 112, 333, 117, 333, -5, 0, 3.141592653589793, 5.0
117, 96, 90, 244, 93, 245, -3, -1, -2.819842099193151, 3.1622776601683795
117, 97, 336, 127, 338, 128, -2, -1, -2.677945044588987, 2.23606797749979
117, 98, 322, 357, 326, 358, -4, -1, -2.896613990462929, 4.123105625617661
117, 99, 309, 178, 312, 181, -3, -3, -2.356194490192345, 4.242640687119285
117, 100, 337, 198, 339, 200, -2, -2, -2.356194490192345, 2.8284271247461903
117, 105, 261, 146, 264, 146, -3, 0, 3.141592653589793, 3.0
117, 106, 95, 119, 97, 119, -2, 0, 3.141592653589793, 2.0
117, 107, 588, 162, 588, 165, 0, -3, -1.5707963267948966, 3.0
117, 108, 480, 194, 481, 198, -1, -4, -1.8157749899217608, 4.123105625617661
117, 109, 102, 311, 104, 311, -2, 0, 3.141592653589793, 2.0
117, 111, 140, 180, 145, 182, -5, -2, -2.761086276477428, 5.385164807134504
117, 113, 330, 166, 332, 170, -2, -4, -2.0344439357957027, 4.47213595499958
117, 115, 185, 254, 191, 256, -6, -2, -2.819842099193151, 6.324555320336759
117, 117, 99, 187, 104, 189, -5, -2, -2.761086276477428, 5.385164807134504
117, 119, 271, 145, 274, 146, -3, -1, -2.819842099193151, 3.1622776601683795
117, 120, 143, 287, 146, 288, -3, -1, -2.819842099193151, 3.1622776601683795
117, 121, 551, 198, 550, 200, 1, -2, -1.1071487177940904, 2.23606797749979
117, 122, 226, 185, 231, 187, -5, -2, -2.761086276477428, 5.385164807134504
117, 124, 442, 131, 442, 134, 0, -3, -1.5707963267948966, 3.0
117, 126, 59, 155, 60, 157, -1, -2, -2.0344439357957027, 2.23606797749979
117, 127, 128, 281, 132, 282, -4, -1, -2.896613990462929, 4.123105625617661
117, 128, 266, 203, 271, 207, -5, -4, -2.4668517113662407, 6.4031242374328485
118, 0, 562, 119, 565, 119, -3, 0, 3.141592653589793, 3.0
118, 5, 211, 177, 215, 178, -4, -1, -2.896613990462929, 4.123105625617661
118, 6, 519, 365, 518, 366, 1, -1, -0.7853981633974483, 1.4142135623730951
118, 7, 299, 148, 302, 151, -3, -3, -2.356194490192345, 4.242640687119285
118, 10, 97, 331, 102, 332, -5, -1, -2.9441970937399127, 5.0990195135927845
118, 13, 198, 291, 201, 292, -3, -1, -2.819842099193151, 3.1622776601683795
118, 15, 281, 305, 285, 306, -4, -1, -2.896613990462929, 4.123105625617661
118, 16, 595, 159, 595, 161, 0, -2, -1.5707963267948966, 2.0
118, 17, 372, 270, 374, 272, -2, -2, -2.356194490192345, 2.8284271247461903
118, 18, 358, 366, 361, 367, -3, -1, -2.819842099193151, 3.1622776601683795
118, 21, 291, 244, 295, 246, -4, -2, -2.677945044588987, 4.47213595499958
118, 24, 87, 179, 90, 182, -3, -3, -2.356194490192345, 4.242640687119285
118, 25, 497, 115, 497, 117, 0, -2, -1.5707963267948966, 2.0
118, 28, 305, 361, 310, 361, -5, 0, 3.141592653589793, 5.0
118, 29, 172, 277, 176, 278, -4, -1, -2.896613990462929, 4.123105625617661
118, 30, 217, 114, 220, 115, -3, -1, -2.819842099193151, 3.1622776601683795
118, 32, 344, 129, 347, 130, -3, -1, -2.819842099193151, 3.1622776601683795
118, 33, 156, 117, 158, 118, -2, -1, -2.677945044588987, 2.23606797749979
118, 34, 406, 143, 407, 148, -1, -5, -1.7681918866447774, 5.0990195135927845
118, 36, 128, 127, 130, 127, -2, 0, 3.141592653589793, 2.0
118, 37, 575, 148, 575, 150, 0, -2, -1.5707963267948966, 2.0
118, 38, 350, 250, 353, 252, -3, -2, -2.5535900500422257, 3.605551275463989
118, 39, 255, 150, 258, 154, -3, -4, -2.214297435588181, 5.0
118, 41, 348, 368, 351, 368, -3, 0, 3.141592653589793, 3.0
118, 44, 244, 185, 247, 187, -3, -2, -2.5535900500422257, 3.605551275463989
118, 45, 96, 144, 99, 145, -3, -1, -2.819842099193151, 3.1622776601683795
118, 47, 161, 253, 165, 254, -4, -1, -2.896613990462929, 4.123105625617661
118, 48, 199, 134, 201, 134, -2, 0, 3.141592653589793, 2.0
118, 51, 122, 363, 125, 364, -3, -1, -2.819842099193151, 3.1622776601683795
118, 53, 581, 214, 581, 217, 0, -3, -1.5707963267948966, 3.0
118, 54, 367, 128, 369, 129, -2, -1, -2.677945044588987, 2.23606797749979
118, 56, 186, 118, 188, 118, -2, 0, 3.141592653589793, 2.0
118, 57, 68, 122, 71, 123, -3, -1, -2.819842099193151, 3.1622776601683795
118, 58, 273, 124, 275, 125, -2, -1, -2.677945044588987, 2.23606797749979
118, 60, 257, 366, 260, 366, -3, 0, 3.141592653589793, 3.0
118, 61, 47, 321, 49, 321, -2, 0, 3.141592653589793, 2.0
118, 63, 289, 337, 293, 338, -4, -1, -2.896613990462929, 4.123105625617661
118, 64, 582, 212, 582, 214, 0, -2, -1.5707963267948966, 2.0
118, 65, 376, 167, 378, 170, -2, -3, -2.158798930342464, 3.605551275463989
118, 66, 597, 323, 600, 324, -3, -1, -2.819842099193151, 3.1622776601683795
118, 67, 69, 253, 72, 255, -3, -2, -2.5535900500422257, 3.605551275463989
118, 69, 106, 351, 110, 350, -4, 1, 2.896613990462929, 4.123105625617661
118, 70, 72, 223, 76, 225, -4, -2, -2.677945044588987, 4.47213595499958
118, 72, 136, 221, 140, 222, -4, -1, -2.896613990462929, 4.123105625617661
118, 73, 55, 173, 57, 174, -2, -1, -2.677945044588987, 2.23606797749979
118, 74, 571, 220, 570, 222, 1, -2, -1.1071487177940904, 2.23606797749979
118, 75, 54, 275, 56, 276, -2, -1, -2.677945044588987, 2.23606797749979
118, 77, 520, 180, 519, 181, 1, -1, -0.7853981633974483, 1.4142135623730951
118, 78, 150, 187, 153, 190, -3, -3, -2.356194490192345, 4.242640687119285
118, 82, 579, 182, 579, 186, 0, -4, -1.5707963267948966, 4.0
118, 85, 227, 133, 229, 134, -2, -1, -2.677945044588987, 2.23606797749979
118, 86, 107, 334, 112, 333, -5, 1, 2.9441970937399127, 5.0990195135927845
118, 87, 86, 243, 90, 244, -4, -1, -2.896613990462929, 4.123105625617661
118, 88, 333, 126, 336, 127, -3, -1, -2.819842099193151, 3.1622776601683795
118, 89, 318, 356, 322, 357, -4, -1, -2.896613990462929, 4.123105625617661
118, 90, 307, 177, 309, 178, -2, -1, -2.677945044588987, 2.23606797749979
118, 94, 259, 146, 261, 146, -2, 0, 3.141592653589793, 2.0
118, 95, 92, 119, 95, 119, -3, 0, 3.141592653589793, 3.0
118, 97, 480, 189, 480, 194, 0, -5, -1.5707963267948966, 5.0
118, 98, 99, 311, 102, 311, -3, 0, 3.141592653589793, 3.0
118, 99, 134, 176, 140, 180, -6, -4, -2.5535900500422257, 7.211102550927978
118, 101, 325, 162, 330, 166, -5, -4, -2.4668517113662407, 6.4031242374328485
118, 102, 70, 112, 72, 112, -2, 0, 3.141592653589793, 2.0
118, 103, 183, 254, 185, 254, -2, 0, 3.141592653589793, 2.0
118, 104, 93, 186, 99, 187, -6, -1, -2.976443976175166, 6.082762530298219
118, 105, 54, 266, 53, 267, 1, -1, -0.7853981633974483, 1.4142135623730951
118, 106, 268, 145, 271, 145, -3, 0, 3.141592653589793, 3.0
118, 107, 139, 286, 143, 287, -4, -1, -2.896613990462929, 4.123105625617661
118, 108, 553, 195, 551, 198, 2, -3, -0.982793723247329, 3.605551275463989
118, 109, 220, 181, 226, 185, -6, -4, -2.5535900500422257, 7.211102550927978
118, 111, 442, 129, 442, 131, 0, -2, -1.5707963267948966, 2.0
118, 112, 51, 343, 53, 344, -2, -1, -2.677945044588987, 2.23606797749979
118, 114, 262, 202, 266, 203, -4, -1, -2.896613990462929, 4.123105625617661
119, 4, 170, 114, 172, 115, -2, -1, -2.677945044588987, 2.23606797749979
119, 5, 209, 176, 211, 177, -2, -1, -2.677945044588987, 2.23606797749979
119, 7, 296, 146, 299, 148, -3, -2, -2.5535900500422257, 3.605551275463989
119, 9, 94, 331, 97, 331, -3, 0, 3.141592653589793, 3.0
119, 12, 196, 291, 198, 291, -2, 0, 3.141592653589793, 2.0
119, 14, 276, 304, 281, 305, -5, -1, -2.9441970937399127, 5.0990195135927845
119, 16, 368, 270, 372, 270, -4, 0, 3.141592653589793, 4.0
119, 17, 355, 366, 358, 366, -3, 0, 3.141592653589793, 3.0
119, 20, 288, 242, 291, 244, -3, -2, -2.5535900500422257, 3.605551275463989
119, 23, 85, 177, 87, 179, -2, -2, -2.356194490192345, 2.8284271247461903
119, 26, 299, 361, 305, 361, -6, 0, 3.141592653589793, 6.0
119, 27, 169, 276, 172, 277, -3, -1, -2.819842099193151, 3.1622776601683795
119, 30, 341, 127, 344, 129, -3, -2, -2.5535900500422257, 3.605551275463989
119, 31, 154, 116, 156, 117, -2, -1, -2.677945044588987, 2.23606797749979
119, 32, 405, 140, 406, 143, -1, -3, -1.892546881191539, 3.1622776601683795
119, 34, 126, 126, 128, 127, -2, -1, -2.677945044588987, 2.23606797749979
119, 36, 253, 147, 255, 150, -2, -3, -2.158798930342464, 3.605551275463989
119, 40, 241, 184, 244, 185, -3, -1, -2.819842099193151, 3.1622776601683795
119, 41, 94, 143, 96, 144, -2, -1, -2.677945044588987, 2.23606797749979
119, 42, 158, 252, 161, 253, -3, -1, -2.819842099193151, 3.1622776601683795
119, 46, 120, 363, 122, 363, -2, 0, 3.141592653589793, 2.0
119, 48, 583, 212, 581, 214, 2, -2, -0.7853981633974483, 2.8284271247461903
119, 50, 184, 117, 186, 118, -2, -1, -2.677945044588987, 2.23606797749979
119, 51, 65, 121, 68, 122, -3, -1, -2.819842099193151, 3.1622776601683795
119, 52, 271, 123, 273, 124, -2, -1, -2.677945044588987, 2.23606797749979
119, 53, 141, 108, 143, 108, -2, 0, 3.141592653589793, 2.0
119, 57, 287, 336, 289, 337, -2, -1, -2.677945044588987, 2.23606797749979
119, 58, 582, 210, 582, 212, 0, -2, -1.5707963267948966, 2.0
119, 60, 66, 252, 69, 253, -3, -1, -2.819842099193151, 3.1622776601683795
119, 62, 101, 350, 106, 351, -5, -1, -2.9441970937399127, 5.0990195135927845
119, 63, 69, 222, 72, 223, -3, -1, -2.819842099193151, 3.1622776601683795
119, 64, 479, 130, 481, 132, -2, -2, -2.356194490192345, 2.8284271247461903
119, 65, 132, 221, 136, 221, -4, 0, 3.141592653589793, 4.0
119, 67, 52, 275, 54, 275, -2, 0, 3.141592653589793, 2.0
119, 69, 519, 177, 520, 180, -1, -3, -1.892546881191539, 3.1622776601683795
119, 70, 149, 184, 150, 187, -1, -3, -1.892546881191539, 3.1622776601683795
119, 72, 578, 178, 579, 182, -1, -4, -1.8157749899217608, 4.123105625617661
119, 75, 224, 132, 227, 133, -3, -1, -2.819842099193151, 3.1622776601683795
119, 76, 102, 334, 107, 334, -5, 0, 3.141592653589793, 5.0
119, 77, 82, 242, 86, 243, -4, -1, -2.896613990462929, 4.123105625617661
119, 79, 305, 176, 307, 177, -2, -1, -2.677945044588987, 2.23606797749979
119, 82, 255, 146, 259, 146, -4, 0, 3.141592653589793, 4.0
119, 83, 90, 119, 92, 119, -2, 0, 3.141592653589793, 2.0
119, 85, 480, 187, 480, 189, 0, -2, -1.5707963267948966, 2.0
119, 86, 97, 311, 99, 311, -2, 0, 3.141592653589793, 2.0
119, 87, 127, 172, 134, 176, -7, -4, -2.62244653934327, 8.06225774829855
119, 89, 322, 161, 325, 162, -3, -1, -2.819842099193151, 3.1622776601683795
119, 91, 179, 253, 183, 254, -4, -1, -2.896613990462929, 4.123105625617661
119, 92, 87, 184, 93, 186, -6, -2, -2.819842099193151, 6.324555320336759
119, 94, 265, 144, 268, 145, -3, -1, -2.819842099193151, 3.1622776601683795
119, 95, 135, 284, 139, 286, -4, -2, -2.677945044588987, 4.47213595499958
119, 96, 555, 191, 553, 195, 2, -4, -1.1071487177940904, 4.47213595499958
119, 97, 216, 178, 220, 181, -4, -3, -2.498091544796509, 5.0
119, 99, 442, 127, 442, 129, 0, -2, -1.5707963267948966, 2.0
119, 102, 260, 201, 262, 202, -2, -1, -2.677945044588987, 2.23606797749979
120, 0, 213, 177, 219, 180, -6, -3, -2.677945044588987, 6.708203932499369
120, 8, 46, 268, 48, 268, -2, 0, 3.141592653589793, 2.0
120, 12, 299, 147, 304, 151, -5, -4, -2.4668517113662407, 6.4031242374328485
120, 13, 86, 182, 91, 184, -5, -2, -2.761086276477428, 5.385164807134504
120, 17, 65, 255, 66, 257, -1, -2, -2.0344439357957027, 2.23606797749979
120, 19, 99, 336, 104, 336, -5, 0, 3.141592653589793, 5.0
120, 20, 359, 266, 361, 266, -2, 0, 3.141592653589793, 2.0
120, 22, 406, 145, 407, 148, -1, -3, -1.892546881191539, 3.1622776601683795
120, 29, 340, 248, 345, 251, -5, -3, -2.601173153319209, 5.830951894845301
120, 30, 447, 366, 449, 368, -2, -2, -2.356194490192345, 2.8284271247461903
120, 32, 252, 152, 257, 156, -5, -4, -2.4668517113662407, 6.4031242374328485
120, 33, 521, 366, 520, 367, 1, -1, -0.7853981633974483, 1.4142135623730951
120, 35, 235, 108, 237, 109, -2, -1, -2.677945044588987, 2.23606797749979
120, 37, 201, 293, 206, 293, -5, 0, 3.141592653589793, 5.0
120, 38, 486, 119, 485, 120, 1, -1, -0.7853981633974483, 1.4142135623730951
120, 41, 362, 367, 364, 367, -2, 0, 3.141592653589793, 2.0
120, 43, 274, 307, 281, 308, -7, -1, -2.999695598985629, 7.0710678118654755
120, 47, 72, 123, 73, 125, -1, -2, -2.0344439357957027, 2.23606797749979
120, 49, 240, 184, 245, 189, -5, -5, -2.356194490192345, 7.0710678118654755
120, 50, 351, 368, 354, 368, -3, 0, 3.141592653589793, 3.0
120, 54, 70, 141, 71, 143, -1, -2, -2.0344439357957027, 2.23606797749979
120, 55, 285, 242, 291, 245, -6, -3, -2.677945044588987, 6.708203932499369
120, 56, 306, 368, 312, 369, -6, -1, -2.976443976175166, 6.082762530298219
120, 57, 580, 183, 580, 187, 0, -4, -1.5707963267948966, 4.0
120, 58, 123, 366, 126, 367, -3, -1, -2.819842099193151, 3.1622776601683795
120, 59, 219, 117, 221, 117, -2, 0, 3.141592653589793, 2.0
120, 60, 368, 132, 370, 133, -2, -1, -2.677945044588987, 2.23606797749979
120, 63, 159, 117, 161, 119, -2, -2, -2.356194490192345, 2.8284271247461903
120, 64, 172, 280, 179, 282, -7, -2, -2.8632929945846817, 7.280109889280518
120, 69, 581, 219, 582, 222, -1, -3, -1.892546881191539, 3.1622776601683795
120, 70, 97, 141, 101, 143, -4, -2, -2.677945044588987, 4.47213595499958
120, 71, 74, 136, 77, 136, -3, 0, 3.141592653589793, 3.0
120, 74, 575, 219, 575, 221, 0, -2, -1.5707963267948966, 2.0
120, 76, 126, 173, 133, 176, -7, -3, -2.7367008673047097, 7.615773105863909
120, 79, 524, 128, 525, 130, -1, -2, -2.0344439357957027, 2.23606797749979
120, 81, 85, 206, 89, 208, -4, -2, -2.677945044588987, 4.47213595499958
120, 82, 151, 189, 156, 192, -5, -3, -2.601173153319209, 5.830951894845301
120, 83, 62, 172, 62, 174, 0, -2, -1.5707963267948966, 2.0
120, 84, 524, 168, 521, 173, 3, -5, -1.0303768265243125, 5.830951894845301
120, 87, 587, 214, 587, 216, 0, -2, -1.5707963267948966, 2.0
120, 88, 103, 350, 108, 351, -5, -1, -2.9441970937399127, 5.0990195135927845
120, 91, 158, 253, 165, 256, -7, -3, -2.7367008673047097, 7.615773105863909
120, 92, 276, 130, 278, 131, -2, -1, -2.677945044588987, 2.23606797749979
120, 93, 403, 152, 406, 156, -3, -4, -2.214297435588181, 5.0
120, 96, 288, 339, 295, 339, -7, 0, 3.141592653589793, 7.0
120, 98, 119, 248, 125, 250, -6, -2, -2.819842099193151, 6.324555320336759
120, 99, 87, 330, 90, 331, -3, -1, -2.819842099193151, 3.1622776601683795
120, 101, 70, 224, 75, 226, -5, -2, -2.761086276477428, 5.385164807134504
120, 110, 73, 202, 78, 204, -5, -2, -2.761086276477428, 5.385164807134504
120, 114, 144, 109, 146, 110, -2, -1, -2.677945044588987, 2.23606797749979
120, 115, 493, 118, 492, 119, 1, -1, -0.7853981633974483, 1.4142135623730951
120, 117, 446, 130, 446, 133, 0, -3, -1.5707963267948966, 3.0
120, 118, 95, 366, 99, 367, -4, -1, -2.896613990462929, 4.123105625617661
120, 120, 76, 333, 78, 334, -2, -1, -2.677945044588987, 2.23606797749979
120, 122, 512, 169, 511, 172, 1, -3, -1.2490457723982544, 3.1622776601683795
120, 123, 90, 311, 93, 311, -3, 0, 3.141592653589793, 3.0
120, 124, 188, 117, 190, 117, -2, 0, 3.141592653589793, 2.0
120, 125, 260, 367, 264, 368, -4, -1, -2.896613990462929, 4.123105625617661
120, 126, 111, 111, 113, 111, -2, 0, 3.141592653589793, 2.0
120, 127, 62, 270, 64, 271, -2, -1, -2.677945044588987, 2.23606797749979
120, 128, 439, 145, 440, 150, -1, -5, -1.7681918866447774, 5.0990195135927845
120, 133, 142, 140, 145, 142, -3, -2, -2.5535900500422257, 3.605551275463989
120, 134, 305, 250, 312, 254, -7, -4, -2.62244653934327, 8.06225774829855
120, 135, 578, 152, 578, 154, 0, -2, -1.5707963267948966, 2.0
120, 136, 548, 132, 549, 134, -1, -2, -2.0344439357957027, 2.23606797749979
120, 138, 603, 183, 603, 185, 0, -2, -1.5707963267948966, 2.0
120, 139, 320, 361, 324, 361, -4, 0, 3.141592653589793, 4.0
120, 141, 306, 224, 308, 226, -2, -2, -2.356194490192345, 2.8284271247461903
120, 142, 86, 137, 90, 137, -4, 0, 3.141592653589793, 4.0
120, 143, 327, 163, 330, 166, -3, -3, -2.356194490192345, 4.242640687119285
120, 144, 145, 224, 149, 225, -4, -1, -2.896613990462929, 4.123105625617661
120, 145, 229, 343, 232, 344, -3, -1, -2.819842099193151, 3.1622776601683795
120, 147, 229, 184, 231, 187, -2, -3, -2.158798930342464, 3.605551275463989
120, 148, 109, 301, 114, 303, -5, -2, -2.761086276477428, 5.385164807134504
120, 149, 181, 251, 187, 254, -6, -3, -2.677945044588987, 6.708203932499369
120, 150, 122, 318, 125, 318, -3, 0, 3.141592653589793, 3.0
120, 151, 186, 218, 189, 220, -3, -2, -2.5535900500422257, 3.605551275463989
120, 152, 221, 218, 224, 221, -3, -3, -2.356194490192345, 4.242640687119285
120, 153, 582, 252, 584, 254, -2, -2, -2.356194490192345, 2.8284271247461903
120, 154, 336, 199, 340, 201, -4, -2, -2.677945044588987, 4.47213595499958
120, 155, 335, 126, 338, 127, -3, -1, -2.819842099193151, 3.1622776601683795
120, 157, 271, 143, 274, 145, -3, -2, -2.5535900500422257, 3.605551275463989
120, 158, 115, 137, 118, 139, -3, -2, -2.5535900500422257, 3.605551275463989
120, 159, 95, 120, 97, 120, -2, 0, 3.141592653589793, 2.0
120, 160, 208, 267, 213, 269, -5, -2, -2.761086276477428, 5.385164807134504
120, 162, 189, 198, 193, 201, -4, -3, -2.498091544796509, 5.0
120, 164, 57, 277, 59, 277, -2, 0, 3.141592653589793, 2.0
120, 166, 305, 154, 308, 158, -3, -4, -2.214297435588181, 5.0
120, 167, 483, 187, 484, 194, -1, -7, -1.7126933813990606, 7.0710678118654755
120, 168, 154, 133, 158, 136, -4, -3, -2.498091544796509, 5.0
120, 169, 133, 284, 137, 285, -4, -1, -2.896613990462929, 4.123105625617661
120, 170, 81, 241, 85, 242, -4, -1, -2.896613990462929, 4.123105625617661
120, 171, 487, 131, 487, 135, 0, -4, -1.5707963267948966, 4.0
120, 173, 377, 174, 380, 175, -3, -1, -2.819842099193151, 3.1622776601683795
120, 174, 263, 312, 262, 311, 1, 1, 0.7853981633974483, 1.4142135623730951
120, 176, 468, 168, 470, 171, -2, -3, -2.158798930342464, 3.605551275463989
120, 177, 82, 162, 85, 164, -3, -2, -2.5535900500422257, 3.605551275463989
120, 180, 254, 224, 259, 227, -5, -3, -2.601173153319209, 5.830951894845301
120, 182, 291, 175, 295, 178, -4, -3, -2.498091544796509, 5.0
120, 183, 309, 178, 313, 181, -4, -3, -2.498091544796509, 5.0
121, 0, 207, 173, 213, 177, -6, -4, -2.5535900500422257, 7.211102550927978
121, 2, 429, 114, 431, 113, -2, 1, 2.677945044588987, 2.23606797749979
121, 4, 62, 143, 62, 145, 0, -2, -1.5707963267948966, 2.0
121, 8, 129, 125, 131, 126, -2, -1, -2.677945044588987, 2.23606797749979
121, 11, 295, 144, 299, 147, -4, -3, -2.498091544796509, 5.0
121, 12, 80, 180, 86, 182, -6, -2, -2.819842099193151, 6.324555320336759
121, 15, 94, 336, 99, 336, -5, 0, 3.141592653589793, 5.0
121, 16, 357, 265, 359, 266, -2, -1, -2.677945044588987, 2.23606797749979
121, 18, 403, 140, 406, 145, -3, -5, -2.1112158270654806, 5.830951894845301
121, 23, 51, 309, 53, 309, -2, 0, 3.141592653589793, 2.0
121, 24, 337, 247, 340, 248, -3, -1, -2.819842099193151, 3.1622776601683795
121, 25, 445, 366, 447, 366, -2, 0, 3.141592653589793, 2.0
121, 27, 247, 149, 252, 152, -5, -3, -2.601173153319209, 5.830951894845301
121, 28, 522, 365, 521, 366, 1, -1, -0.7853981633974483, 1.4142135623730951
121, 31, 195, 293, 201, 293, -6, 0, 3.141592653589793, 6.0
121, 35, 359, 367, 362, 367, -3, 0, 3.141592653589793, 3.0
121, 37, 270, 307, 274, 307, -4, 0, 3.141592653589793, 4.0
121, 43, 236, 181, 240, 184, -4, -3, -2.498091544796509, 5.0
121, 44, 348, 367, 351, 368, -3, -1, -2.819842099193151, 3.1622776601683795
121, 48, 282, 240, 285, 242, -3, -2, -2.5535900500422257, 3.605551275463989
121, 49, 302, 367, 306, 368, -4, -1, -2.896613990462929, 4.123105625617661
121, 50, 580, 179, 580, 183, 0, -4, -1.5707963267948966, 4.0
121, 51, 120, 365, 123, 366, -3, -1, -2.819842099193151, 3.1622776601683795
121, 52, 217, 117, 219, 117, -2, 0, 3.141592653589793, 2.0
121, 53, 366, 131, 368, 132, -2, -1, -2.677945044588987, 2.23606797749979
121, 56, 157, 116, 159, 117, -2, -1, -2.677945044588987, 2.23606797749979
121, 57, 165, 278, 172, 280, -7, -2, -2.8632929945846817, 7.280109889280518
121, 60, 198, 137, 200, 137, -2, 0, 3.141592653589793, 2.0
121, 61, 580, 217, 581, 219, -1, -2, -2.0344439357957027, 2.23606797749979
121, 62, 94, 140, 97, 141, -3, -1, -2.819842099193151, 3.1622776601683795
121, 63, 73, 134, 74, 136, -1, -2, -2.0344439357957027, 2.23606797749979
121, 65, 574, 217, 575, 219, -1, -2, -2.0344439357957027, 2.23606797749979
121, 66, 122, 170, 126, 173, -4, -3, -2.498091544796509, 5.0
121, 68, 45, 291, 44, 290, 1, 1, 0.7853981633974483, 1.4142135623730951
121, 69, 523, 125, 524, 128, -1, -3, -1.892546881191539, 3.1622776601683795
121, 71, 81, 205, 85, 206, -4, -1, -2.896613990462929, 4.123105625617661
121, 72, 147, 186, 151, 189, -4, -3, -2.498091544796509, 5.0
121, 73, 63, 170, 62, 172, 1, -2, -1.1071487177940904, 2.23606797749979
121, 74, 525, 165, 524, 168, 1, -3, -1.2490457723982544, 3.1622776601683795
121, 77, 588, 211, 587, 214, 1, -3, -1.2490457723982544, 3.1622776601683795
121, 78, 100, 349, 103, 350, -3, -1, -2.819842099193151, 3.1622776601683795
121, 81, 152, 251, 158, 253, -6, -2, -2.819842099193151, 6.324555320336759
121, 82, 274, 129, 276, 130, -2, -1, -2.677945044588987, 2.23606797749979
121, 83, 401, 147, 403, 152, -2, -5, -1.9513027039072615, 5.385164807134504
121, 86, 281, 339, 288, 339, -7, 0, 3.141592653589793, 7.0
121, 88, 115, 247, 119, 248, -4, -1, -2.896613990462929, 4.123105625617661
121, 89, 84, 329, 87, 330, -3, -1, -2.819842099193151, 3.1622776601683795
121, 91, 67, 222, 70, 224, -3, -2, -2.5535900500422257, 3.605551275463989
121, 96, 69, 200, 73, 202, -4, -2, -2.677945044588987, 4.47213595499958
121, 98, 583, 280, 582, 281, 1, -1, -0.7853981633974483, 1.4142135623730951
121, 101, 446, 127, 446, 130, 0, -3, -1.5707963267948966, 3.0
121, 102, 91, 365, 95, 366, -4, -1, -2.896613990462929, 4.123105625617661
121, 104, 73, 333, 76, 333, -3, 0, 3.141592653589793, 3.0
121, 105, 513, 166, 512, 169, 1, -3, -1.2490457723982544, 3.1622776601683795
121, 106, 86, 310, 90, 311, -4, -1, -2.896613990462929, 4.123105625617661
121, 107, 186, 116, 188, 117, -2, -1, -2.677945044588987, 2.23606797749979
121, 108, 255, 367, 260, 367, -5, 0, 3.141592653589793, 5.0
121, 109, 109, 110, 111, 111, -2, -1, -2.677945044588987, 2.23606797749979
121, 110, 60, 270, 62, 270, -2, 0, 3.141592653589793, 2.0
121, 111, 438, 143, 439, 145, -1, -2, -2.0344439357957027, 2.23606797749979
121, 116, 139, 138, 142, 140, -3, -2, -2.5535900500422257, 3.605551275463989
121, 117, 299, 247, 305, 250, -6, -3, -2.677945044588987, 6.708203932499369
121, 118, 578, 150, 578, 152, 0, -2, -1.5707963267948966, 2.0
121, 122, 316, 361, 320, 361, -4, 0, 3.141592653589793, 4.0
121, 124, 304, 223, 306, 224, -2, -1, -2.677945044588987, 2.23606797749979
121, 125, 84, 136, 86, 137, -2, -1, -2.677945044588987, 2.23606797749979
121, 126, 323, 160, 327, 163, -4, -3, -2.498091544796509, 5.0
121, 127, 142, 222, 145, 224, -3, -2, -2.5535900500422257, 3.605551275463989
121, 128, 227, 342, 229, 343, -2, -1, -2.677945044588987, 2.23606797749979
121, 130, 226, 182, 229, 184, -3, -2, -2.5535900500422257, 3.605551275463989
121, 131, 103, 299, 109, 301, -6, -2, -2.819842099193151, 6.324555320336759
121, 132, 175, 248, 181, 251, -6, -3, -2.677945044588987, 6.708203932499369
121, 133, 119, 318, 122, 318, -3, 0, 3.141592653589793, 3.0
121, 134, 182, 217, 186, 218, -4, -1, -2.896613990462929, 4.123105625617661
121, 135, 217, 216, 221, 218, -4, -2, -2.677945044588987, 4.47213595499958
121, 136, 333, 195, 336, 199, -3, -4, -2.214297435588181, 5.0
121, 137, 333, 124, 335, 126, -2, -2, -2.356194490192345, 2.8284271247461903
121, 138, 77, 356, 79, 355, -2, 1, 2.677945044588987, 2.23606797749979
121, 139, 269, 141, 271, 143, -2, -2, -2.356194490192345, 2.8284271247461903
121, 140, 111, 135, 115, 137, -4, -2, -2.677945044588987, 4.47213595499958
121, 141, 93, 120, 95, 120, -2, 0, 3.141592653589793, 2.0
121, 142, 203, 265, 208, 267, -5, -2, -2.761086276477428, 5.385164807134504
121, 144, 183, 194, 189, 198, -6, -4, -2.5535900500422257, 7.211102550927978
121, 147, 300, 150, 305, 154, -5, -4, -2.4668517113662407, 6.4031242374328485
121, 148, 482, 182, 483, 187, -1, -5, -1.7681918866447774, 5.0990195135927845
121, 149, 151, 131, 154, 133, -3, -2, -2.5535900500422257, 3.605551275463989
121, 150, 130, 283, 133, 284, -3, -1, -2.819842099193151, 3.1622776601683795
121, 151, 77, 239, 81, 241, -4, -2, -2.677945044588987, 4.47213595499958
121, 152, 487, 127, 487, 131, 0, -4, -1.5707963267948966, 4.0
121, 153, 71, 107, 73, 108, -2, -1, -2.677945044588987, 2.23606797749979
121, 154, 374, 171, 377, 174, -3, -3, -2.356194490192345, 4.242640687119285
121, 155, 260, 311, 263, 312, -3, -1, -2.819842099193151, 3.1622776601683795
121, 157, 468, 166, 468, 168, 0, -2, -1.5707963267948966, 2.0
121, 158, 79, 160, 82, 162, -3, -2, -2.5535900500422257, 3.605551275463989
121, 160, 250, 222, 254, 224, -4, -2, -2.677945044588987, 4.47213595499958
121, 162, 288, 172, 291, 175, -3, -3, -2.356194490192345, 4.242640687119285
121, 163, 306, 174, 309, 178, -3, -4, -2.214297435588181, 5.0
122, 0, 202, 169, 207, 173, -5, -4, -2.4668517113662407, 6.4031242374328485
122, 3, 50, 250, 52, 252, -2, -2, -2.356194490192345, 2.8284271247461903
122, 5, 564, 119, 563, 120, 1, -1, -0.7853981633974483, 1.4142135623730951
122, 8, 126, 124, 129, 125, -3, -1, -2.819842099193151, 3.1622776601683795
122, 11, 292, 142, 295, 144, -3, -2, -2.5535900500422257, 3.605551275463989
122, 12, 77, 179, 80, 180, -3, -1, -2.819842099193151, 3.1622776601683795
122, 15, 88, 336, 94, 336, -6, 0, 3.141592653589793, 6.0
122, 18, 400, 137, 403, 140, -3, -3, -2.356194490192345, 4.242640687119285
122, 24, 335, 246, 337, 247, -2, -1, -2.677945044588987, 2.23606797749979
122, 27, 243, 147, 247, 149, -4, -2, -2.677945044588987, 4.47213595499958
122, 28, 523, 364, 522, 365, 1, -1, -0.7853981633974483, 1.4142135623730951
122, 30, 189, 292, 195, 293, -6, -1, -2.976443976175166, 6.082762530298219
122, 33, 543, 120, 542, 121, 1, -1, -0.7853981633974483, 1.4142135623730951
122, 34, 356, 366, 359, 367, -3, -1, -2.819842099193151, 3.1622776601683795
122, 36, 268, 306, 270, 307, -2, -1, -2.677945044588987, 2.23606797749979
122, 42, 233, 178, 236, 181, -3, -3, -2.356194490192345, 4.242640687119285
122, 43, 344, 367, 348, 367, -4, 0, 3.141592653589793, 4.0
122, 46, 69, 138, 70, 140, -1, -2, -2.0344439357957027, 2.23606797749979
122, 47, 280, 238, 282, 240, -2, -2, -2.356194490192345, 2.8284271247461903
122, 48, 300, 367, 302, 367, -2, 0, 3.141592653589793, 2.0
122, 49, 580, 176, 580, 179, 0, -3, -1.5707963267948966, 3.0
122, 50, 117, 364, 120, 365, -3, -1, -2.819842099193151, 3.1622776601683795
122, 54, 155, 115, 157, 116, -2, -1, -2.677945044588987, 2.23606797749979
122, 55, 161, 276, 165, 278, -4, -2, -2.677945044588987, 4.47213595499958
122, 58, 196, 136, 198, 137, -2, -1, -2.677945044588987, 2.23606797749979
122, 59, 579, 215, 580, 217, -1, -2, -2.0344439357957027, 2.23606797749979
122, 60, 92, 139, 94, 140, -2, -1, -2.677945044588987, 2.23606797749979
122, 61, 71, 132, 73, 134, -2, -2, -2.356194490192345, 2.8284271247461903
122, 63, 573, 215, 574, 217, -1, -2, -2.0344439357957027, 2.23606797749979
122, 64, 119, 166, 122, 170, -3, -4, -2.214297435588181, 5.0
122, 68, 78, 204, 81, 205, -3, -1, -2.819842099193151, 3.1622776601683795
122, 69, 144, 185, 147, 186, -3, -1, -2.819842099193151, 3.1622776601683795
122, 71, 527, 162, 525, 165, 2, -3, -0.982793723247329, 3.605551275463989
122, 72, 588, 209, 588, 211, 0, -2, -1.5707963267948966, 2.0
122, 73, 95, 349, 100, 349, -5, 0, 3.141592653589793, 5.0
122, 75, 149, 250, 152, 251, -3, -1, -2.819842099193151, 3.1622776601683795
122, 76, 271, 129, 274, 129, -3, 0, 3.141592653589793, 3.0
122, 77, 399, 144, 401, 147, -2, -3, -2.158798930342464, 3.605551275463989
122, 79, 276, 337, 281, 339, -5, -2, -2.761086276477428, 5.385164807134504
122, 80, 111, 246, 115, 247, -4, -1, -2.896613990462929, 4.123105625617661
122, 81, 81, 328, 84, 329, -3, -1, -2.819842099193151, 3.1622776601683795
122, 85, 66, 199, 69, 200, -3, -1, -2.819842099193151, 3.1622776601683795
122, 88, 141, 108, 143, 109, -2, -1, -2.677945044588987, 2.23606797749979
122, 89, 88, 365, 91, 365, -3, 0, 3.141592653589793, 3.0
122, 91, 69, 332, 73, 333, -4, -1, -2.896613990462929, 4.123105625617661
122, 92, 513, 162, 513, 166, 0, -4, -1.5707963267948966, 4.0
122, 93, 81, 309, 86, 310, -5, -1, -2.9441970937399127, 5.0990195135927845
122, 94, 184, 116, 186, 116, -2, 0, 3.141592653589793, 2.0
122, 95, 250, 367, 255, 367, -5, 0, 3.141592653589793, 5.0
122, 98, 438, 141, 438, 143, 0, -2, -1.5707963267948966, 2.0
122, 103, 137, 138, 139, 138, -2, 0, 3.141592653589793, 2.0
122, 104, 295, 247, 299, 247, -4, 0, 3.141592653589793, 4.0
122, 105, 578, 148, 578, 150, 0, -2, -1.5707963267948966, 2.0
122, 108, 311, 360, 316, 361, -5, -1, -2.9441970937399127, 5.0990195135927845
122, 110, 301, 220, 304, 223, -3, -3, -2.356194490192345, 4.242640687119285
122, 111, 82, 135, 84, 136, -2, -1, -2.677945044588987, 2.23606797749979
122, 112, 319, 156, 323, 160, -4, -4, -2.356194490192345, 5.656854249492381
122, 113, 139, 221, 142, 222, -3, -1, -2.819842099193151, 3.1622776601683795
122, 114, 224, 341, 227, 342, -3, -1, -2.819842099193151, 3.1622776601683795
122, 116, 222, 180, 226, 182, -4, -2, -2.677945044588987, 4.47213595499958
122, 117, 102, 295, 103, 299, -1, -4, -1.8157749899217608, 4.123105625617661
122, 118, 174, 245, 175, 248, -1, -3, -1.892546881191539, 3.1622776601683795
122, 119, 116, 317, 119, 318, -3, -1, -2.819842099193151, 3.1622776601683795
122, 120, 178, 215, 182, 217, -4, -2, -2.677945044588987, 4.47213595499958
122, 121, 213, 215, 217, 216, -4, -1, -2.896613990462929, 4.123105625617661
122, 122, 329, 190, 333, 195, -4, -5, -2.2455372690184494, 6.4031242374328485
122, 123, 331, 123, 333, 124, -2, -1, -2.677945044588987, 2.23606797749979
122, 124, 75, 355, 77, 356, -2, -1, -2.677945044588987, 2.23606797749979
122, 125, 267, 140, 269, 141, -2, -1, -2.677945044588987, 2.23606797749979
122, 126, 109, 134, 111, 135, -2, -1, -2.677945044588987, 2.23606797749979
122, 128, 198, 263, 203, 265, -5, -2, -2.761086276477428, 5.385164807134504
122, 130, 176, 191, 183, 194, -7, -3, -2.7367008673047097, 7.615773105863909
122, 133, 296, 148, 300, 150, -4, -2, -2.677945044588987, 4.47213595499958
122, 134, 479, 177, 482, 182, -3, -5, -2.1112158270654806, 5.830951894845301
122, 135, 149, 129, 151, 131, -2, -2, -2.356194490192345, 2.8284271247461903
122, 136, 126, 283, 130, 283, -4, 0, 3.141592653589793, 4.0
122, 137, 74, 238, 77, 239, -3, -1, -2.819842099193151, 3.1622776601683795
122, 138, 486, 125, 487, 127, -1, -2, -2.0344439357957027, 2.23606797749979
122, 140, 371, 167, 374, 171, -3, -4, -2.214297435588181, 5.0
122, 141, 257, 311, 260, 311, -3, 0, 3.141592653589793, 3.0
122, 142, 466, 164, 468, 166, -2, -2, -2.356194490192345, 2.8284271247461903
122, 143, 74, 159, 79, 160, -5, -1, -2.9441970937399127, 5.0990195135927845
122, 145, 247, 220, 250, 222, -3, -2, -2.5535900500422257, 3.605551275463989
122, 147, 286, 170, 288, 172, -2, -2, -2.356194490192345, 2.8284271247461903
122, 148, 303, 171, 306, 174, -3, -3, -2.356194490192345, 4.242640687119285
123, 0, 199, 169, 202, 169, -3, 0, 3.141592653589793, 3.0
123, 7, 124, 124, 126, 124, -2, 0, 3.141592653589793, 2.0
123, 9, 289, 141, 292, 142, -3, -1, -2.819842099193151, 3.1622776601683795
123, 10, 75, 177, 77, 179, -2, -2, -2.356194490192345, 2.8284271247461903
123, 13, 84, 335, 88, 336, -4, -1, -2.896613990462929, 4.123105625617661
123, 14, 356, 262, 357, 264, -1, -2, -2.0344439357957027, 2.23606797749979
123, 21, 331, 244, 335, 246, -4, -2, -2.677945044588987, 4.47213595499958
123, 22, 442, 366, 444, 366, -2, 0, 3.141592653589793, 2.0
123, 24, 240, 146, 243, 147, -3, -1, -2.819842099193151, 3.1622776601683795
123, 26, 185, 291, 189, 292, -4, -1, -2.896613990462929, 4.123105625617661
123, 30, 353, 366, 356, 366, -3, 0, 3.141592653589793, 3.0
123, 32, 265, 306, 268, 306, -3, 0, 3.141592653589793, 3.0
123, 37, 233, 176, 233, 178, 0, -2, -1.5707963267948966, 2.0
123, 38, 341, 367, 344, 367, -3, 0, 3.141592653589793, 3.0
123, 40, 276, 236, 280, 238, -4, -2, -2.677945044588987, 4.47213595499958
123, 41, 297, 366, 300, 367, -3, -1, -2.819842099193151, 3.1622776601683795
123, 42, 579, 173, 580, 176, -1, -3, -1.892546881191539, 3.1622776601683795
123, 43, 114, 363, 117, 364, -3, -1, -2.819842099193151, 3.1622776601683795
123, 44, 363, 131, 365, 131, -2, 0, 3.141592653589793, 2.0
123, 46, 153, 115, 155, 115, -2, 0, 3.141592653589793, 2.0
123, 47, 157, 272, 161, 276, -4, -4, -2.356194490192345, 5.656854249492381
123, 50, 194, 135, 196, 136, -2, -1, -2.677945044588987, 2.23606797749979
123, 51, 578, 212, 579, 215, -1, -3, -1.892546881191539, 3.1622776601683795
123, 52, 90, 138, 92, 139, -2, -1, -2.677945044588987, 2.23606797749979
123, 53, 70, 130, 71, 132, -1, -2, -2.0344439357957027, 2.23606797749979
123, 54, 248, 125, 250, 125, -2, 0, 3.141592653589793, 2.0
123, 55, 572, 213, 573, 215, -1, -2, -2.0344439357957027, 2.23606797749979
123, 56, 114, 166, 119, 166, -5, 0, 3.141592653589793, 5.0
123, 58, 44, 288, 45, 290, -1, -2, -2.0344439357957027, 2.23606797749979
123, 60, 75, 203, 78, 204, -3, -1, -2.819842099193151, 3.1622776601683795
123, 61, 138, 182, 144, 185, -6, -3, -2.677945044588987, 6.708203932499369
123, 62, 62, 167, 63, 169, -1, -2, -2.0344439357957027, 2.23606797749979
123, 64, 91, 349, 95, 349, -4, 0, 3.141592653589793, 4.0
123, 66, 146, 249, 149, 250, -3, -1, -2.819842099193151, 3.1622776601683795
123, 67, 268, 129, 271, 129, -3, 0, 3.141592653589793, 3.0
123, 69, 273, 336, 276, 337, -3, -1, -2.819842099193151, 3.1622776601683795
123, 70, 106, 244, 111, 246, -5, -2, -2.761086276477428, 5.385164807134504
123, 71, 79, 328, 81, 328, -2, 0, 3.141592653589793, 2.0
123, 77, 85, 364, 88, 365, -3, -1, -2.819842099193151, 3.1622776601683795
123, 78, 289, 127, 291, 128, -2, -1, -2.677945044588987, 2.23606797749979
123, 79, 67, 331, 69, 332, -2, -1, -2.677945044588987, 2.23606797749979
123, 80, 514, 157, 513, 162, 1, -5, -1.373400766945016, 5.0990195135927845
123, 81, 75, 308, 81, 309, -6, -1, -2.976443976175166, 6.082762530298219
123, 82, 181, 117, 184, 116, -3, 1, 2.819842099193151, 3.1622776601683795
123, 83, 248, 367, 250, 367, -2, 0, 3.141592653589793, 2.0
123, 84, 106, 109, 108, 110, -2, -1, -2.677945044588987, 2.23606797749979
123, 86, 437, 139, 438, 141, -1, -2, -2.0344439357957027, 2.23606797749979
123, 88, 575, 278, 574, 279, 1, -1, -0.7853981633974483, 1.4142135623730951
123, 89, 134, 138, 137, 138, -3, 0, 3.141592653589793, 3.0
123, 90, 293, 246, 295, 247, -2, -1, -2.677945044588987, 2.23606797749979
123, 91, 577, 146, 578, 148, -1, -2, -2.0344439357957027, 2.23606797749979
123, 94, 307, 360, 311, 360, -4, 0, 3.141592653589793, 4.0
123, 96, 298, 218, 301, 220, -3, -2, -2.5535900500422257, 3.605551275463989
123, 97, 80, 134, 82, 135, -2, -1, -2.677945044588987, 2.23606797749979
123, 98, 315, 153, 319, 156, -4, -3, -2.498091544796509, 5.0
123, 99, 135, 219, 139, 221, -4, -2, -2.677945044588987, 4.47213595499958
123, 100, 221, 339, 224, 341, -3, -2, -2.5535900500422257, 3.605551275463989
123, 102, 217, 177, 222, 180, -5, -3, -2.601173153319209, 5.830951894845301
123, 104, 113, 317, 116, 317, -3, 0, 3.141592653589793, 3.0
123, 105, 174, 213, 178, 215, -4, -2, -2.677945044588987, 4.47213595499958
123, 106, 207, 213, 213, 215, -6, -2, -2.819842099193151, 6.324555320336759
123, 107, 326, 185, 329, 190, -3, -5, -2.1112158270654806, 5.830951894845301
123, 109, 193, 260, 198, 263, -5, -3, -2.601173153319209, 5.830951894845301
123, 111, 171, 188, 176, 191, -5, -3, -2.601173153319209, 5.830951894845301
123, 114, 293, 146, 296, 148, -3, -2, -2.5535900500422257, 3.605551275463989
123, 115, 479, 174, 479, 177, 0, -3, -1.5707963267948966, 3.0
123, 117, 122, 281, 126, 283, -4, -2, -2.677945044588987, 4.47213595499958
123, 118, 70, 236, 74, 238, -4, -2, -2.677945044588987, 4.47213595499958
123, 120, 367, 163, 371, 167, -4, -4, -2.356194490192345, 5.656854249492381
123, 121, 255, 311, 257, 311, -2, 0, 3.141592653589793, 2.0
123, 122, 466, 162, 466, 164, 0, -2, -1.5707963267948966, 2.0
123, 125, 244, 218, 247, 220, -3, -2, -2.5535900500422257, 3.605551275463989
123, 126, 285, 167, 286, 170, -1, -3, -1.892546881191539, 3.1622776601683795
123, 127, 301, 169, 303, 171, -2, -2, -2.356194490192345, 2.8284271247461903
124, 0, 197, 169, 199, 169, -2, 0, 3.141592653589793, 2.0
124, 7, 122, 124, 124, 124, -2, 0, 3.141592653589793, 2.0
124, 9, 286, 141, 289, 141, -3, 0, 3.141592653589793, 3.0
124, 13, 354, 262, 356, 262, -2, 0, 3.141592653589793, 2.0
124, 18, 343, 130, 345, 131, -2, -1, -2.677945044588987, 2.23606797749979
124, 20, 327, 243, 331, 244, -4, -1, -2.896613990462929, 4.123105625617661
124, 21, 440, 366, 442, 366, -2, 0, 3.141592653589793, 2.0
124, 23, 237, 144, 240, 146, -3, -2, -2.5535900500422257, 3.605551275463989
124, 25, 180, 291, 185, 291, -5, 0, 3.141592653589793, 5.0
124, 29, 349, 366, 353, 366, -4, 0, 3.141592653589793, 4.0
124, 31, 262, 306, 265, 306, -3, 0, 3.141592653589793, 3.0
124, 35, 229, 173, 233, 176, -4, -3, -2.498091544796509, 5.0
124, 36, 337, 366, 341, 367, -4, -1, -2.896613990462929, 4.123105625617661
124, 38, 274, 234, 276, 236, -2, -2, -2.356194490192345, 2.8284271247461903
124, 39, 294, 366, 297, 366, -3, 0, 3.141592653589793, 3.0
124, 41, 111, 362, 114, 363, -3, -1, -2.819842099193151, 3.1622776601683795
124, 44, 151, 114, 153, 115, -2, -1, -2.677945044588987, 2.23606797749979
124, 45, 151, 271, 157, 272, -6, -1, -2.976443976175166, 6.082762530298219
124, 48, 192, 135, 194, 135, -2, 0, 3.141592653589793, 2.0
124, 49, 578, 209, 578, 212, 0, -3, -1.5707963267948966, 3.0
124, 50, 88, 137, 90, 138, -2, -1, -2.677945044588987, 2.23606797749979
124, 53, 73, 202, 75, 203, -2, -1, -2.677945044588987, 2.23606797749979
124, 54, 133, 180, 138, 182, -5, -2, -2.761086276477428, 5.385164807134504
124, 55, 61, 165, 62, 167, -1, -2, -2.0344439357957027, 2.23606797749979
124, 56, 528, 159, 528, 162, 0, -3, -1.5707963267948966, 3.0
124, 57, 87, 346, 91, 349, -4, -3, -2.498091544796509, 5.0
124, 58, 144, 248, 146, 249, -2, -1, -2.677945044588987, 2.23606797749979
124, 59, 266, 128, 268, 129, -2, -1, -2.677945044588987, 2.23606797749979
124, 61, 268, 335, 273, 336, -5, -1, -2.9441970937399127, 5.0990195135927845
124, 62, 101, 242, 106, 244, -5, -2, -2.761086276477428, 5.385164807134504
124, 63, 76, 326, 79, 328, -3, -2, -2.5535900500422257, 3.605551275463989
124, 67, 584, 277, 583, 278, 1, -1, -0.7853981633974483, 1.4142135623730951
124, 68, 138, 107, 140, 108, -2, -1, -2.677945044588987, 2.23606797749979
124, 69, 83, 363, 85, 364, -2, -1, -2.677945044588987, 2.23606797749979
124, 70, 64, 331, 67, 331, -3, 0, 3.141592653589793, 3.0
124, 71, 515, 151, 514, 157, 1, -6, -1.4056476493802699, 6.082762530298219
124, 72, 72, 308, 75, 308, -3, 0, 3.141592653589793, 3.0
124, 73, 179, 116, 181, 117, -2, -1, -2.677945044588987, 2.23606797749979
124, 74, 245, 366, 248, 367, -3, -1, -2.819842099193151, 3.1622776601683795
124, 75, 104, 109, 106, 109, -2, 0, 3.141592653589793, 2.0
124, 78, 131, 138, 134, 138, -3, 0, 3.141592653589793, 3.0
124, 79, 289, 247, 293, 246, -4, 1, 2.896613990462929, 4.123105625617661
124, 82, 305, 361, 307, 360, -2, 1, 2.677945044588987, 2.23606797749979
124, 84, 295, 215, 298, 218, -3, -3, -2.356194490192345, 4.242640687119285
124, 85, 311, 151, 315, 153, -4, -2, -2.677945044588987, 4.47213595499958
124, 86, 131, 217, 135, 219, -4, -2, -2.677945044588987, 4.47213595499958
124, 87, 218, 338, 221, 339, -3, -1, -2.819842099193151, 3.1622776601683795
124, 89, 214, 174, 217, 177, -3, -3, -2.356194490192345, 4.242640687119285
124, 90, 100, 291, 102, 294, -2, -3, -2.158798930342464, 3.605551275463989
124, 92, 169, 211, 174, 213, -5, -2, -2.761086276477428, 5.385164807134504
124, 93, 202, 213, 207, 213, -5, 0, 3.141592653589793, 5.0
124, 94, 323, 182, 326, 185, -3, -3, -2.356194490192345, 4.242640687119285
124, 96, 192, 257, 193, 260, -1, -3, -1.892546881191539, 3.1622776601683795
124, 98, 167, 185, 171, 188, -4, -3, -2.498091544796509, 5.0
124, 100, 290, 144, 293, 146, -3, -2, -2.5535900500422257, 3.605551275463989
124, 101, 483, 171, 479, 174, 4, -3, -0.6435011087932844, 5.0
124, 102, 146, 129, 148, 129, -2, 0, 3.141592653589793, 2.0
124, 103, 118, 281, 122, 281, -4, 0, 3.141592653589793, 4.0
124, 104, 66, 235, 70, 236, -4, -1, -2.896613990462929, 4.123105625617661
124, 106, 366, 160, 367, 163, -1, -3, -1.892546881191539, 3.1622776601683795
124, 107, 466, 159, 466, 162, 0, -3, -1.5707963267948966, 3.0
124, 108, 73, 156, 74, 158, -1, -2, -2.0344439357957027, 2.23606797749979
124, 110, 239, 215, 244, 218, -5, -3, -2.601173153319209, 5.830951894845301
124, 111, 281, 162, 285, 167, -4, -5, -2.2455372690184494, 6.4031242374328485
124, 112, 300, 167, 301, 169, -1, -2, -2.0344439357957027, 2.23606797749979
125, 2, 524, 365, 523, 366, 1, -1, -0.7853981633974483, 1.4142135623730951
125, 6, 293, 146, 296, 147, -3, -1, -2.819842099193151, 3.1622776601683795
125, 11, 170, 117, 172, 118, -2, -1, -2.677945044588987, 2.23606797749979
125, 12, 183, 288, 189, 290, -6, -2, -2.819842099193151, 6.324555320336759
125, 13, 74, 178, 78, 180, -4, -2, -2.677945044588987, 4.47213595499958
125, 15, 401, 138, 401, 140, 0, -2, -1.5707963267948966, 2.0
125, 16, 200, 169, 205, 173, -5, -4, -2.4668517113662407, 6.4031242374328485
125, 22, 125, 126, 127, 126, -2, 0, 3.141592653589793, 2.0
125, 29, 81, 334, 86, 335, -5, -1, -2.9441970937399127, 5.0990195135927845
125, 33, 580, 176, 580, 178, 0, -2, -1.5707963267948966, 2.0
125, 37, 64, 143, 63, 144, 1, -1, -0.7853981633974483, 1.4142135623730951
125, 39, 329, 240, 333, 243, -4, -3, -2.498091544796509, 5.0
125, 40, 344, 258, 346, 258, -2, 0, 3.141592653589793, 2.0
125, 42, 73, 138, 74, 140, -1, -2, -2.0344439357957027, 2.23606797749979
125, 44, 342, 367, 347, 368, -5, -1, -2.9441970937399127, 5.0990195135927845
125, 45, 228, 177, 235, 181, -7, -4, -2.62244653934327, 8.06225774829855
125, 47, 273, 118, 275, 118, -2, 0, 3.141592653589793, 2.0
125, 49, 331, 123, 333, 124, -2, -1, -2.677945044588987, 2.23606797749979
125, 50, 293, 368, 299, 369, -6, -1, -2.976443976175166, 6.082762530298219
125, 56, 86, 364, 89, 365, -3, -1, -2.819842099193151, 3.1622776601683795
125, 61, 139, 142, 140, 141, -1, 1, 2.356194490192345, 1.4142135623730951
125, 63, 68, 198, 70, 200, -2, -2, -2.356194490192345, 2.8284271247461903
125, 64, 258, 305, 265, 306, -7, -1, -2.999695598985629, 7.0710678118654755
125, 65, 442, 368, 445, 369, -3, -1, -2.819842099193151, 3.1622776601683795
125, 67, 318, 119, 320, 119, -2, 0, 3.141592653589793, 2.0
125, 69, 140, 249, 147, 252, -7, -3, -2.7367008673047097, 7.615773105863909
125, 70, 242, 146, 247, 151, -5, -5, -2.356194490192345, 7.0710678118654755
125, 71, 108, 111, 110, 111, -2, 0, 3.141592653589793, 2.0
125, 73, 153, 117, 157, 118, -4, -1, -2.896613990462929, 4.123105625617661
125, 76, 364, 133, 366, 133, -2, 0, 3.141592653589793, 2.0
125, 77, 93, 143, 95, 143, -2, 0, 3.141592653589793, 2.0
125, 80, 576, 210, 577, 213, -1, -3, -1.892546881191539, 3.1622776601683795
125, 81, 586, 280, 585, 281, 1, -1, -0.7853981633974483, 1.4142135623730951
125, 84, 273, 235, 278, 238, -5, -3, -2.601173153319209, 5.830951894845301
125, 88, 522, 150, 521, 156, 1, -6, -1.4056476493802699, 6.082762530298219
125, 90, 119, 282, 123, 283, -4, -1, -2.896613990462929, 4.123105625617661
125, 93, 375, 161, 377, 166, -2, -5, -1.9513027039072615, 5.385164807134504
125, 95, 69, 234, 72, 236, -3, -2, -2.5535900500422257, 3.605551275463989
125, 96, 107, 135, 109, 135, -2, 0, 3.141592653589793, 2.0
125, 97, 113, 363, 116, 364, -3, -1, -2.819842099193151, 3.1622776601683795
125, 98, 155, 280, 163, 281, -8, -1, -3.017237659043032, 8.06225774829855
125, 102, 577, 279, 576, 280, 1, -1, -0.7853981633974483, 1.4142135623730951
125, 104, 176, 274, 179, 275, -3, -1, -2.819842099193151, 3.1622776601683795
125, 105, 356, 366, 359, 367, -3, -1, -2.819842099193151, 3.1622776601683795
125, 111, 113, 170, 120, 173, -7, -3, -2.7367008673047097, 7.615773105863909
125, 112, 580, 250, 582, 252, -2, -2, -2.356194490192345, 2.8284271247461903
125, 114, 75, 131, 77, 132, -2, -1, -2.677945044588987, 2.23606797749979
125, 115, 196, 135, 198, 135, -2, 0, 3.141592653589793, 2.0
125, 119, 255, 144, 258, 145, -3, -1, -2.819842099193151, 3.1622776601683795
125, 120, 507, 132, 508, 131, -1, 1, 2.356194490192345, 1.4142135623730951
125, 121, 183, 119, 185, 119, -2, 0, 3.141592653589793, 2.0
125, 122, 332, 191, 335, 195, -3, -4, -2.214297435588181, 5.0
125, 124, 294, 243, 298, 246, -4, -3, -2.498091544796509, 5.0
125, 125, 210, 311, 214, 313, -4, -2, -2.677945044588987, 4.47213595499958
125, 128, 141, 110, 143, 110, -2, 0, 3.141592653589793, 2.0
125, 130, 106, 245, 111, 246, -5, -1, -2.9441970937399127, 5.0990195135927845
125, 133, 107, 317, 110, 318, -3, -1, -2.819842099193151, 3.1622776601683795
125, 134, 91, 349, 95, 350, -4, -1, -2.896613990462929, 4.123105625617661
125, 136, 247, 368, 253, 368, -6, 0, 3.141592653589793, 6.0
125, 137, 167, 248, 172, 250, -5, -2, -2.761086276477428, 5.385164807134504
125, 139, 138, 183, 143, 186, -5, -3, -2.601173153319209, 5.830951894845301
125, 140, 208, 214, 211, 216, -3, -2, -2.5535900500422257, 3.605551275463989
125, 143, 63, 169, 64, 171, -1, -2, -2.0344439357957027, 2.23606797749979
125, 144, 191, 262, 196, 264, -5, -2, -2.761086276477428, 5.385164807134504
125, 145, 173, 189, 179, 193, -6, -4, -2.5535900500422257, 7.211102550927978
125, 147, 92, 332, 97, 332, -5, 0, 3.141592653589793, 5.0
125, 148, 214, 176, 217, 178, -3, -2, -2.5535900500422257, 3.605551275463989
125, 149, 484, 171, 484, 178, 0, -7, -1.5707963267948966, 7.0
125, 151, 214, 341, 217, 343, -3, -2, -2.5535900500422257, 3.605551275463989
125, 153, 414, 158, 416, 162, -2, -4, -2.0344439357957027, 4.47213595499958
125, 155, 288, 213, 291, 216, -3, -3, -2.356194490192345, 4.242640687119285
125, 156, 106, 342, 109, 343, -3, -1, -2.819842099193151, 3.1622776601683795
125, 157, 74, 308, 78, 309, -4, -1, -2.896613990462929, 4.123105625617661
125, 159, 298, 165, 301, 169, -3, -4, -2.214297435588181, 5.0
125, 161, 463, 152, 465, 154, -2, -2, -2.356194490192345, 2.8284271247461903
125, 163, 157, 178, 161, 180, -4, -2, -2.677945044588987, 4.47213595499958
125, 164, 431, 135, 433, 137, -2, -2, -2.356194490192345, 2.8284271247461903
126, 1, 525, 364, 524, 365, 1, -1, -0.7853981633974483, 1.4142135623730951
126, 4, 290, 146, 293, 146, -3, 0, 3.141592653589793, 3.0
126, 8, 168, 117, 170, 117, -2, 0, 3.141592653589793, 2.0
126, 9, 176, 287, 183, 288, -7, -1, -2.999695598985629, 7.0710678118654755
126, 10, 71, 176, 74, 178, -3, -2, -2.5535900500422257, 3.605551275463989
126, 13, 195, 165, 200, 169, -5, -4, -2.4668517113662407, 6.4031242374328485
126, 17, 302, 113, 304, 114, -2, -1, -2.677945044588987, 2.23606797749979
126, 19, 123, 126, 125, 126, -2, 0, 3.141592653589793, 2.0
126, 21, 464, 122, 466, 124, -2, -2, -2.356194490192345, 2.8284271247461903
126, 23, 520, 117, 521, 119, -1, -2, -2.0344439357957027, 2.23606797749979
126, 25, 77, 333, 81, 334, -4, -1, -2.896613990462929, 4.123105625617661
126, 29, 580, 174, 580, 176, 0, -2, -1.5707963267948966, 2.0
126, 32, 326, 237, 329, 240, -3, -3, -2.356194490192345, 4.242640687119285
126, 33, 341, 255, 344, 258, -3, -3, -2.356194490192345, 4.242640687119285
126, 36, 339, 366, 342, 367, -3, -1, -2.819842099193151, 3.1622776601683795
126, 37, 222, 173, 228, 177, -6, -4, -2.5535900500422257, 7.211102550927978
126, 40, 215, 120, 217, 121, -2, -1, -2.677945044588987, 2.23606797749979
126, 41, 329, 122, 331, 123, -2, -1, -2.677945044588987, 2.23606797749979
126, 42, 287, 367, 293, 368, -6, -1, -2.976443976175166, 6.082762530298219
126, 50, 136, 142, 139, 142, -3, 0, 3.141592653589793, 3.0
126, 52, 252, 304, 258, 305, -6, -1, -2.976443976175166, 6.082762530298219
126, 53, 440, 367, 442, 368, -2, -1, -2.677945044588987, 2.23606797749979
126, 55, 316, 118, 318, 119, -2, -1, -2.677945044588987, 2.23606797749979
126, 57, 137, 248, 140, 249, -3, -1, -2.819842099193151, 3.1622776601683795
126, 58, 237, 141, 242, 146, -5, -5, -2.356194490192345, 7.0710678118654755
126, 59, 106, 111, 108, 111, -2, 0, 3.141592653589793, 2.0
126, 60, 408, 108, 407, 109, 1, -1, -0.7853981633974483, 1.4142135623730951
126, 62, 590, 211, 590, 213, 0, -2, -1.5707963267948966, 2.0
126, 64, 362, 133, 364, 133, -2, 0, 3.141592653589793, 2.0
126, 68, 575, 208, 576, 210, -1, -2, -2.0344439357957027, 2.23606797749979
126, 72, 267, 231, 273, 235, -6, -4, -2.5535900500422257, 7.211102550927978
126, 74, 523, 145, 522, 150, 1, -5, -1.373400766945016, 5.0990195135927845
126, 76, 114, 281, 119, 282, -5, -1, -2.9441970937399127, 5.0990195135927845
126, 79, 371, 156, 375, 161, -4, -5, -2.2455372690184494, 6.4031242374328485
126, 81, 66, 232, 69, 234, -3, -2, -2.5535900500422257, 3.605551275463989
126, 82, 106, 136, 107, 135, -1, 1, 2.356194490192345, 1.4142135623730951
126, 83, 109, 362, 113, 363, -4, -1, -2.896613990462929, 4.123105625617661
126, 84, 149, 278, 155, 280, -6, -2, -2.819842099193151, 6.324555320336759
126, 88, 173, 273, 176, 274, -3, -1, -2.819842099193151, 3.1622776601683795
126, 89, 353, 365, 356, 366, -3, -1, -2.819842099193151, 3.1622776601683795
126, 92, 288, 129, 290, 130, -2, -1, -2.677945044588987, 2.23606797749979
126, 93, 105, 166, 113, 170, -8, -4, -2.677945044588987, 8.94427190999916
126, 94, 579, 248, 580, 250, -1, -2, -2.0344439357957027, 2.23606797749979
126, 96, 194, 135, 196, 135, -2, 0, 3.141592653589793, 2.0
126, 100, 252, 143, 255, 144, -3, -1, -2.819842099193151, 3.1622776601683795
126, 102, 181, 119, 183, 119, -2, 0, 3.141592653589793, 2.0
126, 103, 328, 185, 332, 191, -4, -6, -2.158798930342464, 7.211102550927978
126, 105, 290, 240, 294, 243, -4, -3, -2.498091544796509, 5.0
126, 106, 206, 310, 210, 311, -4, -1, -2.896613990462929, 4.123105625617661
126, 108, 139, 110, 141, 110, -2, 0, 3.141592653589793, 2.0
126, 109, 103, 245, 106, 245, -3, 0, 3.141592653589793, 3.0
126, 111, 104, 316, 107, 317, -3, -1, -2.819842099193151, 3.1622776601683795
126, 112, 87, 349, 91, 349, -4, 0, 3.141592653589793, 4.0
126, 114, 242, 368, 247, 368, -5, 0, 3.141592653589793, 5.0
126, 115, 162, 246, 167, 248, -5, -2, -2.761086276477428, 5.385164807134504
126, 116, 134, 182, 138, 183, -4, -1, -2.896613990462929, 4.123105625617661
126, 117, 205, 212, 208, 214, -3, -2, -2.5535900500422257, 3.605551275463989
126, 119, 185, 260, 191, 262, -6, -2, -2.819842099193151, 6.324555320336759
126, 120, 167, 185, 173, 189, -6, -4, -2.5535900500422257, 7.211102550927978
126, 122, 87, 331, 92, 332, -5, -1, -2.9441970937399127, 5.0990195135927845
126, 123, 209, 173, 214, 176, -5, -3, -2.601173153319209, 5.830951894845301
126, 124, 485, 165, 484, 171, 1, -6, -1.4056476493802699, 6.082762530298219
126, 126, 212, 339, 214, 341, -2, -2, -2.356194490192345, 2.8284271247461903
126, 128, 413, 154, 414, 158, -1, -4, -1.8157749899217608, 4.123105625617661
126, 129, 285, 209, 288, 213, -3, -4, -2.214297435588181, 5.0
126, 130, 103, 341, 106, 342, -3, -1, -2.819842099193151, 3.1622776601683795
126, 131, 69, 307, 74, 308, -5, -1, -2.9441970937399127, 5.0990195135927845
126, 133, 294, 161, 298, 165, -4, -4, -2.356194490192345, 5.656854249492381
126, 135, 463, 150, 463, 152, 0, -2, -1.5707963267948966, 2.0
126, 136, 154, 176, 157, 178, -3, -2, -2.5535900500422257, 3.605551275463989
126, 137, 430, 133, 431, 135, -1, -2, -2.0344439357957027, 2.23606797749979
127, 4, 288, 145, 290, 146, -2, -1, -2.677945044588987, 2.23606797749979
127, 7, 166, 116, 168, 117, -2, -1, -2.677945044588987, 2.23606797749979
127, 8, 173, 284, 176, 287, -3, -3, -2.356194490192345, 4.242640687119285
127, 9, 69, 175, 71, 176, -2, -1, -2.677945044588987, 2.23606797749979
127, 12, 192, 163, 195, 165, -3, -2, -2.5535900500422257, 3.605551275463989
127, 18, 121, 125, 123, 126, -2, -1, -2.677945044588987, 2.23606797749979
127, 21, 75, 333, 77, 333, -2, 0, 3.141592653589793, 2.0
127, 24, 580, 172, 580, 174, 0, -2, -1.5707963267948966, 2.0
127, 25, 322, 235, 326, 237, -4, -2, -2.677945044588987, 4.47213595499958
127, 26, 339, 254, 341, 255, -2, -1, -2.677945044588987, 2.23606797749979
127, 28, 336, 365, 339, 366, -3, -1, -2.819842099193151, 3.1622776601683795
127, 29, 219, 172, 222, 173, -3, -1, -2.819842099193151, 3.1622776601683795
127, 31, 270, 117, 272, 118, -2, -1, -2.677945044588987, 2.23606797749979
127, 34, 283, 367, 287, 367, -4, 0, 3.141592653589793, 4.0
127, 43, 247, 304, 252, 304, -5, 0, 3.141592653589793, 5.0
127, 44, 437, 367, 440, 367, -3, 0, 3.141592653589793, 3.0
127, 48, 133, 247, 137, 248, -4, -1, -2.896613990462929, 4.123105625617661
127, 49, 233, 139, 237, 141, -4, -2, -2.677945044588987, 4.47213595499958
127, 50, 104, 110, 106, 111, -2, -1, -2.677945044588987, 2.23606797749979
127, 51, 150, 116, 152, 117, -2, -1, -2.677945044588987, 2.23606797749979
127, 54, 358, 131, 362, 133, -4, -2, -2.677945044588987, 4.47213595499958
127, 57, 573, 206, 575, 208, -2, -2, -2.356194490192345, 2.8284271247461903
127, 58, 587, 278, 586, 279, 1, -1, -0.7853981633974483, 1.4142135623730951
127, 60, 264, 230, 267, 231, -3, -1, -2.819842099193151, 3.1622776601683795
127, 61, 523, 140, 523, 145, 0, -5, -1.5707963267948966, 5.0
127, 63, 108, 280, 114, 281, -6, -1, -2.976443976175166, 6.082762530298219
127, 66, 367, 151, 371, 156, -4, -5, -2.2455372690184494, 6.4031242374328485
127, 69, 106, 362, 109, 362, -3, 0, 3.141592653589793, 3.0
127, 70, 147, 278, 149, 278, -2, 0, 3.141592653589793, 2.0
127, 72, 578, 276, 577, 278, 1, -2, -1.1071487177940904, 2.23606797749979
127, 73, 170, 272, 173, 273, -3, -1, -2.819842099193151, 3.1622776601683795
127, 74, 350, 364, 353, 365, -3, -1, -2.819842099193151, 3.1622776601683795
127, 77, 100, 164, 105, 166, -5, -2, -2.761086276477428, 5.385164807134504
127, 78, 578, 246, 579, 248, -1, -2, -2.0344439357957027, 2.23606797749979
127, 79, 269, 127, 271, 127, -2, 0, 3.141592653589793, 2.0
127, 80, 192, 135, 194, 135, -2, 0, 3.141592653589793, 2.0
127, 83, 249, 142, 252, 143, -3, -1, -2.819842099193151, 3.1622776601683795
127, 85, 179, 119, 181, 119, -2, 0, 3.141592653589793, 2.0
127, 86, 324, 181, 328, 185, -4, -4, -2.356194490192345, 5.656854249492381
127, 87, 284, 237, 290, 240, -6, -3, -2.677945044588987, 6.708203932499369
127, 88, 202, 308, 206, 310, -4, -2, -2.677945044588987, 4.47213595499958
127, 91, 100, 244, 103, 245, -3, -1, -2.819842099193151, 3.1622776601683795
127, 93, 101, 316, 104, 316, -3, 0, 3.141592653589793, 3.0
127, 94, 85, 349, 87, 349, -2, 0, 3.141592653589793, 2.0
127, 96, 236, 367, 242, 368, -6, -1, -2.976443976175166, 6.082762530298219
127, 97, 156, 244, 162, 246, -6, -2, -2.819842099193151, 6.324555320336759
127, 98, 130, 181, 134, 182, -4, -1, -2.896613990462929, 4.123105625617661
127, 99, 201, 210, 205, 212, -4, -2, -2.677945044588987, 4.47213595499958
127, 101, 179, 258, 185, 260, -6, -2, -2.819842099193151, 6.324555320336759
127, 102, 164, 183, 167, 185, -3, -2, -2.5535900500422257, 3.605551275463989
127, 104, 83, 330, 87, 331, -4, -1, -2.896613990462929, 4.123105625617661
127, 105, 204, 171, 209, 173, -5, -2, -2.761086276477428, 5.385164807134504
127, 106, 484, 161, 485, 165, -1, -4, -1.8157749899217608, 4.123105625617661
127, 110, 411, 149, 413, 154, -2, -5, -1.9513027039072615, 5.385164807134504
127, 111, 285, 206, 285, 209, 0, -3, -1.5707963267948966, 3.0
127, 113, 66, 307, 69, 307, -3, 0, 3.141592653589793, 3.0
127, 115, 289, 157, 294, 161, -5, -4, -2.4668517113662407, 6.4031242374328485
127, 116, 463, 148, 463, 150, 0, -2, -1.5707963267948966, 2.0
127, 117, 150, 175, 154, 176, -4, -1, -2.896613990462929, 4.123105625617661
128, 2, 508, 113, 508, 115, 0, -2, -1.5707963267948966, 2.0
128, 4, 286, 144, 288, 145, -2, -1, -2.677945044588987, 2.23606797749979
128, 7, 171, 283, 173, 284, -2, -1, -2.677945044588987, 2.23606797749979
128, 8, 68, 173, 69, 175, -1, -2, -2.0344439357957027, 2.23606797749979
128, 10, 188, 160, 192, 163, -4, -3, -2.498091544796509, 5.0
128, 15, 119, 124, 121, 125, -2, -1, -2.677945044588987, 2.23606797749979
128, 20, 580, 169, 580, 172, 0, -3, -1.5707963267948966, 3.0
128, 21, 320, 232, 322, 235, -2, -3, -2.158798930342464, 3.605551275463989
128, 22, 334, 364, 336, 365, -2, -1, -2.677945044588987, 2.23606797749979
128, 23, 216, 170, 219, 172, -3, -2, -2.5535900500422257, 3.605551275463989
128, 26, 212, 119, 214, 120, -2, -1, -2.677945044588987, 2.23606797749979
128, 27, 279, 367, 283, 367, -4, 0, 3.141592653589793, 4.0
128, 30, 82, 364, 84, 364, -2, 0, 3.141592653589793, 2.0
128, 34, 244, 304, 247, 304, -3, 0, 3.141592653589793, 3.0
128, 35, 435, 366, 437, 367, -2, -1, -2.677945044588987, 2.23606797749979
128, 37, 313, 118, 315, 118, -2, 0, 3.141592653589793, 2.0
128, 38, 131, 247, 133, 247, -2, 0, 3.141592653589793, 2.0
128, 39, 230, 138, 233, 139, -3, -1, -2.819842099193151, 3.1622776601683795
128, 41, 148, 116, 150, 116, -2, 0, 3.141592653589793, 2.0
128, 42, 590, 208, 590, 210, 0, -2, -1.5707963267948966, 2.0
128, 43, 356, 130, 358, 131, -2, -1, -2.677945044588987, 2.23606797749979
128, 44, 89, 143, 91, 143, -2, 0, 3.141592653589793, 2.0
128, 46, 573, 204, 573, 206, 0, -2, -1.5707963267948966, 2.0
128, 47, 588, 276, 587, 278, 1, -2, -1.1071487177940904, 2.23606797749979
128, 49, 260, 231, 264, 230, -4, 1, 2.896613990462929, 4.123105625617661
128, 50, 523, 137, 523, 140, 0, -3, -1.5707963267948966, 3.0
128, 52, 106, 280, 108, 280, -2, 0, 3.141592653589793, 2.0
128, 54, 363, 149, 367, 151, -4, -2, -2.677945044588987, 4.47213595499958
128, 56, 103, 136, 105, 136, -2, 0, 3.141592653589793, 2.0
128, 57, 103, 361, 106, 362, -3, -1, -2.819842099193151, 3.1622776601683795
128, 58, 144, 277, 147, 278, -3, -1, -2.819842099193151, 3.1622776601683795
128, 60, 579, 275, 578, 276, 1, -1, -0.7853981633974483, 1.4142135623730951
128, 61, 167, 271, 170, 272, -3, -1, -2.819842099193151, 3.1622776601683795
128, 62, 348, 363, 350, 364, -2, -1, -2.677945044588987, 2.23606797749979
128, 66, 577, 244, 578, 246, -1, -2, -2.0344439357957027, 2.23606797749979
128, 67, 267, 127, 269, 127, -2, 0, 3.141592653589793, 2.0
128, 68, 190, 134, 192, 135, -2, -1, -2.677945044588987, 2.23606797749979
128, 71, 246, 141, 249, 142, -3, -1, -2.819842099193151, 3.1622776601683795
128, 74, 321, 178, 324, 181, -3, -3, -2.356194490192345, 4.242640687119285
128, 75, 279, 235, 284, 237, -5, -2, -2.761086276477428, 5.385164807134504
128, 78, 96, 243, 100, 244, -4, -1, -2.896613990462929, 4.123105625617661
128, 80, 99, 317, 101, 316, -2, 1, 2.677945044588987, 2.23606797749979
128, 81, 83, 349, 85, 349, -2, 0, 3.141592653589793, 2.0
128, 83, 234, 367, 236, 367, -2, 0, 3.141592653589793, 2.0
128, 84, 152, 242, 156, 244, -4, -2, -2.677945044588987, 4.47213595499958
128, 85, 125, 179, 130, 181, -5, -2, -2.761086276477428, 5.385164807134504
128, 86, 196, 208, 201, 210, -5, -2, -2.761086276477428, 5.385164807134504
128, 88, 175, 257, 179, 258, -4, -1, -2.896613990462929, 4.123105625617661
128, 89, 161, 181, 164, 183, -3, -2, -2.5535900500422257, 3.605551275463989
128, 91, 81, 330, 83, 330, -2, 0, 3.141592653589793, 2.0
128, 92, 199, 169, 204, 171, -5, -2, -2.761086276477428, 5.385164807134504
128, 93, 483, 157, 484, 161, -1, -4, -1.8157749899217608, 4.123105625617661
128, 94, 207, 338, 212, 339, -5, -1, -2.9441970937399127, 5.0990195135927845
128, 96, 409, 146, 411, 149, -2, -3, -2.158798930342464, 3.605551275463989
128, 97, 284, 204, 285, 206, -1, -2, -2.0344439357957027, 2.23606797749979
128, 98, 101, 339, 103, 340, -2, -1, -2.677945044588987, 2.23606797749979
128, 101, 285, 159, 289, 157, -4, 2, 2.677945044588987, 4.47213595499958
128, 102, 463, 145, 463, 148, 0, -3, -1.5707963267948966, 3.0
128, 103, 146, 174, 150, 175, -4, -1, -2.896613990462929, 4.123105625617661
128, 104, 428, 132, 430, 133, -2, -1, -2.677945044588987, 2.23606797749979
129, 1, 528, 363, 526, 364, 2, -1, -0.4636476090008061, 2.23606797749979
129, 3, 284, 143, 286, 144, -2, -1, -2.677945044588987, 2.23606797749979
129, 6, 172, 278, 171, 283, 1, -5, -1.373400766945016, 5.0990195135927845
129, 7, 68, 171, 68, 173, 0, -2, -1.5707963267948966, 2.0
129, 9, 184, 159, 188, 160, -4, -1, -2.896613990462929, 4.123105625617661
129, 13, 117, 124, 119, 124, -2, 0, 3.141592653589793, 2.0
129, 17, 579, 167, 580, 169, -1, -2, -2.0344439357957027, 2.23606797749979
129, 18, 318, 230, 320, 232, -2, -2, -2.356194490192345, 2.8284271247461903
129, 19, 332, 363, 334, 364, -2, -1, -2.677945044588987, 2.23606797749979
129, 20, 213, 169, 216, 170, -3, -1, -2.819842099193151, 3.1622776601683795
129, 22, 267, 116, 269, 117, -2, -1, -2.677945044588987, 2.23606797749979
129, 23, 210, 119, 212, 119, -2, 0, 3.141592653589793, 2.0
129, 24, 275, 367, 279, 367, -4, 0, 3.141592653589793, 4.0
129, 29, 240, 303, 244, 304, -4, -1, -2.896613990462929, 4.123105625617661
129, 30, 433, 365, 435, 366, -2, -1, -2.677945044588987, 2.23606797749979
129, 33, 128, 246, 131, 247, -3, -1, -2.819842099193151, 3.1622776601683795
129, 34, 227, 136, 230, 138, -3, -2, -2.5535900500422257, 3.605551275463989
129, 35, 101, 109, 103, 110, -2, -1, -2.677945044588987, 2.23606797749979
129, 37, 589, 206, 590, 208, -1, -2, -2.0344439357957027, 2.23606797749979
129, 39, 573, 202, 573, 204, 0, -2, -1.5707963267948966, 2.0
129, 42, 257, 229, 260, 231, -3, -2, -2.5535900500422257, 3.605551275463989
129, 43, 523, 134, 523, 137, 0, -3, -1.5707963267948966, 3.0
129, 45, 104, 279, 106, 280, -2, -1, -2.677945044588987, 2.23606797749979
129, 47, 358, 147, 363, 149, -5, -2, -2.761086276477428, 5.385164807134504
129, 49, 100, 360, 103, 361, -3, -1, -2.819842099193151, 3.1622776601683795
129, 50, 141, 277, 144, 277, -3, 0, 3.141592653589793, 3.0
129, 52, 581, 273, 579, 275, 2, -2, -0.7853981633974483, 2.8284271247461903
129, 53, 164, 270, 167, 271, -3, -1, -2.819842099193151, 3.1622776601683795
129, 54, 346, 363, 348, 363, -2, 0, 3.141592653589793, 2.0
129, 56, 577, 242, 577, 244, 0, -2, -1.5707963267948966, 2.0
129, 57, 264, 126, 267, 127, -3, -1, -2.819842099193151, 3.1622776601683795
129, 58, 188, 134, 190, 134, -2, 0, 3.141592653589793, 2.0
129, 59, 244, 140, 246, 141, -2, -1, -2.677945044588987, 2.23606797749979
129, 61, 176, 118, 178, 119, -2, -1, -2.677945044588987, 2.23606797749979
129, 62, 319, 174, 321, 178, -2, -4, -2.0344439357957027, 4.47213595499958
129, 63, 277, 235, 279, 235, -2, 0, 3.141592653589793, 2.0
129, 65, 135, 109, 137, 110, -2, -1, -2.677945044588987, 2.23606797749979
129, 66, 90, 242, 96, 243, -6, -1, -2.976443976175166, 6.082762530298219
129, 69, 84, 347, 83, 349, 1, -2, -1.1071487177940904, 2.23606797749979
129, 70, 230, 367, 234, 367, -4, 0, 3.141592653589793, 4.0
129, 71, 150, 241, 152, 242, -2, -1, -2.677945044588987, 2.23606797749979
129, 72, 121, 177, 125, 179, -4, -2, -2.677945044588987, 4.47213595499958
129, 73, 190, 204, 196, 208, -6, -4, -2.5535900500422257, 7.211102550927978
129, 75, 173, 256, 175, 257, -2, -1, -2.677945044588987, 2.23606797749979
129, 76, 159, 180, 161, 181, -2, -1, -2.677945044588987, 2.23606797749979
129, 78, 78, 329, 81, 330, -3, -1, -2.819842099193151, 3.1622776601683795
129, 79, 194, 165, 199, 169, -5, -4, -2.4668517113662407, 6.4031242374328485
129, 80, 483, 155, 483, 157, 0, -2, -1.5707963267948966, 2.0
129, 81, 204, 339, 207, 338, -3, 1, 2.819842099193151, 3.1622776601683795
129, 84, 285, 203, 284, 204, 1, -1, -0.7853981633974483, 1.4142135623730951
129, 85, 96, 338, 101, 339, -5, -1, -2.9441970937399127, 5.0990195135927845
129, 87, 283, 160, 285, 159, -2, 1, 2.677945044588987, 2.23606797749979
129, 88, 463, 142, 463, 145, 0, -3, -1.5707963267948966, 3.0
129, 89, 144, 172, 146, 174, -2, -2, -2.356194490192345, 2.8284271247461903
130, 4, 77, 176, 76, 177, 1, -1, -0.7853981633974483, 1.4142135623730951
130, 5, 74, 335, 76, 336, -2, -1, -2.677945044588987, 2.23606797749979
130, 10, 390, 136, 392, 137, -2, -1, -2.677945044588987, 2.23606797749979
130, 14, 249, 120, 251, 120, -2, 0, 3.141592653589793, 2.0
130, 17, 215, 121, 217, 121, -2, 0, 3.141592653589793, 2.0
130, 22, 166, 289, 172, 290, -6, -1, -2.976443976175166, 6.082762530298219
130, 26, 151, 117, 153, 118, -2, -1, -2.677945044588987, 2.23606797749979
130, 27, 438, 367, 440, 368, -2, -1, -2.677945044588987, 2.23606797749979
130, 28, 242, 301, 249, 302, -7, -1, -2.999695598985629, 7.0710678118654755
130, 31, 573, 366, 572, 367, 1, -1, -0.7853981633974483, 1.4142135623730951
130, 34, 232, 136, 235, 139, -3, -3, -2.356194490192345, 4.242640687119285
130, 35, 318, 231, 322, 235, -4, -4, -2.356194490192345, 5.656854249492381
130, 40, 349, 365, 352, 366, -3, -1, -2.819842099193151, 3.1622776601683795
130, 41, 581, 173, 581, 175, 0, -2, -1.5707963267948966, 2.0
130, 42, 332, 246, 334, 248, -2, -2, -2.356194490192345, 2.8284271247461903
130, 46, 189, 160, 194, 163, -5, -3, -2.601173153319209, 5.830951894845301
130, 48, 67, 333, 69, 334, -2, -1, -2.677945044588987, 2.23606797749979
130, 51, 283, 365, 288, 365, -5, 0, 3.141592653589793, 5.0
130, 52, 289, 145, 291, 146, -2, -1, -2.677945044588987, 2.23606797749979
130, 54, 71, 113, 72, 115, -1, -2, -2.0344439357957027, 2.23606797749979
130, 56, 190, 138, 193, 138, -3, 0, 3.141592653589793, 3.0
130, 57, 92, 145, 94, 145, -2, 0, 3.141592653589793, 2.0
130, 59, 258, 226, 264, 231, -6, -5, -2.44685437739309, 7.810249675906654
130, 62, 574, 142, 575, 144, -1, -2, -2.0344439357957027, 2.23606797749979
130, 65, 574, 206, 574, 208, 0, -2, -1.5707963267948966, 2.0
130, 67, 87, 347, 87, 349, 0, -2, -1.5707963267948966, 2.0
130, 68, 583, 246, 583, 248, 0, -2, -1.5707963267948966, 2.0
130, 69, 529, 140, 529, 142, 0, -2, -1.5707963267948966, 2.0
130, 70, 143, 274, 149, 276, -6, -2, -2.819842099193151, 6.324555320336759
130, 74, 314, 116, 316, 117, -2, -1, -2.677945044588987, 2.23606797749979
130, 78, 67, 308, 69, 308, -2, 0, 3.141592653589793, 2.0
130, 79, 333, 367, 338, 368, -5, -1, -2.9441970937399127, 5.0990195135927845
130, 80, 129, 242, 135, 245, -6, -3, -2.677945044588987, 6.708203932499369
130, 88, 328, 122, 330, 124, -2, -2, -2.356194490192345, 2.8284271247461903
130, 91, 214, 170, 219, 174, -5, -4, -2.4668517113662407, 6.4031242374328485
130, 94, 466, 137, 467, 139, -1, -2, -2.0344439357957027, 2.23606797749979
130, 95, 115, 212, 120, 213, -5, -1, -2.9441970937399127, 5.0990195135927845
130, 96, 179, 119, 181, 120, -2, -1, -2.677945044588987, 2.23606797749979
130, 99, 125, 177, 130, 179, -5, -2, -2.761086276477428, 5.385164807134504
130, 102, 590, 277, 588, 279, 2, -2, -0.7853981633974483, 2.8284271247461903
130, 104, 267, 128, 269, 128, -2, 0, 3.141592653589793, 2.0
130, 105, 241, 127, 245, 128, -4, -1, -2.896613990462929, 4.123105625617661
130, 106, 110, 366, 113, 366, -3, 0, 3.141592653589793, 3.0
130, 108, 91, 317, 94, 317, -3, 0, 3.141592653589793, 3.0
130, 109, 161, 207, 166, 207, -5, 0, 3.141592653589793, 5.0
130, 111, 196, 166, 201, 169, -5, -3, -2.601173153319209, 5.830951894845301
130, 112, 226, 140, 229, 143, -3, -3, -2.356194490192345, 4.242640687119285
130, 113, 285, 128, 288, 129, -3, -1, -2.819842099193151, 3.1622776601683795
130, 114, 257, 342, 259, 343, -2, -1, -2.677945044588987, 2.23606797749979
130, 115, 150, 277, 156, 279, -6, -2, -2.819842099193151, 6.324555320336759
130, 118, 359, 133, 361, 133, -2, 0, 3.141592653589793, 2.0
130, 123, 99, 160, 106, 164, -7, -4, -2.62244653934327, 8.06225774829855
130, 125, 297, 364, 301, 364, -4, 0, 3.141592653589793, 4.0
130, 127, 567, 209, 569, 214, -2, -5, -1.9513027039072615, 5.385164807134504
130, 128, 271, 157, 274, 159, -3, -2, -2.5535900500422257, 3.605551275463989
130, 130, 92, 242, 97, 243, -5, -1, -2.9441970937399127, 5.0990195135927845
130, 133, 235, 367, 239, 368, -4, -1, -2.896613990462929, 4.123105625617661
130, 134, 267, 135, 269, 136, -2, -1, -2.677945044588987, 2.23606797749979
130, 139, 103, 280, 107, 280, -4, 0, 3.141592653589793, 4.0
131, 12, 247, 120, 249, 120, -2, 0, 3.141592653589793, 2.0
131, 15, 213, 121, 215, 121, -2, 0, 3.141592653589793, 2.0
131, 19, 159, 288, 166, 289, -7, -1, -2.999695598985629, 7.0710678118654755
131, 20, 56, 285, 55, 286, 1, -1, -0.7853981633974483, 1.4142135623730951
131, 21, 75, 126, 75, 128, 0, -2, -1.5707963267948966, 2.0
131, 23, 434, 367, 438, 367, -4, 0, 3.141592653589793, 4.0
131, 24, 239, 300, 242, 301, -3, -1, -2.819842099193151, 3.1622776601683795
131, 29, 166, 121, 168, 122, -2, -1, -2.677945044588987, 2.23606797749979
131, 30, 230, 134, 232, 136, -2, -2, -2.356194490192345, 2.8284271247461903
131, 31, 316, 230, 318, 231, -2, -1, -2.677945044588987, 2.23606797749979
131, 36, 345, 364, 349, 365, -4, -1, -2.896613990462929, 4.123105625617661
131, 37, 580, 171, 581, 173, -1, -2, -2.0344439357957027, 2.23606797749979
131, 38, 330, 245, 332, 246, -2, -1, -2.677945044588987, 2.23606797749979
131, 42, 184, 157, 189, 160, -5, -3, -2.601173153319209, 5.830951894845301
131, 46, 277, 363, 283, 365, -6, -2, -2.819842099193151, 6.324555320336759
131, 47, 286, 143, 289, 145, -3, -2, -2.5535900500422257, 3.605551275463989
131, 50, 186, 137, 190, 138, -4, -1, -2.896613990462929, 4.123105625617661
131, 51, 90, 144, 92, 145, -2, -1, -2.677945044588987, 2.23606797749979
131, 53, 255, 226, 258, 226, -3, 0, 3.141592653589793, 3.0
131, 59, 573, 203, 574, 206, -1, -3, -1.892546881191539, 3.1622776601683795
131, 60, 582, 243, 583, 246, -1, -3, -1.892546881191539, 3.1622776601683795
131, 61, 530, 139, 529, 140, 1, -1, -0.7853981633974483, 1.4142135623730951
131, 62, 136, 272, 143, 274, -7, -2, -2.8632929945846817, 7.280109889280518
131, 65, 312, 115, 314, 116, -2, -1, -2.677945044588987, 2.23606797749979
131, 69, 327, 366, 333, 367, -6, -1, -2.976443976175166, 6.082762530298219
131, 70, 123, 240, 129, 242, -6, -2, -2.819842099193151, 6.324555320336759
131, 78, 326, 121, 328, 122, -2, -1, -2.677945044588987, 2.23606797749979
131, 81, 210, 168, 214, 170, -4, -2, -2.677945044588987, 4.47213595499958
131, 84, 464, 136, 466, 137, -2, -1, -2.677945044588987, 2.23606797749979
131, 85, 111, 211, 115, 212, -4, -1, -2.896613990462929, 4.123105625617661
131, 87, 122, 176, 125, 177, -3, -1, -2.819842099193151, 3.1622776601683795
131, 91, 265, 127, 267, 128, -2, -1, -2.677945044588987, 2.23606797749979
131, 92, 238, 127, 241, 127, -3, 0, 3.141592653589793, 3.0
131, 93, 107, 366, 110, 366, -3, 0, 3.141592653589793, 3.0
131, 95, 88, 317, 91, 317, -3, 0, 3.141592653589793, 3.0
131, 96, 157, 205, 161, 207, -4, -2, -2.677945044588987, 4.47213595499958
131, 98, 192, 164, 196, 166, -4, -2, -2.677945044588987, 4.47213595499958
131, 99, 223, 139, 226, 140, -3, -1, -2.819842099193151, 3.1622776601683795
131, 100, 283, 127, 285, 128, -2, -1, -2.677945044588987, 2.23606797749979
131, 101, 255, 342, 257, 342, -2, 0, 3.141592653589793, 2.0
131, 102, 146, 274, 150, 277, -4, -3, -2.498091544796509, 5.0
131, 105, 357, 132, 359, 133, -2, -1, -2.677945044588987, 2.23606797749979
131, 109, 96, 157, 99, 160, -3, -3, -2.356194490192345, 4.242640687119285
131, 111, 292, 365, 297, 364, -5, 1, 2.9441970937399127, 5.0990195135927845
131, 113, 565, 203, 567, 209, -2, -6, -1.892546881191539, 6.324555320336759
131, 114, 268, 155, 271, 157, -3, -2, -2.5535900500422257, 3.605551275463989
131, 115, 343, 131, 346, 131, -3, 0, 3.141592653589793, 3.0
131, 116, 88, 241, 92, 242, -4, -1, -2.896613990462929, 4.123105625617661
131, 119, 230, 365, 235, 367, -5, -2, -2.761086276477428, 5.385164807134504
131, 120, 265, 134, 267, 135, -2, -1, -2.677945044588987, 2.23606797749979
131, 123, 581, 276, 580, 277, 1, -1, -0.7853981633974483, 1.4142135623730951
131, 125, 100, 279, 103, 280, -3, -1, -2.819842099193151, 3.1622776601683795
132, 4, 530, 365, 529, 366, 1, -1, -0.7853981633974483, 1.4142135623730951
132, 10, 245, 120, 247, 120, -2, 0, 3.141592653589793, 2.0
132, 17, 155, 287, 159, 288, -4, -1, -2.896613990462929, 4.123105625617661
132, 20, 148, 116, 150, 117, -2, -1, -2.677945044588987, 2.23606797749979
132, 21, 432, 367, 434, 367, -2, 0, 3.141592653589793, 2.0
132, 22, 237, 300, 239, 300, -2, 0, 3.141592653589793, 2.0
132, 27, 163, 119, 166, 121, -3, -2, -2.5535900500422257, 3.605551275463989
132, 28, 228, 132, 230, 134, -2, -2, -2.356194490192345, 2.8284271247461903
132, 29, 313, 229, 316, 230, -3, -1, -2.819842099193151, 3.1622776601683795
132, 33, 341, 363, 345, 364, -4, -1, -2.896613990462929, 4.123105625617661
132, 34, 580, 169, 580, 171, 0, -2, -1.5707963267948966, 2.0
132, 35, 327, 243, 330, 245, -3, -2, -2.5535900500422257, 3.605551275463989
132, 38, 180, 155, 184, 157, -4, -2, -2.677945044588987, 4.47213595499958
132, 40, 274, 362, 277, 363, -3, -1, -2.819842099193151, 3.1622776601683795
132, 41, 283, 143, 286, 143, -3, 0, 3.141592653589793, 3.0
132, 44, 184, 137, 186, 137, -2, 0, 3.141592653589793, 2.0
132, 46, 251, 223, 255, 226, -4, -3, -2.498091544796509, 5.0
132, 47, 590, 209, 591, 211, -1, -2, -2.0344439357957027, 2.23606797749979
132, 51, 572, 201, 573, 203, -1, -2, -2.0344439357957027, 2.23606797749979
132, 52, 581, 240, 582, 243, -1, -3, -1.892546881191539, 3.1622776601683795
132, 54, 132, 269, 136, 272, -4, -3, -2.498091544796509, 5.0
132, 58, 65, 309, 66, 308, -1, 1, 2.356194490192345, 1.4142135623730951
132, 59, 325, 364, 327, 366, -2, -2, -2.356194490192345, 2.8284271247461903
132, 60, 118, 237, 123, 240, -5, -3, -2.601173153319209, 5.830951894845301
132, 68, 207, 166, 210, 168, -3, -2, -2.5535900500422257, 3.605551275463989
132, 71, 107, 209, 111, 211, -4, -2, -2.677945044588987, 4.47213595499958
132, 73, 118, 174, 122, 176, -4, -2, -2.677945044588987, 4.47213595499958
132, 77, 263, 126, 265, 127, -2, -1, -2.677945044588987, 2.23606797749979
132, 78, 236, 126, 238, 127, -2, -1, -2.677945044588987, 2.23606797749979
132, 79, 103, 366, 107, 366, -4, 0, 3.141592653589793, 4.0
132, 81, 84, 317, 88, 317, -4, 0, 3.141592653589793, 4.0
132, 82, 153, 202, 157, 205, -4, -3, -2.498091544796509, 5.0
132, 84, 188, 162, 192, 164, -4, -2, -2.677945044588987, 4.47213595499958
132, 85, 222, 137, 223, 139, -1, -2, -2.0344439357957027, 2.23606797749979
132, 86, 252, 342, 255, 342, -3, 0, 3.141592653589793, 3.0
132, 87, 141, 274, 146, 274, -5, 0, 3.141592653589793, 5.0
132, 89, 355, 131, 357, 132, -2, -1, -2.677945044588987, 2.23606797749979
132, 92, 94, 154, 96, 157, -2, -3, -2.158798930342464, 3.605551275463989
132, 93, 58, 330, 59, 332, -1, -2, -2.0344439357957027, 2.23606797749979
132, 94, 287, 366, 292, 365, -5, 1, 2.9441970937399127, 5.0990195135927845
132, 96, 561, 202, 565, 203, -4, -1, -2.896613990462929, 4.123105625617661
132, 97, 265, 154, 268, 155, -3, -1, -2.819842099193151, 3.1622776601683795
132, 98, 341, 130, 343, 131, -2, -1, -2.677945044588987, 2.23606797749979
132, 99, 84, 240, 88, 241, -4, -1, -2.896613990462929, 4.123105625617661
132, 101, 226, 363, 230, 365, -4, -2, -2.677945044588987, 4.47213595499958
132, 102, 263, 133, 265, 134, -2, -1, -2.677945044588987, 2.23606797749979
132, 107, 96, 279, 100, 279, -4, 0, 3.141592653589793, 4.0
133, 4, 531, 364, 530, 365, 1, -1, -0.7853981633974483, 1.4142135623730951
133, 8, 243, 119, 245, 120, -2, -1, -2.677945044588987, 2.23606797749979
133, 11, 210, 121, 212, 121, -2, 0, 3.141592653589793, 2.0
133, 15, 149, 286, 155, 287, -6, -1, -2.976443976175166, 6.082762530298219
133, 19, 430, 366, 432, 367, -2, -1, -2.677945044588987, 2.23606797749979
133, 20, 232, 299, 237, 300, -5, -1, -2.9441970937399127, 5.0990195135927845
133, 24, 161, 118, 163, 119, -2, -1, -2.677945044588987, 2.23606797749979
133, 25, 307, 226, 313, 229, -6, -3, -2.677945044588987, 6.708203932499369
133, 28, 337, 362, 341, 363, -4, -1, -2.896613990462929, 4.123105625617661
133, 29, 579, 167, 580, 169, -1, -2, -2.0344439357957027, 2.23606797749979
133, 30, 323, 242, 327, 243, -4, -1, -2.896613990462929, 4.123105625617661
133, 33, 175, 152, 180, 155, -5, -3, -2.601173153319209, 5.830951894845301
133, 35, 270, 361, 274, 362, -4, -1, -2.896613990462929, 4.123105625617661
133, 36, 281, 142, 283, 143, -2, -1, -2.677945044588987, 2.23606797749979
133, 39, 182, 136, 184, 137, -2, -1, -2.677945044588987, 2.23606797749979
133, 41, 246, 220, 251, 223, -5, -3, -2.601173153319209, 5.830951894845301
133, 42, 590, 207, 590, 209, 0, -2, -1.5707963267948966, 2.0
133, 44, 571, 199, 572, 201, -1, -2, -2.0344439357957027, 2.23606797749979
133, 45, 581, 237, 581, 240, 0, -3, -1.5707963267948966, 3.0
133, 47, 128, 268, 132, 269, -4, -1, -2.896613990462929, 4.123105625617661
133, 48, 101, 136, 103, 136, -2, 0, 3.141592653589793, 2.0
133, 52, 320, 363, 325, 364, -5, -1, -2.9441970937399127, 5.0990195135927845
133, 53, 113, 235, 118, 237, -5, -2, -2.761086276477428, 5.385164807134504
133, 59, 204, 165, 207, 166, -3, -1, -2.819842099193151, 3.1622776601683795
133, 62, 103, 207, 107, 209, -4, -2, -2.677945044588987, 4.47213595499958
133, 64, 113, 172, 118, 174, -5, -2, -2.761086276477428, 5.385164807134504
133, 68, 261, 125, 263, 126, -2, -1, -2.677945044588987, 2.23606797749979
133, 69, 234, 126, 236, 126, -2, 0, 3.141592653589793, 2.0
133, 70, 99, 366, 103, 366, -4, 0, 3.141592653589793, 4.0
133, 72, 83, 318, 84, 317, -1, 1, 2.356194490192345, 1.4142135623730951
133, 73, 150, 198, 153, 202, -3, -4, -2.214297435588181, 5.0
133, 75, 183, 159, 188, 162, -5, -3, -2.601173153319209, 5.830951894845301
133, 76, 220, 136, 222, 137, -2, -1, -2.677945044588987, 2.23606797749979
133, 77, 248, 341, 252, 342, -4, -1, -2.896613990462929, 4.123105625617661
133, 78, 134, 272, 141, 274, -7, -2, -2.8632929945846817, 7.280109889280518
133, 79, 353, 130, 355, 131, -2, -1, -2.677945044588987, 2.23606797749979
133, 82, 92, 153, 94, 154, -2, -1, -2.677945044588987, 2.23606797749979
133, 83, 283, 365, 287, 366, -4, -1, -2.896613990462929, 4.123105625617661
133, 85, 263, 153, 265, 154, -2, -1, -2.677945044588987, 2.23606797749979
133, 86, 339, 128, 341, 130, -2, -2, -2.356194490192345, 2.8284271247461903
133, 87, 78, 238, 84, 240, -6, -2, -2.819842099193151, 6.324555320336759
133, 89, 222, 359, 226, 363, -4, -4, -2.356194490192345, 5.656854249492381
133, 90, 261, 132, 263, 133, -2, -1, -2.677945044588987, 2.23606797749979
133, 92, 584, 272, 581, 275, 3, -3, -0.7853981633974483, 4.242640687119285
133, 93, 93, 279, 96, 279, -3, 0, 3.141592653589793, 3.0
134, 8, 241, 119, 243, 119, -2, 0, 3.141592653589793, 2.0
134, 11, 208, 120, 210, 121, -2, -1, -2.677945044588987, 2.23606797749979
134, 15, 145, 285, 149, 286, -4, -1, -2.896613990462929, 4.123105625617661
134, 18, 145, 116, 147, 116, -2, 0, 3.141592653589793, 2.0
134, 19, 427, 365, 430, 366, -3, -1, -2.819842099193151, 3.1622776601683795
134, 20, 225, 298, 232, 299, -7, -1, -2.999695598985629, 7.0710678118654755
134, 24, 159, 117, 161, 118, -2, -1, -2.677945044588987, 2.23606797749979
134, 25, 304, 223, 307, 226, -3, -3, -2.356194490192345, 4.242640687119285
134, 28, 335, 361, 337, 362, -2, -1, -2.677945044588987, 2.23606797749979
134, 29, 579, 165, 579, 167, 0, -2, -1.5707963267948966, 2.0
134, 30, 320, 241, 323, 242, -3, -1, -2.819842099193151, 3.1622776601683795
134, 33, 171, 150, 175, 152, -4, -2, -2.677945044588987, 4.47213595499958
134, 35, 267, 360, 270, 361, -3, -1, -2.819842099193151, 3.1622776601683795
134, 36, 279, 141, 281, 142, -2, -1, -2.677945044588987, 2.23606797749979
134, 39, 179, 135, 182, 136, -3, -1, -2.819842099193151, 3.1622776601683795
134, 41, 243, 218, 246, 220, -3, -2, -2.5535900500422257, 3.605551275463989
134, 42, 590, 205, 590, 207, 0, -2, -1.5707963267948966, 2.0
134, 45, 580, 234, 581, 237, -1, -3, -1.892546881191539, 3.1622776601683795
134, 47, 125, 266, 128, 268, -3, -2, -2.5535900500422257, 3.605551275463989
134, 50, 317, 364, 320, 363, -3, 1, 2.819842099193151, 3.1622776601683795
134, 51, 111, 233, 113, 235, -2, -2, -2.356194490192345, 2.8284271247461903
134, 56, 201, 164, 204, 165, -3, -1, -2.819842099193151, 3.1622776601683795
134, 58, 101, 204, 103, 207, -2, -3, -2.158798930342464, 3.605551275463989
134, 60, 108, 168, 113, 172, -5, -4, -2.4668517113662407, 6.4031242374328485
134, 64, 259, 124, 261, 125, -2, -1, -2.677945044588987, 2.23606797749979
134, 65, 232, 125, 234, 126, -2, -1, -2.677945044588987, 2.23606797749979
134, 67, 80, 318, 83, 318, -3, 0, 3.141592653589793, 3.0
134, 68, 147, 196, 150, 198, -3, -2, -2.5535900500422257, 3.605551275463989
134, 70, 178, 155, 183, 159, -5, -4, -2.4668517113662407, 6.4031242374328485
134, 71, 218, 135, 220, 136, -2, -1, -2.677945044588987, 2.23606797749979
134, 72, 244, 341, 248, 341, -4, 0, 3.141592653589793, 4.0
134, 73, 127, 270, 134, 272, -7, -2, -2.8632929945846817, 7.280109889280518
134, 76, 91, 151, 92, 153, -1, -2, -2.0344439357957027, 2.23606797749979
134, 77, 279, 364, 283, 365, -4, -1, -2.896613990462929, 4.123105625617661
134, 79, 261, 152, 263, 153, -2, -1, -2.677945044588987, 2.23606797749979
134, 80, 337, 127, 339, 128, -2, -1, -2.677945044588987, 2.23606797749979
134, 81, 78, 236, 78, 238, 0, -2, -1.5707963267948966, 2.0
134, 83, 219, 357, 222, 359, -3, -2, -2.5535900500422257, 3.605551275463989
134, 84, 259, 131, 261, 132, -2, -1, -2.677945044588987, 2.23606797749979
134, 87, 88, 278, 93, 279, -5, -1, -2.9441970937399127, 5.0990195135927845
135, 1, 284, 142, 286, 143, -2, -1, -2.677945044588987, 2.23606797749979
135, 7, 175, 151, 181, 154, -6, -3, -2.677945044588987, 6.708203932499369
135, 10, 533, 365, 532, 366, 1, -1, -0.7853981633974483, 1.4142135623730951
135, 15, 243, 120, 245, 120, -2, 0, 3.141592653589793, 2.0
135, 17, 53, 309, 52, 310, 1, -1, -0.7853981633974483, 1.4142135623730951
135, 18, 118, 126, 120, 126, -2, 0, 3.141592653589793, 2.0
135, 19, 402, 139, 404, 140, -2, -1, -2.677945044588987, 2.23606797749979
135, 20, 148, 286, 154, 287, -6, -1, -2.976443976175166, 6.082762530298219
135, 22, 204, 162, 209, 166, -5, -4, -2.4668517113662407, 6.4031242374328485
135, 25, 302, 224, 307, 227, -5, -3, -2.601173153319209, 5.830951894845301
135, 28, 270, 363, 274, 364, -4, -1, -2.896613990462929, 4.123105625617661
135, 30, 323, 366, 328, 367, -5, -1, -2.9441970937399127, 5.0990195135927845
135, 39, 314, 241, 317, 242, -3, -1, -2.819842099193151, 3.1622776601683795
135, 40, 163, 120, 165, 121, -2, -1, -2.677945044588987, 2.23606797749979
135, 43, 94, 158, 96, 158, -2, 0, 3.141592653589793, 2.0
135, 46, 341, 366, 345, 367, -4, -1, -2.896613990462929, 4.123105625617661
135, 49, 242, 221, 249, 225, -7, -4, -2.62244653934327, 8.06225774829855
135, 51, 356, 131, 358, 132, -2, -1, -2.677945044588987, 2.23606797749979
135, 59, 433, 369, 435, 369, -2, 0, 3.141592653589793, 2.0
135, 60, 80, 235, 83, 237, -3, -2, -2.5535900500422257, 3.605551275463989
135, 66, 592, 275, 591, 276, 1, -1, -0.7853981633974483, 1.4142135623730951
135, 70, 177, 119, 179, 120, -2, -1, -2.677945044588987, 2.23606797749979
135, 72, 222, 298, 231, 300, -9, -2, -2.922923707715851, 9.219544457292887
135, 76, 599, 176, 599, 178, 0, -2, -1.5707963267948966, 2.0
135, 77, 583, 165, 584, 167, -1, -2, -2.0344439357957027, 2.23606797749979
135, 82, 573, 204, 573, 206, 0, -2, -1.5707963267948966, 2.0
135, 85, 148, 116, 150, 117, -2, -1, -2.677945044588987, 2.23606797749979
135, 86, 236, 126, 239, 127, -3, -1, -2.819842099193151, 3.1622776601683795
135, 90, 112, 236, 119, 239, -7, -3, -2.7367008673047097, 7.615773105863909
135, 92, 282, 126, 284, 127, -2, -1, -2.677945044588987, 2.23606797749979
135, 94, 264, 134, 266, 135, -2, -1, -2.677945044588987, 2.23606797749979
135, 100, 186, 135, 188, 136, -2, -1, -2.677945044588987, 2.23606797749979
135, 104, 402, 145, 402, 147, 0, -2, -1.5707963267948966, 2.0
135, 105, 264, 156, 267, 157, -3, -1, -2.819842099193151, 3.1622776601683795
135, 111, 75, 319, 79, 320, -4, -1, -2.896613990462929, 4.123105625617661
135, 115, 186, 108, 188, 109, -2, -1, -2.677945044588987, 2.23606797749979
135, 116, 89, 276, 93, 278, -4, -2, -2.677945044588987, 4.47213595499958
135, 119, 283, 367, 288, 367, -5, 0, 3.141592653589793, 5.0
135, 122, 92, 204, 94, 206, -2, -2, -2.356194490192345, 2.8284271247461903
135, 125, 282, 150, 285, 151, -3, -1, -2.819842099193151, 3.1622776601683795
135, 126, 579, 203, 580, 206, -1, -3, -1.892546881191539, 3.1622776601683795
135, 127, 111, 170, 116, 173, -5, -3, -2.601173153319209, 5.830951894845301
135, 128, 583, 238, 584, 241, -1, -3, -1.892546881191539, 3.1622776601683795
135, 135, 182, 201, 185, 203, -3, -2, -2.5535900500422257, 3.605551275463989
135, 136, 218, 365, 222, 367, -4, -2, -2.677945044588987, 4.47213595499958
135, 137, 265, 228, 271, 232, -6, -4, -2.5535900500422257, 7.211102550927978
135, 138, 185, 144, 188, 145, -3, -1, -2.819842099193151, 3.1622776601683795
135, 140, 341, 128, 343, 129, -2, -1, -2.677945044588987, 2.23606797749979
135, 142, 260, 260, 263, 261, -3, -1, -2.819842099193151, 3.1622776601683795
135, 146, 541, 127, 540, 128, 1, -1, -0.7853981633974483, 1.4142135623730951
136, 1, 281, 141, 284, 142, -3, -1, -2.819842099193151, 3.1622776601683795
136, 4, 387, 137, 389, 137, -2, 0, 3.141592653589793, 2.0
136, 7, 169, 149, 175, 151, -6, -2, -2.819842099193151, 6.324555320336759
136, 14, 241, 120, 243, 120, -2, 0, 3.141592653589793, 2.0
136, 18, 400, 137, 402, 139, -2, -2, -2.356194490192345, 2.8284271247461903
136, 19, 141, 285, 148, 286, -7, -1, -2.999695598985629, 7.0710678118654755
136, 20, 90, 341, 89, 342, 1, -1, -0.7853981633974483, 1.4142135623730951
136, 21, 199, 158, 204, 162, -5, -4, -2.4668517113662407, 6.4031242374328485
136, 24, 298, 222, 302, 224, -4, -2, -2.677945044588987, 4.47213595499958
136, 27, 267, 362, 270, 363, -3, -1, -2.819842099193151, 3.1622776601683795
136, 29, 319, 365, 323, 366, -4, -1, -2.896613990462929, 4.123105625617661
136, 37, 310, 239, 314, 241, -4, -2, -2.677945044588987, 4.47213595499958
136, 38, 160, 119, 163, 120, -3, -1, -2.819842099193151, 3.1622776601683795
136, 43, 336, 366, 341, 366, -5, 0, 3.141592653589793, 5.0
136, 46, 238, 218, 242, 221, -4, -3, -2.498091544796509, 5.0
136, 48, 354, 130, 356, 131, -2, -1, -2.677945044588987, 2.23606797749979
136, 55, 207, 122, 209, 122, -2, 0, 3.141592653589793, 2.0
136, 56, 430, 369, 433, 369, -3, 0, 3.141592653589793, 3.0
136, 57, 78, 234, 80, 235, -2, -1, -2.677945044588987, 2.23606797749979
136, 62, 592, 273, 592, 275, 0, -2, -1.5707963267948966, 2.0
136, 66, 218, 297, 222, 298, -4, -1, -2.896613990462929, 4.123105625617661
136, 71, 582, 162, 583, 165, -1, -3, -1.892546881191539, 3.1622776601683795
136, 74, 572, 202, 573, 204, -1, -2, -2.0344439357957027, 2.23606797749979
136, 75, 100, 138, 102, 138, -2, 0, 3.141592653589793, 2.0
136, 77, 146, 115, 148, 116, -2, -1, -2.677945044588987, 2.23606797749979
136, 78, 234, 125, 236, 126, -2, -1, -2.677945044588987, 2.23606797749979
136, 82, 106, 233, 112, 236, -6, -3, -2.677945044588987, 6.708203932499369
136, 84, 262, 133, 264, 134, -2, -1, -2.677945044588987, 2.23606797749979
136, 86, 87, 367, 88, 366, -1, 1, 2.356194490192345, 1.4142135623730951
136, 89, 184, 134, 186, 135, -2, -1, -2.677945044588987, 2.23606797749979
136, 93, 401, 143, 402, 145, -1, -2, -2.0344439357957027, 2.23606797749979
136, 94, 261, 156, 264, 156, -3, 0, 3.141592653589793, 3.0
136, 98, 73, 318, 75, 319, -2, -1, -2.677945044588987, 2.23606797749979
136, 102, 184, 108, 186, 108, -2, 0, 3.141592653589793, 2.0
136, 103, 86, 276, 89, 276, -3, 0, 3.141592653589793, 3.0
136, 105, 279, 367, 283, 367, -4, 0, 3.141592653589793, 4.0
136, 108, 91, 201, 92, 204, -1, -3, -1.892546881191539, 3.1622776601683795
136, 110, 279, 149, 282, 150, -3, -1, -2.819842099193151, 3.1622776601683795
136, 111, 579, 200, 579, 203, 0, -3, -1.5707963267948966, 3.0
136, 112, 107, 168, 111, 170, -4, -2, -2.677945044588987, 4.47213595499958
136, 113, 583, 234, 583, 238, 0, -4, -1.5707963267948966, 4.0
136, 116, 345, 139, 347, 139, -2, 0, 3.141592653589793, 2.0
136, 120, 179, 200, 182, 201, -3, -1, -2.819842099193151, 3.1622776601683795
136, 121, 214, 363, 218, 365, -4, -2, -2.677945044588987, 4.47213595499958
136, 122, 259, 225, 265, 228, -6, -3, -2.677945044588987, 6.708203932499369
136, 123, 182, 144, 185, 144, -3, 0, 3.141592653589793, 3.0
136, 125, 339, 128, 341, 128, -2, 0, 3.141592653589793, 2.0
136, 126, 257, 259, 260, 260, -3, -1, -2.819842099193151, 3.1622776601683795
137, 1, 278, 140, 281, 141, -3, -1, -2.819842099193151, 3.1622776601683795
137, 4, 385, 138, 387, 137, -2, 1, 2.677945044588987, 2.23606797749979
137, 6, 165, 146, 169, 149, -4, -3, -2.498091544796509, 5.0
137, 7, 74, 335, 76, 336, -2, -1, -2.677945044588987, 2.23606797749979
137, 15, 115, 125, 117, 126, -2, -1, -2.677945044588987, 2.23606797749979
137, 17, 137, 284, 141, 285, -4, -1, -2.896613990462929, 4.123105625617661
137, 19, 195, 155, 199, 158, -4, -3, -2.498091544796509, 5.0
137, 22, 294, 221, 298, 222, -4, -1, -2.896613990462929, 4.123105625617661
137, 24, 264, 361, 267, 362, -3, -1, -2.819842099193151, 3.1622776601683795
137, 26, 316, 364, 319, 365, -3, -1, -2.819842099193151, 3.1622776601683795
137, 33, 306, 237, 310, 239, -4, -2, -2.677945044588987, 4.47213595499958
137, 34, 158, 118, 160, 119, -2, -1, -2.677945044588987, 2.23606797749979
137, 38, 63, 140, 64, 142, -1, -2, -2.0344439357957027, 2.23606797749979
137, 39, 331, 364, 336, 366, -5, -2, -2.761086276477428, 5.385164807134504
137, 42, 234, 215, 238, 218, -4, -3, -2.498091544796509, 5.0
137, 43, 352, 128, 354, 130, -2, -2, -2.356194490192345, 2.8284271247461903
137, 51, 427, 369, 430, 369, -3, 0, 3.141592653589793, 3.0
137, 52, 77, 232, 78, 234, -1, -2, -2.0344439357957027, 2.23606797749979
137, 60, 214, 296, 218, 297, -4, -1, -2.896613990462929, 4.123105625617661
137, 64, 582, 160, 582, 162, 0, -2, -1.5707963267948966, 2.0
137, 67, 144, 114, 146, 115, -2, -1, -2.677945044588987, 2.23606797749979
137, 68, 232, 124, 234, 125, -2, -1, -2.677945044588987, 2.23606797749979
137, 69, 594, 207, 594, 209, 0, -2, -1.5707963267948966, 2.0
137, 72, 103, 232, 106, 233, -3, -1, -2.819842099193151, 3.1622776601683795
137, 74, 260, 132, 262, 133, -2, -1, -2.677945044588987, 2.23606797749979
137, 79, 182, 133, 184, 134, -2, -1, -2.677945044588987, 2.23606797749979
137, 82, 258, 156, 261, 156, -3, 0, 3.141592653589793, 3.0
137, 84, 408, 136, 409, 135, -1, 1, 2.356194490192345, 1.4142135623730951
137, 85, 71, 317, 73, 318, -2, -1, -2.677945044588987, 2.23606797749979
137, 90, 84, 276, 86, 276, -2, 0, 3.141592653589793, 2.0
137, 92, 276, 365, 279, 367, -3, -2, -2.5535900500422257, 3.605551275463989
137, 94, 88, 198, 91, 201, -3, -3, -2.356194490192345, 4.242640687119285
137, 96, 275, 148, 279, 149, -4, -1, -2.896613990462929, 4.123105625617661
137, 97, 578, 198, 579, 200, -1, -2, -2.0344439357957027, 2.23606797749979
137, 98, 102, 166, 107, 168, -5, -2, -2.761086276477428, 5.385164807134504
137, 99, 583, 231, 583, 234, 0, -3, -1.5707963267948966, 3.0
137, 104, 175, 198, 179, 200, -4, -2, -2.677945044588987, 4.47213595499958
137, 105, 210, 360, 214, 363, -4, -3, -2.498091544796509, 5.0
137, 106, 252, 224, 259, 225, -7, -1, -2.999695598985629, 7.0710678118654755
137, 107, 180, 143, 182, 144, -2, -1, -2.677945044588987, 2.23606797749979
137, 109, 255, 259, 257, 259, -2, 0, 3.141592653589793, 2.0
138, 1, 276, 139, 278, 140, -2, -1, -2.677945044588987, 2.23606797749979
138, 4, 162, 144, 165, 146, -3, -2, -2.5535900500422257, 3.605551275463989
138, 11, 113, 124, 115, 125, -2, -1, -2.677945044588987, 2.23606797749979
138, 12, 399, 135, 400, 137, -1, -2, -2.0344439357957027, 2.23606797749979
138, 13, 133, 282, 137, 284, -4, -2, -2.677945044588987, 4.47213595499958
138, 14, 192, 154, 195, 155, -3, -1, -2.819842099193151, 3.1622776601683795
138, 17, 289, 218, 294, 221, -5, -3, -2.601173153319209, 5.830951894845301
138, 18, 262, 359, 264, 361, -2, -2, -2.356194490192345, 2.8284271247461903
138, 20, 312, 363, 316, 364, -4, -1, -2.896613990462929, 4.123105625617661
138, 26, 303, 236, 306, 237, -3, -1, -2.819842099193151, 3.1622776601683795
138, 32, 329, 363, 331, 364, -2, -1, -2.677945044588987, 2.23606797749979
138, 35, 232, 213, 234, 215, -2, -2, -2.356194490192345, 2.8284271247461903
138, 36, 350, 127, 352, 128, -2, -1, -2.677945044588987, 2.23606797749979
138, 43, 204, 122, 206, 122, -2, 0, 3.141592653589793, 2.0
138, 44, 425, 368, 427, 369, -2, -1, -2.677945044588987, 2.23606797749979
138, 45, 592, 270, 592, 272, 0, -2, -1.5707963267948966, 2.0
138, 49, 211, 296, 214, 296, -3, 0, 3.141592653589793, 3.0
138, 50, 56, 170, 55, 171, 1, -1, -0.7853981633974483, 1.4142135623730951
138, 55, 142, 114, 144, 114, -2, 0, 3.141592653589793, 2.0
138, 56, 230, 123, 232, 124, -2, -1, -2.677945044588987, 2.23606797749979
138, 60, 100, 231, 103, 232, -3, -1, -2.819842099193151, 3.1622776601683795
138, 65, 180, 132, 182, 133, -2, -1, -2.677945044588987, 2.23606797749979
138, 67, 256, 155, 258, 156, -2, -1, -2.677945044588987, 2.23606797749979
138, 69, 406, 135, 408, 136, -2, -1, -2.677945044588987, 2.23606797749979
138, 74, 181, 108, 183, 108, -2, 0, 3.141592653589793, 2.0
138, 77, 273, 364, 276, 365, -3, -1, -2.819842099193151, 3.1622776601683795
138, 79, 85, 196, 88, 198, -3, -2, -2.5535900500422257, 3.605551275463989
138, 81, 272, 147, 275, 148, -3, -1, -2.819842099193151, 3.1622776601683795
138, 82, 578, 196, 578, 198, 0, -2, -1.5707963267948966, 2.0
138, 84, 582, 228, 583, 231, -1, -3, -1.892546881191539, 3.1622776601683795
138, 87, 171, 196, 175, 198, -4, -2, -2.677945044588987, 4.47213595499958
138, 88, 208, 357, 210, 360, -2, -3, -2.158798930342464, 3.605551275463989
138, 89, 177, 142, 180, 143, -3, -1, -2.819842099193151, 3.1622776601683795
138, 91, 252, 258, 255, 259, -3, -1, -2.819842099193151, 3.1622776601683795
139, 1, 274, 138, 276, 139, -2, -1, -2.677945044588987, 2.23606797749979
139, 4, 159, 143, 162, 144, -3, -1, -2.819842099193151, 3.1622776601683795
139, 11, 111, 124, 113, 124, -2, 0, 3.141592653589793, 2.0
139, 12, 398, 133, 399, 135, -1, -2, -2.0344439357957027, 2.23606797749979
139, 13, 131, 278, 133, 282, -2, -4, -2.0344439357957027, 4.47213595499958
139, 14, 189, 154, 192, 154, -3, 0, 3.141592653589793, 3.0
139, 17, 287, 217, 289, 218, -2, -1, -2.677945044588987, 2.23606797749979
139, 18, 258, 358, 262, 359, -4, -1, -2.896613990462929, 4.123105625617661
139, 20, 309, 363, 312, 363, -3, 0, 3.141592653589793, 3.0
139, 24, 298, 234, 303, 236, -5, -2, -2.761086276477428, 5.385164807134504
139, 25, 155, 117, 157, 118, -2, -1, -2.677945044588987, 2.23606797749979
139, 30, 325, 362, 329, 363, -4, -1, -2.896613990462929, 4.123105625617661
139, 31, 230, 212, 232, 213, -2, -1, -2.677945044588987, 2.23606797749979
139, 36, 202, 123, 204, 122, -2, 1, 2.677945044588987, 2.23606797749979
139, 37, 422, 369, 425, 368, -3, 1, 2.819842099193151, 3.1622776601683795
139, 42, 208, 296, 211, 296, -3, 0, 3.141592653589793, 3.0
139, 46, 140, 113, 142, 114, -2, -1, -2.677945044588987, 2.23606797749979
139, 48, 594, 204, 594, 206, 0, -2, -1.5707963267948966, 2.0
139, 50, 96, 230, 100, 231, -4, -1, -2.896613990462929, 4.123105625617661
139, 55, 178, 131, 180, 132, -2, -1, -2.677945044588987, 2.23606797749979
139, 57, 253, 155, 256, 155, -3, 0, 3.141592653589793, 3.0
139, 59, 404, 134, 406, 135, -2, -1, -2.677945044588987, 2.23606797749979
139, 60, 68, 316, 70, 317, -2, -1, -2.677945044588987, 2.23606797749979
139, 63, 271, 363, 273, 364, -2, -1, -2.677945044588987, 2.23606797749979
139, 65, 84, 194, 85, 196, -1, -2, -2.0344439357957027, 2.23606797749979
139, 67, 577, 194, 578, 196, -1, -2, -2.0344439357957027, 2.23606797749979
139, 68, 101, 165, 102, 167, -1, -2, -2.0344439357957027, 2.23606797749979
139, 69, 582, 226, 582, 228, 0, -2, -1.5707963267948966, 2.0
139, 72, 166, 194, 171, 196, -5, -2, -2.761086276477428, 5.385164807134504
139, 73, 174, 142, 177, 142, -3, 0, 3.141592653589793, 3.0
139, 75, 248, 257, 252, 258, -4, -1, -2.896613990462929, 4.123105625617661
140, 2, 400, 135, 402, 136, -2, -1, -2.677945044588987, 2.23606797749979
140, 8, 79, 337, 78, 336, 1, 1, 0.7853981633974483, 1.4142135623730951
140, 10, 280, 142, 282, 143, -2, -1, -2.677945044588987, 2.23606797749979
140, 13, 131, 284, 136, 285, -5, -1, -2.9441970937399127, 5.0990195135927845
140, 14, 162, 146, 167, 148, -5, -2, -2.761086276477428, 5.385164807134504
140, 17, 383, 139, 385, 140, -2, -1, -2.677945044588987, 2.23606797749979
140, 22, 158, 118, 160, 119, -2, -1, -2.677945044588987, 2.23606797749979
140, 23, 258, 125, 260, 125, -2, 0, 3.141592653589793, 2.0
140, 31, 292, 214, 297, 218, -5, -4, -2.4668517113662407, 6.4031242374328485
140, 46, 106, 367, 105, 368, 1, -1, -0.7853981633974483, 1.4142135623730951
140, 47, 266, 368, 269, 368, -3, 0, 3.141592653589793, 3.0
140, 51, 57, 296, 56, 297, 1, -1, -0.7853981633974483, 1.4142135623730951
140, 52, 426, 368, 429, 368, -3, 0, 3.141592653589793, 3.0
140, 55, 229, 214, 235, 217, -6, -3, -2.677945044588987, 6.708203932499369
140, 63, 352, 129, 354, 130, -2, -1, -2.677945044588987, 2.23606797749979
140, 64, 233, 126, 235, 126, -2, 0, 3.141592653589793, 2.0
140, 67, 601, 341, 600, 342, 1, -1, -0.7853981633974483, 1.4142135623730951
140, 78, 330, 367, 335, 367, -5, 0, 3.141592653589793, 5.0
140, 79, 174, 119, 176, 119, -2, 0, 3.141592653589793, 2.0
140, 80, 193, 152, 199, 155, -6, -3, -2.677945044588987, 6.708203932499369
140, 84, 311, 368, 317, 368, -6, 0, 3.141592653589793, 6.0
140, 85, 278, 125, 280, 126, -2, -1, -2.677945044588987, 2.23606797749979
140, 87, 181, 134, 183, 136, -2, -2, -2.356194490192345, 2.8284271247461903
140, 89, 582, 162, 583, 164, -1, -2, -2.0344439357957027, 2.23606797749979
140, 92, 96, 235, 104, 237, -8, -2, -2.896613990462929, 8.246211251235321
140, 97, 574, 195, 575, 197, -1, -2, -2.0344439357957027, 2.23606797749979
140, 98, 277, 366, 280, 367, -3, -1, -2.819842099193151, 3.1622776601683795
140, 99, 207, 295, 214, 296, -7, -1, -2.999695598985629, 7.0710678118654755
140, 102, 183, 109, 185, 109, -2, 0, 3.141592653589793, 2.0
140, 104, 204, 125, 207, 126, -3, -1, -2.819842099193151, 3.1622776601683795
140, 108, 301, 232, 303, 234, -2, -2, -2.356194490192345, 2.8284271247461903
140, 112, 147, 151, 152, 151, -5, 0, 3.141592653589793, 5.0
140, 113, 355, 137, 357, 138, -2, -1, -2.677945044588987, 2.23606797749979
140, 114, 94, 168, 96, 168, -2, 0, 3.141592653589793, 2.0
140, 118, 75, 327, 78, 328, -3, -1, -2.819842099193151, 3.1622776601683795
140, 119, 298, 154, 301, 156, -3, -2, -2.5535900500422257, 3.605551275463989
140, 121, 58, 331, 60, 332, -2, -1, -2.677945044588987, 2.23606797749979
140, 125, 260, 157, 262, 157, -2, 0, 3.141592653589793, 2.0
140, 126, 206, 365, 209, 366, -3, -1, -2.819842099193151, 3.1622776601683795
140, 130, 246, 256, 249, 256, -3, 0, 3.141592653589793, 3.0
140, 134, 240, 125, 242, 125, -2, 0, 3.141592653589793, 2.0
140, 135, 584, 231, 583, 234, 1, -3, -1.2490457723982544, 3.1622776601683795
140, 142, 142, 249, 148, 251, -6, -2, -2.819842099193151, 6.324555320336759
140, 143, 167, 195, 171, 197, -4, -2, -2.677945044588987, 4.47213595499958
140, 146, 257, 135, 260, 136, -3, -1, -2.819842099193151, 3.1622776601683795
140, 147, 130, 261, 133, 262, -3, -1, -2.819842099193151, 3.1622776601683795
140, 148, 92, 338, 93, 340, -1, -2, -2.0344439357957027, 2.23606797749979
140, 149, 177, 154, 180, 156, -3, -2, -2.5535900500422257, 3.605551275463989
140, 150, 110, 271, 118, 273, -8, -2, -2.896613990462929, 8.246211251235321
140, 153, 251, 221, 257, 225, -6, -4, -2.5535900500422257, 7.211102550927978
140, 155, 123, 269, 125, 268, -2, 1, 2.677945044588987, 2.23606797749979
140, 156, 302, 130, 304, 130, -2, 0, 3.141592653589793, 2.0
140, 157, 109, 234, 111, 234, -2, 0, 3.141592653589793, 2.0
140, 158, 84, 240, 88, 242, -4, -2, -2.677945044588987, 4.47213595499958
140, 161, 344, 150, 346, 151, -2, -1, -2.677945044588987, 2.23606797749979
141, 5, 42, 267, 41, 269, 1, -2, -1.1071487177940904, 2.23606797749979
141, 8, 278, 141, 280, 142, -2, -1, -2.677945044588987, 2.23606797749979
141, 11, 126, 283, 131, 284, -5, -1, -2.9441970937399127, 5.0990195135927845
141, 12, 157, 144, 162, 146, -5, -2, -2.761086276477428, 5.385164807134504
141, 13, 381, 138, 383, 139, -2, -1, -2.677945044588987, 2.23606797749979
141, 17, 156, 117, 158, 118, -2, -1, -2.677945044588987, 2.23606797749979
141, 18, 256, 125, 258, 125, -2, 0, 3.141592653589793, 2.0
141, 26, 288, 212, 292, 214, -4, -2, -2.677945044588987, 4.47213595499958
141, 33, 114, 125, 116, 126, -2, -1, -2.677945044588987, 2.23606797749979
141, 38, 264, 368, 266, 368, -2, 0, 3.141592653589793, 2.0
141, 42, 422, 367, 426, 368, -4, -1, -2.896613990462929, 4.123105625617661
141, 45, 223, 211, 229, 214, -6, -3, -2.677945044588987, 6.708203932499369
141, 48, 78, 134, 78, 136, 0, -2, -1.5707963267948966, 2.0
141, 51, 231, 125, 233, 126, -2, -1, -2.677945044588987, 2.23606797749979
141, 53, 599, 341, 601, 341, -2, 0, 3.141592653589793, 2.0
141, 62, 324, 366, 330, 367, -6, -1, -2.976443976175166, 6.082762530298219
141, 63, 172, 118, 174, 119, -2, -1, -2.677945044588987, 2.23606797749979
141, 64, 190, 151, 193, 152, -3, -1, -2.819842099193151, 3.1622776601683795
141, 66, 207, 118, 209, 118, -2, 0, 3.141592653589793, 2.0
141, 67, 306, 368, 311, 368, -5, 0, 3.141592653589793, 5.0
141, 68, 276, 124, 278, 125, -2, -1, -2.677945044588987, 2.23606797749979
141, 70, 179, 133, 181, 134, -2, -1, -2.677945044588987, 2.23606797749979
141, 72, 582, 160, 582, 162, 0, -2, -1.5707963267948966, 2.0
141, 75, 90, 233, 96, 235, -6, -2, -2.819842099193151, 6.324555320336759
141, 80, 573, 192, 574, 195, -1, -3, -1.892546881191539, 3.1622776601683795
141, 81, 275, 365, 277, 366, -2, -1, -2.677945044588987, 2.23606797749979
141, 82, 203, 296, 207, 295, -4, 1, 2.896613990462929, 4.123105625617661
141, 87, 202, 124, 204, 125, -2, -1, -2.677945044588987, 2.23606797749979
141, 90, 296, 229, 301, 232, -5, -3, -2.601173153319209, 5.830951894845301
141, 92, 143, 151, 147, 151, -4, 0, 3.141592653589793, 4.0
141, 95, 73, 327, 75, 327, -2, 0, 3.141592653589793, 2.0
141, 96, 295, 152, 298, 154, -3, -2, -2.5535900500422257, 3.605551275463989
141, 100, 258, 156, 260, 157, -2, -1, -2.677945044588987, 2.23606797749979
141, 101, 203, 364, 206, 365, -3, -1, -2.819842099193151, 3.1622776601683795
141, 105, 243, 255, 246, 256, -3, -1, -2.819842099193151, 3.1622776601683795
141, 108, 238, 125, 240, 125, -2, 0, 3.141592653589793, 2.0
141, 109, 584, 228, 584, 231, 0, -3, -1.5707963267948966, 3.0
141, 113, 136, 246, 142, 249, -6, -3, -2.677945044588987, 6.708203932499369
141, 114, 163, 193, 167, 195, -4, -2, -2.677945044588987, 4.47213595499958
141, 116, 192, 304, 194, 304, -2, 0, 3.141592653589793, 2.0
141, 117, 254, 134, 257, 135, -3, -1, -2.819842099193151, 3.1622776601683795
141, 118, 128, 261, 130, 261, -2, 0, 3.141592653589793, 2.0
141, 119, 90, 337, 92, 338, -2, -1, -2.677945044588987, 2.23606797749979
141, 120, 174, 152, 177, 154, -3, -2, -2.5535900500422257, 3.605551275463989
141, 121, 103, 270, 110, 271, -7, -1, -2.999695598985629, 7.0710678118654755
141, 124, 245, 217, 251, 221, -6, -4, -2.5535900500422257, 7.211102550927978
141, 125, 120, 270, 123, 269, -3, 1, 2.819842099193151, 3.1622776601683795
141, 126, 105, 234, 109, 234, -4, 0, 3.141592653589793, 4.0
141, 127, 82, 239, 84, 240, -2, -1, -2.677945044588987, 2.23606797749979
141, 130, 341, 150, 344, 150, -3, 0, 3.141592653589793, 3.0
142, 8, 276, 140, 278, 141, -2, -1, -2.677945044588987, 2.23606797749979
142, 10, 120, 282, 126, 283, -6, -1, -2.976443976175166, 6.082762530298219
142, 11, 155, 143, 157, 144, -2, -1, -2.677945044588987, 2.23606797749979
142, 16, 154, 116, 156, 117, -2, -1, -2.677945044588987, 2.23606797749979
142, 17, 254, 125, 256, 125, -2, 0, 3.141592653589793, 2.0
142, 24, 284, 209, 288, 212, -4, -3, -2.498091544796509, 5.0
142, 32, 240, 117, 242, 117, -2, 0, 3.141592653589793, 2.0
142, 35, 261, 368, 264, 368, -3, 0, 3.141592653589793, 3.0
142, 39, 419, 366, 422, 367, -3, -1, -2.819842099193151, 3.1622776601683795
142, 42, 220, 209, 223, 211, -3, -2, -2.5535900500422257, 3.605551275463989
142, 47, 229, 124, 231, 125, -2, -1, -2.677945044588987, 2.23606797749979
142, 57, 319, 366, 324, 366, -5, 0, 3.141592653589793, 5.0
142, 58, 170, 118, 172, 118, -2, 0, 3.141592653589793, 2.0
142, 59, 187, 150, 190, 151, -3, -1, -2.819842099193151, 3.1622776601683795
142, 62, 302, 368, 306, 368, -4, 0, 3.141592653589793, 4.0
142, 63, 274, 123, 276, 124, -2, -1, -2.677945044588987, 2.23606797749979
142, 65, 177, 132, 179, 133, -2, -1, -2.677945044588987, 2.23606797749979
142, 67, 581, 158, 582, 160, -1, -2, -2.0344439357957027, 2.23606797749979
142, 71, 99, 165, 100, 164, -1, 1, 2.356194490192345, 1.4142135623730951
142, 74, 572, 189, 573, 192, -1, -3, -1.892546881191539, 3.1622776601683795
142, 75, 272, 365, 275, 365, -3, 0, 3.141592653589793, 3.0
142, 76, 197, 295, 203, 296, -6, -1, -2.976443976175166, 6.082762530298219
142, 82, 293, 227, 296, 229, -3, -2, -2.5535900500422257, 3.605551275463989
142, 84, 140, 150, 143, 151, -3, -1, -2.819842099193151, 3.1622776601683795
142, 87, 69, 327, 73, 327, -4, 0, 3.141592653589793, 4.0
142, 88, 293, 151, 295, 152, -2, -1, -2.677945044588987, 2.23606797749979
142, 92, 201, 364, 203, 364, -2, 0, 3.141592653589793, 2.0
142, 96, 241, 254, 243, 255, -2, -1, -2.677945044588987, 2.23606797749979
142, 99, 236, 124, 238, 125, -2, -1, -2.677945044588987, 2.23606797749979
142, 100, 585, 225, 584, 228, 1, -3, -1.2490457723982544, 3.1622776601683795
142, 104, 130, 243, 136, 246, -6, -3, -2.677945044588987, 6.708203932499369
142, 105, 158, 191, 163, 193, -5, -2, -2.761086276477428, 5.385164807134504
142, 107, 190, 303, 192, 304, -2, -1, -2.677945044588987, 2.23606797749979
142, 108, 252, 133, 254, 134, -2, -1, -2.677945044588987, 2.23606797749979
142, 109, 126, 260, 128, 261, -2, -1, -2.677945044588987, 2.23606797749979
142, 110, 171, 151, 174, 152, -3, -1, -2.819842099193151, 3.1622776601683795
142, 111, 99, 270, 103, 270, -4, 0, 3.141592653589793, 4.0
142, 113, 240, 216, 245, 217, -5, -1, -2.9441970937399127, 5.0990195135927845
142, 114, 116, 270, 120, 270, -4, 0, 3.141592653589793, 4.0
142, 115, 101, 232, 105, 234, -4, -2, -2.677945044588987, 4.47213595499958
143, 9, 114, 280, 120, 282, -6, -2, -2.819842099193151, 6.324555320336759
143, 10, 152, 142, 155, 143, -3, -1, -2.819842099193151, 3.1622776601683795
143, 11, 378, 138, 380, 138, -2, 0, 3.141592653589793, 2.0
143, 14, 252, 124, 254, 125, -2, -1, -2.677945044588987, 2.23606797749979
143, 20, 279, 208, 284, 209, -5, -1, -2.9441970937399127, 5.0990195135927845
143, 26, 111, 124, 113, 125, -2, -1, -2.677945044588987, 2.23606797749979
143, 31, 259, 367, 261, 368, -2, -1, -2.677945044588987, 2.23606797749979
143, 34, 415, 366, 419, 366, -4, 0, 3.141592653589793, 4.0
143, 37, 217, 207, 220, 209, -3, -2, -2.5535900500422257, 3.605551275463989
143, 50, 317, 366, 319, 366, -2, 0, 3.141592653589793, 2.0
143, 51, 168, 118, 170, 118, -2, 0, 3.141592653589793, 2.0
143, 52, 182, 148, 187, 150, -5, -2, -2.761086276477428, 5.385164807134504
143, 53, 204, 117, 206, 118, -2, -1, -2.677945044588987, 2.23606797749979
143, 54, 298, 367, 302, 368, -4, -1, -2.896613990462929, 4.123105625617661
143, 56, 175, 131, 177, 132, -2, -1, -2.677945044588987, 2.23606797749979
143, 57, 581, 156, 581, 158, 0, -2, -1.5707963267948966, 2.0
143, 61, 77, 315, 76, 316, 1, -1, -0.7853981633974483, 1.4142135623730951
143, 62, 573, 186, 572, 189, 1, -3, -1.2490457723982544, 3.1622776601683795
143, 63, 270, 365, 272, 365, -2, 0, 3.141592653589793, 2.0
143, 64, 192, 293, 197, 295, -5, -2, -2.761086276477428, 5.385164807134504
143, 68, 287, 224, 293, 227, -6, -3, -2.677945044588987, 6.708203932499369
143, 70, 137, 149, 140, 150, -3, -1, -2.819842099193151, 3.1622776601683795
143, 81, 239, 254, 241, 254, -2, 0, 3.141592653589793, 2.0
143, 84, 585, 223, 585, 225, 0, -2, -1.5707963267948966, 2.0
143, 88, 128, 242, 130, 243, -2, -1, -2.677945044588987, 2.23606797749979
143, 89, 154, 189, 158, 191, -4, -2, -2.677945044588987, 4.47213595499958
143, 90, 188, 302, 190, 303, -2, -1, -2.677945044588987, 2.23606797749979
143, 91, 250, 132, 252, 133, -2, -1, -2.677945044588987, 2.23606797749979
143, 92, 124, 260, 126, 260, -2, 0, 3.141592653589793, 2.0
143, 93, 167, 150, 171, 151, -4, -1, -2.896613990462929, 4.123105625617661
143, 94, 96, 269, 99, 270, -3, -1, -2.819842099193151, 3.1622776601683795
143, 96, 240, 214, 240, 216, 0, -2, -1.5707963267948966, 2.0
143, 97, 111, 268, 116, 270, -5, -2, -2.761086276477428, 5.385164807134504
143, 98, 97, 230, 101, 232, -4, -2, -2.677945044588987, 4.47213595499958
143, 100, 338, 150, 340, 150, -2, 0, 3.141592653589793, 2.0
144, 6, 93, 159, 93, 161, 0, -2, -1.5707963267948966, 2.0
144, 8, 109, 278, 114, 280, -5, -2, -2.761086276477428, 5.385164807134504
144, 9, 150, 141, 152, 142, -2, -1, -2.677945044588987, 2.23606797749979
144, 12, 250, 123, 252, 124, -2, -1, -2.677945044588987, 2.23606797749979
144, 18, 276, 207, 279, 208, -3, -1, -2.819842099193151, 3.1622776601683795
144, 28, 256, 365, 259, 367, -3, -2, -2.5535900500422257, 3.605551275463989
144, 33, 214, 205, 217, 207, -3, -2, -2.5535900500422257, 3.605551275463989
144, 38, 226, 123, 228, 124, -2, -1, -2.677945044588987, 2.23606797749979
144, 46, 315, 366, 317, 366, -2, 0, 3.141592653589793, 2.0
144, 47, 166, 117, 168, 118, -2, -1, -2.677945044588987, 2.23606797749979
144, 48, 180, 147, 182, 148, -2, -1, -2.677945044588987, 2.23606797749979
144, 49, 295, 367, 298, 367, -3, 0, 3.141592653589793, 3.0
144, 51, 173, 131, 175, 131, -2, 0, 3.141592653589793, 2.0
144, 56, 572, 184, 573, 186, -1, -2, -2.0344439357957027, 2.23606797749979
144, 57, 268, 365, 270, 365, -2, 0, 3.141592653589793, 2.0
144, 58, 189, 292, 192, 293, -3, -1, -2.819842099193151, 3.1622776601683795
144, 63, 135, 148, 137, 149, -2, -1, -2.677945044588987, 2.23606797749979
144, 72, 237, 254, 239, 254, -2, 0, 3.141592653589793, 2.0
144, 75, 585, 221, 585, 223, 0, -2, -1.5707963267948966, 2.0
144, 79, 127, 238, 128, 242, -1, -4, -1.8157749899217608, 4.123105625617661
144, 80, 149, 190, 154, 189, -5, 1, 2.9441970937399127, 5.0990195135927845
144, 81, 186, 302, 188, 302, -2, 0, 3.141592653589793, 2.0
144, 82, 247, 132, 250, 132, -3, 0, 3.141592653589793, 3.0
144, 83, 122, 260, 124, 260, -2, 0, 3.141592653589793, 2.0
144, 84, 164, 149, 167, 150, -3, -1, -2.819842099193151, 3.1622776601683795
144, 87, 235, 212, 240, 214, -5, -2, -2.761086276477428, 5.385164807134504
144, 88, 105, 266, 111, 268, -6, -2, -2.819842099193151, 6.324555320336759
144, 89, 92, 228, 97, 230, -5, -2, -2.761086276477428, 5.385164807134504
145, 1, 276, 141, 278, 142, -2, -1, -2.677945044588987, 2.23606797749979
145, 6, 89, 346, 88, 347, 1, -1, -0.7853981633974483, 1.4142135623730951
145, 8, 152, 117, 154, 118, -2, -1, -2.677945044588987, 2.23606797749979
145, 9, 155, 144, 159, 146, -4, -2, -2.677945044588987, 4.47213595499958
145, 11, 382, 138, 384, 139, -2, -1, -2.677945044588987, 2.23606797749979
145, 15, 94, 166, 93, 165, 1, 1, 0.7853981633974483, 1.4142135623730951
145, 34, 140, 117, 142, 118, -2, -1, -2.677945044588987, 2.23606797749979
145, 36, 262, 364, 265, 364, -3, 0, 3.141592653589793, 3.0
145, 38, 114, 283, 119, 284, -5, -1, -2.9441970937399127, 5.0990195135927845
145, 39, 88, 333, 89, 335, -1, -2, -2.0344439357957027, 2.23606797749979
145, 47, 86, 227, 91, 229, -5, -2, -2.761086276477428, 5.385164807134504
145, 62, 574, 189, 574, 191, 0, -2, -1.5707963267948966, 2.0
145, 63, 585, 244, 586, 246, -1, -2, -2.0344439357957027, 2.23606797749979
145, 65, 200, 366, 203, 366, -3, 0, 3.141592653589793, 3.0
145, 66, 192, 289, 199, 292, -7, -3, -2.7367008673047097, 7.615773105863909
145, 70, 271, 366, 273, 366, -2, 0, 3.141592653589793, 2.0
145, 72, 169, 151, 172, 152, -3, -1, -2.819842099193151, 3.1622776601683795
145, 74, 170, 120, 172, 120, -2, 0, 3.141592653589793, 2.0
145, 76, 418, 368, 422, 369, -4, -1, -2.896613990462929, 4.123105625617661
145, 77, 82, 198, 82, 200, 0, -2, -1.5707963267948966, 2.0
145, 78, 229, 141, 231, 141, -2, 0, 3.141592653589793, 2.0
145, 79, 580, 194, 580, 196, 0, -2, -1.5707963267948966, 2.0
145, 85, 277, 204, 282, 207, -5, -3, -2.601173153319209, 5.830951894845301
145, 87, 284, 221, 290, 226, -6, -5, -2.44685437739309, 7.810249675906654
145, 93, 181, 147, 187, 150, -6, -3, -2.677945044588987, 6.708203932499369
145, 100, 95, 268, 102, 271, -7, -3, -2.7367008673047097, 7.615773105863909
145, 102, 215, 205, 221, 208, -6, -3, -2.677945044588987, 6.708203932499369
145, 107, 174, 133, 177, 134, -3, -1, -2.819842099193151, 3.1622776601683795
145, 111, 271, 151, 273, 152, -2, -1, -2.677945044588987, 2.23606797749979
145, 112, 585, 225, 584, 227, 1, -2, -1.1071487177940904, 2.23606797749979
145, 115, 88, 235, 89, 238, -1, -3, -1.892546881191539, 3.1622776601683795
145, 127, 238, 213, 243, 216, -5, -3, -2.601173153319209, 5.830951894845301
145, 138, 320, 366, 325, 367, -5, -1, -2.9441970937399127, 5.0990195135927845
145, 141, 254, 155, 257, 156, -3, -1, -2.819842099193151, 3.1622776601683795
145, 142, 295, 154, 297, 155, -2, -1, -2.677945044588987, 2.23606797749979
145, 144, 174, 143, 176, 144, -2, -1, -2.677945044588987, 2.23606797749979
145, 153, 155, 187, 158, 189, -3, -2, -2.5535900500422257, 3.605551275463989
145, 159, 569, 196, 569, 199, 0, -3, -1.5707963267948966, 3.0
145, 161, 115, 255, 118, 256, -3, -1, -2.819842099193151, 3.1622776601683795
145, 164, 302, 366, 307, 367, -5, -1, -2.9441970937399127, 5.0990195135927845
145, 166, 339, 151, 341, 151, -2, 0, 3.141592653589793, 2.0
145, 167, 118, 145, 120, 146, -2, -1, -2.677945044588987, 2.23606797749979
145, 171, 149, 342, 150, 344, -1, -2, -2.0344439357957027, 2.23606797749979
145, 172, 190, 364, 192, 364, -2, 0, 3.141592653589793, 2.0
145, 178, 180, 155, 185, 157, -5, -2, -2.761086276477428, 5.385164807134504
145, 179, 252, 137, 254, 137, -2, 0, 3.141592653589793, 2.0
145, 184, 142, 148, 144, 149, -2, -1, -2.677945044588987, 2.23606797749979
146, 1, 274, 140, 276, 141, -2, -1, -2.677945044588987, 2.23606797749979
146, 6, 150, 116, 152, 117, -2, -1, -2.677945044588987, 2.23606797749979
146, 7, 152, 143, 155, 144, -3, -1, -2.819842099193151, 3.1622776601683795
146, 9, 381, 139, 382, 138, -1, 1, 2.356194490192345, 1.4142135623730951
146, 26, 259, 363, 262, 364, -3, -1, -2.819842099193151, 3.1622776601683795
146, 28, 107, 282, 114, 283, -7, -1, -2.999695598985629, 7.0710678118654755
146, 30, 204, 118, 206, 119, -2, -1, -2.677945044588987, 2.23606797749979
146, 35, 83, 226, 86, 227, -3, -1, -2.819842099193151, 3.1622776601683795
146, 46, 574, 187, 574, 189, 0, -2, -1.5707963267948966, 2.0
146, 48, 198, 366, 200, 366, -2, 0, 3.141592653589793, 2.0
146, 49, 186, 287, 192, 289, -6, -2, -2.819842099193151, 6.324555320336759
146, 52, 269, 366, 271, 366, -2, 0, 3.141592653589793, 2.0
146, 53, 166, 150, 169, 151, -3, -1, -2.819842099193151, 3.1622776601683795
146, 54, 168, 119, 170, 120, -2, -1, -2.677945044588987, 2.23606797749979
146, 55, 414, 368, 418, 368, -4, 0, 3.141592653589793, 4.0
146, 56, 82, 196, 82, 198, 0, -2, -1.5707963267948966, 2.0
146, 57, 227, 141, 229, 141, -2, 0, 3.141592653589793, 2.0
146, 58, 580, 192, 580, 194, 0, -2, -1.5707963267948966, 2.0
146, 64, 273, 203, 277, 204, -4, -1, -2.896613990462929, 4.123105625617661
146, 66, 280, 218, 284, 221, -4, -3, -2.498091544796509, 5.0
146, 68, 219, 136, 221, 137, -2, -1, -2.677945044588987, 2.23606797749979
146, 72, 176, 145, 181, 147, -5, -2, -2.761086276477428, 5.385164807134504
146, 78, 89, 266, 95, 268, -6, -2, -2.819842099193151, 6.324555320336759
146, 79, 209, 203, 215, 205, -6, -2, -2.819842099193151, 6.324555320336759
146, 81, 130, 105, 132, 106, -2, -1, -2.677945044588987, 2.23606797749979
146, 82, 172, 132, 174, 133, -2, -1, -2.677945044588987, 2.23606797749979
146, 85, 269, 150, 271, 151, -2, -1, -2.677945044588987, 2.23606797749979
146, 86, 586, 223, 585, 225, 1, -2, -1.1071487177940904, 2.23606797749979
146, 89, 85, 233, 88, 235, -3, -2, -2.5535900500422257, 3.605551275463989
146, 96, 233, 209, 238, 213, -5, -4, -2.4668517113662407, 6.4031242374328485
146, 98, 202, 126, 204, 127, -2, -1, -2.677945044588987, 2.23606797749979
146, 105, 315, 365, 320, 366, -5, -1, -2.9441970937399127, 5.0990195135927845
146, 108, 251, 154, 254, 155, -3, -1, -2.819842099193151, 3.1622776601683795
146, 109, 293, 153, 295, 154, -2, -1, -2.677945044588987, 2.23606797749979
146, 111, 172, 142, 174, 143, -2, -1, -2.677945044588987, 2.23606797749979
146, 115, 153, 186, 155, 187, -2, -1, -2.677945044588987, 2.23606797749979
146, 120, 569, 194, 569, 196, 0, -2, -1.5707963267948966, 2.0
146, 122, 113, 255, 115, 255, -2, 0, 3.141592653589793, 2.0
146, 125, 296, 365, 302, 366, -6, -1, -2.976443976175166, 6.082762530298219
146, 127, 337, 151, 339, 151, -2, 0, 3.141592653589793, 2.0
146, 128, 116, 144, 118, 145, -2, -1, -2.677945044588987, 2.23606797749979
146, 132, 147, 342, 149, 342, -2, 0, 3.141592653589793, 2.0
146, 133, 188, 364, 190, 364, -2, 0, 3.141592653589793, 2.0
146, 135, 336, 181, 335, 182, 1, -1, -0.7853981633974483, 1.4142135623730951
146, 139, 176, 152, 180, 155, -4, -3, -2.498091544796509, 5.0
146, 140, 250, 136, 252, 137, -2, -1, -2.677945044588987, 2.23606797749979
146, 144, 140, 148, 142, 148, -2, 0, 3.141592653589793, 2.0
147, 1, 272, 139, 274, 140, -2, -1, -2.677945044588987, 2.23606797749979
147, 6, 147, 114, 150, 116, -3, -2, -2.5535900500422257, 3.605551275463989
147, 7, 148, 141, 152, 143, -4, -2, -2.677945044588987, 4.47213595499958
147, 9, 379, 139, 381, 139, -2, 0, 3.141592653589793, 2.0
147, 13, 112, 124, 113, 126, -1, -2, -2.0344439357957027, 2.23606797749979
147, 25, 257, 362, 259, 363, -2, -1, -2.677945044588987, 2.23606797749979
147, 27, 102, 281, 107, 282, -5, -1, -2.9441970937399127, 5.0990195135927845
147, 29, 202, 117, 204, 118, -2, -1, -2.677945044588987, 2.23606797749979
147, 33, 81, 224, 83, 226, -2, -2, -2.356194490192345, 2.8284271247461903
147, 43, 574, 185, 574, 187, 0, -2, -1.5707963267948966, 2.0
147, 45, 196, 366, 198, 366, -2, 0, 3.141592653589793, 2.0
147, 46, 181, 285, 186, 287, -5, -2, -2.761086276477428, 5.385164807134504
147, 48, 266, 366, 269, 366, -3, 0, 3.141592653589793, 3.0
147, 49, 164, 149, 166, 150, -2, -1, -2.677945044588987, 2.23606797749979
147, 50, 166, 119, 168, 119, -2, 0, 3.141592653589793, 2.0
147, 51, 411, 367, 414, 368, -3, -1, -2.819842099193151, 3.1622776601683795
147, 52, 83, 194, 82, 196, 1, -2, -1.1071487177940904, 2.23606797749979
147, 53, 225, 140, 227, 141, -2, -1, -2.677945044588987, 2.23606797749979
147, 54, 581, 191, 580, 192, 1, -1, -0.7853981633974483, 1.4142135623730951
147, 58, 270, 200, 273, 203, -3, -3, -2.356194490192345, 4.242640687119285
147, 60, 276, 219, 280, 218, -4, 1, 2.896613990462929, 4.123105625617661
147, 62, 174, 144, 176, 145, -2, -1, -2.677945044588987, 2.23606797749979
147, 66, 87, 266, 89, 266, -2, 0, 3.141592653589793, 2.0
147, 67, 205, 204, 209, 203, -4, 1, 2.896613990462929, 4.123105625617661
147, 70, 169, 131, 172, 132, -3, -1, -2.819842099193151, 3.1622776601683795
147, 72, 266, 149, 269, 150, -3, -1, -2.819842099193151, 3.1622776601683795
147, 73, 587, 222, 586, 223, 1, -1, -0.7853981633974483, 1.4142135623730951
147, 75, 64, 334, 66, 332, -2, 2, 2.356194490192345, 2.8284271247461903
147, 76, 83, 231, 85, 233, -2, -2, -2.356194490192345, 2.8284271247461903
147, 79, 229, 203, 233, 209, -4, -6, -2.158798930342464, 7.211102550927978
147, 85, 311, 364, 315, 365, -4, -1, -2.896613990462929, 4.123105625617661
147, 87, 72, 323, 73, 322, -1, 1, 2.356194490192345, 1.4142135623730951
147, 88, 249, 154, 251, 154, -2, 0, 3.141592653589793, 2.0
147, 89, 290, 153, 293, 153, -3, 0, 3.141592653589793, 3.0
147, 91, 169, 140, 172, 142, -3, -2, -2.5535900500422257, 3.605551275463989
147, 94, 151, 185, 153, 186, -2, -1, -2.677945044588987, 2.23606797749979
147, 99, 569, 192, 569, 194, 0, -2, -1.5707963267948966, 2.0
147, 100, 111, 255, 113, 255, -2, 0, 3.141592653589793, 2.0
147, 103, 292, 364, 296, 365, -4, -1, -2.896613990462929, 4.123105625617661
147, 105, 335, 151, 337, 151, -2, 0, 3.141592653589793, 2.0
147, 106, 525, 141, 525, 143, 0, -2, -1.5707963267948966, 2.0
147, 109, 145, 342, 147, 342, -2, 0, 3.141592653589793, 2.0
147, 110, 186, 364, 188, 364, -2, 0, 3.141592653589793, 2.0
147, 114, 173, 151, 176, 152, -3, -1, -2.819842099193151, 3.1622776601683795
147, 115, 248, 135, 250, 136, -2, -1, -2.677945044588987, 2.23606797749979
147, 119, 138, 148, 140, 148, -2, 0, 3.141592653589793, 2.0
148, 5, 146, 140, 148, 141, -2, -1, -2.677945044588987, 2.23606797749979
148, 20, 254, 361, 257, 362, -3, -1, -2.819842099193151, 3.1622776601683795
148, 22, 99, 280, 102, 281, -3, -1, -2.819842099193151, 3.1622776601683795
148, 23, 200, 116, 202, 117, -2, -1, -2.677945044588987, 2.23606797749979
148, 27, 79, 223, 81, 224, -2, -1, -2.677945044588987, 2.23606797749979
148, 37, 193, 365, 196, 366, -3, -1, -2.819842099193151, 3.1622776601683795
148, 38, 176, 282, 181, 285, -5, -3, -2.601173153319209, 5.830951894845301
148, 39, 263, 365, 266, 366, -3, -1, -2.819842099193151, 3.1622776601683795
148, 40, 162, 148, 164, 149, -2, -1, -2.677945044588987, 2.23606797749979
148, 41, 164, 118, 166, 119, -2, -1, -2.677945044588987, 2.23606797749979
148, 42, 407, 366, 411, 367, -4, -1, -2.896613990462929, 4.123105625617661
148, 44, 581, 189, 581, 191, 0, -2, -1.5707963267948966, 2.0
148, 48, 268, 198, 270, 200, -2, -2, -2.356194490192345, 2.8284271247461903
148, 50, 275, 217, 276, 219, -1, -2, -2.0344439357957027, 2.23606797749979
148, 51, 172, 143, 174, 144, -2, -1, -2.677945044588987, 2.23606797749979
148, 55, 202, 202, 205, 204, -3, -2, -2.5535900500422257, 3.605551275463989
148, 58, 167, 129, 169, 131, -2, -2, -2.356194490192345, 2.8284271247461903
148, 60, 263, 147, 266, 149, -3, -2, -2.5535900500422257, 3.605551275463989
148, 63, 82, 229, 83, 231, -1, -2, -2.0344439357957027, 2.23606797749979
148, 64, 226, 201, 229, 203, -3, -2, -2.5535900500422257, 3.605551275463989
148, 69, 307, 362, 311, 364, -4, -2, -2.677945044588987, 4.47213595499958
148, 72, 246, 154, 249, 154, -3, 0, 3.141592653589793, 3.0
148, 73, 287, 152, 290, 153, -3, -1, -2.819842099193151, 3.1622776601683795
148, 75, 167, 139, 169, 140, -2, -1, -2.677945044588987, 2.23606797749979
148, 78, 148, 184, 151, 185, -3, -1, -2.819842099193151, 3.1622776601683795
148, 82, 569, 190, 569, 192, 0, -2, -1.5707963267948966, 2.0
148, 86, 290, 363, 292, 364, -2, -1, -2.677945044588987, 2.23606797749979
148, 88, 332, 151, 335, 151, -3, 0, 3.141592653589793, 3.0
148, 89, 525, 139, 525, 141, 0, -2, -1.5707963267948966, 2.0
148, 92, 141, 344, 145, 342, -4, 2, 2.677945044588987, 4.47213595499958
148, 93, 184, 364, 186, 364, -2, 0, 3.141592653589793, 2.0
148, 96, 170, 150, 173, 151, -3, -1, -2.819842099193151, 3.1622776601683795
148, 97, 246, 134, 248, 135, -2, -1, -2.677945044588987, 2.23606797749979
149, 5, 376, 139, 378, 139, -2, 0, 3.141592653589793, 2.0
149, 17, 252, 360, 254, 361, -2, -1, -2.677945044588987, 2.23606797749979
149, 19, 95, 280, 99, 280, -4, 0, 3.141592653589793, 4.0
149, 23, 78, 221, 79, 223, -1, -2, -2.0344439357957027, 2.23606797749979
149, 32, 191, 365, 193, 365, -2, 0, 3.141592653589793, 2.0
149, 34, 260, 365, 263, 365, -3, 0, 3.141592653589793, 3.0
149, 35, 159, 147, 162, 148, -3, -1, -2.819842099193151, 3.1622776601683795
149, 36, 405, 365, 407, 366, -2, -1, -2.677945044588987, 2.23606797749979
149, 38, 583, 187, 581, 189, 2, -2, -0.7853981633974483, 2.8284271247461903
149, 40, 264, 196, 268, 198, -4, -2, -2.677945044588987, 4.47213595499958
149, 42, 271, 214, 275, 217, -4, -3, -2.498091544796509, 5.0
149, 43, 168, 142, 172, 143, -4, -1, -2.896613990462929, 4.123105625617661
149, 46, 199, 200, 202, 202, -3, -2, -2.5535900500422257, 3.605551275463989
149, 49, 257, 144, 263, 147, -6, -3, -2.677945044588987, 6.708203932499369
149, 50, 588, 218, 587, 221, 1, -3, -1.2490457723982544, 3.1622776601683795
149, 54, 305, 360, 307, 362, -2, -2, -2.356194490192345, 2.8284271247461903
149, 57, 244, 154, 246, 154, -2, 0, 3.141592653589793, 2.0
149, 58, 285, 151, 287, 152, -2, -1, -2.677945044588987, 2.23606797749979
149, 60, 163, 138, 167, 139, -4, -1, -2.896613990462929, 4.123105625617661
149, 63, 145, 183, 148, 184, -3, -1, -2.819842099193151, 3.1622776601683795
149, 64, 90, 195, 90, 197, 0, -2, -1.5707963267948966, 2.0
149, 68, 287, 362, 290, 363, -3, -1, -2.819842099193151, 3.1622776601683795
149, 70, 329, 151, 332, 151, -3, 0, 3.141592653589793, 3.0
149, 74, 136, 343, 141, 344, -5, -1, -2.9441970937399127, 5.0990195135927845
149, 75, 181, 364, 184, 364, -3, 0, 3.141592653589793, 3.0
149, 76, 498, 364, 497, 365, 1, -1, -0.7853981633974483, 1.4142135623730951
149, 77, 166, 148, 170, 150, -4, -2, -2.677945044588987, 4.47213595499958
149, 78, 241, 133, 246, 134, -5, -1, -2.9441970937399127, 5.0990195135927845
149, 80, 135, 147, 137, 148, -2, -1, -2.677945044588987, 2.23606797749979
150, 10, 153, 111, 155, 113, -2, -2, -2.356194490192345, 2.8284271247461903
150, 18, 89, 261, 93, 262, -4, -1, -2.896613990462929, 4.123105625617661
150, 20, 221, 131, 223, 132, -2, -1, -2.677945044588987, 2.23606797749979
150, 24, 151, 146, 153, 147, -2, -1, -2.677945044588987, 2.23606797749979
150, 25, 202, 117, 204, 118, -2, -1, -2.677945044588987, 2.23606797749979
150, 34, 256, 365, 260, 365, -4, 0, 3.141592653589793, 4.0
150, 37, 238, 120, 240, 121, -2, -1, -2.677945044588987, 2.23606797749979
150, 43, 201, 125, 203, 126, -2, -1, -2.677945044588987, 2.23606797749979
150, 46, 590, 236, 590, 239, 0, -3, -1.5707963267948966, 3.0
150, 48, 97, 279, 101, 280, -4, -1, -2.896613990462929, 4.123105625617661
150, 55, 167, 118, 169, 119, -2, -1, -2.677945044588987, 2.23606797749979
150, 63, 222, 138, 224, 139, -2, -1, -2.677945044588987, 2.23606797749979
150, 64, 319, 120, 321, 121, -2, -1, -2.677945044588987, 2.23606797749979
150, 74, 575, 191, 575, 193, 0, -2, -1.5707963267948966, 2.0
150, 75, 410, 369, 415, 369, -5, 0, 3.141592653589793, 5.0
150, 76, 174, 144, 177, 146, -3, -2, -2.5535900500422257, 3.605551275463989
150, 79, 271, 214, 276, 218, -5, -4, -2.4668517113662407, 6.4031242374328485
150, 80, 263, 195, 270, 201, -7, -6, -2.432966381462123, 9.219544457292887
150, 85, 272, 138, 274, 138, -2, 0, 3.141592653589793, 2.0
150, 86, 249, 155, 252, 156, -3, -1, -2.819842099193151, 3.1622776601683795
150, 87, 201, 199, 207, 203, -6, -4, -2.5535900500422257, 7.211102550927978
150, 98, 169, 132, 171, 133, -2, -1, -2.677945044588987, 2.23606797749979
150, 99, 591, 222, 590, 223, 1, -1, -0.7853981633974483, 1.4142135623730951
150, 100, 172, 288, 179, 289, -7, -1, -2.999695598985629, 7.0710678118654755
150, 102, 89, 271, 91, 272, -2, -1, -2.677945044588987, 2.23606797749979
150, 104, 569, 348, 569, 350, 0, -2, -1.5707963267948966, 2.0
150, 110, 160, 149, 164, 149, -4, 0, 3.141592653589793, 4.0
150, 112, 306, 366, 311, 366, -5, 0, 3.141592653589793, 5.0
150, 115, 99, 181, 102, 183, -3, -2, -2.5535900500422257, 3.605551275463989
150, 125, 277, 142, 279, 143, -2, -1, -2.677945044588987, 2.23606797749979
150, 128, 225, 205, 230, 208, -5, -3, -2.601173153319209, 5.830951894845301
150, 129, 217, 242, 221, 243, -4, -1, -2.896613990462929, 4.123105625617661
150, 132, 247, 133, 249, 134, -2, -1, -2.677945044588987, 2.23606797749979
150, 133, 284, 156, 287, 156, -3, 0, 3.141592653589793, 3.0
150, 136, 294, 365, 296, 366, -2, -1, -2.677945044588987, 2.23606797749979
150, 138, 189, 364, 191, 364, -2, 0, 3.141592653589793, 2.0
150, 140, 271, 127, 273, 127, -2, 0, 3.141592653589793, 2.0
150, 141, 267, 365, 270, 366, -3, -1, -2.819842099193151, 3.1622776601683795
150, 143, 141, 183, 144, 184, -3, -1, -2.819842099193151, 3.1622776601683795
150, 145, 251, 167, 255, 169, -4, -2, -2.677945044588987, 4.47213595499958
150, 148, 131, 343, 134, 344, -3, -1, -2.819842099193151, 3.1622776601683795
150, 153, 132, 364, 131, 365, 1, -1, -0.7853981633974483, 1.4142135623730951
150, 155, 110, 237, 116, 239, -6, -2, -2.819842099193151, 6.324555320336759
150, 156, 158, 300, 160, 300, -2, 0, 3.141592653589793, 2.0
150, 160, 85, 292, 85, 294, 0, -2, -1.5707963267948966, 2.0
150, 161, 324, 171, 324, 173, 0, -2, -1.5707963267948966, 2.0
150, 163, 197, 366, 199, 367, -2, -1, -2.677945044588987, 2.23606797749979
151, 9, 152, 109, 153, 111, -1, -2, -2.0344439357957027, 2.23606797749979
151, 16, 86, 260, 89, 261, -3, -1, -2.819842099193151, 3.1622776601683795
151, 18, 219, 130, 221, 131, -2, -1, -2.677945044588987, 2.23606797749979
151, 21, 149, 145, 151, 146, -2, -1, -2.677945044588987, 2.23606797749979
151, 22, 200, 116, 202, 117, -2, -1, -2.677945044588987, 2.23606797749979
151, 25, 345, 114, 346, 116, -1, -2, -2.0344439357957027, 2.23606797749979
151, 30, 541, 365, 540, 366, 1, -1, -0.7853981633974483, 1.4142135623730951
151, 31, 252, 364, 256, 365, -4, -1, -2.896613990462929, 4.123105625617661
151, 39, 589, 233, 590, 236, -1, -3, -1.892546881191539, 3.1622776601683795
151, 40, 94, 278, 97, 279, -3, -1, -2.819842099193151, 3.1622776601683795
151, 44, 251, 127, 253, 127, -2, 0, 3.141592653589793, 2.0
151, 52, 220, 137, 222, 138, -2, -1, -2.677945044588987, 2.23606797749979
151, 59, 577, 350, 577, 352, 0, -2, -1.5707963267948966, 2.0
151, 61, 407, 368, 410, 369, -3, -1, -2.819842099193151, 3.1622776601683795
151, 62, 172, 142, 174, 144, -2, -2, -2.356194490192345, 2.8284271247461903
151, 65, 266, 211, 271, 214, -5, -3, -2.601173153319209, 5.830951894845301
151, 66, 258, 191, 263, 195, -5, -4, -2.4668517113662407, 6.4031242374328485
151, 69, 270, 137, 272, 138, -2, -1, -2.677945044588987, 2.23606797749979
151, 70, 246, 155, 249, 155, -3, 0, 3.141592653589793, 3.0
151, 71, 196, 196, 201, 199, -5, -3, -2.601173153319209, 5.830951894845301
151, 79, 167, 131, 169, 132, -2, -1, -2.677945044588987, 2.23606797749979
151, 81, 166, 286, 172, 288, -6, -2, -2.819842099193151, 6.324555320336759
151, 83, 87, 270, 89, 271, -2, -1, -2.677945044588987, 2.23606797749979
151, 91, 158, 148, 160, 149, -2, -1, -2.677945044588987, 2.23606797749979
151, 93, 301, 366, 306, 366, -5, 0, 3.141592653589793, 5.0
151, 96, 97, 180, 99, 181, -2, -1, -2.677945044588987, 2.23606797749979
151, 106, 275, 141, 277, 142, -2, -1, -2.677945044588987, 2.23606797749979
151, 107, 219, 201, 225, 205, -6, -4, -2.5535900500422257, 7.211102550927978
151, 108, 214, 242, 217, 242, -3, 0, 3.141592653589793, 3.0
151, 109, 72, 194, 71, 195, 1, -1, -0.7853981633974483, 1.4142135623730951
151, 111, 245, 132, 247, 133, -2, -1, -2.677945044588987, 2.23606797749979
151, 112, 281, 156, 284, 156, -3, 0, 3.141592653589793, 3.0
151, 114, 292, 364, 294, 365, -2, -1, -2.677945044588987, 2.23606797749979
151, 116, 187, 363, 189, 364, -2, -1, -2.677945044588987, 2.23606797749979
151, 119, 264, 364, 267, 365, -3, -1, -2.819842099193151, 3.1622776601683795
151, 121, 138, 182, 141, 183, -3, -1, -2.819842099193151, 3.1622776601683795
151, 123, 248, 165, 251, 167, -3, -2, -2.5535900500422257, 3.605551275463989
151, 126, 127, 342, 131, 343, -4, -1, -2.896613990462929, 4.123105625617661
151, 131, 103, 234, 110, 237, -7, -3, -2.7367008673047097, 7.615773105863909
151, 135, 84, 290, 85, 292, -1, -2, -2.0344439357957027, 2.23606797749979
151, 136, 324, 168, 324, 171, 0, -3, -1.5707963267948966, 3.0
151, 138, 195, 366, 197, 366, -2, 0, 3.141592653589793, 2.0
152, 9, 76, 335, 78, 335, -2, 0, 3.141592653589793, 2.0
152, 15, 217, 129, 219, 130, -2, -1, -2.677945044588987, 2.23606797749979
152, 17, 146, 144, 149, 145, -3, -1, -2.819842099193151, 3.1622776601683795
152, 25, 249, 364, 252, 364, -3, 0, 3.141592653589793, 3.0
152, 31, 589, 230, 589, 233, 0, -3, -1.5707963267948966, 3.0
152, 43, 218, 136, 220, 137, -2, -1, -2.677945044588987, 2.23606797749979
152, 49, 403, 367, 407, 368, -4, -1, -2.896613990462929, 4.123105625617661
152, 50, 169, 141, 172, 142, -3, -1, -2.819842099193151, 3.1622776601683795
152, 53, 262, 209, 266, 211, -4, -2, -2.677945044588987, 4.47213595499958
152, 54, 253, 188, 258, 191, -5, -3, -2.601173153319209, 5.830951894845301
152, 57, 268, 136, 270, 137, -2, -1, -2.677945044588987, 2.23606797749979
152, 58, 243, 154, 246, 155, -3, -1, -2.819842099193151, 3.1622776601683795
152, 59, 191, 193, 196, 196, -5, -3, -2.601173153319209, 5.830951894845301
152, 67, 165, 131, 167, 131, -2, 0, 3.141592653589793, 2.0
152, 68, 592, 219, 591, 221, 1, -2, -1.1071487177940904, 2.23606797749979
152, 69, 160, 284, 166, 286, -6, -2, -2.819842099193151, 6.324555320336759
152, 72, 569, 345, 569, 347, 0, -2, -1.5707963267948966, 2.0
152, 77, 155, 147, 158, 148, -3, -1, -2.819842099193151, 3.1622776601683795
152, 79, 298, 366, 301, 366, -3, 0, 3.141592653589793, 3.0
152, 82, 95, 179, 97, 180, -2, -1, -2.677945044588987, 2.23606797749979
152, 89, 273, 140, 275, 141, -2, -1, -2.677945044588987, 2.23606797749979
152, 90, 214, 197, 219, 201, -5, -4, -2.4668517113662407, 6.4031242374328485
152, 91, 211, 240, 214, 242, -3, -2, -2.5535900500422257, 3.605551275463989
152, 94, 243, 131, 245, 132, -2, -1, -2.677945044588987, 2.23606797749979
152, 95, 278, 156, 281, 156, -3, 0, 3.141592653589793, 3.0
152, 99, 185, 363, 187, 363, -2, 0, 3.141592653589793, 2.0
152, 102, 261, 364, 264, 364, -3, 0, 3.141592653589793, 3.0
152, 104, 134, 180, 138, 182, -4, -2, -2.677945044588987, 4.47213595499958
152, 106, 245, 164, 248, 165, -3, -1, -2.819842099193151, 3.1622776601683795
152, 109, 123, 342, 127, 342, -4, 0, 3.141592653589793, 4.0
152, 114, 101, 232, 103, 234, -2, -2, -2.356194490192345, 2.8284271247461903
152, 115, 155, 300, 157, 300, -2, 0, 3.141592653589793, 2.0
152, 118, 82, 288, 84, 290, -2, -2, -2.356194490192345, 2.8284271247461903
152, 119, 322, 167, 324, 168, -2, -1, -2.677945044588987, 2.23606797749979
152, 120, 502, 366, 501, 367, 1, -1, -0.7853981633974483, 1.4142135623730951
152, 121, 193, 365, 195, 366, -2, -1, -2.677945044588987, 2.23606797749979
153, 11, 83, 260, 85, 260, -2, 0, 3.141592653589793, 2.0
153, 13, 215, 128, 217, 129, -2, -1, -2.677945044588987, 2.23606797749979
153, 15, 144, 143, 146, 144, -2, -1, -2.677945044588987, 2.23606797749979
153, 20, 245, 363, 249, 364, -4, -1, -2.896613990462929, 4.123105625617661
153, 26, 588, 228, 589, 230, -1, -2, -2.0344439357957027, 2.23606797749979
153, 27, 91, 277, 93, 278, -2, -1, -2.677945044588987, 2.23606797749979
153, 31, 248, 126, 250, 127, -2, -1, -2.677945044588987, 2.23606797749979
153, 34, 579, 158, 581, 160, -2, -2, -2.356194490192345, 2.8284271247461903
153, 40, 578, 347, 577, 349, 1, -2, -1.1071487177940904, 2.23606797749979
153, 42, 401, 366, 403, 367, -2, -1, -2.677945044588987, 2.23606797749979
153, 43, 167, 140, 169, 141, -2, -1, -2.677945044588987, 2.23606797749979
153, 45, 258, 207, 262, 209, -4, -2, -2.677945044588987, 4.47213595499958
153, 46, 249, 186, 253, 188, -4, -2, -2.677945044588987, 4.47213595499958
153, 48, 266, 135, 268, 136, -2, -1, -2.677945044588987, 2.23606797749979
153, 49, 240, 153, 243, 154, -3, -1, -2.819842099193151, 3.1622776601683795
153, 50, 187, 192, 191, 193, -4, -1, -2.896613990462929, 4.123105625617661
153, 57, 163, 130, 165, 131, -2, -1, -2.677945044588987, 2.23606797749979
153, 59, 156, 281, 160, 284, -4, -3, -2.498091544796509, 5.0
153, 67, 152, 146, 155, 147, -3, -1, -2.819842099193151, 3.1622776601683795
153, 69, 296, 365, 298, 366, -2, -1, -2.677945044588987, 2.23606797749979
153, 76, 271, 140, 273, 140, -2, 0, 3.141592653589793, 2.0
153, 77, 213, 194, 214, 197, -1, -3, -1.892546881191539, 3.1622776601683795
153, 78, 207, 239, 211, 240, -4, -1, -2.896613990462929, 4.123105625617661
153, 84, 289, 363, 291, 364, -2, -1, -2.677945044588987, 2.23606797749979
153, 86, 183, 363, 185, 363, -2, 0, 3.141592653589793, 2.0
153, 89, 258, 365, 261, 364, -3, 1, 2.819842099193151, 3.1622776601683795
153, 91, 128, 178, 134, 180, -6, -2, -2.819842099193151, 6.324555320336759
153, 93, 242, 163, 245, 164, -3, -1, -2.819842099193151, 3.1622776601683795
153, 96, 121, 341, 123, 342, -2, -1, -2.677945044588987, 2.23606797749979
153, 101, 99, 231, 101, 232, -2, -1, -2.677945044588987, 2.23606797749979
153, 102, 153, 300, 155, 300, -2, 0, 3.141592653589793, 2.0
153, 106, 191, 364, 193, 365, -2, -1, -2.677945044588987, 2.23606797749979
154, 9, 81, 260, 83, 260, -2, 0, 3.141592653589793, 2.0
154, 10, 213, 127, 215, 128, -2, -1, -2.677945044588987, 2.23606797749979
154, 12, 142, 143, 144, 143, -2, 0, 3.141592653589793, 2.0
154, 17, 241, 363, 245, 363, -4, 0, 3.141592653589793, 4.0
154, 34, 575, 186, 575, 188, 0, -2, -1.5707963267948966, 2.0
154, 35, 399, 365, 401, 366, -2, -1, -2.677945044588987, 2.23606797749979
154, 36, 165, 139, 167, 140, -2, -1, -2.677945044588987, 2.23606797749979
154, 38, 255, 205, 258, 207, -3, -2, -2.5535900500422257, 3.605551275463989
154, 39, 243, 184, 249, 186, -6, -2, -2.819842099193151, 6.324555320336759
154, 42, 238, 153, 240, 153, -2, 0, 3.141592653589793, 2.0
154, 43, 183, 191, 187, 192, -4, -1, -2.896613990462929, 4.123105625617661
154, 50, 161, 129, 163, 130, -2, -1, -2.677945044588987, 2.23606797749979
154, 51, 153, 280, 156, 281, -3, -1, -2.819842099193151, 3.1622776601683795
154, 54, 569, 342, 569, 344, 0, -2, -1.5707963267948966, 2.0
154, 59, 150, 145, 152, 146, -2, -1, -2.677945044588987, 2.23606797749979
154, 61, 294, 364, 296, 365, -2, -1, -2.677945044588987, 2.23606797749979
154, 67, 269, 139, 271, 140, -2, -1, -2.677945044588987, 2.23606797749979
154, 68, 210, 193, 213, 194, -3, -1, -2.819842099193151, 3.1622776601683795
154, 69, 203, 238, 207, 239, -4, -1, -2.896613990462929, 4.123105625617661
154, 72, 274, 155, 277, 156, -3, -1, -2.819842099193151, 3.1622776601683795
154, 74, 286, 362, 289, 363, -3, -1, -2.819842099193151, 3.1622776601683795
154, 76, 181, 362, 183, 363, -2, -1, -2.677945044588987, 2.23606797749979
154, 79, 253, 365, 258, 365, -5, 0, 3.141592653589793, 5.0
154, 81, 124, 176, 128, 178, -4, -2, -2.677945044588987, 4.47213595499958
154, 83, 240, 163, 242, 163, -2, 0, 3.141592653589793, 2.0
154, 85, 121, 339, 121, 341, 0, -2, -1.5707963267948966, 2.0
154, 88, 99, 229, 99, 231, 0, -2, -1.5707963267948966, 2.0
154, 89, 152, 298, 153, 300, -1, -2, -2.0344439357957027, 2.23606797749979
154, 93, 189, 364, 191, 364, -2, 0, 3.141592653589793, 2.0
155, 7, 153, 146, 155, 147, -2, -1, -2.677945044588987, 2.23606797749979
155, 11, 145, 143, 147, 143, -2, 0, 3.141592653589793, 2.0
155, 18, 269, 139, 271, 140, -2, -1, -2.677945044588987, 2.23606797749979
155, 30, 592, 304, 592, 306, 0, -2, -1.5707963267948966, 2.0
155, 31, 217, 135, 219, 136, -2, -1, -2.677945044588987, 2.23606797749979
155, 34, 393, 136, 395, 137, -2, -1, -2.677945044588987, 2.23606797749979
155, 38, 297, 366, 300, 366, -3, 0, 3.141592653589793, 3.0
155, 40, 290, 365, 292, 366, -2, -1, -2.677945044588987, 2.23606797749979
155, 41, 173, 149, 175, 149, -2, 0, 3.141592653589793, 2.0
155, 51, 250, 188, 256, 192, -6, -4, -2.5535900500422257, 7.211102550927978
155, 70, 155, 285, 162, 286, -7, -1, -2.999695598985629, 7.0710678118654755
155, 74, 402, 364, 405, 364, -3, 0, 3.141592653589793, 3.0
155, 76, 113, 298, 118, 300, -5, -2, -2.761086276477428, 5.385164807134504
155, 78, 590, 231, 591, 234, -1, -3, -1.892546881191539, 3.1622776601683795
155, 80, 253, 207, 258, 210, -5, -3, -2.601173153319209, 5.830951894845301
155, 81, 193, 367, 195, 367, -2, 0, 3.141592653589793, 2.0
155, 83, 123, 342, 124, 344, -1, -2, -2.0344439357957027, 2.23606797749979
155, 85, 185, 190, 191, 193, -6, -3, -2.677945044588987, 6.708203932499369
155, 90, 570, 345, 569, 347, 1, -2, -1.1071487177940904, 2.23606797749979
155, 94, 246, 369, 251, 369, -5, 0, 3.141592653589793, 5.0
155, 101, 250, 128, 252, 128, -2, 0, 3.141592653589793, 2.0
155, 103, 243, 155, 246, 156, -3, -1, -2.819842099193151, 3.1622776601683795
155, 105, 262, 365, 265, 366, -3, -1, -2.819842099193151, 3.1622776601683795
155, 108, 581, 304, 581, 306, 0, -2, -1.5707963267948966, 2.0
155, 110, 247, 165, 249, 166, -2, -1, -2.677945044588987, 2.23606797749979
155, 113, 202, 237, 207, 238, -5, -1, -2.9441970937399127, 5.0990195135927845
155, 115, 136, 149, 138, 150, -2, -1, -2.677945044588987, 2.23606797749979
155, 116, 140, 296, 143, 297, -3, -1, -2.819842099193151, 3.1622776601683795
155, 127, 208, 198, 215, 201, -7, -3, -2.7367008673047097, 7.615773105863909
155, 129, 89, 307, 93, 308, -4, -1, -2.896613990462929, 4.123105625617661
155, 130, 171, 125, 173, 126, -2, -1, -2.677945044588987, 2.23606797749979
155, 131, 58, 173, 57, 175, 1, -2, -1.1071487177940904, 2.23606797749979
155, 133, 92, 202, 93, 204, -1, -2, -2.0344439357957027, 2.23606797749979
155, 134, 311, 160, 314, 163, -3, -3, -2.356194490192345, 4.242640687119285
155, 135, 165, 141, 167, 141, -2, 0, 3.141592653589793, 2.0
155, 141, 83, 242, 85, 243, -2, -1, -2.677945044588987, 2.23606797749979
155, 142, 115, 145, 116, 144, -1, 1, 2.356194490192345, 1.4142135623730951
155, 144, 251, 361, 255, 362, -4, -1, -2.896613990462929, 4.123105625617661
155, 146, 154, 157, 158, 159, -4, -2, -2.677945044588987, 4.47213595499958
155, 151, 258, 147, 261, 148, -3, -1, -2.819842099193151, 3.1622776601683795
155, 152, 194, 194, 198, 195, -4, -1, -2.896613990462929, 4.123105625617661
155, 156, 83, 289, 85, 290, -2, -1, -2.677945044588987, 2.23606797749979
156, 1, 75, 336, 78, 337, -3, -1, -2.819842099193151, 3.1622776601683795
156, 5, 150, 145, 153, 146, -3, -1, -2.819842099193151, 3.1622776601683795
156, 9, 142, 142, 145, 143, -3, -1, -2.819842099193151, 3.1622776601683795
156, 14, 267, 138, 269, 139, -2, -1, -2.677945044588987, 2.23606797749979
156, 26, 391, 135, 393, 136, -2, -1, -2.677945044588987, 2.23606797749979
156, 28, 378, 140, 380, 141, -2, -1, -2.677945044588987, 2.23606797749979
156, 29, 295, 366, 297, 366, -2, 0, 3.141592653589793, 2.0
156, 31, 288, 364, 290, 365, -2, -1, -2.677945044588987, 2.23606797749979
156, 32, 170, 149, 173, 149, -3, 0, 3.141592653589793, 3.0
156, 33, 579, 183, 579, 185, 0, -2, -1.5707963267948966, 2.0
156, 36, 579, 348, 578, 350, 1, -2, -1.1071487177940904, 2.23606797749979
156, 40, 245, 185, 250, 188, -5, -3, -2.601173153319209, 5.830951894845301
156, 52, 150, 284, 155, 285, -5, -1, -2.9441970937399127, 5.0990195135927845
156, 55, 398, 364, 402, 364, -4, 0, 3.141592653589793, 4.0
156, 57, 111, 298, 113, 298, -2, 0, 3.141592653589793, 2.0
156, 58, 589, 228, 590, 231, -1, -3, -1.892546881191539, 3.1622776601683795
156, 60, 250, 204, 253, 207, -3, -3, -2.356194490192345, 4.242640687119285
156, 61, 191, 367, 193, 367, -2, 0, 3.141592653589793, 2.0
156, 62, 60, 154, 62, 153, -2, 1, 2.677945044588987, 2.23606797749979
156, 64, 180, 188, 185, 190, -5, -2, -2.761086276477428, 5.385164807134504
156, 67, 570, 343, 570, 345, 0, -2, -1.5707963267948966, 2.0
156, 70, 81, 279, 83, 279, -2, 0, 3.141592653589793, 2.0
156, 71, 240, 368, 246, 369, -6, -1, -2.976443976175166, 6.082762530298219
156, 78, 241, 154, 243, 155, -2, -1, -2.677945044588987, 2.23606797749979
156, 80, 259, 364, 262, 365, -3, -1, -2.819842099193151, 3.1622776601683795
156, 82, 580, 302, 581, 304, -1, -2, -2.0344439357957027, 2.23606797749979
156, 83, 244, 165, 247, 165, -3, 0, 3.141592653589793, 3.0
156, 85, 198, 236, 202, 237, -4, -1, -2.896613990462929, 4.123105625617661
156, 86, 134, 148, 136, 149, -2, -1, -2.677945044588987, 2.23606797749979
156, 87, 138, 295, 140, 296, -2, -1, -2.677945044588987, 2.23606797749979
156, 88, 597, 220, 597, 222, 0, -2, -1.5707963267948966, 2.0
156, 94, 203, 196, 208, 198, -5, -2, -2.761086276477428, 5.385164807134504
156, 95, 242, 136, 244, 136, -2, 0, 3.141592653589793, 2.0
156, 96, 86, 306, 89, 307, -3, -1, -2.819842099193151, 3.1622776601683795
156, 100, 309, 159, 311, 160, -2, -1, -2.677945044588987, 2.23606797749979
156, 101, 163, 141, 165, 141, -2, 0, 3.141592653589793, 2.0
156, 106, 81, 241, 83, 242, -2, -1, -2.677945044588987, 2.23606797749979
156, 109, 248, 361, 251, 361, -3, 0, 3.141592653589793, 3.0
156, 110, 151, 156, 154, 157, -3, -1, -2.819842099193151, 3.1622776601683795
156, 115, 255, 147, 258, 147, -3, 0, 3.141592653589793, 3.0
156, 116, 190, 193, 194, 194, -4, -1, -2.896613990462929, 4.123105625617661
157, 5, 148, 144, 150, 145, -2, -1, -2.677945044588987, 2.23606797749979
157, 12, 265, 138, 267, 138, -2, 0, 3.141592653589793, 2.0
157, 21, 389, 135, 391, 135, -2, 0, 3.141592653589793, 2.0
157, 24, 293, 366, 295, 366, -2, 0, 3.141592653589793, 2.0
157, 25, 286, 363, 288, 364, -2, -1, -2.677945044588987, 2.23606797749979
157, 26, 167, 149, 170, 149, -3, 0, 3.141592653589793, 3.0
157, 27, 580, 181, 579, 183, 1, -2, -1.1071487177940904, 2.23606797749979
157, 32, 242, 182, 245, 185, -3, -3, -2.356194490192345, 4.242640687119285
157, 37, 308, 117, 310, 117, -2, 0, 3.141592653589793, 2.0
157, 44, 144, 282, 150, 284, -6, -2, -2.819842099193151, 6.324555320336759
157, 47, 394, 365, 398, 364, -4, 1, 2.896613990462929, 4.123105625617661
157, 49, 109, 297, 111, 298, -2, -1, -2.677945044588987, 2.23606797749979
157, 50, 589, 225, 589, 228, 0, -3, -1.5707963267948966, 3.0
157, 52, 246, 201, 250, 204, -4, -3, -2.498091544796509, 5.0
157, 53, 188, 366, 191, 367, -3, -1, -2.819842099193151, 3.1622776601683795
157, 56, 175, 187, 180, 188, -5, -1, -2.9441970937399127, 5.0990195135927845
157, 59, 571, 341, 570, 343, 1, -2, -1.1071487177940904, 2.23606797749979
157, 61, 235, 368, 240, 368, -5, 0, 3.141592653589793, 5.0
157, 68, 238, 153, 241, 154, -3, -1, -2.819842099193151, 3.1622776601683795
157, 70, 256, 364, 259, 364, -3, 0, 3.141592653589793, 3.0
157, 71, 78, 316, 79, 315, -1, 1, 2.356194490192345, 1.4142135623730951
157, 72, 580, 300, 580, 302, 0, -2, -1.5707963267948966, 2.0
157, 73, 241, 165, 244, 165, -3, 0, 3.141592653589793, 3.0
157, 74, 196, 235, 198, 236, -2, -1, -2.677945044588987, 2.23606797749979
157, 83, 198, 195, 203, 196, -5, -1, -2.9441970937399127, 5.0990195135927845
157, 86, 168, 124, 170, 125, -2, -1, -2.677945044588987, 2.23606797749979
157, 88, 306, 158, 309, 159, -3, -1, -2.819842099193151, 3.1622776601683795
157, 89, 161, 140, 163, 141, -2, -1, -2.677945044588987, 2.23606797749979
157, 90, 577, 340, 576, 342, 1, -2, -1.1071487177940904, 2.23606797749979
157, 96, 244, 361, 248, 361, -4, 0, 3.141592653589793, 4.0
157, 97, 149, 156, 151, 156, -2, 0, 3.141592653589793, 2.0
157, 101, 252, 146, 255, 147, -3, -1, -2.819842099193151, 3.1622776601683795
157, 102, 185, 190, 190, 193, -5, -3, -2.601173153319209, 5.830951894845301
158, 10, 263, 138, 265, 138, -2, 0, 3.141592653589793, 2.0
158, 20, 291, 366, 293, 366, -2, 0, 3.141592653589793, 2.0
158, 21, 284, 363, 286, 363, -2, 0, 3.141592653589793, 2.0
158, 22, 165, 149, 167, 149, -2, 0, 3.141592653589793, 2.0
158, 23, 580, 179, 580, 181, 0, -2, -1.5707963267948966, 2.0
158, 24, 580, 346, 579, 347, 1, -1, -0.7853981633974483, 1.4142135623730951
158, 27, 238, 179, 242, 182, -4, -3, -2.498091544796509, 5.0
158, 34, 138, 280, 144, 282, -6, -2, -2.819842099193151, 6.324555320336759
158, 36, 389, 365, 394, 365, -5, 0, 3.141592653589793, 5.0
158, 37, 106, 296, 109, 297, -3, -1, -2.819842099193151, 3.1622776601683795
158, 38, 589, 222, 589, 225, 0, -3, -1.5707963267948966, 3.0
158, 40, 241, 200, 246, 201, -5, -1, -2.9441970937399127, 5.0990195135927845
158, 41, 185, 365, 188, 366, -3, -1, -2.819842099193151, 3.1622776601683795
158, 44, 173, 186, 175, 187, -2, -1, -2.677945044588987, 2.23606797749979
158, 47, 573, 339, 571, 341, 2, -2, -0.7853981633974483, 2.8284271247461903
158, 49, 232, 367, 235, 368, -3, -1, -2.819842099193151, 3.1622776601683795
158, 56, 236, 152, 238, 153, -2, -1, -2.677945044588987, 2.23606797749979
158, 58, 252, 363, 256, 364, -4, -1, -2.896613990462929, 4.123105625617661
158, 60, 580, 297, 580, 300, 0, -3, -1.5707963267948966, 3.0
158, 61, 238, 165, 241, 165, -3, 0, 3.141592653589793, 3.0
158, 62, 193, 234, 196, 235, -3, -1, -2.819842099193151, 3.1622776601683795
158, 63, 131, 147, 133, 148, -2, -1, -2.677945044588987, 2.23606797749979
158, 64, 597, 217, 597, 219, 0, -2, -1.5707963267948966, 2.0
158, 68, 195, 194, 198, 195, -3, -1, -2.819842099193151, 3.1622776601683795
158, 69, 239, 135, 241, 136, -2, -1, -2.677945044588987, 2.23606797749979
158, 72, 304, 157, 306, 158, -2, -1, -2.677945044588987, 2.23606797749979
158, 73, 158, 139, 161, 140, -3, -1, -2.819842099193151, 3.1622776601683795
158, 77, 78, 240, 80, 241, -2, -1, -2.677945044588987, 2.23606797749979
158, 80, 241, 361, 244, 361, -3, 0, 3.141592653589793, 3.0
158, 81, 146, 156, 149, 156, -3, 0, 3.141592653589793, 3.0
158, 83, 249, 146, 252, 146, -3, 0, 3.141592653589793, 3.0
158, 84, 180, 189, 185, 190, -5, -1, -2.9441970937399127, 5.0990195135927845
159, 9, 261, 138, 263, 138, -2, 0, 3.141592653589793, 2.0
159, 17, 374, 140, 376, 140, -2, 0, 3.141592653589793, 2.0
159, 18, 289, 366, 291, 366, -2, 0, 3.141592653589793, 2.0
159, 19, 282, 363, 284, 363, -2, 0, 3.141592653589793, 2.0
159, 20, 162, 149, 165, 149, -3, 0, 3.141592653589793, 3.0
159, 22, 581, 345, 580, 346, 1, -1, -0.7853981633974483, 1.4142135623730951
159, 25, 233, 177, 238, 179, -5, -2, -2.761086276477428, 5.385164807134504
159, 31, 136, 277, 138, 280, -2, -3, -2.158798930342464, 3.605551275463989
159, 33, 387, 365, 389, 365, -2, 0, 3.141592653589793, 2.0
159, 34, 103, 295, 106, 296, -3, -1, -2.819842099193151, 3.1622776601683795
159, 35, 589, 220, 589, 222, 0, -2, -1.5707963267948966, 2.0
159, 37, 239, 199, 241, 200, -2, -1, -2.677945044588987, 2.23606797749979
159, 38, 182, 364, 185, 365, -3, -1, -2.819842099193151, 3.1622776601683795
159, 41, 169, 185, 173, 186, -4, -1, -2.896613990462929, 4.123105625617661
159, 45, 228, 367, 232, 367, -4, 0, 3.141592653589793, 4.0
159, 52, 234, 151, 236, 152, -2, -1, -2.677945044588987, 2.23606797749979
159, 54, 248, 362, 252, 363, -4, -1, -2.896613990462929, 4.123105625617661
159, 56, 580, 295, 580, 297, 0, -2, -1.5707963267948966, 2.0
159, 58, 596, 215, 597, 217, -1, -2, -2.0344439357957027, 2.23606797749979
159, 62, 193, 193, 195, 194, -2, -1, -2.677945044588987, 2.23606797749979
159, 65, 301, 155, 304, 157, -3, -2, -2.5535900500422257, 3.605551275463989
159, 66, 156, 138, 158, 139, -2, -1, -2.677945044588987, 2.23606797749979
159, 68, 506, 366, 505, 367, 1, -1, -0.7853981633974483, 1.4142135623730951
159, 72, 239, 361, 241, 361, -2, 0, 3.141592653589793, 2.0
159, 73, 144, 155, 146, 156, -2, -1, -2.677945044588987, 2.23606797749979
159, 75, 247, 146, 249, 146, -2, 0, 3.141592653589793, 2.0
159, 76, 174, 187, 180, 189, -6, -2, -2.819842099193151, 6.324555320336759
160, 7, 169, 147, 171, 147, -2, 0, 3.141592653589793, 2.0
160, 8, 265, 139, 267, 139, -2, 0, 3.141592653589793, 2.0
160, 9, 195, 120, 197, 121, -2, -1, -2.677945044588987, 2.23606797749979
160, 18, 214, 133, 216, 134, -2, -1, -2.677945044588987, 2.23606797749979
160, 35, 389, 135, 391, 135, -2, 0, 3.141592653589793, 2.0
160, 44, 91, 303, 92, 302, -1, 1, 2.356194490192345, 1.4142135623730951
160, 46, 236, 365, 242, 365, -6, 0, 3.141592653589793, 6.0
160, 47, 391, 369, 396, 369, -5, 0, 3.141592653589793, 5.0
160, 50, 84, 219, 86, 222, -2, -3, -2.158798930342464, 3.605551275463989
160, 72, 161, 130, 163, 131, -2, -1, -2.677945044588987, 2.23606797749979
160, 79, 247, 127, 249, 128, -2, -1, -2.677945044588987, 2.23606797749979
160, 90, 86, 294, 90, 295, -4, -1, -2.896613990462929, 4.123105625617661
160, 91, 236, 176, 242, 180, -6, -4, -2.5535900500422257, 7.211102550927978
160, 92, 224, 123, 226, 124, -2, -1, -2.677945044588987, 2.23606797749979
160, 99, 294, 366, 297, 366, -3, 0, 3.141592653589793, 3.0
160, 102, 123, 338, 124, 340, -1, -2, -2.0344439357957027, 2.23606797749979
160, 108, 124, 295, 126, 295, -2, 0, 3.141592653589793, 2.0
160, 115, 135, 279, 142, 281, -7, -2, -2.8632929945846817, 7.280109889280518
160, 116, 285, 367, 287, 367, -2, 0, 3.141592653589793, 2.0
160, 126, 151, 147, 154, 148, -3, -1, -2.819842099193151, 3.1622776601683795
160, 127, 145, 164, 149, 164, -4, 0, 3.141592653589793, 4.0
160, 130, 239, 198, 246, 203, -7, -5, -2.5213431676069717, 8.602325267042627
160, 131, 306, 159, 308, 159, -2, 0, 3.141592653589793, 2.0
160, 140, 170, 182, 177, 186, -7, -4, -2.62244653934327, 8.06225774829855
160, 147, 53, 325, 55, 326, -2, -1, -2.677945044588987, 2.23606797749979
160, 148, 117, 173, 119, 173, -2, 0, 3.141592653589793, 2.0
160, 152, 588, 225, 588, 228, 0, -3, -1.5707963267948966, 3.0
160, 153, 276, 365, 278, 366, -2, -1, -2.677945044588987, 2.23606797749979
160, 154, 584, 296, 585, 298, -1, -2, -2.0344439357957027, 2.23606797749979
160, 157, 239, 154, 241, 155, -2, -1, -2.677945044588987, 2.23606797749979
160, 158, 241, 166, 244, 166, -3, 0, 3.141592653589793, 3.0
160, 161, 160, 141, 162, 141, -2, 0, 3.141592653589793, 2.0
160, 162, 124, 354, 126, 356, -2, -2, -2.356194490192345, 2.8284271247461903
160, 164, 184, 158, 187, 160, -3, -2, -2.5535900500422257, 3.605551275463989
160, 167, 187, 365, 190, 366, -3, -1, -2.819842099193151, 3.1622776601683795
161, 9, 193, 119, 195, 120, -2, -1, -2.677945044588987, 2.23606797749979
161, 16, 212, 133, 214, 133, -2, 0, 3.141592653589793, 2.0
161, 23, 600, 296, 602, 297, -2, -1, -2.677945044588987, 2.23606797749979
161, 27, 232, 120, 234, 121, -2, -1, -2.677945044588987, 2.23606797749979
161, 29, 341, 117, 343, 118, -2, -1, -2.677945044588987, 2.23606797749979
161, 32, 196, 113, 198, 114, -2, -1, -2.677945044588987, 2.23606797749979
161, 39, 231, 364, 236, 365, -5, -1, -2.9441970937399127, 5.0990195135927845
161, 40, 387, 369, 391, 369, -4, 0, 3.141592653589793, 4.0
161, 61, 159, 130, 161, 130, -2, 0, 3.141592653589793, 2.0
161, 76, 583, 345, 582, 346, 1, -1, -0.7853981633974483, 1.4142135623730951
161, 77, 83, 293, 86, 294, -3, -1, -2.819842099193151, 3.1622776601683795
161, 78, 232, 175, 236, 176, -4, -1, -2.896613990462929, 4.123105625617661
161, 85, 292, 365, 294, 366, -2, -1, -2.677945044588987, 2.23606797749979
161, 88, 122, 335, 123, 338, -1, -3, -1.892546881191539, 3.1622776601683795
161, 94, 122, 294, 124, 295, -2, -1, -2.677945044588987, 2.23606797749979
161, 98, 129, 277, 135, 279, -6, -2, -2.819842099193151, 6.324555320336759
161, 99, 283, 367, 285, 367, -2, 0, 3.141592653589793, 2.0
161, 106, 143, 164, 145, 164, -2, 0, 3.141592653589793, 2.0
161, 109, 233, 195, 239, 198, -6, -3, -2.677945044588987, 6.708203932499369
161, 110, 304, 159, 306, 159, -2, 0, 3.141592653589793, 2.0
161, 117, 164, 178, 170, 182, -6, -4, -2.5535900500422257, 7.211102550927978
161, 123, 114, 174, 117, 173, -3, 1, 2.819842099193151, 3.1622776601683795
161, 126, 588, 223, 588, 225, 0, -2, -1.5707963267948966, 2.0
161, 127, 274, 365, 276, 365, -2, 0, 3.141592653589793, 2.0
161, 129, 237, 153, 239, 154, -2, -1, -2.677945044588987, 2.23606797749979
161, 130, 238, 165, 241, 166, -3, -1, -2.819842099193151, 3.1622776601683795
161, 133, 158, 140, 160, 141, -2, -1, -2.677945044588987, 2.23606797749979
161, 134, 121, 352, 124, 354, -3, -2, -2.5535900500422257, 3.605551275463989
161, 136, 180, 156, 184, 158, -4, -2, -2.677945044588987, 4.47213595499958
161, 139, 184, 365, 187, 365, -3, 0, 3.141592653589793, 3.0
162, 5, 166, 146, 168, 147, -2, -1, -2.677945044588987, 2.23606797749979
162, 6, 262, 138, 264, 139, -2, -1, -2.677945044588987, 2.23606797749979
162, 12, 210, 132, 212, 133, -2, -1, -2.677945044588987, 2.23606797749979
162, 21, 230, 119, 232, 120, -2, -1, -2.677945044588987, 2.23606797749979
162, 22, 223, 112, 225, 112, -2, 0, 3.141592653589793, 2.0
162, 24, 386, 135, 388, 135, -2, 0, 3.141592653589793, 2.0
162, 25, 165, 117, 164, 119, 1, -2, -1.1071487177940904, 2.23606797749979
162, 33, 226, 363, 231, 364, -5, -1, -2.9441970937399127, 5.0990195135927845
162, 34, 382, 368, 387, 369, -5, -1, -2.9441970937399127, 5.0990195135927845
162, 54, 244, 126, 246, 127, -2, -1, -2.677945044588987, 2.23606797749979
162, 59, 584, 344, 583, 345, 1, -1, -0.7853981633974483, 1.4142135623730951
162, 60, 81, 293, 83, 293, -2, 0, 3.141592653589793, 2.0
162, 61, 227, 173, 232, 175, -5, -2, -2.761086276477428, 5.385164807134504
162, 68, 290, 364, 292, 365, -2, -1, -2.677945044588987, 2.23606797749979
162, 70, 121, 333, 122, 335, -1, -2, -2.0344439357957027, 2.23606797749979
162, 79, 124, 274, 129, 277, -5, -3, -2.601173153319209, 5.830951894845301
162, 80, 280, 366, 283, 367, -3, -1, -2.819842099193151, 3.1622776601683795
162, 84, 66, 311, 68, 311, -2, 0, 3.141592653589793, 2.0
162, 86, 140, 164, 143, 164, -3, 0, 3.141592653589793, 3.0
162, 89, 302, 159, 304, 159, -2, 0, 3.141592653589793, 2.0
162, 94, 161, 177, 164, 178, -3, -1, -2.819842099193151, 3.1622776601683795
162, 97, 83, 245, 85, 245, -2, 0, 3.141592653589793, 2.0
162, 103, 587, 221, 588, 223, -1, -2, -2.0344439357957027, 2.23606797749979
162, 104, 272, 364, 274, 365, -2, -1, -2.677945044588987, 2.23606797749979
162, 106, 235, 152, 237, 153, -2, -1, -2.677945044588987, 2.23606797749979
162, 107, 235, 165, 238, 165, -3, 0, 3.141592653589793, 3.0
162, 109, 119, 350, 121, 352, -2, -2, -2.356194490192345, 2.8284271247461903
162, 110, 176, 154, 180, 156, -4, -2, -2.677945044588987, 4.47213595499958
162, 113, 180, 364, 184, 365, -4, -1, -2.896613990462929, 4.123105625617661
163, 2, 76, 169, 77, 168, -1, 1, 2.356194490192345, 1.4142135623730951
163, 4, 164, 145, 166, 146, -2, -1, -2.677945044588987, 2.23606797749979
163, 5, 261, 139, 262, 138, -1, 1, 2.356194490192345, 1.4142135623730951
163, 9, 208, 131, 210, 132, -2, -1, -2.677945044588987, 2.23606797749979
163, 10, 93, 166, 95, 167, -2, -1, -2.677945044588987, 2.23606797749979
163, 16, 228, 118, 230, 119, -2, -1, -2.677945044588987, 2.23606797749979
163, 18, 384, 134, 386, 135, -2, -1, -2.677945044588987, 2.23606797749979
163, 24, 221, 361, 226, 363, -5, -2, -2.761086276477428, 5.385164807134504
163, 25, 378, 367, 382, 368, -4, -1, -2.896613990462929, 4.123105625617661
163, 46, 585, 343, 584, 344, 1, -1, -0.7853981633974483, 1.4142135623730951
163, 47, 79, 293, 81, 293, -2, 0, 3.141592653589793, 2.0
163, 52, 288, 363, 290, 364, -2, -1, -2.677945044588987, 2.23606797749979
163, 54, 118, 330, 121, 333, -3, -3, -2.356194490192345, 4.242640687119285
163, 58, 120, 292, 121, 294, -1, -2, -2.0344439357957027, 2.23606797749979
163, 61, 121, 272, 124, 274, -3, -2, -2.5535900500422257, 3.605551275463989
163, 62, 277, 365, 280, 366, -3, -1, -2.819842099193151, 3.1622776601683795
163, 68, 138, 163, 140, 164, -2, -1, -2.677945044588987, 2.23606797749979
163, 71, 300, 159, 302, 159, -2, 0, 3.141592653589793, 2.0
163, 76, 160, 175, 161, 177, -1, -2, -2.0344439357957027, 2.23606797749979
163, 77, 78, 292, 80, 292, -2, 0, 3.141592653589793, 2.0
163, 83, 587, 219, 587, 221, 0, -2, -1.5707963267948966, 2.0
163, 84, 269, 364, 272, 364, -3, 0, 3.141592653589793, 3.0
163, 86, 232, 151, 235, 152, -3, -1, -2.819842099193151, 3.1622776601683795
163, 87, 233, 164, 235, 165, -2, -1, -2.677945044588987, 2.23606797749979
163, 89, 117, 349, 119, 350, -2, -1, -2.677945044588987, 2.23606797749979
163, 90, 174, 153, 176, 154, -2, -1, -2.677945044588987, 2.23606797749979
163, 92, 176, 364, 180, 364, -4, 0, 3.141592653589793, 4.0
164, 3, 161, 143, 164, 145, -3, -2, -2.5535900500422257, 3.605551275463989
164, 8, 206, 130, 208, 131, -2, -1, -2.677945044588987, 2.23606797749979
164, 11, 110, 127, 111, 126, -1, 1, 2.356194490192345, 1.4142135623730951
164, 14, 226, 117, 228, 118, -2, -1, -2.677945044588987, 2.23606797749979
164, 15, 382, 133, 384, 134, -2, -1, -2.677945044588987, 2.23606797749979
164, 20, 379, 365, 378, 367, 1, -2, -1.1071487177940904, 2.23606797749979
164, 29, 64, 151, 63, 152, 1, -1, -0.7853981633974483, 1.4142135623730951
164, 34, 241, 125, 243, 126, -2, -1, -2.677945044588987, 2.23606797749979
164, 43, 286, 363, 288, 363, -2, 0, 3.141592653589793, 2.0
164, 45, 117, 327, 118, 330, -1, -3, -1.892546881191539, 3.1622776601683795
164, 48, 119, 293, 120, 292, -1, 1, 2.356194490192345, 1.4142135623730951
164, 51, 118, 270, 121, 272, -3, -2, -2.5535900500422257, 3.605551275463989
164, 52, 274, 365, 277, 365, -3, 0, 3.141592653589793, 3.0
164, 59, 298, 159, 300, 159, -2, 0, 3.141592653589793, 2.0
164, 63, 156, 174, 160, 175, -4, -1, -2.896613990462929, 4.123105625617661
164, 68, 267, 364, 269, 364, -2, 0, 3.141592653589793, 2.0
164, 70, 229, 163, 233, 164, -4, -1, -2.896613990462929, 4.123105625617661
164, 72, 172, 153, 174, 153, -2, 0, 3.141592653589793, 2.0
164, 74, 173, 364, 176, 364, -3, 0, 3.141592653589793, 3.0
165, 1, 376, 140, 378, 141, -2, -1, -2.677945044588987, 2.23606797749979
165, 7, 192, 120, 194, 121, -2, -1, -2.677945044588987, 2.23606797749979
165, 11, 141, 144, 143, 144, -2, 0, 3.141592653589793, 2.0
165, 16, 262, 143, 264, 142, -2, 1, 2.677945044588987, 2.23606797749979
165, 18, 386, 133, 388, 134, -2, -1, -2.677945044588987, 2.23606797749979
165, 25, 586, 345, 585, 346, 1, -1, -0.7853981633974483, 1.4142135623730951
165, 35, 173, 156, 175, 156, -2, 0, 3.141592653589793, 2.0
165, 36, 593, 299, 593, 301, 0, -2, -1.5707963267948966, 2.0
165, 37, 227, 119, 229, 120, -2, -1, -2.677945044588987, 2.23606797749979
165, 58, 236, 154, 237, 153, -1, 1, 2.356194490192345, 1.4142135623730951
165, 61, 223, 365, 229, 365, -6, 0, 3.141592653589793, 6.0
165, 73, 223, 170, 229, 175, -6, -5, -2.44685437739309, 7.810249675906654
165, 75, 378, 369, 384, 369, -6, 0, 3.141592653589793, 6.0
165, 76, 82, 327, 81, 328, 1, -1, -0.7853981633974483, 1.4142135623730951
165, 77, 164, 145, 166, 146, -2, -1, -2.677945044588987, 2.23606797749979
165, 82, 288, 366, 290, 366, -2, 0, 3.141592653589793, 2.0
165, 83, 280, 366, 282, 367, -2, -1, -2.677945044588987, 2.23606797749979
165, 89, 225, 190, 231, 195, -6, -5, -2.44685437739309, 7.810249675906654
165, 100, 144, 155, 146, 157, -2, -2, -2.356194490192345, 2.8284271247461903
165, 107, 161, 366, 165, 366, -4, 0, 3.141592653589793, 4.0
165, 118, 244, 144, 247, 145, -3, -1, -2.819842099193151, 3.1622776601683795
165, 123, 233, 166, 236, 167, -3, -1, -2.819842099193151, 3.1622776601683795
165, 125, 172, 224, 177, 226, -5, -2, -2.761086276477428, 5.385164807134504
165, 127, 120, 276, 126, 278, -6, -2, -2.819842099193151, 6.324555320336759
165, 128, 156, 176, 162, 179, -6, -3, -2.677945044588987, 6.708203932499369
165, 129, 301, 160, 303, 160, -2, 0, 3.141592653589793, 2.0
165, 130, 241, 364, 246, 365, -5, -1, -2.9441970937399127, 5.0990195135927845
165, 137, 119, 332, 121, 335, -2, -3, -2.158798930342464, 3.605551275463989
165, 138, 66, 227, 67, 229, -1, -2, -2.0344439357957027, 2.23606797749979
165, 145, 175, 366, 180, 367, -5, -1, -2.9441970937399127, 5.0990195135927845
165, 154, 182, 180, 187, 184, -5, -4, -2.4668517113662407, 6.4031242374328485
166, 14, 259, 143, 262, 143, -3, 0, 3.141592653589793, 3.0
166, 16, 384, 132, 386, 133, -2, -1, -2.677945044588987, 2.23606797749979
166, 33, 73, 338, 74, 340, -1, -2, -2.0344439357957027, 2.23606797749979
166, 49, 234, 153, 236, 154, -2, -1, -2.677945044588987, 2.23606797749979
166, 52, 218, 364, 223, 365, -5, -1, -2.9441970937399127, 5.0990195135927845
166, 61, 217, 166, 223, 170, -6, -4, -2.5535900500422257, 7.211102550927978
166, 62, 375, 369, 378, 369, -3, 0, 3.141592653589793, 3.0
166, 63, 162, 145, 164, 145, -2, 0, 3.141592653589793, 2.0
166, 68, 286, 365, 288, 366, -2, -1, -2.677945044588987, 2.23606797749979
166, 69, 278, 365, 280, 366, -2, -1, -2.677945044588987, 2.23606797749979
166, 74, 221, 188, 225, 190, -4, -2, -2.677945044588987, 4.47213595499958
166, 87, 158, 366, 161, 366, -3, 0, 3.141592653589793, 3.0
166, 95, 242, 143, 244, 144, -2, -1, -2.677945044588987, 2.23606797749979
166, 98, 229, 165, 233, 166, -4, -1, -2.896613990462929, 4.123105625617661
166, 100, 169, 223, 172, 224, -3, -1, -2.819842099193151, 3.1622776601683795
166, 101, 111, 273, 120, 276, -9, -3, -2.819842099193151, 9.486832980505138
166, 102, 150, 175, 156, 176, -6, -1, -2.976443976175166, 6.082762530298219
166, 103, 297, 160, 301, 160, -4, 0, 3.141592653589793, 4.0
166, 104, 237, 364, 241, 364, -4, 0, 3.141592653589793, 4.0
166, 109, 117, 330, 119, 332, -2, -2, -2.356194490192345, 2.8284271247461903
166, 117, 171, 365, 175, 366, -4, -1, -2.896613990462929, 4.123105625617661
166, 118, 80, 241, 82, 241, -2, 0, 3.141592653589793, 2.0
166, 125, 174, 177, 182, 180, -8, -3, -2.782821983319221, 8.54400374531753
167, 1, 373, 140, 375, 140, -2, 0, 3.141592653589793, 2.0
167, 7, 189, 120, 191, 120, -2, 0, 3.141592653589793, 2.0
167, 15, 382, 131, 384, 132, -2, -1, -2.677945044588987, 2.23606797749979
167, 16, 101, 176, 100, 177, 1, -1, -0.7853981633974483, 1.4142135623730951
167, 28, 171, 157, 172, 156, -1, 1, 2.356194490192345, 1.4142135623730951
167, 29, 224, 119, 226, 119, -2, 0, 3.141592653589793, 2.0
167, 42, 212, 363, 218, 364, -6, -1, -2.976443976175166, 6.082762530298219
167, 51, 213, 164, 217, 166, -4, -2, -2.677945044588987, 4.47213595499958
167, 52, 372, 368, 375, 369, -3, -1, -2.819842099193151, 3.1622776601683795
167, 53, 160, 146, 162, 145, -2, 1, 2.677945044588987, 2.23606797749979
167, 58, 284, 364, 286, 365, -2, -1, -2.677945044588987, 2.23606797749979
167, 59, 276, 364, 278, 365, -2, -1, -2.677945044588987, 2.23606797749979
167, 62, 216, 185, 221, 188, -5, -3, -2.601173153319209, 5.830951894845301
167, 65, 577, 181, 578, 183, -1, -2, -2.0344439357957027, 2.23606797749979
167, 75, 240, 142, 242, 143, -2, -1, -2.677945044588987, 2.23606797749979
167, 78, 226, 164, 229, 165, -3, -1, -2.819842099193151, 3.1622776601683795
167, 79, 166, 222, 169, 223, -3, -1, -2.819842099193151, 3.1622776601683795
167, 80, 107, 272, 111, 273, -4, -1, -2.896613990462929, 4.123105625617661
167, 81, 146, 174, 150, 175, -4, -1, -2.896613990462929, 4.123105625617661
167, 82, 294, 159, 297, 160, -3, -1, -2.819842099193151, 3.1622776601683795
167, 83, 231, 364, 237, 364, -6, 0, 3.141592653589793, 6.0
167, 88, 115, 328, 117, 330, -2, -2, -2.356194490192345, 2.8284271247461903
167, 96, 168, 364, 171, 365, -3, -1, -2.819842099193151, 3.1622776601683795
167, 101, 169, 175, 174, 177, -5, -2, -2.761086276477428, 5.385164807134504
168, 0, 371, 140, 373, 140, -2, 0, 3.141592653589793, 2.0
168, 6, 189, 118, 189, 120, 0, -2, -1.5707963267948966, 2.0
168, 14, 380, 130, 382, 131, -2, -1, -2.677945044588987, 2.23606797749979
168, 23, 168, 157, 171, 157, -3, 0, 3.141592653589793, 3.0
168, 35, 207, 361, 212, 363, -5, -2, -2.761086276477428, 5.385164807134504
168, 42, 211, 163, 213, 164, -2, -1, -2.677945044588987, 2.23606797749979
168, 43, 368, 367, 372, 368, -4, -1, -2.896613990462929, 4.123105625617661
168, 44, 158, 146, 160, 146, -2, 0, 3.141592653589793, 2.0
168, 49, 282, 363, 284, 364, -2, -1, -2.677945044588987, 2.23606797749979
168, 50, 273, 363, 276, 364, -3, -1, -2.819842099193151, 3.1622776601683795
168, 53, 212, 183, 216, 185, -4, -2, -2.677945044588987, 4.47213595499958
168, 65, 223, 163, 226, 164, -3, -1, -2.819842099193151, 3.1622776601683795
168, 66, 163, 221, 166, 222, -3, -1, -2.819842099193151, 3.1622776601683795
168, 67, 102, 270, 107, 272, -5, -2, -2.761086276477428, 5.385164807134504
168, 68, 143, 175, 146, 174, -3, 1, 2.819842099193151, 3.1622776601683795
168, 69, 227, 363, 231, 364, -4, -1, -2.896613990462929, 4.123105625617661
168, 73, 112, 325, 115, 328, -3, -3, -2.356194490192345, 4.242640687119285
168, 80, 166, 363, 168, 364, -2, -1, -2.677945044588987, 2.23606797749979
169, 0, 369, 140, 371, 140, -2, 0, 3.141592653589793, 2.0
169, 11, 256, 141, 258, 142, -2, -1, -2.677945044588987, 2.23606797749979
169, 18, 166, 157, 168, 157, -2, 0, 3.141592653589793, 2.0
169, 27, 202, 360, 207, 361, -5, -1, -2.9441970937399127, 5.0990195135927845
169, 33, 208, 161, 211, 163, -3, -2, -2.5535900500422257, 3.605551275463989
169, 34, 364, 366, 368, 367, -4, -1, -2.896613990462929, 4.123105625617661
169, 38, 279, 362, 282, 363, -3, -1, -2.819842099193151, 3.1622776601683795
169, 39, 271, 363, 273, 363, -2, 0, 3.141592653589793, 2.0
169, 42, 209, 181, 212, 183, -3, -2, -2.5535900500422257, 3.605551275463989
169, 53, 219, 160, 223, 163, -4, -3, -2.498091544796509, 5.0
169, 54, 159, 219, 163, 221, -4, -2, -2.677945044588987, 4.47213595499958
169, 55, 100, 269, 102, 270, -2, -1, -2.677945044588987, 2.23606797749979
169, 56, 140, 175, 143, 175, -3, 0, 3.141592653589793, 3.0
169, 57, 222, 362, 227, 363, -5, -1, -2.9441970937399127, 5.0990195135927845
169, 60, 110, 323, 112, 325, -2, -2, -2.356194490192345, 2.8284271247461903
169, 69, 163, 173, 169, 175, -6, -2, -2.819842099193151, 6.324555320336759
170, 11, 382, 131, 384, 132, -2, -1, -2.677945044588987, 2.23606797749979
170, 19, 258, 140, 260, 141, -2, -1, -2.677945044588987, 2.23606797749979
170, 28, 593, 295, 594, 297, -1, -2, -2.0344439357957027, 2.23606797749979
170, 45, 99, 273, 106, 275, -7, -2, -2.8632929945846817, 7.280109889280518
170, 53, 207, 161, 213, 164, -6, -3, -2.677945044588987, 6.708203932499369
170, 59, 142, 170, 148, 172, -6, -2, -2.819842099193151, 6.324555320336759
170, 61, 208, 367, 214, 368, -6, -1, -2.976443976175166, 6.082762530298219
170, 62, 369, 368, 371, 368, -2, 0, 3.141592653589793, 2.0
170, 67, 590, 257, 591, 259, -1, -2, -2.0344439357957027, 2.23606797749979
170, 69, 591, 303, 593, 304, -2, -1, -2.677945044588987, 2.23606797749979
170, 71, 259, 152, 261, 152, -2, 0, 3.141592653589793, 2.0
170, 73, 284, 365, 287, 365, -3, 0, 3.141592653589793, 3.0
170, 75, 169, 366, 172, 367, -3, -1, -2.819842099193151, 3.1622776601683795
170, 79, 208, 184, 215, 187, -7, -3, -2.7367008673047097, 7.615773105863909
170, 80, 159, 218, 163, 219, -4, -1, -2.896613990462929, 4.123105625617661
170, 82, 95, 290, 98, 291, -3, -1, -2.819842099193151, 3.1622776601683795
170, 88, 242, 127, 244, 128, -2, -1, -2.677945044588987, 2.23606797749979
170, 101, 275, 366, 278, 366, -3, 0, 3.141592653589793, 3.0
170, 104, 229, 365, 233, 366, -4, -1, -2.896613990462929, 4.123105625617661
170, 120, 225, 164, 229, 165, -4, -1, -2.896613990462929, 4.123105625617661
170, 129, 134, 169, 136, 168, -2, 1, 2.677945044588987, 2.23606797749979
170, 131, 171, 160, 173, 160, -2, 0, 3.141592653589793, 2.0
170, 132, 203, 132, 205, 133, -2, -1, -2.677945044588987, 2.23606797749979
170, 134, 235, 135, 237, 136, -2, -1, -2.677945044588987, 2.23606797749979
170, 138, 109, 268, 115, 271, -6, -3, -2.677945044588987, 6.708203932499369
171, 17, 255, 139, 258, 140, -3, -1, -2.819842099193151, 3.1622776601683795
171, 38, 95, 271, 99, 273, -4, -2, -2.677945044588987, 4.47213595499958
171, 45, 304, 117, 307, 118, -3, -1, -2.819842099193151, 3.1622776601683795
171, 46, 203, 159, 207, 161, -4, -2, -2.677945044588987, 4.47213595499958
171, 49, 138, 169, 142, 170, -4, -1, -2.896613990462929, 4.123105625617661
171, 51, 203, 367, 208, 367, -5, 0, 3.141592653589793, 5.0
171, 52, 364, 368, 369, 368, -5, 0, 3.141592653589793, 5.0
171, 58, 256, 152, 259, 152, -3, 0, 3.141592653589793, 3.0
171, 59, 602, 246, 602, 248, 0, -2, -1.5707963267948966, 2.0
171, 60, 282, 364, 284, 365, -2, -1, -2.677945044588987, 2.23606797749979
171, 62, 166, 365, 169, 366, -3, -1, -2.819842099193151, 3.1622776601683795
171, 65, 203, 182, 208, 184, -5, -2, -2.761086276477428, 5.385164807134504
171, 66, 155, 217, 159, 218, -4, -1, -2.896613990462929, 4.123105625617661
171, 68, 93, 289, 95, 290, -2, -1, -2.677945044588987, 2.23606797749979
171, 69, 344, 138, 346, 138, -2, 0, 3.141592653589793, 2.0
171, 73, 240, 126, 242, 127, -2, -1, -2.677945044588987, 2.23606797749979
171, 86, 272, 366, 275, 366, -3, 0, 3.141592653589793, 3.0
171, 88, 226, 365, 229, 365, -3, 0, 3.141592653589793, 3.0
171, 98, 221, 163, 225, 164, -4, -1, -2.896613990462929, 4.123105625617661
171, 106, 169, 161, 171, 160, -2, 1, 2.677945044588987, 2.23606797749979
171, 108, 231, 134, 235, 135, -4, -1, -2.896613990462929, 4.123105625617661
171, 112, 105, 266, 109, 268, -4, -2, -2.677945044588987, 4.47213595499958
171, 113, 153, 139, 155, 140, -2, -1, -2.677945044588987, 2.23606797749979
172, 14, 253, 138, 255, 139, -2, -1, -2.677945044588987, 2.23606797749979
172, 34, 199, 158, 203, 159, -4, -1, -2.896613990462929, 4.123105625617661
172, 36, 136, 168, 138, 169, -2, -1, -2.677945044588987, 2.23606797749979
172, 38, 200, 367, 203, 367, -3, 0, 3.141592653589793, 3.0
172, 39, 360, 368, 364, 368, -4, 0, 3.141592653589793, 4.0
172, 41, 590, 254, 590, 256, 0, -2, -1.5707963267948966, 2.0
172, 42, 254, 152, 256, 152, -2, 0, 3.141592653589793, 2.0
172, 44, 280, 363, 282, 364, -2, -1, -2.677945044588987, 2.23606797749979
172, 48, 198, 179, 203, 182, -5, -3, -2.601173153319209, 5.830951894845301
172, 49, 151, 215, 155, 217, -4, -2, -2.677945044588987, 4.47213595499958
172, 54, 238, 126, 240, 126, -2, 0, 3.141592653589793, 2.0
172, 65, 269, 366, 272, 366, -3, 0, 3.141592653589793, 3.0
172, 67, 223, 365, 226, 365, -3, 0, 3.141592653589793, 3.0
172, 74, 282, 126, 284, 127, -2, -1, -2.677945044588987, 2.23606797749979
172, 76, 218, 162, 221, 163, -3, -1, -2.819842099193151, 3.1622776601683795
172, 84, 167, 161, 169, 161, -2, 0, 3.141592653589793, 2.0
172, 85, 229, 133, 231, 134, -2, -1, -2.677945044588987, 2.23606797749979
172, 89, 101, 264, 105, 266, -4, -2, -2.677945044588987, 4.47213595499958
173, 12, 251, 138, 253, 138, -2, 0, 3.141592653589793, 2.0
173, 25, 195, 156, 199, 158, -4, -2, -2.677945044588987, 4.47213595499958
173, 27, 135, 169, 136, 168, -1, 1, 2.356194490192345, 1.4142135623730951
173, 29, 197, 366, 200, 367, -3, -1, -2.819842099193151, 3.1622776601683795
173, 30, 357, 368, 360, 368, -3, 0, 3.141592653589793, 3.0
173, 33, 252, 152, 254, 152, -2, 0, 3.141592653589793, 2.0
173, 34, 277, 362, 280, 363, -3, -1, -2.819842099193151, 3.1622776601683795
173, 38, 196, 177, 198, 179, -2, -2, -2.356194490192345, 2.8284271247461903
173, 39, 147, 214, 151, 215, -4, -1, -2.896613990462929, 4.123105625617661
173, 42, 236, 126, 238, 126, -2, 0, 3.141592653589793, 2.0
173, 52, 266, 365, 269, 366, -3, -1, -2.819842099193151, 3.1622776601683795
173, 54, 218, 365, 223, 365, -5, 0, 3.141592653589793, 5.0
173, 60, 280, 126, 282, 126, -2, 0, 3.141592653589793, 2.0
173, 62, 215, 161, 218, 162, -3, -1, -2.819842099193151, 3.1622776601683795
173, 69, 165, 161, 167, 161, -2, 0, 3.141592653589793, 2.0
173, 70, 227, 132, 229, 133, -2, -1, -2.677945044588987, 2.23606797749979
173, 74, 99, 262, 101, 264, -2, -2, -2.356194490192345, 2.8284271247461903
174, 9, 249, 137, 251, 138, -2, -1, -2.677945044588987, 2.23606797749979
174, 22, 193, 155, 195, 156, -2, -1, -2.677945044588987, 2.23606797749979
174, 26, 195, 366, 197, 366, -2, 0, 3.141592653589793, 2.0
174, 27, 353, 368, 357, 368, -4, 0, 3.141592653589793, 4.0
174, 30, 250, 152, 252, 152, -2, 0, 3.141592653589793, 2.0
174, 31, 273, 361, 277, 362, -4, -1, -2.896613990462929, 4.123105625617661
174, 33, 324, 125, 326, 125, -2, 0, 3.141592653589793, 2.0
174, 34, 192, 175, 196, 177, -4, -2, -2.677945044588987, 4.47213595499958
174, 35, 143, 213, 147, 214, -4, -1, -2.896613990462929, 4.123105625617661
174, 38, 234, 126, 236, 126, -2, 0, 3.141592653589793, 2.0
174, 47, 262, 363, 266, 365, -4, -2, -2.677945044588987, 4.47213595499958
174, 48, 214, 365, 218, 365, -4, 0, 3.141592653589793, 4.0
174, 56, 212, 161, 215, 161, -3, 0, 3.141592653589793, 3.0
174, 62, 129, 168, 131, 169, -2, -1, -2.677945044588987, 2.23606797749979
175, 8, 252, 140, 255, 141, -3, -1, -2.819842099193151, 3.1622776601683795
175, 10, 295, 114, 297, 116, -2, -2, -2.356194490192345, 2.8284271247461903
175, 25, 138, 170, 140, 171, -2, -1, -2.677945044588987, 2.23606797749979
175, 26, 367, 142, 369, 142, -2, 0, 3.141592653589793, 2.0
175, 29, 143, 146, 145, 147, -2, -1, -2.677945044588987, 2.23606797749979
175, 33, 204, 364, 206, 364, -2, 0, 3.141592653589793, 2.0
175, 35, 280, 365, 283, 365, -3, 0, 3.141592653589793, 3.0
175, 42, 275, 108, 278, 109, -3, -1, -2.819842099193151, 3.1622776601683795
175, 44, 352, 367, 357, 367, -5, 0, 3.141592653589793, 5.0
175, 47, 342, 136, 345, 138, -3, -2, -2.5535900500422257, 3.605551275463989
175, 49, 89, 293, 91, 293, -2, 0, 3.141592653589793, 2.0
175, 53, 127, 143, 129, 144, -2, -1, -2.677945044588987, 2.23606797749979
175, 55, 593, 293, 594, 295, -1, -2, -2.0344439357957027, 2.23606797749979
175, 64, 95, 266, 97, 267, -2, -1, -2.677945044588987, 2.23606797749979
175, 65, 590, 255, 591, 257, -1, -2, -2.0344439357957027, 2.23606797749979
175, 74, 267, 365, 270, 366, -3, -1, -2.819842099193151, 3.1622776601683795
175, 75, 325, 126, 328, 127, -3, -1, -2.819842099193151, 3.1622776601683795
175, 79, 226, 151, 230, 152, -4, -1, -2.896613990462929, 4.123105625617661
175, 86, 113, 179, 115, 179, -2, 0, 3.141592653589793, 2.0
175, 91, 192, 174, 199, 177, -7, -3, -2.7367008673047097, 7.615773105863909
175, 93, 197, 153, 201, 154, -4, -1, -2.896613990462929, 4.123105625617661
175, 104, 412, 130, 414, 132, -2, -2, -2.356194490192345, 2.8284271247461903
175, 106, 168, 161, 170, 161, -2, 0, 3.141592653589793, 2.0
175, 109, 116, 144, 118, 146, -2, -2, -2.356194490192345, 2.8284271247461903
175, 111, 105, 321, 108, 324, -3, -3, -2.356194490192345, 4.242640687119285
175, 112, 143, 211, 147, 214, -4, -3, -2.498091544796509, 5.0
175, 113, 237, 127, 240, 128, -3, -1, -2.819842099193151, 3.1622776601683795
175, 120, 197, 159, 201, 161, -4, -2, -2.677945044588987, 4.47213595499958
175, 122, 215, 366, 219, 366, -4, 0, 3.141592653589793, 4.0
175, 123, 335, 126, 338, 127, -3, -1, -2.819842099193151, 3.1622776601683795
175, 124, 230, 134, 232, 135, -2, -1, -2.677945044588987, 2.23606797749979
175, 128, 603, 314, 602, 316, 1, -2, -1.1071487177940904, 2.23606797749979
175, 133, 450, 130, 452, 133, -2, -3, -2.158798930342464, 3.605551275463989
175, 143, 258, 146, 260, 147, -2, -1, -2.677945044588987, 2.23606797749979
175, 144, 217, 163, 221, 164, -4, -1, -2.896613990462929, 4.123105625617661
175, 147, 303, 148, 305, 149, -2, -1, -2.677945044588987, 2.23606797749979
175, 148, 237, 143, 239, 144, -2, -1, -2.677945044588987, 2.23606797749979
175, 150, 606, 304, 605, 306, 1, -2, -1.1071487177940904, 2.23606797749979
175, 151, 605, 226, 604, 229, 1, -3, -1.2490457723982544, 3.1622776601683795
175, 152, 209, 139, 211, 139, -2, 0, 3.141592653589793, 2.0
175, 153, 127, 226, 130, 228, -3, -2, -2.5535900500422257, 3.605551275463989
175, 162, 128, 170, 130, 171, -2, -1, -2.677945044588987, 2.23606797749979
175, 164, 287, 162, 291, 162, -4, 0, 3.141592653589793, 4.0
176, 7, 250, 139, 252, 140, -2, -1, -2.677945044588987, 2.23606797749979
176, 22, 365, 142, 367, 142, -2, 0, 3.141592653589793, 2.0
176, 27, 201, 363, 204, 364, -3, -1, -2.819842099193151, 3.1622776601683795
176, 28, 277, 364, 280, 365, -3, -1, -2.819842099193151, 3.1622776601683795
176, 34, 348, 367, 352, 367, -4, 0, 3.141592653589793, 4.0
176, 46, 94, 264, 95, 266, -1, -2, -2.0344439357957027, 2.23606797749979
176, 47, 589, 253, 590, 255, -1, -2, -2.0344439357957027, 2.23606797749979
176, 52, 263, 365, 267, 365, -4, 0, 3.141592653589793, 4.0
176, 57, 224, 150, 226, 151, -2, -1, -2.677945044588987, 2.23606797749979
176, 65, 185, 171, 192, 174, -7, -3, -2.7367008673047097, 7.615773105863909
176, 67, 194, 152, 197, 153, -3, -1, -2.819842099193151, 3.1622776601683795
176, 73, 64, 344, 66, 344, -2, 0, 3.141592653589793, 2.0
176, 76, 167, 162, 168, 161, -1, 1, 2.356194490192345, 1.4142135623730951
176, 80, 101, 317, 105, 321, -4, -4, -2.356194490192345, 5.656854249492381
176, 81, 139, 210, 143, 211, -4, -1, -2.896613990462929, 4.123105625617661
176, 82, 235, 127, 237, 127, -2, 0, 3.141592653589793, 2.0
176, 88, 193, 157, 197, 159, -4, -2, -2.677945044588987, 4.47213595499958
176, 90, 212, 366, 215, 366, -3, 0, 3.141592653589793, 3.0
176, 105, 255, 145, 258, 146, -3, -1, -2.819842099193151, 3.1622776601683795
176, 106, 213, 162, 217, 163, -4, -1, -2.896613990462929, 4.123105625617661
176, 108, 301, 147, 303, 148, -2, -1, -2.677945044588987, 2.23606797749979
176, 111, 207, 139, 209, 139, -2, 0, 3.141592653589793, 2.0
176, 112, 124, 224, 127, 226, -3, -2, -2.5535900500422257, 3.605551275463989
176, 117, 521, 367, 520, 368, 1, -1, -0.7853981633974483, 1.4142135623730951
176, 122, 284, 162, 287, 162, -3, 0, 3.141592653589793, 3.0
177, 7, 248, 139, 250, 139, -2, 0, 3.141592653589793, 2.0
177, 19, 362, 141, 365, 142, -3, -1, -2.819842099193151, 3.1622776601683795
177, 24, 199, 362, 201, 363, -2, -1, -2.677945044588987, 2.23606797749979
177, 25, 275, 363, 277, 364, -2, -1, -2.677945044588987, 2.23606797749979
177, 30, 344, 366, 348, 367, -4, -1, -2.896613990462929, 4.123105625617661
177, 40, 589, 251, 589, 253, 0, -2, -1.5707963267948966, 2.0
177, 45, 258, 364, 263, 365, -5, -1, -2.9441970937399127, 5.0990195135927845
177, 50, 222, 148, 224, 150, -2, -2, -2.356194490192345, 2.8284271247461903
177, 55, 183, 169, 185, 171, -2, -2, -2.356194490192345, 2.8284271247461903
177, 57, 190, 151, 194, 152, -4, -1, -2.896613990462929, 4.123105625617661
177, 64, 165, 163, 167, 162, -2, 1, 2.677945044588987, 2.23606797749979
177, 68, 99, 315, 101, 317, -2, -2, -2.356194490192345, 2.8284271247461903
177, 69, 135, 209, 139, 210, -4, -1, -2.896613990462929, 4.123105625617661
177, 72, 84, 365, 86, 366, -2, -1, -2.677945044588987, 2.23606797749979
177, 75, 190, 156, 193, 157, -3, -1, -2.819842099193151, 3.1622776601683795
177, 77, 209, 366, 212, 366, -3, 0, 3.141592653589793, 3.0
177, 89, 252, 144, 255, 145, -3, -1, -2.819842099193151, 3.1622776601683795
177, 90, 209, 161, 213, 162, -4, -1, -2.896613990462929, 4.123105625617661
177, 95, 118, 221, 124, 224, -6, -3, -2.677945044588987, 6.708203932499369
177, 100, 522, 366, 521, 367, 1, -1, -0.7853981633974483, 1.4142135623730951
177, 104, 280, 162, 284, 162, -4, 0, 3.141592653589793, 4.0
178, 13, 93, 304, 95, 306, -2, -2, -2.356194490192345, 2.8284271247461903
178, 15, 359, 141, 362, 141, -3, 0, 3.141592653589793, 3.0
178, 19, 196, 361, 199, 362, -3, -1, -2.819842099193151, 3.1622776601683795
178, 20, 272, 363, 275, 363, -3, 0, 3.141592653589793, 3.0
178, 24, 340, 365, 344, 366, -4, -1, -2.896613990462929, 4.123105625617661
178, 32, 588, 248, 589, 251, -1, -3, -1.892546881191539, 3.1622776601683795
178, 36, 256, 363, 258, 364, -2, -1, -2.677945044588987, 2.23606797749979
178, 41, 219, 147, 222, 148, -3, -1, -2.819842099193151, 3.1622776601683795
178, 46, 180, 167, 183, 169, -3, -2, -2.5535900500422257, 3.605551275463989
178, 54, 96, 313, 99, 315, -3, -2, -2.5535900500422257, 3.605551275463989
178, 55, 131, 209, 135, 209, -4, 0, 3.141592653589793, 4.0
178, 56, 232, 127, 234, 127, -2, 0, 3.141592653589793, 2.0
178, 60, 187, 155, 190, 156, -3, -1, -2.819842099193151, 3.1622776601683795
178, 62, 206, 366, 209, 366, -3, 0, 3.141592653589793, 3.0
178, 69, 159, 366, 161, 366, -2, 0, 3.141592653589793, 2.0
178, 70, 250, 143, 252, 144, -2, -1, -2.677945044588987, 2.23606797749979
178, 71, 207, 160, 209, 161, -2, -1, -2.677945044588987, 2.23606797749979
178, 72, 298, 147, 300, 147, -2, 0, 3.141592653589793, 2.0
178, 74, 204, 139, 206, 139, -2, 0, 3.141592653589793, 2.0
178, 75, 115, 218, 118, 221, -3, -3, -2.356194490192345, 4.242640687119285
178, 82, 277, 161, 280, 162, -3, -1, -2.819842099193151, 3.1622776601683795
179, 15, 194, 361, 196, 361, -2, 0, 3.141592653589793, 2.0
179, 16, 269, 363, 272, 363, -3, 0, 3.141592653589793, 3.0
179, 20, 336, 364, 340, 365, -4, -1, -2.896613990462929, 4.123105625617661
179, 28, 588, 246, 588, 248, 0, -2, -1.5707963267948966, 2.0
179, 30, 253, 362, 256, 363, -3, -1, -2.819842099193151, 3.1622776601683795
179, 34, 216, 146, 219, 147, -3, -1, -2.819842099193151, 3.1622776601683795
179, 38, 176, 166, 180, 167, -4, -1, -2.896613990462929, 4.123105625617661
179, 43, 162, 164, 164, 163, -2, 1, 2.677945044588987, 2.23606797749979
179, 45, 126, 209, 131, 209, -5, 0, 3.141592653589793, 5.0
179, 49, 204, 365, 206, 366, -2, -1, -2.677945044588987, 2.23606797749979
179, 56, 247, 142, 250, 143, -3, -1, -2.819842099193151, 3.1622776601683795
179, 57, 204, 159, 207, 160, -3, -1, -2.819842099193151, 3.1622776601683795
179, 58, 296, 147, 298, 147, -2, 0, 3.141592653589793, 2.0
179, 60, 202, 139, 204, 139, -2, 0, 3.141592653589793, 2.0
179, 61, 114, 216, 115, 218, -1, -2, -2.0344439357957027, 2.23606797749979
180, 25, 247, 139, 250, 140, -3, -1, -2.819842099193151, 3.1622776601683795
180, 27, 340, 367, 343, 367, -3, 0, 3.141592653589793, 3.0
180, 28, 221, 122, 223, 123, -2, -1, -2.677945044588987, 2.23606797749979
180, 32, 191, 153, 193, 154, -2, -1, -2.677945044588987, 2.23606797749979
180, 35, 362, 141, 364, 142, -2, -1, -2.677945044588987, 2.23606797749979
180, 36, 338, 139, 340, 139, -2, 0, 3.141592653589793, 2.0
180, 49, 198, 362, 200, 363, -2, -1, -2.677945044588987, 2.23606797749979
180, 53, 99, 316, 101, 318, -2, -2, -2.356194490192345, 2.8284271247461903
180, 59, 589, 289, 590, 291, -1, -2, -2.0344439357957027, 2.23606797749979
180, 68, 580, 158, 581, 160, -1, -2, -2.0344439357957027, 2.23606797749979
180, 72, 223, 150, 225, 151, -2, -1, -2.677945044588987, 2.23606797749979
180, 76, 584, 175, 585, 177, -1, -2, -2.0344439357957027, 2.23606797749979
180, 77, 176, 167, 183, 170, -7, -3, -2.7367008673047097, 7.615773105863909
180, 89, 207, 366, 210, 366, -3, 0, 3.141592653589793, 3.0
180, 102, 165, 165, 167, 165, -2, 0, 3.141592653589793, 2.0
180, 105, 86, 244, 84, 245, 2, -1, -0.4636476090008061, 2.23606797749979
180, 108, 588, 250, 589, 252, -1, -2, -2.0344439357957027, 2.23606797749979
180, 109, 256, 366, 261, 367, -5, -1, -2.9441970937399127, 5.0990195135927845
180, 110, 227, 135, 229, 135, -2, 0, 3.141592653589793, 2.0
180, 114, 205, 140, 207, 140, -2, 0, 3.141592653589793, 2.0
180, 118, 272, 365, 276, 365, -4, 0, 3.141592653589793, 4.0
180, 119, 208, 164, 212, 164, -4, 0, 3.141592653589793, 4.0
180, 122, 162, 368, 164, 368, -2, 0, 3.141592653589793, 2.0
180, 124, 249, 152, 251, 152, -2, 0, 3.141592653589793, 2.0
180, 127, 299, 150, 301, 150, -2, 0, 3.141592653589793, 2.0
180, 139, 582, 286, 582, 289, 0, -3, -1.5707963267948966, 3.0
180, 148, 278, 163, 282, 163, -4, 0, 3.141592653589793, 4.0
180, 150, 526, 366, 524, 367, 2, -1, -0.4636476090008061, 2.23606797749979
181, 17, 244, 137, 247, 139, -3, -2, -2.5535900500422257, 3.605551275463989
181, 19, 339, 368, 340, 367, -1, 1, 2.356194490192345, 1.4142135623730951
181, 23, 156, 149, 158, 149, -2, 0, 3.141592653589793, 2.0
181, 24, 189, 153, 191, 153, -2, 0, 3.141592653589793, 2.0
181, 26, 359, 140, 362, 141, -3, -1, -2.819842099193151, 3.1622776601683795
181, 39, 195, 361, 198, 362, -3, -1, -2.819842099193151, 3.1622776601683795
181, 41, 96, 313, 99, 316, -3, -3, -2.356194490192345, 4.242640687119285
181, 45, 588, 287, 589, 289, -1, -2, -2.0344439357957027, 2.23606797749979
181, 54, 171, 164, 176, 167, -5, -3, -2.601173153319209, 5.830951894845301
181, 62, 204, 366, 207, 366, -3, 0, 3.141592653589793, 3.0
181, 69, 100, 265, 101, 267, -1, -2, -2.0344439357957027, 2.23606797749979
181, 70, 163, 166, 165, 165, -2, 1, 2.677945044588987, 2.23606797749979
181, 74, 587, 248, 588, 250, -1, -2, -2.0344439357957027, 2.23606797749979
181, 75, 251, 366, 256, 366, -5, 0, 3.141592653589793, 5.0
181, 76, 225, 134, 227, 135, -2, -1, -2.677945044588987, 2.23606797749979
181, 80, 203, 139, 205, 140, -2, -1, -2.677945044588987, 2.23606797749979
181, 84, 268, 364, 272, 365, -4, -1, -2.896613990462929, 4.123105625617661
181, 85, 204, 163, 208, 164, -4, -1, -2.896613990462929, 4.123105625617661
181, 87, 160, 368, 162, 368, -2, 0, 3.141592653589793, 2.0
181, 89, 247, 151, 249, 152, -2, -1, -2.677945044588987, 2.23606797749979
181, 91, 297, 150, 299, 150, -2, 0, 3.141592653589793, 2.0
181, 99, 583, 284, 582, 286, 1, -2, -1.1071487177940904, 2.23606797749979
181, 106, 274, 163, 278, 163, -4, 0, 3.141592653589793, 4.0
181, 108, 528, 366, 526, 366, 2, 0, 0.0, 2.0
182, 12, 242, 136, 244, 137, -2, -1, -2.677945044588987, 2.23606797749979
182, 14, 333, 368, 339, 368, -6, 0, 3.141592653589793, 6.0
182, 15, 218, 121, 220, 122, -2, -1, -2.677945044588987, 2.23606797749979
182, 20, 357, 139, 359, 140, -2, -1, -2.677945044588987, 2.23606797749979
182, 21, 335, 139, 337, 139, -2, 0, 3.141592653589793, 2.0
182, 23, 128, 170, 130, 170, -2, 0, 3.141592653589793, 2.0
182, 31, 192, 360, 195, 361, -3, -1, -2.819842099193151, 3.1622776601683795
182, 33, 94, 311, 96, 313, -2, -2, -2.356194490192345, 2.8284271247461903
182, 36, 588, 285, 588, 287, 0, -2, -1.5707963267948966, 2.0
182, 44, 169, 165, 171, 164, -2, 1, 2.677945044588987, 2.23606797749979
182, 51, 201, 366, 204, 366, -3, 0, 3.141592653589793, 3.0
182, 61, 586, 246, 587, 248, -1, -2, -2.0344439357957027, 2.23606797749979
182, 62, 245, 365, 251, 366, -6, -1, -2.976443976175166, 6.082762530298219
182, 67, 201, 138, 203, 139, -2, -1, -2.677945044588987, 2.23606797749979
182, 70, 265, 363, 268, 364, -3, -1, -2.819842099193151, 3.1622776601683795
182, 71, 202, 162, 204, 163, -2, -1, -2.677945044588987, 2.23606797749979
182, 73, 158, 368, 160, 368, -2, 0, 3.141592653589793, 2.0
182, 77, 295, 150, 297, 150, -2, 0, 3.141592653589793, 2.0
182, 84, 583, 281, 583, 284, 0, -3, -1.5707963267948966, 3.0
182, 91, 271, 161, 274, 163, -3, -2, -2.5535900500422257, 3.605551275463989
182, 92, 529, 365, 528, 366, 1, -1, -0.7853981633974483, 1.4142135623730951
183, 11, 328, 367, 333, 368, -5, -1, -2.9441970937399127, 5.0990195135927845
183, 16, 320, 127, 322, 128, -2, -1, -2.677945044588987, 2.23606797749979
183, 17, 356, 137, 357, 139, -1, -2, -2.0344439357957027, 2.23606797749979
183, 27, 189, 359, 192, 360, -3, -1, -2.819842099193151, 3.1622776601683795
183, 29, 93, 309, 94, 311, -1, -2, -2.0344439357957027, 2.23606797749979
183, 43, 198, 365, 201, 366, -3, -1, -2.819842099193151, 3.1622776601683795
183, 49, 160, 166, 162, 166, -2, 0, 3.141592653589793, 2.0
183, 51, 83, 242, 85, 244, -2, -2, -2.356194490192345, 2.8284271247461903
183, 53, 585, 244, 586, 246, -1, -2, -2.0344439357957027, 2.23606797749979
183, 54, 242, 366, 245, 365, -3, 1, 2.819842099193151, 3.1622776601683795
183, 62, 261, 363, 265, 363, -4, 0, 3.141592653589793, 4.0
183, 63, 200, 161, 202, 162, -2, -1, -2.677945044588987, 2.23606797749979
183, 65, 156, 367, 158, 368, -2, -1, -2.677945044588987, 2.23606797749979
183, 66, 244, 150, 246, 151, -2, -1, -2.677945044588987, 2.23606797749979
183, 68, 293, 150, 295, 150, -2, 0, 3.141592653589793, 2.0
183, 79, 596, 223, 595, 224, 1, -1, -0.7853981633974483, 1.4142135623730951
183, 81, 266, 160, 271, 161, -5, -1, -2.9441970937399127, 5.0990195135927845
183, 82, 530, 364, 529, 365, 1, -1, -0.7853981633974483, 1.4142135623730951
184, 11, 325, 367, 328, 367, -3, 0, 3.141592653589793, 3.0
184, 17, 354, 136, 356, 137, -2, -1, -2.677945044588987, 2.23606797749979
184, 26, 185, 359, 189, 359, -4, 0, 3.141592653589793, 4.0
184, 30, 156, 139, 155, 140, 1, -1, -0.7853981633974483, 1.4142135623730951
184, 41, 195, 364, 198, 365, -3, -1, -2.819842099193151, 3.1622776601683795
184, 49, 584, 242, 585, 244, -1, -2, -2.0344439357957027, 2.23606797749979
184, 50, 239, 366, 242, 366, -3, 0, 3.141592653589793, 3.0
184, 55, 198, 138, 200, 138, -2, 0, 3.141592653589793, 2.0
184, 58, 258, 362, 261, 363, -3, -1, -2.819842099193151, 3.1622776601683795
184, 60, 153, 367, 156, 367, -3, 0, 3.141592653589793, 3.0
184, 61, 241, 149, 244, 150, -3, -1, -2.819842099193151, 3.1622776601683795
184, 63, 291, 150, 293, 150, -2, 0, 3.141592653589793, 2.0
184, 71, 263, 160, 266, 160, -3, 0, 3.141592653589793, 3.0
184, 72, 531, 363, 530, 364, 1, -1, -0.7853981633974483, 1.4142135623730951
185, 3, 243, 137, 245, 138, -2, -1, -2.677945044588987, 2.23606797749979
185, 19, 327, 368, 331, 368, -4, 0, 3.141592653589793, 4.0
185, 23, 590, 284, 590, 286, 0, -2, -1.5707963267948966, 2.0
185, 35, 359, 140, 361, 141, -2, -1, -2.677945044588987, 2.23606797749979
185, 36, 171, 166, 173, 166, -2, 0, 3.141592653589793, 2.0
185, 54, 192, 366, 195, 367, -3, -1, -2.819842099193151, 3.1622776601683795
185, 68, 249, 116, 251, 117, -2, -1, -2.677945044588987, 2.23606797749979
185, 83, 96, 302, 97, 304, -1, -2, -2.0344439357957027, 2.23606797749979
185, 86, 201, 143, 203, 143, -2, 0, 3.141592653589793, 2.0
185, 97, 587, 245, 588, 247, -1, -2, -2.0344439357957027, 2.23606797749979
185, 98, 127, 171, 129, 171, -2, 0, 3.141592653589793, 2.0
185, 104, 591, 214, 591, 216, 0, -2, -1.5707963267948966, 2.0
185, 107, 202, 366, 205, 366, -3, 0, 3.141592653589793, 3.0
185, 126, 353, 145, 355, 146, -2, -1, -2.677945044588987, 2.23606797749979
185, 129, 218, 148, 220, 149, -2, -1, -2.677945044588987, 2.23606797749979
185, 131, 201, 163, 204, 163, -3, 0, 3.141592653589793, 3.0
185, 134, 581, 284, 582, 287, -1, -3, -1.892546881191539, 3.1622776601683795
185, 135, 243, 153, 245, 154, -2, -1, -2.677945044588987, 2.23606797749979
185, 140, 156, 368, 158, 368, -2, 0, 3.141592653589793, 2.0
186, 3, 241, 136, 243, 137, -2, -1, -2.677945044588987, 2.23606797749979
186, 17, 325, 368, 327, 368, -2, 0, 3.141592653589793, 2.0
186, 21, 590, 282, 590, 284, 0, -2, -1.5707963267948966, 2.0
186, 27, 333, 140, 335, 140, -2, 0, 3.141592653589793, 2.0
186, 31, 357, 139, 359, 140, -2, -1, -2.677945044588987, 2.23606797749979
186, 32, 169, 166, 171, 166, -2, 0, 3.141592653589793, 2.0
186, 47, 189, 365, 192, 366, -3, -1, -2.819842099193151, 3.1622776601683795
186, 70, 96, 300, 96, 302, 0, -2, -1.5707963267948966, 2.0
186, 73, 199, 143, 201, 143, -2, 0, 3.141592653589793, 2.0
186, 79, 93, 142, 94, 144, -1, -2, -2.0344439357957027, 2.23606797749979
186, 81, 586, 243, 587, 245, -1, -2, -2.0344439357957027, 2.23606797749979
186, 86, 591, 212, 591, 214, 0, -2, -1.5707963267948966, 2.0
186, 89, 199, 366, 202, 366, -3, 0, 3.141592653589793, 3.0
186, 104, 351, 144, 353, 145, -2, -1, -2.677945044588987, 2.23606797749979
186, 105, 224, 133, 226, 134, -2, -1, -2.677945044588987, 2.23606797749979
186, 106, 215, 147, 218, 148, -3, -1, -2.819842099193151, 3.1622776601683795
186, 107, 198, 162, 201, 163, -3, -1, -2.819842099193151, 3.1622776601683795
186, 110, 581, 281, 581, 284, 0, -3, -1.5707963267948966, 3.0
186, 111, 241, 153, 243, 153, -2, 0, 3.141592653589793, 2.0
186, 115, 83, 245, 85, 245, -2, 0, 3.141592653589793, 2.0
186, 116, 154, 368, 156, 368, -2, 0, 3.141592653589793, 2.0
187, 3, 239, 135, 241, 136, -2, -1, -2.677945044588987, 2.23606797749979
187, 14, 323, 367, 325, 368, -2, -1, -2.677945044588987, 2.23606797749979
187, 18, 590, 280, 590, 282, 0, -2, -1.5707963267948966, 2.0
187, 28, 356, 140, 357, 139, -1, 1, 2.356194490192345, 1.4142135623730951
187, 43, 186, 364, 189, 365, -3, -1, -2.819842099193151, 3.1622776601683795
187, 61, 95, 298, 96, 300, -1, -2, -2.0344439357957027, 2.23606797749979
187, 64, 197, 143, 199, 143, -2, 0, 3.141592653589793, 2.0
187, 71, 585, 241, 586, 243, -1, -2, -2.0344439357957027, 2.23606797749979
187, 75, 591, 210, 591, 212, 0, -2, -1.5707963267948966, 2.0
187, 78, 196, 366, 199, 366, -3, 0, 3.141592653589793, 3.0
187, 87, 349, 144, 351, 144, -2, 0, 3.141592653589793, 2.0
187, 88, 222, 133, 224, 133, -2, 0, 3.141592653589793, 2.0
187, 89, 212, 147, 215, 147, -3, 0, 3.141592653589793, 3.0
187, 90, 196, 161, 198, 162, -2, -1, -2.677945044588987, 2.23606797749979
187, 94, 238, 152, 241, 153, -3, -1, -2.819842099193151, 3.1622776601683795
187, 99, 152, 368, 154, 368, -2, 0, 3.141592653589793, 2.0
188, 10, 321, 367, 323, 367, -2, 0, 3.141592653589793, 2.0
188, 13, 590, 278, 590, 280, 0, -2, -1.5707963267948966, 2.0
188, 18, 330, 140, 332, 140, -2, 0, 3.141592653589793, 2.0
188, 21, 354, 139, 356, 140, -2, -1, -2.677945044588987, 2.23606797749979
188, 22, 166, 166, 168, 166, -2, 0, 3.141592653589793, 2.0
188, 33, 183, 363, 186, 364, -3, -1, -2.819842099193151, 3.1622776601683795
188, 50, 195, 143, 197, 143, -2, 0, 3.141592653589793, 2.0
188, 56, 585, 239, 585, 241, 0, -2, -1.5707963267948966, 2.0
188, 59, 591, 208, 591, 210, 0, -2, -1.5707963267948966, 2.0
188, 61, 193, 365, 196, 366, -3, -1, -2.819842099193151, 3.1622776601683795
188, 70, 220, 133, 222, 133, -2, 0, 3.141592653589793, 2.0
188, 71, 208, 146, 212, 147, -4, -1, -2.896613990462929, 4.123105625617661
188, 72, 581, 278, 581, 280, 0, -2, -1.5707963267948966, 2.0
188, 73, 236, 151, 238, 152, -2, -1, -2.677945044588987, 2.23606797749979
188, 77, 150, 368, 152, 368, -2, 0, 3.141592653589793, 2.0
189, 9, 217, 121, 219, 122, -2, -1, -2.677945044588987, 2.23606797749979
189, 10, 319, 366, 321, 367, -2, -1, -2.677945044588987, 2.23606797749979
189, 13, 590, 276, 590, 278, 0, -2, -1.5707963267948966, 2.0
189, 21, 352, 139, 354, 139, -2, 0, 3.141592653589793, 2.0
189, 31, 181, 362, 183, 363, -2, -1, -2.677945044588987, 2.23606797749979
189, 35, 150, 152, 152, 152, -2, 0, 3.141592653589793, 2.0
189, 45, 192, 143, 195, 143, -3, 0, 3.141592653589793, 3.0
189, 51, 584, 237, 585, 239, -1, -2, -2.0344439357957027, 2.23606797749979
189, 52, 122, 171, 124, 171, -2, 0, 3.141592653589793, 2.0
189, 54, 591, 206, 591, 208, 0, -2, -1.5707963267948966, 2.0
189, 56, 190, 364, 193, 365, -3, -1, -2.819842099193151, 3.1622776601683795
189, 62, 206, 145, 208, 146, -2, -1, -2.677945044588987, 2.23606797749979
189, 63, 581, 276, 581, 278, 0, -2, -1.5707963267948966, 2.0
189, 64, 234, 151, 236, 151, -2, 0, 3.141592653589793, 2.0
189, 66, 148, 367, 150, 368, -2, -1, -2.677945044588987, 2.23606797749979
190, 8, 239, 136, 241, 137, -2, -1, -2.677945044588987, 2.23606797749979
190, 23, 585, 202, 587, 203, -2, -1, -2.677945044588987, 2.23606797749979
190, 31, 167, 167, 169, 167, -2, 0, 3.141592653589793, 2.0
190, 33, 187, 159, 189, 159, -2, 0, 3.141592653589793, 2.0
190, 48, 578, 156, 580, 159, -2, -3, -2.158798930342464, 3.605551275463989
190, 55, 124, 172, 126, 172, -2, 0, 3.141592653589793, 2.0
190, 62, 593, 280, 594, 282, -1, -2, -2.0344439357957027, 2.23606797749979
190, 64, 325, 367, 327, 368, -2, -1, -2.677945044588987, 2.23606797749979
190, 66, 186, 367, 189, 367, -3, 0, 3.141592653589793, 3.0
190, 86, 212, 148, 215, 148, -3, 0, 3.141592653589793, 3.0
190, 88, 230, 127, 232, 128, -2, -1, -2.677945044588987, 2.23606797749979
190, 104, 152, 152, 154, 152, -2, 0, 3.141592653589793, 2.0
190, 107, 194, 365, 197, 365, -3, 0, 3.141592653589793, 3.0
190, 113, 588, 241, 589, 243, -1, -2, -2.0344439357957027, 2.23606797749979
190, 124, 96, 298, 97, 300, -1, -2, -2.0344439357957027, 2.23606797749979
190, 128, 193, 143, 195, 143, -2, 0, 3.141592653589793, 2.0
190, 130, 228, 145, 230, 145, -2, 0, 3.141592653589793, 2.0
190, 133, 591, 209, 591, 211, 0, -2, -1.5707963267948966, 2.0
190, 141, 214, 364, 217, 365, -3, -1, -2.819842099193151, 3.1622776601683795
190, 146, 222, 134, 224, 135, -2, -1, -2.677945044588987, 2.23606797749979
190, 155, 289, 152, 291, 152, -2, 0, 3.141592653589793, 2.0
191, 6, 237, 136, 239, 136, -2, 0, 3.141592653589793, 2.0
191, 19, 584, 200, 585, 202, -1, -2, -2.0344439357957027, 2.23606797749979
191, 20, 354, 142, 356, 142, -2, 0, 3.141592653589793, 2.0
191, 23, 219, 122, 221, 122, -2, 0, 3.141592653589793, 2.0
191, 26, 165, 167, 167, 167, -2, 0, 3.141592653589793, 2.0
191, 28, 185, 159, 187, 159, -2, 0, 3.141592653589793, 2.0
191, 52, 592, 278, 593, 280, -1, -2, -2.0344439357957027, 2.23606797749979
191, 55, 183, 368, 186, 367, -3, 1, 2.819842099193151, 3.1622776601683795
191, 72, 209, 147, 212, 148, -3, -1, -2.819842099193151, 3.1622776601683795
191, 89, 150, 152, 152, 152, -2, 0, 3.141592653589793, 2.0
191, 92, 191, 365, 194, 365, -3, 0, 3.141592653589793, 3.0
191, 98, 587, 238, 588, 241, -1, -3, -1.892546881191539, 3.1622776601683795
191, 107, 195, 164, 197, 164, -2, 0, 3.141592653589793, 2.0
191, 114, 591, 207, 591, 209, 0, -2, -1.5707963267948966, 2.0
191, 119, 212, 363, 214, 364, -2, -1, -2.677945044588987, 2.23606797749979
191, 123, 220, 134, 222, 134, -2, 0, 3.141592653589793, 2.0
191, 131, 287, 152, 289, 152, -2, 0, 3.141592653589793, 2.0
192, 3, 235, 136, 237, 136, -2, 0, 3.141592653589793, 2.0
192, 15, 582, 199, 584, 200, -2, -1, -2.677945044588987, 2.23606797749979
192, 21, 163, 167, 165, 167, -2, 0, 3.141592653589793, 2.0
192, 23, 183, 158, 185, 159, -2, -1, -2.677945044588987, 2.23606797749979
192, 46, 322, 367, 324, 367, -2, 0, 3.141592653589793, 2.0
192, 47, 180, 367, 183, 368, -3, -1, -2.819842099193151, 3.1622776601683795
192, 61, 207, 147, 209, 147, -2, 0, 3.141592653589793, 2.0
192, 63, 227, 126, 229, 127, -2, -1, -2.677945044588987, 2.23606797749979
192, 78, 188, 364, 191, 365, -3, -1, -2.819842099193151, 3.1622776601683795
192, 82, 587, 236, 587, 238, 0, -2, -1.5707963267948966, 2.0
192, 87, 334, 144, 336, 144, -2, 0, 3.141592653589793, 2.0
192, 92, 190, 142, 192, 143, -2, -1, -2.677945044588987, 2.23606797749979
192, 94, 225, 145, 227, 145, -2, 0, 3.141592653589793, 2.0
192, 97, 591, 205, 591, 207, 0, -2, -1.5707963267948966, 2.0
192, 101, 210, 362, 212, 363, -2, -1, -2.677945044588987, 2.23606797749979
192, 105, 218, 133, 220, 134, -2, -1, -2.677945044588987, 2.23606797749979
192, 112, 285, 152, 287, 152, -2, 0, 3.141592653589793, 2.0
193, 14, 580, 198, 582, 199, -2, -1, -2.677945044588987, 2.23606797749979
193, 15, 351, 142, 353, 142, -2, 0, 3.141592653589793, 2.0
193, 22, 181, 159, 183, 158, -2, 1, 2.677945044588987, 2.23606797749979
193, 39, 591, 275, 592, 277, -1, -2, -2.0344439357957027, 2.23606797749979
193, 41, 320, 367, 322, 367, -2, 0, 3.141592653589793, 2.0
193, 42, 177, 367, 180, 367, -3, 0, 3.141592653589793, 3.0
193, 64, 185, 364, 188, 364, -3, 0, 3.141592653589793, 3.0
193, 68, 586, 233, 587, 236, -1, -3, -1.892546881191539, 3.1622776601683795
193, 74, 192, 165, 194, 164, -2, 1, 2.677945044588987, 2.23606797749979
193, 77, 223, 145, 225, 145, -2, 0, 3.141592653589793, 2.0
193, 82, 208, 362, 210, 362, -2, 0, 3.141592653589793, 2.0
193, 91, 284, 153, 285, 152, -1, 1, 2.356194490192345, 1.4142135623730951
194, 13, 578, 196, 580, 198, -2, -2, -2.356194490192345, 2.8284271247461903
194, 16, 215, 121, 217, 122, -2, -1, -2.677945044588987, 2.23606797749979
194, 19, 160, 167, 162, 167, -2, 0, 3.141592653589793, 2.0
194, 21, 179, 159, 181, 159, -2, 0, 3.141592653589793, 2.0
194, 36, 591, 272, 591, 275, 0, -3, -1.5707963267948966, 3.0
194, 38, 318, 367, 320, 367, -2, 0, 3.141592653589793, 2.0
194, 39, 174, 366, 177, 367, -3, -1, -2.819842099193151, 3.1622776601683795
194, 52, 152, 137, 154, 137, -2, 0, 3.141592653589793, 2.0
194, 57, 182, 363, 185, 364, -3, -1, -2.819842099193151, 3.1622776601683795
194, 60, 586, 231, 586, 233, 0, -2, -1.5707963267948966, 2.0
194, 68, 221, 145, 223, 145, -2, 0, 3.141592653589793, 2.0
194, 73, 206, 361, 208, 362, -2, -1, -2.677945044588987, 2.23606797749979
195, 1, 236, 136, 238, 137, -2, -1, -2.677945044588987, 2.23606797749979
195, 18, 165, 168, 167, 168, -2, 0, 3.141592653589793, 2.0
195, 34, 217, 365, 220, 366, -3, -1, -2.819842099193151, 3.1622776601683795
195, 36, 582, 199, 584, 200, -2, -1, -2.677945044588987, 2.23606797749979
195, 38, 179, 361, 182, 362, -3, -1, -2.819842099193151, 3.1622776601683795
195, 40, 593, 277, 593, 279, 0, -2, -1.5707963267948966, 2.0
195, 45, 321, 369, 323, 369, -2, 0, 3.141592653589793, 2.0
195, 62, 207, 148, 210, 148, -3, 0, 3.141592653589793, 3.0
195, 63, 237, 363, 242, 364, -5, -1, -2.9441970937399127, 5.0990195135927845
195, 69, 191, 366, 194, 366, -3, 0, 3.141592653589793, 3.0
195, 87, 255, 123, 257, 124, -2, -1, -2.677945044588987, 2.23606797749979
195, 89, 95, 144, 97, 145, -2, -1, -2.677945044588987, 2.23606797749979
195, 91, 314, 117, 316, 118, -2, -1, -2.677945044588987, 2.23606797749979
195, 94, 46, 117, 49, 117, -3, 0, 3.141592653589793, 3.0
195, 100, 586, 234, 587, 237, -1, -3, -1.892546881191539, 3.1622776601683795
195, 109, 192, 165, 194, 164, -2, 1, 2.677945044588987, 2.23606797749979
195, 110, 148, 364, 147, 365, 1, -1, -0.7853981633974483, 1.4142135623730951
195, 129, 253, 161, 257, 162, -4, -1, -2.896613990462929, 4.123105625617661
195, 132, 286, 154, 288, 154, -2, 0, 3.141592653589793, 2.0
195, 145, 156, 177, 157, 176, -1, 1, 2.356194490192345, 1.4142135623730951
195, 154, 332, 139, 334, 139, -2, 0, 3.141592653589793, 2.0
195, 156, 232, 153, 234, 153, -2, 0, 3.141592653589793, 2.0
196, 0, 234, 135, 236, 136, -2, -1, -2.677945044588987, 2.23606797749979
196, 26, 215, 364, 217, 365, -2, -1, -2.677945044588987, 2.23606797749979
196, 29, 176, 361, 179, 361, -3, 0, 3.141592653589793, 3.0
196, 31, 593, 273, 593, 277, 0, -4, -1.5707963267948966, 4.0
196, 36, 319, 368, 321, 369, -2, -1, -2.677945044588987, 2.23606797749979
196, 42, 350, 144, 352, 144, -2, 0, 3.141592653589793, 2.0
196, 50, 205, 148, 207, 148, -2, 0, 3.141592653589793, 2.0
196, 51, 231, 362, 237, 363, -6, -1, -2.976443976175166, 6.082762530298219
196, 55, 592, 202, 593, 204, -1, -2, -2.0344439357957027, 2.23606797749979
196, 56, 189, 366, 191, 366, -2, 0, 3.141592653589793, 2.0
196, 75, 47, 116, 46, 117, 1, -1, -0.7853981633974483, 1.4142135623730951
196, 80, 586, 230, 586, 234, 0, -4, -1.5707963267948966, 4.0
196, 85, 190, 166, 192, 165, -2, 1, 2.677945044588987, 2.23606797749979
196, 98, 249, 161, 253, 161, -4, 0, 3.141592653589793, 4.0
196, 101, 283, 153, 286, 154, -3, -1, -2.819842099193151, 3.1622776601683795
196, 113, 155, 179, 156, 177, -1, 2, 2.0344439357957027, 2.23606797749979
196, 114, 224, 148, 226, 148, -2, 0, 3.141592653589793, 2.0
196, 120, 330, 139, 332, 139, -2, 0, 3.141592653589793, 2.0
197, 0, 232, 134, 234, 135, -2, -1, -2.677945044588987, 2.23606797749979
197, 11, 162, 167, 164, 168, -2, -1, -2.677945044588987, 2.23606797749979
197, 23, 212, 364, 215, 364, -3, 0, 3.141592653589793, 3.0
197, 26, 174, 360, 176, 361, -2, -1, -2.677945044588987, 2.23606797749979
197, 28, 592, 270, 593, 273, -1, -3, -1.892546881191539, 3.1622776601683795
197, 31, 317, 367, 319, 368, -2, -1, -2.677945044588987, 2.23606797749979
197, 37, 348, 143, 350, 144, -2, -1, -2.677945044588987, 2.23606797749979
197, 39, 597, 165, 595, 166, 2, -1, -0.4636476090008061, 2.23606797749979
197, 43, 203, 148, 205, 148, -2, 0, 3.141592653589793, 2.0
197, 44, 227, 361, 231, 362, -4, -1, -2.896613990462929, 4.123105625617661
197, 47, 185, 366, 189, 366, -4, 0, 3.141592653589793, 4.0
197, 65, 585, 228, 586, 230, -1, -2, -2.0344439357957027, 2.23606797749979
197, 79, 245, 161, 249, 161, -4, 0, 3.141592653589793, 4.0
197, 82, 280, 153, 283, 153, -3, 0, 3.141592653589793, 3.0
197, 92, 153, 180, 155, 179, -2, 1, 2.677945044588987, 2.23606797749979
197, 93, 222, 149, 224, 148, -2, 1, 2.677945044588987, 2.23606797749979
197, 99, 114, 165, 116, 166, -2, -1, -2.677945044588987, 2.23606797749979
197, 100, 229, 154, 231, 153, -2, 1, 2.677945044588987, 2.23606797749979
198, 0, 230, 133, 232, 134, -2, -1, -2.677945044588987, 2.23606797749979
198, 10, 160, 167, 162, 167, -2, 0, 3.141592653589793, 2.0
198, 15, 180, 163, 181, 162, -1, 1, 2.356194490192345, 1.4142135623730951
198, 21, 210, 364, 212, 364, -2, 0, 3.141592653589793, 2.0
198, 26, 591, 268, 592, 270, -1, -2, -2.0344439357957027, 2.23606797749979
198, 29, 315, 365, 317, 367, -2, -2, -2.356194490192345, 2.8284271247461903
198, 31, 346, 144, 348, 143, -2, 1, 2.677945044588987, 2.23606797749979
198, 37, 201, 148, 203, 148, -2, 0, 3.141592653589793, 2.0
198, 38, 223, 361, 227, 361, -4, 0, 3.141592653589793, 4.0
198, 41, 182, 366, 185, 366, -3, 0, 3.141592653589793, 3.0
198, 56, 586, 226, 585, 228, 1, -2, -1.1071487177940904, 2.23606797749979
198, 70, 243, 159, 245, 161, -2, -2, -2.356194490192345, 2.8284271247461903
198, 80, 151, 181, 153, 180, -2, 1, 2.677945044588987, 2.23606797749979
198, 81, 219, 149, 222, 149, -3, 0, 3.141592653589793, 3.0
198, 88, 227, 154, 229, 154, -2, 0, 3.141592653589793, 2.0
199, 14, 179, 164, 180, 163, -1, 1, 2.356194490192345, 1.4142135623730951
199, 20, 208, 364, 210, 364, -2, 0, 3.141592653589793, 2.0
199, 23, 171, 360, 173, 360, -2, 0, 3.141592653589793, 2.0
199, 25, 590, 266, 591, 268, -1, -2, -2.0344439357957027, 2.23606797749979
199, 29, 343, 144, 346, 144, -3, 0, 3.141592653589793, 3.0
199, 36, 224, 360, 223, 361, 1, -1, -0.7853981633974483, 1.4142135623730951
199, 39, 180, 366, 182, 366, -2, 0, 3.141592653589793, 2.0
199, 52, 587, 224, 586, 226, 1, -2, -1.1071487177940904, 2.23606797749979
199, 56, 187, 167, 188, 166, -1, 1, 2.356194490192345, 1.4142135623730951
199, 64, 241, 158, 243, 159, -2, -1, -2.677945044588987, 2.23606797749979
199, 67, 277, 152, 279, 153, -2, -1, -2.677945044588987, 2.23606797749979
199, 73, 149, 182, 151, 181, -2, 1, 2.677945044588987, 2.23606797749979
199, 74, 217, 149, 219, 149, -2, 0, 3.141592653589793, 2.0
199, 79, 326, 139, 328, 139, -2, 0, 3.141592653589793, 2.0
199, 81, 225, 155, 227, 154, -2, 1, 2.677945044588987, 2.23606797749979
200, 3, 348, 145, 350, 145, -2, 0, 3.141592653589793, 2.0
200, 8, 232, 136, 234, 137, -2, -1, -2.677945044588987, 2.23606797749979
200, 23, 174, 363, 176, 363, -2, 0, 3.141592653589793, 2.0
200, 29, 182, 364, 184, 364, -2, 0, 3.141592653589793, 2.0
200, 39, 317, 366, 319, 367, -2, -1, -2.677945044588987, 2.23606797749979
200, 41, 581, 197, 583, 199, -2, -2, -2.356194490192345, 2.8284271247461903
200, 48, 221, 365, 228, 366, -7, -1, -2.999695598985629, 7.0710678118654755
200, 49, 184, 159, 185, 158, -1, 1, 2.356194490192345, 1.4142135623730951
200, 51, 590, 268, 591, 271, -1, -3, -1.892546881191539, 3.1622776601683795
200, 63, 161, 168, 163, 168, -2, 0, 3.141592653589793, 2.0
200, 74, 190, 163, 191, 162, -1, 1, 2.356194490192345, 1.4142135623730951
200, 80, 586, 229, 587, 232, -1, -3, -1.892546881191539, 3.1622776601683795
200, 88, 303, 118, 305, 119, -2, -1, -2.677945044588987, 2.23606797749979
200, 94, 191, 170, 194, 169, -3, 1, 2.819842099193151, 3.1622776601683795
200, 101, 130, 124, 132, 124, -2, 0, 3.141592653589793, 2.0
200, 117, 160, 176, 162, 176, -2, 0, 3.141592653589793, 2.0
200, 121, 213, 366, 215, 366, -2, 0, 3.141592653589793, 2.0
200, 130, 247, 161, 250, 162, -3, -1, -2.819842099193151, 3.1622776601683795
200, 133, 221, 148, 222, 147, -1, 1, 2.356194490192345, 1.4142135623730951
200, 134, 289, 131, 291, 132, -2, -1, -2.677945044588987, 2.23606797749979
200, 140, 582, 270, 583, 273, -1, -3, -1.892546881191539, 3.1622776601683795
200, 145, 330, 139, 332, 139, -2, 0, 3.141592653589793, 2.0
200, 146, 231, 154, 233, 154, -2, 0, 3.141592653589793, 2.0
201, 3, 346, 146, 348, 145, -2, 1, 2.677945044588987, 2.23606797749979
201, 18, 172, 363, 174, 363, -2, 0, 3.141592653589793, 2.0
201, 24, 180, 364, 182, 364, -2, 0, 3.141592653589793, 2.0
201, 26, 582, 168, 583, 170, -1, -2, -2.0344439357957027, 2.23606797749979
201, 33, 315, 366, 317, 366, -2, 0, 3.141592653589793, 2.0
201, 34, 579, 195, 581, 197, -2, -2, -2.356194490192345, 2.8284271247461903
201, 40, 218, 364, 221, 365, -3, -1, -2.819842099193151, 3.1622776601683795
201, 41, 183, 160, 184, 159, -1, 1, 2.356194490192345, 1.4142135623730951
201, 42, 590, 266, 590, 268, 0, -2, -1.5707963267948966, 2.0
201, 50, 203, 149, 205, 149, -2, 0, 3.141592653589793, 2.0
201, 51, 159, 168, 161, 168, -2, 0, 3.141592653589793, 2.0
201, 60, 189, 164, 190, 163, -1, 1, 2.356194490192345, 1.4142135623730951
201, 63, 586, 227, 586, 229, 0, -2, -1.5707963267948966, 2.0
201, 73, 189, 170, 191, 170, -2, 0, 3.141592653589793, 2.0
201, 93, 211, 366, 213, 366, -2, 0, 3.141592653589793, 2.0
201, 99, 243, 161, 247, 161, -4, 0, 3.141592653589793, 4.0
201, 101, 219, 148, 221, 148, -2, 0, 3.141592653589793, 2.0
201, 102, 100, 302, 99, 303, 1, -1, -0.7853981633974483, 1.4142135623730951
201, 107, 581, 267, 582, 270, -1, -3, -1.892546881191539, 3.1622776601683795
201, 111, 328, 139, 330, 139, -2, 0, 3.141592653589793, 2.0
201, 112, 228, 154, 231, 154, -3, 0, 3.141592653589793, 3.0
202, 3, 343, 146, 346, 146, -3, 0, 3.141592653589793, 3.0
202, 5, 229, 136, 231, 136, -2, 0, 3.141592653589793, 2.0
202, 15, 170, 362, 172, 363, -2, -1, -2.677945044588987, 2.23606797749979
202, 20, 178, 364, 180, 364, -2, 0, 3.141592653589793, 2.0
202, 26, 313, 366, 315, 366, -2, 0, 3.141592653589793, 2.0
202, 27, 577, 193, 579, 195, -2, -2, -2.356194490192345, 2.8284271247461903
202, 32, 216, 363, 218, 364, -2, -1, -2.677945044588987, 2.23606797749979
202, 33, 182, 161, 183, 160, -1, 1, 2.356194490192345, 1.4142135623730951
202, 34, 590, 263, 590, 266, 0, -3, -1.5707963267948966, 3.0
202, 43, 157, 167, 159, 168, -2, -1, -2.677945044588987, 2.23606797749979
202, 49, 188, 165, 189, 164, -1, 1, 2.356194490192345, 1.4142135623730951
202, 52, 586, 225, 586, 227, 0, -2, -1.5707963267948966, 2.0
202, 59, 188, 171, 189, 170, -1, 1, 2.356194490192345, 1.4142135623730951
202, 76, 209, 366, 211, 366, -2, 0, 3.141592653589793, 2.0
202, 81, 240, 160, 243, 161, -3, -1, -2.819842099193151, 3.1622776601683795
202, 83, 217, 148, 219, 148, -2, 0, 3.141592653589793, 2.0
202, 88, 580, 264, 581, 267, -1, -3, -1.892546881191539, 3.1622776601683795
202, 92, 226, 155, 228, 154, -2, 1, 2.677945044588987, 2.23606797749979
203, 3, 340, 146, 343, 146, -3, 0, 3.141592653589793, 3.0
203, 13, 168, 361, 170, 362, -2, -1, -2.677945044588987, 2.23606797749979
203, 17, 176, 364, 178, 364, -2, 0, 3.141592653589793, 2.0
203, 22, 311, 366, 313, 366, -2, 0, 3.141592653589793, 2.0
203, 23, 576, 191, 577, 193, -1, -2, -2.0344439357957027, 2.23606797749979
203, 27, 214, 362, 216, 363, -2, -1, -2.677945044588987, 2.23606797749979
203, 29, 590, 261, 590, 263, 0, -2, -1.5707963267948966, 2.0
203, 42, 187, 166, 188, 165, -1, 1, 2.356194490192345, 1.4142135623730951
203, 45, 585, 223, 586, 225, -1, -2, -2.0344439357957027, 2.23606797749979
203, 51, 186, 172, 188, 171, -2, 1, 2.677945044588987, 2.23606797749979
203, 64, 207, 366, 209, 366, -2, 0, 3.141592653589793, 2.0
203, 75, 579, 262, 580, 264, -1, -2, -2.0344439357957027, 2.23606797749979
203, 77, 224, 155, 226, 155, -2, 0, 3.141592653589793, 2.0
204, 2, 336, 145, 340, 146, -4, -1, -2.896613990462929, 4.123105625617661
204, 14, 582, 164, 582, 166, 0, -2, -1.5707963267948966, 2.0
204, 18, 309, 366, 311, 366, -2, 0, 3.141592653589793, 2.0
204, 19, 575, 189, 576, 191, -1, -2, -2.0344439357957027, 2.23606797749979
204, 23, 211, 362, 214, 362, -3, 0, 3.141592653589793, 3.0
204, 31, 154, 167, 156, 167, -2, 0, 3.141592653589793, 2.0
204, 39, 585, 221, 585, 223, 0, -2, -1.5707963267948966, 2.0
204, 44, 184, 172, 186, 172, -2, 0, 3.141592653589793, 2.0
204, 57, 205, 366, 207, 366, -2, 0, 3.141592653589793, 2.0
204, 63, 214, 147, 216, 148, -2, -1, -2.677945044588987, 2.23606797749979
204, 64, 102, 301, 101, 302, 1, -1, -0.7853981633974483, 1.4142135623730951
205, 6, 342, 147, 345, 148, -3, -1, -2.819842099193151, 3.1622776601683795
205, 19, 202, 148, 204, 149, -2, -1, -2.677945044588987, 2.23606797749979
205, 20, 312, 367, 314, 367, -2, 0, 3.141592653589793, 2.0
205, 26, 157, 168, 159, 169, -2, -1, -2.677945044588987, 2.23606797749979
205, 34, 187, 167, 189, 166, -2, 1, 2.677945044588987, 2.23606797749979
205, 45, 181, 162, 182, 161, -1, 1, 2.356194490192345, 1.4142135623730951
205, 58, 218, 364, 220, 365, -2, -1, -2.677945044588987, 2.23606797749979
205, 73, 208, 365, 210, 366, -2, -1, -2.677945044588987, 2.23606797749979
205, 75, 576, 193, 577, 195, -1, -2, -2.0344439357957027, 2.23606797749979
205, 77, 586, 224, 587, 226, -1, -2, -2.0344439357957027, 2.23606797749979
205, 84, 591, 264, 591, 266, 0, -2, -1.5707963267948966, 2.0
205, 91, 182, 367, 184, 367, -2, 0, 3.141592653589793, 2.0
205, 97, 239, 162, 241, 162, -2, 0, 3.141592653589793, 2.0
205, 112, 313, 127, 315, 127, -2, 0, 3.141592653589793, 2.0
205, 119, 223, 158, 225, 158, -2, 0, 3.141592653589793, 2.0
205, 124, 153, 176, 155, 176, -2, 0, 3.141592653589793, 2.0
205, 125, 146, 188, 148, 187, -2, 1, 2.677945044588987, 2.23606797749979
205, 131, 217, 151, 219, 150, -2, 1, 2.677945044588987, 2.23606797749979
205, 138, 579, 224, 580, 227, -1, -3, -1.892546881191539, 3.1622776601683795
206, 5, 339, 148, 342, 147, -3, 1, 2.819842099193151, 3.1622776601683795
206, 15, 94, 308, 95, 310, -1, -2, -2.0344439357957027, 2.23606797749979
206, 16, 201, 149, 202, 148, -1, 1, 2.356194490192345, 1.4142135623730951
206, 17, 309, 366, 312, 367, -3, -1, -2.819842099193151, 3.1622776601683795
206, 28, 185, 167, 187, 167, -2, 0, 3.141592653589793, 2.0
206, 38, 228, 137, 230, 137, -2, 0, 3.141592653589793, 2.0
206, 44, 216, 363, 218, 364, -2, -1, -2.677945044588987, 2.23606797749979
206, 52, 90, 287, 89, 288, 1, -1, -0.7853981633974483, 1.4142135623730951
206, 57, 206, 364, 208, 365, -2, -1, -2.677945044588987, 2.23606797749979
206, 59, 575, 191, 576, 193, -1, -2, -2.0344439357957027, 2.23606797749979
206, 60, 585, 222, 586, 224, -1, -2, -2.0344439357957027, 2.23606797749979
206, 65, 590, 262, 591, 264, -1, -2, -2.0344439357957027, 2.23606797749979
206, 75, 236, 162, 239, 162, -3, 0, 3.141592653589793, 3.0
206, 90, 221, 158, 223, 158, -2, 0, 3.141592653589793, 2.0
206, 94, 151, 177, 153, 176, -2, 1, 2.677945044588987, 2.23606797749979
206, 95, 144, 188, 146, 188, -2, 0, 3.141592653589793, 2.0
206, 100, 215, 151, 217, 151, -2, 0, 3.141592653589793, 2.0
206, 103, 325, 142, 327, 143, -2, -1, -2.677945044588987, 2.23606797749979
206, 106, 578, 222, 579, 224, -1, -2, -2.0344439357957027, 2.23606797749979
207, 2, 336, 148, 339, 148, -3, 0, 3.141592653589793, 3.0
207, 12, 307, 365, 309, 366, -2, -1, -2.677945044588987, 2.23606797749979
207, 30, 178, 163, 180, 162, -2, 1, 2.677945044588987, 2.23606797749979
207, 43, 142, 159, 143, 158, -1, 1, 2.356194490192345, 1.4142135623730951
207, 46, 204, 363, 206, 364, -2, -1, -2.677945044588987, 2.23606797749979
207, 48, 574, 189, 575, 191, -1, -2, -2.0344439357957027, 2.23606797749979
207, 49, 584, 220, 585, 222, -1, -2, -2.0344439357957027, 2.23606797749979
207, 53, 589, 259, 590, 262, -1, -3, -1.892546881191539, 3.1622776601683795
207, 57, 179, 367, 181, 367, -2, 0, 3.141592653589793, 2.0
207, 63, 233, 162, 236, 162, -3, 0, 3.141592653589793, 3.0
207, 76, 219, 158, 221, 158, -2, 0, 3.141592653589793, 2.0
207, 80, 149, 178, 151, 177, -2, 1, 2.677945044588987, 2.23606797749979
207, 81, 142, 188, 144, 188, -2, 0, 3.141592653589793, 2.0
207, 85, 213, 152, 215, 151, -2, 1, 2.677945044588987, 2.23606797749979
207, 88, 322, 142, 325, 142, -3, 0, 3.141592653589793, 3.0
207, 91, 577, 220, 578, 222, -1, -2, -2.0344439357957027, 2.23606797749979
208, 2, 334, 148, 336, 148, -2, 0, 3.141592653589793, 2.0
208, 12, 304, 365, 307, 365, -3, 0, 3.141592653589793, 3.0
208, 21, 182, 167, 184, 167, -2, 0, 3.141592653589793, 2.0
208, 30, 225, 137, 227, 137, -2, 0, 3.141592653589793, 2.0
208, 44, 202, 362, 204, 363, -2, -1, -2.677945044588987, 2.23606797749979
208, 46, 573, 187, 574, 189, -1, -2, -2.0344439357957027, 2.23606797749979
208, 47, 584, 218, 584, 220, 0, -2, -1.5707963267948966, 2.0
208, 50, 589, 257, 589, 259, 0, -2, -1.5707963267948966, 2.0
208, 59, 230, 162, 233, 162, -3, 0, 3.141592653589793, 3.0
208, 70, 217, 158, 219, 158, -2, 0, 3.141592653589793, 2.0
208, 74, 147, 178, 149, 178, -2, 0, 3.141592653589793, 2.0
208, 75, 140, 188, 142, 188, -2, 0, 3.141592653589793, 2.0
208, 81, 320, 141, 322, 142, -2, -1, -2.677945044588987, 2.23606797749979
208, 83, 577, 218, 577, 220, 0, -2, -1.5707963267948966, 2.0
209, 4, 372, 133, 374, 133, -2, 0, 3.141592653589793, 2.0
209, 12, 301, 365, 304, 365, -3, 0, 3.141592653589793, 3.0
209, 20, 180, 167, 182, 167, -2, 0, 3.141592653589793, 2.0
209, 27, 175, 163, 177, 163, -2, 0, 3.141592653589793, 2.0
209, 37, 199, 362, 202, 362, -3, 0, 3.141592653589793, 3.0
209, 38, 571, 186, 573, 187, -2, -1, -2.677945044588987, 2.23606797749979
209, 39, 583, 216, 584, 218, -1, -2, -2.0344439357957027, 2.23606797749979
209, 41, 589, 254, 589, 257, 0, -3, -1.5707963267948966, 3.0
209, 49, 227, 163, 230, 162, -3, 1, 2.819842099193151, 3.1622776601683795
209, 59, 215, 158, 217, 158, -2, 0, 3.141592653589793, 2.0
209, 64, 138, 188, 140, 188, -2, 0, 3.141592653589793, 2.0
209, 69, 318, 140, 320, 141, -2, -1, -2.677945044588987, 2.23606797749979
209, 71, 577, 216, 577, 218, 0, -2, -1.5707963267948966, 2.0
210, 2, 227, 137, 229, 138, -2, -1, -2.677945044588987, 2.23606797749979
210, 13, 170, 362, 172, 363, -2, -1, -2.677945044588987, 2.23606797749979
210, 22, 100, 260, 100, 262, 0, -2, -1.5707963267948966, 2.0
210, 29, 337, 149, 340, 149, -3, 0, 3.141592653589793, 3.0
210, 34, 305, 367, 308, 368, -3, -1, -2.819842099193151, 3.1622776601683795
210, 48, 585, 220, 586, 222, -1, -2, -2.0344439357957027, 2.23606797749979
210, 76, 211, 363, 213, 364, -2, -1, -2.677945044588987, 2.23606797749979
210, 83, 176, 367, 178, 368, -2, -1, -2.677945044588987, 2.23606797749979
210, 90, 233, 162, 236, 162, -3, 0, 3.141592653589793, 3.0
210, 98, 183, 174, 185, 173, -2, 1, 2.677945044588987, 2.23606797749979
210, 101, 578, 189, 579, 191, -1, -2, -2.0344439357957027, 2.23606797749979
210, 127, 204, 366, 206, 366, -2, 0, 3.141592653589793, 2.0
210, 136, 272, 154, 274, 154, -2, 0, 3.141592653589793, 2.0
210, 141, 322, 142, 324, 143, -2, -1, -2.677945044588987, 2.23606797749979
210, 143, 214, 151, 216, 151, -2, 0, 3.141592653589793, 2.0
210, 144, 590, 258, 590, 261, 0, -3, -1.5707963267948966, 3.0
211, 22, 334, 149, 337, 149, -3, 0, 3.141592653589793, 3.0
211, 25, 302, 366, 305, 367, -3, -1, -2.819842099193151, 3.1622776601683795
211, 33, 179, 165, 180, 163, -1, 2, 2.0344439357957027, 2.23606797749979
211, 35, 136, 117, 138, 117, -2, 0, 3.141592653589793, 2.0
211, 38, 585, 218, 585, 220, 0, -2, -1.5707963267948966, 2.0
211, 59, 209, 363, 211, 363, -2, 0, 3.141592653589793, 2.0
211, 69, 231, 162, 233, 162, -2, 0, 3.141592653589793, 2.0
211, 77, 180, 175, 183, 174, -3, 1, 2.819842099193151, 3.1622776601683795
211, 79, 577, 187, 578, 189, -1, -2, -2.0344439357957027, 2.23606797749979
211, 99, 202, 365, 204, 366, -2, -1, -2.677945044588987, 2.23606797749979
211, 107, 270, 154, 272, 154, -2, 0, 3.141592653589793, 2.0
211, 108, 67, 339, 69, 340, -2, -1, -2.677945044588987, 2.23606797749979
211, 111, 320, 141, 322, 142, -2, -1, -2.677945044588987, 2.23606797749979
211, 112, 212, 151, 214, 151, -2, 0, 3.141592653589793, 2.0
211, 113, 590, 256, 590, 258, 0, -2, -1.5707963267948966, 2.0
212, 17, 331, 148, 334, 149, -3, -1, -2.819842099193151, 3.1622776601683795
212, 19, 299, 365, 302, 366, -3, -1, -2.819842099193151, 3.1622776601683795
212, 26, 177, 165, 179, 165, -2, 0, 3.141592653589793, 2.0
212, 47, 207, 363, 209, 363, -2, 0, 3.141592653589793, 2.0
212, 55, 228, 162, 231, 162, -3, 0, 3.141592653589793, 3.0
212, 62, 178, 176, 180, 175, -2, 1, 2.677945044588987, 2.23606797749979
212, 64, 576, 185, 577, 187, -1, -2, -2.0344439357957027, 2.23606797749979
212, 81, 200, 364, 202, 365, -2, -1, -2.677945044588987, 2.23606797749979
212, 87, 268, 154, 270, 154, -2, 0, 3.141592653589793, 2.0
212, 91, 317, 140, 320, 141, -3, -1, -2.819842099193151, 3.1622776601683795
212, 93, 590, 254, 590, 256, 0, -2, -1.5707963267948966, 2.0
213, 14, 294, 365, 299, 365, -5, 0, 3.141592653589793, 5.0
213, 21, 174, 165, 177, 165, -3, 0, 3.141592653589793, 3.0
213, 40, 205, 363, 207, 363, -2, 0, 3.141592653589793, 2.0
213, 47, 226, 161, 228, 162, -2, -1, -2.677945044588987, 2.23606797749979
213, 53, 173, 177, 178, 176, -5, 1, 2.9441970937399127, 5.0990195135927845
213, 55, 575, 183, 576, 185, -1, -2, -2.0344439357957027, 2.23606797749979
213, 70, 198, 364, 200, 364, -2, 0, 3.141592653589793, 2.0
213, 75, 266, 154, 268, 154, -2, 0, 3.141592653589793, 2.0
213, 78, 315, 140, 317, 140, -2, 0, 3.141592653589793, 2.0
213, 80, 590, 252, 590, 254, 0, -2, -1.5707963267948966, 2.0
214, 11, 289, 364, 294, 365, -5, -1, -2.9441970937399127, 5.0990195135927845
214, 18, 172, 165, 174, 165, -2, 0, 3.141592653589793, 2.0
214, 33, 203, 362, 205, 363, -2, -1, -2.677945044588987, 2.23606797749979
214, 39, 223, 161, 226, 161, -3, 0, 3.141592653589793, 3.0
214, 59, 264, 153, 266, 154, -2, -1, -2.677945044588987, 2.23606797749979
214, 61, 208, 152, 210, 151, -2, 1, 2.677945044588987, 2.23606797749979
214, 62, 590, 250, 590, 252, 0, -2, -1.5707963267948966, 2.0
215, 17, 330, 149, 332, 150, -2, -1, -2.677945044588987, 2.23606797749979
215, 24, 173, 165, 175, 165, -2, 0, 3.141592653589793, 2.0
215, 26, 165, 362, 167, 363, -2, -1, -2.677945044588987, 2.23606797749979
215, 42, 299, 367, 302, 368, -3, -1, -2.819842099193151, 3.1622776601683795
215, 44, 209, 363, 211, 364, -2, -1, -2.677945044588987, 2.23606797749979
215, 46, 589, 251, 590, 254, -1, -3, -1.892546881191539, 3.1622776601683795
215, 68, 200, 365, 202, 366, -2, -1, -2.677945044588987, 2.23606797749979
215, 73, 175, 180, 179, 179, -4, 1, 2.896613990462929, 4.123105625617661
215, 96, 317, 141, 319, 141, -2, 0, 3.141592653589793, 2.0
215, 97, 228, 160, 230, 161, -2, -1, -2.677945044588987, 2.23606797749979
215, 112, 573, 184, 574, 187, -1, -3, -1.892546881191539, 3.1622776601683795
215, 119, 208, 154, 210, 154, -2, 0, 3.141592653589793, 2.0
215, 120, 320, 126, 322, 127, -2, -1, -2.677945044588987, 2.23606797749979
215, 132, 267, 155, 269, 155, -2, 0, 3.141592653589793, 2.0
215, 142, 582, 253, 583, 256, -1, -3, -1.892546881191539, 3.1622776601683795
215, 151, 189, 366, 191, 366, -2, 0, 3.141592653589793, 2.0
216, 15, 327, 148, 330, 149, -3, -1, -2.819842099193151, 3.1622776601683795
216, 21, 171, 165, 173, 165, -2, 0, 3.141592653589793, 2.0
216, 35, 295, 366, 299, 367, -4, -1, -2.896613990462929, 4.123105625617661
216, 36, 207, 362, 209, 363, -2, -1, -2.677945044588987, 2.23606797749979
216, 38, 588, 249, 589, 251, -1, -2, -2.0344439357957027, 2.23606797749979
216, 47, 124, 106, 127, 106, -3, 0, 3.141592653589793, 3.0
216, 51, 198, 366, 200, 365, -2, 1, 2.677945044588987, 2.23606797749979
216, 55, 172, 180, 175, 180, -3, 0, 3.141592653589793, 3.0
216, 73, 314, 141, 317, 141, -3, 0, 3.141592653589793, 3.0
216, 74, 226, 160, 228, 160, -2, 0, 3.141592653589793, 2.0
216, 87, 572, 182, 573, 184, -1, -2, -2.0344439357957027, 2.23606797749979
216, 91, 207, 155, 208, 154, -1, 1, 2.356194490192345, 1.4142135623730951
216, 103, 113, 353, 112, 355, 1, -2, -1.1071487177940904, 2.23606797749979
216, 104, 264, 155, 267, 155, -3, 0, 3.141592653589793, 3.0
216, 110, 581, 251, 582, 253, -1, -2, -2.0344439357957027, 2.23606797749979
216, 116, 187, 366, 189, 366, -2, 0, 3.141592653589793, 2.0
217, 13, 324, 147, 327, 148, -3, -1, -2.819842099193151, 3.1622776601683795
217, 24, 153, 176, 154, 175, -1, 1, 2.356194490192345, 1.4142135623730951
217, 29, 291, 366, 295, 366, -4, 0, 3.141592653589793, 4.0
217, 30, 205, 362, 207, 362, -2, 0, 3.141592653589793, 2.0
217, 32, 588, 246, 588, 249, 0, -3, -1.5707963267948966, 3.0
217, 41, 196, 366, 198, 366, -2, 0, 3.141592653589793, 2.0
217, 44, 168, 181, 172, 180, -4, 1, 2.896613990462929, 4.123105625617661
217, 60, 311, 141, 314, 141, -3, 0, 3.141592653589793, 3.0
217, 61, 224, 160, 226, 160, -2, 0, 3.141592653589793, 2.0
217, 70, 571, 180, 572, 182, -1, -2, -2.0344439357957027, 2.23606797749979
217, 72, 205, 155, 207, 155, -2, 0, 3.141592653589793, 2.0
217, 73, 317, 125, 319, 126, -2, -1, -2.677945044588987, 2.23606797749979
217, 78, 575, 335, 575, 337, 0, -2, -1.5707963267948966, 2.0
217, 84, 198, 155, 199, 154, -1, 1, 2.356194490192345, 1.4142135623730951
217, 88, 580, 248, 581, 251, -1, -3, -1.892546881191539, 3.1622776601683795
217, 93, 185, 365, 187, 366, -2, -1, -2.677945044588987, 2.23606797749979
218, 16, 168, 165, 170, 165, -2, 0, 3.141592653589793, 2.0
218, 19, 152, 177, 153, 176, -1, 1, 2.356194490192345, 1.4142135623730951
218, 22, 287, 365, 291, 366, -4, -1, -2.896613990462929, 4.123105625617661
218, 23, 203, 361, 205, 362, -2, -1, -2.677945044588987, 2.23606797749979
218, 25, 587, 244, 588, 246, -1, -2, -2.0344439357957027, 2.23606797749979
218, 32, 194, 365, 196, 366, -2, -1, -2.677945044588987, 2.23606797749979
218, 35, 165, 181, 168, 181, -3, 0, 3.141592653589793, 3.0
218, 36, 536, 127, 537, 129, -1, -2, -2.0344439357957027, 2.23606797749979
218, 49, 308, 140, 311, 141, -3, -1, -2.819842099193151, 3.1622776601683795
218, 50, 222, 160, 224, 160, -2, 0, 3.141592653589793, 2.0
218, 52, 532, 133, 532, 135, 0, -2, -1.5707963267948966, 2.0
218, 58, 570, 178, 571, 180, -1, -2, -2.0344439357957027, 2.23606797749979
218, 60, 204, 156, 205, 155, -1, 1, 2.356194490192345, 1.4142135623730951
218, 61, 315, 125, 317, 125, -2, 0, 3.141592653589793, 2.0
218, 65, 575, 333, 575, 335, 0, -2, -1.5707963267948966, 2.0
218, 70, 261, 155, 263, 155, -2, 0, 3.141592653589793, 2.0
218, 71, 196, 155, 198, 155, -2, 0, 3.141592653589793, 2.0
218, 75, 578, 246, 580, 248, -2, -2, -2.356194490192345, 2.8284271247461903
218, 80, 183, 364, 185, 365, -2, -1, -2.677945044588987, 2.23606797749979
219, 8, 370, 130, 372, 131, -2, -1, -2.677945044588987, 2.23606797749979
219, 13, 165, 165, 168, 165, -3, 0, 3.141592653589793, 3.0
219, 16, 150, 177, 152, 177, -2, 0, 3.141592653589793, 2.0
219, 19, 285, 364, 287, 365, -2, -1, -2.677945044588987, 2.23606797749979
219, 20, 201, 360, 203, 361, -2, -1, -2.677945044588987, 2.23606797749979
219, 22, 587, 242, 587, 244, 0, -2, -1.5707963267948966, 2.0
219, 27, 192, 364, 194, 365, -2, -1, -2.677945044588987, 2.23606797749979
219, 29, 300, 117, 302, 117, -2, 0, 3.141592653589793, 2.0
219, 30, 162, 180, 165, 181, -3, -1, -2.819842099193151, 3.1622776601683795
219, 40, 306, 139, 308, 140, -2, -1, -2.677945044588987, 2.23606797749979
219, 41, 220, 160, 222, 160, -2, 0, 3.141592653589793, 2.0
219, 47, 570, 176, 570, 178, 0, -2, -1.5707963267948966, 2.0
219, 49, 203, 157, 204, 156, -1, 1, 2.356194490192345, 1.4142135623730951
219, 62, 577, 244, 578, 246, -1, -2, -2.0344439357957027, 2.23606797749979
219, 67, 181, 362, 183, 364, -2, -2, -2.356194490192345, 2.8284271247461903
220, 2, 325, 148, 328, 149, -3, -1, -2.819842099193151, 3.1622776601683795
220, 33, 143, 150, 145, 151, -2, -1, -2.677945044588987, 2.23606797749979
220, 34, 170, 167, 172, 167, -2, 0, 3.141592653589793, 2.0
220, 59, 288, 367, 293, 368, -5, -1, -2.9441970937399127, 5.0990195135927845
220, 64, 318, 127, 320, 128, -2, -1, -2.677945044588987, 2.23606797749979
220, 83, 164, 363, 166, 363, -2, 0, 3.141592653589793, 2.0
220, 104, 590, 245, 590, 248, 0, -3, -1.5707963267948966, 3.0
220, 106, 567, 165, 567, 167, 0, -2, -1.5707963267948966, 2.0
220, 117, 202, 363, 204, 364, -2, -1, -2.677945044588987, 2.23606797749979
220, 124, 114, 145, 116, 145, -2, 0, 3.141592653589793, 2.0
220, 126, 167, 184, 171, 183, -4, 1, 2.896613990462929, 4.123105625617661
220, 130, 224, 158, 226, 159, -2, -1, -2.677945044588987, 2.23606797749979
220, 131, 171, 365, 173, 365, -2, 0, 3.141592653589793, 2.0
221, 2, 322, 147, 325, 148, -3, -1, -2.819842099193151, 3.1622776601683795
221, 26, 168, 167, 170, 167, -2, 0, 3.141592653589793, 2.0
221, 44, 397, 130, 399, 130, -2, 0, 3.141592653589793, 2.0
221, 46, 284, 367, 288, 367, -4, 0, 3.141592653589793, 4.0
221, 50, 316, 126, 318, 127, -2, -1, -2.677945044588987, 2.23606797749979
221, 62, 458, 127, 460, 128, -2, -1, -2.677945044588987, 2.23606797749979
221, 81, 590, 243, 590, 245, 0, -2, -1.5707963267948966, 2.0
221, 83, 565, 164, 567, 165, -2, -1, -2.677945044588987, 2.23606797749979
221, 93, 195, 156, 197, 156, -2, 0, 3.141592653589793, 2.0
221, 94, 200, 362, 202, 363, -2, -1, -2.677945044588987, 2.23606797749979
221, 99, 163, 184, 167, 184, -4, 0, 3.141592653589793, 4.0
221, 103, 221, 157, 224, 158, -3, -1, -2.819842099193151, 3.1622776601683795
221, 104, 169, 365, 171, 365, -2, 0, 3.141592653589793, 2.0
221, 117, 311, 143, 313, 143, -2, 0, 3.141592653589793, 2.0
222, 2, 320, 146, 322, 147, -2, -1, -2.677945044588987, 2.23606797749979
222, 9, 369, 133, 371, 133, -2, 0, 3.141592653589793, 2.0
222, 23, 166, 167, 168, 167, -2, 0, 3.141592653589793, 2.0
222, 39, 280, 366, 284, 367, -4, -1, -2.896613990462929, 4.123105625617661
222, 72, 589, 241, 590, 243, -1, -2, -2.0344439357957027, 2.23606797749979
222, 76, 304, 127, 306, 127, -2, 0, 3.141592653589793, 2.0
222, 87, 160, 185, 163, 184, -3, 1, 2.819842099193151, 3.1622776601683795
222, 92, 167, 365, 169, 365, -2, 0, 3.141592653589793, 2.0
222, 100, 309, 143, 311, 143, -2, 0, 3.141592653589793, 2.0
223, 2, 317, 145, 320, 146, -3, -1, -2.819842099193151, 3.1622776601683795
223, 8, 222, 138, 224, 138, -2, 0, 3.141592653589793, 2.0
223, 14, 389, 122, 391, 122, -2, 0, 3.141592653589793, 2.0
223, 16, 198, 138, 199, 137, -1, 1, 2.356194490192345, 1.4142135623730951
223, 17, 588, 336, 587, 337, 1, -1, -0.7853981633974483, 1.4142135623730951
223, 21, 164, 168, 166, 167, -2, 1, 2.677945044588987, 2.23606797749979
223, 33, 277, 366, 280, 366, -3, 0, 3.141592653589793, 3.0
223, 51, 190, 146, 191, 145, -1, 1, 2.356194490192345, 1.4142135623730951
223, 61, 588, 239, 589, 241, -1, -2, -2.0344439357957027, 2.23606797749979
223, 74, 159, 186, 160, 185, -1, 1, 2.356194490192345, 1.4142135623730951
223, 78, 218, 156, 220, 157, -2, -1, -2.677945044588987, 2.23606797749979
223, 79, 165, 366, 167, 365, -2, 1, 2.677945044588987, 2.23606797749979
223, 82, 130, 346, 133, 345, -3, 1, 2.819842099193151, 3.1622776601683795
223, 83, 112, 355, 113, 354, -1, 1, 2.356194490192345, 1.4142135623730951
223, 86, 307, 143, 309, 143, -2, 0, 3.141592653589793, 2.0
224, 2, 314, 145, 317, 145, -3, 0, 3.141592653589793, 3.0
224, 9, 366, 133, 368, 133, -2, 0, 3.141592653589793, 2.0
224, 31, 274, 367, 277, 366, -3, 1, 2.819842099193151, 3.1622776601683795
224, 53, 588, 237, 588, 239, 0, -2, -1.5707963267948966, 2.0
224, 67, 163, 365, 165, 366, -2, -1, -2.677945044588987, 2.23606797749979
224, 68, 144, 361, 143, 362, 1, -1, -0.7853981633974483, 1.4142135623730951
224, 74, 304, 142, 307, 143, -3, -1, -2.819842099193151, 3.1622776601683795
225, 14, 277, 368, 283, 368, -6, 0, 3.141592653589793, 6.0
225, 15, 591, 337, 590, 338, 1, -1, -0.7853981633974483, 1.4142135623730951
225, 23, 290, 117, 292, 117, -2, 0, 3.141592653589793, 2.0
225, 29, 320, 146, 322, 147, -2, -1, -2.677945044588987, 2.23606797749979
225, 38, 167, 169, 169, 169, -2, 0, 3.141592653589793, 2.0
225, 44, 168, 364, 170, 364, -2, 0, 3.141592653589793, 2.0
225, 45, 160, 364, 162, 364, -2, 0, 3.141592653589793, 2.0
225, 77, 158, 182, 160, 181, -2, 1, 2.677945044588987, 2.23606797749979
225, 90, 199, 363, 201, 365, -2, -2, -2.356194490192345, 2.8284271247461903
225, 111, 193, 160, 195, 160, -2, 0, 3.141592653589793, 2.0
225, 122, 589, 241, 590, 243, -1, -2, -2.0344439357957027, 2.23606797749979
225, 123, 192, 367, 194, 368, -2, -1, -2.677945044588987, 2.23606797749979
225, 125, 198, 144, 199, 143, -1, 1, 2.356194490192345, 1.4142135623730951
225, 140, 306, 143, 308, 143, -2, 0, 3.141592653589793, 2.0
225, 146, 259, 160, 262, 160, -3, 0, 3.141592653589793, 3.0
226, 13, 273, 368, 277, 368, -4, 0, 3.141592653589793, 4.0
226, 17, 368, 133, 370, 134, -2, -1, -2.677945044588987, 2.23606797749979
226, 26, 318, 145, 320, 146, -2, -1, -2.677945044588987, 2.23606797749979
226, 34, 165, 169, 167, 169, -2, 0, 3.141592653589793, 2.0
226, 44, 190, 148, 191, 147, -1, 1, 2.356194490192345, 1.4142135623730951
226, 62, 156, 183, 158, 182, -2, 1, 2.677945044588987, 2.23606797749979
226, 68, 219, 162, 221, 162, -2, 0, 3.141592653589793, 2.0
226, 72, 197, 362, 199, 363, -2, -1, -2.677945044588987, 2.23606797749979
226, 94, 588, 239, 589, 241, -1, -2, -2.0344439357957027, 2.23606797749979
226, 95, 190, 366, 192, 367, -2, -1, -2.677945044588987, 2.23606797749979
226, 111, 256, 160, 259, 160, -3, 0, 3.141592653589793, 3.0
227, 9, 268, 368, 273, 368, -5, 0, 3.141592653589793, 5.0
227, 20, 315, 143, 318, 145, -3, -2, -2.5535900500422257, 3.605551275463989
227, 25, 163, 169, 165, 169, -2, 0, 3.141592653589793, 2.0
227, 28, 221, 139, 223, 139, -2, 0, 3.141592653589793, 2.0
227, 30, 188, 148, 190, 148, -2, 0, 3.141592653589793, 2.0
227, 45, 154, 184, 156, 183, -2, 1, 2.677945044588987, 2.23606797749979
227, 49, 217, 162, 219, 162, -2, 0, 3.141592653589793, 2.0
227, 53, 195, 361, 197, 362, -2, -1, -2.677945044588987, 2.23606797749979
227, 72, 587, 237, 588, 239, -1, -2, -2.0344439357957027, 2.23606797749979
227, 73, 187, 365, 190, 366, -3, -1, -2.819842099193151, 3.1622776601683795
227, 82, 303, 143, 305, 143, -2, 0, 3.141592653589793, 2.0
227, 84, 253, 160, 256, 160, -3, 0, 3.141592653589793, 3.0
228, 9, 263, 368, 268, 368, -5, 0, 3.141592653589793, 5.0
228, 12, 365, 133, 367, 133, -2, 0, 3.141592653589793, 2.0
228, 19, 90, 225, 91, 227, -1, -2, -2.0344439357957027, 2.23606797749979
228, 20, 312, 142, 315, 143, -3, -1, -2.819842099193151, 3.1622776601683795
228, 24, 161, 169, 163, 169, -2, 0, 3.141592653589793, 2.0
228, 28, 67, 337, 68, 336, -1, 1, 2.356194490192345, 1.4142135623730951
228, 46, 216, 163, 217, 162, -1, 1, 2.356194490192345, 1.4142135623730951
228, 50, 190, 360, 195, 361, -5, -1, -2.9441970937399127, 5.0990195135927845
228, 56, 203, 159, 205, 159, -2, 0, 3.141592653589793, 2.0
228, 60, 189, 160, 191, 160, -2, 0, 3.141592653589793, 2.0
228, 61, 582, 329, 582, 331, 0, -2, -1.5707963267948966, 2.0
228, 66, 586, 234, 587, 237, -1, -3, -1.892546881191539, 3.1622776601683795
228, 67, 183, 365, 187, 365, -4, 0, 3.141592653589793, 4.0
228, 74, 301, 143, 303, 143, -2, 0, 3.141592653589793, 2.0
228, 76, 250, 160, 253, 160, -3, 0, 3.141592653589793, 3.0
229, 7, 260, 367, 263, 368, -3, -1, -2.819842099193151, 3.1622776601683795
229, 9, 363, 132, 365, 133, -2, -1, -2.677945044588987, 2.23606797749979
229, 10, 146, 179, 148, 180, -2, -1, -2.677945044588987, 2.23606797749979
229, 24, 185, 148, 187, 148, -2, 0, 3.141592653589793, 2.0
229, 34, 392, 129, 394, 129, -2, 0, 3.141592653589793, 2.0
229, 35, 151, 184, 153, 184, -2, 0, 3.141592653589793, 2.0
229, 39, 214, 162, 216, 163, -2, -1, -2.677945044588987, 2.23606797749979
229, 42, 188, 359, 190, 360, -2, -1, -2.677945044588987, 2.23606797749979
229, 50, 187, 160, 189, 160, -2, 0, 3.141592653589793, 2.0
229, 56, 585, 231, 586, 234, -1, -3, -1.892546881191539, 3.1622776601683795
229, 57, 181, 364, 183, 365, -2, -1, -2.677945044588987, 2.23606797749979
229, 64, 246, 159, 250, 160, -4, -1, -2.896613990462929, 4.123105625617661
230, 11, 199, 138, 200, 137, -1, 1, 2.356194490192345, 1.4142135623730951
230, 17, 163, 172, 165, 172, -2, 0, 3.141592653589793, 2.0
230, 22, 158, 363, 160, 364, -2, -1, -2.677945044588987, 2.23606797749979
230, 24, 601, 281, 600, 282, 1, -1, -0.7853981633974483, 1.4142135623730951
230, 30, 265, 369, 269, 369, -4, 0, 3.141592653589793, 4.0
230, 34, 366, 133, 368, 134, -2, -1, -2.677945044588987, 2.23606797749979
230, 42, 316, 145, 318, 145, -2, 0, 3.141592653589793, 2.0
230, 49, 157, 181, 159, 181, -2, 0, 3.141592653589793, 2.0
230, 61, 168, 367, 170, 367, -2, 0, 3.141592653589793, 2.0
230, 77, 587, 233, 588, 236, -1, -3, -1.892546881191539, 3.1622776601683795
230, 100, 157, 189, 159, 188, -2, 1, 2.677945044588987, 2.23606797749979
230, 131, 187, 364, 189, 365, -2, -1, -2.677945044588987, 2.23606797749979
230, 137, 188, 151, 190, 151, -2, 0, 3.141592653589793, 2.0
230, 138, 205, 158, 207, 158, -2, 0, 3.141592653589793, 2.0
230, 145, 208, 173, 210, 173, -2, 0, 3.141592653589793, 2.0
230, 148, 197, 359, 199, 360, -2, -1, -2.677945044588987, 2.23606797749979
230, 149, 249, 160, 253, 160, -4, 0, 3.141592653589793, 4.0
231, 9, 197, 138, 199, 138, -2, 0, 3.141592653589793, 2.0
231, 12, 161, 172, 163, 172, -2, 0, 3.141592653589793, 2.0
231, 16, 156, 362, 158, 363, -2, -1, -2.677945044588987, 2.23606797749979
231, 21, 261, 369, 265, 369, -4, 0, 3.141592653589793, 4.0
231, 24, 364, 133, 366, 133, -2, 0, 3.141592653589793, 2.0
231, 31, 314, 144, 316, 145, -2, -1, -2.677945044588987, 2.23606797749979
231, 43, 166, 367, 168, 367, -2, 0, 3.141592653589793, 2.0
231, 58, 586, 230, 587, 233, -1, -3, -1.892546881191539, 3.1622776601683795
231, 75, 155, 189, 157, 189, -2, 0, 3.141592653589793, 2.0
231, 101, 185, 363, 187, 364, -2, -1, -2.677945044588987, 2.23606797749979
231, 112, 205, 174, 208, 173, -3, 1, 2.819842099193151, 3.1622776601683795
231, 114, 195, 358, 197, 359, -2, -1, -2.677945044588987, 2.23606797749979
231, 115, 245, 160, 249, 160, -4, 0, 3.141592653589793, 4.0
232, 9, 159, 172, 161, 172, -2, 0, 3.141592653589793, 2.0
232, 11, 154, 362, 156, 362, -2, 0, 3.141592653589793, 2.0
232, 14, 256, 369, 261, 369, -5, 0, 3.141592653589793, 5.0
232, 17, 362, 133, 364, 133, -2, 0, 3.141592653589793, 2.0
232, 23, 312, 143, 314, 144, -2, -1, -2.677945044588987, 2.23606797749979
232, 45, 586, 228, 586, 230, 0, -2, -1.5707963267948966, 2.0
232, 53, 216, 164, 218, 164, -2, 0, 3.141592653589793, 2.0
232, 54, 186, 161, 188, 161, -2, 0, 3.141592653589793, 2.0
232, 60, 152, 189, 155, 189, -3, 0, 3.141592653589793, 3.0
232, 82, 183, 362, 185, 363, -2, -1, -2.677945044588987, 2.23606797749979
232, 84, 183, 151, 187, 151, -4, 0, 3.141592653589793, 4.0
232, 85, 201, 159, 204, 158, -3, 1, 2.819842099193151, 3.1622776601683795
232, 89, 202, 174, 205, 174, -3, 0, 3.141592653589793, 3.0
232, 90, 193, 356, 195, 358, -2, -2, -2.356194490192345, 2.8284271247461903
232, 91, 242, 159, 245, 160, -3, -1, -2.819842099193151, 3.1622776601683795
233, 5, 194, 138, 196, 138, -2, 0, 3.141592653589793, 2.0
233, 8, 157, 172, 159, 172, -2, 0, 3.141592653589793, 2.0
233, 11, 253, 369, 256, 369, -3, 0, 3.141592653589793, 3.0
233, 13, 360, 132, 362, 133, -2, -1, -2.677945044588987, 2.23606797749979
233, 19, 310, 142, 312, 143, -2, -1, -2.677945044588987, 2.23606797749979
233, 38, 585, 225, 586, 228, -1, -3, -1.892546881191539, 3.1622776601683795
233, 68, 180, 362, 183, 362, -3, 0, 3.141592653589793, 3.0
233, 70, 181, 151, 183, 151, -2, 0, 3.141592653589793, 2.0
233, 71, 199, 159, 201, 159, -2, 0, 3.141592653589793, 2.0
233, 75, 198, 174, 202, 174, -4, 0, 3.141592653589793, 4.0
233, 76, 191, 354, 193, 356, -2, -2, -2.356194490192345, 2.8284271247461903
233, 77, 239, 160, 242, 159, -3, 1, 2.819842099193151, 3.1622776601683795
234, 10, 248, 370, 253, 369, -5, 1, 2.9441970937399127, 5.0990195135927845
234, 18, 308, 142, 310, 142, -2, 0, 3.141592653589793, 2.0
234, 38, 213, 164, 215, 164, -2, 0, 3.141592653589793, 2.0
234, 44, 149, 189, 151, 189, -2, 0, 3.141592653589793, 2.0
234, 61, 178, 361, 180, 362, -2, -1, -2.677945044588987, 2.23606797749979
234, 63, 197, 159, 199, 159, -2, 0, 3.141592653589793, 2.0
234, 66, 195, 174, 198, 174, -3, 0, 3.141592653589793, 3.0
234, 67, 188, 352, 191, 354, -3, -2, -2.5535900500422257, 3.605551275463989
234, 68, 236, 160, 239, 160, -3, 0, 3.141592653589793, 3.0
234, 69, 108, 222, 108, 224, 0, -2, -1.5707963267948966, 2.0
235, 32, 311, 127, 313, 128, -2, -1, -2.677945044588987, 2.23606797749979
235, 33, 363, 134, 365, 134, -2, 0, 3.141592653589793, 2.0
235, 38, 160, 174, 162, 174, -2, 0, 3.141592653589793, 2.0
235, 54, 251, 369, 256, 369, -5, 0, 3.141592653589793, 5.0
235, 65, 391, 128, 393, 129, -2, -1, -2.677945044588987, 2.23606797749979
235, 80, 191, 357, 194, 358, -3, -1, -2.819842099193151, 3.1622776601683795
235, 81, 301, 132, 303, 133, -2, -1, -2.677945044588987, 2.23606797749979
235, 84, 165, 365, 167, 366, -2, -1, -2.677945044588987, 2.23606797749979
235, 86, 181, 365, 184, 365, -3, 0, 3.141592653589793, 3.0
235, 93, 153, 191, 155, 190, -2, 1, 2.677945044588987, 2.23606797749979
235, 113, 586, 229, 587, 231, -1, -2, -2.0344439357957027, 2.23606797749979
235, 119, 115, 146, 117, 147, -2, -1, -2.677945044588987, 2.23606797749979
235, 124, 242, 158, 246, 159, -4, -1, -2.896613990462929, 4.123105625617661
235, 150, 184, 151, 186, 151, -2, 0, 3.141592653589793, 2.0
235, 152, 192, 174, 195, 173, -3, 1, 2.819842099193151, 3.1622776601683795
236, 1, 212, 118, 212, 120, 0, -2, -1.5707963267948966, 2.0
236, 22, 195, 138, 197, 138, -2, 0, 3.141592653589793, 2.0
236, 41, 245, 369, 251, 369, -6, 0, 3.141592653589793, 6.0
236, 60, 188, 356, 191, 357, -3, -1, -2.819842099193151, 3.1622776601683795
236, 65, 179, 365, 181, 365, -2, 0, 3.141592653589793, 2.0
236, 73, 593, 324, 594, 326, -1, -2, -2.0344439357957027, 2.23606797749979
236, 76, 213, 164, 215, 164, -2, 0, 3.141592653589793, 2.0
236, 89, 586, 227, 586, 229, 0, -2, -1.5707963267948966, 2.0
236, 95, 239, 157, 242, 158, -3, -1, -2.819842099193151, 3.1622776601683795
236, 97, 66, 224, 68, 225, -2, -1, -2.677945044588987, 2.23606797749979
236, 99, 211, 128, 213, 129, -2, -1, -2.677945044588987, 2.23606797749979
236, 107, 297, 146, 299, 146, -2, 0, 3.141592653589793, 2.0
236, 114, 190, 174, 192, 174, -2, 0, 3.141592653589793, 2.0
237, 35, 242, 369, 245, 369, -3, 0, 3.141592653589793, 3.0
237, 51, 184, 355, 188, 356, -4, -1, -2.896613990462929, 4.123105625617661
237, 52, 298, 132, 300, 132, -2, 0, 3.141592653589793, 2.0
237, 54, 176, 365, 179, 365, -3, 0, 3.141592653589793, 3.0
237, 73, 585, 225, 586, 227, -1, -2, -2.0344439357957027, 2.23606797749979
237, 79, 235, 156, 239, 157, -4, -1, -2.896613990462929, 4.123105625617661
237, 80, 79, 232, 81, 232, -2, 0, 3.141592653589793, 2.0
237, 91, 295, 146, 297, 146, -2, 0, 3.141592653589793, 2.0
237, 97, 186, 175, 190, 174, -4, 1, 2.896613990462929, 4.123105625617661
238, 4, 284, 117, 287, 118, -3, -1, -2.819842099193151, 3.1622776601683795
238, 16, 192, 138, 194, 138, -2, 0, 3.141592653589793, 2.0
238, 25, 240, 369, 242, 369, -2, 0, 3.141592653589793, 2.0
238, 40, 182, 354, 184, 355, -2, -1, -2.677945044588987, 2.23606797749979
238, 41, 295, 131, 298, 132, -3, -1, -2.819842099193151, 3.1622776601683795
238, 57, 585, 223, 585, 225, 0, -2, -1.5707963267948966, 2.0
238, 63, 232, 155, 235, 156, -3, -1, -2.819842099193151, 3.1622776601683795
238, 66, 208, 127, 210, 128, -2, -1, -2.677945044588987, 2.23606797749979
238, 68, 558, 176, 559, 175, -1, 1, 2.356194490192345, 1.4142135623730951
238, 78, 184, 175, 186, 175, -2, 0, 3.141592653589793, 2.0
239, 16, 155, 174, 157, 174, -2, 0, 3.141592653589793, 2.0
239, 22, 238, 368, 240, 369, -2, -1, -2.677945044588987, 2.23606797749979
239, 28, 139, 161, 141, 162, -2, -1, -2.677945044588987, 2.23606797749979
239, 33, 180, 351, 182, 354, -2, -3, -2.158798930342464, 3.605551275463989
239, 34, 293, 130, 295, 131, -2, -1, -2.677945044588987, 2.23606797749979
239, 40, 209, 164, 211, 164, -2, 0, 3.141592653589793, 2.0
239, 48, 585, 221, 585, 223, 0, -2, -1.5707963267948966, 2.0
239, 67, 181, 175, 184, 175, -3, 0, 3.141592653589793, 3.0
240, 10, 136, 137, 138, 138, -2, -1, -2.677945044588987, 2.23606797749979
240, 35, 196, 143, 198, 143, -2, 0, 3.141592653589793, 2.0
240, 38, 588, 225, 588, 227, 0, -2, -1.5707963267948966, 2.0
240, 39, 119, 177, 122, 178, -3, -1, -2.819842099193151, 3.1622776601683795
240, 40, 245, 365, 247, 366, -2, -1, -2.677945044588987, 2.23606797749979
240, 55, 293, 147, 295, 147, -2, 0, 3.141592653589793, 2.0
240, 57, 360, 137, 362, 137, -2, 0, 3.141592653589793, 2.0
240, 61, 584, 214, 585, 216, -1, -2, -2.0344439357957027, 2.23606797749979
240, 62, 310, 144, 312, 145, -2, -1, -2.677945044588987, 2.23606797749979
240, 74, 184, 161, 186, 162, -2, -1, -2.677945044588987, 2.23606797749979
240, 88, 182, 152, 184, 152, -2, 0, 3.141592653589793, 2.0
240, 100, 152, 197, 153, 196, -1, 1, 2.356194490192345, 1.4142135623730951
240, 103, 213, 167, 215, 167, -2, 0, 3.141592653589793, 2.0
240, 131, 296, 130, 298, 130, -2, 0, 3.141592653589793, 2.0
240, 136, 578, 215, 578, 217, 0, -2, -1.5707963267948966, 2.0
240, 139, 199, 164, 201, 163, -2, 1, 2.677945044588987, 2.23606797749979
240, 144, 234, 159, 238, 159, -4, 0, 3.141592653589793, 4.0
241, 3, 63, 339, 65, 339, -2, 0, 3.141592653589793, 2.0
241, 28, 588, 223, 588, 225, 0, -2, -1.5707963267948966, 2.0
241, 30, 242, 364, 245, 365, -3, -1, -2.819842099193151, 3.1622776601683795
241, 42, 291, 147, 293, 147, -2, 0, 3.141592653589793, 2.0
241, 48, 308, 143, 310, 144, -2, -1, -2.677945044588987, 2.23606797749979
241, 78, 150, 197, 152, 197, -2, 0, 3.141592653589793, 2.0
241, 98, 37, 343, 38, 342, -1, 1, 2.356194490192345, 1.4142135623730951
241, 106, 95, 275, 96, 274, -1, 1, 2.356194490192345, 1.4142135623730951
241, 107, 578, 213, 578, 215, 0, -2, -1.5707963267948966, 2.0
241, 114, 231, 159, 234, 159, -3, 0, 3.141592653589793, 3.0
242, 24, 239, 364, 242, 364, -3, 0, 3.141592653589793, 3.0
242, 34, 357, 136, 359, 137, -2, -1, -2.677945044588987, 2.23606797749979
242, 37, 583, 211, 584, 213, -1, -2, -2.0344439357957027, 2.23606797749979
242, 38, 306, 142, 308, 143, -2, -1, -2.677945044588987, 2.23606797749979
242, 59, 179, 151, 181, 152, -2, -1, -2.677945044588987, 2.23606797749979
242, 66, 148, 197, 150, 197, -2, 0, 3.141592653589793, 2.0
242, 68, 210, 167, 212, 167, -2, 0, 3.141592653589793, 2.0
242, 87, 577, 211, 578, 213, -1, -2, -2.0344439357957027, 2.23606797749979
242, 90, 196, 164, 198, 164, -2, 0, 3.141592653589793, 2.0
242, 91, 227, 158, 231, 159, -4, -1, -2.896613990462929, 4.123105625617661
243, 19, 588, 220, 588, 222, 0, -2, -1.5707963267948966, 2.0
243, 21, 83, 330, 84, 329, -1, 1, 2.356194490192345, 1.4142135623730951
243, 27, 288, 147, 291, 147, -3, 0, 3.141592653589793, 3.0
243, 31, 304, 141, 306, 142, -2, -1, -2.677945044588987, 2.23606797749979
243, 54, 146, 197, 148, 197, -2, 0, 3.141592653589793, 2.0
243, 55, 208, 167, 210, 167, -2, 0, 3.141592653589793, 2.0
243, 74, 225, 157, 227, 158, -2, -1, -2.677945044588987, 2.23606797749979
244, 14, 191, 143, 193, 143, -2, 0, 3.141592653589793, 2.0
244, 25, 286, 147, 288, 147, -2, 0, 3.141592653589793, 2.0
244, 28, 582, 208, 583, 210, -1, -2, -2.0344439357957027, 2.23606797749979
244, 29, 302, 141, 304, 141, -2, 0, 3.141592653589793, 2.0
244, 43, 176, 151, 178, 151, -2, 0, 3.141592653589793, 2.0
244, 48, 206, 167, 208, 167, -2, 0, 3.141592653589793, 2.0
244, 63, 193, 165, 195, 164, -2, 1, 2.677945044588987, 2.23606797749979
244, 64, 222, 156, 225, 157, -3, -1, -2.819842099193151, 3.1622776601683795
245, 6, 218, 140, 220, 140, -2, 0, 3.141592653589793, 2.0
245, 9, 356, 132, 358, 133, -2, -1, -2.677945044588987, 2.23606797749979
245, 19, 150, 363, 152, 364, -2, -1, -2.677945044588987, 2.23606797749979
245, 20, 307, 140, 309, 141, -2, -1, -2.677945044588987, 2.23606797749979
245, 26, 242, 367, 244, 367, -2, 0, 3.141592653589793, 2.0
245, 42, 190, 141, 192, 141, -2, 0, 3.141592653589793, 2.0
245, 51, 291, 134, 293, 134, -2, 0, 3.141592653589793, 2.0
245, 55, 583, 211, 584, 213, -1, -2, -2.0344439357957027, 2.23606797749979
245, 66, 182, 161, 184, 162, -2, -1, -2.677945044588987, 2.23606797749979
245, 81, 173, 367, 175, 367, -2, 0, 3.141592653589793, 2.0
245, 87, 383, 129, 385, 130, -2, -1, -2.677945044588987, 2.23606797749979
245, 110, 176, 180, 178, 180, -2, 0, 3.141592653589793, 2.0
245, 117, 129, 348, 131, 349, -2, -1, -2.677945044588987, 2.23606797749979
245, 132, 109, 258, 110, 260, -1, -2, -2.0344439357957027, 2.23606797749979
245, 134, 186, 183, 189, 183, -3, 0, 3.141592653589793, 3.0
245, 136, 207, 166, 209, 166, -2, 0, 3.141592653589793, 2.0
245, 137, 576, 216, 577, 218, -1, -2, -2.0344439357957027, 2.23606797749979
245, 138, 227, 160, 230, 161, -3, -1, -2.819842099193151, 3.1622776601683795
245, 151, 436, 129, 438, 129, -2, 0, 3.141592653589793, 2.0
245, 153, 292, 149, 294, 149, -2, 0, 3.141592653589793, 2.0
246, 16, 148, 362, 150, 363, -2, -1, -2.677945044588987, 2.23606797749979
246, 17, 305, 139, 307, 140, -2, -1, -2.677945044588987, 2.23606797749979
246, 21, 239, 366, 242, 367, -3, -1, -2.819842099193151, 3.1622776601683795
246, 24, 90, 227, 92, 228, -2, -1, -2.677945044588987, 2.23606797749979
246, 33, 188, 141, 190, 141, -2, 0, 3.141592653589793, 2.0
246, 44, 582, 209, 583, 211, -1, -2, -2.0344439357957027, 2.23606797749979
246, 63, 171, 366, 173, 367, -2, -1, -2.677945044588987, 2.23606797749979
246, 68, 381, 129, 383, 129, -2, 0, 3.141592653589793, 2.0
246, 84, 173, 181, 176, 180, -3, 1, 2.819842099193151, 3.1622776601683795
246, 88, 147, 197, 149, 197, -2, 0, 3.141592653589793, 2.0
246, 101, 184, 182, 186, 183, -2, -1, -2.677945044588987, 2.23606797749979
246, 103, 205, 166, 207, 166, -2, 0, 3.141592653589793, 2.0
246, 104, 575, 214, 576, 216, -1, -2, -2.0344439357957027, 2.23606797749979
246, 105, 224, 160, 227, 160, -3, 0, 3.141592653589793, 3.0
246, 116, 289, 149, 292, 149, -3, 0, 3.141592653589793, 3.0
247, 13, 146, 361, 148, 362, -2, -1, -2.677945044588987, 2.23606797749979
247, 14, 303, 138, 305, 139, -2, -1, -2.677945044588987, 2.23606797749979
247, 18, 236, 365, 239, 366, -3, -1, -2.819842099193151, 3.1622776601683795
247, 29, 186, 141, 188, 141, -2, 0, 3.141592653589793, 2.0
247, 45, 179, 161, 181, 161, -2, 0, 3.141592653589793, 2.0
247, 55, 169, 366, 171, 366, -2, 0, 3.141592653589793, 2.0
247, 60, 379, 129, 381, 129, -2, 0, 3.141592653589793, 2.0
247, 66, 392, 109, 395, 110, -3, -1, -2.819842099193151, 3.1622776601683795
247, 70, 581, 222, 581, 224, 0, -2, -1.5707963267948966, 2.0
247, 73, 170, 182, 173, 181, -3, 1, 2.819842099193151, 3.1622776601683795
247, 77, 145, 197, 147, 197, -2, 0, 3.141592653589793, 2.0
247, 85, 182, 182, 184, 182, -2, 0, 3.141592653589793, 2.0
247, 88, 222, 160, 224, 160, -2, 0, 3.141592653589793, 2.0
247, 98, 286, 149, 289, 149, -3, 0, 3.141592653589793, 3.0
248, 4, 215, 140, 217, 140, -2, 0, 3.141592653589793, 2.0
248, 11, 145, 359, 146, 361, -1, -2, -2.0344439357957027, 2.23606797749979
248, 12, 301, 137, 303, 138, -2, -1, -2.677945044588987, 2.23606797749979
248, 14, 106, 272, 106, 274, 0, -2, -1.5707963267948966, 2.0
248, 45, 569, 170, 571, 173, -2, -3, -2.158798930342464, 3.605551275463989
248, 46, 167, 366, 169, 366, -2, 0, 3.141592653589793, 2.0
248, 58, 169, 183, 170, 182, -1, 1, 2.356194490192345, 1.4142135623730951
248, 67, 180, 182, 182, 182, -2, 0, 3.141592653589793, 2.0
248, 69, 202, 167, 204, 166, -2, 1, 2.677945044588987, 2.23606797749979
248, 70, 220, 159, 222, 160, -2, -1, -2.677945044588987, 2.23606797749979
248, 78, 432, 128, 434, 129, -2, -1, -2.677945044588987, 2.23606797749979
248, 80, 282, 149, 286, 149, -4, 0, 3.141592653589793, 4.0
249, 5, 351, 132, 353, 132, -2, 0, 3.141592653589793, 2.0
249, 10, 299, 136, 301, 137, -2, -1, -2.677945044588987, 2.23606797749979
249, 20, 129, 172, 131, 173, -2, -1, -2.677945044588987, 2.23606797749979
249, 38, 165, 365, 167, 366, -2, -1, -2.677945044588987, 2.23606797749979
249, 39, 376, 128, 378, 129, -2, -1, -2.677945044588987, 2.23606797749979
249, 47, 167, 184, 169, 183, -2, 1, 2.677945044588987, 2.23606797749979
249, 56, 178, 182, 180, 182, -2, 0, 3.141592653589793, 2.0
249, 59, 218, 159, 220, 159, -2, 0, 3.141592653589793, 2.0
249, 68, 277, 148, 282, 149, -5, -1, -2.9441970937399127, 5.0990195135927845
250, 22, 303, 139, 305, 140, -2, -1, -2.677945044588987, 2.23606797749979
250, 27, 147, 360, 148, 362, -1, -2, -2.0344439357957027, 2.23606797749979
250, 38, 237, 369, 239, 369, -2, 0, 3.141592653589793, 2.0
250, 53, 583, 193, 584, 195, -1, -2, -2.0344439357957027, 2.23606797749979
250, 61, 430, 116, 431, 118, -1, -2, -2.0344439357957027, 2.23606797749979
250, 70, 187, 149, 189, 149, -2, 0, 3.141592653589793, 2.0
250, 75, 590, 220, 590, 222, 0, -2, -1.5707963267948966, 2.0
250, 79, 146, 176, 147, 175, -1, 1, 2.356194490192345, 1.4142135623730951
250, 94, 169, 368, 171, 368, -2, 0, 3.141592653589793, 2.0
250, 103, 178, 164, 180, 164, -2, 0, 3.141592653589793, 2.0
250, 105, 380, 130, 382, 130, -2, 0, 3.141592653589793, 2.0
250, 106, 582, 209, 583, 211, -1, -2, -2.0344439357957027, 2.23606797749979
250, 107, 156, 366, 158, 367, -2, -1, -2.677945044588987, 2.23606797749979
250, 111, 144, 196, 146, 196, -2, 0, 3.141592653589793, 2.0
250, 120, 222, 158, 224, 159, -2, -1, -2.677945044588987, 2.23606797749979
250, 136, 205, 168, 207, 168, -2, 0, 3.141592653589793, 2.0
250, 139, 292, 153, 295, 154, -3, -1, -2.819842099193151, 3.1622776601683795
250, 143, 432, 130, 434, 130, -2, 0, 3.141592653589793, 2.0
250, 144, 297, 135, 299, 136, -2, -1, -2.677945044588987, 2.23606797749979
251, 9, 353, 134, 355, 134, -2, 0, 3.141592653589793, 2.0
251, 15, 299, 138, 303, 139, -4, -1, -2.896613990462929, 4.123105625617661
251, 19, 145, 358, 147, 360, -2, -2, -2.356194490192345, 2.8284271247461903
251, 27, 235, 369, 237, 369, -2, 0, 3.141592653589793, 2.0
251, 51, 186, 141, 188, 141, -2, 0, 3.141592653589793, 2.0
251, 72, 167, 367, 169, 368, -2, -1, -2.677945044588987, 2.23606797749979
251, 82, 378, 129, 380, 130, -2, -1, -2.677945044588987, 2.23606797749979
251, 83, 581, 207, 582, 209, -1, -2, -2.0344439357957027, 2.23606797749979
251, 84, 154, 366, 156, 366, -2, 0, 3.141592653589793, 2.0
251, 94, 220, 158, 222, 158, -2, 0, 3.141592653589793, 2.0
251, 97, 170, 186, 173, 186, -3, 0, 3.141592653589793, 3.0
251, 108, 203, 168, 205, 168, -2, 0, 3.141592653589793, 2.0
251, 110, 289, 152, 292, 153, -3, -1, -2.819842099193151, 3.1622776601683795
251, 112, 430, 129, 432, 130, -2, -1, -2.677945044588987, 2.23606797749979
251, 113, 295, 134, 297, 135, -2, -1, -2.677945044588987, 2.23606797749979
252, 14, 297, 137, 299, 138, -2, -1, -2.677945044588987, 2.23606797749979
252, 17, 142, 356, 145, 358, -3, -2, -2.5535900500422257, 3.605551275463989
252, 23, 232, 369, 235, 369, -3, 0, 3.141592653589793, 3.0
252, 29, 78, 329, 80, 330, -2, -1, -2.677945044588987, 2.23606797749979
252, 60, 140, 142, 139, 144, 1, -2, -1.1071487177940904, 2.23606797749979
252, 62, 165, 367, 167, 367, -2, 0, 3.141592653589793, 2.0
252, 68, 175, 164, 177, 164, -2, 0, 3.141592653589793, 2.0
252, 70, 376, 129, 378, 129, -2, 0, 3.141592653589793, 2.0
252, 72, 152, 365, 154, 366, -2, -1, -2.677945044588987, 2.23606797749979
252, 74, 141, 196, 143, 196, -2, 0, 3.141592653589793, 2.0
252, 78, 218, 158, 220, 158, -2, 0, 3.141592653589793, 2.0
252, 80, 169, 187, 170, 186, -1, 1, 2.356194490192345, 1.4142135623730951
252, 88, 201, 168, 203, 168, -2, 0, 3.141592653589793, 2.0
252, 90, 287, 153, 289, 152, -2, 1, 2.677945044588987, 2.23606797749979
252, 92, 428, 128, 430, 129, -2, -1, -2.677945044588987, 2.23606797749979
252, 93, 293, 133, 295, 134, -2, -1, -2.677945044588987, 2.23606797749979
253, 5, 350, 134, 352, 134, -2, 0, 3.141592653589793, 2.0
253, 10, 296, 138, 297, 137, -1, 1, 2.356194490192345, 1.4142135623730951
253, 13, 139, 354, 142, 356, -3, -2, -2.5535900500422257, 3.605551275463989
253, 19, 230, 369, 232, 369, -2, 0, 3.141592653589793, 2.0
253, 46, 163, 366, 165, 367, -2, -1, -2.677945044588987, 2.23606797749979
253, 49, 173, 164, 175, 164, -2, 0, 3.141592653589793, 2.0
253, 51, 580, 204, 581, 206, -1, -2, -2.0344439357957027, 2.23606797749979
253, 52, 149, 364, 152, 365, -3, -1, -2.819842099193151, 3.1622776601683795
253, 58, 216, 158, 218, 158, -2, 0, 3.141592653589793, 2.0
253, 69, 285, 153, 287, 153, -2, 0, 3.141592653589793, 2.0
253, 71, 427, 126, 428, 128, -1, -2, -2.0344439357957027, 2.23606797749979
254, 1, 192, 126, 193, 125, -1, 1, 2.356194490192345, 1.4142135623730951
254, 8, 294, 138, 296, 138, -2, 0, 3.141592653589793, 2.0
254, 15, 227, 369, 230, 369, -3, 0, 3.141592653589793, 3.0
254, 36, 161, 365, 163, 366, -2, -1, -2.677945044588987, 2.23606797749979
254, 39, 171, 164, 173, 164, -2, 0, 3.141592653589793, 2.0
254, 40, 580, 202, 580, 204, 0, -2, -1.5707963267948966, 2.0
254, 41, 147, 362, 149, 364, -2, -2, -2.356194490192345, 2.8284271247461903
254, 46, 214, 157, 216, 158, -2, -1, -2.677945044588987, 2.23606797749979
254, 57, 282, 152, 285, 153, -3, -1, -2.819842099193151, 3.1622776601683795
254, 59, 425, 125, 427, 126, -2, -1, -2.677945044588987, 2.23606797749979
254, 60, 290, 132, 292, 133, -2, -1, -2.677945044588987, 2.23606797749979
255, 22, 351, 135, 353, 135, -2, 0, 3.141592653589793, 2.0
255, 23, 232, 367, 234, 367, -2, 0, 3.141592653589793, 2.0
255, 28, 297, 139, 299, 139, -2, 0, 3.141592653589793, 2.0
255, 59, 176, 166, 178, 166, -2, 0, 3.141592653589793, 2.0
255, 65, 148, 363, 150, 364, -2, -1, -2.677945044588987, 2.23606797749979
255, 85, 216, 161, 218, 161, -2, 0, 3.141592653589793, 2.0
255, 90, 124, 348, 126, 348, -2, 0, 3.141592653589793, 2.0
255, 91, 376, 132, 378, 132, -2, 0, 3.141592653589793, 2.0
255, 92, 163, 368, 166, 368, -3, 0, 3.141592653589793, 3.0
255, 96, 203, 171, 205, 171, -2, 0, 3.141592653589793, 2.0
255, 100, 591, 218, 591, 220, 0, -2, -1.5707963267948966, 2.0
255, 107, 108, 251, 109, 253, -1, -2, -2.0344439357957027, 2.23606797749979
255, 109, 142, 358, 145, 358, -3, 0, 3.141592653589793, 3.0
255, 113, 153, 344, 158, 345, -5, -1, -2.9441970937399127, 5.0990195135927845
255, 115, 156, 359, 158, 360, -2, -1, -2.677945044588987, 2.23606797749979
255, 119, 581, 205, 582, 207, -1, -2, -2.0344439357957027, 2.23606797749979
255, 130, 143, 351, 146, 351, -3, 0, 3.141592653589793, 3.0
255, 137, 359, 126, 361, 126, -2, 0, 3.141592653589793, 2.0
255, 139, 285, 131, 287, 132, -2, -1, -2.677945044588987, 2.23606797749979
255, 141, 189, 168, 191, 168, -2, 0, 3.141592653589793, 2.0
255, 143, 174, 187, 176, 186, -2, 1, 2.677945044588987, 2.23606797749979
256, 10, 213, 144, 215, 145, -2, -1, -2.677945044588987, 2.23606797749979
256, 15, 230, 367, 232, 367, -2, 0, 3.141592653589793, 2.0
256, 19, 295, 139, 297, 139, -2, 0, 3.141592653589793, 2.0
256, 45, 174, 166, 176, 166, -2, 0, 3.141592653589793, 2.0
256, 50, 146, 362, 148, 363, -2, -1, -2.677945044588987, 2.23606797749979
256, 62, 158, 142, 160, 142, -2, 0, 3.141592653589793, 2.0
256, 68, 214, 161, 216, 161, -2, 0, 3.141592653589793, 2.0
256, 72, 374, 132, 376, 132, -2, 0, 3.141592653589793, 2.0
256, 73, 160, 368, 163, 368, -3, 0, 3.141592653589793, 3.0
256, 76, 201, 171, 203, 171, -2, 0, 3.141592653589793, 2.0
256, 78, 591, 216, 591, 218, 0, -2, -1.5707963267948966, 2.0
256, 85, 139, 356, 142, 358, -3, -2, -2.5535900500422257, 3.605551275463989
256, 89, 148, 342, 153, 344, -5, -2, -2.761086276477428, 5.385164807134504
256, 91, 154, 358, 156, 359, -2, -1, -2.677945044588987, 2.23606797749979
256, 98, 141, 349, 143, 351, -2, -2, -2.356194490192345, 2.8284271247461903
256, 105, 283, 130, 285, 131, -2, -1, -2.677945044588987, 2.23606797749979
256, 107, 187, 168, 189, 168, -2, 0, 3.141592653589793, 2.0
257, 15, 228, 366, 230, 367, -2, -1, -2.677945044588987, 2.23606797749979
257, 19, 293, 139, 295, 139, -2, 0, 3.141592653589793, 2.0
257, 26, 299, 129, 301, 129, -2, 0, 3.141592653589793, 2.0
257, 36, 172, 166, 174, 166, -2, 0, 3.141592653589793, 2.0
257, 40, 146, 360, 146, 362, 0, -2, -1.5707963267948966, 2.0
257, 54, 212, 162, 214, 161, -2, 1, 2.677945044588987, 2.23606797749979
257, 57, 372, 132, 374, 132, -2, 0, 3.141592653589793, 2.0
257, 58, 156, 368, 160, 368, -4, 0, 3.141592653589793, 4.0
257, 63, 590, 214, 591, 216, -1, -2, -2.0344439357957027, 2.23606797749979
257, 66, 107, 248, 108, 250, -1, -2, -2.0344439357957027, 2.23606797749979
257, 67, 137, 354, 139, 356, -2, -2, -2.356194490192345, 2.8284271247461903
257, 70, 142, 339, 148, 342, -6, -3, -2.677945044588987, 6.708203932499369
257, 71, 151, 357, 154, 358, -3, -1, -2.819842099193151, 3.1622776601683795
257, 74, 139, 348, 141, 349, -2, -1, -2.677945044588987, 2.23606797749979
257, 83, 184, 168, 187, 168, -3, 0, 3.141592653589793, 3.0
257, 84, 167, 180, 169, 181, -2, -1, -2.677945044588987, 2.23606797749979
258, 13, 226, 365, 228, 366, -2, -1, -2.677945044588987, 2.23606797749979
258, 17, 291, 138, 293, 139, -2, -1, -2.677945044588987, 2.23606797749979
258, 21, 297, 129, 299, 129, -2, 0, 3.141592653589793, 2.0
258, 31, 170, 166, 172, 166, -2, 0, 3.141592653589793, 2.0
258, 35, 144, 358, 146, 360, -2, -2, -2.356194490192345, 2.8284271247461903
258, 46, 210, 162, 212, 162, -2, 0, 3.141592653589793, 2.0
258, 49, 370, 131, 372, 132, -2, -1, -2.677945044588987, 2.23606797749979
258, 50, 154, 368, 156, 368, -2, 0, 3.141592653589793, 2.0
258, 53, 198, 171, 200, 171, -2, 0, 3.141592653589793, 2.0
258, 55, 589, 212, 590, 214, -1, -2, -2.0344439357957027, 2.23606797749979
258, 59, 135, 352, 137, 354, -2, -2, -2.356194490192345, 2.8284271247461903
258, 61, 148, 355, 151, 357, -3, -2, -2.5535900500422257, 3.605551275463989
258, 63, 137, 347, 139, 348, -2, -1, -2.677945044588987, 2.23606797749979
258, 70, 182, 169, 184, 168, -2, 1, 2.677945044588987, 2.23606797749979
258, 71, 165, 180, 167, 180, -2, 0, 3.141592653589793, 2.0
259, 13, 223, 365, 226, 365, -3, 0, 3.141592653589793, 3.0
259, 31, 168, 166, 170, 166, -2, 0, 3.141592653589793, 2.0
259, 34, 141, 357, 144, 358, -3, -1, -2.819842099193151, 3.1622776601683795
259, 45, 208, 162, 210, 162, -2, 0, 3.141592653589793, 2.0
259, 48, 368, 130, 370, 131, -2, -1, -2.677945044588987, 2.23606797749979
259, 51, 195, 171, 198, 171, -3, 0, 3.141592653589793, 3.0
259, 53, 589, 210, 589, 212, 0, -2, -1.5707963267948966, 2.0
259, 57, 146, 354, 148, 355, -2, -1, -2.677945044588987, 2.23606797749979
259, 63, 180, 169, 182, 169, -2, 0, 3.141592653589793, 2.0
259, 64, 163, 180, 165, 180, -2, 0, 3.141592653589793, 2.0
260, 7, 57, 353, 57, 355, 0, -2, -1.5707963267948966, 2.0
260, 19, 152, 174, 154, 175, -2, -1, -2.677945044588987, 2.23606797749979
260, 29, 144, 180, 146, 180, -2, 0, 3.141592653589793, 2.0
260, 42, 293, 143, 295, 143, -2, 0, 3.141592653589793, 2.0
260, 44, 227, 365, 230, 366, -3, -1, -2.819842099193151, 3.1622776601683795
260, 54, 123, 344, 125, 345, -2, -1, -2.677945044588987, 2.23606797749979
260, 56, 298, 130, 300, 130, -2, 0, 3.141592653589793, 2.0
260, 67, 426, 128, 428, 129, -2, -1, -2.677945044588987, 2.23606797749979
260, 77, 372, 132, 374, 132, -2, 0, 3.141592653589793, 2.0
260, 78, 139, 348, 142, 350, -3, -2, -2.5535900500422257, 3.605551275463989
260, 79, 84, 329, 85, 331, -1, -2, -2.0344439357957027, 2.23606797749979
260, 84, 88, 340, 90, 341, -2, -1, -2.677945044588987, 2.23606797749979
260, 99, 117, 213, 119, 213, -2, 0, 3.141592653589793, 2.0
260, 104, 590, 214, 590, 216, 0, -2, -1.5707963267948966, 2.0
260, 106, 172, 167, 174, 167, -2, 0, 3.141592653589793, 2.0
260, 128, 216, 162, 218, 162, -2, 0, 3.141592653589793, 2.0
260, 134, 155, 367, 157, 368, -2, -1, -2.677945044588987, 2.23606797749979
260, 144, 199, 173, 201, 173, -2, 0, 3.141592653589793, 2.0
260, 147, 579, 203, 580, 205, -1, -2, -2.0344439357957027, 2.23606797749979
260, 149, 166, 183, 168, 183, -2, 0, 3.141592653589793, 2.0
260, 151, 54, 316, 54, 314, 0, 2, 1.5707963267948966, 2.0
260, 158, 150, 358, 153, 358, -3, 0, 3.141592653589793, 3.0
260, 162, 131, 344, 133, 345, -2, -1, -2.677945044588987, 2.23606797749979
260, 163, 270, 154, 272, 154, -2, 0, 3.141592653589793, 2.0
260, 165, 151, 335, 153, 336, -2, -1, -2.677945044588987, 2.23606797749979
261, 34, 290, 143, 293, 143, -3, 0, 3.141592653589793, 3.0
261, 36, 223, 365, 227, 365, -4, 0, 3.141592653589793, 4.0
261, 39, 348, 135, 350, 136, -2, -1, -2.677945044588987, 2.23606797749979
261, 45, 296, 130, 298, 130, -2, 0, 3.141592653589793, 2.0
261, 53, 424, 127, 426, 128, -2, -1, -2.677945044588987, 2.23606797749979
261, 60, 370, 131, 372, 132, -2, -1, -2.677945044588987, 2.23606797749979
261, 61, 137, 346, 139, 348, -2, -2, -2.356194490192345, 2.8284271247461903
261, 82, 590, 212, 590, 214, 0, -2, -1.5707963267948966, 2.0
261, 105, 153, 366, 155, 367, -2, -1, -2.677945044588987, 2.23606797749979
261, 111, 197, 173, 199, 173, -2, 0, 3.141592653589793, 2.0
261, 115, 164, 183, 166, 183, -2, 0, 3.141592653589793, 2.0
261, 120, 147, 358, 150, 358, -3, 0, 3.141592653589793, 3.0
261, 122, 267, 154, 270, 154, -3, 0, 3.141592653589793, 3.0
261, 124, 148, 333, 151, 335, -3, -2, -2.5535900500422257, 3.605551275463989
262, 28, 288, 144, 290, 143, -2, 1, 2.677945044588987, 2.23606797749979
262, 30, 220, 364, 223, 365, -3, -1, -2.819842099193151, 3.1622776601683795
262, 31, 553, 364, 552, 365, 1, -1, -0.7853981633974483, 1.4142135623730951
262, 37, 120, 343, 122, 344, -2, -1, -2.677945044588987, 2.23606797749979
262, 38, 294, 130, 296, 130, -2, 0, 3.141592653589793, 2.0
262, 45, 422, 126, 424, 127, -2, -1, -2.677945044588987, 2.23606797749979
262, 50, 368, 131, 370, 131, -2, 0, 3.141592653589793, 2.0
262, 51, 134, 344, 137, 346, -3, -2, -2.5535900500422257, 3.605551275463989
262, 70, 390, 109, 392, 110, -2, -1, -2.677945044588987, 2.23606797749979
262, 86, 195, 172, 197, 173, -2, -1, -2.677945044588987, 2.23606797749979
262, 95, 144, 357, 147, 358, -3, -1, -2.819842099193151, 3.1622776601683795
262, 97, 264, 154, 267, 154, -3, 0, 3.141592653589793, 3.0
262, 99, 145, 331, 148, 333, -3, -2, -2.5535900500422257, 3.605551275463989
262, 100, 351, 144, 353, 144, -2, 0, 3.141592653589793, 2.0
263, 17, 286, 144, 288, 144, -2, 0, 3.141592653589793, 2.0
263, 19, 216, 363, 220, 364, -4, -1, -2.896613990462929, 4.123105625617661
263, 24, 292, 130, 294, 130, -2, 0, 3.141592653589793, 2.0
263, 29, 420, 125, 422, 126, -2, -1, -2.677945044588987, 2.23606797749979
263, 34, 366, 131, 368, 131, -2, 0, 3.141592653589793, 2.0
263, 35, 131, 343, 134, 344, -3, -1, -2.819842099193151, 3.1622776601683795
263, 54, 213, 163, 214, 162, -1, 1, 2.356194490192345, 1.4142135623730951
263, 62, 193, 172, 195, 172, -2, 0, 3.141592653589793, 2.0
263, 66, 160, 183, 163, 183, -3, 0, 3.141592653589793, 3.0
263, 70, 141, 355, 144, 357, -3, -2, -2.5535900500422257, 3.605551275463989
263, 72, 262, 154, 264, 154, -2, 0, 3.141592653589793, 2.0
263, 74, 142, 330, 145, 331, -3, -1, -2.819842099193151, 3.1622776601683795
264, 0, 123, 177, 125, 177, -2, 0, 3.141592653589793, 2.0
264, 17, 285, 145, 286, 144, -1, 1, 2.356194490192345, 1.4142135623730951
264, 19, 212, 363, 216, 363, -4, 0, 3.141592653589793, 4.0
264, 24, 290, 130, 292, 130, -2, 0, 3.141592653589793, 2.0
264, 27, 418, 124, 420, 125, -2, -1, -2.677945044588987, 2.23606797749979
264, 32, 364, 131, 366, 131, -2, 0, 3.141592653589793, 2.0
264, 33, 128, 342, 131, 343, -3, -1, -2.819842099193151, 3.1622776601683795
264, 58, 125, 206, 127, 207, -2, -1, -2.677945044588987, 2.23606797749979
264, 59, 158, 183, 160, 183, -2, 0, 3.141592653589793, 2.0
264, 63, 139, 354, 141, 355, -2, -1, -2.677945044588987, 2.23606797749979
264, 64, 259, 155, 262, 154, -3, 1, 2.819842099193151, 3.1622776601683795
264, 66, 140, 328, 142, 330, -2, -2, -2.356194490192345, 2.8284271247461903
264, 67, 348, 144, 350, 144, -2, 0, 3.141592653589793, 2.0
264, 68, 279, 132, 281, 132, -2, 0, 3.141592653589793, 2.0
264, 69, 543, 365, 542, 366, 1, -1, -0.7853981633974483, 1.4142135623730951
265, 7, 289, 143, 291, 143, -2, 0, 3.141592653589793, 2.0
265, 18, 149, 173, 151, 174, -2, -1, -2.677945044588987, 2.23606797749979
265, 48, 295, 130, 297, 131, -2, -1, -2.677945044588987, 2.23606797749979
265, 64, 368, 131, 370, 132, -2, -1, -2.677945044588987, 2.23606797749979
265, 67, 197, 173, 199, 173, -2, 0, 3.141592653589793, 2.0
265, 92, 221, 366, 224, 367, -3, -1, -2.819842099193151, 3.1622776601683795
265, 99, 132, 350, 134, 352, -2, -2, -2.356194490192345, 2.8284271247461903
265, 100, 420, 127, 423, 128, -3, -1, -2.819842099193151, 3.1622776601683795
265, 102, 588, 210, 589, 212, -1, -2, -2.0344439357957027, 2.23606797749979
265, 105, 112, 218, 112, 220, 0, -2, -1.5707963267948966, 2.0
265, 117, 120, 347, 122, 347, -2, 0, 3.141592653589793, 2.0
265, 128, 131, 334, 135, 337, -4, -3, -2.498091544796509, 5.0
265, 152, 266, 152, 269, 153, -3, -1, -2.819842099193151, 3.1622776601683795
265, 158, 144, 357, 146, 358, -2, -1, -2.677945044588987, 2.23606797749979
266, 0, 64, 339, 64, 341, 0, -2, -1.5707963267948966, 2.0
266, 4, 555, 365, 554, 366, 1, -1, -0.7853981633974483, 1.4142135623730951
266, 6, 288, 144, 289, 143, -1, 1, 2.356194490192345, 1.4142135623730951
266, 21, 87, 340, 86, 341, 1, -1, -0.7853981633974483, 1.4142135623730951
266, 50, 366, 130, 368, 131, -2, -1, -2.677945044588987, 2.23606797749979
266, 53, 195, 173, 197, 173, -2, 0, 3.141592653589793, 2.0
266, 55, 381, 122, 383, 123, -2, -1, -2.677945044588987, 2.23606797749979
266, 73, 218, 365, 221, 366, -3, -1, -2.819842099193151, 3.1622776601683795
266, 77, 130, 349, 132, 350, -2, -1, -2.677945044588987, 2.23606797749979
266, 78, 418, 126, 420, 127, -2, -1, -2.677945044588987, 2.23606797749979
266, 80, 587, 208, 588, 210, -1, -2, -2.0344439357957027, 2.23606797749979
266, 99, 128, 332, 131, 334, -3, -2, -2.5535900500422257, 3.605551275463989
266, 120, 264, 152, 266, 152, -2, 0, 3.141592653589793, 2.0
266, 123, 584, 309, 583, 310, 1, -1, -0.7853981633974483, 1.4142135623730951
266, 125, 141, 356, 144, 357, -3, -1, -2.819842099193151, 3.1622776601683795
266, 126, 225, 158, 227, 157, -2, 1, 2.677945044588987, 2.23606797749979
267, 12, 584, 364, 583, 365, 1, -1, -0.7853981633974483, 1.4142135623730951
267, 23, 581, 183, 581, 185, 0, -2, -1.5707963267948966, 2.0
267, 36, 167, 168, 169, 168, -2, 0, 3.141592653589793, 2.0
267, 40, 193, 173, 195, 173, -2, 0, 3.141592653589793, 2.0
267, 57, 215, 365, 218, 365, -3, 0, 3.141592653589793, 3.0
267, 61, 128, 348, 130, 349, -2, -1, -2.677945044588987, 2.23606797749979
267, 62, 416, 126, 418, 126, -2, 0, 3.141592653589793, 2.0
267, 69, 117, 347, 119, 347, -2, 0, 3.141592653589793, 2.0
267, 76, 125, 331, 128, 332, -3, -1, -2.819842099193151, 3.1622776601683795
267, 89, 442, 127, 444, 128, -2, -1, -2.677945044588987, 2.23606797749979
267, 91, 262, 151, 264, 152, -2, -1, -2.677945044588987, 2.23606797749979
267, 96, 138, 355, 141, 356, -3, -1, -2.819842099193151, 3.1622776601683795
267, 97, 223, 158, 225, 158, -2, 0, 3.141592653589793, 2.0
268, 3, 286, 145, 288, 144, -2, 1, 2.677945044588987, 2.23606797749979
268, 24, 291, 129, 293, 130, -2, -1, -2.677945044588987, 2.23606797749979
268, 35, 191, 172, 193, 173, -2, -1, -2.677945044588987, 2.23606797749979
268, 36, 378, 121, 380, 122, -2, -1, -2.677945044588987, 2.23606797749979
268, 49, 212, 365, 215, 365, -3, 0, 3.141592653589793, 3.0
268, 51, 126, 347, 128, 348, -2, -1, -2.677945044588987, 2.23606797749979
268, 63, 123, 329, 125, 331, -2, -2, -2.356194490192345, 2.8284271247461903
268, 70, 123, 212, 124, 211, -1, 1, 2.356194490192345, 1.4142135623730951
268, 74, 260, 150, 262, 151, -2, -1, -2.677945044588987, 2.23606797749979
268, 78, 135, 353, 138, 355, -3, -2, -2.5535900500422257, 3.605551275463989
269, 2, 283, 146, 286, 145, -3, 1, 2.819842099193151, 3.1622776601683795
269, 18, 288, 128, 291, 129, -3, -1, -2.819842099193151, 3.1622776601683795
269, 34, 208, 162, 210, 162, -2, 0, 3.141592653589793, 2.0
269, 41, 209, 365, 212, 365, -3, 0, 3.141592653589793, 3.0
269, 43, 124, 346, 126, 347, -2, -1, -2.677945044588987, 2.23606797749979
269, 54, 122, 327, 123, 329, -1, -2, -2.0344439357957027, 2.23606797749979
269, 63, 258, 149, 260, 150, -2, -1, -2.677945044588987, 2.23606797749979
269, 67, 133, 351, 135, 353, -2, -2, -2.356194490192345, 2.8284271247461903
270, 11, 285, 144, 287, 144, -2, 0, 3.141592653589793, 2.0
270, 16, 378, 122, 380, 123, -2, -1, -2.677945044588987, 2.23606797749979
270, 22, 207, 143, 209, 143, -2, 0, 3.141592653589793, 2.0
270, 42, 213, 367, 217, 367, -4, 0, 3.141592653589793, 4.0
270, 48, 146, 171, 148, 172, -2, -1, -2.677945044588987, 2.23606797749979
270, 63, 588, 207, 588, 209, 0, -2, -1.5707963267948966, 2.0
270, 75, 291, 130, 293, 131, -2, -1, -2.677945044588987, 2.23606797749979
270, 83, 141, 202, 143, 202, -2, 0, 3.141592653589793, 2.0
270, 84, 122, 331, 124, 332, -2, -1, -2.677945044588987, 2.23606797749979
270, 94, 192, 173, 194, 173, -2, 0, 3.141592653589793, 2.0
270, 111, 133, 344, 135, 345, -2, -1, -2.677945044588987, 2.23606797749979
270, 124, 570, 195, 570, 197, 0, -2, -1.5707963267948966, 2.0
270, 135, 260, 153, 263, 153, -3, 0, 3.141592653589793, 3.0
270, 138, 116, 348, 118, 348, -2, 0, 3.141592653589793, 2.0
271, 8, 283, 145, 285, 144, -2, 1, 2.677945044588987, 2.23606797749979
271, 33, 209, 367, 213, 367, -4, 0, 3.141592653589793, 4.0
271, 60, 289, 129, 291, 130, -2, -1, -2.677945044588987, 2.23606797749979
271, 68, 364, 129, 366, 130, -2, -1, -2.677945044588987, 2.23606797749979
271, 75, 190, 173, 192, 173, -2, 0, 3.141592653589793, 2.0
271, 88, 131, 343, 133, 344, -2, -1, -2.677945044588987, 2.23606797749979
271, 95, 110, 352, 112, 353, -2, -1, -2.677945044588987, 2.23606797749979
271, 99, 570, 193, 570, 195, 0, -2, -1.5707963267948966, 2.0
271, 106, 278, 133, 280, 133, -2, 0, 3.141592653589793, 2.0
271, 107, 258, 153, 260, 153, -2, 0, 3.141592653589793, 2.0
272, 8, 281, 146, 283, 145, -2, 1, 2.677945044588987, 2.23606797749979
272, 11, 375, 121, 377, 122, -2, -1, -2.677945044588987, 2.23606797749979
272, 29, 205, 366, 209, 367, -4, -1, -2.896613990462929, 4.123105625617661
272, 55, 287, 129, 289, 129, -2, 0, 3.141592653589793, 2.0
272, 59, 138, 203, 140, 202, -2, 1, 2.677945044588987, 2.23606797749979
272, 66, 188, 173, 190, 173, -2, 0, 3.141592653589793, 2.0
272, 75, 129, 341, 131, 343, -2, -2, -2.356194490192345, 2.8284271247461903
272, 83, 570, 191, 570, 193, 0, -2, -1.5707963267948966, 2.0
272, 88, 254, 152, 258, 153, -4, -1, -2.896613990462929, 4.123105625617661
273, 4, 139, 179, 141, 179, -2, 0, 3.141592653589793, 2.0
273, 8, 279, 146, 281, 146, -2, 0, 3.141592653589793, 2.0
273, 25, 203, 365, 205, 366, -2, -1, -2.677945044588987, 2.23606797749979
273, 31, 166, 167, 167, 166, -1, 1, 2.356194490192345, 1.4142135623730951
273, 49, 414, 127, 416, 127, -2, 0, 3.141592653589793, 2.0
273, 51, 361, 128, 363, 129, -2, -1, -2.677945044588987, 2.23606797749979
273, 56, 186, 173, 188, 173, -2, 0, 3.141592653589793, 2.0
273, 63, 127, 339, 129, 341, -2, -2, -2.356194490192345, 2.8284271247461903
273, 71, 252, 151, 254, 152, -2, -1, -2.677945044588987, 2.23606797749979
274, 7, 277, 147, 279, 146, -2, 1, 2.677945044588987, 2.23606797749979
274, 18, 582, 180, 582, 182, 0, -2, -1.5707963267948966, 2.0
274, 21, 201, 365, 203, 365, -2, 0, 3.141592653589793, 2.0
274, 39, 412, 126, 414, 127, -2, -1, -2.677945044588987, 2.23606797749979
274, 51, 125, 338, 127, 339, -2, -1, -2.677945044588987, 2.23606797749979
274, 57, 250, 151, 252, 151, -2, 0, 3.141592653589793, 2.0
275, 3, 283, 147, 285, 147, -2, 0, 3.141592653589793, 2.0
275, 23, 205, 366, 208, 366, -3, 0, 3.141592653589793, 3.0
275, 47, 376, 121, 378, 122, -2, -1, -2.677945044588987, 2.23606797749979
275, 62, 362, 129, 364, 130, -2, -1, -2.677945044588987, 2.23606797749979
275, 68, 188, 175, 190, 175, -2, 0, 3.141592653589793, 2.0
275, 71, 132, 339, 134, 341, -2, -2, -2.356194490192345, 2.8284271247461903
275, 74, 132, 349, 134, 350, -2, -1, -2.677945044588987, 2.23606797749979
275, 108, 143, 171, 145, 172, -2, -1, -2.677945044588987, 2.23606797749979
275, 127, 126, 344, 128, 346, -2, -2, -2.356194490192345, 2.8284271247461903
275, 135, 414, 127, 416, 127, -2, 0, 3.141592653589793, 2.0
275, 142, 288, 129, 290, 130, -2, -1, -2.677945044588987, 2.23606797749979
275, 144, 210, 168, 212, 168, -2, 0, 3.141592653589793, 2.0
276, 3, 279, 147, 283, 147, -4, 0, 3.141592653589793, 4.0
276, 8, 340, 137, 342, 137, -2, 0, 3.141592653589793, 2.0
276, 20, 201, 365, 205, 366, -4, -1, -2.896613990462929, 4.123105625617661
276, 44, 581, 181, 582, 183, -1, -2, -2.0344439357957027, 2.23606797749979
276, 52, 360, 128, 362, 129, -2, -1, -2.677945044588987, 2.23606797749979
276, 58, 186, 175, 188, 175, -2, 0, 3.141592653589793, 2.0
276, 61, 130, 337, 132, 339, -2, -2, -2.356194490192345, 2.8284271247461903
276, 63, 131, 347, 132, 349, -1, -2, -2.0344439357957027, 2.23606797749979
276, 104, 124, 342, 126, 344, -2, -2, -2.356194490192345, 2.8284271247461903
276, 111, 412, 127, 414, 127, -2, 0, 3.141592653589793, 2.0
276, 116, 286, 128, 288, 129, -2, -1, -2.677945044588987, 2.23606797749979
276, 117, 121, 216, 122, 215, -1, 1, 2.356194490192345, 1.4142135623730951
277, 3, 276, 147, 279, 147, -3, 0, 3.141592653589793, 3.0
277, 8, 338, 136, 340, 137, -2, -1, -2.677945044588987, 2.23606797749979
277, 13, 198, 364, 201, 365, -3, -1, -2.819842099193151, 3.1622776601683795
277, 31, 373, 120, 375, 121, -2, -1, -2.677945044588987, 2.23606797749979
277, 41, 358, 127, 360, 128, -2, -1, -2.677945044588987, 2.23606797749979
277, 46, 227, 120, 229, 120, -2, 0, 3.141592653589793, 2.0
277, 47, 129, 335, 130, 337, -1, -2, -2.0344439357957027, 2.23606797749979
277, 79, 122, 341, 124, 342, -2, -1, -2.677945044588987, 2.23606797749979
277, 82, 275, 136, 277, 136, -2, 0, 3.141592653589793, 2.0
277, 89, 207, 168, 209, 168, -2, 0, 3.141592653589793, 2.0
278, 2, 273, 147, 276, 147, -3, 0, 3.141592653589793, 3.0
278, 7, 336, 135, 338, 136, -2, -1, -2.677945044588987, 2.23606797749979
278, 8, 138, 179, 140, 179, -2, 0, 3.141592653589793, 2.0
278, 10, 196, 363, 198, 364, -2, -1, -2.677945044588987, 2.23606797749979
278, 28, 580, 178, 581, 180, -1, -2, -2.0344439357957027, 2.23606797749979
278, 34, 183, 175, 185, 175, -2, 0, 3.141592653589793, 2.0
278, 35, 127, 333, 129, 335, -2, -2, -2.356194490192345, 2.8284271247461903
278, 62, 409, 126, 411, 127, -2, -1, -2.677945044588987, 2.23606797749979
279, 2, 269, 147, 273, 147, -4, 0, 3.141592653589793, 4.0
279, 5, 195, 125, 196, 124, -1, 1, 2.356194490192345, 1.4142135623730951
279, 7, 137, 180, 138, 179, -1, 1, 2.356194490192345, 1.4142135623730951
279, 9, 193, 362, 196, 363, -3, -1, -2.819842099193151, 3.1622776601683795
279, 13, 177, 142, 179, 141, -2, 1, 2.677945044588987, 2.23606797749979
279, 21, 577, 155, 579, 156, -2, -1, -2.677945044588987, 2.23606797749979
279, 47, 273, 135, 275, 136, -2, -1, -2.677945044588987, 2.23606797749979
280, 7, 337, 136, 340, 137, -3, -1, -2.819842099193151, 3.1622776601683795
280, 13, 272, 149, 276, 148, -4, 1, 2.896613990462929, 4.123105625617661
280, 30, 200, 369, 202, 369, -2, 0, 3.141592653589793, 2.0
280, 33, 582, 177, 583, 179, -1, -2, -2.0344439357957027, 2.23606797749979
280, 77, 129, 337, 130, 339, -1, -2, -2.0344439357957027, 2.23606797749979
280, 83, 288, 118, 290, 119, -2, -1, -2.677945044588987, 2.23606797749979
280, 99, 284, 129, 286, 129, -2, 0, 3.141592653589793, 2.0
280, 101, 185, 175, 187, 175, -2, 0, 3.141592653589793, 2.0
280, 104, 358, 126, 360, 127, -2, -1, -2.677945044588987, 2.23606797749979
280, 122, 152, 190, 154, 190, -2, 0, 3.141592653589793, 2.0
280, 153, 208, 170, 210, 170, -2, 0, 3.141592653589793, 2.0
281, 11, 268, 149, 272, 149, -4, 0, 3.141592653589793, 4.0
281, 18, 59, 337, 61, 337, -2, 0, 3.141592653589793, 2.0
281, 25, 198, 369, 200, 369, -2, 0, 3.141592653589793, 2.0
281, 80, 282, 129, 284, 129, -2, 0, 3.141592653589793, 2.0
281, 82, 183, 175, 185, 175, -2, 0, 3.141592653589793, 2.0
281, 85, 356, 126, 358, 126, -2, 0, 3.141592653589793, 2.0
281, 103, 140, 207, 141, 206, -1, 1, 2.356194490192345, 1.4142135623730951
281, 118, 207, 171, 208, 170, -1, 1, 2.356194490192345, 1.4142135623730951
282, 5, 334, 136, 336, 136, -2, 0, 3.141592653589793, 2.0
282, 9, 264, 148, 268, 149, -4, -1, -2.896613990462929, 4.123105625617661
282, 20, 196, 368, 198, 369, -2, -1, -2.677945044588987, 2.23606797749979
282, 41, 162, 170, 164, 170, -2, 0, 3.141592653589793, 2.0
282, 45, 273, 138, 275, 138, -2, 0, 3.141592653589793, 2.0
282, 63, 280, 129, 282, 129, -2, 0, 3.141592653589793, 2.0
282, 65, 182, 176, 183, 175, -1, 1, 2.356194490192345, 1.4142135623730951
282, 68, 354, 125, 356, 126, -2, -1, -2.677945044588987, 2.23606797749979
282, 74, 108, 357, 109, 356, -1, 1, 2.356194490192345, 1.4142135623730951
282, 98, 205, 171, 207, 171, -2, 0, 3.141592653589793, 2.0
283, 5, 332, 136, 334, 136, -2, 0, 3.141592653589793, 2.0
283, 7, 260, 147, 264, 148, -4, -1, -2.896613990462929, 4.123105625617661
283, 17, 194, 368, 196, 368, -2, 0, 3.141592653589793, 2.0
284, 4, 330, 136, 332, 136, -2, 0, 3.141592653589793, 2.0
284, 15, 192, 367, 194, 368, -2, -1, -2.677945044588987, 2.23606797749979
284, 30, 159, 170, 161, 170, -2, 0, 3.141592653589793, 2.0
284, 46, 179, 177, 181, 176, -2, 1, 2.677945044588987, 2.23606797749979
285, 16, 262, 150, 267, 150, -5, 0, 3.141592653589793, 5.0
285, 24, 332, 135, 335, 136, -3, -1, -2.819842099193151, 3.1622776601683795
285, 41, 197, 367, 199, 367, -2, 0, 3.141592653589793, 2.0
285, 50, 354, 128, 356, 129, -2, -1, -2.677945044588987, 2.23606797749979
285, 85, 574, 189, 575, 191, -1, -2, -2.0344439357957027, 2.23606797749979
285, 94, 205, 172, 207, 172, -2, 0, 3.141592653589793, 2.0
285, 96, 179, 175, 181, 175, -2, 0, 3.141592653589793, 2.0
285, 109, 281, 127, 283, 127, -2, 0, 3.141592653589793, 2.0
285, 110, 272, 139, 273, 138, -1, 1, 2.356194490192345, 1.4142135623730951
285, 132, 164, 186, 166, 186, -2, 0, 3.141592653589793, 2.0
285, 134, 339, 140, 341, 140, -2, 0, 3.141592653589793, 2.0
285, 136, 270, 153, 274, 153, -4, 0, 3.141592653589793, 4.0
285, 139, 276, 145, 277, 144, -1, 1, 2.356194490192345, 1.4142135623730951
285, 149, 243, 152, 245, 152, -2, 0, 3.141592653589793, 2.0
285, 156, 567, 188, 568, 190, -1, -2, -2.0344439357957027, 2.23606797749979
286, 14, 258, 149, 262, 150, -4, -1, -2.896613990462929, 4.123105625617661
286, 21, 330, 134, 332, 135, -2, -1, -2.677945044588987, 2.23606797749979
286, 32, 195, 366, 197, 367, -2, -1, -2.677945044588987, 2.23606797749979
286, 37, 69, 251, 68, 252, 1, -1, -0.7853981633974483, 1.4142135623730951
286, 38, 160, 171, 162, 171, -2, 0, 3.141592653589793, 2.0
286, 61, 409, 129, 411, 129, -2, 0, 3.141592653589793, 2.0
286, 70, 202, 172, 205, 172, -3, 0, 3.141592653589793, 3.0
286, 72, 177, 175, 179, 175, -2, 0, 3.141592653589793, 2.0
286, 81, 270, 139, 272, 139, -2, 0, 3.141592653589793, 2.0
286, 93, 137, 209, 138, 208, -1, 1, 2.356194490192345, 1.4142135623730951
286, 98, 161, 187, 164, 186, -3, 1, 2.819842099193151, 3.1622776601683795
286, 100, 337, 140, 339, 140, -2, 0, 3.141592653589793, 2.0
286, 102, 266, 152, 270, 153, -4, -1, -2.896613990462929, 4.123105625617661
286, 110, 217, 164, 219, 164, -2, 0, 3.141592653589793, 2.0
286, 111, 240, 152, 243, 152, -3, 0, 3.141592653589793, 3.0
287, 10, 254, 149, 258, 149, -4, 0, 3.141592653589793, 4.0
287, 14, 328, 134, 330, 134, -2, 0, 3.141592653589793, 2.0
287, 23, 193, 366, 195, 366, -2, 0, 3.141592653589793, 2.0
287, 25, 122, 325, 122, 327, 0, -2, -1.5707963267948966, 2.0
287, 52, 200, 172, 202, 172, -2, 0, 3.141592653589793, 2.0
287, 54, 175, 175, 177, 175, -2, 0, 3.141592653589793, 2.0
287, 60, 278, 127, 280, 127, -2, 0, 3.141592653589793, 2.0
287, 71, 136, 210, 137, 209, -1, 1, 2.356194490192345, 1.4142135623730951
287, 76, 159, 187, 161, 187, -2, 0, 3.141592653589793, 2.0
287, 78, 334, 139, 337, 140, -3, -1, -2.819842099193151, 3.1622776601683795
287, 80, 261, 152, 266, 152, -5, 0, 3.141592653589793, 5.0
287, 86, 215, 164, 217, 164, -2, 0, 3.141592653589793, 2.0
287, 87, 237, 152, 240, 152, -3, 0, 3.141592653589793, 3.0
287, 91, 110, 231, 112, 232, -2, -1, -2.677945044588987, 2.23606797749979
288, 10, 251, 145, 254, 149, -3, -4, -2.214297435588181, 5.0
288, 13, 326, 133, 328, 134, -2, -1, -2.677945044588987, 2.23606797749979
288, 22, 191, 366, 193, 366, -2, 0, 3.141592653589793, 2.0
288, 23, 121, 323, 122, 325, -1, -2, -2.0344439357957027, 2.23606797749979
288, 26, 157, 171, 159, 171, -2, 0, 3.141592653589793, 2.0
288, 46, 198, 172, 200, 172, -2, 0, 3.141592653589793, 2.0
288, 47, 173, 175, 175, 175, -2, 0, 3.141592653589793, 2.0
288, 60, 135, 211, 136, 210, -1, 1, 2.356194490192345, 1.4142135623730951
288, 65, 157, 186, 159, 187, -2, -1, -2.677945044588987, 2.23606797749979
288, 67, 331, 139, 334, 139, -3, 0, 3.141592653589793, 3.0
288, 69, 257, 152, 261, 152, -4, 0, 3.141592653589793, 4.0
288, 70, 272, 146, 274, 145, -2, 1, 2.677945044588987, 2.23606797749979
288, 74, 213, 164, 215, 164, -2, 0, 3.141592653589793, 2.0
288, 75, 235, 151, 237, 152, -2, -1, -2.677945044588987, 2.23606797749979
288, 78, 86, 249, 88, 249, -2, 0, 3.141592653589793, 2.0
289, 9, 249, 146, 251, 145, -2, 1, 2.677945044588987, 2.23606797749979
289, 11, 324, 133, 326, 133, -2, 0, 3.141592653589793, 2.0
289, 18, 189, 365, 191, 366, -2, -1, -2.677945044588987, 2.23606797749979
289, 49, 134, 212, 135, 211, -1, 1, 2.356194490192345, 1.4142135623730951
289, 54, 328, 138, 331, 139, -3, -1, -2.819842099193151, 3.1622776601683795
289, 55, 253, 151, 257, 152, -4, -1, -2.896613990462929, 4.123105625617661
289, 56, 270, 146, 272, 146, -2, 0, 3.141592653589793, 2.0
289, 59, 210, 165, 213, 164, -3, 1, 2.819842099193151, 3.1622776601683795
289, 60, 233, 151, 235, 151, -2, 0, 3.141592653589793, 2.0
290, 11, 328, 135, 330, 136, -2, -1, -2.677945044588987, 2.23606797749979
290, 26, 255, 151, 259, 152, -4, -1, -2.896613990462929, 4.123105625617661
290, 40, 193, 367, 195, 367, -2, 0, 3.141592653589793, 2.0
290, 88, 139, 213, 140, 212, -1, 1, 2.356194490192345, 1.4142135623730951
290, 99, 198, 171, 200, 171, -2, 0, 3.141592653589793, 2.0
290, 112, 192, 148, 194, 148, -2, 0, 3.141592653589793, 2.0
290, 121, 271, 141, 273, 140, -2, 1, 2.677945044588987, 2.23606797749979
290, 127, 351, 129, 353, 129, -2, 0, 3.141592653589793, 2.0
290, 131, 237, 155, 239, 155, -2, 0, 3.141592653589793, 2.0
290, 138, 114, 231, 113, 232, 1, -1, -0.7853981633974483, 1.4142135623730951
290, 139, 245, 159, 247, 159, -2, 0, 3.141592653589793, 2.0
290, 141, 180, 182, 182, 181, -2, 1, 2.677945044588987, 2.23606797749979
291, 7, 326, 134, 328, 135, -2, -1, -2.677945044588987, 2.23606797749979
291, 19, 252, 150, 255, 151, -3, -1, -2.819842099193151, 3.1622776601683795
291, 32, 191, 367, 193, 367, -2, 0, 3.141592653589793, 2.0
291, 69, 138, 214, 139, 213, -1, 1, 2.356194490192345, 1.4142135623730951
291, 80, 196, 172, 198, 171, -2, 1, 2.677945044588987, 2.23606797749979
291, 94, 269, 142, 271, 141, -2, 1, 2.677945044588987, 2.23606797749979
291, 111, 178, 183, 180, 182, -2, 1, 2.677945044588987, 2.23606797749979
292, 6, 324, 133, 326, 134, -2, -1, -2.677945044588987, 2.23606797749979
292, 13, 581, 172, 581, 175, 0, -3, -1.5707963267948966, 3.0
292, 14, 248, 148, 252, 150, -4, -2, -2.677945044588987, 4.47213595499958
292, 26, 189, 366, 191, 367, -2, -1, -2.677945044588987, 2.23606797749979
292, 54, 137, 215, 138, 214, -1, 1, 2.356194490192345, 1.4142135623730951
292, 63, 194, 172, 196, 172, -2, 0, 3.141592653589793, 2.0
292, 72, 160, 150, 162, 150, -2, 0, 3.141592653589793, 2.0
292, 77, 348, 129, 350, 129, -2, 0, 3.141592653589793, 2.0
292, 86, 242, 158, 244, 159, -2, -1, -2.677945044588987, 2.23606797749979
292, 90, 428, 128, 431, 129, -3, -1, -2.819842099193151, 3.1622776601683795
293, 3, 322, 133, 324, 133, -2, 0, 3.141592653589793, 2.0
293, 9, 244, 146, 248, 148, -4, -2, -2.677945044588987, 4.47213595499958
293, 18, 187, 365, 189, 366, -2, -1, -2.677945044588987, 2.23606797749979
293, 39, 136, 216, 137, 215, -1, 1, 2.356194490192345, 1.4142135623730951
293, 42, 276, 131, 278, 131, -2, 0, 3.141592653589793, 2.0
293, 46, 192, 172, 194, 172, -2, 0, 3.141592653589793, 2.0
293, 53, 266, 142, 268, 142, -2, 0, 3.141592653589793, 2.0
293, 65, 240, 157, 242, 158, -2, -1, -2.677945044588987, 2.23606797749979
293, 66, 175, 183, 177, 183, -2, 0, 3.141592653589793, 2.0
294, 2, 319, 132, 322, 133, -3, -1, -2.819842099193151, 3.1622776601683795
294, 14, 185, 364, 187, 365, -2, -1, -2.677945044588987, 2.23606797749979
294, 32, 134, 217, 136, 216, -2, 1, 2.677945044588987, 2.23606797749979
294, 34, 274, 131, 276, 131, -2, 0, 3.141592653589793, 2.0
294, 36, 189, 173, 192, 172, -3, 1, 2.819842099193151, 3.1622776601683795
294, 43, 264, 142, 266, 142, -2, 0, 3.141592653589793, 2.0
294, 47, 345, 129, 347, 129, -2, 0, 3.141592653589793, 2.0
294, 52, 238, 156, 240, 157, -2, -1, -2.677945044588987, 2.23606797749979
294, 53, 173, 185, 175, 183, -2, 2, 2.356194490192345, 2.8284271247461903
295, 5, 323, 135, 325, 136, -2, -1, -2.677945044588987, 2.23606797749979
295, 39, 189, 366, 192, 367, -3, -1, -2.819842099193151, 3.1622776601683795
295, 42, 247, 151, 250, 152, -3, -1, -2.819842099193151, 3.1622776601683795
295, 74, 264, 145, 266, 145, -2, 0, 3.141592653589793, 2.0
295, 97, 131, 346, 134, 347, -3, -1, -2.819842099193151, 3.1622776601683795
295, 113, 195, 176, 198, 175, -3, 1, 2.819842099193151, 3.1622776601683795
295, 114, 175, 184, 178, 183, -3, 1, 2.819842099193151, 3.1622776601683795
295, 132, 132, 216, 134, 215, -2, 1, 2.677945044588987, 2.23606797749979
295, 137, 235, 154, 237, 154, -2, 0, 3.141592653589793, 2.0
295, 141, 92, 269, 94, 269, -2, 0, 3.141592653589793, 2.0
295, 169, 358, 136, 360, 137, -2, -1, -2.677945044588987, 2.23606797749979
296, 4, 320, 135, 323, 135, -3, 0, 3.141592653589793, 3.0
296, 32, 187, 365, 189, 366, -2, -1, -2.677945044588987, 2.23606797749979
296, 34, 243, 150, 247, 151, -4, -1, -2.896613990462929, 4.123105625617661
296, 36, 275, 133, 277, 133, -2, 0, 3.141592653589793, 2.0
296, 50, 589, 156, 591, 157, -2, -1, -2.677945044588987, 2.23606797749979
296, 58, 261, 146, 264, 145, -3, 1, 2.819842099193151, 3.1622776601683795
296, 81, 192, 176, 195, 176, -3, 0, 3.141592653589793, 3.0
296, 82, 173, 185, 175, 184, -2, 1, 2.677945044588987, 2.23606797749979
296, 93, 131, 217, 132, 216, -1, 1, 2.356194490192345, 1.4142135623730951
296, 120, 222, 141, 224, 142, -2, -1, -2.677945044588987, 2.23606797749979
296, 122, 356, 136, 358, 136, -2, 0, 3.141592653589793, 2.0
296, 123, 527, 152, 527, 155, 0, -3, -1.5707963267948966, 3.0
297, 3, 317, 135, 320, 135, -3, 0, 3.141592653589793, 3.0
297, 30, 184, 364, 187, 365, -3, -1, -2.819842099193151, 3.1622776601683795
297, 32, 240, 149, 243, 150, -3, -1, -2.819842099193151, 3.1622776601683795
297, 35, 200, 148, 202, 148, -2, 0, 3.141592653589793, 2.0
297, 52, 259, 145, 261, 146, -2, -1, -2.677945044588987, 2.23606797749979
297, 72, 189, 176, 192, 176, -3, 0, 3.141592653589793, 3.0
297, 73, 170, 186, 173, 185, -3, 1, 2.819842099193151, 3.1622776601683795
297, 81, 130, 218, 131, 217, -1, 1, 2.356194490192345, 1.4142135623730951
297, 84, 232, 154, 234, 154, -2, 0, 3.141592653589793, 2.0
297, 101, 220, 141, 222, 141, -2, 0, 3.141592653589793, 2.0
297, 103, 526, 150, 527, 152, -1, -2, -2.0344439357957027, 2.23606797749979
298, 3, 315, 134, 317, 135, -2, -1, -2.677945044588987, 2.23606797749979
298, 23, 182, 363, 184, 364, -2, -1, -2.677945044588987, 2.23606797749979
298, 24, 238, 148, 240, 149, -2, -1, -2.677945044588987, 2.23606797749979
298, 26, 272, 133, 274, 133, -2, 0, 3.141592653589793, 2.0
298, 40, 257, 145, 259, 145, -2, 0, 3.141592653589793, 2.0
298, 51, 154, 191, 155, 190, -1, 1, 2.356194490192345, 1.4142135623730951
298, 53, 187, 176, 189, 176, -2, 0, 3.141592653589793, 2.0
298, 54, 167, 186, 170, 186, -3, 0, 3.141592653589793, 3.0
298, 64, 230, 154, 232, 154, -2, 0, 3.141592653589793, 2.0
299, 22, 107, 346, 109, 346, -2, 0, 3.141592653589793, 2.0
299, 33, 254, 144, 257, 145, -3, -1, -2.819842099193151, 3.1622776601683795
299, 45, 165, 186, 167, 186, -2, 0, 3.141592653589793, 2.0
299, 52, 228, 153, 230, 154, -2, -1, -2.677945044588987, 2.23606797749979
299, 62, 217, 141, 219, 141, -2, 0, 3.141592653589793, 2.0
300, 0, 316, 135, 319, 136, -3, -1, -2.819842099193151, 3.1622776601683795
300, 17, 239, 146, 242, 147, -3, -1, -2.819842099193151, 3.1622776601683795
300, 73, 399, 127, 401, 128, -2, -1, -2.677945044588987, 2.23606797749979
300, 91, 506, 129, 508, 129, -2, 0, 3.141592653589793, 2.0
300, 95, 135, 220, 136, 219, -1, 1, 2.356194490192345, 1.4142135623730951
300, 105, 274, 134, 276, 134, -2, 0, 3.141592653589793, 2.0
300, 109, 570, 156, 571, 155, -1, 1, 2.356194490192345, 1.4142135623730951
300, 112, 171, 186, 173, 186, -2, 0, 3.141592653589793, 2.0
300, 114, 184, 370, 187, 370, -3, 0, 3.141592653589793, 3.0
300, 132, 143, 356, 146, 358, -3, -2, -2.5535900500422257, 3.605551275463989
300, 133, 192, 178, 194, 178, -2, 0, 3.141592653589793, 2.0
300, 136, 264, 151, 266, 151, -2, 0, 3.141592653589793, 2.0
300, 138, 335, 144, 336, 146, -1, -2, -2.0344439357957027, 2.23606797749979
300, 143, 510, 140, 511, 142, -1, -2, -2.0344439357957027, 2.23606797749979
300, 153, 230, 156, 232, 156, -2, 0, 3.141592653589793, 2.0
301, 0, 313, 134, 316, 135, -3, -1, -2.819842099193151, 3.1622776601683795
301, 3, 197, 125, 199, 125, -2, 0, 3.141592653589793, 2.0
301, 13, 237, 146, 239, 146, -2, 0, 3.141592653589793, 2.0
301, 21, 536, 125, 537, 127, -1, -2, -2.0344439357957027, 2.23606797749979
301, 27, 271, 122, 273, 123, -2, -1, -2.677945044588987, 2.23606797749979
301, 50, 344, 128, 347, 129, -3, -1, -2.819842099193151, 3.1622776601683795
301, 52, 518, 116, 519, 119, -1, -3, -1.892546881191539, 3.1622776601683795
301, 53, 396, 125, 399, 127, -3, -2, -2.5535900500422257, 3.605551275463989
301, 68, 505, 127, 506, 129, -1, -2, -2.0344439357957027, 2.23606797749979
301, 79, 270, 133, 274, 134, -4, -1, -2.896613990462929, 4.123105625617661
301, 84, 169, 186, 171, 186, -2, 0, 3.141592653589793, 2.0
301, 85, 181, 370, 184, 370, -3, 0, 3.141592653589793, 3.0
301, 99, 190, 178, 192, 178, -2, 0, 3.141592653589793, 2.0
301, 101, 261, 152, 264, 151, -3, 1, 2.819842099193151, 3.1622776601683795
301, 103, 333, 143, 335, 144, -2, -1, -2.677945044588987, 2.23606797749979
301, 114, 227, 156, 230, 156, -3, 0, 3.141592653589793, 3.0
302, 0, 310, 133, 313, 134, -3, -1, -2.819842099193151, 3.1622776601683795
302, 12, 235, 145, 237, 146, -2, -1, -2.677945044588987, 2.23606797749979
302, 28, 368, 122, 370, 122, -2, 0, 3.141592653589793, 2.0
302, 59, 133, 221, 134, 220, -1, 1, 2.356194490192345, 1.4142135623730951
302, 68, 167, 186, 169, 186, -2, 0, 3.141592653589793, 2.0
302, 69, 178, 369, 181, 370, -3, -1, -2.819842099193151, 3.1622776601683795
302, 81, 187, 178, 190, 178, -3, 0, 3.141592653589793, 3.0
302, 82, 258, 151, 261, 152, -3, -1, -2.819842099193151, 3.1622776601683795
302, 84, 331, 142, 333, 143, -2, -1, -2.677945044588987, 2.23606797749979
302, 93, 225, 156, 227, 156, -2, 0, 3.141592653589793, 2.0
303, 33, 341, 127, 343, 128, -2, -1, -2.677945044588987, 2.23606797749979
303, 35, 393, 125, 395, 125, -2, 0, 3.141592653589793, 2.0
303, 53, 165, 186, 167, 186, -2, 0, 3.141592653589793, 2.0
303, 54, 176, 369, 178, 369, -2, 0, 3.141592653589793, 2.0
303, 64, 254, 151, 258, 151, -4, 0, 3.141592653589793, 4.0
303, 66, 329, 142, 331, 142, -2, 0, 3.141592653589793, 2.0
303, 70, 223, 156, 225, 156, -2, 0, 3.141592653589793, 2.0
304, 0, 307, 133, 309, 133, -2, 0, 3.141592653589793, 2.0
304, 25, 278, 117, 280, 118, -2, -1, -2.677945044588987, 2.23606797749979
304, 42, 131, 222, 132, 221, -1, 1, 2.356194490192345, 1.4142135623730951
304, 44, 151, 193, 152, 192, -1, 1, 2.356194490192345, 1.4142135623730951
304, 48, 173, 369, 176, 369, -3, 0, 3.141592653589793, 3.0
304, 56, 184, 179, 186, 178, -2, 1, 2.677945044588987, 2.23606797749979
304, 57, 252, 151, 254, 151, -2, 0, 3.141592653589793, 2.0
304, 58, 327, 141, 329, 142, -2, -1, -2.677945044588987, 2.23606797749979
304, 59, 497, 136, 498, 135, -1, 1, 2.356194490192345, 1.4142135623730951
304, 62, 221, 156, 223, 156, -2, 0, 3.141592653589793, 2.0
305, 18, 180, 367, 182, 367, -2, 0, 3.141592653589793, 2.0
305, 25, 504, 127, 506, 127, -2, 0, 3.141592653589793, 2.0
305, 30, 366, 124, 368, 124, -2, 0, 3.141592653589793, 2.0
305, 33, 309, 136, 312, 136, -3, 0, 3.141592653589793, 3.0
305, 42, 141, 367, 143, 367, -2, 0, 3.141592653589793, 2.0
305, 58, 343, 129, 345, 129, -2, 0, 3.141592653589793, 2.0
305, 81, 396, 127, 398, 127, -2, 0, 3.141592653589793, 2.0
305, 84, 168, 188, 170, 188, -2, 0, 3.141592653589793, 2.0
305, 104, 138, 353, 141, 355, -3, -2, -2.5535900500422257, 3.605551275463989
305, 126, 188, 182, 190, 181, -2, 1, 2.677945044588987, 2.23606797749979
305, 129, 427, 134, 429, 136, -2, -2, -2.356194490192345, 2.8284271247461903
305, 144, 155, 201, 156, 200, -1, 1, 2.356194490192345, 1.4142135623730951
306, 11, 236, 147, 238, 147, -2, 0, 3.141592653589793, 2.0
306, 16, 178, 366, 180, 367, -2, -1, -2.677945044588987, 2.23606797749979
306, 28, 307, 136, 309, 136, -2, 0, 3.141592653589793, 2.0
306, 56, 133, 223, 134, 222, -1, 1, 2.356194490192345, 1.4142135623730951
306, 67, 394, 127, 396, 127, -2, 0, 3.141592653589793, 2.0
306, 70, 166, 188, 168, 188, -2, 0, 3.141592653589793, 2.0
306, 84, 135, 352, 138, 353, -3, -1, -2.819842099193151, 3.1622776601683795
306, 90, 268, 135, 270, 135, -2, 0, 3.141592653589793, 2.0
306, 96, 226, 157, 228, 157, -2, 0, 3.141592653589793, 2.0
306, 104, 187, 183, 188, 182, -1, 1, 2.356194490192345, 1.4142135623730951
306, 107, 425, 133, 427, 134, -2, -1, -2.677945044588987, 2.23606797749979
307, 11, 234, 147, 236, 147, -2, 0, 3.141592653589793, 2.0
307, 15, 176, 365, 178, 366, -2, -1, -2.677945044588987, 2.23606797749979
307, 25, 305, 136, 307, 136, -2, 0, 3.141592653589793, 2.0
307, 42, 340, 129, 342, 129, -2, 0, 3.141592653589793, 2.0
307, 72, 131, 351, 135, 352, -4, -1, -2.896613990462929, 4.123105625617661
307, 75, 278, 118, 280, 119, -2, -1, -2.677945044588987, 2.23606797749979
307, 82, 224, 157, 226, 157, -2, 0, 3.141592653589793, 2.0
307, 89, 185, 184, 187, 183, -2, 1, 2.677945044588987, 2.23606797749979
307, 92, 423, 132, 425, 133, -2, -1, -2.677945044588987, 2.23606797749979
308, 13, 174, 364, 176, 365, -2, -1, -2.677945044588987, 2.23606797749979
308, 22, 303, 136, 305, 136, -2, 0, 3.141592653589793, 2.0
308, 43, 132, 224, 133, 223, -1, 1, 2.356194490192345, 1.4142135623730951
308, 51, 391, 127, 393, 127, -2, 0, 3.141592653589793, 2.0
308, 54, 163, 187, 165, 188, -2, -1, -2.677945044588987, 2.23606797749979
308, 64, 129, 349, 131, 351, -2, -2, -2.356194490192345, 2.8284271247461903
308, 73, 220, 157, 224, 157, -4, 0, 3.141592653589793, 4.0
308, 80, 183, 185, 185, 184, -2, 1, 2.677945044588987, 2.23606797749979
308, 82, 421, 131, 423, 132, -2, -1, -2.677945044588987, 2.23606797749979
309, 12, 171, 362, 174, 364, -3, -2, -2.5535900500422257, 3.605551275463989
309, 19, 361, 123, 363, 124, -2, -1, -2.677945044588987, 2.23606797749979
309, 21, 300, 135, 303, 136, -3, -1, -2.819842099193151, 3.1622776601683795
309, 34, 337, 129, 339, 129, -2, 0, 3.141592653589793, 2.0
309, 45, 389, 127, 391, 127, -2, 0, 3.141592653589793, 2.0
309, 57, 275, 118, 277, 118, -2, 0, 3.141592653589793, 2.0
309, 62, 218, 157, 220, 157, -2, 0, 3.141592653589793, 2.0
309, 68, 181, 186, 183, 185, -2, 1, 2.677945044588987, 2.23606797749979
309, 70, 419, 130, 421, 131, -2, -1, -2.677945044588987, 2.23606797749979
310, 2, 306, 138, 308, 137, -2, 1, 2.677945044588987, 2.23606797749979
310, 22, 75, 140, 77, 141, -2, -1, -2.677945044588987, 2.23606797749979
310, 40, 125, 329, 126, 331, -1, -2, -2.0344439357957027, 2.23606797749979
310, 41, 174, 368, 177, 369, -3, -1, -2.819842099193151, 3.1622776601683795
310, 49, 367, 120, 369, 120, -2, 0, 3.141592653589793, 2.0
310, 77, 267, 135, 269, 135, -2, 0, 3.141592653589793, 2.0
310, 86, 246, 150, 249, 150, -3, 0, 3.141592653589793, 3.0
310, 93, 340, 128, 342, 128, -2, 0, 3.141592653589793, 2.0
310, 105, 393, 127, 395, 127, -2, 0, 3.141592653589793, 2.0
310, 108, 184, 185, 185, 184, -1, 1, 2.356194490192345, 1.4142135623730951
310, 109, 577, 201, 579, 202, -2, -1, -2.677945044588987, 2.23606797749979
310, 120, 133, 226, 134, 225, -1, 1, 2.356194490192345, 1.4142135623730951
310, 139, 221, 159, 223, 159, -2, 0, 3.141592653589793, 2.0
310, 151, 130, 351, 133, 352, -3, -1, -2.819842099193151, 3.1622776601683795
310, 156, 420, 128, 422, 129, -2, -1, -2.677945044588987, 2.23606797749979
311, 2, 304, 139, 306, 138, -2, 1, 2.677945044588987, 2.23606797749979
311, 33, 233, 147, 235, 147, -2, 0, 3.141592653589793, 2.0
311, 38, 171, 367, 174, 368, -3, -1, -2.819842099193151, 3.1622776601683795
311, 68, 242, 149, 246, 150, -4, -1, -2.896613990462929, 4.123105625617661
311, 83, 391, 127, 393, 127, -2, 0, 3.141592653589793, 2.0
311, 85, 182, 186, 184, 185, -2, 1, 2.677945044588987, 2.23606797749979
311, 104, 219, 159, 221, 159, -2, 0, 3.141592653589793, 2.0
311, 113, 128, 350, 130, 351, -2, -1, -2.677945044588987, 2.23606797749979
311, 117, 418, 127, 420, 128, -2, -1, -2.677945044588987, 2.23606797749979
312, 0, 302, 139, 304, 139, -2, 0, 3.141592653589793, 2.0
312, 32, 168, 366, 171, 367, -3, -1, -2.819842099193151, 3.1622776601683795
312, 48, 265, 136, 266, 135, -1, 1, 2.356194490192345, 1.4142135623730951
312, 50, 140, 199, 142, 200, -2, -1, -2.677945044588987, 2.23606797749979
312, 57, 240, 149, 242, 149, -2, 0, 3.141592653589793, 2.0
312, 72, 180, 187, 182, 186, -2, 1, 2.677945044588987, 2.23606797749979
312, 88, 217, 158, 219, 159, -2, -1, -2.677945044588987, 2.23606797749979
312, 93, 126, 349, 128, 350, -2, -1, -2.677945044588987, 2.23606797749979
312, 96, 416, 126, 418, 127, -2, -1, -2.677945044588987, 2.23606797749979
313, 0, 300, 138, 302, 139, -2, -1, -2.677945044588987, 2.23606797749979
313, 18, 153, 170, 155, 171, -2, -1, -2.677945044588987, 2.23606797749979
313, 26, 165, 365, 168, 366, -3, -1, -2.819842099193151, 3.1622776601683795
313, 46, 238, 149, 240, 149, -2, 0, 3.141592653589793, 2.0
313, 56, 388, 127, 390, 127, -2, 0, 3.141592653589793, 2.0
313, 58, 178, 187, 180, 187, -2, 0, 3.141592653589793, 2.0
313, 72, 215, 158, 217, 158, -2, 0, 3.141592653589793, 2.0
313, 78, 414, 125, 416, 126, -2, -1, -2.677945044588987, 2.23606797749979
314, 20, 229, 147, 231, 147, -2, 0, 3.141592653589793, 2.0
314, 23, 163, 364, 165, 365, -2, -1, -2.677945044588987, 2.23606797749979
314, 39, 237, 150, 238, 149, -1, 1, 2.356194490192345, 1.4142135623730951
314, 41, 335, 128, 337, 128, -2, 0, 3.141592653589793, 2.0
314, 47, 386, 127, 388, 127, -2, 0, 3.141592653589793, 2.0
314, 49, 175, 188, 178, 187, -3, 1, 2.819842099193151, 3.1622776601683795
314, 60, 213, 158, 215, 158, -2, 0, 3.141592653589793, 2.0
314, 66, 103, 286, 102, 287, 1, -1, -0.7853981633974483, 1.4142135623730951
314, 67, 65, 347, 67, 347, -2, 0, 3.141592653589793, 2.0
315, 3, 303, 139, 305, 139, -2, 0, 3.141592653589793, 2.0
315, 18, 233, 149, 235, 149, -2, 0, 3.141592653589793, 2.0
315, 24, 122, 331, 123, 333, -1, -2, -2.0344439357957027, 2.23606797749979
315, 47, 364, 120, 366, 120, -2, 0, 3.141592653589793, 2.0
315, 74, 576, 199, 577, 201, -1, -2, -2.0344439357957027, 2.23606797749979
315, 95, 171, 368, 173, 368, -2, 0, 3.141592653589793, 2.0
315, 112, 124, 351, 126, 352, -2, -1, -2.677945044588987, 2.23606797749979
315, 115, 195, 174, 196, 172, -1, 2, 2.0344439357957027, 2.23606797749979
315, 121, 390, 129, 392, 129, -2, 0, 3.141592653589793, 2.0
315, 142, 180, 189, 182, 188, -2, 1, 2.677945044588987, 2.23606797749979
315, 151, 218, 160, 220, 160, -2, 0, 3.141592653589793, 2.0
315, 159, 228, 165, 230, 165, -2, 0, 3.141592653589793, 2.0
315, 170, 119, 340, 120, 342, -1, -2, -2.0344439357957027, 2.23606797749979
316, 2, 301, 140, 303, 139, -2, 1, 2.677945044588987, 2.23606797749979
316, 12, 231, 149, 233, 149, -2, 0, 3.141592653589793, 2.0
316, 17, 121, 329, 122, 331, -1, -2, -2.0344439357957027, 2.23606797749979
316, 57, 336, 129, 338, 129, -2, 0, 3.141592653589793, 2.0
316, 60, 168, 368, 171, 368, -3, 0, 3.141592653589793, 3.0
316, 73, 122, 350, 124, 351, -2, -1, -2.677945044588987, 2.23606797749979
316, 79, 388, 129, 390, 129, -2, 0, 3.141592653589793, 2.0
316, 93, 178, 189, 180, 189, -2, 0, 3.141592653589793, 2.0
316, 100, 216, 160, 218, 160, -2, 0, 3.141592653589793, 2.0
317, 1, 299, 141, 301, 140, -2, 1, 2.677945044588987, 2.23606797749979
317, 8, 229, 148, 231, 149, -2, -1, -2.677945044588987, 2.23606797749979
317, 12, 120, 327, 121, 329, -1, -2, -2.0344439357957027, 2.23606797749979
317, 16, 140, 365, 139, 366, 1, -1, -0.7853981633974483, 1.4142135623730951
317, 22, 265, 126, 267, 126, -2, 0, 3.141592653589793, 2.0
317, 43, 334, 129, 336, 129, -2, 0, 3.141592653589793, 2.0
317, 46, 165, 368, 168, 368, -3, 0, 3.141592653589793, 3.0
317, 58, 192, 175, 194, 174, -2, 1, 2.677945044588987, 2.23606797749979
317, 61, 386, 129, 388, 129, -2, 0, 3.141592653589793, 2.0
317, 71, 176, 190, 178, 189, -2, 1, 2.677945044588987, 2.23606797749979
317, 76, 214, 160, 216, 160, -2, 0, 3.141592653589793, 2.0
317, 81, 225, 164, 227, 165, -2, -1, -2.677945044588987, 2.23606797749979
318, 0, 297, 141, 299, 141, -2, 0, 3.141592653589793, 2.0
318, 6, 227, 149, 229, 148, -2, 1, 2.677945044588987, 2.23606797749979
318, 10, 118, 326, 120, 327, -2, -1, -2.677945044588987, 2.23606797749979
318, 40, 162, 368, 165, 368, -3, 0, 3.141592653589793, 3.0
318, 61, 174, 191, 176, 190, -2, 1, 2.677945044588987, 2.23606797749979
319, 0, 294, 141, 297, 141, -3, 0, 3.141592653589793, 3.0
319, 34, 160, 368, 162, 368, -2, 0, 3.141592653589793, 2.0
319, 45, 383, 129, 385, 129, -2, 0, 3.141592653589793, 2.0
319, 51, 172, 192, 174, 191, -2, 1, 2.677945044588987, 2.23606797749979
320, 16, 297, 142, 299, 142, -2, 0, 3.141592653589793, 2.0
320, 29, 119, 328, 120, 330, -1, -2, -2.0344439357957027, 2.23606797749979
320, 46, 114, 317, 115, 319, -1, -2, -2.0344439357957027, 2.23606797749979
320, 53, 163, 368, 166, 368, -3, 0, 3.141592653589793, 3.0
320, 70, 227, 153, 228, 152, -1, 1, 2.356194490192345, 1.4142135623730951
320, 83, 334, 131, 336, 131, -2, 0, 3.141592653589793, 2.0
320, 102, 125, 324, 126, 326, -1, -2, -2.0344439357957027, 2.23606797749979
320, 105, 305, 145, 307, 146, -2, -1, -2.677945044588987, 2.23606797749979
320, 124, 263, 138, 265, 138, -2, 0, 3.141592653589793, 2.0
320, 128, 387, 131, 389, 131, -2, 0, 3.141592653589793, 2.0
320, 139, 217, 162, 219, 161, -2, 1, 2.677945044588987, 2.23606797749979
321, 13, 295, 143, 297, 142, -2, 1, 2.677945044588987, 2.23606797749979
321, 23, 118, 326, 119, 328, -1, -2, -2.0344439357957027, 2.23606797749979
321, 40, 161, 368, 163, 368, -2, 0, 3.141592653589793, 2.0
321, 44, 494, 134, 496, 134, -2, 0, 3.141592653589793, 2.0
321, 57, 412, 127, 414, 128, -2, -1, -2.677945044588987, 2.23606797749979
321, 64, 332, 131, 334, 131, -2, 0, 3.141592653589793, 2.0
321, 78, 108, 244, 108, 246, 0, -2, -1.5707963267948966, 2.0
321, 81, 303, 145, 305, 145, -2, 0, 3.141592653589793, 2.0
321, 101, 385, 131, 387, 131, -2, 0, 3.141592653589793, 2.0
322, 13, 292, 143, 295, 143, -3, 0, 3.141592653589793, 3.0
322, 21, 116, 325, 118, 326, -2, -1, -2.677945044588987, 2.23606797749979
322, 34, 158, 367, 161, 368, -3, -1, -2.819842099193151, 3.1622776601683795
322, 46, 224, 154, 226, 153, -2, 1, 2.677945044588987, 2.23606797749979
322, 47, 410, 127, 412, 127, -2, 0, 3.141592653589793, 2.0
322, 51, 330, 131, 332, 131, -2, 0, 3.141592653589793, 2.0
322, 67, 300, 144, 303, 145, -3, -1, -2.819842099193151, 3.1622776601683795
322, 79, 260, 138, 262, 138, -2, 0, 3.141592653589793, 2.0
323, 12, 289, 143, 292, 143, -3, 0, 3.141592653589793, 3.0
323, 20, 114, 324, 116, 325, -2, -1, -2.677945044588987, 2.23606797749979
323, 32, 156, 366, 158, 367, -2, -1, -2.677945044588987, 2.23606797749979
323, 39, 223, 155, 224, 154, -1, 1, 2.356194490192345, 1.4142135623730951
323, 40, 408, 127, 410, 127, -2, 0, 3.141592653589793, 2.0
323, 44, 328, 131, 330, 131, -2, 0, 3.141592653589793, 2.0
323, 56, 297, 144, 300, 144, -3, 0, 3.141592653589793, 3.0
324, 11, 286, 143, 289, 143, -3, 0, 3.141592653589793, 3.0
324, 18, 113, 322, 114, 324, -1, -2, -2.0344439357957027, 2.23606797749979
324, 27, 154, 366, 156, 366, -2, 0, 3.141592653589793, 2.0
324, 32, 221, 154, 223, 155, -2, -1, -2.677945044588987, 2.23606797749979
324, 37, 326, 130, 328, 131, -2, -1, -2.677945044588987, 2.23606797749979
324, 48, 294, 144, 297, 144, -3, 0, 3.141592653589793, 3.0
324, 61, 544, 161, 545, 160, -1, 1, 2.356194490192345, 1.4142135623730951
324, 64, 212, 162, 214, 162, -2, 0, 3.141592653589793, 2.0
325, 6, 292, 145, 295, 145, -3, 0, 3.141592653589793, 3.0
325, 18, 227, 153, 229, 152, -2, 1, 2.677945044588987, 2.23606797749979
325, 20, 197, 156, 199, 156, -2, 0, 3.141592653589793, 2.0
325, 26, 158, 366, 161, 367, -3, -1, -2.819842099193151, 3.1622776601683795
325, 32, 357, 122, 359, 123, -2, -1, -2.677945044588987, 2.23606797749979
325, 49, 260, 142, 262, 142, -2, 0, 3.141592653589793, 2.0
325, 56, 330, 132, 332, 132, -2, 0, 3.141592653589793, 2.0
325, 102, 233, 158, 235, 157, -2, 1, 2.677945044588987, 2.23606797749979
325, 109, 173, 195, 175, 194, -2, 1, 2.677945044588987, 2.23606797749979
325, 113, 213, 162, 215, 162, -2, 0, 3.141592653589793, 2.0
325, 125, 285, 117, 287, 118, -2, -1, -2.677945044588987, 2.23606797749979
325, 128, 383, 130, 385, 131, -2, -1, -2.677945044588987, 2.23606797749979
325, 135, 572, 194, 573, 196, -1, -2, -2.0344439357957027, 2.23606797749979
325, 141, 321, 132, 323, 131, -2, 1, 2.677945044588987, 2.23606797749979
326, 6, 287, 145, 292, 145, -5, 0, 3.141592653589793, 5.0
326, 14, 225, 153, 227, 153, -2, 0, 3.141592653589793, 2.0
326, 20, 154, 366, 158, 366, -4, 0, 3.141592653589793, 4.0
326, 30, 57, 308, 59, 307, -2, 1, 2.677945044588987, 2.23606797749979
326, 35, 258, 142, 260, 142, -2, 0, 3.141592653589793, 2.0
326, 42, 328, 132, 330, 132, -2, 0, 3.141592653589793, 2.0
326, 76, 231, 158, 233, 158, -2, 0, 3.141592653589793, 2.0
326, 82, 171, 197, 173, 195, -2, 2, 2.356194490192345, 2.8284271247461903
326, 85, 211, 162, 213, 162, -2, 0, 3.141592653589793, 2.0
326, 97, 381, 129, 383, 130, -2, -1, -2.677945044588987, 2.23606797749979
326, 99, 438, 110, 440, 111, -2, -1, -2.677945044588987, 2.23606797749979
326, 103, 571, 192, 572, 194, -1, -2, -2.0344439357957027, 2.23606797749979
327, 5, 283, 144, 287, 145, -4, -1, -2.896613990462929, 4.123105625617661
327, 11, 223, 153, 225, 153, -2, 0, 3.141592653589793, 2.0
327, 16, 152, 366, 154, 366, -2, 0, 3.141592653589793, 2.0
327, 34, 326, 132, 328, 132, -2, 0, 3.141592653589793, 2.0
327, 57, 229, 159, 231, 158, -2, 1, 2.677945044588987, 2.23606797749979
327, 65, 209, 162, 211, 162, -2, 0, 3.141592653589793, 2.0
327, 73, 282, 116, 284, 117, -2, -1, -2.677945044588987, 2.23606797749979
327, 75, 379, 129, 381, 129, -2, 0, 3.141592653589793, 2.0
327, 83, 318, 131, 320, 132, -2, -1, -2.677945044588987, 2.23606797749979
327, 91, 306, 147, 308, 147, -2, 0, 3.141592653589793, 2.0
328, 4, 277, 143, 283, 144, -6, -1, -2.976443976175166, 6.082762530298219
328, 10, 221, 153, 223, 153, -2, 0, 3.141592653589793, 2.0
328, 11, 193, 155, 195, 156, -2, -1, -2.677945044588987, 2.23606797749979
328, 13, 149, 365, 152, 366, -3, -1, -2.819842099193151, 3.1622776601683795
328, 25, 255, 142, 257, 142, -2, 0, 3.141592653589793, 2.0
328, 50, 226, 159, 229, 159, -3, 0, 3.141592653589793, 3.0
328, 55, 169, 198, 170, 197, -1, 1, 2.356194490192345, 1.4142135623730951
328, 58, 207, 162, 209, 162, -2, 0, 3.141592653589793, 2.0
328, 72, 316, 131, 318, 131, -2, 0, 3.141592653589793, 2.0
328, 80, 304, 147, 306, 147, -2, 0, 3.141592653589793, 2.0
329, 9, 147, 364, 149, 365, -2, -1, -2.677945044588987, 2.23606797749979
329, 20, 253, 142, 255, 142, -2, 0, 3.141592653589793, 2.0
329, 22, 323, 132, 325, 132, -2, 0, 3.141592653589793, 2.0
329, 40, 225, 160, 226, 159, -1, 1, 2.356194490192345, 1.4142135623730951
329, 44, 168, 199, 169, 198, -1, 1, 2.356194490192345, 1.4142135623730951
329, 57, 314, 131, 316, 131, -2, 0, 3.141592653589793, 2.0
330, 9, 222, 155, 224, 155, -2, 0, 3.141592653589793, 2.0
330, 17, 282, 144, 286, 144, -4, 0, 3.141592653589793, 4.0
330, 60, 151, 365, 153, 366, -2, -1, -2.677945044588987, 2.23606797749979
330, 70, 325, 133, 327, 133, -2, 0, 3.141592653589793, 2.0
330, 72, 72, 284, 74, 284, -2, 0, 3.141592653589793, 2.0
330, 74, 257, 143, 259, 143, -2, 0, 3.141592653589793, 2.0
330, 77, 231, 148, 233, 149, -2, -1, -2.677945044588987, 2.23606797749979
330, 99, 378, 127, 380, 128, -2, -1, -2.677945044588987, 2.23606797749979
330, 116, 172, 199, 173, 198, -1, 1, 2.356194490192345, 1.4142135623730951
330, 127, 114, 310, 115, 312, -1, -2, -2.0344439357957027, 2.23606797749979
331, 8, 220, 156, 222, 155, -2, 1, 2.677945044588987, 2.23606797749979
331, 15, 278, 143, 282, 144, -4, -1, -2.896613990462929, 4.123105625617661
331, 18, 260, 129, 262, 129, -2, 0, 3.141592653589793, 2.0
331, 47, 149, 365, 151, 365, -2, 0, 3.141592653589793, 2.0
331, 57, 112, 186, 110, 186, 2, 0, 0.0, 2.0
331, 58, 255, 143, 257, 143, -2, 0, 3.141592653589793, 2.0
331, 60, 229, 147, 231, 148, -2, -1, -2.677945044588987, 2.23606797749979
331, 73, 376, 126, 378, 127, -2, -1, -2.677945044588987, 2.23606797749979
331, 98, 113, 308, 114, 310, -1, -2, -2.0344439357957027, 2.23606797749979
331, 124, 210, 166, 212, 165, -2, 1, 2.677945044588987, 2.23606797749979
332, 14, 274, 142, 278, 143, -4, -1, -2.896613990462929, 4.123105625617661
332, 39, 147, 365, 149, 365, -2, 0, 3.141592653589793, 2.0
332, 46, 322, 132, 324, 133, -2, -1, -2.677945044588987, 2.23606797749979
332, 51, 227, 146, 229, 147, -2, -1, -2.677945044588987, 2.23606797749979
332, 54, 280, 116, 282, 117, -2, -1, -2.677945044588987, 2.23606797749979
332, 60, 374, 125, 376, 126, -2, -1, -2.677945044588987, 2.23606797749979
332, 73, 170, 200, 171, 199, -1, 1, 2.356194490192345, 1.4142135623730951
333, 6, 216, 157, 219, 156, -3, 1, 2.819842099193151, 3.1622776601683795
333, 10, 302, 115, 304, 116, -2, -1, -2.677945044588987, 2.23606797749979
333, 11, 270, 142, 274, 142, -4, 0, 3.141592653589793, 4.0
333, 36, 320, 132, 322, 132, -2, 0, 3.141592653589793, 2.0
333, 38, 252, 143, 254, 143, -2, 0, 3.141592653589793, 2.0
333, 40, 225, 145, 227, 146, -2, -1, -2.677945044588987, 2.23606797749979
333, 47, 372, 124, 374, 125, -2, -1, -2.677945044588987, 2.23606797749979
333, 68, 109, 219, 111, 219, -2, 0, 3.141592653589793, 2.0
333, 74, 268, 120, 270, 120, -2, 0, 3.141592653589793, 2.0
333, 81, 208, 166, 210, 166, -2, 0, 3.141592653589793, 2.0
334, 4, 213, 158, 216, 157, -3, 1, 2.819842099193151, 3.1622776601683795
334, 7, 268, 141, 270, 142, -2, -1, -2.677945044588987, 2.23606797749979
334, 21, 186, 135, 188, 136, -2, -1, -2.677945044588987, 2.23606797749979
334, 31, 250, 143, 252, 143, -2, 0, 3.141592653589793, 2.0
334, 32, 136, 367, 138, 366, -2, 1, 2.677945044588987, 2.23606797749979
334, 33, 223, 144, 225, 145, -2, -1, -2.677945044588987, 2.23606797749979
334, 35, 370, 123, 372, 124, -2, -1, -2.677945044588987, 2.23606797749979
335, 5, 194, 128, 196, 128, -2, 0, 3.141592653589793, 2.0
335, 10, 400, 110, 402, 110, -2, 0, 3.141592653589793, 2.0
335, 14, 124, 185, 125, 184, -1, 1, 2.356194490192345, 1.4142135623730951
335, 15, 219, 159, 221, 158, -2, 1, 2.677945044588987, 2.23606797749979
335, 23, 302, 116, 304, 116, -2, 0, 3.141592653589793, 2.0
335, 29, 275, 143, 278, 144, -3, -1, -2.819842099193151, 3.1622776601683795
335, 32, 354, 121, 356, 121, -2, 0, 3.141592653589793, 2.0
335, 57, 148, 369, 150, 370, -2, -1, -2.677945044588987, 2.23606797749979
335, 76, 190, 142, 191, 141, -1, 1, 2.356194490192345, 1.4142135623730951
335, 77, 324, 132, 326, 132, -2, 0, 3.141592653589793, 2.0
335, 90, 373, 131, 375, 131, -2, 0, 3.141592653589793, 2.0
335, 102, 112, 307, 113, 309, -1, -2, -2.0344439357957027, 2.23606797749979
335, 117, 254, 144, 256, 144, -2, 0, 3.141592653589793, 2.0
335, 124, 226, 147, 229, 147, -3, 0, 3.141592653589793, 3.0
335, 144, 404, 127, 406, 128, -2, -1, -2.677945044588987, 2.23606797749979
335, 149, 104, 283, 105, 285, -1, -2, -2.0344439357957027, 2.23606797749979
335, 154, 294, 149, 297, 150, -3, -1, -2.819842099193151, 3.1622776601683795
336, 7, 194, 160, 195, 159, -1, 1, 2.356194490192345, 1.4142135623730951
336, 14, 217, 159, 219, 159, -2, 0, 3.141592653589793, 2.0
336, 26, 273, 142, 275, 143, -2, -1, -2.677945044588987, 2.23606797749979
336, 38, 114, 321, 115, 323, -1, -2, -2.0344439357957027, 2.23606797749979
336, 49, 146, 369, 148, 369, -2, 0, 3.141592653589793, 2.0
336, 62, 322, 131, 324, 132, -2, -1, -2.677945044588987, 2.23606797749979
336, 72, 371, 131, 373, 131, -2, 0, 3.141592653589793, 2.0
336, 80, 268, 120, 270, 120, -2, 0, 3.141592653589793, 2.0
336, 95, 224, 146, 226, 147, -2, -1, -2.677945044588987, 2.23606797749979
336, 111, 401, 126, 404, 127, -3, -1, -2.819842099193151, 3.1622776601683795
336, 120, 291, 148, 294, 149, -3, -1, -2.819842099193151, 3.1622776601683795
337, 10, 215, 159, 217, 159, -2, 0, 3.141592653589793, 2.0
337, 12, 57, 310, 56, 311, 1, -1, -0.7853981633974483, 1.4142135623730951
337, 21, 271, 142, 273, 142, -2, 0, 3.141592653589793, 2.0
337, 53, 320, 130, 322, 131, -2, -1, -2.677945044588987, 2.23606797749979
337, 60, 369, 131, 371, 131, -2, 0, 3.141592653589793, 2.0
337, 94, 399, 125, 401, 126, -2, -1, -2.677945044588987, 2.23606797749979
337, 101, 289, 147, 291, 148, -2, -1, -2.677945044588987, 2.23606797749979
338, 8, 214, 160, 215, 159, -1, 1, 2.356194490192345, 1.4142135623730951
338, 40, 164, 200, 166, 200, -2, 0, 3.141592653589793, 2.0
338, 62, 249, 144, 252, 144, -3, 0, 3.141592653589793, 3.0
338, 77, 397, 125, 399, 125, -2, 0, 3.141592653589793, 2.0
339, 38, 317, 130, 319, 130, -2, 0, 3.141592653589793, 2.0
339, 43, 366, 131, 368, 131, -2, 0, 3.141592653589793, 2.0
339, 54, 247, 143, 249, 144, -2, -1, -2.677945044588987, 2.23606797749979
339, 69, 395, 124, 397, 125, -2, -1, -2.677945044588987, 2.23606797749979
339, 74, 584, 154, 583, 155, 1, -1, -0.7853981633974483, 1.4142135623730951
340, 8, 272, 140, 274, 142, -2, -2, -2.356194490192345, 2.8284271247461903
340, 53, 215, 160, 217, 160, -2, 0, 3.141592653589793, 2.0
340, 58, 223, 145, 225, 146, -2, -1, -2.677945044588987, 2.23606797749979
340, 65, 121, 315, 122, 317, -1, -2, -2.0344439357957027, 2.23606797749979
340, 69, 249, 145, 252, 145, -3, 0, 3.141592653589793, 3.0
340, 91, 399, 127, 401, 128, -2, -1, -2.677945044588987, 2.23606797749979
340, 118, 319, 130, 321, 130, -2, 0, 3.141592653589793, 2.0
340, 131, 365, 131, 369, 132, -4, -1, -2.896613990462929, 4.123105625617661
340, 164, 204, 168, 206, 168, -2, 0, 3.141592653589793, 2.0
341, 7, 270, 140, 272, 140, -2, 0, 3.141592653589793, 2.0
341, 48, 247, 144, 249, 145, -2, -1, -2.677945044588987, 2.23606797749979
341, 67, 397, 126, 399, 127, -2, -1, -2.677945044588987, 2.23606797749979
341, 87, 317, 129, 319, 130, -2, -1, -2.677945044588987, 2.23606797749979
341, 123, 203, 169, 204, 168, -1, 1, 2.356194490192345, 1.4142135623730951
342, 32, 211, 160, 214, 160, -3, 0, 3.141592653589793, 3.0
342, 37, 245, 143, 247, 144, -2, -1, -2.677945044588987, 2.23606797749979
342, 53, 395, 125, 397, 126, -2, -1, -2.677945044588987, 2.23606797749979
342, 65, 168, 204, 169, 203, -1, 1, 2.356194490192345, 1.4142135623730951
342, 97, 202, 170, 203, 169, -1, 1, 2.356194490192345, 1.4142135623730951
343, 23, 209, 160, 211, 160, -2, 0, 3.141592653589793, 2.0
343, 26, 243, 143, 245, 143, -2, 0, 3.141592653589793, 2.0
343, 73, 200, 171, 202, 170, -2, 1, 2.677945044588987, 2.23606797749979
344, 10, 569, 154, 571, 155, -2, -1, -2.677945044588987, 2.23606797749979
344, 23, 241, 143, 243, 143, -2, 0, 3.141592653589793, 2.0
344, 39, 166, 205, 167, 204, -1, 1, 2.356194490192345, 1.4142135623730951
344, 61, 574, 161, 575, 163, -1, -2, -2.0344439357957027, 2.23606797749979
344, 62, 197, 172, 200, 171, -3, 1, 2.819842099193151, 3.1622776601683795
345, 62, 316, 132, 318, 132, -2, 0, 3.141592653589793, 2.0
345, 101, 246, 145, 248, 145, -2, 0, 3.141592653589793, 2.0
345, 127, 167, 205, 169, 205, -2, 0, 3.141592653589793, 2.0
345, 152, 364, 132, 366, 132, -2, 0, 3.141592653589793, 2.0
346, 11, 193, 164, 194, 163, -1, 1, 2.356194490192345, 1.4142135623730951
346, 26, 211, 163, 213, 163, -2, 0, 3.141592653589793, 2.0
346, 47, 314, 132, 316, 132, -2, 0, 3.141592653589793, 2.0
346, 72, 244, 145, 246, 145, -2, 0, 3.141592653589793, 2.0
346, 91, 166, 206, 167, 205, -1, 1, 2.356194490192345, 1.4142135623730951
346, 93, 177, 193, 179, 192, -2, 1, 2.677945044588987, 2.23606797749979
346, 110, 362, 132, 364, 132, -2, 0, 3.141592653589793, 2.0
347, 13, 220, 145, 221, 144, -1, 1, 2.356194490192345, 1.4142135623730951
347, 40, 312, 131, 314, 132, -2, -1, -2.677945044588987, 2.23606797749979
347, 60, 242, 145, 244, 145, -2, 0, 3.141592653589793, 2.0
347, 93, 360, 132, 362, 132, -2, 0, 3.141592653589793, 2.0
348, 19, 208, 164, 210, 163, -2, 1, 2.677945044588987, 2.23606797749979
348, 34, 310, 131, 312, 131, -2, 0, 3.141592653589793, 2.0
348, 51, 240, 145, 242, 145, -2, 0, 3.141592653589793, 2.0
348, 66, 164, 207, 165, 206, -1, 1, 2.356194490192345, 1.4142135623730951
348, 67, 174, 194, 176, 193, -2, 1, 2.677945044588987, 2.23606797749979
348, 79, 358, 132, 360, 132, -2, 0, 3.141592653589793, 2.0
349, 37, 238, 145, 240, 145, -2, 0, 3.141592653589793, 2.0
349, 48, 163, 208, 164, 207, -1, 1, 2.356194490192345, 1.4142135623730951
350, 7, 297, 118, 299, 118, -2, 0, 3.141592653589793, 2.0
350, 10, 209, 164, 211, 164, -2, 0, 3.141592653589793, 2.0
350, 15, 265, 139, 267, 140, -2, -1, -2.677945044588987, 2.23606797749979
350, 17, 123, 184, 125, 185, -2, -1, -2.677945044588987, 2.23606797749979
350, 62, 242, 146, 244, 146, -2, 0, 3.141592653589793, 2.0
350, 89, 313, 132, 315, 132, -2, 0, 3.141592653589793, 2.0
350, 131, 196, 177, 198, 176, -2, 1, 2.677945044588987, 2.23606797749979
350, 133, 162, 208, 164, 208, -2, 0, 3.141592653589793, 2.0
350, 143, 361, 132, 363, 132, -2, 0, 3.141592653589793, 2.0
351, 44, 147, 207, 148, 206, -1, 1, 2.356194490192345, 1.4142135623730951
351, 93, 195, 178, 196, 177, -1, 1, 2.356194490192345, 1.4142135623730951
351, 95, 161, 209, 162, 208, -1, 1, 2.356194490192345, 1.4142135623730951
351, 103, 359, 131, 361, 132, -2, -1, -2.677945044588987, 2.23606797749979
352, 5, 206, 164, 208, 164, -2, 0, 3.141592653589793, 2.0
352, 8, 262, 138, 264, 139, -2, -1, -2.677945044588987, 2.23606797749979
352, 33, 583, 162, 583, 164, 0, -2, -1.5707963267948966, 2.0
352, 34, 145, 207, 147, 207, -2, 0, 3.141592653589793, 2.0
352, 49, 310, 132, 312, 132, -2, 0, 3.141592653589793, 2.0
352, 63, 179, 158, 181, 158, -2, 0, 3.141592653589793, 2.0
352, 76, 168, 163, 171, 163, -3, 0, 3.141592653589793, 3.0
352, 77, 160, 210, 161, 209, -1, 1, 2.356194490192345, 1.4142135623730951
352, 84, 357, 130, 359, 131, -2, -1, -2.677945044588987, 2.23606797749979
353, 5, 204, 164, 206, 164, -2, 0, 3.141592653589793, 2.0
353, 7, 259, 138, 262, 138, -3, 0, 3.141592653589793, 3.0
353, 10, 219, 147, 220, 146, -1, 1, 2.356194490192345, 1.4142135623730951
353, 66, 159, 211, 160, 210, -1, 1, 2.356194490192345, 1.4142135623730951
353, 70, 228, 146, 230, 146, -2, 0, 3.141592653589793, 2.0
353, 71, 355, 129, 357, 130, -2, -1, -2.677945044588987, 2.23606797749979
354, 5, 202, 164, 204, 164, -2, 0, 3.141592653589793, 2.0
354, 9, 217, 147, 219, 147, -2, 0, 3.141592653589793, 2.0
354, 16, 189, 165, 191, 165, -2, 0, 3.141592653589793, 2.0
354, 66, 347, 111, 349, 112, -2, -1, -2.677945044588987, 2.23606797749979
355, 11, 172, 145, 174, 146, -2, -1, -2.677945044588987, 2.23606797749979
355, 23, 263, 140, 265, 140, -2, 0, 3.141592653589793, 2.0
355, 54, 162, 211, 163, 210, -1, 1, 2.356194490192345, 1.4142135623730951
355, 102, 356, 133, 358, 134, -2, -1, -2.677945044588987, 2.23606797749979
355, 103, 118, 350, 120, 351, -2, -1, -2.677945044588987, 2.23606797749979
355, 120, 92, 284, 94, 285, -2, -1, -2.677945044588987, 2.23606797749979
355, 123, 118, 319, 121, 320, -3, -1, -2.819842099193151, 3.1622776601683795
355, 132, 193, 179, 195, 178, -2, 1, 2.677945044588987, 2.23606797749979
356, 5, 205, 167, 207, 167, -2, 0, 3.141592653589793, 2.0
356, 6, 404, 111, 406, 111, -2, 0, 3.141592653589793, 2.0
356, 42, 161, 212, 162, 211, -1, 1, 2.356194490192345, 1.4142135623730951
356, 80, 354, 132, 356, 133, -2, -1, -2.677945044588987, 2.23606797749979
356, 104, 192, 180, 193, 179, -1, 1, 2.356194490192345, 1.4142135623730951
356, 124, 170, 198, 172, 198, -2, 0, 3.141592653589793, 2.0
357, 2, 293, 118, 295, 118, -2, 0, 3.141592653589793, 2.0
357, 7, 343, 116, 345, 117, -2, -1, -2.677945044588987, 2.23606797749979
357, 23, 180, 148, 182, 148, -2, 0, 3.141592653589793, 2.0
357, 28, 160, 213, 161, 212, -1, 1, 2.356194490192345, 1.4142135623730951
357, 55, 352, 131, 354, 132, -2, -1, -2.677945044588987, 2.23606797749979
357, 87, 169, 199, 170, 198, -1, 1, 2.356194490192345, 1.4142135623730951
358, 3, 202, 167, 204, 167, -2, 0, 3.141592653589793, 2.0
358, 6, 341, 116, 343, 116, -2, 0, 3.141592653589793, 2.0
358, 24, 158, 213, 160, 213, -2, 0, 3.141592653589793, 2.0
358, 44, 350, 130, 352, 131, -2, -1, -2.677945044588987, 2.23606797749979
358, 60, 189, 181, 191, 180, -2, 1, 2.677945044588987, 2.23606797749979
358, 72, 167, 199, 169, 199, -2, 0, 3.141592653589793, 2.0
359, 2, 290, 118, 292, 118, -2, 0, 3.141592653589793, 2.0
359, 3, 200, 167, 202, 167, -2, 0, 3.141592653589793, 2.0
360, 0, 190, 167, 192, 167, -2, 0, 3.141592653589793, 2.0
360, 49, 575, 177, 575, 179, 0, -2, -1.5707963267948966, 2.0
360, 58, 101, 336, 103, 337, -2, -1, -2.677945044588987, 2.23606797749979
360, 81, 160, 215, 161, 214, -1, 1, 2.356194490192345, 1.4142135623730951
360, 88, 99, 276, 102, 277, -3, -1, -2.819842099193151, 3.1622776601683795
360, 89, 107, 146, 109, 146, -2, 0, 3.141592653589793, 2.0
360, 101, 179, 149, 182, 149, -3, 0, 3.141592653589793, 3.0
360, 102, 566, 185, 567, 188, -1, -3, -1.892546881191539, 3.1622776601683795
360, 108, 129, 173, 131, 174, -2, -1, -2.677945044588987, 2.23606797749979
360, 122, 192, 181, 193, 180, -1, 1, 2.356194490192345, 1.4142135623730951
360, 123, 352, 134, 354, 134, -2, 0, 3.141592653589793, 2.0
361, 31, 200, 172, 202, 172, -2, 0, 3.141592653589793, 2.0
361, 40, 219, 150, 221, 150, -2, 0, 3.141592653589793, 2.0
361, 46, 594, 141, 594, 143, 0, -2, -1.5707963267948966, 2.0
361, 57, 159, 216, 160, 215, -1, 1, 2.356194490192345, 1.4142135623730951
361, 81, 44, 310, 46, 311, -2, -1, -2.677945044588987, 2.23606797749979
361, 85, 191, 182, 192, 181, -1, 1, 2.356194490192345, 1.4142135623730951
361, 86, 349, 133, 352, 134, -3, -1, -2.819842099193151, 3.1622776601683795
362, 12, 340, 117, 342, 117, -2, 0, 3.141592653589793, 2.0
362, 26, 198, 172, 200, 172, -2, 0, 3.141592653589793, 2.0
362, 46, 158, 217, 159, 216, -1, 1, 2.356194490192345, 1.4142135623730951
362, 50, 305, 135, 307, 135, -2, 0, 3.141592653589793, 2.0
362, 69, 347, 133, 349, 133, -2, 0, 3.141592653589793, 2.0
363, 56, 189, 183, 190, 182, -1, 1, 2.356194490192345, 1.4142135623730951
363, 57, 344, 132, 347, 133, -3, -1, -2.819842099193151, 3.1622776601683795
364, 0, 185, 167, 187, 167, -2, 0, 3.141592653589793, 2.0
364, 2, 192, 129, 194, 130, -2, -1, -2.677945044588987, 2.23606797749979
364, 18, 244, 135, 247, 136, -3, -1, -2.819842099193151, 3.1622776601683795
364, 20, 215, 151, 218, 151, -3, 0, 3.141592653589793, 3.0
364, 33, 300, 135, 304, 135, -4, 0, 3.141592653589793, 4.0
364, 46, 187, 184, 189, 183, -2, 1, 2.677945044588987, 2.23606797749979
364, 47, 340, 132, 344, 132, -4, 0, 3.141592653589793, 4.0
365, 100, 304, 135, 306, 135, -2, 0, 3.141592653589793, 2.0
365, 113, 187, 187, 188, 186, -1, 1, 2.356194490192345, 1.4142135623730951
365, 117, 160, 218, 161, 217, -1, 1, 2.356194490192345, 1.4142135623730951
365, 131, 485, 128, 487, 129, -2, -1, -2.677945044588987, 2.23606797749979
365, 145, 345, 134, 348, 134, -3, 0, 3.141592653589793, 3.0
365, 146, 129, 154, 131, 154, -2, 0, 3.141592653589793, 2.0
365, 148, 537, 156, 539, 156, -2, 0, 3.141592653589793, 2.0
365, 167, 479, 132, 481, 133, -2, -1, -2.677945044588987, 2.23606797749979
366, 5, 339, 117, 341, 118, -2, -1, -2.677945044588987, 2.23606797749979
366, 10, 197, 168, 199, 168, -2, 0, 3.141592653589793, 2.0
366, 16, 185, 168, 187, 168, -2, 0, 3.141592653589793, 2.0
366, 42, 119, 189, 120, 188, -1, 1, 2.356194490192345, 1.4142135623730951
366, 106, 342, 133, 345, 134, -3, -1, -2.819842099193151, 3.1622776601683795
367, 7, 194, 168, 197, 168, -3, 0, 3.141592653589793, 3.0
367, 49, 157, 199, 158, 198, -1, 1, 2.356194490192345, 1.4142135623730951
367, 62, 301, 135, 303, 135, -2, 0, 3.141592653589793, 2.0
367, 69, 184, 188, 186, 187, -2, 1, 2.677945044588987, 2.23606797749979
367, 72, 157, 219, 159, 218, -2, 1, 2.677945044588987, 2.23606797749979
367, 87, 339, 132, 342, 133, -3, -1, -2.819842099193151, 3.1622776601683795
367, 99, 476, 131, 478, 132, -2, -1, -2.677945044588987, 2.23606797749979
368, 3, 336, 116, 338, 117, -2, -1, -2.677945044588987, 2.23606797749979
368, 31, 130, 173, 129, 174, 1, -1, -0.7853981633974483, 1.4142135623730951
368, 59, 155, 220, 157, 219, -2, 1, 2.677945044588987, 2.23606797749979
368, 72, 336, 131, 339, 132, -3, -1, -2.819842099193151, 3.1622776601683795
368, 83, 474, 130, 476, 131, -2, -1, -2.677945044588987, 2.23606797749979
369, 6, 191, 167, 193, 168, -2, -1, -2.677945044588987, 2.23606797749979
369, 45, 298, 134, 300, 135, -2, -1, -2.677945044588987, 2.23606797749979
369, 51, 154, 221, 155, 220, -1, 1, 2.356194490192345, 1.4142135623730951
369, 64, 333, 129, 336, 131, -3, -2, -2.5535900500422257, 3.605551275463989
370, 17, 336, 117, 338, 118, -2, -1, -2.677945044588987, 2.23606797749979
370, 26, 77, 263, 77, 265, 0, -2, -1.5707963267948966, 2.0
370, 58, 339, 133, 342, 134, -3, -1, -2.819842099193151, 3.1622776601683795
370, 76, 158, 222, 159, 221, -1, 1, 2.356194490192345, 1.4142135623730951
370, 109, 302, 135, 304, 135, -2, 0, 3.141592653589793, 2.0
370, 113, 217, 158, 218, 157, -1, 1, 2.356194490192345, 1.4142135623730951
370, 124, 557, 181, 558, 183, -1, -2, -2.0344439357957027, 2.23606797749979
370, 137, 385, 124, 387, 125, -2, -1, -2.677945044588987, 2.23606797749979
370, 144, 265, 145, 267, 146, -2, -1, -2.677945044588987, 2.23606797749979
371, 40, 337, 132, 339, 133, -2, -1, -2.677945044588987, 2.23606797749979
371, 56, 157, 223, 158, 222, -1, 1, 2.356194490192345, 1.4142135623730951
371, 86, 216, 159, 217, 158, -1, 1, 2.356194490192345, 1.4142135623730951
371, 104, 383, 123, 385, 124, -2, -1, -2.677945044588987, 2.23606797749979
372, 31, 335, 131, 337, 132, -2, -1, -2.677945044588987, 2.23606797749979
372, 40, 155, 201, 157, 201, -2, 0, 3.141592653589793, 2.0
372, 46, 156, 224, 157, 223, -1, 1, 2.356194490192345, 1.4142135623730951
372, 66, 299, 135, 301, 135, -2, 0, 3.141592653589793, 2.0
372, 69, 215, 160, 216, 159, -1, 1, 2.356194490192345, 1.4142135623730951
372, 81, 118, 221, 120, 221, -2, 0, 3.141592653589793, 2.0
373, 26, 333, 130, 335, 131, -2, -1, -2.677945044588987, 2.23606797749979
373, 40, 155, 225, 156, 224, -1, 1, 2.356194490192345, 1.4142135623730951
373, 58, 213, 161, 215, 160, -2, 1, 2.677945044588987, 2.23606797749979
374, 22, 331, 129, 333, 130, -2, -1, -2.677945044588987, 2.23606797749979
374, 34, 153, 226, 155, 225, -2, 1, 2.677945044588987, 2.23606797749979
374, 45, 113, 298, 112, 299, 1, -1, -0.7853981633974483, 1.4142135623730951
374, 47, 296, 135, 298, 135, -2, 0, 3.141592653589793, 2.0
375, 13, 164, 145, 166, 146, -2, -1, -2.677945044588987, 2.23606797749979
375, 17, 333, 116, 335, 117, -2, -1, -2.677945044588987, 2.23606797749979
375, 59, 155, 226, 157, 225, -2, 1, 2.677945044588987, 2.23606797749979
375, 67, 333, 130, 337, 132, -4, -2, -2.677945044588987, 4.47213595499958
375, 72, 381, 123, 383, 124, -2, -1, -2.677945044588987, 2.23606797749979
375, 152, 269, 147, 271, 148, -2, -1, -2.677945044588987, 2.23606797749979
376, 10, 108, 265, 107, 266, 1, -1, -0.7853981633974483, 1.4142135623730951
376, 33, 599, 257, 600, 259, -1, -2, -2.0344439357957027, 2.23606797749979
376, 45, 153, 227, 155, 226, -2, 1, 2.677945044588987, 2.23606797749979
376, 71, 230, 147, 232, 147, -2, 0, 3.141592653589793, 2.0
376, 106, 298, 136, 300, 136, -2, 0, 3.141592653589793, 2.0
377, 2, 192, 174, 193, 173, -1, 1, 2.356194490192345, 1.4142135623730951
377, 32, 151, 228, 153, 227, -2, 1, 2.677945044588987, 2.23606797749979
377, 35, 244, 140, 245, 139, -1, 1, 2.356194490192345, 1.4142135623730951
377, 36, 330, 128, 332, 130, -2, -2, -2.356194490192345, 2.8284271247461903
377, 39, 378, 122, 380, 123, -2, -1, -2.677945044588987, 2.23606797749979
377, 54, 152, 200, 154, 200, -2, 0, 3.141592653589793, 2.0
377, 76, 296, 136, 298, 136, -2, 0, 3.141592653589793, 2.0
378, 24, 149, 228, 151, 228, -2, 0, 3.141592653589793, 2.0
378, 28, 328, 128, 330, 128, -2, 0, 3.141592653589793, 2.0
378, 30, 376, 122, 378, 122, -2, 0, 3.141592653589793, 2.0
378, 59, 294, 136, 296, 136, -2, 0, 3.141592653589793, 2.0
378, 64, 182, 190, 183, 189, -1, 1, 2.356194490192345, 1.4142135623730951
379, 24, 147, 229, 149, 228, -2, 1, 2.677945044588987, 2.23606797749979
379, 41, 150, 201, 151, 200, -1, 1, 2.356194490192345, 1.4142135623730951
379, 52, 292, 136, 294, 136, -2, 0, 3.141592653589793, 2.0
380, 28, 599, 267, 601, 268, -2, -1, -2.677945044588987, 2.23606797749979
380, 59, 377, 122, 379, 123, -2, -1, -2.677945044588987, 2.23606797749979
380, 111, 404, 113, 406, 114, -2, -1, -2.677945044588987, 2.23606797749979
380, 113, 139, 219, 141, 219, -2, 0, 3.141592653589793, 2.0
380, 116, 152, 229, 154, 228, -2, 1, 2.677945044588987, 2.23606797749979
380, 128, 217, 160, 219, 160, -2, 0, 3.141592653589793, 2.0
380, 131, 295, 137, 297, 137, -2, 0, 3.141592653589793, 2.0
381, 16, 63, 137, 62, 136, 1, 1, 0.7853981633974483, 1.4142135623730951
381, 81, 183, 192, 184, 191, -1, 1, 2.356194490192345, 1.4142135623730951
381, 89, 150, 230, 152, 229, -2, 1, 2.677945044588987, 2.23606797749979
381, 98, 215, 160, 217, 160, -2, 0, 3.141592653589793, 2.0
381, 101, 293, 137, 295, 137, -2, 0, 3.141592653589793, 2.0
382, 34, 243, 140, 244, 139, -1, 1, 2.356194490192345, 1.4142135623730951
382, 68, 148, 231, 150, 230, -2, 1, 2.677945044588987, 2.23606797749979
382, 73, 212, 159, 215, 160, -3, -1, -2.819842099193151, 3.1622776601683795
383, 12, 61, 136, 63, 137, -2, -1, -2.677945044588987, 2.23606797749979
383, 58, 146, 232, 148, 231, -2, 1, 2.677945044588987, 2.23606797749979
383, 62, 210, 159, 212, 159, -2, 0, 3.141592653589793, 2.0
384, 51, 144, 233, 146, 232, -2, 1, 2.677945044588987, 2.23606797749979
384, 53, 208, 160, 210, 159, -2, 1, 2.677945044588987, 2.23606797749979
384, 63, 387, 118, 389, 118, -2, 0, 3.141592653589793, 2.0
385, 6, 285, 115, 287, 116, -2, -1, -2.677945044588987, 2.23606797749979
385, 70, 100, 165, 99, 166, 1, -1, -0.7853981633974483, 1.4142135623730951
385, 86, 154, 207, 155, 206, -1, 1, 2.356194490192345, 1.4142135623730951
385, 88, 171, 150, 173, 151, -2, -1, -2.677945044588987, 2.23606797749979
385, 91, 148, 232, 150, 231, -2, 1, 2.677945044588987, 2.23606797749979
385, 95, 228, 150, 229, 149, -1, 1, 2.356194490192345, 1.4142135623730951
385, 117, 400, 117, 402, 118, -2, -1, -2.677945044588987, 2.23606797749979
385, 123, 375, 121, 377, 122, -2, -1, -2.677945044588987, 2.23606797749979
385, 126, 389, 119, 391, 119, -2, 0, 3.141592653589793, 2.0
385, 135, 116, 293, 116, 295, 0, -2, -1.5707963267948966, 2.0
385, 144, 203, 164, 205, 164, -2, 0, 3.141592653589793, 2.0
385, 154, 252, 166, 253, 165, -1, 1, 2.356194490192345, 1.4142135623730951
385, 156, 163, 204, 165, 204, -2, 0, 3.141592653589793, 2.0
385, 163, 121, 302, 122, 304, -1, -2, -2.0344439357957027, 2.23606797749979
386, 72, 146, 233, 148, 232, -2, 1, 2.677945044588987, 2.23606797749979
386, 86, 240, 142, 242, 142, -2, 0, 3.141592653589793, 2.0
386, 94, 373, 120, 375, 121, -2, -1, -2.677945044588987, 2.23606797749979
386, 125, 120, 300, 121, 302, -1, -2, -2.0344439357957027, 2.23606797749979
387, 18, 251, 142, 253, 142, -2, 0, 3.141592653589793, 2.0
387, 54, 145, 234, 146, 233, -1, 1, 2.356194490192345, 1.4142135623730951
387, 91, 161, 203, 163, 203, -2, 0, 3.141592653589793, 2.0
388, 43, 143, 235, 145, 234, -2, 1, 2.677945044588987, 2.23606797749979
388, 68, 248, 166, 250, 166, -2, 0, 3.141592653589793, 2.0
389, 12, 156, 145, 158, 145, -2, 0, 3.141592653589793, 2.0
389, 35, 141, 236, 143, 235, -2, 1, 2.677945044588987, 2.23606797749979
389, 46, 236, 142, 238, 142, -2, 0, 3.141592653589793, 2.0
390, 65, 238, 145, 240, 145, -2, 0, 3.141592653589793, 2.0
390, 80, 599, 215, 601, 217, -2, -2, -2.356194490192345, 2.8284271247461903
390, 90, 69, 285, 71, 285, -2, 0, 3.141592653589793, 2.0
390, 92, 144, 235, 146, 235, -2, 0, 3.141592653589793, 2.0
390, 116, 386, 119, 388, 119, -2, 0, 3.141592653589793, 2.0
390, 128, 592, 227, 593, 229, -1, -2, -2.0344439357957027, 2.23606797749979
390, 138, 200, 164, 202, 164, -2, 0, 3.141592653589793, 2.0
390, 139, 372, 120, 374, 121, -2, -1, -2.677945044588987, 2.23606797749979
390, 140, 398, 119, 400, 119, -2, 0, 3.141592653589793, 2.0
390, 142, 549, 172, 550, 174, -1, -2, -2.0344439357957027, 2.23606797749979
391, 8, 157, 145, 159, 144, -2, 1, 2.677945044588987, 2.23606797749979
391, 19, 185, 143, 186, 142, -1, 1, 2.356194490192345, 1.4142135623730951
391, 49, 324, 129, 326, 129, -2, 0, 3.141592653589793, 2.0
391, 65, 84, 343, 86, 342, -2, 1, 2.677945044588987, 2.23606797749979
391, 66, 142, 236, 144, 235, -2, 1, 2.677945044588987, 2.23606797749979
391, 75, 180, 195, 181, 194, -1, 1, 2.356194490192345, 1.4142135623730951
391, 92, 591, 225, 592, 227, -1, -2, -2.0344439357957027, 2.23606797749979
391, 99, 198, 164, 200, 164, -2, 0, 3.141592653589793, 2.0
391, 100, 396, 118, 398, 119, -2, -1, -2.677945044588987, 2.23606797749979
391, 102, 548, 170, 549, 172, -1, -2, -2.0344439357957027, 2.23606797749979
391, 103, 133, 185, 134, 184, -1, 1, 2.356194490192345, 1.4142135623730951
392, 6, 250, 143, 252, 143, -2, 0, 3.141592653589793, 2.0
392, 34, 235, 145, 237, 145, -2, 0, 3.141592653589793, 2.0
392, 43, 223, 152, 225, 152, -2, 0, 3.141592653589793, 2.0
392, 51, 140, 237, 142, 236, -2, 1, 2.677945044588987, 2.23606797749979
392, 81, 196, 164, 198, 164, -2, 0, 3.141592653589793, 2.0
393, 27, 233, 145, 235, 145, -2, 0, 3.141592653589793, 2.0
393, 41, 137, 239, 140, 237, -3, 2, 2.5535900500422257, 3.605551275463989
393, 42, 114, 194, 116, 194, -2, 0, 3.141592653589793, 2.0
394, 23, 231, 145, 233, 145, -2, 0, 3.141592653589793, 2.0
394, 24, 320, 129, 322, 129, -2, 0, 3.141592653589793, 2.0
394, 33, 135, 240, 137, 239, -2, 1, 2.677945044588987, 2.23606797749979
395, 1, 250, 144, 252, 144, -2, 0, 3.141592653589793, 2.0
395, 37, 132, 138, 134, 138, -2, 0, 3.141592653589793, 2.0
395, 94, 138, 240, 140, 239, -2, 1, 2.677945044588987, 2.23606797749979
395, 96, 322, 130, 324, 130, -2, 0, 3.141592653589793, 2.0
395, 110, 235, 146, 237, 146, -2, 0, 3.141592653589793, 2.0
395, 151, 588, 226, 589, 228, -1, -2, -2.0344439357957027, 2.23606797749979
395, 158, 55, 145, 56, 147, -1, -2, -2.0344439357957027, 2.23606797749979
396, 17, 135, 206, 136, 205, -1, 1, 2.356194490192345, 1.4142135623730951
396, 29, 603, 257, 604, 259, -1, -2, -2.0344439357957027, 2.23606797749979
396, 37, 572, 149, 572, 151, 0, -2, -1.5707963267948966, 2.0
396, 64, 136, 241, 138, 240, -2, 1, 2.677945044588987, 2.23606797749979
396, 65, 320, 130, 322, 130, -2, 0, 3.141592653589793, 2.0
396, 68, 319, 121, 321, 122, -2, -1, -2.677945044588987, 2.23606797749979
396, 77, 233, 146, 235, 146, -2, 0, 3.141592653589793, 2.0
396, 84, 222, 154, 224, 154, -2, 0, 3.141592653589793, 2.0
396, 86, 126, 236, 128, 236, -2, 0, 3.141592653589793, 2.0
396, 109, 587, 223, 588, 226, -1, -3, -1.892546881191539, 3.1622776601683795
396, 116, 157, 204, 159, 204, -2, 0, 3.141592653589793, 2.0
397, 1, 247, 144, 249, 144, -2, 0, 3.141592653589793, 2.0
397, 48, 135, 242, 136, 241, -1, 1, 2.356194490192345, 1.4142135623730951
397, 49, 318, 130, 320, 130, -2, 0, 3.141592653589793, 2.0
397, 58, 231, 146, 233, 146, -2, 0, 3.141592653589793, 2.0
397, 65, 221, 155, 222, 154, -1, 1, 2.356194490192345, 1.4142135623730951
397, 82, 586, 221, 587, 223, -1, -2, -2.0344439357957027, 2.23606797749979
397, 88, 155, 204, 157, 204, -2, 0, 3.141592653589793, 2.0
398, 1, 245, 144, 247, 144, -2, 0, 3.141592653589793, 2.0
398, 41, 316, 130, 318, 130, -2, 0, 3.141592653589793, 2.0
398, 46, 229, 146, 231, 146, -2, 0, 3.141592653589793, 2.0
398, 53, 219, 155, 221, 155, -2, 0, 3.141592653589793, 2.0
398, 66, 586, 219, 586, 221, 0, -2, -1.5707963267948966, 2.0
398, 70, 324, 125, 326, 125, -2, 0, 3.141592653589793, 2.0
399, 1, 243, 144, 245, 144, -2, 0, 3.141592653589793, 2.0
399, 36, 132, 243, 134, 242, -2, 1, 2.677945044588987, 2.23606797749979
399, 37, 314, 130, 316, 130, -2, 0, 3.141592653589793, 2.0
399, 41, 227, 146, 229, 146, -2, 0, 3.141592653589793, 2.0
399, 62, 322, 125, 324, 125, -2, 0, 3.141592653589793, 2.0
400, 27, 579, 166, 580, 168, -1, -2, -2.0344439357957027, 2.23606797749979
400, 40, 148, 214, 149, 213, -1, 1, 2.356194490192345, 1.4142135623730951
400, 78, 318, 128, 320, 128, -2, 0, 3.141592653589793, 2.0
400, 80, 138, 243, 139, 242, -1, 1, 2.356194490192345, 1.4142135623730951
400, 119, 229, 147, 232, 147, -3, 0, 3.141592653589793, 3.0
400, 128, 586, 219, 587, 221, -1, -2, -2.0344439357957027, 2.23606797749979
400, 132, 365, 123, 367, 123, -2, 0, 3.141592653589793, 2.0
400, 141, 157, 204, 159, 204, -2, 0, 3.141592653589793, 2.0
401, 11, 246, 145, 249, 146, -3, -1, -2.819842099193151, 3.1622776601683795
401, 55, 219, 155, 221, 155, -2, 0, 3.141592653589793, 2.0
401, 58, 137, 244, 138, 243, -1, 1, 2.356194490192345, 1.4142135623730951
401, 59, 287, 142, 289, 142, -2, 0, 3.141592653589793, 2.0
401, 81, 121, 106, 123, 106, -2, 0, 3.141592653589793, 2.0
401, 87, 226, 147, 229, 147, -3, 0, 3.141592653589793, 3.0
401, 94, 585, 217, 586, 219, -1, -2, -2.0344439357957027, 2.23606797749979
401, 95, 584, 311, 584, 313, 0, -2, -1.5707963267948966, 2.0
401, 98, 363, 122, 365, 123, -2, -1, -2.677945044588987, 2.23606797749979
402, 10, 244, 146, 246, 145, -2, 1, 2.677945044588987, 2.23606797749979
402, 48, 217, 155, 219, 155, -2, 0, 3.141592653589793, 2.0
402, 51, 136, 245, 137, 244, -1, 1, 2.356194490192345, 1.4142135623730951
402, 52, 285, 141, 287, 142, -2, -1, -2.677945044588987, 2.23606797749979
402, 76, 224, 146, 226, 147, -2, -1, -2.677945044588987, 2.23606797749979
402, 81, 584, 215, 585, 217, -1, -2, -2.0344439357957027, 2.23606797749979
402, 82, 584, 309, 584, 311, 0, -2, -1.5707963267948966, 2.0
403, 2, 179, 176, 180, 174, -1, 2, 2.0344439357957027, 2.23606797749979
403, 10, 242, 146, 244, 146, -2, 0, 3.141592653589793, 2.0
403, 40, 215, 156, 217, 155, -2, 1, 2.677945044588987, 2.23606797749979
403, 41, 314, 128, 316, 128, -2, 0, 3.141592653589793, 2.0
403, 43, 135, 246, 136, 245, -1, 1, 2.356194490192345, 1.4142135623730951
403, 64, 222, 145, 224, 146, -2, -1, -2.677945044588987, 2.23606797749979
403, 69, 582, 213, 584, 215, -2, -2, -2.356194490192345, 2.8284271247461903
403, 72, 360, 121, 362, 122, -2, -1, -2.677945044588987, 2.23606797749979
404, 9, 240, 146, 242, 146, -2, 0, 3.141592653589793, 2.0
404, 34, 213, 157, 215, 156, -2, 1, 2.677945044588987, 2.23606797749979
404, 35, 312, 127, 314, 128, -2, -1, -2.677945044588987, 2.23606797749979
404, 38, 282, 141, 284, 141, -2, 0, 3.141592653589793, 2.0
404, 56, 219, 144, 222, 145, -3, -1, -2.819842099193151, 3.1622776601683795
404, 60, 585, 306, 584, 308, 1, -2, -1.1071487177940904, 2.23606797749979
404, 62, 358, 121, 360, 121, -2, 0, 3.141592653589793, 2.0
405, 40, 242, 148, 244, 148, -2, 0, 3.141592653589793, 2.0
405, 89, 314, 132, 316, 132, -2, 0, 3.141592653589793, 2.0
405, 100, 224, 148, 227, 148, -3, 0, 3.141592653589793, 3.0
405, 105, 216, 157, 218, 157, -2, 0, 3.141592653589793, 2.0
405, 111, 285, 143, 287, 143, -2, 0, 3.141592653589793, 2.0
405, 150, 302, 134, 304, 134, -2, 0, 3.141592653589793, 2.0
405, 154, 576, 216, 577, 218, -1, -2, -2.0344439357957027, 2.23606797749979
405, 157, 290, 133, 292, 133, -2, 0, 3.141592653589793, 2.0
405, 166, 390, 120, 392, 120, -2, 0, 3.141592653589793, 2.0
406, 34, 240, 148, 242, 148, -2, 0, 3.141592653589793, 2.0
406, 73, 312, 132, 314, 132, -2, 0, 3.141592653589793, 2.0
406, 81, 222, 147, 224, 148, -2, -1, -2.677945044588987, 2.23606797749979
406, 86, 214, 157, 216, 157, -2, 0, 3.141592653589793, 2.0
406, 89, 283, 143, 285, 143, -2, 0, 3.141592653589793, 2.0
406, 90, 362, 122, 364, 122, -2, 0, 3.141592653589793, 2.0
406, 126, 575, 214, 576, 216, -1, -2, -2.0344439357957027, 2.23606797749979
407, 30, 237, 148, 240, 148, -3, 0, 3.141592653589793, 3.0
407, 63, 310, 132, 312, 132, -2, 0, 3.141592653589793, 2.0
407, 69, 220, 146, 222, 147, -2, -1, -2.677945044588987, 2.23606797749979
407, 76, 281, 143, 283, 143, -2, 0, 3.141592653589793, 2.0
407, 105, 575, 212, 575, 214, 0, -2, -1.5707963267948966, 2.0
407, 107, 287, 133, 289, 133, -2, 0, 3.141592653589793, 2.0
408, 24, 235, 148, 237, 148, -2, 0, 3.141592653589793, 2.0
408, 54, 308, 131, 310, 132, -2, -1, -2.677945044588987, 2.23606797749979
408, 61, 211, 157, 213, 157, -2, 0, 3.141592653589793, 2.0
408, 63, 279, 143, 281, 143, -2, 0, 3.141592653589793, 2.0
408, 88, 575, 208, 575, 212, 0, -4, -1.5707963267948966, 4.0
409, 3, 190, 177, 192, 177, -2, 0, 3.141592653589793, 2.0
409, 20, 108, 218, 111, 219, -3, -1, -2.819842099193151, 3.1622776601683795
409, 22, 134, 188, 135, 187, -1, 1, 2.356194490192345, 1.4142135623730951
409, 24, 232, 148, 235, 148, -3, 0, 3.141592653589793, 3.0
409, 47, 306, 131, 308, 131, -2, 0, 3.141592653589793, 2.0
409, 54, 209, 157, 211, 157, -2, 0, 3.141592653589793, 2.0
409, 56, 277, 143, 279, 143, -2, 0, 3.141592653589793, 2.0
409, 79, 577, 205, 575, 208, 2, -3, -0.982793723247329, 3.605551275463989
409, 81, 285, 133, 287, 133, -2, 0, 3.141592653589793, 2.0
410, 40, 237, 151, 240, 151, -3, 0, 3.141592653589793, 3.0
410, 108, 220, 146, 223, 147, -3, -1, -2.819842099193151, 3.1622776601683795
410, 112, 282, 143, 284, 144, -2, -1, -2.677945044588987, 2.23606797749979
410, 123, 213, 161, 215, 161, -2, 0, 3.141592653589793, 2.0
410, 134, 310, 131, 312, 132, -2, -1, -2.677945044588987, 2.23606797749979
410, 136, 582, 212, 584, 214, -2, -2, -2.356194490192345, 2.8284271247461903
410, 171, 506, 146, 507, 148, -1, -2, -2.0344439357957027, 2.23606797749979
410, 172, 457, 128, 459, 130, -2, -2, -2.356194490192345, 2.8284271247461903
411, 31, 234, 150, 237, 151, -3, -1, -2.819842099193151, 3.1622776601683795
411, 85, 218, 145, 220, 146, -2, -1, -2.677945044588987, 2.23606797749979
411, 87, 278, 141, 282, 143, -4, -2, -2.677945044588987, 4.47213595499958
411, 96, 209, 161, 213, 161, -4, 0, 3.141592653589793, 4.0
411, 107, 581, 209, 582, 212, -1, -3, -1.892546881191539, 3.1622776601683795
411, 133, 505, 144, 506, 146, -1, -2, -2.0344439357957027, 2.23606797749979
412, 14, 319, 117, 321, 118, -2, -1, -2.677945044588987, 2.23606797749979
412, 26, 232, 150, 234, 150, -2, 0, 3.141592653589793, 2.0
412, 40, 579, 159, 580, 161, -1, -2, -2.0344439357957027, 2.23606797749979
412, 68, 172, 165, 175, 165, -3, 0, 3.141592653589793, 3.0
412, 72, 216, 144, 218, 145, -2, -1, -2.677945044588987, 2.23606797749979
412, 73, 570, 162, 570, 164, 0, -2, -1.5707963267948966, 2.0
412, 74, 276, 140, 278, 141, -2, -1, -2.677945044588987, 2.23606797749979
412, 83, 207, 161, 209, 161, -2, 0, 3.141592653589793, 2.0
412, 84, 133, 230, 135, 229, -2, 1, 2.677945044588987, 2.23606797749979
412, 92, 580, 207, 581, 209, -1, -2, -2.0344439357957027, 2.23606797749979
412, 101, 587, 309, 587, 311, 0, -2, -1.5707963267948966, 2.0
412, 116, 504, 142, 505, 144, -1, -2, -2.0344439357957027, 2.23606797749979
413, 25, 229, 149, 232, 150, -3, -1, -2.819842099193151, 3.1622776601683795
413, 68, 214, 143, 216, 144, -2, -1, -2.677945044588987, 2.23606797749979
413, 70, 274, 139, 276, 140, -2, -1, -2.677945044588987, 2.23606797749979
413, 83, 306, 130, 308, 131, -2, -1, -2.677945044588987, 2.23606797749979
413, 85, 578, 206, 580, 207, -2, -1, -2.677945044588987, 2.23606797749979
413, 91, 587, 307, 587, 309, 0, -2, -1.5707963267948966, 2.0
413, 104, 503, 140, 504, 142, -1, -2, -2.0344439357957027, 2.23606797749979
414, 23, 227, 148, 229, 149, -2, -1, -2.677945044588987, 2.23606797749979
414, 71, 576, 205, 578, 206, -2, -1, -2.677945044588987, 2.23606797749979
414, 87, 502, 138, 503, 140, -1, -2, -2.0344439357957027, 2.23606797749979
415, 0, 60, 335, 62, 335, -2, 0, 3.141592653589793, 2.0
415, 2, 137, 360, 139, 361, -2, -1, -2.677945044588987, 2.23606797749979
415, 14, 182, 174, 184, 175, -2, -1, -2.677945044588987, 2.23606797749979
415, 16, 228, 148, 231, 149, -3, -1, -2.819842099193151, 3.1622776601683795
415, 46, 217, 144, 219, 145, -2, -1, -2.677945044588987, 2.23606797749979
415, 59, 601, 264, 600, 265, 1, -1, -0.7853981633974483, 1.4142135623730951
415, 67, 68, 343, 70, 343, -2, 0, 3.141592653589793, 2.0
415, 75, 583, 205, 584, 208, -1, -3, -1.892546881191539, 3.1622776601683795
415, 91, 209, 162, 211, 162, -2, 0, 3.141592653589793, 2.0
415, 110, 114, 152, 116, 152, -2, 0, 3.141592653589793, 2.0
415, 121, 276, 143, 278, 143, -2, 0, 3.141592653589793, 2.0
415, 128, 307, 133, 309, 133, -2, 0, 3.141592653589793, 2.0
415, 129, 70, 213, 72, 215, -2, -2, -2.356194490192345, 2.8284271247461903
415, 134, 115, 312, 118, 313, -3, -1, -2.819842099193151, 3.1622776601683795
415, 136, 100, 172, 99, 173, 1, -1, -0.7853981633974483, 1.4142135623730951
415, 143, 173, 208, 176, 208, -3, 0, 3.141592653589793, 3.0
415, 151, 151, 209, 153, 208, -2, 1, 2.677945044588987, 2.23606797749979
415, 155, 283, 139, 285, 140, -2, -1, -2.677945044588987, 2.23606797749979
416, 11, 226, 148, 228, 148, -2, 0, 3.141592653589793, 2.0
416, 29, 317, 123, 319, 123, -2, 0, 3.141592653589793, 2.0
416, 61, 582, 203, 583, 205, -1, -2, -2.0344439357957027, 2.23606797749979
416, 74, 207, 162, 209, 162, -2, 0, 3.141592653589793, 2.0
416, 99, 274, 142, 276, 143, -2, -1, -2.677945044588987, 2.23606797749979
416, 117, 171, 208, 173, 208, -2, 0, 3.141592653589793, 2.0
416, 127, 281, 139, 283, 139, -2, 0, 3.141592653589793, 2.0
417, 8, 224, 147, 226, 148, -2, -1, -2.677945044588987, 2.23606797749979
417, 47, 581, 200, 582, 203, -1, -3, -1.892546881191539, 3.1622776601683795
417, 58, 206, 163, 207, 162, -1, 1, 2.356194490192345, 1.4142135623730951
417, 76, 272, 142, 274, 142, -2, 0, 3.141592653589793, 2.0
417, 90, 169, 208, 171, 208, -2, 0, 3.141592653589793, 2.0
417, 99, 279, 139, 281, 139, -2, 0, 3.141592653589793, 2.0
418, 7, 222, 146, 224, 147, -2, -1, -2.677945044588987, 2.23606797749979
418, 39, 580, 197, 581, 200, -1, -3, -1.892546881191539, 3.1622776601683795
418, 49, 204, 163, 206, 163, -2, 0, 3.141592653589793, 2.0
418, 54, 171, 165, 172, 164, -1, 1, 2.356194490192345, 1.4142135623730951
418, 64, 270, 142, 272, 142, -2, 0, 3.141592653589793, 2.0
418, 75, 167, 207, 169, 208, -2, -1, -2.677945044588987, 2.23606797749979
418, 82, 277, 139, 279, 139, -2, 0, 3.141592653589793, 2.0
419, 13, 313, 123, 315, 123, -2, 0, 3.141592653589793, 2.0
419, 51, 268, 141, 270, 142, -2, -1, -2.677945044588987, 2.23606797749979
420, 33, 226, 150, 228, 151, -2, -1, -2.677945044588987, 2.23606797749979
420, 40, 97, 242, 98, 241, -1, 1, 2.356194490192345, 1.4142135623730951
420, 45, 97, 234, 98, 233, -1, 1, 2.356194490192345, 1.4142135623730951
420, 46, 139, 356, 141, 357, -2, -1, -2.677945044588987, 2.23606797749979
420, 49, 566, 175, 567, 177, -1, -2, -2.0344439357957027, 2.23606797749979
420, 58, 124, 176, 126, 176, -2, 0, 3.141592653589793, 2.0
420, 87, 204, 164, 206, 164, -2, 0, 3.141592653589793, 2.0
420, 91, 271, 143, 273, 144, -2, -1, -2.677945044588987, 2.23606797749979
420, 106, 355, 120, 357, 120, -2, 0, 3.141592653589793, 2.0
420, 114, 596, 308, 595, 309, 1, -1, -0.7853981633974483, 1.4142135623730951
420, 125, 92, 274, 94, 274, -2, 0, 3.141592653589793, 2.0
420, 138, 576, 199, 577, 202, -1, -3, -1.892546881191539, 3.1622776601683795
420, 155, 368, 121, 370, 122, -2, -1, -2.677945044588987, 2.23606797749979
421, 26, 224, 148, 226, 150, -2, -2, -2.356194490192345, 2.8284271247461903
421, 53, 315, 118, 317, 119, -2, -1, -2.677945044588987, 2.23606797749979
421, 68, 269, 143, 271, 143, -2, 0, 3.141592653589793, 2.0
421, 80, 353, 119, 355, 120, -2, -1, -2.677945044588987, 2.23606797749979
421, 105, 575, 197, 576, 199, -1, -2, -2.0344439357957027, 2.23606797749979
421, 120, 366, 120, 368, 121, -2, -1, -2.677945044588987, 2.23606797749979
421, 128, 242, 155, 246, 154, -4, 1, 2.896613990462929, 4.123105625617661
422, 23, 222, 148, 224, 148, -2, 0, 3.141592653589793, 2.0
422, 55, 202, 164, 204, 164, -2, 0, 3.141592653589793, 2.0
422, 57, 266, 142, 269, 143, -3, -1, -2.819842099193151, 3.1622776601683795
422, 69, 351, 118, 353, 119, -2, -1, -2.677945044588987, 2.23606797749979
422, 90, 574, 194, 575, 197, -1, -3, -1.892546881191539, 3.1622776601683795
422, 107, 240, 155, 242, 155, -2, 0, 3.141592653589793, 2.0
422, 109, 110, 337, 110, 339, 0, -2, -1.5707963267948966, 2.0
423, 22, 220, 147, 222, 148, -2, -1, -2.677945044588987, 2.23606797749979
423, 35, 187, 181, 189, 181, -2, 0, 3.141592653589793, 2.0
423, 40, 138, 364, 137, 365, 1, -1, -0.7853981633974483, 1.4142135623730951
423, 53, 264, 141, 266, 142, -2, -1, -2.677945044588987, 2.23606797749979
423, 78, 573, 192, 574, 194, -1, -2, -2.0344439357957027, 2.23606797749979
423, 92, 238, 156, 240, 155, -2, 1, 2.677945044588987, 2.23606797749979
424, 42, 199, 164, 201, 164, -2, 0, 3.141592653589793, 2.0
425, 0, 178, 142, 179, 144, -1, -2, -2.0344439357957027, 2.23606797749979
425, 2, 188, 183, 190, 183, -2, 0, 3.141592653589793, 2.0
425, 37, 134, 357, 136, 358, -2, -1, -2.677945044588987, 2.23606797749979
425, 61, 202, 167, 204, 167, -2, 0, 3.141592653589793, 2.0
425, 109, 352, 120, 354, 121, -2, -1, -2.677945044588987, 2.23606797749979
425, 131, 267, 143, 269, 144, -2, -1, -2.677945044588987, 2.23606797749979
425, 141, 475, 125, 477, 126, -2, -1, -2.677945044588987, 2.23606797749979
425, 163, 259, 152, 261, 151, -2, 1, 2.677945044588987, 2.23606797749979
425, 164, 576, 196, 577, 198, -1, -2, -2.0344439357957027, 2.23606797749979
426, 29, 131, 355, 134, 357, -3, -2, -2.5535900500422257, 3.605551275463989
426, 51, 200, 167, 202, 167, -2, 0, 3.141592653589793, 2.0
426, 53, 187, 168, 189, 168, -2, 0, 3.141592653589793, 2.0
426, 79, 594, 258, 595, 260, -1, -2, -2.0344439357957027, 2.23606797749979
426, 91, 350, 120, 352, 120, -2, 0, 3.141592653589793, 2.0
426, 105, 265, 142, 267, 143, -2, -1, -2.677945044588987, 2.23606797749979
426, 112, 473, 123, 475, 125, -2, -2, -2.356194490192345, 2.8284271247461903
426, 126, 257, 152, 259, 152, -2, 0, 3.141592653589793, 2.0
426, 127, 574, 194, 576, 196, -2, -2, -2.356194490192345, 2.8284271247461903
427, 41, 197, 167, 200, 167, -3, 0, 3.141592653589793, 3.0
427, 43, 185, 169, 187, 168, -2, 1, 2.677945044588987, 2.23606797749979
427, 44, 51, 358, 54, 358, -3, 0, 3.141592653589793, 3.0
427, 49, 430, 105, 433, 106, -3, -1, -2.819842099193151, 3.1622776601683795
427, 53, 209, 145, 213, 146, -4, -1, -2.896613990462929, 4.123105625617661
427, 67, 596, 247, 596, 249, 0, -2, -1.5707963267948966, 2.0
427, 76, 348, 119, 350, 120, -2, -1, -2.677945044588987, 2.23606797749979
427, 88, 263, 141, 265, 142, -2, -1, -2.677945044588987, 2.23606797749979
427, 95, 471, 122, 473, 123, -2, -1, -2.677945044588987, 2.23606797749979
427, 98, 459, 117, 461, 118, -2, -1, -2.677945044588987, 2.23606797749979
427, 106, 255, 152, 257, 152, -2, 0, 3.141592653589793, 2.0
427, 107, 573, 192, 574, 194, -1, -2, -2.0344439357957027, 2.23606797749979
428, 33, 195, 166, 197, 167, -2, -1, -2.677945044588987, 2.23606797749979
428, 35, 183, 169, 185, 169, -2, 0, 3.141592653589793, 2.0
428, 51, 596, 245, 596, 247, 0, -2, -1.5707963267948966, 2.0
428, 60, 346, 118, 348, 119, -2, -1, -2.677945044588987, 2.23606797749979
428, 69, 261, 140, 263, 141, -2, -1, -2.677945044588987, 2.23606797749979
428, 73, 469, 121, 471, 122, -2, -1, -2.677945044588987, 2.23606797749979
428, 82, 252, 152, 255, 152, -3, 0, 3.141592653589793, 3.0
428, 83, 572, 190, 573, 192, -1, -2, -2.0344439357957027, 2.23606797749979
429, 23, 193, 166, 195, 166, -2, 0, 3.141592653589793, 2.0
429, 25, 181, 169, 183, 169, -2, 0, 3.141592653589793, 2.0
429, 38, 597, 244, 596, 245, 1, -1, -0.7853981633974483, 1.4142135623730951
429, 54, 467, 119, 469, 121, -2, -2, -2.356194490192345, 2.8284271247461903
429, 63, 249, 152, 252, 152, -3, 0, 3.141592653589793, 3.0
430, 4, 132, 354, 134, 355, -2, -1, -2.677945044588987, 2.23606797749979
430, 113, 263, 141, 265, 142, -2, -1, -2.677945044588987, 2.23606797749979
430, 142, 348, 121, 350, 122, -2, -1, -2.677945044588987, 2.23606797749979
430, 144, 375, 120, 377, 120, -2, 0, 3.141592653589793, 2.0
430, 149, 254, 155, 256, 155, -2, 0, 3.141592653589793, 2.0
431, 0, 177, 144, 178, 143, -1, 1, 2.356194490192345, 1.4142135623730951
431, 3, 131, 352, 132, 354, -1, -2, -2.0344439357957027, 2.23606797749979
431, 85, 260, 140, 263, 141, -3, -1, -2.819842099193151, 3.1622776601683795
431, 106, 346, 120, 348, 121, -2, -1, -2.677945044588987, 2.23606797749979
431, 107, 184, 140, 186, 140, -2, 0, 3.141592653589793, 2.0
431, 111, 251, 155, 254, 155, -3, 0, 3.141592653589793, 3.0
432, 2, 129, 350, 131, 352, -2, -2, -2.356194490192345, 2.8284271247461903
432, 47, 186, 185, 188, 185, -2, 0, 3.141592653589793, 2.0
432, 81, 599, 276, 600, 278, -1, -2, -2.0344439357957027, 2.23606797749979
432, 92, 344, 119, 346, 120, -2, -1, -2.677945044588987, 2.23606797749979
432, 95, 249, 155, 251, 155, -2, 0, 3.141592653589793, 2.0
433, 80, 246, 155, 249, 155, -3, 0, 3.141592653589793, 3.0
434, 11, 61, 157, 62, 156, -1, 1, 2.356194490192345, 1.4142135623730951
434, 62, 341, 118, 343, 119, -2, -1, -2.677945044588987, 2.23606797749979
434, 65, 243, 155, 246, 155, -3, 0, 3.141592653589793, 3.0
435, 23, 186, 187, 188, 187, -2, 0, 3.141592653589793, 2.0
435, 53, 75, 258, 77, 259, -2, -1, -2.677945044588987, 2.23606797749979
435, 56, 56, 359, 54, 359, 2, 0, 0.0, 2.0
435, 69, 591, 202, 592, 204, -1, -2, -2.0344439357957027, 2.23606797749979
435, 92, 343, 120, 345, 121, -2, -1, -2.677945044588987, 2.23606797749979
435, 98, 259, 143, 261, 143, -2, 0, 3.141592653589793, 2.0
435, 128, 297, 129, 299, 130, -2, -1, -2.677945044588987, 2.23606797749979
435, 138, 184, 172, 186, 172, -2, 0, 3.141592653589793, 2.0
435, 140, 358, 121, 360, 121, -2, 0, 3.141592653589793, 2.0
436, 20, 185, 188, 186, 187, -1, 1, 2.356194490192345, 1.4142135623730951
436, 58, 590, 200, 591, 202, -1, -2, -2.0344439357957027, 2.23606797749979
436, 76, 341, 119, 343, 120, -2, -1, -2.677945044588987, 2.23606797749979
436, 113, 356, 121, 358, 121, -2, 0, 3.141592653589793, 2.0
436, 127, 193, 173, 195, 173, -2, 0, 3.141592653589793, 2.0
437, 62, 339, 119, 341, 119, -2, 0, 3.141592653589793, 2.0
437, 86, 294, 129, 296, 129, -2, 0, 3.141592653589793, 2.0
437, 94, 181, 172, 183, 172, -2, 0, 3.141592653589793, 2.0
437, 103, 92, 259, 94, 259, -2, 0, 3.141592653589793, 2.0
438, 13, 183, 189, 184, 188, -1, 1, 2.356194490192345, 1.4142135623730951
438, 32, 54, 358, 56, 358, -2, 0, 3.141592653589793, 2.0
438, 34, 205, 146, 207, 146, -2, 0, 3.141592653589793, 2.0
438, 70, 162, 152, 163, 151, -1, 1, 2.356194490192345, 1.4142135623730951
438, 74, 292, 129, 294, 129, -2, 0, 3.141592653589793, 2.0
439, 47, 336, 119, 338, 119, -2, 0, 3.141592653589793, 2.0
439, 52, 255, 144, 256, 143, -1, 1, 2.356194490192345, 1.4142135623730951
439, 64, 71, 226, 69, 226, 2, 0, 0.0, 2.0
439, 65, 290, 129, 292, 129, -2, 0, 3.141592653589793, 2.0
439, 82, 189, 173, 191, 173, -2, 0, 3.141592653589793, 2.0
440, 3, 185, 191, 186, 190, -1, 1, 2.356194490192345, 1.4142135623730951
440, 18, 175, 179, 177, 179, -2, 0, 3.141592653589793, 2.0
440, 34, 140, 185, 142, 185, -2, 0, 3.141592653589793, 2.0
440, 74, 99, 330, 99, 332, 0, -2, -1.5707963267948966, 2.0
440, 98, 294, 129, 296, 130, -2, -1, -2.677945044588987, 2.23606797749979
440, 116, 338, 121, 340, 121, -2, 0, 3.141592653589793, 2.0
440, 131, 449, 125, 451, 124, -2, 1, 2.677945044588987, 2.23606797749979
440, 138, 354, 121, 356, 121, -2, 0, 3.141592653589793, 2.0
441, 44, 180, 171, 182, 171, -2, 0, 3.141592653589793, 2.0
441, 77, 292, 129, 294, 129, -2, 0, 3.141592653589793, 2.0
441, 90, 336, 121, 338, 121, -2, 0, 3.141592653589793, 2.0
441, 125, 262, 131, 264, 132, -2, -1, -2.677945044588987, 2.23606797749979
442, 3, 183, 192, 184, 191, -1, 1, 2.356194490192345, 1.4142135623730951
442, 16, 81, 303, 83, 302, -2, 1, 2.677945044588987, 2.23606797749979
442, 24, 307, 123, 309, 124, -2, -1, -2.677945044588987, 2.23606797749979
442, 54, 452, 119, 454, 119, -2, 0, 3.141592653589793, 2.0
442, 63, 290, 129, 292, 129, -2, 0, 3.141592653589793, 2.0
442, 85, 447, 126, 448, 125, -1, 1, 2.356194490192345, 1.4142135623730951
443, 46, 450, 118, 452, 119, -2, -1, -2.677945044588987, 2.23606797749979
443, 51, 190, 166, 192, 166, -2, 0, 3.141592653589793, 2.0
443, 53, 288, 129, 290, 129, -2, 0, 3.141592653589793, 2.0
443, 61, 333, 121, 335, 121, -2, 0, 3.141592653589793, 2.0
443, 72, 445, 126, 447, 126, -2, 0, 3.141592653589793, 2.0
444, 2, 182, 193, 183, 192, -1, 1, 2.356194490192345, 1.4142135623730951
444, 12, 78, 303, 80, 303, -2, 0, 3.141592653589793, 2.0
444, 43, 188, 166, 190, 166, -2, 0, 3.141592653589793, 2.0
444, 59, 442, 125, 445, 126, -3, -1, -2.819842099193151, 3.1622776601683795
445, 26, 184, 196, 185, 195, -1, 1, 2.356194490192345, 1.4142135623730951
445, 61, 337, 118, 339, 119, -2, -1, -2.677945044588987, 2.23606797749979
445, 163, 444, 125, 446, 126, -2, -1, -2.677945044588987, 2.23606797749979
445, 169, 466, 119, 468, 120, -2, -1, -2.677945044588987, 2.23606797749979
446, 47, 335, 117, 337, 118, -2, -1, -2.677945044588987, 2.23606797749979
446, 84, 288, 130, 292, 131, -4, -1, -2.896613990462929, 4.123105625617661
446, 128, 350, 120, 352, 121, -2, -1, -2.677945044588987, 2.23606797749979
446, 129, 441, 124, 444, 125, -3, -1, -2.819842099193151, 3.1622776601683795
447, 38, 333, 117, 335, 117, -2, 0, 3.141592653589793, 2.0
447, 55, 55, 359, 54, 361, 1, -2, -1.1071487177940904, 2.23606797749979
447, 71, 286, 129, 288, 130, -2, -1, -2.677945044588987, 2.23606797749979
447, 107, 439, 123, 441, 124, -2, -1, -2.677945044588987, 2.23606797749979
448, 35, 331, 117, 333, 117, -2, 0, 3.141592653589793, 2.0
448, 72, 142, 170, 141, 171, 1, -1, -0.7853981633974483, 1.4142135623730951
448, 81, 163, 208, 165, 208, -2, 0, 3.141592653589793, 2.0
448, 89, 437, 122, 439, 123, -2, -1, -2.677945044588987, 2.23606797749979
449, 72, 346, 119, 348, 120, -2, -1, -2.677945044588987, 2.23606797749979
450, 7, 84, 301, 83, 303, 1, -2, -1.1071487177940904, 2.23606797749979
450, 21, 154, 148, 156, 147, -2, 1, 2.677945044588987, 2.23606797749979
450, 121, 343, 122, 345, 123, -2, -1, -2.677945044588987, 2.23606797749979
450, 122, 334, 120, 336, 120, -2, 0, 3.141592653589793, 2.0
450, 124, 285, 132, 287, 132, -2, 0, 3.141592653589793, 2.0
450, 131, 116, 304, 115, 305, 1, -1, -0.7853981633974483, 1.4142135623730951
450, 167, 90, 258, 92, 259, -2, -1, -2.677945044588987, 2.23606797749979
451, 4, 215, 148, 217, 148, -2, 0, 3.141592653589793, 2.0
451, 37, 170, 181, 172, 181, -2, 0, 3.141592653589793, 2.0
451, 95, 341, 121, 343, 122, -2, -1, -2.677945044588987, 2.23606797749979
451, 96, 332, 120, 334, 120, -2, 0, 3.141592653589793, 2.0
451, 98, 283, 132, 285, 132, -2, 0, 3.141592653589793, 2.0
451, 100, 153, 212, 154, 211, -1, 1, 2.356194490192345, 1.4142135623730951
451, 130, 447, 127, 449, 128, -2, -1, -2.677945044588987, 2.23606797749979
452, 25, 592, 200, 592, 202, 0, -2, -1.5707963267948966, 2.0
452, 60, 187, 167, 186, 168, 1, -1, -0.7853981633974483, 1.4142135623730951
452, 81, 340, 119, 341, 121, -1, -2, -2.0344439357957027, 2.23606797749979
452, 82, 330, 120, 332, 120, -2, 0, 3.141592653589793, 2.0
452, 84, 281, 132, 283, 132, -2, 0, 3.141592653589793, 2.0
453, 30, 167, 181, 169, 181, -2, 0, 3.141592653589793, 2.0
453, 43, 254, 146, 256, 146, -2, 0, 3.141592653589793, 2.0
453, 68, 338, 119, 340, 119, -2, 0, 3.141592653589793, 2.0
453, 69, 328, 119, 330, 120, -2, -1, -2.677945044588987, 2.23606797749979
453, 71, 279, 132, 281, 132, -2, 0, 3.141592653589793, 2.0
453, 93, 444, 127, 446, 127, -2, 0, 3.141592653589793, 2.0
454, 61, 326, 119, 328, 119, -2, 0, 3.141592653589793, 2.0
454, 63, 277, 131, 279, 132, -2, -1, -2.677945044588987, 2.23606797749979
454, 82, 442, 127, 444, 127, -2, 0, 3.141592653589793, 2.0
455, 44, 281, 133, 283, 133, -2, 0, 3.141592653589793, 2.0
455, 97, 254, 146, 256, 147, -2, -1, -2.677945044588987, 2.23606797749979
455, 109, 331, 120, 333, 120, -2, 0, 3.141592653589793, 2.0
455, 134, 445, 120, 447, 121, -2, -1, -2.677945044588987, 2.23606797749979
455, 145, 447, 127, 449, 128, -2, -1, -2.677945044588987, 2.23606797749979
455, 150, 357, 123, 359, 123, -2, 0, 3.141592653589793, 2.0
455, 155, 343, 119, 345, 120, -2, -1, -2.677945044588987, 2.23606797749979
456, 27, 169, 183, 171, 183, -2, 0, 3.141592653589793, 2.0
456, 32, 279, 133, 281, 133, -2, 0, 3.141592653589793, 2.0
456, 80, 329, 120, 331, 120, -2, 0, 3.141592653589793, 2.0
456, 98, 443, 120, 445, 120, -2, 0, 3.141592653589793, 2.0
456, 106, 445, 126, 447, 127, -2, -1, -2.677945044588987, 2.23606797749979
456, 111, 355, 123, 357, 123, -2, 0, 3.141592653589793, 2.0
456, 112, 296, 123, 298, 124, -2, -1, -2.677945044588987, 2.23606797749979
456, 115, 341, 118, 343, 119, -2, -1, -2.677945044588987, 2.23606797749979
457, 16, 106, 282, 107, 281, -1, 1, 2.356194490192345, 1.4142135623730951
457, 28, 87, 272, 89, 272, -2, 0, 3.141592653589793, 2.0
457, 59, 327, 119, 329, 120, -2, -1, -2.677945044588987, 2.23606797749979
457, 73, 145, 230, 147, 230, -2, 0, 3.141592653589793, 2.0
457, 82, 443, 125, 445, 126, -2, -1, -2.677945044588987, 2.23606797749979
457, 87, 353, 123, 355, 123, -2, 0, 3.141592653589793, 2.0
457, 89, 339, 117, 341, 118, -2, -1, -2.677945044588987, 2.23606797749979
458, 16, 188, 167, 190, 167, -2, 0, 3.141592653589793, 2.0
458, 52, 325, 119, 327, 119, -2, 0, 3.141592653589793, 2.0
458, 65, 440, 119, 442, 120, -2, -1, -2.677945044588987, 2.23606797749979
458, 70, 441, 124, 443, 125, -2, -1, -2.677945044588987, 2.23606797749979
458, 75, 350, 123, 353, 123, -3, 0, 3.141592653589793, 3.0
458, 77, 337, 116, 339, 117, -2, -1, -2.677945044588987, 2.23606797749979
459, 50, 438, 118, 440, 119, -2, -1, -2.677945044588987, 2.23606797749979
459, 53, 439, 123, 441, 124, -2, -1, -2.677945044588987, 2.23606797749979
459, 57, 348, 123, 350, 123, -2, 0, 3.141592653589793, 2.0
460, 105, 441, 120, 443, 120, -2, 0, 3.141592653589793, 2.0
460, 120, 252, 146, 254, 147, -2, -1, -2.677945044588987, 2.23606797749979
460, 124, 326, 121, 328, 121, -2, 0, 3.141592653589793, 2.0
460, 140, 530, 161, 532, 162, -2, -1, -2.677945044588987, 2.23606797749979
461, 0, 184, 200, 185, 199, -1, 1, 2.356194490192345, 1.4142135623730951
461, 43, 112, 292, 113, 294, -1, -2, -2.0344439357957027, 2.23606797749979
461, 68, 174, 173, 173, 174, 1, -1, -0.7853981633974483, 1.4142135623730951
461, 83, 439, 119, 441, 120, -2, -1, -2.677945044588987, 2.23606797749979
461, 94, 250, 146, 252, 146, -2, 0, 3.141592653589793, 2.0
461, 98, 324, 121, 326, 121, -2, 0, 3.141592653589793, 2.0
462, 39, 67, 334, 68, 336, -1, -2, -2.0344439357957027, 2.23606797749979
462, 69, 437, 118, 439, 119, -2, -1, -2.677945044588987, 2.23606797749979
462, 78, 248, 146, 250, 146, -2, 0, 3.141592653589793, 2.0
462, 88, 527, 160, 529, 161, -2, -1, -2.677945044588987, 2.23606797749979
463, 62, 435, 118, 437, 118, -2, 0, 3.141592653589793, 2.0
463, 70, 246, 145, 248, 146, -2, -1, -2.677945044588987, 2.23606797749979
463, 71, 589, 297, 588, 298, 1, -1, -0.7853981633974483, 1.4142135623730951
464, 37, 79, 326, 80, 325, -1, 1, 2.356194490192345, 1.4142135623730951
464, 59, 244, 145, 246, 145, -2, 0, 3.141592653589793, 2.0
464, 60, 590, 296, 589, 297, 1, -1, -0.7853981633974483, 1.4142135623730951
465, 46, 138, 360, 138, 362, 0, -2, -1.5707963267948966, 2.0
465, 67, 604, 253, 603, 254, 1, -1, -0.7853981633974483, 1.4142135623730951
465, 113, 434, 122, 436, 122, -2, 0, 3.141592653589793, 2.0
465, 116, 249, 147, 251, 147, -2, 0, 3.141592653589793, 2.0
465, 134, 335, 119, 337, 119, -2, 0, 3.141592653589793, 2.0
465, 145, 323, 120, 325, 121, -2, -1, -2.677945044588987, 2.23606797749979
465, 148, 51, 139, 53, 139, -2, 0, 3.141592653589793, 2.0
465, 149, 348, 123, 350, 123, -2, 0, 3.141592653589793, 2.0
465, 162, 594, 298, 593, 299, 1, -1, -0.7853981633974483, 1.4142135623730951
465, 177, 368, 119, 371, 120, -3, -1, -2.819842099193151, 3.1622776601683795
466, 9, 181, 201, 183, 201, -2, 0, 3.141592653589793, 2.0
466, 90, 432, 122, 434, 122, -2, 0, 3.141592653589793, 2.0
466, 92, 247, 147, 249, 147, -2, 0, 3.141592653589793, 2.0
466, 106, 333, 118, 335, 119, -2, -1, -2.677945044588987, 2.23606797749979
466, 108, 136, 254, 138, 254, -2, 0, 3.141592653589793, 2.0
466, 109, 602, 300, 601, 301, 1, -1, -0.7853981633974483, 1.4142135623730951
466, 115, 319, 119, 323, 120, -4, -1, -2.896613990462929, 4.123105625617661
466, 117, 346, 122, 348, 123, -2, -1, -2.677945044588987, 2.23606797749979
466, 137, 366, 118, 368, 119, -2, -1, -2.677945044588987, 2.23606797749979
467, 68, 276, 132, 278, 133, -2, -1, -2.677945044588987, 2.23606797749979
467, 72, 430, 122, 432, 122, -2, 0, 3.141592653589793, 2.0
467, 73, 245, 147, 247, 147, -2, 0, 3.141592653589793, 2.0
467, 83, 331, 117, 333, 118, -2, -1, -2.677945044588987, 2.23606797749979
467, 92, 344, 122, 346, 122, -2, 0, 3.141592653589793, 2.0
468, 51, 274, 132, 276, 132, -2, 0, 3.141592653589793, 2.0
468, 56, 243, 147, 245, 147, -2, 0, 3.141592653589793, 2.0
468, 69, 317, 119, 319, 119, -2, 0, 3.141592653589793, 2.0
468, 71, 342, 122, 344, 122, -2, 0, 3.141592653589793, 2.0
469, 7, 177, 201, 179, 201, -2, 0, 3.141592653589793, 2.0
469, 44, 428, 123, 429, 122, -1, 1, 2.356194490192345, 1.4142135623730951
469, 45, 241, 148, 243, 147, -2, 1, 2.677945044588987, 2.23606797749979
470, 57, 183, 206, 184, 205, -1, 1, 2.356194490192345, 1.4142135623730951
470, 99, 318, 123, 320, 123, -2, 0, 3.141592653589793, 2.0
470, 160, 523, 160, 525, 161, -2, -1, -2.677945044588987, 2.23606797749979
470, 161, 344, 120, 346, 121, -2, -1, -2.677945044588987, 2.23606797749979
470, 164, 431, 126, 433, 126, -2, 0, 3.141592653589793, 2.0
470, 176, 258, 148, 260, 148, -2, 0, 3.141592653589793, 2.0
471, 43, 181, 206, 183, 206, -2, 0, 3.141592653589793, 2.0
471, 74, 244, 149, 246, 148, -2, 1, 2.677945044588987, 2.23606797749979
471, 78, 316, 123, 318, 123, -2, 0, 3.141592653589793, 2.0
471, 123, 342, 119, 344, 120, -2, -1, -2.677945044588987, 2.23606797749979
471, 124, 429, 126, 431, 126, -2, 0, 3.141592653589793, 2.0
471, 135, 257, 149, 258, 148, -1, 1, 2.356194490192345, 1.4142135623730951
472, 34, 180, 207, 181, 206, -1, 1, 2.356194490192345, 1.4142135623730951
472, 46, 423, 106, 425, 106, -2, 0, 3.141592653589793, 2.0
472, 60, 242, 149, 244, 149, -2, 0, 3.141592653589793, 2.0
472, 64, 314, 122, 316, 123, -2, -1, -2.677945044588987, 2.23606797749979
472, 66, 128, 243, 130, 244, -2, -1, -2.677945044588987, 2.23606797749979
472, 79, 273, 133, 275, 134, -2, -1, -2.677945044588987, 2.23606797749979
472, 98, 340, 118, 342, 119, -2, -1, -2.677945044588987, 2.23606797749979
472, 99, 427, 126, 429, 126, -2, 0, 3.141592653589793, 2.0
473, 28, 178, 207, 180, 207, -2, 0, 3.141592653589793, 2.0
473, 49, 240, 149, 242, 149, -2, 0, 3.141592653589793, 2.0
473, 52, 311, 122, 314, 122, -3, 0, 3.141592653589793, 3.0
473, 55, 134, 154, 133, 155, 1, -1, -0.7853981633974483, 1.4142135623730951
473, 60, 247, 130, 250, 130, -3, 0, 3.141592653589793, 3.0
473, 64, 272, 134, 273, 133, -1, 1, 2.356194490192345, 1.4142135623730951
473, 80, 425, 126, 427, 126, -2, 0, 3.141592653589793, 2.0
473, 86, 255, 149, 257, 149, -2, 0, 3.141592653589793, 2.0
474, 34, 97, 244, 99, 244, -2, 0, 3.141592653589793, 2.0
474, 37, 121, 223, 123, 223, -2, 0, 3.141592653589793, 2.0
474, 43, 238, 149, 240, 149, -2, 0, 3.141592653589793, 2.0
474, 46, 309, 122, 311, 122, -2, 0, 3.141592653589793, 2.0
474, 67, 423, 125, 425, 126, -2, -1, -2.677945044588987, 2.23606797749979
474, 71, 253, 149, 255, 149, -2, 0, 3.141592653589793, 2.0
475, 59, 136, 357, 138, 358, -2, -1, -2.677945044588987, 2.23606797749979
475, 108, 241, 150, 243, 150, -2, 0, 3.141592653589793, 2.0
475, 169, 315, 127, 317, 128, -2, -1, -2.677945044588987, 2.23606797749979
475, 171, 185, 207, 187, 207, -2, 0, 3.141592653589793, 2.0
475, 185, 339, 121, 341, 122, -2, -1, -2.677945044588987, 2.23606797749979
476, 13, 176, 205, 178, 205, -2, 0, 3.141592653589793, 2.0
476, 78, 272, 136, 274, 136, -2, 0, 3.141592653589793, 2.0
476, 105, 108, 279, 107, 280, 1, -1, -0.7853981633974483, 1.4142135623730951
476, 106, 144, 220, 146, 220, -2, 0, 3.141592653589793, 2.0
476, 130, 81, 239, 83, 241, -2, -2, -2.356194490192345, 2.8284271247461903
476, 138, 95, 285, 97, 285, -2, 0, 3.141592653589793, 2.0
476, 142, 337, 120, 339, 121, -2, -1, -2.677945044588987, 2.23606797749979
477, 63, 238, 150, 240, 150, -2, 0, 3.141592653589793, 2.0
477, 102, 335, 119, 337, 120, -2, -1, -2.677945044588987, 2.23606797749979
478, 49, 269, 136, 271, 136, -2, 0, 3.141592653589793, 2.0
478, 54, 236, 150, 238, 150, -2, 0, 3.141592653589793, 2.0
478, 81, 311, 127, 313, 127, -2, 0, 3.141592653589793, 2.0
478, 82, 181, 207, 183, 207, -2, 0, 3.141592653589793, 2.0
478, 90, 333, 118, 335, 119, -2, -1, -2.677945044588987, 2.23606797749979
479, 7, 172, 205, 174, 205, -2, 0, 3.141592653589793, 2.0
479, 69, 309, 127, 311, 127, -2, 0, 3.141592653589793, 2.0
479, 70, 179, 207, 181, 207, -2, 0, 3.141592653589793, 2.0
479, 76, 331, 118, 333, 118, -2, 0, 3.141592653589793, 2.0
479, 82, 254, 144, 256, 144, -2, 0, 3.141592653589793, 2.0
480, 18, 599, 251, 601, 252, -2, -1, -2.677945044588987, 2.23606797749979
480, 71, 271, 137, 273, 137, -2, 0, 3.141592653589793, 2.0
480, 115, 133, 355, 135, 356, -2, -1, -2.677945044588987, 2.23606797749979
480, 127, 325, 120, 327, 121, -2, -1, -2.677945044588987, 2.23606797749979
480, 132, 238, 152, 240, 152, -2, 0, 3.141592653589793, 2.0
480, 138, 426, 126, 428, 127, -2, -1, -2.677945044588987, 2.23606797749979
480, 140, 428, 119, 430, 120, -2, -1, -2.677945044588987, 2.23606797749979
480, 153, 312, 122, 314, 122, -2, 0, 3.141592653589793, 2.0
480, 156, 351, 125, 353, 125, -2, 0, 3.141592653589793, 2.0
480, 158, 335, 122, 337, 122, -2, 0, 3.141592653589793, 2.0
481, 1, 174, 207, 176, 207, -2, 0, 3.141592653589793, 2.0
481, 67, 603, 297, 602, 299, 1, -2, -1.1071487177940904, 2.23606797749979
481, 68, 81, 273, 84, 273, -3, 0, 3.141592653589793, 3.0
481, 91, 133, 156, 135, 157, -2, -1, -2.677945044588987, 2.23606797749979
481, 97, 130, 354, 133, 355, -3, -1, -2.819842099193151, 3.1622776601683795
481, 107, 323, 120, 325, 120, -2, 0, 3.141592653589793, 2.0
481, 120, 78, 189, 77, 188, 1, 1, 0.7853981633974483, 1.4142135623730951
481, 128, 349, 124, 351, 125, -2, -1, -2.677945044588987, 2.23606797749979
481, 130, 333, 121, 335, 122, -2, -1, -2.677945044588987, 2.23606797749979
482, 1, 171, 207, 174, 207, -3, 0, 3.141592653589793, 3.0
482, 52, 268, 137, 270, 137, -2, 0, 3.141592653589793, 2.0
482, 73, 598, 266, 600, 267, -2, -1, -2.677945044588987, 2.23606797749979
482, 83, 128, 353, 130, 354, -2, -1, -2.677945044588987, 2.23606797749979
482, 90, 320, 119, 323, 120, -3, -1, -2.819842099193151, 3.1622776601683795
482, 102, 309, 122, 311, 122, -2, 0, 3.141592653589793, 2.0
482, 105, 347, 123, 349, 124, -2, -1, -2.677945044588987, 2.23606797749979
482, 107, 331, 121, 333, 121, -2, 0, 3.141592653589793, 2.0
483, 42, 266, 137, 268, 137, -2, 0, 3.141592653589793, 2.0
483, 66, 126, 352, 128, 353, -2, -1, -2.677945044588987, 2.23606797749979
483, 84, 345, 123, 347, 123, -2, 0, 3.141592653589793, 2.0
483, 85, 465, 122, 467, 123, -2, -1, -2.677945044588987, 2.23606797749979
484, 66, 307, 123, 308, 122, -1, 1, 2.356194490192345, 1.4142135623730951
484, 69, 342, 123, 345, 123, -3, 0, 3.141592653589793, 3.0
484, 70, 463, 120, 465, 122, -2, -2, -2.356194490192345, 2.8284271247461903
485, 39, 561, 166, 563, 167, -2, -1, -2.677945044588987, 2.23606797749979
485, 90, 173, 211, 175, 211, -2, 0, 3.141592653589793, 2.0
485, 119, 320, 120, 322, 120, -2, 0, 3.141592653589793, 2.0
485, 133, 331, 121, 333, 122, -2, -1, -2.677945044588987, 2.23606797749979
485, 144, 555, 166, 555, 168, 0, -2, -1.5707963267948966, 2.0
485, 154, 308, 123, 310, 123, -2, 0, 3.141592653589793, 2.0
485, 155, 418, 123, 420, 124, -2, -1, -2.677945044588987, 2.23606797749979
485, 159, 130, 353, 132, 354, -2, -1, -2.677945044588987, 2.23606797749979
485, 169, 256, 141, 258, 141, -2, 0, 3.141592653589793, 2.0
485, 174, 486, 141, 489, 143, -3, -2, -2.5535900500422257, 3.605551275463989
485, 176, 563, 199, 563, 201, 0, -2, -1.5707963267948966, 2.0
485, 179, 346, 125, 349, 125, -3, 0, 3.141592653589793, 3.0
486, 69, 171, 211, 173, 211, -2, 0, 3.141592653589793, 2.0
486, 90, 318, 119, 320, 120, -2, -1, -2.677945044588987, 2.23606797749979
486, 101, 329, 121, 331, 121, -2, 0, 3.141592653589793, 2.0
486, 116, 307, 124, 308, 123, -1, 1, 2.356194490192345, 1.4142135623730951
486, 117, 416, 123, 418, 123, -2, 0, 3.141592653589793, 2.0
486, 121, 128, 352, 130, 353, -2, -1, -2.677945044588987, 2.23606797749979
486, 130, 424, 115, 426, 116, -2, -1, -2.677945044588987, 2.23606797749979
486, 133, 484, 140, 486, 141, -2, -1, -2.677945044588987, 2.23606797749979
486, 135, 565, 197, 563, 199, 2, -2, -0.7853981633974483, 2.8284271247461903
486, 138, 343, 125, 346, 125, -3, 0, 3.141592653589793, 3.0
487, 22, 266, 137, 268, 138, -2, -1, -2.677945044588987, 2.23606797749979
487, 70, 316, 118, 318, 119, -2, -1, -2.677945044588987, 2.23606797749979
487, 80, 327, 120, 329, 121, -2, -1, -2.677945044588987, 2.23606797749979
487, 93, 305, 124, 307, 124, -2, 0, 3.141592653589793, 2.0
487, 98, 126, 351, 128, 352, -2, -1, -2.677945044588987, 2.23606797749979
487, 105, 253, 141, 255, 141, -2, 0, 3.141592653589793, 2.0
488, 21, 264, 137, 266, 137, -2, 0, 3.141592653589793, 2.0
488, 68, 325, 120, 327, 120, -2, 0, 3.141592653589793, 2.0
488, 80, 303, 124, 305, 124, -2, 0, 3.141592653589793, 2.0
488, 81, 414, 122, 416, 123, -2, -1, -2.677945044588987, 2.23606797749979
488, 84, 124, 351, 126, 351, -2, 0, 3.141592653589793, 2.0
488, 91, 251, 141, 253, 141, -2, 0, 3.141592653589793, 2.0
489, 17, 262, 136, 264, 137, -2, -1, -2.677945044588987, 2.23606797749979
489, 67, 416, 121, 414, 122, 2, -1, -0.4636476090008061, 2.23606797749979
489, 70, 122, 350, 124, 351, -2, -1, -2.677945044588987, 2.23606797749979
489, 80, 339, 124, 342, 125, -3, -1, -2.819842099193151, 3.1622776601683795
490, 43, 115, 292, 115, 294, 0, -2, -1.5707963267948966, 2.0
490, 45, 588, 185, 588, 187, 0, -2, -1.5707963267948966, 2.0
490, 55, 189, 170, 191, 171, -2, -1, -2.677945044588987, 2.23606797749979
490, 84, 192, 140, 194, 140, -2, 0, 3.141592653589793, 2.0
490, 85, 316, 118, 318, 119, -2, -1, -2.677945044588987, 2.23606797749979
490, 87, 183, 178, 185, 178, -2, 0, 3.141592653589793, 2.0
490, 96, 264, 138, 268, 139, -4, -1, -2.896613990462929, 4.123105625617661
490, 97, 231, 152, 235, 153, -4, -1, -2.896613990462929, 4.123105625617661
490, 98, 125, 352, 127, 353, -2, -1, -2.677945044588987, 2.23606797749979
490, 103, 297, 105, 300, 106, -3, -1, -2.819842099193151, 3.1622776601683795
490, 130, 149, 214, 151, 214, -2, 0, 3.141592653589793, 2.0
490, 145, 308, 125, 309, 124, -1, 1, 2.356194490192345, 1.4142135623730951
490, 148, 604, 255, 604, 258, 0, -3, -1.5707963267948966, 3.0
490, 149, 593, 195, 593, 197, 0, -2, -1.5707963267948966, 2.0
490, 158, 328, 121, 330, 121, -2, 0, 3.141592653589793, 2.0
491, 19, 52, 257, 53, 259, -1, -2, -2.0344439357957027, 2.23606797749979
491, 72, 314, 117, 316, 118, -2, -1, -2.677945044588987, 2.23606797749979
491, 115, 306, 125, 308, 125, -2, 0, 3.141592653589793, 2.0
491, 124, 326, 120, 328, 121, -2, -1, -2.677945044588987, 2.23606797749979
492, 49, 463, 118, 465, 118, -2, 0, 3.141592653589793, 2.0
492, 99, 304, 126, 306, 125, -2, 1, 2.677945044588987, 2.23606797749979
493, 19, 243, 132, 245, 132, -2, 0, 3.141592653589793, 2.0
493, 40, 134, 186, 137, 187, -3, -1, -2.819842099193151, 3.1622776601683795
493, 54, 144, 224, 145, 223, -1, 1, 2.356194490192345, 1.4142135623730951
494, 4, 167, 213, 168, 212, -1, 1, 2.356194490192345, 1.4142135623730951
495, 74, 413, 119, 415, 119, -2, 0, 3.141592653589793, 2.0
495, 86, 215, 127, 218, 127, -3, 0, 3.141592653589793, 3.0
495, 92, 313, 118, 315, 119, -2, -1, -2.677945044588987, 2.23606797749979
495, 119, 306, 131, 307, 130, -1, 1, 2.356194490192345, 1.4142135623730951
495, 147, 147, 172, 146, 173, 1, -1, -0.7853981633974483, 1.4142135623730951
495, 155, 123, 302, 122, 303, 1, -1, -0.7853981633974483, 1.4142135623730951
495, 163, 335, 124, 338, 125, -3, -1, -2.819842099193151, 3.1622776601683795
496, 19, 126, 346, 128, 346, -2, 0, 3.141592653589793, 2.0
496, 37, 70, 256, 69, 258, 1, -2, -1.1071487177940904, 2.23606797749979
496, 50, 260, 137, 262, 138, -2, -1, -2.677945044588987, 2.23606797749979
496, 52, 168, 215, 169, 214, -1, 1, 2.356194490192345, 1.4142135623730951
496, 56, 411, 119, 413, 119, -2, 0, 3.141592653589793, 2.0
496, 65, 125, 194, 124, 195, 1, -1, -0.7853981633974483, 1.4142135623730951
496, 72, 311, 117, 313, 118, -2, -1, -2.677945044588987, 2.23606797749979
496, 97, 304, 131, 306, 131, -2, 0, 3.141592653589793, 2.0
496, 122, 139, 212, 141, 212, -2, 0, 3.141592653589793, 2.0
496, 123, 242, 152, 244, 152, -2, 0, 3.141592653589793, 2.0
496, 132, 332, 123, 335, 124, -3, -1, -2.819842099193151, 3.1622776601683795
497, 43, 258, 136, 260, 137, -2, -1, -2.677945044588987, 2.23606797749979
497, 47, 409, 119, 411, 119, -2, 0, 3.141592653589793, 2.0
497, 60, 580, 135, 580, 137, 0, -2, -1.5707963267948966, 2.0
497, 80, 303, 132, 304, 131, -1, 1, 2.356194490192345, 1.4142135623730951
497, 107, 330, 123, 332, 123, -2, 0, 3.141592653589793, 2.0
498, 36, 166, 216, 168, 215, -2, 1, 2.677945044588987, 2.23606797749979
498, 68, 301, 132, 303, 132, -2, 0, 3.141592653589793, 2.0
498, 91, 328, 122, 330, 123, -2, -1, -2.677945044588987, 2.23606797749979
499, 5, 213, 155, 214, 154, -1, 1, 2.356194490192345, 1.4142135623730951
499, 18, 460, 119, 462, 119, -2, 0, 3.141592653589793, 2.0
499, 47, 579, 133, 579, 135, 0, -2, -1.5707963267948966, 2.0
499, 74, 326, 121, 328, 122, -2, -1, -2.677945044588987, 2.23606797749979
