frame,i,x1,y1,x2,y2,x,y,angle,size
11, 4, 99, 298, 102, 296, -3, 2, 2.5535900500422257, 3.605551275463989
12, 1, 75, 142, 77, 141, -2, 1, 2.677945044588987, 2.23606797749979
12, 3, 98, 296, 99, 298, -1, -2, -2.0344439357957027, 2.23606797749979
13, 2, 97, 294, 98, 296, -1, -2, -2.0344439357957027, 2.23606797749979
14, 2, 96, 292, 97, 294, -1, -2, -2.0344439357957027, 2.23606797749979
15, 5, 98, 292, 99, 294, -1, -2, -2.0344439357957027, 2.23606797749979
15, 10, 89, 146, 88, 147, 1, -1, -0.7853981633974483, 1.4142135623730951
16, 4, 96, 290, 98, 292, -2, -2, -2.356194490192345, 2.8284271247461903
16, 29, 89, 140, 88, 139, 1, 1, 0.7853981633974483, 1.4142135623730951
17, 4, 95, 288, 96, 290, -1, -2, -2.0344439357957027, 2.23606797749979
17, 16, 187, 387, 188, 386, -1, 1, 2.356194490192345, 1.4142135623730951
17, 25, 88, 141, 89, 140, -1, 1, 2.356194490192345, 1.4142135623730951
18, 3, 94, 285, 95, 288, -1, -3, -1.892546881191539, 3.1622776601683795
18, 7, 88, 146, 89, 145, -1, 1, 2.356194490192345, 1.4142135623730951
20, 17, 98, 289, 97, 290, 1, -1, -0.7853981633974483, 1.4142135623730951
20, 31, 101, 299, 101, 301, 0, -2, -1.5707963267948966, 2.0
21, 12, 99, 290, 98, 289, 1, 1, 0.7853981633974483, 1.4142135623730951
21, 23, 104, 299, 101, 299, 3, 0, 0.0, 3.0
22, 9, 101, 292, 99, 290, 2, 2, 0.7853981633974483, 2.8284271247461903
22, 19, 105, 298, 104, 299, 1, -1, -0.7853981633974483, 1.4142135623730951
23, 9, 102, 293, 101, 292, 1, 1, 0.7853981633974483, 1.4142135623730951
24, 8, 103, 295, 102, 293, 1, 2, 1.1071487177940904, 2.23606797749979
25, 9, 101, 296, 100, 295, 1, 1, 0.7853981633974483, 1.4142135623730951
25, 35, 135, 186, 134, 187, 1, -1, -0.7853981633974483, 1.4142135623730951
25, 37, 142, 184, 145, 185, -3, -1, -2.819842099193151, 3.1622776601683795
26, 8, 103, 296, 101, 296, 2, 0, 0.0, 2.0
26, 30, 134, 184, 135, 186, -1, -2, -2.0344439357957027, 2.23606797749979
26, 32, 140, 183, 142, 184, -2, -1, -2.677945044588987, 2.23606797749979
27, 7, 106, 298, 103, 296, 3, 2, 0.5880026035475675, 3.605551275463989
27, 23, 133, 181, 134, 184, -1, -3, -1.892546881191539, 3.1622776601683795
28, 7, 107, 301, 106, 298, 1, 3, 1.2490457723982544, 3.1622776601683795
28, 18, 133, 178, 133, 181, 0, -3, -1.5707963267948966, 3.0
29, 6, 106, 302, 107, 301, -1, 1, 2.356194490192345, 1.4142135623730951
29, 14, 131, 177, 133, 178, -2, -1, -2.677945044588987, 2.23606797749979
30, 13, 103, 301, 104, 300, -1, 1, 2.356194490192345, 1.4142135623730951
31, 11, 102, 302, 103, 301, -1, 1, 2.356194490192345, 1.4142135623730951
40, 47, 140, 328, 143, 330, -3, -2, -2.5535900500422257, 3.605551275463989
41, 40, 137, 329, 140, 328, -3, 1, 2.819842099193151, 3.1622776601683795
42, 33, 135, 328, 137, 329, -2, -1, -2.677945044588987, 2.23606797749979
43, 13, 174, 361, 175, 360, -1, 1, 2.356194490192345, 1.4142135623730951
49, 5, 162, 303, 163, 305, -1, -2, -2.0344439357957027, 2.23606797749979
66, 26, 42, 193, 41, 194, 1, -1, -0.7853981633974483, 1.4142135623730951
70, 16, 23, 168, 24, 170, -1, -2, -2.0344439357957027, 2.23606797749979
70, 20, 69, 242, 71, 243, -2, -1, -2.677945044588987, 2.23606797749979
72, 12, 23, 167, 22, 168, 1, -1, -0.7853981633974483, 1.4142135623730951
74, 0, 74, 143, 76, 149, -2, -6, -1.892546881191539, 6.324555320336759
74, 1, 28, 218, 34, 217, -6, 1, 2.976443976175166, 6.082762530298219
74, 3, 17, 242, 18, 244, -1, -2, -2.0344439357957027, 2.23606797749979
74, 4, 144, 209, 150, 210, -6, -1, -2.976443976175166, 6.082762530298219
74, 5, 91, 148, 92, 151, -1, -3, -1.892546881191539, 3.1622776601683795
74, 6, 77, 65, 77, 69, 0, -4, -1.5707963267948966, 4.0
74, 8, 181, 108, 179, 109, 2, -1, -0.4636476090008061, 2.23606797749979
74, 10, 92, 196, 94, 198, -2, -2, -2.356194490192345, 2.8284271247461903
74, 11, 21, 168, 22, 167, -1, 1, 2.356194490192345, 1.4142135623730951
74, 12, 66, 239, 67, 242, -1, -3, -1.892546881191539, 3.1622776601683795
74, 13, 6, 202, 7, 204, -1, -2, -2.0344439357957027, 2.23606797749979
74, 14, 154, 404, 152, 405, 2, -1, -0.4636476090008061, 2.23606797749979
74, 15, 24, 184, 25, 186, -1, -2, -2.0344439357957027, 2.23606797749979
74, 16, 57, 280, 60, 284, -3, -4, -2.214297435588181, 5.0
74, 17, 36, 308, 38, 313, -2, -5, -1.9513027039072615, 5.385164807134504
74, 18, 192, 202, 194, 203, -2, -1, -2.677945044588987, 2.23606797749979
75, 0, 58, 246, 53, 244, 5, 2, 0.3805063771123649, 5.385164807134504
75, 1, 87, 68, 85, 66, 2, 2, 0.7853981633974483, 2.8284271247461903
75, 2, 61, 111, 60, 109, 1, 2, 1.1071487177940904, 2.23606797749979
75, 3, 221, 366, 217, 366, 4, 0, 0.0, 4.0
75, 4, 67, 188, 69, 188, -2, 0, 3.141592653589793, 2.0
75, 5, 173, 113, 176, 113, -3, 0, 3.141592653589793, 3.0
75, 6, 158, 69, 158, 66, 0, 3, 1.5707963267948966, 3.0
75, 7, 153, 215, 148, 212, 5, 3, 0.5404195002705842, 5.830951894845301
75, 9, 21, 241, 20, 240, 1, 1, 0.7853981633974483, 1.4142135623730951
75, 10, 7, 119, 5, 115, 2, 4, 1.1071487177940904, 4.47213595499958
75, 12, 192, 286, 196, 284, -4, 2, 2.677945044588987, 4.47213595499958
75, 13, 153, 410, 148, 411, 5, -1, -0.19739555984988075, 5.0990195135927845
75, 14, 106, 304, 108, 303, -2, 1, 2.677945044588987, 2.23606797749979
75, 15, 35, 223, 31, 221, 4, 2, 0.4636476090008061, 4.47213595499958
75, 17, 82, 150, 77, 147, 5, 3, 0.5404195002705842, 5.830951894845301
75, 18, 66, 246, 68, 246, -2, 0, 3.141592653589793, 2.0
75, 19, 190, 201, 189, 198, 1, 3, 1.2490457723982544, 3.1622776601683795
75, 21, 227, 230, 231, 231, -4, -1, -2.896613990462929, 4.123105625617661
75, 24, 114, 215, 112, 211, 2, 4, 1.1071487177940904, 4.47213595499958
75, 26, 100, 238, 103, 238, -3, 0, 3.141592653589793, 3.0
75, 27, 46, 265, 44, 263, 2, 2, 0.7853981633974483, 2.8284271247461903
75, 28, 162, 302, 165, 301, -3, 1, 2.819842099193151, 3.1622776601683795
75, 29, 77, 197, 79, 198, -2, -1, -2.677945044588987, 2.23606797749979
75, 30, 179, 172, 179, 169, 0, 3, 1.5707963267948966, 3.0
75, 31, 113, 381, 110, 381, 3, 0, 0.0, 3.0
75, 32, 158, 214, 160, 214, -2, 0, 3.141592653589793, 2.0
76, 3, 222, 364, 221, 366, 1, -2, -1.1071487177940904, 2.23606797749979
76, 24, 216, 317, 215, 316, 1, 1, 0.7853981633974483, 1.4142135623730951
77, 5, 160, 69, 158, 69, 2, 0, 0.0, 2.0
77, 11, 154, 405, 153, 409, 1, -4, -1.3258176636680326, 4.123105625617661
77, 24, 101, 237, 100, 238, 1, -1, -0.7853981633974483, 1.4142135623730951
78, 2, 63, 112, 60, 110, 3, 2, 0.5880026035475675, 3.605551275463989
78, 8, 9, 117, 7, 118, 2, -1, -0.4636476090008061, 2.23606797749979
78, 14, 43, 219, 45, 220, -2, -1, -2.677945044588987, 2.23606797749979
78, 15, 81, 151, 82, 150, -1, 1, 2.356194490192345, 1.4142135623730951
78, 20, 121, 67, 118, 67, 3, 0, 0.0, 3.0
78, 21, 89, 153, 90, 152, -1, 1, 2.356194490192345, 1.4142135623730951
78, 24, 42, 264, 45, 264, -3, 0, 3.141592653589793, 3.0
78, 25, 160, 304, 162, 301, -2, 3, 2.158798930342464, 3.605551275463989
79, 23, 160, 302, 160, 304, 0, -2, -1.5707963267948966, 2.0
79, 26, 111, 382, 112, 381, -1, 1, 2.356194490192345, 1.4142135623730951
80, 0, 5, 162, 4, 163, 1, -1, -0.7853981633974483, 1.4142135623730951
80, 8, 58, 245, 57, 246, 1, -1, -0.7853981633974483, 1.4142135623730951
80, 11, 176, 114, 175, 115, 1, -1, -0.7853981633974483, 1.4142135623730951
80, 15, 222, 364, 221, 365, 1, -1, -0.7853981633974483, 1.4142135623730951
80, 17, 99, 301, 97, 301, 2, 0, 0.0, 2.0
80, 39, 98, 230, 96, 230, 2, 0, 0.0, 2.0
80, 50, 66, 375, 68, 375, -2, 0, 3.141592653589793, 2.0
80, 51, 157, 299, 155, 300, 2, -1, -0.4636476090008061, 2.23606797749979
80, 53, 147, 330, 149, 330, -2, 0, 3.141592653589793, 2.0
81, 12, 30, 346, 29, 347, 1, -1, -0.7853981633974483, 1.4142135623730951
81, 17, 100, 300, 99, 301, 1, -1, -0.7853981633974483, 1.4142135623730951
81, 34, 218, 308, 217, 307, 1, 1, 0.7853981633974483, 1.4142135623730951
81, 49, 64, 375, 66, 375, -2, 0, 3.141592653589793, 2.0
81, 50, 159, 298, 157, 299, 2, -1, -0.4636476090008061, 2.23606797749979
82, 12, 31, 345, 30, 346, 1, -1, -0.7853981633974483, 1.4142135623730951
82, 15, 223, 363, 222, 364, 1, -1, -0.7853981633974483, 1.4142135623730951
82, 17, 102, 300, 100, 300, 2, 0, 0.0, 2.0
82, 32, 191, 289, 190, 290, 1, -1, -0.7853981633974483, 1.4142135623730951
82, 34, 219, 309, 218, 308, 1, 1, 0.7853981633974483, 1.4142135623730951
82, 38, 101, 231, 98, 230, 3, 1, 0.3217505543966422, 3.1622776601683795
82, 40, 225, 310, 224, 309, 1, 1, 0.7853981633974483, 1.4142135623730951
82, 50, 161, 299, 159, 298, 2, 1, 0.4636476090008061, 2.23606797749979
82, 52, 177, 247, 179, 247, -2, 0, 3.141592653589793, 2.0
83, 1, 23, 244, 22, 245, 1, -1, -0.7853981633974483, 1.4142135623730951
83, 3, 37, 222, 36, 223, 1, -1, -0.7853981633974483, 1.4142135623730951
83, 12, 32, 344, 31, 345, 1, -1, -0.7853981633974483, 1.4142135623730951
83, 17, 104, 299, 102, 300, 2, -1, -0.4636476090008061, 2.23606797749979
83, 30, 94, 156, 93, 155, 1, 1, 0.7853981633974483, 1.4142135623730951
83, 34, 220, 310, 219, 309, 1, 1, 0.7853981633974483, 1.4142135623730951
83, 38, 103, 231, 101, 231, 2, 0, 0.0, 2.0
83, 40, 226, 309, 225, 310, 1, -1, -0.7853981633974483, 1.4142135623730951
83, 49, 163, 299, 161, 299, 2, 0, 0.0, 2.0
84, 0, 6, 160, 5, 161, 1, -1, -0.7853981633974483, 1.4142135623730951
84, 9, 49, 142, 47, 141, 2, 1, 0.4636476090008061, 2.23606797749979
84, 12, 34, 342, 32, 344, 2, -2, -0.7853981633974483, 2.8284271247461903
84, 15, 224, 361, 223, 362, 1, -1, -0.7853981633974483, 1.4142135623730951
84, 17, 106, 301, 104, 299, 2, 2, 0.7853981633974483, 2.8284271247461903
84, 26, 173, 360, 172, 361, 1, -1, -0.7853981633974483, 1.4142135623730951
84, 36, 68, 280, 67, 281, 1, -1, -0.7853981633974483, 1.4142135623730951
84, 38, 105, 232, 103, 231, 2, 1, 0.4636476090008061, 2.23606797749979
84, 48, 166, 299, 163, 299, 3, 0, 0.0, 3.0
85, 11, 9, 200, 7, 200, 2, 0, 0.0, 2.0
85, 13, 49, 220, 48, 219, 1, 1, 0.7853981633974483, 1.4142135623730951
85, 16, 226, 363, 225, 364, 1, -1, -0.7853981633974483, 1.4142135623730951
85, 18, 109, 235, 107, 234, 2, 1, 0.4636476090008061, 2.23606797749979
85, 19, 168, 302, 166, 301, 2, 1, 0.4636476090008061, 2.23606797749979
85, 21, 235, 234, 233, 233, 2, 1, 0.4636476090008061, 2.23606797749979
85, 22, 158, 408, 157, 409, 1, -1, -0.7853981633974483, 1.4142135623730951
85, 26, 225, 309, 223, 309, 2, 0, 0.0, 2.0
85, 28, 197, 285, 195, 284, 2, 1, 0.4636476090008061, 2.23606797749979
85, 29, 111, 304, 110, 305, 1, -1, -0.7853981633974483, 1.4142135623730951
85, 43, 179, 355, 176, 356, 3, -1, -0.3217505543966422, 3.1622776601683795
85, 46, 169, 146, 170, 145, -1, 1, 2.356194490192345, 1.4142135623730951
85, 47, 116, 119, 117, 118, -1, 1, 2.356194490192345, 1.4142135623730951
85, 51, 90, 398, 90, 400, 0, -2, -1.5707963267948966, 2.0
85, 52, 178, 85, 177, 83, 1, 2, 1.1071487177940904, 2.23606797749979
85, 54, 48, 313, 47, 314, 1, -1, -0.7853981633974483, 1.4142135623730951
85, 55, 10, 150, 9, 149, 1, 1, 0.7853981633974483, 1.4142135623730951
86, 11, 10, 201, 9, 200, 1, 1, 0.7853981633974483, 1.4142135623730951
86, 13, 51, 221, 49, 220, 2, 1, 0.4636476090008061, 2.23606797749979
86, 16, 227, 362, 226, 363, 1, -1, -0.7853981633974483, 1.4142135623730951
86, 18, 111, 236, 109, 235, 2, 1, 0.4636476090008061, 2.23606797749979
86, 19, 171, 302, 168, 302, 3, 0, 0.0, 3.0
86, 21, 237, 236, 235, 234, 2, 2, 0.7853981633974483, 2.8284271247461903
86, 22, 159, 407, 158, 408, 1, -1, -0.7853981633974483, 1.4142135623730951
86, 26, 227, 309, 225, 309, 2, 0, 0.0, 2.0
86, 29, 112, 305, 111, 304, 1, 1, 0.7853981633974483, 1.4142135623730951
86, 39, 55, 95, 57, 95, -2, 0, 3.141592653589793, 2.0
86, 43, 183, 353, 179, 355, 4, -2, -0.4636476090008061, 4.47213595499958
86, 47, 114, 119, 116, 119, -2, 0, 3.141592653589793, 2.0
86, 48, 80, 408, 79, 409, 1, -1, -0.7853981633974483, 1.4142135623730951
86, 49, 194, 335, 193, 336, 1, -1, -0.7853981633974483, 1.4142135623730951
86, 51, 93, 397, 90, 398, 3, -1, -0.3217505543966422, 3.1622776601683795
86, 52, 180, 88, 178, 85, 2, 3, 0.982793723247329, 3.605551275463989
87, 11, 12, 202, 10, 201, 2, 1, 0.4636476090008061, 2.23606797749979
87, 19, 173, 303, 171, 302, 2, 1, 0.4636476090008061, 2.23606797749979
87, 21, 239, 238, 237, 236, 2, 2, 0.7853981633974483, 2.8284271247461903
87, 22, 160, 406, 159, 407, 1, -1, -0.7853981633974483, 1.4142135623730951
87, 28, 196, 287, 197, 286, -1, 1, 2.356194490192345, 1.4142135623730951
87, 29, 114, 305, 112, 305, 2, 0, 0.0, 2.0
87, 32, 86, 197, 85, 198, 1, -1, -0.7853981633974483, 1.4142135623730951
87, 35, 223, 317, 222, 318, 1, -1, -0.7853981633974483, 1.4142135623730951
87, 41, 162, 308, 161, 309, 1, -1, -0.7853981633974483, 1.4142135623730951
87, 42, 120, 219, 119, 218, 1, 1, 0.7853981633974483, 1.4142135623730951
87, 43, 187, 351, 183, 353, 4, -2, -0.4636476090008061, 4.47213595499958
87, 44, 227, 238, 226, 237, 1, 1, 0.7853981633974483, 1.4142135623730951
87, 49, 195, 334, 194, 335, 1, -1, -0.7853981633974483, 1.4142135623730951
87, 51, 95, 396, 93, 397, 2, -1, -0.4636476090008061, 2.23606797749979
87, 52, 180, 90, 180, 88, 0, 2, 1.5707963267948966, 2.0
87, 54, 9, 151, 10, 150, -1, 1, 2.356194490192345, 1.4142135623730951
88, 2, 7, 162, 6, 163, 1, -1, -0.7853981633974483, 1.4142135623730951
88, 13, 54, 221, 52, 221, 2, 0, 0.0, 2.0
88, 14, 166, 217, 165, 218, 1, -1, -0.7853981633974483, 1.4142135623730951
88, 16, 229, 361, 227, 361, 2, 0, 0.0, 2.0
88, 19, 175, 303, 173, 303, 2, 0, 0.0, 2.0
88, 20, 32, 353, 31, 354, 1, -1, -0.7853981633974483, 1.4142135623730951
88, 21, 242, 241, 239, 238, 3, 3, 0.7853981633974483, 4.242640687119285
88, 22, 161, 405, 160, 406, 1, -1, -0.7853981633974483, 1.4142135623730951
88, 26, 231, 308, 228, 309, 3, -1, -0.3217505543966422, 3.1622776601683795
88, 28, 117, 305, 114, 305, 3, 0, 0.0, 3.0
88, 32, 180, 179, 181, 178, -1, 1, 2.356194490192345, 1.4142135623730951
88, 33, 201, 334, 200, 333, 1, 1, 0.7853981633974483, 1.4142135623730951
88, 40, 121, 220, 120, 219, 1, 1, 0.7853981633974483, 1.4142135623730951
88, 41, 191, 350, 187, 351, 4, -1, -0.24497866312686414, 4.123105625617661
88, 46, 81, 406, 80, 408, 1, -2, -1.1071487177940904, 2.23606797749979
88, 48, 50, 269, 49, 268, 1, 1, 0.7853981633974483, 1.4142135623730951
88, 49, 98, 395, 95, 396, 3, -1, -0.3217505543966422, 3.1622776601683795
88, 50, 181, 93, 180, 90, 1, 3, 1.2490457723982544, 3.1622776601683795
88, 52, 7, 150, 9, 151, -2, -1, -2.677945044588987, 2.23606797749979
89, 13, 56, 221, 54, 221, 2, 0, 0.0, 2.0
89, 14, 168, 218, 166, 217, 2, 1, 0.4636476090008061, 2.23606797749979
89, 16, 230, 360, 229, 361, 1, -1, -0.7853981633974483, 1.4142135623730951
89, 17, 65, 115, 64, 114, 1, 1, 0.7853981633974483, 1.4142135623730951
89, 18, 115, 239, 111, 237, 4, 2, 0.4636476090008061, 4.47213595499958
89, 20, 33, 352, 32, 353, 1, -1, -0.7853981633974483, 1.4142135623730951
89, 21, 243, 243, 242, 241, 1, 2, 1.1071487177940904, 2.23606797749979
89, 22, 162, 404, 161, 405, 1, -1, -0.7853981633974483, 1.4142135623730951
89, 24, 19, 398, 18, 399, 1, -1, -0.7853981633974483, 1.4142135623730951
89, 26, 234, 309, 231, 308, 3, 1, 0.3217505543966422, 3.1622776601683795
89, 30, 13, 123, 12, 122, 1, 1, 0.7853981633974483, 1.4142135623730951
89, 40, 122, 221, 121, 220, 1, 1, 0.7853981633974483, 1.4142135623730951
89, 43, 108, 349, 107, 350, 1, -1, -0.7853981633974483, 1.4142135623730951
89, 45, 113, 119, 114, 118, -1, 1, 2.356194490192345, 1.4142135623730951
89, 48, 50, 271, 50, 269, 0, 2, 1.5707963267948966, 2.0
89, 49, 100, 394, 98, 395, 2, -1, -0.4636476090008061, 2.23606797749979
90, 2, 85, 155, 84, 154, 1, 1, 0.7853981633974483, 1.4142135623730951
90, 11, 231, 362, 229, 363, 2, -1, -0.4636476090008061, 2.23606797749979
90, 14, 34, 355, 33, 356, 1, -1, -0.7853981633974483, 1.4142135623730951
90, 16, 180, 183, 179, 182, 1, 1, 0.7853981633974483, 1.4142135623730951
90, 18, 166, 218, 165, 217, 1, 1, 0.7853981633974483, 1.4142135623730951
90, 19, 52, 274, 51, 275, 1, -1, -0.7853981633974483, 1.4142135623730951
90, 22, 178, 364, 177, 365, 1, -1, -0.7853981633974483, 1.4142135623730951
90, 24, 114, 385, 113, 386, 1, -1, -0.7853981633974483, 1.4142135623730951
90, 28, 204, 337, 203, 338, 1, -1, -0.7853981633974483, 1.4142135623730951
90, 30, 44, 146, 43, 145, 1, 1, 0.7853981633974483, 1.4142135623730951
90, 34, 15, 300, 14, 301, 1, -1, -0.7853981633974483, 1.4142135623730951
90, 45, 146, 274, 145, 273, 1, 1, 0.7853981633974483, 1.4142135623730951
90, 47, 44, 94, 43, 93, 1, 1, 0.7853981633974483, 1.4142135623730951
90, 49, 45, 348, 44, 349, 1, -1, -0.7853981633974483, 1.4142135623730951
90, 51, 35, 249, 34, 250, 1, -1, -0.7853981633974483, 1.4142135623730951
90, 59, 30, 395, 29, 396, 1, -1, -0.7853981633974483, 1.4142135623730951
90, 61, 179, 120, 178, 119, 1, 1, 0.7853981633974483, 1.4142135623730951
90, 66, 122, 386, 121, 387, 1, -1, -0.7853981633974483, 1.4142135623730951
90, 72, 144, 93, 145, 92, -1, 1, 2.356194490192345, 1.4142135623730951
90, 76, 107, 351, 106, 352, 1, -1, -0.7853981633974483, 1.4142135623730951
90, 79, 58, 349, 56, 349, 2, 0, 0.0, 2.0
91, 11, 232, 361, 231, 362, 1, -1, -0.7853981633974483, 1.4142135623730951
91, 12, 46, 194, 48, 195, -2, -1, -2.677945044588987, 2.23606797749979
91, 14, 35, 354, 34, 355, 1, -1, -0.7853981633974483, 1.4142135623730951
91, 15, 66, 116, 65, 115, 1, 1, 0.7853981633974483, 1.4142135623730951
91, 17, 161, 404, 160, 405, 1, -1, -0.7853981633974483, 1.4142135623730951
91, 21, 124, 222, 123, 221, 1, 1, 0.7853981633974483, 1.4142135623730951
91, 24, 115, 384, 114, 385, 1, -1, -0.7853981633974483, 1.4142135623730951
91, 27, 205, 335, 204, 337, 1, -2, -1.1071487177940904, 2.23606797749979
91, 31, 241, 242, 242, 241, -1, 1, 2.356194490192345, 1.4142135623730951
91, 36, 197, 209, 196, 208, 1, 1, 0.7853981633974483, 1.4142135623730951
91, 39, 30, 191, 29, 192, 1, -1, -0.7853981633974483, 1.4142135623730951
91, 40, 53, 314, 51, 314, 2, 0, 0.0, 2.0
91, 42, 7, 206, 6, 207, 1, -1, -0.7853981633974483, 1.4142135623730951
91, 44, 109, 342, 108, 343, 1, -1, -0.7853981633974483, 1.4142135623730951
91, 46, 234, 239, 233, 238, 1, 1, 0.7853981633974483, 1.4142135623730951
91, 52, 85, 195, 86, 197, -1, -2, -2.0344439357957027, 2.23606797749979
91, 54, 83, 409, 82, 410, 1, -1, -0.7853981633974483, 1.4142135623730951
91, 55, 6, 272, 9, 272, -3, 0, 3.141592653589793, 3.0
91, 61, 22, 121, 21, 120, 1, 1, 0.7853981633974483, 1.4142135623730951
91, 63, 122, 384, 122, 386, 0, -2, -1.5707963267948966, 2.0
91, 64, 89, 206, 88, 205, 1, 1, 0.7853981633974483, 1.4142135623730951
91, 67, 6, 239, 5, 238, 1, 1, 0.7853981633974483, 1.4142135623730951
91, 68, 141, 187, 139, 187, 2, 0, 0.0, 2.0
91, 72, 108, 350, 107, 351, 1, -1, -0.7853981633974483, 1.4142135623730951
91, 75, 60, 348, 58, 349, 2, -1, -0.4636476090008061, 2.23606797749979
92, 2, 87, 156, 86, 155, 1, 1, 0.7853981633974483, 1.4142135623730951
92, 7, 159, 219, 158, 218, 1, 1, 0.7853981633974483, 1.4142135623730951
92, 10, 175, 253, 174, 252, 1, 1, 0.7853981633974483, 1.4142135623730951
92, 11, 235, 359, 232, 361, 3, -2, -0.5880026035475675, 3.605551275463989
92, 13, 24, 402, 22, 403, 2, -1, -0.4636476090008061, 2.23606797749979
92, 14, 36, 353, 35, 354, 1, -1, -0.7853981633974483, 1.4142135623730951
92, 16, 181, 185, 180, 184, 1, 1, 0.7853981633974483, 1.4142135623730951
92, 17, 162, 402, 161, 404, 1, -2, -1.1071487177940904, 2.23606797749979
92, 18, 167, 220, 166, 219, 1, 1, 0.7853981633974483, 1.4142135623730951
92, 20, 99, 158, 98, 157, 1, 1, 0.7853981633974483, 1.4142135623730951
92, 22, 180, 363, 179, 364, 1, -1, -0.7853981633974483, 1.4142135623730951
92, 23, 58, 224, 57, 223, 1, 1, 0.7853981633974483, 1.4142135623730951
92, 24, 116, 383, 115, 384, 1, -1, -0.7853981633974483, 1.4142135623730951
92, 29, 46, 147, 45, 146, 1, 1, 0.7853981633974483, 1.4142135623730951
92, 40, 54, 315, 53, 314, 1, 1, 0.7853981633974483, 1.4142135623730951
92, 44, 110, 341, 109, 342, 1, -1, -0.7853981633974483, 1.4142135623730951
92, 46, 235, 240, 234, 239, 1, 1, 0.7853981633974483, 1.4142135623730951
92, 51, 229, 319, 227, 318, 2, 1, 0.4636476090008061, 2.23606797749979
92, 53, 75, 286, 73, 286, 2, 0, 0.0, 2.0
92, 56, 32, 394, 31, 395, 1, -1, -0.7853981633974483, 1.4142135623730951
92, 59, 154, 278, 153, 277, 1, 1, 0.7853981633974483, 1.4142135623730951
92, 60, 216, 179, 215, 178, 1, 1, 0.7853981633974483, 1.4142135623730951
92, 70, 118, 242, 119, 241, -1, 1, 2.356194490192345, 1.4142135623730951
92, 72, 109, 349, 108, 350, 1, -1, -0.7853981633974483, 1.4142135623730951
92, 73, 76, 344, 75, 345, 1, -1, -0.7853981633974483, 1.4142135623730951
92, 75, 61, 347, 60, 348, 1, -1, -0.7853981633974483, 1.4142135623730951
93, 3, 105, 206, 104, 205, 1, 1, 0.7853981633974483, 1.4142135623730951
93, 4, 64, 248, 63, 247, 1, 1, 0.7853981633974483, 1.4142135623730951
93, 5, 46, 224, 44, 224, 2, 0, 0.0, 2.0
93, 7, 161, 219, 159, 219, 2, 0, 0.0, 2.0
93, 13, 25, 401, 24, 402, 1, -1, -0.7853981633974483, 1.4142135623730951
93, 14, 37, 352, 36, 353, 1, -1, -0.7853981633974483, 1.4142135623730951
93, 15, 68, 117, 67, 116, 1, 1, 0.7853981633974483, 1.4142135623730951
93, 17, 164, 401, 162, 402, 2, -1, -0.4636476090008061, 2.23606797749979
93, 18, 168, 221, 167, 220, 1, 1, 0.7853981633974483, 1.4142135623730951
93, 19, 55, 275, 54, 274, 1, 1, 0.7853981633974483, 1.4142135623730951
93, 22, 181, 361, 180, 363, 1, -2, -1.1071487177940904, 2.23606797749979
93, 24, 117, 382, 116, 383, 1, -1, -0.7853981633974483, 1.4142135623730951
93, 26, 103, 243, 102, 242, 1, 1, 0.7853981633974483, 1.4142135623730951
93, 27, 207, 334, 206, 335, 1, -1, -0.7853981633974483, 1.4142135623730951
93, 30, 95, 81, 94, 80, 1, 1, 0.7853981633974483, 1.4142135623730951
93, 32, 112, 274, 111, 273, 1, 1, 0.7853981633974483, 1.4142135623730951
93, 36, 199, 210, 198, 209, 1, 1, 0.7853981633974483, 1.4142135623730951
93, 38, 109, 312, 107, 312, 2, 0, 0.0, 2.0
93, 40, 56, 315, 54, 315, 2, 0, 0.0, 2.0
93, 42, 9, 205, 8, 206, 1, -1, -0.7853981633974483, 1.4142135623730951
93, 43, 148, 275, 147, 274, 1, 1, 0.7853981633974483, 1.4142135623730951
93, 44, 112, 342, 110, 341, 2, 1, 0.4636476090008061, 2.23606797749979
93, 46, 236, 241, 235, 240, 1, 1, 0.7853981633974483, 1.4142135623730951
93, 53, 84, 408, 83, 409, 1, -1, -0.7853981633974483, 1.4142135623730951
93, 54, 5, 270, 6, 272, -1, -2, -2.0344439357957027, 2.23606797749979
93, 59, 217, 180, 216, 179, 1, 1, 0.7853981633974483, 1.4142135623730951
93, 64, 61, 156, 60, 157, 1, -1, -0.7853981633974483, 1.4142135623730951
93, 68, 120, 162, 119, 161, 1, 1, 0.7853981633974483, 1.4142135623730951
93, 70, 163, 304, 162, 303, 1, 1, 0.7853981633974483, 1.4142135623730951
93, 73, 179, 177, 178, 176, 1, 1, 0.7853981633974483, 1.4142135623730951
94, 0, 32, 245, 31, 246, 1, -1, -0.7853981633974483, 1.4142135623730951
94, 2, 89, 157, 88, 156, 1, 1, 0.7853981633974483, 1.4142135623730951
94, 11, 238, 358, 236, 359, 2, -1, -0.4636476090008061, 2.23606797749979
94, 13, 26, 400, 25, 401, 1, -1, -0.7853981633974483, 1.4142135623730951
94, 14, 38, 351, 37, 352, 1, -1, -0.7853981633974483, 1.4142135623730951
94, 16, 182, 186, 181, 185, 1, 1, 0.7853981633974483, 1.4142135623730951
94, 17, 166, 400, 164, 401, 2, -1, -0.4636476090008061, 2.23606797749979
94, 20, 100, 160, 99, 159, 1, 1, 0.7853981633974483, 1.4142135623730951
94, 22, 183, 360, 181, 361, 2, -1, -0.4636476090008061, 2.23606797749979
94, 24, 119, 381, 117, 382, 2, -1, -0.4636476090008061, 2.23606797749979
94, 25, 167, 310, 166, 311, 1, -1, -0.7853981633974483, 1.4142135623730951
94, 38, 111, 312, 109, 312, 2, 0, 0.0, 2.0
94, 45, 45, 95, 44, 94, 1, 1, 0.7853981633974483, 1.4142135623730951
94, 46, 237, 242, 236, 241, 1, 1, 0.7853981633974483, 1.4142135623730951
94, 48, 192, 289, 190, 287, 2, 2, 0.7853981633974483, 2.8284271247461903
94, 50, 52, 224, 51, 225, 1, -1, -0.7853981633974483, 1.4142135623730951
94, 52, 77, 287, 76, 286, 1, 1, 0.7853981633974483, 1.4142135623730951
94, 53, 85, 407, 84, 408, 1, -1, -0.7853981633974483, 1.4142135623730951
94, 59, 218, 181, 217, 180, 1, 1, 0.7853981633974483, 1.4142135623730951
94, 60, 24, 122, 23, 121, 1, 1, 0.7853981633974483, 1.4142135623730951
94, 66, 9, 238, 8, 239, 1, -1, -0.7853981633974483, 1.4142135623730951
94, 70, 164, 305, 163, 304, 1, 1, 0.7853981633974483, 1.4142135623730951
94, 71, 111, 348, 110, 349, 1, -1, -0.7853981633974483, 1.4142135623730951
94, 74, 62, 344, 61, 346, 1, -2, -1.1071487177940904, 2.23606797749979
95, 0, 11, 168, 10, 167, 1, 1, 0.7853981633974483, 1.4142135623730951
95, 4, 31, 245, 30, 246, 1, -1, -0.7853981633974483, 1.4142135623730951
95, 13, 25, 399, 24, 400, 1, -1, -0.7853981633974483, 1.4142135623730951
95, 14, 126, 224, 125, 223, 1, 1, 0.7853981633974483, 1.4142135623730951
95, 15, 39, 355, 38, 356, 1, -1, -0.7853981633974483, 1.4142135623730951
95, 17, 177, 252, 176, 251, 1, 1, 0.7853981633974483, 1.4142135623730951
95, 18, 231, 320, 229, 320, 2, 0, 0.0, 2.0
95, 21, 236, 360, 235, 361, 1, -1, -0.7853981633974483, 1.4142135623730951
95, 22, 118, 384, 117, 385, 1, -1, -0.7853981633974483, 1.4142135623730951
95, 29, 196, 292, 194, 290, 2, 2, 0.7853981633974483, 2.8284271247461903
95, 30, 169, 404, 168, 405, 1, -1, -0.7853981633974483, 1.4142135623730951
95, 34, 184, 186, 183, 185, 1, 1, 0.7853981633974483, 1.4142135623730951
95, 36, 108, 313, 106, 313, 2, 0, 0.0, 2.0
95, 40, 231, 313, 230, 312, 1, 1, 0.7853981633974483, 1.4142135623730951
95, 41, 146, 332, 145, 333, 1, -1, -0.7853981633974483, 1.4142135623730951
95, 42, 220, 180, 219, 179, 1, 1, 0.7853981633974483, 1.4142135623730951
95, 44, 185, 362, 184, 363, 1, -1, -0.7853981633974483, 1.4142135623730951
95, 49, 84, 407, 83, 409, 1, -2, -1.1071487177940904, 2.23606797749979
95, 50, 172, 311, 170, 311, 2, 0, 0.0, 2.0
95, 51, 180, 358, 178, 359, 2, -1, -0.4636476090008061, 2.23606797749979
95, 52, 77, 287, 75, 287, 2, 0, 0.0, 2.0
95, 55, 10, 238, 9, 239, 1, -1, -0.7853981633974483, 1.4142135623730951
95, 59, 111, 304, 108, 305, 3, -1, -0.3217505543966422, 3.1622776601683795
95, 60, 106, 238, 104, 238, 2, 0, 0.0, 2.0
95, 62, 229, 240, 227, 238, 2, 2, 0.7853981633974483, 2.8284271247461903
95, 65, 174, 222, 173, 221, 1, 1, 0.7853981633974483, 1.4142135623730951
95, 68, 14, 372, 12, 373, 2, -1, -0.4636476090008061, 2.23606797749979
96, 2, 185, 123, 184, 122, 1, 1, 0.7853981633974483, 1.4142135623730951
96, 5, 47, 226, 46, 225, 1, 1, 0.7853981633974483, 1.4142135623730951
96, 12, 70, 119, 68, 119, 2, 0, 0.0, 2.0
96, 15, 40, 354, 39, 355, 1, -1, -0.7853981633974483, 1.4142135623730951
96, 18, 232, 319, 231, 320, 1, -1, -0.7853981633974483, 1.4142135623730951
96, 20, 19, 125, 18, 124, 1, 1, 0.7853981633974483, 1.4142135623730951
96, 21, 237, 359, 236, 360, 1, -1, -0.7853981633974483, 1.4142135623730951
96, 29, 199, 294, 196, 292, 3, 2, 0.5880026035475675, 3.605551275463989
96, 30, 170, 403, 169, 404, 1, -1, -0.7853981633974483, 1.4142135623730951
96, 34, 185, 187, 184, 186, 1, 1, 0.7853981633974483, 1.4142135623730951
96, 36, 109, 312, 108, 313, 1, -1, -0.7853981633974483, 1.4142135623730951
96, 38, 48, 346, 47, 347, 1, -1, -0.7853981633974483, 1.4142135623730951
96, 42, 221, 181, 220, 180, 1, 1, 0.7853981633974483, 1.4142135623730951
96, 46, 9, 206, 8, 205, 1, 1, 0.7853981633974483, 1.4142135623730951
96, 48, 85, 406, 84, 407, 1, -1, -0.7853981633974483, 1.4142135623730951
96, 50, 181, 357, 180, 358, 1, -1, -0.7853981633974483, 1.4142135623730951
96, 54, 236, 245, 235, 244, 1, 1, 0.7853981633974483, 1.4142135623730951
96, 55, 113, 305, 111, 304, 2, 1, 0.4636476090008061, 2.23606797749979
96, 56, 107, 239, 106, 238, 1, 1, 0.7853981633974483, 1.4142135623730951
96, 58, 230, 241, 229, 240, 1, 1, 0.7853981633974483, 1.4142135623730951
96, 59, 59, 153, 57, 152, 2, 1, 0.4636476090008061, 2.23606797749979
96, 64, 15, 371, 14, 372, 1, -1, -0.7853981633974483, 1.4142135623730951
97, 1, 72, 250, 71, 249, 1, 1, 0.7853981633974483, 1.4142135623730951
97, 12, 71, 120, 70, 119, 1, 1, 0.7853981633974483, 1.4142135623730951
97, 13, 26, 397, 25, 398, 1, -1, -0.7853981633974483, 1.4142135623730951
97, 15, 41, 353, 40, 354, 1, -1, -0.7853981633974483, 1.4142135623730951
97, 16, 199, 213, 198, 212, 1, 1, 0.7853981633974483, 1.4142135623730951
97, 18, 234, 319, 232, 319, 2, 0, 0.0, 2.0
97, 21, 238, 357, 237, 359, 1, -2, -1.1071487177940904, 2.23606797749979
97, 22, 120, 383, 119, 384, 1, -1, -0.7853981633974483, 1.4142135623730951
97, 26, 201, 295, 199, 294, 2, 1, 0.4636476090008061, 2.23606797749979
97, 27, 171, 402, 170, 403, 1, -1, -0.7853981633974483, 1.4142135623730951
97, 29, 47, 153, 46, 152, 1, 1, 0.7853981633974483, 1.4142135623730951
97, 31, 208, 336, 207, 337, 1, -1, -0.7853981633974483, 1.4142135623730951
97, 34, 49, 345, 48, 346, 1, -1, -0.7853981633974483, 1.4142135623730951
97, 36, 234, 312, 232, 313, 2, -1, -0.4636476090008061, 2.23606797749979
97, 37, 147, 330, 146, 331, 1, -1, -0.7853981633974483, 1.4142135623730951
97, 40, 186, 359, 185, 361, 1, -2, -1.1071487177940904, 2.23606797749979
97, 44, 86, 405, 85, 406, 1, -1, -0.7853981633974483, 1.4142135623730951
97, 46, 183, 357, 181, 357, 2, 0, 0.0, 2.0
97, 47, 79, 288, 78, 287, 1, 1, 0.7853981633974483, 1.4142135623730951
97, 51, 116, 305, 113, 305, 3, 0, 0.0, 3.0
97, 53, 111, 349, 110, 350, 1, -1, -0.7853981633974483, 1.4142135623730951
97, 54, 232, 242, 230, 241, 2, 1, 0.4636476090008061, 2.23606797749979
97, 57, 127, 383, 126, 384, 1, -1, -0.7853981633974483, 1.4142135623730951
97, 59, 16, 369, 15, 371, 1, -2, -1.1071487177940904, 2.23606797749979
98, 6, 89, 159, 88, 158, 1, 1, 0.7853981633974483, 1.4142135623730951
98, 7, 106, 205, 105, 206, 1, -1, -0.7853981633974483, 1.4142135623730951
98, 9, 164, 221, 163, 220, 1, 1, 0.7853981633974483, 1.4142135623730951
98, 12, 72, 121, 71, 120, 1, 1, 0.7853981633974483, 1.4142135623730951
98, 13, 27, 396, 26, 397, 1, -1, -0.7853981633974483, 1.4142135623730951
98, 15, 42, 352, 41, 353, 1, -1, -0.7853981633974483, 1.4142135623730951
98, 17, 180, 253, 179, 252, 1, 1, 0.7853981633974483, 1.4142135623730951
98, 18, 236, 319, 234, 319, 2, 0, 0.0, 2.0
98, 20, 22, 126, 20, 125, 2, 1, 0.4636476090008061, 2.23606797749979
98, 21, 239, 356, 238, 357, 1, -1, -0.7853981633974483, 1.4142135623730951
98, 22, 121, 382, 120, 383, 1, -1, -0.7853981633974483, 1.4142135623730951
98, 23, 33, 193, 32, 192, 1, 1, 0.7853981633974483, 1.4142135623730951
98, 24, 59, 275, 58, 276, 1, -1, -0.7853981633974483, 1.4142135623730951
98, 27, 172, 401, 171, 402, 1, -1, -0.7853981633974483, 1.4142135623730951
98, 30, 187, 188, 186, 187, 1, 1, 0.7853981633974483, 1.4142135623730951
98, 33, 50, 344, 49, 345, 1, -1, -0.7853981633974483, 1.4142135623730951
98, 34, 236, 312, 234, 312, 2, 0, 0.0, 2.0
98, 42, 87, 404, 86, 405, 1, -1, -0.7853981633974483, 1.4142135623730951
98, 43, 175, 310, 174, 311, 1, -1, -0.7853981633974483, 1.4142135623730951
98, 44, 184, 355, 183, 357, 1, -2, -1.1071487177940904, 2.23606797749979
98, 47, 13, 237, 12, 238, 1, -1, -0.7853981633974483, 1.4142135623730951
98, 48, 235, 246, 236, 245, -1, 1, 2.356194490192345, 1.4142135623730951
98, 49, 118, 304, 116, 305, 2, -1, -0.4636476090008061, 2.23606797749979
98, 51, 112, 348, 111, 349, 1, -1, -0.7853981633974483, 1.4142135623730951
98, 54, 128, 382, 127, 383, 1, -1, -0.7853981633974483, 1.4142135623730951
98, 56, 17, 368, 16, 369, 1, -1, -0.7853981633974483, 1.4142135623730951
99, 1, 75, 250, 73, 250, 2, 0, 0.0, 2.0
99, 3, 90, 82, 89, 81, 1, 1, 0.7853981633974483, 1.4142135623730951
99, 12, 73, 122, 72, 121, 1, 1, 0.7853981633974483, 1.4142135623730951
99, 13, 28, 395, 27, 396, 1, -1, -0.7853981633974483, 1.4142135623730951
99, 15, 43, 351, 42, 352, 1, -1, -0.7853981633974483, 1.4142135623730951
99, 16, 200, 214, 199, 213, 1, 1, 0.7853981633974483, 1.4142135623730951
99, 17, 182, 252, 180, 253, 2, -1, -0.4636476090008061, 2.23606797749979
99, 18, 238, 320, 236, 319, 2, 1, 0.4636476090008061, 2.23606797749979
99, 21, 240, 354, 239, 356, 1, -2, -1.1071487177940904, 2.23606797749979
99, 24, 61, 275, 59, 275, 2, 0, 0.0, 2.0
99, 25, 243, 315, 241, 315, 2, 0, 0.0, 2.0
99, 27, 173, 400, 172, 401, 1, -1, -0.7853981633974483, 1.4142135623730951
99, 31, 210, 335, 209, 336, 1, -1, -0.7853981633974483, 1.4142135623730951
99, 35, 149, 330, 147, 331, 2, -1, -0.4636476090008061, 2.23606797749979
99, 36, 223, 182, 222, 181, 1, 1, 0.7853981633974483, 1.4142135623730951
99, 40, 11, 207, 10, 206, 1, 1, 0.7853981633974483, 1.4142135623730951
99, 43, 176, 308, 175, 310, 1, -2, -1.1071487177940904, 2.23606797749979
99, 44, 185, 354, 184, 355, 1, -1, -0.7853981633974483, 1.4142135623730951
99, 46, 60, 316, 59, 315, 1, 1, 0.7853981633974483, 1.4142135623730951
99, 48, 236, 247, 235, 246, 1, 1, 0.7853981633974483, 1.4142135623730951
99, 51, 113, 347, 112, 348, 1, -1, -0.7853981633974483, 1.4142135623730951
99, 54, 128, 379, 128, 382, 0, -3, -1.5707963267948966, 3.0
99, 55, 49, 93, 50, 92, -1, 1, 2.356194490192345, 1.4142135623730951
100, 1, 14, 169, 13, 168, 1, 1, 0.7853981633974483, 1.4142135623730951
100, 3, 50, 227, 49, 226, 1, 1, 0.7853981633974483, 1.4142135623730951
100, 6, 241, 357, 240, 359, 1, -2, -1.1071487177940904, 2.23606797749979
100, 7, 189, 123, 188, 122, 1, 1, 0.7853981633974483, 1.4142135623730951
100, 8, 138, 167, 137, 166, 1, 1, 0.7853981633974483, 1.4142135623730951
100, 9, 30, 400, 29, 401, 1, -1, -0.7853981633974483, 1.4142135623730951
100, 10, 131, 227, 130, 226, 1, 1, 0.7853981633974483, 1.4142135623730951
100, 11, 164, 222, 163, 221, 1, 1, 0.7853981633974483, 1.4142135623730951
100, 16, 124, 311, 122, 312, 2, -1, -0.4636476090008061, 2.23606797749979
100, 17, 172, 401, 171, 402, 1, -1, -0.7853981633974483, 1.4142135623730951
100, 18, 207, 296, 206, 297, 1, -1, -0.7853981633974483, 1.4142135623730951
100, 19, 36, 249, 34, 249, 2, 0, 0.0, 2.0
100, 20, 22, 128, 21, 127, 1, 1, 0.7853981633974483, 1.4142135623730951
100, 24, 152, 277, 151, 276, 1, 1, 0.7853981633974483, 1.4142135623730951
100, 30, 121, 384, 120, 385, 1, -1, -0.7853981633974483, 1.4142135623730951
100, 35, 212, 335, 211, 336, 1, -1, -0.7853981633974483, 1.4142135623730951
100, 36, 6, 375, 4, 376, 2, -1, -0.4636476090008061, 2.23606797749979
100, 41, 238, 313, 236, 313, 2, 0, 0.0, 2.0
100, 46, 124, 166, 123, 165, 1, 1, 0.7853981633974483, 1.4142135623730951
100, 47, 171, 312, 169, 313, 2, -1, -0.4636476090008061, 2.23606797749979
100, 48, 60, 315, 59, 316, 1, -1, -0.7853981633974483, 1.4142135623730951
100, 52, 187, 185, 186, 184, 1, 1, 0.7853981633974483, 1.4142135623730951
100, 53, 232, 242, 231, 239, 1, 3, 1.2490457723982544, 3.1622776601683795
100, 58, 131, 167, 130, 166, 1, 1, 0.7853981633974483, 1.4142135623730951
100, 60, 196, 132, 195, 130, 1, 2, 1.1071487177940904, 2.23606797749979
100, 61, 29, 126, 28, 125, 1, 1, 0.7853981633974483, 1.4142135623730951
100, 62, 82, 345, 81, 346, 1, -1, -0.7853981633974483, 1.4142135623730951
100, 63, 96, 212, 95, 211, 1, 1, 0.7853981633974483, 1.4142135623730951
100, 66, 63, 378, 62, 379, 1, -1, -0.7853981633974483, 1.4142135623730951
100, 75, 185, 363, 184, 364, 1, -1, -0.7853981633974483, 1.4142135623730951
101, 0, 92, 82, 91, 81, 1, 1, 0.7853981633974483, 1.4142135623730951
101, 2, 8, 209, 7, 208, 1, 1, 0.7853981633974483, 1.4142135623730951
101, 6, 242, 356, 241, 357, 1, -1, -0.7853981633974483, 1.4142135623730951
101, 8, 139, 168, 138, 167, 1, 1, 0.7853981633974483, 1.4142135623730951
101, 9, 31, 399, 30, 400, 1, -1, -0.7853981633974483, 1.4142135623730951
101, 12, 112, 208, 110, 207, 2, 1, 0.4636476090008061, 2.23606797749979
101, 13, 73, 123, 72, 122, 1, 1, 0.7853981633974483, 1.4142135623730951
101, 17, 173, 400, 172, 401, 1, -1, -0.7853981633974483, 1.4142135623730951
101, 19, 37, 248, 36, 249, 1, -1, -0.7853981633974483, 1.4142135623730951
101, 20, 23, 129, 22, 128, 1, 1, 0.7853981633974483, 1.4142135623730951
101, 27, 43, 349, 41, 350, 2, -1, -0.4636476090008061, 2.23606797749979
101, 30, 122, 383, 121, 384, 1, -1, -0.7853981633974483, 1.4142135623730951
101, 31, 45, 247, 43, 246, 2, 1, 0.4636476090008061, 2.23606797749979
101, 32, 245, 247, 247, 248, -2, -1, -2.677945044588987, 2.23606797749979
101, 33, 38, 196, 34, 194, 4, 2, 0.4636476090008061, 4.47213595499958
101, 35, 213, 333, 212, 335, 1, -2, -1.1071487177940904, 2.23606797749979
101, 36, 8, 374, 6, 375, 2, -1, -0.4636476090008061, 2.23606797749979
101, 39, 24, 170, 23, 169, 1, 1, 0.7853981633974483, 1.4142135623730951
101, 40, 180, 310, 178, 310, 2, 0, 0.0, 2.0
101, 41, 240, 313, 238, 313, 2, 0, 0.0, 2.0
101, 42, 118, 346, 117, 347, 1, -1, -0.7853981633974483, 1.4142135623730951
101, 43, 107, 245, 105, 245, 2, 0, 0.0, 2.0
101, 47, 172, 311, 171, 312, 1, -1, -0.7853981633974483, 1.4142135623730951
101, 50, 52, 201, 54, 203, -2, -2, -2.356194490192345, 2.8284271247461903
101, 51, 20, 209, 19, 208, 1, 1, 0.7853981633974483, 1.4142135623730951
101, 53, 234, 246, 232, 242, 2, 4, 1.1071487177940904, 4.47213595499958
101, 57, 27, 367, 24, 368, 3, -1, -0.3217505543966422, 3.1622776601683795
101, 59, 147, 197, 144, 194, 3, 3, 0.7853981633974483, 4.242640687119285
101, 60, 196, 134, 196, 132, 0, 2, 1.5707963267948966, 2.0
101, 62, 83, 344, 82, 345, 1, -1, -0.7853981633974483, 1.4142135623730951
101, 65, 210, 93, 209, 92, 1, 1, 0.7853981633974483, 1.4142135623730951
101, 68, 153, 197, 156, 201, -3, -4, -2.214297435588181, 5.0
101, 69, 173, 85, 172, 84, 1, 1, 0.7853981633974483, 1.4142135623730951
101, 75, 186, 362, 185, 363, 1, -1, -0.7853981633974483, 1.4142135623730951
101, 76, 9, 156, 11, 158, -2, -2, -2.356194490192345, 2.8284271247461903
102, 5, 91, 162, 90, 161, 1, 1, 0.7853981633974483, 1.4142135623730951
102, 6, 244, 355, 242, 356, 2, -1, -0.4636476090008061, 2.23606797749979
102, 7, 190, 125, 189, 124, 1, 1, 0.7853981633974483, 1.4142135623730951
102, 8, 140, 169, 139, 168, 1, 1, 0.7853981633974483, 1.4142135623730951
102, 9, 32, 398, 31, 399, 1, -1, -0.7853981633974483, 1.4142135623730951
102, 10, 132, 229, 131, 228, 1, 1, 0.7853981633974483, 1.4142135623730951
102, 11, 166, 223, 165, 222, 1, 1, 0.7853981633974483, 1.4142135623730951
102, 12, 113, 209, 112, 208, 1, 1, 0.7853981633974483, 1.4142135623730951
102, 15, 85, 193, 83, 193, 2, 0, 0.0, 2.0
102, 17, 175, 399, 173, 400, 2, -1, -0.4636476090008061, 2.23606797749979
102, 18, 208, 296, 207, 295, 1, 1, 0.7853981633974483, 1.4142135623730951
102, 21, 203, 216, 202, 214, 1, 2, 1.1071487177940904, 2.23606797749979
102, 23, 50, 156, 49, 155, 1, 1, 0.7853981633974483, 1.4142135623730951
102, 24, 154, 278, 153, 277, 1, 1, 0.7853981633974483, 1.4142135623730951
102, 28, 245, 316, 243, 316, 2, 0, 0.0, 2.0
102, 31, 46, 248, 45, 247, 1, 1, 0.7853981633974483, 1.4142135623730951
102, 32, 243, 246, 245, 247, -2, -1, -2.677945044588987, 2.23606797749979
102, 34, 239, 322, 237, 322, 2, 0, 0.0, 2.0
102, 36, 9, 373, 8, 374, 1, -1, -0.7853981633974483, 1.4142135623730951
102, 37, 66, 277, 64, 277, 2, 0, 0.0, 2.0
102, 41, 119, 345, 118, 346, 1, -1, -0.7853981633974483, 1.4142135623730951
102, 45, 125, 167, 124, 166, 1, 1, 0.7853981633974483, 1.4142135623730951
102, 49, 54, 201, 52, 201, 2, 0, 0.0, 2.0
102, 51, 188, 187, 187, 186, 1, 1, 0.7853981633974483, 1.4142135623730951
102, 52, 237, 247, 234, 246, 3, 1, 0.3217505543966422, 3.1622776601683795
102, 55, 28, 302, 27, 303, 1, -1, -0.7853981633974483, 1.4142135623730951
102, 56, 132, 169, 131, 168, 1, 1, 0.7853981633974483, 1.4142135623730951
102, 61, 98, 213, 97, 212, 1, 1, 0.7853981633974483, 1.4142135623730951
102, 64, 65, 377, 64, 378, 1, -1, -0.7853981633974483, 1.4142135623730951
102, 65, 12, 238, 11, 239, 1, -1, -0.7853981633974483, 1.4142135623730951
102, 73, 188, 360, 186, 362, 2, -2, -0.7853981633974483, 2.8284271247461903
102, 74, 12, 157, 9, 156, 3, 1, 0.3217505543966422, 3.1622776601683795
103, 2, 9, 210, 8, 209, 1, 1, 0.7853981633974483, 1.4142135623730951
103, 4, 72, 250, 71, 251, 1, -1, -0.7853981633974483, 1.4142135623730951
103, 6, 246, 354, 244, 355, 2, -1, -0.4636476090008061, 2.23606797749979
103, 8, 141, 171, 140, 169, 1, 2, 1.1071487177940904, 2.23606797749979
103, 9, 33, 397, 32, 398, 1, -1, -0.7853981633974483, 1.4142135623730951
103, 10, 133, 230, 132, 229, 1, 1, 0.7853981633974483, 1.4142135623730951
103, 11, 167, 224, 166, 223, 1, 1, 0.7853981633974483, 1.4142135623730951
103, 15, 86, 194, 85, 193, 1, 1, 0.7853981633974483, 1.4142135623730951
103, 16, 127, 311, 125, 311, 2, 0, 0.0, 2.0
103, 17, 177, 398, 175, 399, 2, -1, -0.4636476090008061, 2.23606797749979
103, 21, 204, 217, 203, 216, 1, 1, 0.7853981633974483, 1.4142135623730951
103, 23, 51, 157, 50, 156, 1, 1, 0.7853981633974483, 1.4142135623730951
103, 24, 156, 279, 154, 278, 2, 1, 0.4636476090008061, 2.23606797749979
103, 25, 194, 354, 192, 355, 2, -1, -0.4636476090008061, 2.23606797749979
103, 29, 100, 164, 99, 163, 1, 1, 0.7853981633974483, 1.4142135623730951
103, 30, 123, 381, 122, 382, 1, -1, -0.7853981633974483, 1.4142135623730951
103, 31, 48, 249, 46, 248, 2, 1, 0.4636476090008061, 2.23606797749979
103, 33, 241, 322, 239, 322, 2, 0, 0.0, 2.0
103, 34, 214, 331, 213, 332, 1, -1, -0.7853981633974483, 1.4142135623730951
103, 35, 10, 372, 9, 373, 1, -1, -0.7853981633974483, 1.4142135623730951
103, 37, 26, 171, 25, 170, 1, 1, 0.7853981633974483, 1.4142135623730951
103, 40, 120, 344, 119, 345, 1, -1, -0.7853981633974483, 1.4142135623730951
103, 48, 56, 202, 54, 201, 2, 1, 0.4636476090008061, 2.23606797749979
103, 50, 189, 188, 188, 187, 1, 1, 0.7853981633974483, 1.4142135623730951
103, 51, 239, 247, 237, 247, 2, 0, 0.0, 2.0
103, 56, 149, 198, 148, 197, 1, 1, 0.7853981633974483, 1.4142135623730951
103, 59, 85, 343, 84, 344, 1, -1, -0.7853981633974483, 1.4142135623730951
103, 61, 116, 313, 114, 313, 2, 0, 0.0, 2.0
103, 63, 66, 376, 65, 377, 1, -1, -0.7853981633974483, 1.4142135623730951
103, 66, 174, 88, 173, 86, 1, 2, 1.1071487177940904, 2.23606797749979
103, 69, 222, 177, 221, 175, 1, 2, 1.1071487177940904, 2.23606797749979
103, 71, 60, 344, 59, 345, 1, -1, -0.7853981633974483, 1.4142135623730951
103, 73, 14, 158, 12, 157, 2, 1, 0.4636476090008061, 2.23606797749979
104, 4, 73, 251, 72, 250, 1, 1, 0.7853981633974483, 1.4142135623730951
104, 9, 35, 396, 33, 397, 2, -1, -0.4636476090008061, 2.23606797749979
104, 10, 134, 231, 133, 230, 1, 1, 0.7853981633974483, 1.4142135623730951
104, 12, 115, 210, 114, 209, 1, 1, 0.7853981633974483, 1.4142135623730951
104, 13, 75, 125, 74, 124, 1, 1, 0.7853981633974483, 1.4142135623730951
104, 15, 87, 195, 86, 194, 1, 1, 0.7853981633974483, 1.4142135623730951
104, 17, 178, 397, 177, 398, 1, -1, -0.7853981633974483, 1.4142135623730951
104, 18, 211, 296, 209, 296, 2, 0, 0.0, 2.0
104, 19, 40, 249, 39, 248, 1, 1, 0.7853981633974483, 1.4142135623730951
104, 20, 26, 130, 25, 129, 1, 1, 0.7853981633974483, 1.4142135623730951
104, 21, 205, 218, 204, 217, 1, 1, 0.7853981633974483, 1.4142135623730951
104, 23, 52, 158, 51, 157, 1, 1, 0.7853981633974483, 1.4142135623730951
104, 25, 195, 353, 194, 354, 1, -1, -0.7853981633974483, 1.4142135623730951
104, 27, 46, 348, 45, 349, 1, -1, -0.7853981633974483, 1.4142135623730951
104, 28, 248, 316, 246, 316, 2, 0, 0.0, 2.0
104, 32, 40, 197, 39, 196, 1, 1, 0.7853981633974483, 1.4142135623730951
104, 33, 243, 322, 241, 322, 2, 0, 0.0, 2.0
104, 34, 215, 330, 214, 331, 1, -1, -0.7853981633974483, 1.4142135623730951
104, 35, 11, 371, 10, 372, 1, -1, -0.7853981633974483, 1.4142135623730951
104, 36, 68, 276, 67, 277, 1, -1, -0.7853981633974483, 1.4142135623730951
104, 40, 121, 343, 120, 344, 1, -1, -0.7853981633974483, 1.4142135623730951
104, 45, 176, 310, 174, 311, 2, -1, -0.4636476090008061, 2.23606797749979
104, 48, 58, 203, 56, 202, 2, 1, 0.4636476090008061, 2.23606797749979
104, 54, 134, 170, 133, 169, 1, 1, 0.7853981633974483, 1.4142135623730951
104, 55, 150, 199, 149, 198, 1, 1, 0.7853981633974483, 1.4142135623730951
104, 57, 34, 127, 32, 126, 2, 1, 0.4636476090008061, 2.23606797749979
104, 60, 118, 313, 116, 313, 2, 0, 0.0, 2.0
104, 61, 210, 97, 210, 95, 0, 2, 1.5707963267948966, 2.0
104, 62, 68, 375, 66, 376, 2, -1, -0.4636476090008061, 2.23606797749979
104, 70, 59, 345, 60, 344, -1, 1, 2.356194490192345, 1.4142135623730951
104, 71, 190, 359, 189, 360, 1, -1, -0.7853981633974483, 1.4142135623730951
104, 72, 15, 160, 14, 158, 1, 2, 1.1071487177940904, 2.23606797749979
105, 4, 11, 211, 10, 210, 1, 1, 0.7853981633974483, 1.4142135623730951
105, 6, 100, 168, 99, 167, 1, 1, 0.7853981633974483, 1.4142135623730951
105, 7, 22, 213, 20, 213, 2, 0, 0.0, 2.0
105, 8, 94, 164, 93, 163, 1, 1, 0.7853981633974483, 1.4142135623730951
105, 9, 169, 226, 168, 225, 1, 1, 0.7853981633974483, 1.4142135623730951
105, 10, 39, 252, 38, 253, 1, -1, -0.7853981633974483, 1.4142135623730951
105, 12, 86, 197, 85, 196, 1, 1, 0.7853981633974483, 1.4142135623730951
105, 13, 134, 230, 133, 229, 1, 1, 0.7853981633974483, 1.4142135623730951
105, 14, 176, 398, 175, 400, 1, -2, -1.1071487177940904, 2.23606797749979
105, 15, 26, 131, 25, 130, 1, 1, 0.7853981633974483, 1.4142135623730951
105, 16, 53, 160, 52, 159, 1, 1, 0.7853981633974483, 1.4142135623730951
105, 18, 249, 357, 247, 358, 2, -1, -0.4636476090008061, 2.23606797749979
105, 19, 206, 218, 205, 217, 1, 1, 0.7853981633974483, 1.4142135623730951
105, 20, 216, 328, 215, 329, 1, -1, -0.7853981633974483, 1.4142135623730951
105, 21, 141, 171, 140, 170, 1, 1, 0.7853981633974483, 1.4142135623730951
105, 22, 49, 354, 47, 355, 2, -1, -0.4636476090008061, 2.23606797749979
105, 24, 247, 317, 245, 316, 2, 1, 0.4636476090008061, 2.23606797749979
105, 26, 9, 374, 8, 375, 1, -1, -0.7853981633974483, 1.4142135623730951
105, 28, 34, 399, 33, 400, 1, -1, -0.7853981633974483, 1.4142135623730951
105, 30, 246, 252, 245, 251, 1, 1, 0.7853981633974483, 1.4142135623730951
105, 31, 122, 310, 121, 307, 1, 3, 1.2490457723982544, 3.1622776601683795
105, 35, 93, 404, 92, 405, 1, -1, -0.7853981633974483, 1.4142135623730951
105, 36, 195, 187, 194, 186, 1, 1, 0.7853981633974483, 1.4142135623730951
105, 41, 118, 313, 116, 314, 2, -1, -0.4636476090008061, 2.23606797749979
105, 42, 194, 358, 193, 359, 1, -1, -0.7853981633974483, 1.4142135623730951
105, 44, 56, 347, 55, 348, 1, -1, -0.7853981633974483, 1.4142135623730951
105, 45, 61, 154, 60, 153, 1, 1, 0.7853981633974483, 1.4142135623730951
105, 46, 125, 381, 124, 382, 1, -1, -0.7853981633974483, 1.4142135623730951
105, 50, 159, 202, 158, 201, 1, 1, 0.7853981633974483, 1.4142135623730951
105, 51, 58, 204, 56, 203, 2, 1, 0.4636476090008061, 2.23606797749979
105, 52, 214, 335, 212, 336, 2, -1, -0.4636476090008061, 2.23606797749979
105, 53, 155, 278, 153, 278, 2, 0, 0.0, 2.0
105, 55, 167, 327, 165, 328, 2, -1, -0.4636476090008061, 2.23606797749979
105, 63, 128, 169, 127, 168, 1, 1, 0.7853981633974483, 1.4142135623730951
105, 70, 15, 161, 12, 159, 3, 2, 0.5880026035475675, 3.605551275463989
105, 71, 188, 187, 187, 186, 1, 1, 0.7853981633974483, 1.4142135623730951
106, 2, 96, 86, 95, 85, 1, 1, 0.7853981633974483, 1.4142135623730951
106, 4, 13, 212, 11, 211, 2, 1, 0.4636476090008061, 2.23606797749979
106, 9, 170, 227, 169, 226, 1, 1, 0.7853981633974483, 1.4142135623730951
106, 11, 77, 126, 76, 124, 1, 2, 1.1071487177940904, 2.23606797749979
106, 12, 87, 198, 86, 197, 1, 1, 0.7853981633974483, 1.4142135623730951
106, 13, 135, 231, 134, 230, 1, 1, 0.7853981633974483, 1.4142135623730951
106, 14, 178, 398, 176, 398, 2, 0, 0.0, 2.0
106, 18, 251, 356, 249, 357, 2, -1, -0.4636476090008061, 2.23606797749979
106, 19, 207, 219, 206, 218, 1, 1, 0.7853981633974483, 1.4142135623730951
106, 22, 50, 353, 49, 354, 1, -1, -0.7853981633974483, 1.4142135623730951
106, 24, 249, 317, 247, 317, 2, 0, 0.0, 2.0
106, 25, 117, 213, 115, 212, 2, 1, 0.4636476090008061, 2.23606797749979
106, 26, 11, 373, 9, 374, 2, -1, -0.4636476090008061, 2.23606797749979
106, 28, 35, 398, 34, 399, 1, -1, -0.7853981633974483, 1.4142135623730951
106, 29, 192, 129, 191, 128, 1, 1, 0.7853981633974483, 1.4142135623730951
106, 30, 247, 253, 246, 252, 1, 1, 0.7853981633974483, 1.4142135623730951
106, 31, 124, 310, 122, 310, 2, 0, 0.0, 2.0
106, 34, 244, 322, 242, 322, 2, 0, 0.0, 2.0
106, 40, 42, 198, 40, 197, 2, 1, 0.4636476090008061, 2.23606797749979
106, 41, 120, 313, 118, 313, 2, 0, 0.0, 2.0
106, 42, 196, 357, 194, 358, 2, -1, -0.4636476090008061, 2.23606797749979
106, 43, 120, 344, 119, 345, 1, -1, -0.7853981633974483, 1.4142135623730951
106, 44, 57, 345, 56, 347, 1, -2, -1.1071487177940904, 2.23606797749979
106, 49, 65, 317, 63, 317, 2, 0, 0.0, 2.0
106, 55, 168, 328, 167, 327, 1, 1, 0.7853981633974483, 1.4142135623730951
106, 56, 116, 247, 114, 247, 2, 0, 0.0, 2.0
106, 57, 225, 183, 224, 181, 1, 2, 1.1071487177940904, 2.23606797749979
106, 58, 8, 269, 7, 270, 1, -1, -0.7853981633974483, 1.4142135623730951
106, 60, 150, 199, 149, 198, 1, 1, 0.7853981633974483, 1.4142135623730951
106, 65, 20, 364, 19, 365, 1, -1, -0.7853981633974483, 1.4142135623730951
106, 66, 217, 271, 216, 270, 1, 1, 0.7853981633974483, 1.4142135623730951
107, 3, 56, 229, 55, 228, 1, 1, 0.7853981633974483, 1.4142135623730951
107, 10, 42, 252, 40, 252, 2, 0, 0.0, 2.0
107, 12, 88, 199, 87, 198, 1, 1, 0.7853981633974483, 1.4142135623730951
107, 13, 137, 232, 135, 231, 2, 1, 0.4636476090008061, 2.23606797749979
107, 14, 179, 397, 178, 398, 1, -1, -0.7853981633974483, 1.4142135623730951
107, 16, 55, 161, 54, 160, 1, 1, 0.7853981633974483, 1.4142135623730951
107, 18, 254, 354, 251, 356, 3, -2, -0.5880026035475675, 3.605551275463989
107, 19, 208, 220, 207, 219, 1, 1, 0.7853981633974483, 1.4142135623730951
107, 22, 51, 352, 50, 353, 1, -1, -0.7853981633974483, 1.4142135623730951
107, 24, 250, 316, 249, 317, 1, -1, -0.7853981633974483, 1.4142135623730951
107, 26, 13, 372, 11, 373, 2, -1, -0.4636476090008061, 2.23606797749979
107, 28, 36, 397, 35, 398, 1, -1, -0.7853981633974483, 1.4142135623730951
107, 29, 193, 130, 192, 129, 1, 1, 0.7853981633974483, 1.4142135623730951
107, 33, 176, 304, 174, 305, 2, -1, -0.4636476090008061, 2.23606797749979
107, 34, 246, 322, 244, 322, 2, 0, 0.0, 2.0
107, 35, 94, 402, 93, 403, 1, -1, -0.7853981633974483, 1.4142135623730951
107, 39, 189, 253, 187, 252, 2, 1, 0.4636476090008061, 2.23606797749979
107, 42, 197, 356, 196, 357, 1, -1, -0.7853981633974483, 1.4142135623730951
107, 43, 122, 343, 120, 344, 2, -1, -0.4636476090008061, 2.23606797749979
107, 46, 126, 379, 125, 380, 1, -1, -0.7853981633974483, 1.4142135623730951
107, 52, 216, 334, 215, 335, 1, -1, -0.7853981633974483, 1.4142135623730951
107, 55, 170, 328, 168, 328, 2, 0, 0.0, 2.0
107, 56, 117, 248, 116, 247, 1, 1, 0.7853981633974483, 1.4142135623730951
107, 62, 131, 170, 129, 169, 2, 1, 0.4636476090008061, 2.23606797749979
107, 65, 218, 272, 217, 271, 1, 1, 0.7853981633974483, 1.4142135623730951
108, 0, 20, 171, 19, 170, 1, 1, 0.7853981633974483, 1.4142135623730951
108, 2, 98, 88, 96, 87, 2, 1, 0.4636476090008061, 2.23606797749979
108, 4, 15, 213, 14, 212, 1, 1, 0.7853981633974483, 1.4142135623730951
108, 5, 77, 253, 75, 253, 2, 0, 0.0, 2.0
108, 8, 96, 166, 95, 165, 1, 1, 0.7853981633974483, 1.4142135623730951
108, 9, 172, 228, 171, 227, 1, 1, 0.7853981633974483, 1.4142135623730951
108, 11, 78, 128, 77, 127, 1, 1, 0.7853981633974483, 1.4142135623730951
108, 13, 138, 233, 137, 232, 1, 1, 0.7853981633974483, 1.4142135623730951
108, 14, 181, 396, 179, 397, 2, -1, -0.4636476090008061, 2.23606797749979
108, 17, 207, 290, 205, 292, 2, -2, -0.7853981633974483, 2.8284271247461903
108, 19, 209, 221, 208, 220, 1, 1, 0.7853981633974483, 1.4142135623730951
108, 20, 219, 327, 218, 328, 1, -1, -0.7853981633974483, 1.4142135623730951
108, 22, 53, 351, 51, 352, 2, -1, -0.4636476090008061, 2.23606797749979
108, 26, 14, 371, 13, 372, 1, -1, -0.7853981633974483, 1.4142135623730951
108, 28, 37, 396, 36, 397, 1, -1, -0.7853981633974483, 1.4142135623730951
108, 31, 12, 279, 10, 279, 2, 0, 0.0, 2.0
108, 32, 179, 304, 176, 304, 3, 0, 0.0, 3.0
108, 33, 248, 322, 246, 322, 2, 0, 0.0, 2.0
108, 34, 95, 401, 94, 402, 1, -1, -0.7853981633974483, 1.4142135623730951
108, 36, 29, 172, 28, 171, 1, 1, 0.7853981633974483, 1.4142135623730951
108, 39, 45, 199, 43, 198, 2, 1, 0.4636476090008061, 2.23606797749979
108, 40, 123, 313, 121, 313, 2, 0, 0.0, 2.0
108, 41, 198, 355, 197, 356, 1, -1, -0.7853981633974483, 1.4142135623730951
108, 42, 123, 342, 122, 343, 1, -1, -0.7853981633974483, 1.4142135623730951
108, 43, 59, 344, 58, 345, 1, -1, -0.7853981633974483, 1.4142135623730951
108, 45, 127, 378, 126, 379, 1, -1, -0.7853981633974483, 1.4142135623730951
108, 46, 38, 298, 36, 301, 2, -3, -0.982793723247329, 3.605551275463989
108, 47, 183, 314, 181, 314, 2, 0, 0.0, 2.0
108, 50, 61, 203, 60, 204, 1, -1, -0.7853981633974483, 1.4142135623730951
108, 51, 217, 333, 216, 334, 1, -1, -0.7853981633974483, 1.4142135623730951
108, 53, 66, 162, 65, 161, 1, 1, 0.7853981633974483, 1.4142135623730951
108, 55, 119, 248, 117, 248, 2, 0, 0.0, 2.0
108, 56, 227, 185, 226, 183, 1, 2, 1.1071487177940904, 2.23606797749979
108, 59, 152, 200, 151, 199, 1, 1, 0.7853981633974483, 1.4142135623730951
108, 61, 132, 171, 131, 170, 1, 1, 0.7853981633974483, 1.4142135623730951
108, 62, 67, 274, 66, 273, 1, 1, 0.7853981633974483, 1.4142135623730951
108, 68, 17, 160, 16, 161, 1, -1, -0.7853981633974483, 1.4142135623730951
108, 69, 189, 190, 188, 189, 1, 1, 0.7853981633974483, 1.4142135623730951
109, 2, 99, 89, 98, 88, 1, 1, 0.7853981633974483, 1.4142135623730951
109, 5, 78, 254, 77, 253, 1, 1, 0.7853981633974483, 1.4142135623730951
109, 8, 97, 167, 96, 166, 1, 1, 0.7853981633974483, 1.4142135623730951
109, 9, 173, 229, 172, 228, 1, 1, 0.7853981633974483, 1.4142135623730951
109, 14, 184, 393, 181, 396, 3, -3, -0.7853981633974483, 4.242640687119285
109, 15, 30, 132, 29, 131, 1, 1, 0.7853981633974483, 1.4142135623730951
109, 16, 57, 162, 56, 161, 1, 1, 0.7853981633974483, 1.4142135623730951
109, 18, 256, 353, 255, 354, 1, -1, -0.7853981633974483, 1.4142135623730951
109, 19, 210, 222, 209, 221, 1, 1, 0.7853981633974483, 1.4142135623730951
109, 20, 222, 327, 219, 327, 3, 0, 0.0, 3.0
109, 22, 54, 350, 53, 351, 1, -1, -0.7853981633974483, 1.4142135623730951
109, 24, 253, 316, 251, 316, 2, 0, 0.0, 2.0
109, 26, 19, 369, 14, 371, 5, -2, -0.3805063771123649, 5.385164807134504
109, 28, 38, 395, 37, 396, 1, -1, -0.7853981633974483, 1.4142135623730951
109, 31, 14, 279, 12, 279, 2, 0, 0.0, 2.0
109, 34, 97, 400, 95, 401, 2, -1, -0.4636476090008061, 2.23606797749979
109, 35, 196, 190, 195, 189, 1, 1, 0.7853981633974483, 1.4142135623730951
109, 38, 190, 255, 189, 254, 1, 1, 0.7853981633974483, 1.4142135623730951
109, 40, 125, 313, 123, 313, 2, 0, 0.0, 2.0
109, 43, 60, 343, 59, 344, 1, -1, -0.7853981633974483, 1.4142135623730951
109, 45, 128, 377, 127, 378, 1, -1, -0.7853981633974483, 1.4142135623730951
109, 47, 185, 314, 183, 314, 2, 0, 0.0, 2.0
109, 48, 69, 316, 67, 317, 2, -1, -0.4636476090008061, 2.23606797749979
109, 51, 218, 332, 217, 333, 1, -1, -0.7853981633974483, 1.4142135623730951
109, 55, 121, 249, 119, 248, 2, 1, 0.4636476090008061, 2.23606797749979
109, 58, 99, 393, 98, 395, 1, -2, -1.1071487177940904, 2.23606797749979
109, 60, 54, 101, 53, 100, 1, 1, 0.7853981633974483, 1.4142135623730951
109, 61, 133, 172, 132, 171, 1, 1, 0.7853981633974483, 1.4142135623730951
109, 62, 68, 273, 67, 274, 1, -1, -0.7853981633974483, 1.4142135623730951
109, 63, 16, 363, 19, 364, -3, -1, -2.819842099193151, 3.1622776601683795
109, 64, 220, 273, 219, 272, 1, 1, 0.7853981633974483, 1.4142135623730951
109, 67, 18, 159, 17, 160, 1, -1, -0.7853981633974483, 1.4142135623730951
109, 68, 190, 191, 189, 190, 1, 1, 0.7853981633974483, 1.4142135623730951
110, 0, 79, 255, 77, 255, 2, 0, 0.0, 2.0
110, 3, 15, 214, 14, 213, 1, 1, 0.7853981633974483, 1.4142135623730951
110, 4, 97, 168, 96, 167, 1, 1, 0.7853981633974483, 1.4142135623730951
110, 6, 98, 89, 97, 88, 1, 1, 0.7853981633974483, 1.4142135623730951
110, 8, 116, 221, 115, 220, 1, 1, 0.7853981633974483, 1.4142135623730951
110, 12, 88, 205, 86, 204, 2, 1, 0.4636476090008061, 2.23606797749979
110, 13, 190, 134, 189, 133, 1, 1, 0.7853981633974483, 1.4142135623730951
110, 15, 107, 215, 105, 214, 2, 1, 0.4636476090008061, 2.23606797749979
110, 16, 132, 172, 131, 171, 1, 1, 0.7853981633974483, 1.4142135623730951
110, 17, 255, 356, 253, 357, 2, -1, -0.4636476090008061, 2.23606797749979
110, 18, 63, 156, 61, 155, 2, 1, 0.4636476090008061, 2.23606797749979
110, 19, 184, 396, 183, 397, 1, -1, -0.7853981633974483, 1.4142135623730951
110, 20, 7, 272, 7, 269, 0, 3, 1.5707963267948966, 3.0
110, 22, 54, 353, 52, 354, 2, -1, -0.4636476090008061, 2.23606797749979
110, 24, 124, 315, 122, 315, 2, 0, 0.0, 2.0
110, 25, 53, 344, 51, 345, 2, -1, -0.4636476090008061, 2.23606797749979
110, 27, 5, 278, 4, 280, 1, -2, -1.1071487177940904, 2.23606797749979
110, 28, 62, 352, 61, 353, 1, -1, -0.7853981633974483, 1.4142135623730951
110, 30, 15, 277, 13, 280, 2, -3, -0.982793723247329, 3.605551275463989
110, 31, 57, 161, 56, 160, 1, 1, 0.7853981633974483, 1.4142135623730951
110, 33, 125, 306, 122, 307, 3, -1, -0.3217505543966422, 3.1622776601683795
110, 34, 250, 254, 251, 256, -1, -2, -2.0344439357957027, 2.23606797749979
110, 36, 40, 398, 39, 399, 1, -1, -0.7853981633974483, 1.4142135623730951
110, 40, 31, 134, 29, 133, 2, 1, 0.4636476090008061, 2.23606797749979
110, 41, 210, 222, 209, 221, 1, 1, 0.7853981633974483, 1.4142135623730951
110, 43, 182, 234, 181, 233, 1, 1, 0.7853981633974483, 1.4142135623730951
110, 45, 6, 302, 4, 302, 2, 0, 0.0, 2.0
110, 46, 68, 276, 66, 275, 2, 1, 0.4636476090008061, 2.23606797749979
110, 47, 130, 382, 128, 383, 2, -1, -0.4636476090008061, 2.23606797749979
110, 49, 249, 325, 247, 325, 2, 0, 0.0, 2.0
110, 50, 97, 403, 96, 404, 1, -1, -0.7853981633974483, 1.4142135623730951
110, 51, 189, 387, 188, 389, 1, -2, -1.1071487177940904, 2.23606797749979
110, 52, 17, 273, 14, 273, 3, 0, 0.0, 3.0
110, 55, 216, 334, 215, 335, 1, -1, -0.7853981633974483, 1.4142135623730951
110, 58, 65, 165, 63, 165, 2, 0, 0.0, 2.0
110, 59, 71, 318, 69, 318, 2, 0, 0.0, 2.0
110, 60, 196, 257, 194, 256, 2, 1, 0.4636476090008061, 2.23606797749979
110, 61, 200, 193, 199, 192, 1, 1, 0.7853981633974483, 1.4142135623730951
110, 62, 119, 128, 118, 127, 1, 1, 0.7853981633974483, 1.4142135623730951
110, 63, 27, 364, 26, 365, 1, -1, -0.7853981633974483, 1.4142135623730951
110, 66, 119, 242, 117, 242, 2, 0, 0.0, 2.0
110, 67, 161, 283, 159, 282, 2, 1, 0.4636476090008061, 2.23606797749979
110, 74, 20, 94, 19, 93, 1, 1, 0.7853981633974483, 1.4142135623730951
110, 77, 215, 102, 214, 100, 1, 2, 1.1071487177940904, 2.23606797749979
110, 79, 199, 357, 197, 358, 2, -1, -0.4636476090008061, 2.23606797749979
110, 80, 75, 277, 74, 275, 1, 2, 1.1071487177940904, 2.23606797749979
110, 81, 182, 307, 178, 307, 4, 0, 0.0, 4.0
111, 4, 98, 169, 97, 168, 1, 1, 0.7853981633974483, 1.4142135623730951
111, 5, 173, 230, 172, 229, 1, 1, 0.7853981633974483, 1.4142135623730951
111, 9, 120, 214, 119, 213, 1, 1, 0.7853981633974483, 1.4142135623730951
111, 10, 47, 257, 45, 258, 2, -1, -0.4636476090008061, 2.23606797749979
111, 11, 8, 308, 7, 310, 1, -2, -1.1071487177940904, 2.23606797749979
111, 12, 90, 205, 88, 205, 2, 0, 0.0, 2.0
111, 13, 191, 135, 190, 134, 1, 1, 0.7853981633974483, 1.4142135623730951
111, 15, 109, 214, 107, 215, 2, -1, -0.4636476090008061, 2.23606797749979
111, 16, 133, 171, 132, 172, 1, -1, -0.7853981633974483, 1.4142135623730951
111, 17, 256, 355, 255, 356, 1, -1, -0.7853981633974483, 1.4142135623730951
111, 18, 65, 157, 63, 156, 2, 1, 0.4636476090008061, 2.23606797749979
111, 19, 186, 395, 184, 396, 2, -1, -0.4636476090008061, 2.23606797749979
111, 20, 9, 272, 7, 272, 2, 0, 0.0, 2.0
111, 22, 56, 352, 54, 353, 2, -1, -0.4636476090008061, 2.23606797749979
111, 23, 45, 201, 44, 200, 1, 1, 0.7853981633974483, 1.4142135623730951
111, 25, 55, 342, 53, 344, 2, -2, -0.7853981633974483, 2.8284271247461903
111, 26, 8, 240, 7, 239, 1, 1, 0.7853981633974483, 1.4142135623730951
111, 27, 7, 278, 5, 278, 2, 0, 0.0, 2.0
111, 28, 64, 350, 62, 352, 2, -2, -0.7853981633974483, 2.8284271247461903
111, 29, 80, 130, 79, 129, 1, 1, 0.7853981633974483, 1.4142135623730951
111, 30, 17, 277, 15, 277, 2, 0, 0.0, 2.0
111, 32, 107, 172, 106, 171, 1, 1, 0.7853981633974483, 1.4142135623730951
111, 33, 128, 306, 125, 306, 3, 0, 0.0, 3.0
111, 35, 221, 297, 221, 299, 0, -2, -1.5707963267948966, 2.0
111, 36, 41, 397, 40, 398, 1, -1, -0.7853981633974483, 1.4142135623730951
111, 38, 140, 234, 139, 233, 1, 1, 0.7853981633974483, 1.4142135623730951
111, 39, 120, 251, 119, 250, 1, 1, 0.7853981633974483, 1.4142135623730951
111, 42, 18, 372, 16, 373, 2, -1, -0.4636476090008061, 2.23606797749979
111, 45, 70, 275, 68, 276, 2, -1, -0.4636476090008061, 2.23606797749979
111, 46, 131, 381, 130, 382, 1, -1, -0.7853981633974483, 1.4142135623730951
111, 47, 59, 278, 57, 278, 2, 0, 0.0, 2.0
111, 49, 98, 402, 97, 403, 1, -1, -0.7853981633974483, 1.4142135623730951
111, 50, 191, 385, 189, 387, 2, -2, -0.7853981633974483, 2.8284271247461903
111, 51, 19, 273, 17, 273, 2, 0, 0.0, 2.0
111, 52, 194, 193, 193, 192, 1, 1, 0.7853981633974483, 1.4142135623730951
111, 54, 218, 333, 216, 334, 2, -1, -0.4636476090008061, 2.23606797749979
111, 55, 92, 367, 91, 368, 1, -1, -0.7853981633974483, 1.4142135623730951
111, 57, 67, 165, 65, 165, 2, 0, 0.0, 2.0
111, 59, 197, 258, 196, 257, 1, 1, 0.7853981633974483, 1.4142135623730951
111, 62, 29, 364, 27, 364, 2, 0, 0.0, 2.0
111, 63, 187, 312, 185, 313, 2, -1, -0.4636476090008061, 2.23606797749979
111, 65, 121, 243, 119, 242, 2, 1, 0.4636476090008061, 2.23606797749979
111, 69, 95, 293, 90, 293, 5, 0, 0.0, 5.0
111, 70, 8, 303, 11, 302, -3, 1, 2.819842099193151, 3.1622776601683795
111, 72, 187, 257, 186, 256, 1, 1, 0.7853981633974483, 1.4142135623730951
111, 73, 21, 95, 20, 94, 1, 1, 0.7853981633974483, 1.4142135623730951
111, 75, 174, 155, 172, 155, 2, 0, 0.0, 2.0
111, 79, 77, 277, 75, 277, 2, 0, 0.0, 2.0
111, 80, 184, 306, 182, 307, 2, -1, -0.4636476090008061, 2.23606797749979
112, 1, 60, 231, 59, 230, 1, 1, 0.7853981633974483, 1.4142135623730951
112, 3, 17, 215, 16, 214, 1, 1, 0.7853981633974483, 1.4142135623730951
112, 4, 99, 170, 98, 169, 1, 1, 0.7853981633974483, 1.4142135623730951
112, 6, 99, 90, 98, 89, 1, 1, 0.7853981633974483, 1.4142135623730951
112, 7, 145, 173, 144, 172, 1, 1, 0.7853981633974483, 1.4142135623730951
112, 8, 119, 222, 117, 221, 2, 1, 0.4636476090008061, 2.23606797749979
112, 9, 121, 215, 120, 214, 1, 1, 0.7853981633974483, 1.4142135623730951
112, 10, 49, 257, 47, 257, 2, 0, 0.0, 2.0
112, 11, 9, 307, 8, 308, 1, -1, -0.7853981633974483, 1.4142135623730951
112, 12, 92, 205, 90, 205, 2, 0, 0.0, 2.0
112, 13, 192, 136, 191, 135, 1, 1, 0.7853981633974483, 1.4142135623730951
112, 16, 134, 172, 133, 171, 1, 1, 0.7853981633974483, 1.4142135623730951
112, 17, 258, 354, 256, 355, 2, -1, -0.4636476090008061, 2.23606797749979
112, 18, 67, 158, 65, 157, 2, 1, 0.4636476090008061, 2.23606797749979
112, 19, 187, 393, 186, 395, 1, -2, -1.1071487177940904, 2.23606797749979
112, 20, 10, 273, 9, 272, 1, 1, 0.7853981633974483, 1.4142135623730951
112, 22, 58, 351, 56, 352, 2, -1, -0.4636476090008061, 2.23606797749979
112, 25, 57, 341, 55, 342, 2, -1, -0.4636476090008061, 2.23606797749979
112, 28, 66, 348, 64, 350, 2, -2, -0.7853981633974483, 2.8284271247461903
112, 29, 81, 131, 80, 130, 1, 1, 0.7853981633974483, 1.4142135623730951
112, 30, 18, 278, 17, 277, 1, 1, 0.7853981633974483, 1.4142135623730951
112, 31, 59, 162, 58, 161, 1, 1, 0.7853981633974483, 1.4142135623730951
112, 33, 131, 307, 128, 306, 3, 1, 0.3217505543966422, 3.1622776601683795
112, 34, 251, 254, 250, 253, 1, 1, 0.7853981633974483, 1.4142135623730951
112, 35, 223, 296, 221, 297, 2, -1, -0.4636476090008061, 2.23606797749979
112, 36, 42, 396, 41, 397, 1, -1, -0.7853981633974483, 1.4142135623730951
112, 37, 226, 330, 224, 330, 2, 0, 0.0, 2.0
112, 38, 142, 234, 140, 234, 2, 0, 0.0, 2.0
112, 40, 33, 136, 32, 134, 1, 2, 1.1071487177940904, 2.23606797749979
112, 41, 212, 223, 211, 222, 1, 1, 0.7853981633974483, 1.4142135623730951
112, 42, 19, 371, 18, 372, 1, -1, -0.7853981633974483, 1.4142135623730951
112, 43, 184, 235, 182, 234, 2, 1, 0.4636476090008061, 2.23606797749979
112, 45, 71, 276, 70, 275, 1, 1, 0.7853981633974483, 1.4142135623730951
112, 46, 132, 380, 131, 381, 1, -1, -0.7853981633974483, 1.4142135623730951
112, 48, 252, 325, 250, 325, 2, 0, 0.0, 2.0
112, 49, 99, 401, 98, 402, 1, -1, -0.7853981633974483, 1.4142135623730951
112, 50, 194, 383, 191, 385, 3, -2, -0.5880026035475675, 3.605551275463989
112, 52, 195, 194, 194, 193, 1, 1, 0.7853981633974483, 1.4142135623730951
112, 54, 219, 332, 218, 333, 1, -1, -0.7853981633974483, 1.4142135623730951
112, 58, 74, 318, 72, 318, 2, 0, 0.0, 2.0
112, 60, 201, 194, 200, 193, 1, 1, 0.7853981633974483, 1.4142135623730951
112, 61, 123, 133, 119, 129, 4, 4, 0.7853981633974483, 5.656854249492381
112, 62, 31, 364, 29, 364, 2, 0, 0.0, 2.0
112, 65, 123, 244, 121, 243, 2, 1, 0.4636476090008061, 2.23606797749979
112, 66, 162, 283, 161, 282, 1, 1, 0.7853981633974483, 1.4142135623730951
112, 67, 28, 217, 27, 216, 1, 1, 0.7853981633974483, 1.4142135623730951
112, 72, 189, 257, 187, 257, 2, 0, 0.0, 2.0
112, 74, 246, 257, 245, 256, 1, 1, 0.7853981633974483, 1.4142135623730951
112, 75, 177, 158, 174, 155, 3, 3, 0.7853981633974483, 4.242640687119285
112, 76, 216, 104, 215, 103, 1, 1, 0.7853981633974483, 1.4142135623730951
112, 78, 202, 357, 200, 357, 2, 0, 0.0, 2.0
112, 79, 79, 278, 77, 277, 2, 1, 0.4636476090008061, 2.23606797749979
112, 80, 187, 306, 184, 306, 3, 0, 0.0, 3.0
113, 3, 18, 214, 17, 215, 1, -1, -0.7853981633974483, 1.4142135623730951
113, 4, 100, 171, 99, 170, 1, 1, 0.7853981633974483, 1.4142135623730951
113, 6, 100, 91, 99, 90, 1, 1, 0.7853981633974483, 1.4142135623730951
113, 11, 10, 306, 9, 307, 1, -1, -0.7853981633974483, 1.4142135623730951
113, 12, 94, 206, 92, 205, 2, 1, 0.4636476090008061, 2.23606797749979
113, 13, 194, 137, 192, 136, 2, 1, 0.4636476090008061, 2.23606797749979
113, 14, 49, 250, 47, 250, 2, 0, 0.0, 2.0
113, 15, 112, 215, 110, 214, 2, 1, 0.4636476090008061, 2.23606797749979
113, 16, 135, 173, 134, 172, 1, 1, 0.7853981633974483, 1.4142135623730951
113, 17, 260, 353, 258, 354, 2, -1, -0.4636476090008061, 2.23606797749979
113, 18, 70, 159, 67, 158, 3, 1, 0.3217505543966422, 3.1622776601683795
113, 19, 189, 392, 187, 393, 2, -1, -0.4636476090008061, 2.23606797749979
113, 20, 12, 273, 10, 273, 2, 0, 0.0, 2.0
113, 21, 255, 316, 254, 315, 1, 1, 0.7853981633974483, 1.4142135623730951
113, 22, 60, 350, 58, 351, 2, -1, -0.4636476090008061, 2.23606797749979
113, 25, 60, 340, 57, 341, 3, -1, -0.3217505543966422, 3.1622776601683795
113, 27, 10, 279, 8, 278, 2, 1, 0.4636476090008061, 2.23606797749979
113, 28, 67, 347, 66, 348, 1, -1, -0.7853981633974483, 1.4142135623730951
113, 29, 82, 132, 81, 131, 1, 1, 0.7853981633974483, 1.4142135623730951
113, 30, 20, 278, 18, 278, 2, 0, 0.0, 2.0
113, 33, 131, 309, 131, 307, 0, 2, 1.5707963267948966, 2.0
113, 35, 225, 295, 223, 296, 2, -1, -0.4636476090008061, 2.23606797749979
113, 36, 43, 395, 42, 396, 1, -1, -0.7853981633974483, 1.4142135623730951
113, 38, 144, 235, 142, 234, 2, 1, 0.4636476090008061, 2.23606797749979
113, 39, 121, 254, 120, 252, 1, 2, 1.1071487177940904, 2.23606797749979
113, 40, 34, 137, 33, 136, 1, 1, 0.7853981633974483, 1.4142135623730951
113, 41, 214, 225, 212, 223, 2, 2, 0.7853981633974483, 2.8284271247461903
113, 42, 20, 370, 19, 371, 1, -1, -0.7853981633974483, 1.4142135623730951
113, 46, 134, 380, 132, 380, 2, 0, 0.0, 2.0
113, 47, 62, 278, 60, 278, 2, 0, 0.0, 2.0
113, 48, 254, 325, 252, 325, 2, 0, 0.0, 2.0
113, 50, 198, 382, 194, 383, 4, -1, -0.24497866312686414, 4.123105625617661
113, 52, 196, 195, 195, 194, 1, 1, 0.7853981633974483, 1.4142135623730951
113, 54, 221, 332, 219, 332, 2, 0, 0.0, 2.0
113, 59, 199, 261, 197, 259, 2, 2, 0.7853981633974483, 2.8284271247461903
113, 60, 203, 196, 201, 194, 2, 2, 0.7853981633974483, 2.8284271247461903
113, 61, 124, 134, 123, 133, 1, 1, 0.7853981633974483, 1.4142135623730951
113, 65, 124, 245, 123, 244, 1, 1, 0.7853981633974483, 1.4142135623730951
113, 69, 98, 294, 96, 293, 2, 1, 0.4636476090008061, 2.23606797749979
113, 74, 247, 258, 246, 257, 1, 1, 0.7853981633974483, 1.4142135623730951
113, 77, 155, 201, 154, 200, 1, 1, 0.7853981633974483, 1.4142135623730951
113, 78, 203, 356, 202, 357, 1, -1, -0.7853981633974483, 1.4142135623730951
113, 79, 81, 278, 79, 278, 2, 0, 0.0, 2.0
113, 80, 189, 306, 187, 306, 2, 0, 0.0, 2.0
114, 0, 84, 255, 82, 255, 2, 0, 0.0, 2.0
114, 3, 19, 215, 18, 214, 1, 1, 0.7853981633974483, 1.4142135623730951
114, 7, 146, 174, 145, 173, 1, 1, 0.7853981633974483, 1.4142135623730951
114, 8, 122, 222, 120, 222, 2, 0, 0.0, 2.0
114, 10, 52, 256, 50, 257, 2, -1, -0.4636476090008061, 2.23606797749979
114, 11, 12, 306, 10, 306, 2, 0, 0.0, 2.0
114, 12, 95, 207, 94, 206, 1, 1, 0.7853981633974483, 1.4142135623730951
114, 13, 195, 138, 194, 137, 1, 1, 0.7853981633974483, 1.4142135623730951
114, 17, 261, 352, 260, 353, 1, -1, -0.7853981633974483, 1.4142135623730951
114, 18, 72, 161, 70, 159, 2, 2, 0.7853981633974483, 2.8284271247461903
114, 19, 190, 390, 189, 392, 1, -2, -1.1071487177940904, 2.23606797749979
114, 21, 257, 315, 255, 316, 2, -1, -0.4636476090008061, 2.23606797749979
114, 22, 61, 349, 60, 350, 1, -1, -0.7853981633974483, 1.4142135623730951
114, 24, 129, 315, 127, 315, 2, 0, 0.0, 2.0
114, 25, 64, 339, 60, 340, 4, -1, -0.24497866312686414, 4.123105625617661
114, 26, 12, 240, 10, 240, 2, 0, 0.0, 2.0
114, 28, 68, 346, 67, 347, 1, -1, -0.7853981633974483, 1.4142135623730951
114, 29, 83, 133, 82, 132, 1, 1, 0.7853981633974483, 1.4142135623730951
114, 30, 22, 278, 20, 278, 2, 0, 0.0, 2.0
114, 32, 109, 174, 108, 173, 1, 1, 0.7853981633974483, 1.4142135623730951
114, 34, 252, 257, 251, 255, 1, 2, 1.1071487177940904, 2.23606797749979
114, 35, 228, 298, 225, 295, 3, 3, 0.7853981633974483, 4.242640687119285
114, 36, 44, 394, 43, 395, 1, -1, -0.7853981633974483, 1.4142135623730951
114, 39, 122, 255, 121, 254, 1, 1, 0.7853981633974483, 1.4142135623730951
114, 40, 35, 138, 34, 137, 1, 1, 0.7853981633974483, 1.4142135623730951
114, 41, 215, 226, 214, 225, 1, 1, 0.7853981633974483, 1.4142135623730951
114, 42, 23, 369, 20, 370, 3, -1, -0.3217505543966422, 3.1622776601683795
114, 45, 73, 277, 72, 276, 1, 1, 0.7853981633974483, 1.4142135623730951
114, 46, 135, 379, 134, 380, 1, -1, -0.7853981633974483, 1.4142135623730951
114, 48, 256, 325, 254, 325, 2, 0, 0.0, 2.0
114, 49, 100, 400, 99, 401, 1, -1, -0.7853981633974483, 1.4142135623730951
114, 50, 200, 381, 198, 382, 2, -1, -0.4636476090008061, 2.23606797749979
114, 52, 197, 196, 196, 195, 1, 1, 0.7853981633974483, 1.4142135623730951
114, 54, 223, 332, 221, 332, 2, 0, 0.0, 2.0
114, 56, 206, 348, 204, 350, 2, -2, -0.7853981633974483, 2.8284271247461903
114, 57, 70, 166, 69, 165, 1, 1, 0.7853981633974483, 1.4142135623730951
114, 58, 77, 318, 75, 318, 2, 0, 0.0, 2.0
114, 60, 204, 197, 203, 196, 1, 1, 0.7853981633974483, 1.4142135623730951
114, 62, 32, 363, 31, 364, 1, -1, -0.7853981633974483, 1.4142135623730951
114, 65, 125, 247, 124, 245, 1, 2, 1.1071487177940904, 2.23606797749979
114, 72, 191, 258, 190, 257, 1, 1, 0.7853981633974483, 1.4142135623730951
114, 73, 24, 96, 23, 95, 1, 1, 0.7853981633974483, 1.4142135623730951
114, 74, 248, 259, 247, 258, 1, 1, 0.7853981633974483, 1.4142135623730951
114, 79, 83, 278, 81, 278, 2, 0, 0.0, 2.0
114, 80, 194, 306, 189, 306, 5, 0, 0.0, 5.0
115, 2, 62, 233, 61, 232, 1, 1, 0.7853981633974483, 1.4142135623730951
115, 3, 101, 92, 100, 91, 1, 1, 0.7853981633974483, 1.4142135623730951
115, 5, 83, 257, 82, 256, 1, 1, 0.7853981633974483, 1.4142135623730951
115, 6, 101, 171, 100, 170, 1, 1, 0.7853981633974483, 1.4142135623730951
115, 10, 176, 232, 175, 231, 1, 1, 0.7853981633974483, 1.4142135623730951
115, 12, 5, 125, 4, 124, 1, 1, 0.7853981633974483, 1.4142135623730951
115, 14, 144, 237, 142, 236, 2, 1, 0.4636476090008061, 2.23606797749979
115, 16, 86, 135, 82, 132, 4, 3, 0.6435011087932844, 5.0
115, 19, 58, 352, 57, 353, 1, -1, -0.7853981633974483, 1.4142135623730951
115, 23, 132, 249, 129, 247, 3, 2, 0.5880026035475675, 3.605551275463989
115, 24, 42, 398, 40, 399, 2, -1, -0.4636476090008061, 2.23606797749979
115, 26, 206, 350, 204, 351, 2, -1, -0.4636476090008061, 2.23606797749979
115, 29, 56, 259, 55, 258, 1, 1, 0.7853981633974483, 1.4142135623730951
115, 31, 203, 358, 202, 359, 1, -1, -0.7853981633974483, 1.4142135623730951
115, 32, 196, 260, 195, 259, 1, 1, 0.7853981633974483, 1.4142135623730951
115, 33, 63, 342, 61, 343, 2, -1, -0.4636476090008061, 2.23606797749979
115, 34, 196, 309, 192, 309, 4, 0, 0.0, 4.0
115, 35, 213, 227, 212, 226, 1, 1, 0.7853981633974483, 1.4142135623730951
115, 36, 36, 138, 34, 137, 2, 1, 0.4636476090008061, 2.23606797749979
115, 37, 189, 395, 187, 396, 2, -1, -0.4636476090008061, 2.23606797749979
115, 38, 261, 262, 261, 259, 0, 3, 1.5707963267948966, 3.0
115, 39, 48, 202, 47, 201, 1, 1, 0.7853981633974483, 1.4142135623730951
115, 40, 260, 352, 258, 354, 2, -2, -0.7853981633974483, 2.8284271247461903
115, 42, 195, 194, 194, 193, 1, 1, 0.7853981633974483, 1.4142135623730951
115, 45, 23, 371, 22, 372, 1, -1, -0.7853981633974483, 1.4142135623730951
115, 46, 254, 326, 252, 326, 2, 0, 0.0, 2.0
115, 49, 135, 175, 134, 174, 1, 1, 0.7853981633974483, 1.4142135623730951
115, 50, 99, 404, 98, 405, 1, -1, -0.7853981633974483, 1.4142135623730951
115, 52, 263, 322, 260, 321, 3, 1, 0.3217505543966422, 3.1622776601683795
115, 54, 255, 317, 253, 318, 2, -1, -0.4636476090008061, 2.23606797749979
115, 55, 95, 343, 94, 344, 1, -1, -0.7853981633974483, 1.4142135623730951
115, 57, 127, 349, 126, 350, 1, -1, -0.7853981633974483, 1.4142135623730951
115, 58, 138, 378, 137, 379, 1, -1, -0.7853981633974483, 1.4142135623730951
115, 66, 201, 199, 201, 197, 0, 2, 1.5707963267948966, 2.0
115, 68, 101, 288, 99, 288, 2, 0, 0.0, 2.0
115, 69, 229, 379, 227, 380, 2, -1, -0.4636476090008061, 2.23606797749979
115, 70, 111, 220, 110, 218, 1, 2, 1.1071487177940904, 2.23606797749979
115, 71, 86, 313, 85, 314, 1, -1, -0.7853981633974483, 1.4142135623730951
115, 75, 132, 384, 131, 385, 1, -1, -0.7853981633974483, 1.4142135623730951
115, 76, 267, 320, 268, 322, -1, -2, -2.0344439357957027, 2.23606797749979
115, 79, 223, 331, 222, 332, 1, -1, -0.7853981633974483, 1.4142135623730951
116, 3, 102, 93, 101, 92, 1, 1, 0.7853981633974483, 1.4142135623730951
116, 4, 28, 174, 26, 174, 2, 0, 0.0, 2.0
116, 7, 124, 218, 123, 217, 1, 1, 0.7853981633974483, 1.4142135623730951
116, 9, 147, 181, 146, 180, 1, 1, 0.7853981633974483, 1.4142135623730951
116, 12, 6, 126, 5, 125, 1, 1, 0.7853981633974483, 1.4142135623730951
116, 13, 69, 161, 68, 160, 1, 1, 0.7853981633974483, 1.4142135623730951
116, 14, 145, 238, 144, 237, 1, 1, 0.7853981633974483, 1.4142135623730951
116, 17, 72, 110, 73, 109, -1, 1, 2.356194490192345, 1.4142135623730951
116, 19, 59, 351, 58, 352, 1, -1, -0.7853981633974483, 1.4142135623730951
116, 22, 96, 203, 95, 202, 1, 1, 0.7853981633974483, 1.4142135623730951
116, 23, 137, 250, 132, 249, 5, 1, 0.19739555984988075, 5.0990195135927845
116, 24, 43, 397, 42, 398, 1, -1, -0.7853981633974483, 1.4142135623730951
116, 25, 106, 296, 104, 296, 2, 0, 0.0, 2.0
116, 26, 210, 349, 206, 350, 4, -1, -0.24497866312686414, 4.123105625617661
116, 27, 157, 203, 156, 202, 1, 1, 0.7853981633974483, 1.4142135623730951
116, 30, 13, 281, 11, 280, 2, 1, 0.4636476090008061, 2.23606797749979
116, 31, 204, 357, 203, 358, 1, -1, -0.7853981633974483, 1.4142135623730951
116, 33, 66, 341, 63, 342, 3, -1, -0.3217505543966422, 3.1622776601683795
116, 34, 200, 309, 196, 309, 4, 0, 0.0, 4.0
116, 35, 214, 228, 213, 227, 1, 1, 0.7853981633974483, 1.4142135623730951
116, 36, 38, 139, 36, 138, 2, 1, 0.4636476090008061, 2.23606797749979
116, 37, 191, 394, 189, 395, 2, -1, -0.4636476090008061, 2.23606797749979
116, 38, 259, 262, 261, 262, -2, 0, 3.141592653589793, 2.0
116, 40, 262, 351, 260, 352, 2, -1, -0.4636476090008061, 2.23606797749979
116, 42, 196, 195, 195, 194, 1, 1, 0.7853981633974483, 1.4142135623730951
116, 45, 24, 370, 23, 371, 1, -1, -0.7853981633974483, 1.4142135623730951
116, 46, 257, 326, 254, 326, 3, 0, 0.0, 3.0
116, 54, 257, 317, 255, 317, 2, 0, 0.0, 2.0
116, 58, 139, 377, 138, 378, 1, -1, -0.7853981633974483, 1.4142135623730951
116, 59, 110, 175, 109, 174, 1, 1, 0.7853981633974483, 1.4142135623730951
116, 60, 133, 276, 131, 275, 2, 1, 0.4636476090008061, 2.23606797749979
116, 61, 224, 300, 223, 298, 1, 2, 1.1071487177940904, 2.23606797749979
116, 63, 168, 286, 167, 285, 1, 1, 0.7853981633974483, 1.4142135623730951
116, 65, 202, 200, 201, 199, 1, 1, 0.7853981633974483, 1.4142135623730951
116, 66, 109, 289, 107, 289, 2, 0, 0.0, 2.0
116, 68, 231, 377, 229, 379, 2, -2, -0.7853981633974483, 2.8284271247461903
116, 69, 112, 221, 111, 220, 1, 1, 0.7853981633974483, 1.4142135623730951
116, 70, 88, 312, 86, 313, 2, -1, -0.4636476090008061, 2.23606797749979
116, 73, 81, 278, 80, 277, 1, 1, 0.7853981633974483, 1.4142135623730951
116, 74, 133, 383, 132, 384, 1, -1, -0.7853981633974483, 1.4142135623730951
116, 75, 266, 318, 267, 320, -1, -2, -2.0344439357957027, 2.23606797749979
116, 77, 225, 331, 223, 331, 2, 0, 0.0, 2.0
117, 6, 103, 172, 102, 171, 1, 1, 0.7853981633974483, 1.4142135623730951
117, 8, 12, 308, 11, 309, 1, -1, -0.7853981633974483, 1.4142135623730951
117, 10, 178, 233, 177, 232, 1, 1, 0.7853981633974483, 1.4142135623730951
117, 11, 198, 137, 197, 136, 1, 1, 0.7853981633974483, 1.4142135623730951
117, 12, 8, 127, 6, 126, 2, 1, 0.4636476090008061, 2.23606797749979
117, 16, 88, 136, 87, 135, 1, 1, 0.7853981633974483, 1.4142135623730951
117, 18, 62, 166, 61, 165, 1, 1, 0.7853981633974483, 1.4142135623730951
117, 19, 61, 350, 59, 351, 2, -1, -0.4636476090008061, 2.23606797749979
117, 20, 191, 317, 189, 317, 2, 0, 0.0, 2.0
117, 23, 141, 252, 137, 250, 4, 2, 0.4636476090008061, 4.47213595499958
117, 24, 44, 396, 43, 397, 1, -1, -0.7853981633974483, 1.4142135623730951
117, 26, 214, 347, 210, 349, 4, -2, -0.4636476090008061, 4.47213595499958
117, 30, 18, 281, 13, 281, 5, 0, 0.0, 5.0
117, 31, 205, 356, 204, 357, 1, -1, -0.7853981633974483, 1.4142135623730951
117, 32, 197, 261, 196, 260, 1, 1, 0.7853981633974483, 1.4142135623730951
117, 33, 69, 340, 66, 341, 3, -1, -0.3217505543966422, 3.1622776601683795
117, 34, 204, 310, 200, 309, 4, 1, 0.24497866312686414, 4.123105625617661
117, 36, 39, 140, 38, 139, 1, 1, 0.7853981633974483, 1.4142135623730951
117, 37, 193, 392, 191, 394, 2, -2, -0.7853981633974483, 2.8284271247461903
117, 40, 264, 350, 262, 351, 2, -1, -0.4636476090008061, 2.23606797749979
117, 41, 75, 232, 74, 233, 1, -1, -0.7853981633974483, 1.4142135623730951
117, 42, 197, 196, 196, 195, 1, 1, 0.7853981633974483, 1.4142135623730951
117, 44, 187, 104, 186, 103, 1, 1, 0.7853981633974483, 1.4142135623730951
117, 45, 26, 369, 24, 370, 2, -1, -0.4636476090008061, 2.23606797749979
117, 46, 260, 325, 257, 326, 3, -1, -0.3217505543966422, 3.1622776601683795
117, 47, 131, 140, 130, 139, 1, 1, 0.7853981633974483, 1.4142135623730951
117, 52, 262, 322, 263, 321, -1, 1, 2.356194490192345, 1.4142135623730951
117, 55, 96, 342, 95, 343, 1, -1, -0.7853981633974483, 1.4142135623730951
117, 58, 141, 377, 139, 377, 2, 0, 0.0, 2.0
117, 62, 28, 213, 27, 212, 1, 1, 0.7853981633974483, 1.4142135623730951
117, 64, 38, 176, 36, 175, 2, 1, 0.4636476090008061, 2.23606797749979
117, 67, 104, 289, 102, 288, 2, 1, 0.4636476090008061, 2.23606797749979
117, 68, 233, 376, 231, 377, 2, -1, -0.4636476090008061, 2.23606797749979
117, 69, 113, 222, 112, 221, 1, 1, 0.7853981633974483, 1.4142135623730951
117, 74, 134, 382, 133, 383, 1, -1, -0.7853981633974483, 1.4142135623730951
117, 76, 35, 217, 33, 217, 2, 0, 0.0, 2.0
117, 77, 227, 330, 225, 331, 2, -1, -0.4636476090008061, 2.23606797749979
118, 0, 54, 254, 52, 254, 2, 0, 0.0, 2.0
118, 3, 103, 94, 102, 93, 1, 1, 0.7853981633974483, 1.4142135623730951
118, 6, 104, 173, 103, 172, 1, 1, 0.7853981633974483, 1.4142135623730951
118, 11, 199, 138, 198, 137, 1, 1, 0.7853981633974483, 1.4142135623730951
118, 13, 70, 162, 68, 161, 2, 1, 0.4636476090008061, 2.23606797749979
118, 14, 147, 239, 146, 238, 1, 1, 0.7853981633974483, 1.4142135623730951
118, 15, 15, 242, 12, 242, 3, 0, 0.0, 3.0
118, 16, 89, 137, 88, 136, 1, 1, 0.7853981633974483, 1.4142135623730951
118, 17, 64, 166, 62, 166, 2, 0, 0.0, 2.0
118, 18, 63, 349, 61, 350, 2, -1, -0.4636476090008061, 2.23606797749979
118, 19, 192, 318, 191, 317, 1, 1, 0.7853981633974483, 1.4142135623730951
118, 20, 126, 254, 125, 253, 1, 1, 0.7853981633974483, 1.4142135623730951
118, 22, 145, 254, 141, 252, 4, 2, 0.4636476090008061, 4.47213595499958
118, 23, 48, 394, 44, 396, 4, -2, -0.4636476090008061, 4.47213595499958
118, 25, 218, 346, 214, 347, 4, -1, -0.24497866312686414, 4.123105625617661
118, 26, 158, 204, 157, 203, 1, 1, 0.7853981633974483, 1.4142135623730951
118, 27, 183, 167, 181, 166, 2, 1, 0.4636476090008061, 2.23606797749979
118, 29, 20, 282, 18, 281, 2, 1, 0.4636476090008061, 2.23606797749979
118, 30, 206, 355, 205, 356, 1, -1, -0.7853981633974483, 1.4142135623730951
118, 32, 71, 340, 69, 340, 2, 0, 0.0, 2.0
118, 33, 209, 311, 204, 310, 5, 1, 0.19739555984988075, 5.0990195135927845
118, 35, 40, 141, 39, 140, 1, 1, 0.7853981633974483, 1.4142135623730951
118, 36, 195, 390, 193, 392, 2, -2, -0.7853981633974483, 2.8284271247461903
118, 38, 50, 203, 49, 202, 1, 1, 0.7853981633974483, 1.4142135623730951
118, 39, 266, 348, 264, 350, 2, -2, -0.7853981633974483, 2.8284271247461903
118, 40, 77, 232, 75, 232, 2, 0, 0.0, 2.0
118, 41, 198, 197, 197, 196, 1, 1, 0.7853981633974483, 1.4142135623730951
118, 42, 134, 316, 131, 316, 3, 0, 0.0, 3.0
118, 44, 27, 368, 26, 369, 1, -1, -0.7853981633974483, 1.4142135623730951
118, 45, 262, 324, 260, 325, 2, -1, -0.4636476090008061, 2.23606797749979
118, 47, 76, 277, 75, 278, 1, -1, -0.7853981633974483, 1.4142135623730951
118, 48, 137, 178, 136, 176, 1, 2, 1.1071487177940904, 2.23606797749979
118, 49, 102, 403, 101, 404, 1, -1, -0.7853981633974483, 1.4142135623730951
118, 51, 264, 321, 262, 322, 2, -1, -0.4636476090008061, 2.23606797749979
118, 53, 260, 317, 258, 317, 2, 0, 0.0, 2.0
118, 54, 97, 341, 96, 342, 1, -1, -0.7853981633974483, 1.4142135623730951
118, 56, 129, 347, 128, 348, 1, -1, -0.7853981633974483, 1.4142135623730951
118, 57, 143, 376, 141, 377, 2, -1, -0.4636476090008061, 2.23606797749979
118, 59, 135, 277, 134, 276, 1, 1, 0.7853981633974483, 1.4142135623730951
118, 62, 172, 286, 169, 286, 3, 0, 0.0, 3.0
118, 63, 39, 175, 38, 176, 1, -1, -0.7853981633974483, 1.4142135623730951
118, 64, 203, 202, 202, 201, 1, 1, 0.7853981633974483, 1.4142135623730951
118, 65, 112, 289, 110, 289, 2, 0, 0.0, 2.0
118, 67, 234, 374, 233, 376, 1, -2, -1.1071487177940904, 2.23606797749979
118, 68, 114, 223, 113, 222, 1, 1, 0.7853981633974483, 1.4142135623730951
118, 70, 129, 341, 128, 342, 1, -1, -0.7853981633974483, 1.4142135623730951
118, 73, 135, 381, 134, 382, 1, -1, -0.7853981633974483, 1.4142135623730951
118, 74, 267, 317, 265, 318, 2, -1, -0.4636476090008061, 2.23606797749979
118, 76, 228, 329, 227, 330, 1, -1, -0.7853981633974483, 1.4142135623730951
119, 0, 56, 254, 54, 254, 2, 0, 0.0, 2.0
119, 1, 25, 215, 23, 215, 2, 0, 0.0, 2.0
119, 2, 66, 234, 65, 233, 1, 1, 0.7853981633974483, 1.4142135623730951
119, 5, 88, 257, 86, 257, 2, 0, 0.0, 2.0
119, 8, 14, 307, 13, 308, 1, -1, -0.7853981633974483, 1.4142135623730951
119, 9, 150, 182, 149, 181, 1, 1, 0.7853981633974483, 1.4142135623730951
119, 11, 200, 139, 199, 138, 1, 1, 0.7853981633974483, 1.4142135623730951
119, 13, 71, 163, 70, 162, 1, 1, 0.7853981633974483, 1.4142135623730951
119, 14, 148, 240, 147, 239, 1, 1, 0.7853981633974483, 1.4142135623730951
119, 15, 17, 242, 15, 242, 2, 0, 0.0, 2.0
119, 16, 90, 138, 89, 137, 1, 1, 0.7853981633974483, 1.4142135623730951
119, 17, 65, 167, 64, 166, 1, 1, 0.7853981633974483, 1.4142135623730951
119, 18, 65, 348, 63, 349, 2, -1, -0.4636476090008061, 2.23606797749979
119, 22, 146, 255, 145, 254, 1, 1, 0.7853981633974483, 1.4142135623730951
119, 23, 49, 393, 48, 394, 1, -1, -0.7853981633974483, 1.4142135623730951
119, 24, 109, 295, 108, 296, 1, -1, -0.7853981633974483, 1.4142135623730951
119, 25, 220, 345, 218, 346, 2, -1, -0.4636476090008061, 2.23606797749979
119, 27, 184, 168, 183, 167, 1, 1, 0.7853981633974483, 1.4142135623730951
119, 29, 22, 283, 20, 282, 2, 1, 0.4636476090008061, 2.23606797749979
119, 30, 207, 354, 206, 355, 1, -1, -0.7853981633974483, 1.4142135623730951
119, 33, 211, 312, 209, 311, 2, 1, 0.4636476090008061, 2.23606797749979
119, 34, 217, 231, 215, 229, 2, 2, 0.7853981633974483, 2.8284271247461903
119, 35, 42, 141, 40, 141, 2, 0, 0.0, 2.0
119, 36, 196, 389, 195, 390, 1, -1, -0.7853981633974483, 1.4142135623730951
119, 39, 268, 348, 266, 348, 2, 0, 0.0, 2.0
119, 40, 79, 232, 77, 232, 2, 0, 0.0, 2.0
119, 41, 199, 198, 198, 197, 1, 1, 0.7853981633974483, 1.4142135623730951
119, 42, 136, 315, 134, 316, 2, -1, -0.4636476090008061, 2.23606797749979
119, 44, 28, 367, 27, 368, 1, -1, -0.7853981633974483, 1.4142135623730951
119, 46, 133, 141, 131, 140, 2, 1, 0.4636476090008061, 2.23606797749979
119, 48, 138, 179, 137, 178, 1, 1, 0.7853981633974483, 1.4142135623730951
119, 49, 104, 402, 102, 403, 2, -1, -0.4636476090008061, 2.23606797749979
119, 51, 264, 319, 264, 321, 0, -2, -1.5707963267948966, 2.0
119, 54, 98, 340, 97, 341, 1, -1, -0.7853981633974483, 1.4142135623730951
119, 56, 130, 346, 129, 347, 1, -1, -0.7853981633974483, 1.4142135623730951
119, 57, 144, 375, 143, 376, 1, -1, -0.7853981633974483, 1.4142135623730951
119, 58, 114, 175, 112, 175, 2, 0, 0.0, 2.0
119, 61, 31, 214, 29, 213, 2, 1, 0.4636476090008061, 2.23606797749979
119, 62, 173, 287, 172, 286, 1, 1, 0.7853981633974483, 1.4142135623730951
119, 64, 204, 203, 203, 202, 1, 1, 0.7853981633974483, 1.4142135623730951
119, 66, 107, 290, 105, 289, 2, 1, 0.4636476090008061, 2.23606797749979
119, 67, 235, 373, 234, 374, 1, -1, -0.7853981633974483, 1.4142135623730951
119, 68, 115, 224, 114, 223, 1, 1, 0.7853981633974483, 1.4142135623730951
119, 69, 91, 311, 90, 312, 1, -1, -0.7853981633974483, 1.4142135623730951
119, 72, 83, 279, 82, 278, 1, 1, 0.7853981633974483, 1.4142135623730951
119, 73, 137, 380, 135, 381, 2, -1, -0.4636476090008061, 2.23606797749979
119, 74, 267, 315, 267, 317, 0, -2, -1.5707963267948966, 2.0
119, 75, 38, 217, 36, 217, 2, 0, 0.0, 2.0
119, 76, 229, 328, 228, 329, 1, -1, -0.7853981633974483, 1.4142135623730951
120, 5, 56, 260, 55, 259, 1, 1, 0.7853981633974483, 1.4142135623730951
120, 6, 25, 218, 23, 218, 2, 0, 0.0, 2.0
120, 8, 105, 174, 104, 173, 1, 1, 0.7853981633974483, 1.4142135623730951
120, 11, 76, 230, 74, 229, 2, 1, 0.4636476090008061, 2.23606797749979
120, 12, 128, 216, 127, 217, 1, -1, -0.7853981633974483, 1.4142135623730951
120, 13, 36, 215, 34, 214, 2, 1, 0.4636476090008061, 2.23606797749979
120, 15, 115, 172, 113, 171, 2, 1, 0.4636476090008061, 2.23606797749979
120, 17, 88, 137, 87, 136, 1, 1, 0.7853981633974483, 1.4142135623730951
120, 18, 147, 240, 146, 239, 1, 1, 0.7853981633974483, 1.4142135623730951
120, 19, 126, 257, 125, 256, 1, 1, 0.7853981633974483, 1.4142135623730951
120, 20, 65, 168, 64, 167, 1, 1, 0.7853981633974483, 1.4142135623730951
120, 21, 21, 283, 20, 282, 1, 1, 0.7853981633974483, 1.4142135623730951
120, 22, 217, 230, 216, 228, 1, 2, 1.1071487177940904, 2.23606797749979
120, 24, 196, 266, 195, 265, 1, 1, 0.7853981633974483, 1.4142135623730951
120, 25, 195, 392, 193, 393, 2, -1, -0.4636476090008061, 2.23606797749979
120, 26, 188, 231, 186, 231, 2, 0, 0.0, 2.0
120, 29, 28, 370, 26, 371, 2, -1, -0.4636476090008061, 2.23606797749979
120, 30, 42, 140, 39, 140, 3, 0, 0.0, 3.0
120, 33, 222, 302, 218, 301, 4, 1, 0.24497866312686414, 4.123105625617661
120, 34, 232, 191, 231, 190, 1, 1, 0.7853981633974483, 1.4142135623730951
120, 35, 137, 285, 135, 285, 2, 0, 0.0, 2.0
120, 36, 63, 351, 62, 352, 1, -1, -0.7853981633974483, 1.4142135623730951
120, 37, 49, 395, 47, 396, 2, -1, -0.4636476090008061, 2.23606797749979
120, 38, 232, 331, 231, 332, 1, -1, -0.7853981633974483, 1.4142135623730951
120, 40, 6, 258, 4, 259, 2, -1, -0.4636476090008061, 2.23606797749979
120, 42, 134, 347, 132, 348, 2, -1, -0.4636476090008061, 2.23606797749979
120, 43, 38, 178, 37, 177, 1, 1, 0.7853981633974483, 1.4142135623730951
120, 44, 76, 282, 74, 283, 2, -1, -0.4636476090008061, 2.23606797749979
120, 45, 193, 319, 191, 319, 2, 0, 0.0, 2.0
120, 47, 206, 311, 205, 310, 1, 1, 0.7853981633974483, 1.4142135623730951
120, 48, 135, 316, 134, 317, 1, -1, -0.7853981633974483, 1.4142135623730951
120, 49, 103, 404, 102, 405, 1, -1, -0.7853981633974483, 1.4142135623730951
120, 50, 111, 291, 109, 291, 2, 0, 0.0, 2.0
120, 51, 208, 357, 206, 358, 2, -1, -0.4636476090008061, 2.23606797749979
120, 52, 139, 178, 138, 177, 1, 1, 0.7853981633974483, 1.4142135623730951
120, 54, 66, 110, 65, 109, 1, 1, 0.7853981633974483, 1.4142135623730951
120, 55, 55, 394, 54, 395, 1, -1, -0.7853981633974483, 1.4142135623730951
120, 56, 6, 222, 5, 221, 1, 1, 0.7853981633974483, 1.4142135623730951
120, 59, 143, 380, 142, 381, 1, -1, -0.7853981633974483, 1.4142135623730951
120, 61, 137, 277, 135, 277, 2, 0, 0.0, 2.0
120, 63, 84, 278, 84, 280, 0, -2, -1.5707963267948966, 2.0
120, 64, 156, 139, 155, 138, 1, 1, 0.7853981633974483, 1.4142135623730951
120, 65, 259, 317, 257, 317, 2, 0, 0.0, 2.0
120, 68, 69, 282, 66, 281, 3, 1, 0.3217505543966422, 3.1622776601683795
121, 0, 88, 259, 87, 258, 1, 1, 0.7853981633974483, 1.4142135623730951
121, 5, 58, 256, 56, 260, 2, -4, -1.1071487177940904, 4.47213595499958
121, 6, 27, 219, 25, 218, 2, 1, 0.4636476090008061, 2.23606797749979
121, 8, 106, 175, 105, 174, 1, 1, 0.7853981633974483, 1.4142135623730951
121, 9, 55, 254, 55, 251, 0, 3, 1.5707963267948966, 3.0
121, 10, 182, 234, 180, 233, 2, 1, 0.4636476090008061, 2.23606797749979
121, 11, 79, 231, 76, 230, 3, 1, 0.3217505543966422, 3.1622776601683795
121, 12, 130, 217, 128, 216, 2, 1, 0.4636476090008061, 2.23606797749979
121, 13, 38, 216, 36, 215, 2, 1, 0.4636476090008061, 2.23606797749979
121, 15, 118, 175, 115, 172, 3, 3, 0.7853981633974483, 4.242640687119285
121, 16, 269, 353, 267, 353, 2, 0, 0.0, 2.0
121, 18, 148, 241, 147, 240, 1, 1, 0.7853981633974483, 1.4142135623730951
121, 20, 66, 169, 65, 168, 1, 1, 0.7853981633974483, 1.4142135623730951
121, 22, 218, 231, 217, 230, 1, 1, 0.7853981633974483, 1.4142135623730951
121, 23, 198, 267, 196, 266, 2, 1, 0.4636476090008061, 2.23606797749979
121, 24, 197, 390, 195, 392, 2, -2, -0.7853981633974483, 2.8284271247461903
121, 25, 190, 232, 188, 231, 2, 1, 0.4636476090008061, 2.23606797749979
121, 26, 268, 319, 267, 320, 1, -1, -0.7853981633974483, 1.4142135623730951
121, 27, 53, 203, 51, 203, 2, 0, 0.0, 2.0
121, 28, 30, 369, 28, 370, 2, -1, -0.4636476090008061, 2.23606797749979
121, 29, 44, 141, 42, 140, 2, 1, 0.4636476090008061, 2.23606797749979
121, 35, 65, 350, 63, 351, 2, -1, -0.4636476090008061, 2.23606797749979
121, 40, 31, 249, 29, 249, 2, 0, 0.0, 2.0
121, 41, 135, 346, 134, 347, 1, -1, -0.7853981633974483, 1.4142135623730951
121, 45, 174, 285, 172, 284, 2, 1, 0.4636476090008061, 2.23606797749979
121, 47, 137, 315, 135, 316, 2, -1, -0.4636476090008061, 2.23606797749979
121, 48, 105, 403, 103, 404, 2, -1, -0.4636476090008061, 2.23606797749979
121, 49, 113, 291, 111, 291, 2, 0, 0.0, 2.0
121, 50, 210, 356, 208, 357, 2, -1, -0.4636476090008061, 2.23606797749979
121, 51, 140, 179, 139, 178, 1, 1, 0.7853981633974483, 1.4142135623730951
121, 52, 266, 326, 264, 326, 2, 0, 0.0, 2.0
121, 58, 144, 379, 143, 380, 1, -1, -0.7853981633974483, 1.4142135623730951
121, 59, 97, 209, 96, 208, 1, 1, 0.7853981633974483, 1.4142135623730951
121, 60, 139, 278, 137, 277, 2, 1, 0.4636476090008061, 2.23606797749979
121, 62, 86, 279, 84, 278, 2, 1, 0.4636476090008061, 2.23606797749979
121, 63, 157, 140, 156, 139, 1, 1, 0.7853981633974483, 1.4142135623730951
121, 64, 261, 319, 259, 317, 2, 2, 0.7853981633974483, 2.8284271247461903
122, 1, 104, 98, 103, 97, 1, 1, 0.7853981633974483, 1.4142135623730951
122, 2, 16, 303, 15, 304, 1, -1, -0.7853981633974483, 1.4142135623730951
122, 3, 30, 177, 29, 176, 1, 1, 0.7853981633974483, 1.4142135623730951
122, 4, 69, 234, 67, 234, 2, 0, 0.0, 2.0
122, 5, 59, 257, 58, 256, 1, 1, 0.7853981633974483, 1.4142135623730951
122, 8, 108, 176, 106, 175, 2, 1, 0.4636476090008061, 2.23606797749979
122, 10, 184, 234, 182, 234, 2, 0, 0.0, 2.0
122, 11, 82, 232, 79, 231, 3, 1, 0.3217505543966422, 3.1622776601683795
122, 12, 131, 218, 130, 217, 1, 1, 0.7853981633974483, 1.4142135623730951
122, 13, 39, 217, 38, 216, 1, 1, 0.7853981633974483, 1.4142135623730951
122, 14, 11, 129, 10, 128, 1, 1, 0.7853981633974483, 1.4142135623730951
122, 15, 120, 177, 118, 175, 2, 2, 0.7853981633974483, 2.8284271247461903
122, 16, 271, 352, 269, 353, 2, -1, -0.4636476090008061, 2.23606797749979
122, 18, 149, 242, 148, 241, 1, 1, 0.7853981633974483, 1.4142135623730951
122, 19, 128, 258, 127, 257, 1, 1, 0.7853981633974483, 1.4142135623730951
122, 20, 67, 170, 66, 169, 1, 1, 0.7853981633974483, 1.4142135623730951
122, 21, 24, 283, 22, 283, 2, 0, 0.0, 2.0
122, 23, 199, 268, 198, 267, 1, 1, 0.7853981633974483, 1.4142135623730951
122, 24, 198, 389, 197, 390, 1, -1, -0.7853981633974483, 1.4142135623730951
122, 25, 192, 233, 190, 232, 2, 1, 0.4636476090008061, 2.23606797749979
122, 26, 270, 320, 268, 319, 2, 1, 0.4636476090008061, 2.23606797749979
122, 28, 32, 368, 30, 369, 2, -1, -0.4636476090008061, 2.23606797749979
122, 30, 206, 203, 205, 202, 1, 1, 0.7853981633974483, 1.4142135623730951
122, 32, 224, 301, 223, 302, 1, -1, -0.7853981633974483, 1.4142135623730951
122, 33, 233, 194, 232, 192, 1, 2, 1.1071487177940904, 2.23606797749979
122, 34, 139, 286, 138, 285, 1, 1, 0.7853981633974483, 1.4142135623730951
122, 35, 67, 349, 65, 350, 2, -1, -0.4636476090008061, 2.23606797749979
122, 36, 51, 395, 49, 396, 2, -1, -0.4636476090008061, 2.23606797749979
122, 37, 235, 329, 233, 331, 2, -2, -0.7853981633974483, 2.8284271247461903
122, 39, 7, 259, 6, 258, 1, 1, 0.7853981633974483, 1.4142135623730951
122, 41, 136, 345, 135, 346, 1, -1, -0.7853981633974483, 1.4142135623730951
122, 43, 78, 281, 77, 282, 1, -1, -0.7853981633974483, 1.4142135623730951
122, 44, 196, 319, 194, 319, 2, 0, 0.0, 2.0
122, 49, 115, 290, 113, 291, 2, -1, -0.4636476090008061, 2.23606797749979
122, 51, 141, 180, 140, 179, 1, 1, 0.7853981633974483, 1.4142135623730951
122, 52, 269, 326, 266, 326, 3, 0, 0.0, 3.0
122, 53, 67, 111, 66, 110, 1, 1, 0.7853981633974483, 1.4142135623730951
122, 54, 57, 393, 55, 394, 2, -1, -0.4636476090008061, 2.23606797749979
122, 56, 139, 309, 138, 310, 1, -1, -0.7853981633974483, 1.4142135623730951
122, 58, 146, 378, 144, 379, 2, -1, -0.4636476090008061, 2.23606797749979
122, 60, 141, 279, 139, 278, 2, 1, 0.4636476090008061, 2.23606797749979
122, 62, 88, 279, 86, 279, 2, 0, 0.0, 2.0
122, 65, 198, 143, 197, 142, 1, 1, 0.7853981633974483, 1.4142135623730951
122, 66, 25, 242, 23, 242, 2, 0, 0.0, 2.0
122, 67, 72, 283, 70, 282, 2, 1, 0.4636476090008061, 2.23606797749979
123, 0, 90, 260, 89, 259, 1, 1, 0.7853981633974483, 1.4142135623730951
123, 4, 71, 235, 69, 234, 2, 1, 0.4636476090008061, 2.23606797749979
123, 5, 61, 259, 59, 257, 2, 2, 0.7853981633974483, 2.8284271247461903
123, 6, 30, 220, 28, 219, 2, 1, 0.4636476090008061, 2.23606797749979
123, 8, 109, 177, 108, 176, 1, 1, 0.7853981633974483, 1.4142135623730951
123, 9, 58, 255, 56, 254, 2, 1, 0.4636476090008061, 2.23606797749979
123, 10, 185, 235, 184, 234, 1, 1, 0.7853981633974483, 1.4142135623730951
123, 11, 84, 233, 82, 232, 2, 1, 0.4636476090008061, 2.23606797749979
123, 12, 132, 219, 131, 218, 1, 1, 0.7853981633974483, 1.4142135623730951
123, 13, 40, 218, 39, 217, 1, 1, 0.7853981633974483, 1.4142135623730951
123, 15, 122, 178, 120, 177, 2, 1, 0.4636476090008061, 2.23606797749979
123, 16, 273, 351, 271, 352, 2, -1, -0.4636476090008061, 2.23606797749979
123, 17, 90, 137, 89, 136, 1, 1, 0.7853981633974483, 1.4142135623730951
123, 18, 151, 243, 149, 242, 2, 1, 0.4636476090008061, 2.23606797749979
123, 19, 130, 258, 128, 258, 2, 0, 0.0, 2.0
123, 22, 219, 234, 218, 232, 1, 2, 1.1071487177940904, 2.23606797749979
123, 23, 200, 269, 199, 268, 1, 1, 0.7853981633974483, 1.4142135623730951
123, 24, 201, 387, 198, 389, 3, -2, -0.5880026035475675, 3.605551275463989
123, 25, 194, 235, 192, 233, 2, 2, 0.7853981633974483, 2.8284271247461903
123, 26, 272, 322, 270, 320, 2, 2, 0.7853981633974483, 2.8284271247461903
123, 28, 35, 367, 32, 368, 3, -1, -0.3217505543966422, 3.1622776601683795
123, 29, 46, 142, 45, 141, 1, 1, 0.7853981633974483, 1.4142135623730951
123, 35, 68, 348, 67, 349, 1, -1, -0.7853981633974483, 1.4142135623730951
123, 36, 52, 394, 51, 395, 1, -1, -0.7853981633974483, 1.4142135623730951
123, 37, 237, 330, 235, 329, 2, 1, 0.4636476090008061, 2.23606797749979
123, 40, 33, 250, 32, 249, 1, 1, 0.7853981633974483, 1.4142135623730951
123, 43, 79, 280, 78, 281, 1, -1, -0.7853981633974483, 1.4142135623730951
123, 47, 140, 314, 138, 315, 2, -1, -0.4636476090008061, 2.23606797749979
123, 48, 107, 402, 106, 403, 1, -1, -0.7853981633974483, 1.4142135623730951
123, 49, 117, 291, 115, 290, 2, 1, 0.4636476090008061, 2.23606797749979
123, 50, 213, 355, 211, 356, 2, -1, -0.4636476090008061, 2.23606797749979
123, 52, 271, 325, 269, 326, 2, -1, -0.4636476090008061, 2.23606797749979
123, 54, 59, 391, 57, 393, 2, -2, -0.7853981633974483, 2.8284271247461903
123, 56, 141, 307, 139, 309, 2, -2, -0.7853981633974483, 2.8284271247461903
123, 57, 148, 378, 146, 378, 2, 0, 0.0, 2.0
123, 58, 99, 210, 98, 209, 1, 1, 0.7853981633974483, 1.4142135623730951
123, 59, 142, 280, 141, 279, 1, 1, 0.7853981633974483, 1.4142135623730951
123, 60, 196, 199, 195, 198, 1, 1, 0.7853981633974483, 1.4142135623730951
123, 61, 89, 281, 88, 279, 1, 2, 1.1071487177940904, 2.23606797749979
123, 62, 158, 142, 157, 141, 1, 1, 0.7853981633974483, 1.4142135623730951
123, 64, 199, 144, 198, 143, 1, 1, 0.7853981633974483, 1.4142135623730951
123, 66, 74, 283, 72, 283, 2, 0, 0.0, 2.0
124, 3, 32, 178, 31, 177, 1, 1, 0.7853981633974483, 1.4142135623730951
124, 5, 63, 258, 61, 259, 2, -1, -0.4636476090008061, 2.23606797749979
124, 8, 110, 178, 109, 177, 1, 1, 0.7853981633974483, 1.4142135623730951
124, 10, 186, 236, 185, 235, 1, 1, 0.7853981633974483, 1.4142135623730951
124, 11, 85, 234, 84, 233, 1, 1, 0.7853981633974483, 1.4142135623730951
124, 13, 41, 219, 40, 218, 1, 1, 0.7853981633974483, 1.4142135623730951
124, 15, 123, 180, 122, 178, 1, 2, 1.1071487177940904, 2.23606797749979
124, 16, 278, 350, 273, 351, 5, -1, -0.19739555984988075, 5.0990195135927845
124, 17, 93, 140, 90, 137, 3, 3, 0.7853981633974483, 4.242640687119285
124, 19, 131, 259, 130, 258, 1, 1, 0.7853981633974483, 1.4142135623730951
124, 20, 69, 171, 68, 170, 1, 1, 0.7853981633974483, 1.4142135623730951
124, 21, 27, 283, 25, 283, 2, 0, 0.0, 2.0
124, 22, 220, 235, 219, 234, 1, 1, 0.7853981633974483, 1.4142135623730951
124, 24, 202, 386, 201, 387, 1, -1, -0.7853981633974483, 1.4142135623730951
124, 25, 196, 237, 194, 235, 2, 2, 0.7853981633974483, 2.8284271247461903
124, 26, 274, 322, 272, 322, 2, 0, 0.0, 2.0
124, 28, 38, 366, 35, 367, 3, -1, -0.3217505543966422, 3.1622776601683795
124, 29, 47, 143, 46, 142, 1, 1, 0.7853981633974483, 1.4142135623730951
124, 30, 206, 206, 206, 204, 0, 2, 1.5707963267948966, 2.0
124, 32, 222, 299, 224, 300, -2, -1, -2.677945044588987, 2.23606797749979
124, 35, 70, 347, 68, 348, 2, -1, -0.4636476090008061, 2.23606797749979
124, 36, 53, 393, 52, 394, 1, -1, -0.7853981633974483, 1.4142135623730951
124, 39, 9, 260, 8, 259, 1, 1, 0.7853981633974483, 1.4142135623730951
124, 41, 139, 345, 137, 345, 2, 0, 0.0, 2.0
124, 43, 81, 281, 79, 280, 2, 1, 0.4636476090008061, 2.23606797749979
124, 44, 201, 319, 197, 319, 4, 0, 0.0, 4.0
124, 47, 142, 313, 140, 314, 2, -1, -0.4636476090008061, 2.23606797749979
124, 48, 109, 401, 107, 402, 2, -1, -0.4636476090008061, 2.23606797749979
124, 50, 217, 354, 213, 355, 4, -1, -0.24497866312686414, 4.123105625617661
124, 51, 142, 182, 141, 181, 1, 1, 0.7853981633974483, 1.4142135623730951
124, 52, 273, 324, 271, 325, 2, -1, -0.4636476090008061, 2.23606797749979
124, 53, 70, 112, 68, 111, 2, 1, 0.4636476090008061, 2.23606797749979
124, 54, 61, 390, 59, 391, 2, -1, -0.4636476090008061, 2.23606797749979
124, 56, 150, 377, 148, 378, 2, -1, -0.4636476090008061, 2.23606797749979
124, 57, 100, 212, 99, 210, 1, 2, 1.1071487177940904, 2.23606797749979
124, 58, 144, 281, 142, 280, 2, 1, 0.4636476090008061, 2.23606797749979
124, 59, 197, 200, 196, 199, 1, 1, 0.7853981633974483, 1.4142135623730951
124, 61, 159, 143, 158, 142, 1, 1, 0.7853981633974483, 1.4142135623730951
124, 65, 76, 283, 74, 283, 2, 0, 0.0, 2.0
125, 4, 185, 238, 184, 237, 1, 1, 0.7853981633974483, 1.4142135623730951
125, 5, 30, 220, 28, 219, 2, 1, 0.4636476090008061, 2.23606797749979
125, 7, 60, 262, 58, 262, 2, 0, 0.0, 2.0
125, 8, 109, 178, 108, 177, 1, 1, 0.7853981633974483, 1.4142135623730951
125, 10, 203, 144, 202, 143, 1, 1, 0.7853981633974483, 1.4142135623730951
125, 11, 275, 351, 274, 352, 1, -1, -0.7853981633974483, 1.4142135623730951
125, 13, 68, 350, 67, 351, 1, -1, -0.7853981633974483, 1.4142135623730951
125, 14, 201, 387, 199, 389, 2, -2, -0.7853981633974483, 2.8284271247461903
125, 21, 19, 310, 17, 311, 2, -1, -0.4636476090008061, 2.23606797749979
125, 23, 215, 356, 213, 358, 2, -2, -0.7853981633974483, 2.8284271247461903
125, 25, 153, 244, 151, 243, 2, 1, 0.4636476090008061, 2.23606797749979
125, 26, 201, 271, 200, 270, 1, 1, 0.7853981633974483, 1.4142135623730951
125, 28, 45, 143, 44, 142, 1, 1, 0.7853981633974483, 1.4142135623730951
125, 29, 201, 318, 199, 319, 2, -1, -0.4636476090008061, 2.23606797749979
125, 34, 133, 257, 131, 258, 2, -1, -0.4636476090008061, 2.23606797749979
125, 35, 218, 349, 219, 348, -1, 1, 2.356194490192345, 1.4142135623730951
125, 39, 221, 235, 220, 234, 1, 1, 0.7853981633974483, 1.4142135623730951
125, 41, 142, 182, 141, 181, 1, 1, 0.7853981633974483, 1.4142135623730951
125, 42, 204, 209, 203, 208, 1, 1, 0.7853981633974483, 1.4142135623730951
125, 43, 234, 331, 233, 332, 1, -1, -0.7853981633974483, 1.4142135623730951
125, 44, 121, 223, 119, 223, 2, 0, 0.0, 2.0
125, 45, 69, 171, 68, 170, 1, 1, 0.7853981633974483, 1.4142135623730951
125, 49, 33, 369, 31, 370, 2, -1, -0.4636476090008061, 2.23606797749979
125, 52, 151, 183, 150, 182, 1, 1, 0.7853981633974483, 1.4142135623730951
125, 53, 181, 169, 181, 167, 0, 2, 1.5707963267948966, 2.0
125, 54, 81, 280, 80, 281, 1, -1, -0.7853981633974483, 1.4142135623730951
125, 55, 67, 113, 66, 112, 1, 1, 0.7853981633974483, 1.4142135623730951
125, 59, 195, 315, 192, 315, 3, 0, 0.0, 3.0
125, 62, 93, 282, 90, 281, 3, 1, 0.3217505543966422, 3.1622776601683795
125, 64, 21, 130, 19, 130, 2, 0, 0.0, 2.0
125, 65, 116, 102, 115, 101, 1, 1, 0.7853981633974483, 1.4142135623730951
125, 68, 42, 183, 41, 182, 1, 1, 0.7853981633974483, 1.4142135623730951
126, 1, 96, 261, 95, 260, 1, 1, 0.7853981633974483, 1.4142135623730951
126, 2, 34, 179, 33, 178, 1, 1, 0.7853981633974483, 1.4142135623730951
126, 3, 73, 235, 71, 234, 2, 1, 0.4636476090008061, 2.23606797749979
126, 4, 186, 239, 185, 238, 1, 1, 0.7853981633974483, 1.4142135623730951
126, 5, 32, 221, 30, 220, 2, 1, 0.4636476090008061, 2.23606797749979
126, 6, 133, 225, 131, 225, 2, 0, 0.0, 2.0
126, 7, 62, 262, 60, 262, 2, 0, 0.0, 2.0
126, 10, 204, 145, 203, 144, 1, 1, 0.7853981633974483, 1.4142135623730951
126, 13, 69, 349, 68, 350, 1, -1, -0.7853981633974483, 1.4142135623730951
126, 14, 203, 386, 201, 387, 2, -1, -0.4636476090008061, 2.23606797749979
126, 15, 105, 208, 104, 207, 1, 1, 0.7853981633974483, 1.4142135623730951
126, 18, 13, 133, 12, 132, 1, 1, 0.7853981633974483, 1.4142135623730951
126, 21, 21, 309, 19, 310, 2, -1, -0.4636476090008061, 2.23606797749979
126, 22, 36, 283, 33, 283, 3, 0, 0.0, 3.0
126, 23, 216, 355, 215, 356, 1, -1, -0.7853981633974483, 1.4142135623730951
126, 24, 154, 245, 153, 244, 1, 1, 0.7853981633974483, 1.4142135623730951
126, 28, 203, 318, 201, 318, 2, 0, 0.0, 2.0
126, 31, 274, 326, 273, 327, 1, -1, -0.7853981633974483, 1.4142135623730951
126, 32, 12, 262, 10, 262, 2, 0, 0.0, 2.0
126, 35, 42, 220, 41, 219, 1, 1, 0.7853981633974483, 1.4142135623730951
126, 36, 109, 256, 108, 257, 1, -1, -0.7853981633974483, 1.4142135623730951
126, 37, 222, 236, 221, 235, 1, 1, 0.7853981633974483, 1.4142135623730951
126, 38, 136, 222, 138, 223, -2, -1, -2.677945044588987, 2.23606797749979
126, 39, 143, 183, 142, 182, 1, 1, 0.7853981633974483, 1.4142135623730951
126, 40, 205, 211, 204, 209, 1, 2, 1.1071487177940904, 2.23606797749979
126, 41, 236, 331, 234, 331, 2, 0, 0.0, 2.0
126, 42, 123, 224, 121, 223, 2, 1, 0.4636476090008061, 2.23606797749979
126, 43, 70, 172, 69, 171, 1, 1, 0.7853981633974483, 1.4142135623730951
126, 46, 54, 393, 53, 394, 1, -1, -0.7853981633974483, 1.4142135623730951
126, 51, 182, 170, 181, 169, 1, 1, 0.7853981633974483, 1.4142135623730951
126, 52, 83, 280, 81, 280, 2, 0, 0.0, 2.0
126, 55, 81, 234, 79, 234, 2, 0, 0.0, 2.0
126, 56, 196, 314, 195, 315, 1, -1, -0.7853981633974483, 1.4142135623730951
126, 57, 34, 246, 32, 246, 2, 0, 0.0, 2.0
126, 58, 7, 159, 6, 158, 1, 1, 0.7853981633974483, 1.4142135623730951
126, 61, 22, 131, 21, 130, 1, 1, 0.7853981633974483, 1.4142135623730951
126, 64, 124, 340, 123, 341, 1, -1, -0.7853981633974483, 1.4142135623730951
127, 0, 108, 100, 107, 99, 1, 1, 0.7853981633974483, 1.4142135623730951
127, 5, 34, 221, 32, 221, 2, 0, 0.0, 2.0
127, 6, 135, 225, 133, 225, 2, 0, 0.0, 2.0
127, 7, 64, 261, 62, 262, 2, -1, -0.4636476090008061, 2.23606797749979
127, 8, 112, 179, 110, 178, 2, 1, 0.4636476090008061, 2.23606797749979
127, 9, 158, 181, 157, 180, 1, 1, 0.7853981633974483, 1.4142135623730951
127, 10, 205, 146, 204, 145, 1, 1, 0.7853981633974483, 1.4142135623730951
127, 12, 29, 275, 27, 275, 2, 0, 0.0, 2.0
127, 13, 71, 348, 69, 349, 2, -1, -0.4636476090008061, 2.23606797749979
127, 14, 204, 385, 203, 386, 1, -1, -0.7853981633974483, 1.4142135623730951
127, 17, 93, 143, 92, 142, 1, 1, 0.7853981633974483, 1.4142135623730951
127, 19, 19, 301, 18, 302, 1, -1, -0.7853981633974483, 1.4142135623730951
127, 21, 23, 309, 21, 309, 2, 0, 0.0, 2.0
127, 22, 38, 284, 36, 283, 2, 1, 0.4636476090008061, 2.23606797749979
127, 27, 46, 145, 45, 144, 1, 1, 0.7853981633974483, 1.4142135623730951
127, 29, 57, 205, 55, 205, 2, 0, 0.0, 2.0
127, 30, 119, 181, 118, 180, 1, 1, 0.7853981633974483, 1.4142135623730951
127, 36, 112, 257, 109, 256, 3, 1, 0.3217505543966422, 3.1622776601683795
127, 37, 224, 237, 222, 236, 2, 1, 0.4636476090008061, 2.23606797749979
127, 38, 135, 223, 136, 222, -1, 1, 2.356194490192345, 1.4142135623730951
127, 39, 144, 184, 143, 183, 1, 1, 0.7853981633974483, 1.4142135623730951
127, 41, 238, 331, 236, 331, 2, 0, 0.0, 2.0
127, 42, 124, 223, 123, 224, 1, -1, -0.7853981633974483, 1.4142135623730951
127, 43, 71, 173, 70, 172, 1, 1, 0.7853981633974483, 1.4142135623730951
127, 45, 56, 393, 54, 393, 2, 0, 0.0, 2.0
127, 46, 36, 368, 34, 369, 2, -1, -0.4636476090008061, 2.23606797749979
127, 48, 269, 316, 266, 316, 3, 0, 0.0, 3.0
127, 49, 153, 184, 152, 183, 1, 1, 0.7853981633974483, 1.4142135623730951
127, 54, 197, 315, 196, 314, 1, 1, 0.7853981633974483, 1.4142135623730951
127, 56, 8, 158, 7, 159, 1, -1, -0.7853981633974483, 1.4142135623730951
127, 58, 187, 291, 186, 292, 1, -1, -0.7853981633974483, 1.4142135623730951
127, 59, 25, 132, 22, 131, 3, 1, 0.3217505543966422, 3.1622776601683795
127, 61, 30, 303, 28, 303, 2, 0, 0.0, 2.0
127, 63, 44, 184, 43, 183, 1, 1, 0.7853981633974483, 1.4142135623730951
128, 1, 98, 262, 97, 261, 1, 1, 0.7853981633974483, 1.4142135623730951
128, 2, 36, 180, 35, 179, 1, 1, 0.7853981633974483, 1.4142135623730951
128, 3, 76, 235, 74, 235, 2, 0, 0.0, 2.0
128, 5, 35, 222, 34, 221, 1, 1, 0.7853981633974483, 1.4142135623730951
128, 6, 137, 225, 135, 225, 2, 0, 0.0, 2.0
128, 8, 113, 180, 112, 179, 1, 1, 0.7853981633974483, 1.4142135623730951
128, 10, 206, 148, 205, 146, 1, 2, 1.1071487177940904, 2.23606797749979
128, 11, 280, 350, 277, 351, 3, -1, -0.3217505543966422, 3.1622776601683795
128, 12, 32, 276, 29, 275, 3, 1, 0.3217505543966422, 3.1622776601683795
128, 13, 76, 346, 71, 348, 5, -2, -0.3805063771123649, 5.385164807134504
128, 15, 107, 209, 106, 208, 1, 1, 0.7853981633974483, 1.4142135623730951
128, 18, 16, 133, 14, 133, 2, 0, 0.0, 2.0
128, 21, 24, 308, 23, 309, 1, -1, -0.7853981633974483, 1.4142135623730951
128, 22, 41, 284, 38, 284, 3, 0, 0.0, 3.0
128, 23, 217, 353, 216, 354, 1, -1, -0.7853981633974483, 1.4142135623730951
128, 24, 157, 245, 155, 245, 2, 0, 0.0, 2.0
128, 27, 48, 146, 46, 145, 2, 1, 0.4636476090008061, 2.23606797749979
128, 28, 205, 317, 204, 318, 1, -1, -0.7853981633974483, 1.4142135623730951
128, 30, 120, 182, 119, 181, 1, 1, 0.7853981633974483, 1.4142135623730951
128, 31, 277, 326, 275, 326, 2, 0, 0.0, 2.0
128, 32, 14, 261, 13, 262, 1, -1, -0.7853981633974483, 1.4142135623730951
128, 36, 114, 257, 112, 257, 2, 0, 0.0, 2.0
128, 37, 226, 238, 224, 237, 2, 1, 0.4636476090008061, 2.23606797749979
128, 38, 137, 223, 135, 223, 2, 0, 0.0, 2.0
128, 40, 206, 212, 205, 211, 1, 1, 0.7853981633974483, 1.4142135623730951
128, 41, 240, 331, 238, 331, 2, 0, 0.0, 2.0
128, 42, 126, 223, 124, 223, 2, 0, 0.0, 2.0
128, 43, 74, 175, 71, 173, 3, 2, 0.5880026035475675, 3.605551275463989
128, 44, 153, 375, 151, 375, 2, 0, 0.0, 2.0
128, 45, 58, 392, 56, 393, 2, -1, -0.4636476090008061, 2.23606797749979
128, 48, 272, 316, 269, 316, 3, 0, 0.0, 3.0
128, 49, 154, 185, 153, 184, 1, 1, 0.7853981633974483, 1.4142135623730951
128, 50, 183, 172, 182, 171, 1, 1, 0.7853981633974483, 1.4142135623730951
128, 55, 37, 246, 35, 246, 2, 0, 0.0, 2.0
128, 56, 9, 159, 8, 158, 1, 1, 0.7853981633974483, 1.4142135623730951
128, 59, 29, 134, 25, 132, 4, 2, 0.4636476090008061, 4.47213595499958
128, 61, 32, 303, 30, 303, 2, 0, 0.0, 2.0
129, 6, 139, 225, 137, 225, 2, 0, 0.0, 2.0
129, 7, 67, 261, 65, 261, 2, 0, 0.0, 2.0
129, 8, 114, 181, 113, 180, 1, 1, 0.7853981633974483, 1.4142135623730951
129, 11, 281, 348, 280, 350, 1, -2, -1.1071487177940904, 2.23606797749979
129, 12, 35, 276, 32, 276, 3, 0, 0.0, 3.0
129, 14, 205, 383, 205, 385, 0, -2, -1.5707963267948966, 2.0
129, 15, 109, 209, 107, 209, 2, 0, 0.0, 2.0
129, 16, 24, 247, 22, 246, 2, 1, 0.4636476090008061, 2.23606797749979
129, 18, 18, 133, 16, 133, 2, 0, 0.0, 2.0
129, 22, 44, 284, 41, 284, 3, 0, 0.0, 3.0
129, 24, 159, 246, 157, 245, 2, 1, 0.4636476090008061, 2.23606797749979
129, 25, 205, 272, 204, 271, 1, 1, 0.7853981633974483, 1.4142135623730951
129, 27, 49, 147, 48, 146, 1, 1, 0.7853981633974483, 1.4142135623730951
129, 28, 206, 316, 205, 317, 1, -1, -0.7853981633974483, 1.4142135623730951
129, 31, 279, 326, 277, 326, 2, 0, 0.0, 2.0
129, 36, 116, 258, 114, 257, 2, 1, 0.4636476090008061, 2.23606797749979
129, 37, 228, 239, 226, 238, 2, 1, 0.4636476090008061, 2.23606797749979
129, 39, 146, 185, 145, 184, 1, 1, 0.7853981633974483, 1.4142135623730951
129, 40, 207, 213, 206, 212, 1, 1, 0.7853981633974483, 1.4142135623730951
129, 41, 242, 330, 240, 331, 2, -1, -0.4636476090008061, 2.23606797749979
129, 42, 127, 225, 126, 223, 1, 2, 1.1071487177940904, 2.23606797749979
129, 43, 75, 176, 74, 175, 1, 1, 0.7853981633974483, 1.4142135623730951
129, 44, 154, 374, 153, 375, 1, -1, -0.7853981633974483, 1.4142135623730951
129, 45, 59, 391, 58, 392, 1, -1, -0.7853981633974483, 1.4142135623730951
129, 46, 38, 367, 37, 368, 1, -1, -0.7853981633974483, 1.4142135623730951
129, 48, 276, 316, 272, 316, 4, 0, 0.0, 4.0
129, 49, 155, 186, 154, 185, 1, 1, 0.7853981633974483, 1.4142135623730951
129, 51, 87, 280, 85, 280, 2, 0, 0.0, 2.0
129, 52, 69, 114, 68, 113, 1, 1, 0.7853981633974483, 1.4142135623730951
129, 54, 200, 315, 198, 315, 2, 0, 0.0, 2.0
129, 56, 11, 159, 9, 159, 2, 0, 0.0, 2.0
129, 59, 31, 136, 29, 134, 2, 2, 0.7853981633974483, 2.8284271247461903
129, 61, 34, 303, 32, 303, 2, 0, 0.0, 2.0
130, 0, 37, 181, 36, 180, 1, 1, 0.7853981633974483, 1.4142135623730951
130, 1, 110, 103, 109, 102, 1, 1, 0.7853981633974483, 1.4142135623730951
130, 5, 66, 260, 64, 260, 2, 0, 0.0, 2.0
130, 7, 114, 181, 113, 180, 1, 1, 0.7853981633974483, 1.4142135623730951
130, 8, 108, 212, 106, 211, 2, 1, 0.4636476090008061, 2.23606797749979
130, 9, 190, 240, 189, 239, 1, 1, 0.7853981633974483, 1.4142135623730951
130, 10, 207, 148, 206, 147, 1, 1, 0.7853981633974483, 1.4142135623730951
130, 11, 19, 133, 17, 133, 2, 0, 0.0, 2.0
130, 12, 159, 186, 158, 185, 1, 1, 0.7853981633974483, 1.4142135623730951
130, 14, 75, 350, 74, 351, 1, -1, -0.7853981633974483, 1.4142135623730951
130, 16, 97, 144, 95, 144, 2, 0, 0.0, 2.0
130, 17, 270, 272, 269, 270, 1, 2, 1.1071487177940904, 2.23606797749979
130, 19, 282, 350, 280, 351, 2, -1, -0.4636476090008061, 2.23606797749979
130, 21, 80, 341, 79, 342, 1, -1, -0.7853981633974483, 1.4142135623730951
130, 23, 49, 147, 48, 146, 1, 1, 0.7853981633974483, 1.4142135623730951
130, 25, 35, 278, 33, 277, 2, 1, 0.4636476090008061, 2.23606797749979
130, 27, 27, 285, 26, 286, 1, -1, -0.7853981633974483, 1.4142135623730951
130, 32, 225, 239, 224, 238, 1, 1, 0.7853981633974483, 1.4142135623730951
130, 34, 61, 206, 59, 206, 2, 0, 0.0, 2.0
130, 35, 241, 306, 238, 306, 3, 0, 0.0, 3.0
130, 36, 158, 247, 157, 246, 1, 1, 0.7853981633974483, 1.4142135623730951
130, 37, 205, 270, 204, 269, 1, 1, 0.7853981633974483, 1.4142135623730951
130, 38, 158, 310, 156, 312, 2, -2, -0.7853981633974483, 2.8284271247461903
130, 39, 75, 176, 74, 175, 1, 1, 0.7853981633974483, 1.4142135623730951
130, 40, 150, 380, 149, 381, 1, -1, -0.7853981633974483, 1.4142135623730951
130, 42, 274, 328, 273, 329, 1, -1, -0.7853981633974483, 1.4142135623730951
130, 43, 176, 333, 175, 334, 1, -1, -0.7853981633974483, 1.4142135623730951
130, 45, 208, 317, 207, 318, 1, -1, -0.7853981633974483, 1.4142135623730951
130, 46, 62, 393, 59, 396, 3, -3, -0.7853981633974483, 4.242640687119285
130, 48, 30, 305, 29, 304, 1, 1, 0.7853981633974483, 1.4142135623730951
130, 53, 213, 381, 213, 383, 0, -2, -1.5707963267948966, 2.0
130, 56, 124, 339, 124, 341, 0, -2, -1.5707963267948966, 2.0
130, 64, 207, 389, 206, 390, 1, -1, -0.7853981633974483, 1.4142135623730951
130, 65, 56, 144, 55, 143, 1, 1, 0.7853981633974483, 1.4142135623730951
131, 1, 111, 104, 110, 103, 1, 1, 0.7853981633974483, 1.4142135623730951
131, 3, 98, 262, 96, 262, 2, 0, 0.0, 2.0
131, 7, 115, 182, 114, 181, 1, 1, 0.7853981633974483, 1.4142135623730951
131, 9, 191, 241, 190, 240, 1, 1, 0.7853981633974483, 1.4142135623730951
131, 10, 208, 149, 207, 148, 1, 1, 0.7853981633974483, 1.4142135623730951
131, 11, 21, 133, 19, 133, 2, 0, 0.0, 2.0
131, 12, 160, 187, 159, 186, 1, 1, 0.7853981633974483, 1.4142135623730951
131, 13, 182, 293, 180, 292, 2, 1, 0.4636476090008061, 2.23606797749979
131, 16, 98, 145, 97, 144, 1, 1, 0.7853981633974483, 1.4142135623730951
131, 17, 271, 274, 270, 272, 1, 2, 1.1071487177940904, 2.23606797749979
131, 18, 284, 349, 282, 350, 2, -1, -0.4636476090008061, 2.23606797749979
131, 19, 7, 339, 5, 340, 2, -1, -0.4636476090008061, 2.23606797749979
131, 20, 81, 340, 80, 341, 1, -1, -0.7853981633974483, 1.4142135623730951
131, 22, 51, 148, 49, 147, 2, 1, 0.4636476090008061, 2.23606797749979
131, 25, 280, 320, 279, 321, 1, -1, -0.7853981633974483, 1.4142135623730951
131, 27, 209, 214, 208, 213, 1, 1, 0.7853981633974483, 1.4142135623730951
131, 28, 244, 333, 242, 332, 2, 1, 0.4636476090008061, 2.23606797749979
131, 31, 226, 240, 225, 239, 1, 1, 0.7853981633974483, 1.4142135623730951
131, 32, 62, 207, 61, 206, 1, 1, 0.7853981633974483, 1.4142135623730951
131, 33, 243, 307, 241, 306, 2, 1, 0.4636476090008061, 2.23606797749979
131, 35, 206, 271, 205, 270, 1, 1, 0.7853981633974483, 1.4142135623730951
131, 36, 160, 311, 158, 310, 2, 1, 0.4636476090008061, 2.23606797749979
131, 37, 76, 177, 75, 176, 1, 1, 0.7853981633974483, 1.4142135623730951
131, 38, 151, 379, 150, 380, 1, -1, -0.7853981633974483, 1.4142135623730951
131, 39, 39, 364, 37, 365, 2, -1, -0.4636476090008061, 2.23606797749979
131, 41, 181, 333, 176, 333, 5, 0, 0.0, 5.0
131, 44, 64, 393, 62, 393, 2, 0, 0.0, 2.0
131, 48, 90, 285, 89, 283, 1, 2, 1.1071487177940904, 2.23606797749979
131, 49, 119, 392, 122, 392, -3, 0, 3.141592653589793, 3.0
131, 50, 214, 380, 213, 381, 1, -1, -0.7853981633974483, 1.4142135623730951
131, 51, 227, 119, 226, 118, 1, 1, 0.7853981633974483, 1.4142135623730951
131, 52, 121, 340, 124, 339, -3, 1, 2.819842099193151, 3.1622776601683795
131, 53, 14, 160, 12, 159, 2, 1, 0.4636476090008061, 2.23606797749979
131, 54, 185, 357, 188, 358, -3, -1, -2.819842099193151, 3.1622776601683795
131, 56, 126, 229, 125, 228, 1, 1, 0.7853981633974483, 1.4142135623730951
131, 58, 145, 184, 144, 183, 1, 1, 0.7853981633974483, 1.4142135623730951
131, 60, 209, 388, 207, 389, 2, -1, -0.4636476090008061, 2.23606797749979
131, 62, 73, 111, 72, 110, 1, 1, 0.7853981633974483, 1.4142135623730951
132, 2, 36, 224, 35, 223, 1, 1, 0.7853981633974483, 1.4142135623730951
132, 6, 140, 227, 139, 226, 1, 1, 0.7853981633974483, 1.4142135623730951
132, 7, 116, 183, 115, 182, 1, 1, 0.7853981633974483, 1.4142135623730951
132, 10, 209, 150, 208, 149, 1, 1, 0.7853981633974483, 1.4142135623730951
132, 11, 23, 133, 21, 133, 2, 0, 0.0, 2.0
132, 14, 77, 349, 76, 350, 1, -1, -0.7853981633974483, 1.4142135623730951
132, 15, 28, 309, 26, 309, 2, 0, 0.0, 2.0
132, 16, 100, 146, 98, 145, 2, 1, 0.4636476090008061, 2.23606797749979
132, 17, 272, 276, 271, 274, 1, 2, 1.1071487177940904, 2.23606797749979
132, 18, 287, 348, 284, 349, 3, -1, -0.3217505543966422, 3.1622776601683795
132, 19, 9, 339, 7, 339, 2, 0, 0.0, 2.0
132, 22, 52, 149, 51, 148, 1, 1, 0.7853981633974483, 1.4142135623730951
132, 25, 282, 319, 280, 320, 2, -1, -0.4636476090008061, 2.23606797749979
132, 26, 30, 285, 28, 285, 2, 0, 0.0, 2.0
132, 27, 210, 215, 209, 214, 1, 1, 0.7853981633974483, 1.4142135623730951
132, 28, 246, 335, 244, 333, 2, 2, 0.7853981633974483, 2.8284271247461903
132, 31, 227, 241, 226, 240, 1, 1, 0.7853981633974483, 1.4142135623730951
132, 33, 244, 309, 243, 307, 1, 2, 1.1071487177940904, 2.23606797749979
132, 34, 160, 248, 159, 247, 1, 1, 0.7853981633974483, 1.4142135623730951
132, 35, 207, 272, 206, 271, 1, 1, 0.7853981633974483, 1.4142135623730951
132, 36, 162, 313, 160, 311, 2, 2, 0.7853981633974483, 2.8284271247461903
132, 37, 77, 178, 76, 177, 1, 1, 0.7853981633974483, 1.4142135623730951
132, 38, 153, 378, 151, 379, 2, -1, -0.4636476090008061, 2.23606797749979
132, 39, 41, 363, 39, 364, 2, -1, -0.4636476090008061, 2.23606797749979
132, 40, 276, 327, 275, 328, 1, -1, -0.7853981633974483, 1.4142135623730951
132, 42, 83, 283, 81, 284, 2, -1, -0.4636476090008061, 2.23606797749979
132, 44, 65, 392, 64, 393, 1, -1, -0.7853981633974483, 1.4142135623730951
132, 47, 91, 287, 90, 285, 1, 2, 1.1071487177940904, 2.23606797749979
132, 49, 216, 379, 214, 380, 2, -1, -0.4636476090008061, 2.23606797749979
132, 50, 227, 121, 227, 119, 0, 2, 1.5707963267948966, 2.0
132, 52, 15, 161, 14, 160, 1, 1, 0.7853981633974483, 1.4142135623730951
132, 55, 128, 230, 126, 229, 2, 1, 0.4636476090008061, 2.23606797749979
132, 56, 223, 350, 221, 351, 2, -1, -0.4636476090008061, 2.23606797749979
132, 59, 211, 387, 209, 388, 2, -1, -0.4636476090008061, 2.23606797749979
132, 60, 58, 145, 57, 144, 1, 1, 0.7853981633974483, 1.4142135623730951
133, 2, 37, 225, 36, 224, 1, 1, 0.7853981633974483, 1.4142135623730951
133, 7, 117, 184, 116, 183, 1, 1, 0.7853981633974483, 1.4142135623730951
133, 8, 110, 214, 109, 213, 1, 1, 0.7853981633974483, 1.4142135623730951
133, 9, 193, 242, 192, 241, 1, 1, 0.7853981633974483, 1.4142135623730951
133, 10, 210, 151, 209, 150, 1, 1, 0.7853981633974483, 1.4142135623730951
133, 11, 24, 134, 23, 133, 1, 1, 0.7853981633974483, 1.4142135623730951
133, 12, 161, 189, 160, 188, 1, 1, 0.7853981633974483, 1.4142135623730951
133, 15, 30, 308, 28, 309, 2, -1, -0.4636476090008061, 2.23606797749979
133, 17, 272, 278, 272, 276, 0, 2, 1.5707963267948966, 2.0
133, 18, 289, 348, 287, 348, 2, 0, 0.0, 2.0
133, 19, 11, 338, 9, 339, 2, -1, -0.4636476090008061, 2.23606797749979
133, 20, 82, 339, 81, 340, 1, -1, -0.7853981633974483, 1.4142135623730951
133, 22, 53, 150, 52, 149, 1, 1, 0.7853981633974483, 1.4142135623730951
133, 24, 38, 279, 37, 278, 1, 1, 0.7853981633974483, 1.4142135623730951
133, 25, 286, 319, 282, 319, 4, 0, 0.0, 4.0
133, 26, 32, 285, 30, 285, 2, 0, 0.0, 2.0
133, 27, 211, 216, 210, 215, 1, 1, 0.7853981633974483, 1.4142135623730951
133, 28, 247, 334, 246, 335, 1, -1, -0.7853981633974483, 1.4142135623730951
133, 29, 194, 179, 195, 178, -1, 1, 2.356194490192345, 1.4142135623730951
133, 30, 27, 247, 25, 246, 2, 1, 0.4636476090008061, 2.23606797749979
133, 31, 228, 242, 227, 241, 1, 1, 0.7853981633974483, 1.4142135623730951
133, 33, 246, 310, 244, 309, 2, 1, 0.4636476090008061, 2.23606797749979
133, 34, 161, 249, 160, 248, 1, 1, 0.7853981633974483, 1.4142135623730951
133, 36, 164, 314, 162, 313, 2, 1, 0.4636476090008061, 2.23606797749979
133, 37, 78, 179, 77, 178, 1, 1, 0.7853981633974483, 1.4142135623730951
133, 38, 154, 377, 153, 378, 1, -1, -0.7853981633974483, 1.4142135623730951
133, 39, 43, 362, 41, 363, 2, -1, -0.4636476090008061, 2.23606797749979
133, 40, 278, 327, 276, 327, 2, 0, 0.0, 2.0
133, 42, 85, 284, 83, 283, 2, 1, 0.4636476090008061, 2.23606797749979
133, 44, 67, 391, 65, 392, 2, -1, -0.4636476090008061, 2.23606797749979
133, 47, 92, 288, 91, 287, 1, 1, 0.7853981633974483, 1.4142135623730951
133, 49, 218, 378, 216, 379, 2, -1, -0.4636476090008061, 2.23606797749979
133, 50, 229, 124, 227, 121, 2, 3, 0.982793723247329, 3.605551275463989
133, 52, 16, 160, 15, 161, 1, -1, -0.7853981633974483, 1.4142135623730951
133, 55, 129, 231, 128, 230, 1, 1, 0.7853981633974483, 1.4142135623730951
133, 56, 225, 349, 223, 350, 2, -1, -0.4636476090008061, 2.23606797749979
133, 57, 147, 185, 146, 184, 1, 1, 0.7853981633974483, 1.4142135623730951
133, 59, 213, 385, 211, 387, 2, -2, -0.7853981633974483, 2.8284271247461903
133, 61, 74, 113, 73, 112, 1, 1, 0.7853981633974483, 1.4142135623730951
134, 1, 112, 107, 111, 106, 1, 1, 0.7853981633974483, 1.4142135623730951
134, 2, 38, 226, 37, 225, 1, 1, 0.7853981633974483, 1.4142135623730951
134, 3, 101, 263, 100, 262, 1, 1, 0.7853981633974483, 1.4142135623730951
134, 4, 80, 238, 79, 237, 1, 1, 0.7853981633974483, 1.4142135623730951
134, 5, 69, 258, 68, 259, 1, -1, -0.7853981633974483, 1.4142135623730951
134, 6, 141, 228, 140, 227, 1, 1, 0.7853981633974483, 1.4142135623730951
134, 8, 112, 214, 110, 214, 2, 0, 0.0, 2.0
134, 9, 194, 243, 193, 242, 1, 1, 0.7853981633974483, 1.4142135623730951
134, 10, 210, 153, 210, 151, 0, 2, 1.5707963267948966, 2.0
134, 13, 185, 294, 183, 293, 2, 1, 0.4636476090008061, 2.23606797749979
134, 14, 79, 348, 78, 349, 1, -1, -0.7853981633974483, 1.4142135623730951
134, 15, 32, 307, 30, 308, 2, -1, -0.4636476090008061, 2.23606797749979
134, 16, 102, 147, 101, 146, 1, 1, 0.7853981633974483, 1.4142135623730951
134, 17, 273, 279, 272, 278, 1, 1, 0.7853981633974483, 1.4142135623730951
134, 18, 291, 347, 289, 348, 2, -1, -0.4636476090008061, 2.23606797749979
134, 22, 55, 151, 53, 150, 2, 1, 0.4636476090008061, 2.23606797749979
134, 23, 143, 260, 142, 261, 1, -1, -0.7853981633974483, 1.4142135623730951
134, 27, 212, 217, 211, 216, 1, 1, 0.7853981633974483, 1.4142135623730951
134, 28, 250, 334, 247, 334, 3, 0, 0.0, 3.0
134, 29, 195, 181, 194, 179, 1, 2, 1.1071487177940904, 2.23606797749979
134, 33, 247, 311, 246, 310, 1, 1, 0.7853981633974483, 1.4142135623730951
134, 35, 209, 273, 208, 272, 1, 1, 0.7853981633974483, 1.4142135623730951
134, 37, 79, 180, 78, 179, 1, 1, 0.7853981633974483, 1.4142135623730951
134, 38, 155, 376, 154, 377, 1, -1, -0.7853981633974483, 1.4142135623730951
134, 39, 45, 361, 43, 362, 2, -1, -0.4636476090008061, 2.23606797749979
134, 40, 280, 327, 278, 327, 2, 0, 0.0, 2.0
134, 43, 212, 317, 210, 317, 2, 0, 0.0, 2.0
134, 44, 68, 390, 67, 391, 1, -1, -0.7853981633974483, 1.4142135623730951
134, 45, 33, 306, 32, 305, 1, 1, 0.7853981633974483, 1.4142135623730951
134, 49, 220, 378, 218, 378, 2, 0, 0.0, 2.0
134, 50, 229, 126, 229, 124, 0, 2, 1.5707963267948966, 2.0
134, 52, 17, 161, 16, 160, 1, 1, 0.7853981633974483, 1.4142135623730951
134, 55, 130, 232, 129, 231, 1, 1, 0.7853981633974483, 1.4142135623730951
134, 57, 148, 186, 147, 185, 1, 1, 0.7853981633974483, 1.4142135623730951
134, 59, 215, 384, 213, 385, 2, -1, -0.4636476090008061, 2.23606797749979
134, 60, 61, 146, 59, 145, 2, 1, 0.4636476090008061, 2.23606797749979
134, 61, 75, 114, 74, 113, 1, 1, 0.7853981633974483, 1.4142135623730951
135, 1, 41, 183, 40, 182, 1, 1, 0.7853981633974483, 1.4142135623730951
135, 5, 80, 240, 79, 239, 1, 1, 0.7853981633974483, 1.4142135623730951
135, 6, 29, 311, 28, 312, 1, -1, -0.7853981633974483, 1.4142135623730951
135, 8, 117, 184, 116, 183, 1, 1, 0.7853981633974483, 1.4142135623730951
135, 14, 67, 392, 66, 393, 1, -1, -0.7853981633974483, 1.4142135623730951
135, 15, 80, 350, 79, 351, 1, -1, -0.7853981633974483, 1.4142135623730951
135, 16, 102, 148, 101, 147, 1, 1, 0.7853981633974483, 1.4142135623730951
135, 17, 213, 387, 211, 388, 2, -1, -0.4636476090008061, 2.23606797749979
135, 19, 44, 367, 42, 368, 2, -1, -0.4636476090008061, 2.23606797749979
135, 20, 83, 181, 82, 180, 1, 1, 0.7853981633974483, 1.4142135623730951
135, 21, 249, 337, 247, 337, 2, 0, 0.0, 2.0
135, 22, 162, 250, 161, 249, 1, 1, 0.7853981633974483, 1.4142135623730951
135, 24, 150, 188, 149, 187, 1, 1, 0.7853981633974483, 1.4142135623730951
135, 25, 57, 150, 54, 149, 3, 1, 0.3217505543966422, 3.1622776601683795
135, 26, 130, 230, 129, 229, 1, 1, 0.7853981633974483, 1.4142135623730951
135, 27, 279, 321, 277, 321, 2, 0, 0.0, 2.0
135, 28, 67, 264, 65, 264, 2, 0, 0.0, 2.0
135, 30, 34, 288, 32, 287, 2, 1, 0.4636476090008061, 2.23606797749979
135, 31, 120, 397, 119, 398, 1, -1, -0.7853981633974483, 1.4142135623730951
135, 32, 77, 261, 76, 259, 1, 2, 1.1071487177940904, 2.23606797749979
135, 37, 31, 250, 29, 249, 2, 1, 0.4636476090008061, 2.23606797749979
135, 38, 51, 226, 49, 225, 2, 1, 0.4636476090008061, 2.23606797749979
135, 40, 183, 335, 182, 336, 1, -1, -0.7853981633974483, 1.4142135623730951
135, 41, 229, 241, 228, 240, 1, 1, 0.7853981633974483, 1.4142135623730951
135, 42, 211, 212, 210, 211, 1, 1, 0.7853981633974483, 1.4142135623730951
135, 44, 279, 329, 277, 329, 2, 0, 0.0, 2.0
135, 45, 155, 377, 154, 378, 1, -1, -0.7853981633974483, 1.4142135623730951
135, 50, 224, 353, 223, 354, 1, -1, -0.7853981633974483, 1.4142135623730951
135, 51, 247, 310, 248, 309, -1, 1, 2.356194490192345, 1.4142135623730951
135, 52, 81, 340, 80, 341, 1, -1, -0.7853981633974483, 1.4142135623730951
136, 1, 43, 183, 41, 183, 2, 0, 0.0, 2.0
136, 2, 40, 227, 39, 226, 1, 1, 0.7853981633974483, 1.4142135623730951
136, 4, 107, 264, 105, 264, 2, 0, 0.0, 2.0
136, 7, 126, 186, 125, 185, 1, 1, 0.7853981633974483, 1.4142135623730951
136, 8, 118, 186, 117, 184, 1, 2, 1.1071487177940904, 2.23606797749979
136, 10, 194, 243, 193, 242, 1, 1, 0.7853981633974483, 1.4142135623730951
136, 12, 291, 349, 288, 350, 3, -1, -0.3217505543966422, 3.1622776601683795
136, 13, 71, 257, 70, 258, 1, -1, -0.7853981633974483, 1.4142135623730951
136, 14, 68, 391, 67, 392, 1, -1, -0.7853981633974483, 1.4142135623730951
136, 15, 81, 349, 80, 350, 1, -1, -0.7853981633974483, 1.4142135623730951
136, 17, 215, 386, 213, 387, 2, -1, -0.4636476090008061, 2.23606797749979
136, 19, 46, 366, 44, 367, 2, -1, -0.4636476090008061, 2.23606797749979
136, 20, 84, 182, 83, 181, 1, 1, 0.7853981633974483, 1.4142135623730951
136, 22, 163, 251, 162, 250, 1, 1, 0.7853981633974483, 1.4142135623730951
136, 24, 151, 189, 150, 188, 1, 1, 0.7853981633974483, 1.4142135623730951
136, 25, 58, 151, 57, 150, 1, 1, 0.7853981633974483, 1.4142135623730951
136, 26, 131, 231, 130, 230, 1, 1, 0.7853981633974483, 1.4142135623730951
136, 27, 281, 321, 279, 321, 2, 0, 0.0, 2.0
136, 28, 70, 265, 67, 264, 3, 1, 0.3217505543966422, 3.1622776601683795
136, 30, 36, 288, 34, 288, 2, 0, 0.0, 2.0
136, 31, 121, 396, 120, 397, 1, -1, -0.7853981633974483, 1.4142135623730951
136, 32, 79, 262, 77, 261, 2, 1, 0.4636476090008061, 2.23606797749979
136, 34, 86, 173, 85, 172, 1, 1, 0.7853981633974483, 1.4142135623730951
136, 38, 52, 227, 51, 226, 1, 1, 0.7853981633974483, 1.4142135623730951
136, 39, 66, 210, 64, 209, 2, 1, 0.4636476090008061, 2.23606797749979
136, 41, 230, 243, 229, 241, 1, 2, 1.1071487177940904, 2.23606797749979
136, 44, 281, 329, 279, 329, 2, 0, 0.0, 2.0
136, 45, 156, 376, 155, 377, 1, -1, -0.7853981633974483, 1.4142135623730951
136, 49, 97, 289, 95, 289, 2, 0, 0.0, 2.0
136, 50, 225, 352, 224, 353, 1, -1, -0.7853981633974483, 1.4142135623730951
136, 52, 82, 339, 81, 340, 1, -1, -0.7853981633974483, 1.4142135623730951
137, 0, 114, 107, 113, 106, 1, 1, 0.7853981633974483, 1.4142135623730951
137, 2, 41, 228, 40, 227, 1, 1, 0.7853981633974483, 1.4142135623730951
137, 8, 119, 187, 118, 186, 1, 1, 0.7853981633974483, 1.4142135623730951
137, 11, 146, 227, 144, 226, 2, 1, 0.4636476090008061, 2.23606797749979
137, 12, 293, 349, 291, 349, 2, 0, 0.0, 2.0
137, 13, 73, 258, 71, 257, 2, 1, 0.4636476090008061, 2.23606797749979
137, 14, 69, 390, 68, 391, 1, -1, -0.7853981633974483, 1.4142135623730951
137, 15, 82, 348, 81, 349, 1, -1, -0.7853981633974483, 1.4142135623730951
137, 16, 103, 150, 102, 149, 1, 1, 0.7853981633974483, 1.4142135623730951
137, 17, 218, 384, 215, 386, 3, -2, -0.5880026035475675, 3.605551275463989
137, 18, 8, 259, 6, 259, 2, 0, 0.0, 2.0
137, 19, 47, 365, 46, 366, 1, -1, -0.7853981633974483, 1.4142135623730951
137, 21, 251, 336, 250, 337, 1, -1, -0.7853981633974483, 1.4142135623730951
137, 22, 164, 252, 163, 251, 1, 1, 0.7853981633974483, 1.4142135623730951
137, 24, 152, 190, 151, 189, 1, 1, 0.7853981633974483, 1.4142135623730951
137, 26, 133, 231, 131, 231, 2, 0, 0.0, 2.0
137, 28, 72, 265, 70, 265, 2, 0, 0.0, 2.0
137, 29, 13, 339, 11, 339, 2, 0, 0.0, 2.0
137, 30, 38, 289, 36, 288, 2, 1, 0.4636476090008061, 2.23606797749979
137, 32, 81, 263, 79, 262, 2, 1, 0.4636476090008061, 2.23606797749979
137, 33, 75, 120, 74, 119, 1, 1, 0.7853981633974483, 1.4142135623730951
137, 34, 88, 173, 86, 173, 2, 0, 0.0, 2.0
137, 35, 212, 275, 211, 274, 1, 1, 0.7853981633974483, 1.4142135623730951
137, 36, 91, 238, 90, 237, 1, 1, 0.7853981633974483, 1.4142135623730951
137, 37, 34, 250, 32, 250, 2, 0, 0.0, 2.0
137, 38, 54, 227, 52, 227, 2, 0, 0.0, 2.0
137, 40, 185, 334, 184, 335, 1, -1, -0.7853981633974483, 1.4142135623730951
137, 41, 231, 245, 230, 243, 1, 2, 1.1071487177940904, 2.23606797749979
137, 44, 284, 328, 281, 329, 3, -1, -0.3217505543966422, 3.1622776601683795
137, 45, 157, 375, 156, 376, 1, -1, -0.7853981633974483, 1.4142135623730951
137, 46, 136, 263, 135, 262, 1, 1, 0.7853981633974483, 1.4142135623730951
137, 47, 248, 212, 246, 212, 2, 0, 0.0, 2.0
137, 48, 111, 217, 109, 218, 2, -1, -0.4636476090008061, 2.23606797749979
137, 49, 99, 288, 97, 289, 2, -1, -0.4636476090008061, 2.23606797749979
137, 50, 226, 351, 225, 352, 1, -1, -0.7853981633974483, 1.4142135623730951
138, 0, 115, 108, 114, 107, 1, 1, 0.7853981633974483, 1.4142135623730951
138, 1, 46, 183, 44, 183, 2, 0, 0.0, 2.0
138, 2, 42, 229, 41, 228, 1, 1, 0.7853981633974483, 1.4142135623730951
138, 5, 83, 241, 82, 240, 1, 1, 0.7853981633974483, 1.4142135623730951
138, 6, 32, 310, 31, 311, 1, -1, -0.7853981633974483, 1.4142135623730951
138, 7, 128, 187, 127, 186, 1, 1, 0.7853981633974483, 1.4142135623730951
138, 8, 120, 188, 119, 187, 1, 1, 0.7853981633974483, 1.4142135623730951
138, 10, 196, 244, 195, 243, 1, 1, 0.7853981633974483, 1.4142135623730951
138, 11, 147, 228, 146, 227, 1, 1, 0.7853981633974483, 1.4142135623730951
138, 12, 295, 348, 293, 349, 2, -1, -0.4636476090008061, 2.23606797749979
138, 13, 75, 259, 73, 258, 2, 1, 0.4636476090008061, 2.23606797749979
138, 14, 71, 390, 69, 390, 2, 0, 0.0, 2.0
138, 15, 84, 347, 82, 348, 2, -1, -0.4636476090008061, 2.23606797749979
138, 16, 104, 151, 103, 150, 1, 1, 0.7853981633974483, 1.4142135623730951
138, 17, 220, 383, 218, 384, 2, -1, -0.4636476090008061, 2.23606797749979
138, 19, 49, 363, 47, 365, 2, -2, -0.7853981633974483, 2.8284271247461903
138, 20, 85, 183, 84, 182, 1, 1, 0.7853981633974483, 1.4142135623730951
138, 21, 254, 334, 251, 336, 3, -2, -0.5880026035475675, 3.605551275463989
138, 22, 165, 253, 164, 252, 1, 1, 0.7853981633974483, 1.4142135623730951
138, 25, 60, 152, 59, 151, 1, 1, 0.7853981633974483, 1.4142135623730951
138, 27, 285, 321, 282, 321, 3, 0, 0.0, 3.0
138, 29, 15, 340, 13, 339, 2, 1, 0.4636476090008061, 2.23606797749979
138, 31, 122, 394, 121, 395, 1, -1, -0.7853981633974483, 1.4142135623730951
138, 32, 82, 264, 81, 263, 1, 1, 0.7853981633974483, 1.4142135623730951
138, 33, 76, 121, 75, 120, 1, 1, 0.7853981633974483, 1.4142135623730951
138, 38, 56, 227, 54, 227, 2, 0, 0.0, 2.0
138, 40, 186, 333, 185, 334, 1, -1, -0.7853981633974483, 1.4142135623730951
138, 41, 232, 246, 231, 245, 1, 1, 0.7853981633974483, 1.4142135623730951
138, 42, 212, 215, 211, 214, 1, 1, 0.7853981633974483, 1.4142135623730951
138, 44, 286, 328, 284, 328, 2, 0, 0.0, 2.0
138, 45, 158, 374, 157, 375, 1, -1, -0.7853981633974483, 1.4142135623730951
138, 47, 249, 213, 248, 212, 1, 1, 0.7853981633974483, 1.4142135623730951
138, 48, 113, 216, 111, 217, 2, -1, -0.4636476090008061, 2.23606797749979
138, 49, 101, 287, 99, 288, 2, -1, -0.4636476090008061, 2.23606797749979
138, 51, 83, 337, 82, 339, 1, -2, -1.1071487177940904, 2.23606797749979
139, 0, 116, 109, 115, 108, 1, 1, 0.7853981633974483, 1.4142135623730951
139, 3, 161, 190, 160, 189, 1, 1, 0.7853981633974483, 1.4142135623730951
139, 6, 33, 309, 32, 310, 1, -1, -0.7853981633974483, 1.4142135623730951
139, 8, 121, 189, 120, 188, 1, 1, 0.7853981633974483, 1.4142135623730951
139, 10, 198, 245, 196, 244, 2, 1, 0.4636476090008061, 2.23606797749979
139, 12, 297, 347, 295, 348, 2, -1, -0.4636476090008061, 2.23606797749979
139, 14, 73, 389, 71, 390, 2, -1, -0.4636476090008061, 2.23606797749979
139, 15, 86, 346, 84, 347, 2, -1, -0.4636476090008061, 2.23606797749979
139, 16, 105, 152, 104, 151, 1, 1, 0.7853981633974483, 1.4142135623730951
139, 17, 222, 382, 220, 383, 2, -1, -0.4636476090008061, 2.23606797749979
139, 22, 166, 254, 165, 253, 1, 1, 0.7853981633974483, 1.4142135623730951
139, 26, 136, 231, 134, 231, 2, 0, 0.0, 2.0
139, 27, 286, 320, 285, 321, 1, -1, -0.7853981633974483, 1.4142135623730951
139, 30, 41, 290, 39, 289, 2, 1, 0.4636476090008061, 2.23606797749979
139, 31, 124, 393, 122, 394, 2, -1, -0.4636476090008061, 2.23606797749979
139, 32, 84, 265, 82, 264, 2, 1, 0.4636476090008061, 2.23606797749979
139, 33, 77, 122, 76, 121, 1, 1, 0.7853981633974483, 1.4142135623730951
139, 39, 69, 211, 67, 210, 2, 1, 0.4636476090008061, 2.23606797749979
139, 40, 187, 332, 186, 333, 1, -1, -0.7853981633974483, 1.4142135623730951
139, 41, 233, 247, 232, 246, 1, 1, 0.7853981633974483, 1.4142135623730951
139, 42, 213, 216, 212, 215, 1, 1, 0.7853981633974483, 1.4142135623730951
139, 43, 52, 184, 51, 183, 1, 1, 0.7853981633974483, 1.4142135623730951
139, 44, 288, 327, 286, 328, 2, -1, -0.4636476090008061, 2.23606797749979
139, 45, 159, 373, 158, 374, 1, -1, -0.7853981633974483, 1.4142135623730951
139, 46, 138, 264, 137, 263, 1, 1, 0.7853981633974483, 1.4142135623730951
139, 48, 115, 217, 113, 216, 2, 1, 0.4636476090008061, 2.23606797749979
139, 49, 102, 286, 101, 287, 1, -1, -0.7853981633974483, 1.4142135623730951
139, 50, 227, 348, 226, 350, 1, -2, -1.1071487177940904, 2.23606797749979
140, 0, 45, 186, 44, 185, 1, 1, 0.7853981633974483, 1.4142135623730951
140, 2, 163, 193, 162, 192, 1, 1, 0.7853981633974483, 1.4142135623730951
140, 3, 105, 267, 104, 266, 1, 1, 0.7853981633974483, 1.4142135623730951
140, 5, 127, 192, 126, 191, 1, 1, 0.7853981633974483, 1.4142135623730951
140, 6, 44, 229, 42, 228, 2, 1, 0.4636476090008061, 2.23606797749979
140, 7, 120, 189, 119, 188, 1, 1, 0.7853981633974483, 1.4142135623730951
140, 8, 85, 242, 83, 241, 2, 1, 0.4636476090008061, 2.23606797749979
140, 10, 202, 248, 200, 247, 2, 1, 0.4636476090008061, 2.23606797749979
140, 11, 8, 368, 6, 368, 2, 0, 0.0, 2.0
140, 12, 77, 264, 75, 265, 2, -1, -0.4636476090008061, 2.23606797749979
140, 13, 88, 349, 87, 350, 1, -1, -0.7853981633974483, 1.4142135623730951
140, 15, 119, 218, 117, 217, 2, 1, 0.4636476090008061, 2.23606797749979
140, 16, 89, 174, 88, 173, 1, 1, 0.7853981633974483, 1.4142135623730951
140, 19, 154, 190, 153, 189, 1, 1, 0.7853981633974483, 1.4142135623730951
140, 21, 233, 247, 232, 246, 1, 1, 0.7853981633974483, 1.4142135623730951
140, 23, 253, 332, 252, 333, 1, -1, -0.7853981633974483, 1.4142135623730951
140, 24, 89, 184, 87, 183, 2, 1, 0.4636476090008061, 2.23606797749979
140, 26, 105, 152, 104, 151, 1, 1, 0.7853981633974483, 1.4142135623730951
140, 27, 39, 290, 38, 289, 1, 1, 0.7853981633974483, 1.4142135623730951
140, 28, 296, 350, 294, 350, 2, 0, 0.0, 2.0
140, 29, 50, 362, 48, 363, 2, -1, -0.4636476090008061, 2.23606797749979
140, 31, 36, 252, 34, 251, 2, 1, 0.4636476090008061, 2.23606797749979
140, 32, 248, 313, 247, 314, 1, -1, -0.7853981633974483, 1.4142135623730951
140, 34, 56, 283, 55, 281, 1, 2, 1.1071487177940904, 2.23606797749979
140, 35, 217, 381, 215, 382, 2, -1, -0.4636476090008061, 2.23606797749979
140, 36, 289, 327, 287, 327, 2, 0, 0.0, 2.0
140, 37, 216, 271, 216, 273, 0, -2, -1.5707963267948966, 2.0
140, 40, 136, 231, 134, 231, 2, 0, 0.0, 2.0
140, 41, 167, 254, 165, 253, 2, 1, 0.4636476090008061, 2.23606797749979
140, 42, 17, 338, 15, 339, 2, -1, -0.4636476090008061, 2.23606797749979
140, 43, 41, 172, 39, 172, 2, 0, 0.0, 2.0
140, 49, 210, 158, 209, 157, 1, 1, 0.7853981633974483, 1.4142135623730951
140, 50, 73, 389, 71, 390, 2, -1, -0.4636476090008061, 2.23606797749979
140, 51, 18, 165, 17, 164, 1, 1, 0.7853981633974483, 1.4142135623730951
140, 52, 78, 122, 77, 121, 1, 1, 0.7853981633974483, 1.4142135623730951
140, 53, 85, 216, 84, 217, 1, -1, -0.7853981633974483, 1.4142135623730951
140, 54, 161, 378, 159, 379, 2, -1, -0.4636476090008061, 2.23606797749979
140, 55, 145, 256, 142, 255, 3, 1, 0.3217505543966422, 3.1622776601683795
140, 57, 19, 394, 18, 395, 1, -1, -0.7853981633974483, 1.4142135623730951
140, 59, 253, 367, 252, 368, 1, -1, -0.7853981633974483, 1.4142135623730951
141, 2, 164, 194, 163, 193, 1, 1, 0.7853981633974483, 1.4142135623730951
141, 3, 106, 268, 105, 267, 1, 1, 0.7853981633974483, 1.4142135623730951
141, 6, 45, 230, 44, 229, 1, 1, 0.7853981633974483, 1.4142135623730951
141, 7, 121, 190, 120, 189, 1, 1, 0.7853981633974483, 1.4142135623730951
141, 10, 203, 249, 202, 248, 1, 1, 0.7853981633974483, 1.4142135623730951
141, 12, 78, 263, 77, 264, 1, -1, -0.7853981633974483, 1.4142135623730951
141, 13, 89, 348, 88, 349, 1, -1, -0.7853981633974483, 1.4142135623730951
141, 15, 121, 219, 119, 218, 2, 1, 0.4636476090008061, 2.23606797749979
141, 16, 90, 175, 89, 174, 1, 1, 0.7853981633974483, 1.4142135623730951
141, 18, 86, 337, 85, 339, 1, -2, -1.1071487177940904, 2.23606797749979
141, 19, 155, 191, 154, 190, 1, 1, 0.7853981633974483, 1.4142135623730951
141, 20, 61, 152, 60, 151, 1, 1, 0.7853981633974483, 1.4142135623730951
141, 24, 90, 185, 89, 184, 1, 1, 0.7853981633974483, 1.4142135623730951
141, 27, 41, 290, 39, 290, 2, 0, 0.0, 2.0
141, 28, 298, 349, 296, 350, 2, -1, -0.4636476090008061, 2.23606797749979
141, 29, 51, 361, 50, 362, 1, -1, -0.7853981633974483, 1.4142135623730951
141, 32, 250, 312, 248, 313, 2, -1, -0.4636476090008061, 2.23606797749979
141, 35, 218, 380, 217, 381, 1, -1, -0.7853981633974483, 1.4142135623730951
141, 36, 291, 326, 289, 327, 2, -1, -0.4636476090008061, 2.23606797749979
141, 37, 217, 272, 216, 271, 1, 1, 0.7853981633974483, 1.4142135623730951
141, 39, 281, 284, 279, 284, 2, 0, 0.0, 2.0
141, 40, 138, 232, 136, 231, 2, 1, 0.4636476090008061, 2.23606797749979
141, 42, 19, 337, 17, 338, 2, -1, -0.4636476090008061, 2.23606797749979
141, 43, 42, 171, 41, 172, 1, -1, -0.7853981633974483, 1.4142135623730951
141, 44, 56, 183, 54, 183, 2, 0, 0.0, 2.0
141, 48, 185, 333, 184, 334, 1, -1, -0.7853981633974483, 1.4142135623730951
141, 49, 211, 160, 210, 158, 1, 2, 1.1071487177940904, 2.23606797749979
141, 50, 75, 388, 73, 389, 2, -1, -0.4636476090008061, 2.23606797749979
141, 53, 87, 215, 85, 216, 2, -1, -0.4636476090008061, 2.23606797749979
141, 54, 163, 377, 161, 378, 2, -1, -0.4636476090008061, 2.23606797749979
141, 55, 146, 257, 145, 256, 1, 1, 0.7853981633974483, 1.4142135623730951
141, 58, 123, 267, 122, 268, 1, -1, -0.7853981633974483, 1.4142135623730951
141, 59, 255, 365, 253, 367, 2, -2, -0.7853981633974483, 2.8284271247461903
142, 2, 165, 195, 164, 194, 1, 1, 0.7853981633974483, 1.4142135623730951
142, 5, 129, 193, 128, 192, 1, 1, 0.7853981633974483, 1.4142135623730951
142, 6, 49, 228, 45, 230, 4, -2, -0.4636476090008061, 4.47213595499958
142, 7, 124, 190, 121, 190, 3, 0, 0.0, 3.0
142, 8, 89, 241, 86, 242, 3, -1, -0.3217505543966422, 3.1622776601683795
142, 9, 56, 231, 55, 230, 1, 1, 0.7853981633974483, 1.4142135623730951
142, 10, 10, 367, 9, 368, 1, -1, -0.7853981633974483, 1.4142135623730951
142, 12, 90, 347, 89, 348, 1, -1, -0.7853981633974483, 1.4142135623730951
142, 14, 122, 220, 121, 219, 1, 1, 0.7853981633974483, 1.4142135623730951
142, 18, 156, 192, 155, 191, 1, 1, 0.7853981633974483, 1.4142135623730951
142, 19, 62, 154, 61, 152, 1, 2, 1.1071487177940904, 2.23606797749979
142, 20, 235, 249, 234, 247, 1, 2, 1.1071487177940904, 2.23606797749979
142, 23, 91, 186, 90, 185, 1, 1, 0.7853981633974483, 1.4142135623730951
142, 25, 106, 154, 105, 153, 1, 1, 0.7853981633974483, 1.4142135623730951
142, 26, 43, 290, 41, 290, 2, 0, 0.0, 2.0
142, 27, 300, 348, 298, 349, 2, -1, -0.4636476090008061, 2.23606797749979
142, 28, 52, 360, 51, 361, 1, -1, -0.7853981633974483, 1.4142135623730951
142, 31, 251, 311, 250, 312, 1, -1, -0.7853981633974483, 1.4142135623730951
142, 34, 220, 380, 218, 380, 2, 0, 0.0, 2.0
142, 35, 293, 325, 291, 326, 2, -1, -0.4636476090008061, 2.23606797749979
142, 36, 218, 273, 217, 272, 1, 1, 0.7853981633974483, 1.4142135623730951
142, 39, 140, 232, 138, 232, 2, 0, 0.0, 2.0
142, 41, 21, 337, 19, 337, 2, 0, 0.0, 2.0
142, 42, 44, 170, 42, 171, 2, -1, -0.4636476090008061, 2.23606797749979
142, 45, 226, 379, 225, 378, 1, 1, 0.7853981633974483, 1.4142135623730951
142, 46, 218, 218, 217, 217, 1, 1, 0.7853981633974483, 1.4142135623730951
142, 47, 186, 332, 185, 333, 1, -1, -0.7853981633974483, 1.4142135623730951
142, 48, 212, 161, 211, 160, 1, 1, 0.7853981633974483, 1.4142135623730951
142, 49, 76, 387, 75, 388, 1, -1, -0.7853981633974483, 1.4142135623730951
142, 51, 79, 123, 78, 122, 1, 1, 0.7853981633974483, 1.4142135623730951
142, 52, 88, 214, 87, 215, 1, -1, -0.7853981633974483, 1.4142135623730951
142, 53, 164, 376, 163, 377, 1, -1, -0.7853981633974483, 1.4142135623730951
142, 54, 148, 258, 146, 257, 2, 1, 0.4636476090008061, 2.23606797749979
142, 55, 221, 315, 220, 316, 1, -1, -0.7853981633974483, 1.4142135623730951
142, 56, 21, 393, 19, 393, 2, 0, 0.0, 2.0
142, 58, 256, 364, 255, 365, 1, -1, -0.7853981633974483, 1.4142135623730951
143, 0, 47, 187, 46, 186, 1, 1, 0.7853981633974483, 1.4142135623730951
143, 1, 119, 111, 118, 110, 1, 1, 0.7853981633974483, 1.4142135623730951
143, 4, 38, 307, 36, 307, 2, 0, 0.0, 2.0
143, 6, 50, 229, 49, 228, 1, 1, 0.7853981633974483, 1.4142135623730951
143, 7, 125, 191, 124, 190, 1, 1, 0.7853981633974483, 1.4142135623730951
143, 10, 12, 366, 10, 367, 2, -1, -0.4636476090008061, 2.23606797749979
143, 11, 79, 265, 78, 264, 1, 1, 0.7853981633974483, 1.4142135623730951
143, 13, 30, 138, 29, 137, 1, 1, 0.7853981633974483, 1.4142135623730951
143, 18, 157, 193, 156, 192, 1, 1, 0.7853981633974483, 1.4142135623730951
143, 19, 63, 155, 62, 154, 1, 1, 0.7853981633974483, 1.4142135623730951
143, 21, 150, 232, 149, 231, 1, 1, 0.7853981633974483, 1.4142135623730951
143, 22, 255, 332, 254, 331, 1, 1, 0.7853981633974483, 1.4142135623730951
143, 25, 107, 155, 106, 154, 1, 1, 0.7853981633974483, 1.4142135623730951
143, 26, 45, 290, 43, 290, 2, 0, 0.0, 2.0
143, 27, 302, 348, 300, 348, 2, 0, 0.0, 2.0
143, 28, 54, 360, 52, 360, 2, 0, 0.0, 2.0
143, 31, 252, 310, 251, 311, 1, -1, -0.7853981633974483, 1.4142135623730951
143, 33, 57, 285, 56, 284, 1, 1, 0.7853981633974483, 1.4142135623730951
143, 34, 222, 380, 220, 380, 2, 0, 0.0, 2.0
143, 35, 294, 324, 293, 325, 1, -1, -0.7853981633974483, 1.4142135623730951
143, 36, 219, 274, 218, 273, 1, 1, 0.7853981633974483, 1.4142135623730951
143, 39, 141, 233, 140, 232, 1, 1, 0.7853981633974483, 1.4142135623730951
143, 40, 170, 255, 169, 254, 1, 1, 0.7853981633974483, 1.4142135623730951
143, 43, 71, 212, 70, 211, 1, 1, 0.7853981633974483, 1.4142135623730951
143, 44, 228, 378, 226, 379, 2, -1, -0.4636476090008061, 2.23606797749979
143, 46, 187, 331, 186, 332, 1, -1, -0.7853981633974483, 1.4142135623730951
143, 47, 213, 162, 212, 161, 1, 1, 0.7853981633974483, 1.4142135623730951
143, 48, 78, 386, 76, 387, 2, -1, -0.4636476090008061, 2.23606797749979
143, 52, 166, 375, 164, 376, 2, -1, -0.4636476090008061, 2.23606797749979
143, 53, 150, 260, 148, 258, 2, 2, 0.7853981633974483, 2.8284271247461903
143, 54, 222, 313, 221, 315, 1, -2, -1.1071487177940904, 2.23606797749979
143, 57, 257, 363, 256, 364, 1, -1, -0.7853981633974483, 1.4142135623730951
144, 1, 120, 112, 119, 111, 1, 1, 0.7853981633974483, 1.4142135623730951
144, 2, 167, 196, 166, 195, 1, 1, 0.7853981633974483, 1.4142135623730951
144, 7, 126, 192, 125, 191, 1, 1, 0.7853981633974483, 1.4142135623730951
144, 11, 81, 265, 79, 265, 2, 0, 0.0, 2.0
144, 12, 92, 346, 91, 347, 1, -1, -0.7853981633974483, 1.4142135623730951
144, 15, 92, 177, 91, 176, 1, 1, 0.7853981633974483, 1.4142135623730951
144, 17, 88, 336, 87, 337, 1, -1, -0.7853981633974483, 1.4142135623730951
144, 18, 158, 194, 157, 193, 1, 1, 0.7853981633974483, 1.4142135623730951
144, 19, 64, 156, 63, 155, 1, 1, 0.7853981633974483, 1.4142135623730951
144, 20, 238, 251, 236, 249, 2, 2, 0.7853981633974483, 2.8284271247461903
144, 21, 152, 233, 150, 232, 2, 1, 0.4636476090008061, 2.23606797749979
144, 22, 257, 333, 255, 332, 2, 1, 0.4636476090008061, 2.23606797749979
144, 23, 94, 187, 92, 186, 2, 1, 0.4636476090008061, 2.23606797749979
144, 26, 47, 290, 45, 290, 2, 0, 0.0, 2.0
144, 27, 304, 348, 302, 348, 2, 0, 0.0, 2.0
144, 28, 55, 359, 54, 360, 1, -1, -0.7853981633974483, 1.4142135623730951
144, 30, 40, 253, 39, 252, 1, 1, 0.7853981633974483, 1.4142135623730951
144, 31, 254, 310, 252, 310, 2, 0, 0.0, 2.0
144, 33, 59, 286, 57, 285, 2, 1, 0.4636476090008061, 2.23606797749979
144, 34, 224, 379, 222, 380, 2, -1, -0.4636476090008061, 2.23606797749979
144, 35, 297, 324, 294, 324, 3, 0, 0.0, 3.0
144, 36, 221, 274, 219, 274, 2, 0, 0.0, 2.0
144, 38, 283, 281, 282, 283, 1, -2, -1.1071487177940904, 2.23606797749979
144, 39, 143, 233, 141, 233, 2, 0, 0.0, 2.0
144, 40, 172, 256, 170, 255, 2, 1, 0.4636476090008061, 2.23606797749979
144, 41, 24, 336, 22, 337, 2, -1, -0.4636476090008061, 2.23606797749979
144, 44, 229, 377, 228, 378, 1, -1, -0.7853981633974483, 1.4142135623730951
144, 45, 219, 220, 218, 219, 1, 1, 0.7853981633974483, 1.4142135623730951
144, 46, 188, 330, 187, 331, 1, -1, -0.7853981633974483, 1.4142135623730951
144, 47, 214, 163, 213, 162, 1, 1, 0.7853981633974483, 1.4142135623730951
144, 48, 79, 385, 78, 386, 1, -1, -0.7853981633974483, 1.4142135623730951
144, 49, 21, 167, 19, 166, 2, 1, 0.4636476090008061, 2.23606797749979
144, 52, 168, 374, 166, 375, 2, -1, -0.4636476090008061, 2.23606797749979
144, 53, 152, 262, 150, 260, 2, 2, 0.7853981633974483, 2.8284271247461903
144, 54, 225, 312, 222, 313, 3, -1, -0.3217505543966422, 3.1622776601683795
144, 56, 123, 267, 125, 267, -2, 0, 3.141592653589793, 2.0
144, 57, 259, 361, 257, 363, 2, -2, -0.7853981633974483, 2.8284271247461903
145, 0, 110, 269, 109, 268, 1, 1, 0.7853981633974483, 1.4142135623730951
145, 3, 49, 231, 48, 230, 1, 1, 0.7853981633974483, 1.4142135623730951
145, 4, 49, 187, 48, 186, 1, 1, 0.7853981633974483, 1.4142135623730951
145, 5, 81, 265, 79, 265, 2, 0, 0.0, 2.0
145, 7, 125, 192, 124, 191, 1, 1, 0.7853981633974483, 1.4142135623730951
145, 9, 31, 141, 30, 140, 1, 1, 0.7853981633974483, 1.4142135623730951
145, 10, 152, 239, 150, 238, 2, 1, 0.4636476090008061, 2.23606797749979
145, 11, 213, 164, 212, 163, 1, 1, 0.7853981633974483, 1.4142135623730951
145, 12, 141, 235, 140, 234, 1, 1, 0.7853981633974483, 1.4142135623730951
145, 13, 93, 176, 91, 175, 2, 1, 0.4636476090008061, 2.23606797749979
145, 14, 49, 281, 46, 281, 3, 0, 0.0, 3.0
145, 15, 201, 249, 200, 248, 1, 1, 0.7853981633974483, 1.4142135623730951
145, 16, 89, 339, 88, 340, 1, -1, -0.7853981633974483, 1.4142135623730951
145, 17, 64, 156, 63, 155, 1, 1, 0.7853981633974483, 1.4142135623730951
145, 18, 109, 156, 108, 155, 1, 1, 0.7853981633974483, 1.4142135623730951
145, 20, 223, 221, 223, 219, 0, 2, 1.5707963267948966, 2.0
145, 21, 158, 262, 155, 261, 3, 1, 0.3217505543966422, 3.1622776601683795
145, 23, 224, 315, 221, 314, 3, 1, 0.3217505543966422, 3.1622776601683795
145, 24, 295, 326, 293, 327, 2, -1, -0.4636476090008061, 2.23606797749979
145, 25, 23, 339, 21, 340, 2, -1, -0.4636476090008061, 2.23606797749979
145, 26, 93, 347, 92, 348, 1, -1, -0.7853981633974483, 1.4142135623730951
145, 27, 223, 384, 222, 385, 1, -1, -0.7853981633974483, 1.4142135623730951
145, 29, 303, 348, 300, 349, 3, -1, -0.3217505543966422, 3.1622776601683795
145, 30, 121, 223, 119, 223, 2, 0, 0.0, 2.0
145, 31, 10, 399, 9, 400, 1, -1, -0.7853981633974483, 1.4142135623730951
145, 33, 22, 229, 21, 228, 1, 1, 0.7853981633974483, 1.4142135623730951
145, 34, 97, 127, 96, 125, 1, 2, 1.1071487177940904, 2.23606797749979
145, 35, 171, 253, 169, 252, 2, 1, 0.4636476090008061, 2.23606797749979
145, 37, 164, 375, 162, 376, 2, -1, -0.4636476090008061, 2.23606797749979
145, 38, 173, 313, 170, 314, 3, -1, -0.3217505543966422, 3.1622776601683795
145, 39, 216, 278, 215, 277, 1, 1, 0.7853981633974483, 1.4142135623730951
145, 41, 236, 343, 232, 345, 4, -2, -0.4636476090008061, 4.47213595499958
145, 44, 250, 311, 249, 309, 1, 2, 1.1071487177940904, 2.23606797749979
145, 45, 257, 333, 255, 333, 2, 0, 0.0, 2.0
145, 46, 290, 319, 288, 320, 2, -1, -0.4636476090008061, 2.23606797749979
145, 48, 45, 291, 43, 291, 2, 0, 0.0, 2.0
145, 49, 86, 270, 84, 270, 2, 0, 0.0, 2.0
145, 54, 239, 252, 237, 250, 2, 2, 0.7853981633974483, 2.8284271247461903
145, 55, 189, 334, 188, 335, 1, -1, -0.7853981633974483, 1.4142135623730951
145, 59, 99, 289, 97, 289, 2, 0, 0.0, 2.0
145, 60, 199, 188, 198, 187, 1, 1, 0.7853981633974483, 1.4142135623730951
145, 62, 137, 388, 136, 389, 1, -1, -0.7853981633974483, 1.4142135623730951
145, 63, 77, 389, 76, 390, 1, -1, -0.7853981633974483, 1.4142135623730951
145, 66, 108, 286, 106, 286, 2, 0, 0.0, 2.0
145, 68, 137, 299, 135, 299, 2, 0, 0.0, 2.0
145, 69, 171, 369, 169, 370, 2, -1, -0.4636476090008061, 2.23606797749979
145, 70, 113, 315, 112, 316, 1, -1, -0.7853981633974483, 1.4142135623730951
145, 72, 53, 290, 50, 291, 3, -1, -0.3217505543966422, 3.1622776601683795
145, 73, 126, 399, 125, 400, 1, -1, -0.7853981633974483, 1.4142135623730951
145, 74, 172, 159, 171, 158, 1, 1, 0.7853981633974483, 1.4142135623730951
145, 76, 196, 360, 195, 362, 1, -2, -1.1071487177940904, 2.23606797749979
145, 78, 164, 321, 162, 321, 2, 0, 0.0, 2.0
145, 80, 108, 369, 107, 370, 1, -1, -0.7853981633974483, 1.4142135623730951
145, 81, 214, 220, 213, 219, 1, 1, 0.7853981633974483, 1.4142135623730951
145, 86, 125, 223, 127, 223, -2, 0, 3.141592653589793, 2.0
146, 0, 112, 268, 110, 269, 2, -1, -0.4636476090008061, 2.23606797749979
146, 2, 121, 113, 120, 112, 1, 1, 0.7853981633974483, 1.4142135623730951
146, 3, 50, 232, 49, 231, 1, 1, 0.7853981633974483, 1.4142135623730951
146, 8, 91, 244, 90, 243, 1, 1, 0.7853981633974483, 1.4142135623730951
146, 10, 155, 239, 152, 239, 3, 0, 0.0, 3.0
146, 11, 214, 166, 213, 164, 1, 2, 1.1071487177940904, 2.23606797749979
146, 12, 142, 236, 141, 235, 1, 1, 0.7853981633974483, 1.4142135623730951
146, 13, 95, 177, 93, 176, 2, 1, 0.4636476090008061, 2.23606797749979
146, 14, 54, 280, 49, 281, 5, -1, -0.19739555984988075, 5.0990195135927845
146, 16, 92, 338, 89, 339, 3, -1, -0.3217505543966422, 3.1622776601683795
146, 17, 66, 156, 64, 156, 2, 0, 0.0, 2.0
146, 18, 110, 157, 109, 156, 1, 1, 0.7853981633974483, 1.4142135623730951
146, 21, 161, 263, 158, 262, 3, 1, 0.3217505543966422, 3.1622776601683795
146, 22, 92, 187, 91, 186, 1, 1, 0.7853981633974483, 1.4142135623730951
146, 23, 228, 315, 224, 315, 4, 0, 0.0, 4.0
146, 24, 297, 325, 295, 326, 2, -1, -0.4636476090008061, 2.23606797749979
146, 25, 25, 339, 23, 339, 2, 0, 0.0, 2.0
146, 26, 94, 346, 93, 347, 1, -1, -0.7853981633974483, 1.4142135623730951
146, 27, 224, 383, 223, 384, 1, -1, -0.7853981633974483, 1.4142135623730951
146, 28, 56, 366, 54, 367, 2, -1, -0.4636476090008061, 2.23606797749979
146, 29, 305, 348, 303, 348, 2, 0, 0.0, 2.0
146, 30, 122, 222, 121, 223, 1, -1, -0.7853981633974483, 1.4142135623730951
146, 31, 12, 399, 10, 399, 2, 0, 0.0, 2.0
146, 34, 95, 128, 97, 127, -2, 1, 2.677945044588987, 2.23606797749979
146, 35, 172, 255, 171, 253, 1, 2, 1.1071487177940904, 2.23606797749979
146, 37, 166, 374, 164, 375, 2, -1, -0.4636476090008061, 2.23606797749979
146, 38, 175, 315, 173, 313, 2, 2, 0.7853981633974483, 2.8284271247461903
146, 39, 218, 278, 216, 278, 2, 0, 0.0, 2.0
146, 41, 241, 341, 236, 343, 5, -2, -0.3805063771123649, 5.385164807134504
146, 43, 208, 253, 207, 252, 1, 1, 0.7853981633974483, 1.4142135623730951
146, 45, 259, 334, 257, 333, 2, 1, 0.4636476090008061, 2.23606797749979
146, 46, 293, 319, 290, 319, 3, 0, 0.0, 3.0
146, 48, 47, 291, 45, 291, 2, 0, 0.0, 2.0
146, 49, 88, 270, 86, 270, 2, 0, 0.0, 2.0
146, 53, 240, 253, 239, 252, 1, 1, 0.7853981633974483, 1.4142135623730951
146, 54, 190, 333, 189, 334, 1, -1, -0.7853981633974483, 1.4142135623730951
146, 61, 139, 388, 137, 388, 2, 0, 0.0, 2.0
146, 65, 112, 288, 108, 286, 4, 2, 0.4636476090008061, 4.47213595499958
146, 67, 139, 300, 137, 299, 2, 1, 0.4636476090008061, 2.23606797749979
146, 68, 173, 369, 171, 369, 2, 0, 0.0, 2.0
146, 69, 114, 314, 113, 315, 1, -1, -0.7853981633974483, 1.4142135623730951
146, 71, 54, 289, 53, 290, 1, -1, -0.7853981633974483, 1.4142135623730951
146, 72, 127, 398, 126, 399, 1, -1, -0.7853981633974483, 1.4142135623730951
146, 73, 173, 160, 172, 159, 1, 1, 0.7853981633974483, 1.4142135623730951
146, 74, 55, 283, 54, 284, 1, -1, -0.7853981633974483, 1.4142135623730951
146, 75, 197, 359, 196, 360, 1, -1, -0.7853981633974483, 1.4142135623730951
146, 76, 166, 321, 164, 321, 2, 0, 0.0, 2.0
146, 78, 110, 368, 108, 369, 2, -1, -0.4636476090008061, 2.23606797749979
146, 80, 178, 221, 177, 220, 1, 1, 0.7853981633974483, 1.4142135623730951
146, 81, 283, 285, 282, 283, 1, 2, 1.1071487177940904, 2.23606797749979
146, 83, 83, 121, 82, 120, 1, 1, 0.7853981633974483, 1.4142135623730951
147, 1, 41, 308, 40, 309, 1, -1, -0.7853981633974483, 1.4142135623730951
147, 7, 126, 194, 125, 193, 1, 1, 0.7853981633974483, 1.4142135623730951
147, 9, 33, 142, 32, 141, 1, 1, 0.7853981633974483, 1.4142135623730951
147, 11, 215, 167, 214, 166, 1, 1, 0.7853981633974483, 1.4142135623730951
147, 12, 143, 237, 142, 236, 1, 1, 0.7853981633974483, 1.4142135623730951
147, 13, 97, 178, 95, 177, 2, 1, 0.4636476090008061, 2.23606797749979
147, 14, 60, 281, 54, 280, 6, 1, 0.16514867741462683, 6.082762530298219
147, 15, 202, 251, 201, 250, 1, 1, 0.7853981633974483, 1.4142135623730951
147, 16, 94, 337, 92, 338, 2, -1, -0.4636476090008061, 2.23606797749979
147, 17, 67, 157, 66, 156, 1, 1, 0.7853981633974483, 1.4142135623730951
147, 19, 15, 368, 13, 368, 2, 0, 0.0, 2.0
147, 20, 225, 222, 224, 221, 1, 1, 0.7853981633974483, 1.4142135623730951
147, 21, 164, 265, 161, 263, 3, 2, 0.5880026035475675, 3.605551275463989
147, 23, 232, 315, 228, 315, 4, 0, 0.0, 4.0
147, 24, 298, 324, 297, 325, 1, -1, -0.7853981633974483, 1.4142135623730951
147, 25, 26, 338, 25, 339, 1, -1, -0.7853981633974483, 1.4142135623730951
147, 26, 95, 345, 94, 346, 1, -1, -0.7853981633974483, 1.4142135623730951
147, 27, 226, 382, 224, 383, 2, -1, -0.4636476090008061, 2.23606797749979
147, 28, 58, 366, 56, 366, 2, 0, 0.0, 2.0
147, 29, 308, 347, 305, 348, 3, -1, -0.3217505543966422, 3.1622776601683795
147, 30, 124, 223, 122, 222, 2, 1, 0.4636476090008061, 2.23606797749979
147, 31, 14, 399, 12, 399, 2, 0, 0.0, 2.0
147, 32, 233, 352, 232, 353, 1, -1, -0.7853981633974483, 1.4142135623730951
147, 33, 23, 231, 22, 230, 1, 1, 0.7853981633974483, 1.4142135623730951
147, 37, 167, 373, 166, 374, 1, -1, -0.7853981633974483, 1.4142135623730951
147, 38, 178, 315, 175, 315, 3, 0, 0.0, 3.0
147, 39, 219, 279, 218, 278, 1, 1, 0.7853981633974483, 1.4142135623730951
147, 40, 60, 233, 59, 232, 1, 1, 0.7853981633974483, 1.4142135623730951
147, 41, 247, 339, 241, 341, 6, -2, -0.3217505543966422, 6.324555320336759
147, 43, 209, 254, 208, 253, 1, 1, 0.7853981633974483, 1.4142135623730951
147, 46, 295, 318, 293, 319, 2, -1, -0.4636476090008061, 2.23606797749979
147, 48, 49, 291, 47, 291, 2, 0, 0.0, 2.0
147, 53, 241, 254, 240, 253, 1, 1, 0.7853981633974483, 1.4142135623730951
147, 54, 191, 332, 190, 333, 1, -1, -0.7853981633974483, 1.4142135623730951
147, 55, 74, 214, 73, 213, 1, 1, 0.7853981633974483, 1.4142135623730951
147, 56, 132, 196, 131, 195, 1, 1, 0.7853981633974483, 1.4142135623730951
147, 58, 102, 289, 100, 289, 2, 0, 0.0, 2.0
147, 59, 200, 190, 199, 189, 1, 1, 0.7853981633974483, 1.4142135623730951
147, 61, 140, 389, 139, 388, 1, 1, 0.7853981633974483, 1.4142135623730951
147, 62, 78, 387, 77, 388, 1, -1, -0.7853981633974483, 1.4142135623730951
147, 63, 75, 357, 77, 358, -2, -1, -2.677945044588987, 2.23606797749979
147, 71, 55, 288, 54, 289, 1, -1, -0.7853981633974483, 1.4142135623730951
147, 72, 128, 397, 127, 398, 1, -1, -0.7853981633974483, 1.4142135623730951
147, 73, 174, 161, 173, 160, 1, 1, 0.7853981633974483, 1.4142135623730951
147, 74, 56, 282, 55, 283, 1, -1, -0.7853981633974483, 1.4142135623730951
147, 75, 198, 358, 197, 359, 1, -1, -0.7853981633974483, 1.4142135623730951
147, 78, 111, 367, 110, 368, 1, -1, -0.7853981633974483, 1.4142135623730951
147, 79, 216, 222, 214, 221, 2, 1, 0.4636476090008061, 2.23606797749979
147, 80, 179, 222, 178, 221, 1, 1, 0.7853981633974483, 1.4142135623730951
148, 3, 52, 233, 51, 232, 1, 1, 0.7853981633974483, 1.4142135623730951
148, 4, 52, 188, 51, 187, 1, 1, 0.7853981633974483, 1.4142135623730951
148, 5, 84, 266, 83, 265, 1, 1, 0.7853981633974483, 1.4142135623730951
148, 6, 169, 201, 168, 200, 1, 1, 0.7853981633974483, 1.4142135623730951
148, 7, 127, 195, 126, 194, 1, 1, 0.7853981633974483, 1.4142135623730951
148, 8, 93, 245, 92, 244, 1, 1, 0.7853981633974483, 1.4142135623730951
148, 10, 157, 238, 156, 239, 1, -1, -0.7853981633974483, 1.4142135623730951
148, 11, 216, 168, 215, 167, 1, 1, 0.7853981633974483, 1.4142135623730951
148, 12, 144, 238, 143, 237, 1, 1, 0.7853981633974483, 1.4142135623730951
148, 13, 99, 179, 97, 178, 2, 1, 0.4636476090008061, 2.23606797749979
148, 14, 63, 280, 60, 281, 3, -1, -0.3217505543966422, 3.1622776601683795
148, 15, 203, 252, 202, 251, 1, 1, 0.7853981633974483, 1.4142135623730951
148, 16, 97, 337, 94, 337, 3, 0, 0.0, 3.0
148, 18, 112, 158, 111, 157, 1, 1, 0.7853981633974483, 1.4142135623730951
148, 19, 16, 367, 15, 368, 1, -1, -0.7853981633974483, 1.4142135623730951
148, 20, 226, 223, 225, 222, 1, 1, 0.7853981633974483, 1.4142135623730951
148, 21, 167, 266, 164, 265, 3, 1, 0.3217505543966422, 3.1622776601683795
148, 23, 235, 316, 232, 315, 3, 1, 0.3217505543966422, 3.1622776601683795
148, 24, 300, 323, 298, 324, 2, -1, -0.4636476090008061, 2.23606797749979
148, 26, 96, 344, 95, 345, 1, -1, -0.7853981633974483, 1.4142135623730951
148, 27, 227, 381, 226, 382, 1, -1, -0.7853981633974483, 1.4142135623730951
148, 28, 60, 366, 58, 366, 2, 0, 0.0, 2.0
148, 29, 310, 346, 308, 347, 2, -1, -0.4636476090008061, 2.23606797749979
148, 30, 125, 224, 124, 223, 1, 1, 0.7853981633974483, 1.4142135623730951
148, 31, 16, 399, 14, 399, 2, 0, 0.0, 2.0
148, 35, 174, 256, 173, 255, 1, 1, 0.7853981633974483, 1.4142135623730951
148, 37, 168, 372, 167, 373, 1, -1, -0.7853981633974483, 1.4142135623730951
148, 38, 180, 316, 178, 315, 2, 1, 0.4636476090008061, 2.23606797749979
148, 41, 250, 340, 247, 339, 3, 1, 0.3217505543966422, 3.1622776601683795
148, 42, 43, 253, 41, 253, 2, 0, 0.0, 2.0
148, 45, 262, 334, 260, 334, 2, 0, 0.0, 2.0
148, 47, 72, 268, 70, 267, 2, 1, 0.4636476090008061, 2.23606797749979
148, 48, 50, 290, 49, 291, 1, -1, -0.7853981633974483, 1.4142135623730951
148, 50, 158, 196, 157, 195, 1, 1, 0.7853981633974483, 1.4142135623730951
148, 52, 99, 245, 98, 244, 1, 1, 0.7853981633974483, 1.4142135623730951
148, 53, 242, 255, 241, 254, 1, 1, 0.7853981633974483, 1.4142135623730951
148, 58, 104, 289, 102, 289, 2, 0, 0.0, 2.0
148, 59, 202, 190, 200, 190, 2, 0, 0.0, 2.0
148, 60, 224, 322, 222, 322, 2, 0, 0.0, 2.0
148, 63, 76, 356, 75, 357, 1, -1, -0.7853981633974483, 1.4142135623730951
148, 65, 114, 289, 112, 288, 2, 1, 0.4636476090008061, 2.23606797749979
148, 66, 25, 168, 24, 167, 1, 1, 0.7853981633974483, 1.4142135623730951
148, 67, 142, 300, 140, 300, 2, 0, 0.0, 2.0
148, 68, 176, 369, 174, 369, 2, 0, 0.0, 2.0
148, 71, 57, 287, 55, 288, 2, -1, -0.4636476090008061, 2.23606797749979
148, 72, 130, 396, 128, 397, 2, -1, -0.4636476090008061, 2.23606797749979
148, 73, 175, 162, 174, 161, 1, 1, 0.7853981633974483, 1.4142135623730951
148, 74, 60, 283, 56, 282, 4, 1, 0.24497866312686414, 4.123105625617661
148, 78, 113, 367, 111, 367, 2, 0, 0.0, 2.0
148, 79, 217, 223, 216, 222, 1, 1, 0.7853981633974483, 1.4142135623730951
148, 81, 284, 287, 283, 286, 1, 1, 0.7853981633974483, 1.4142135623730951
148, 83, 85, 122, 84, 121, 1, 1, 0.7853981633974483, 1.4142135623730951
149, 1, 43, 307, 42, 308, 1, -1, -0.7853981633974483, 1.4142135623730951
149, 2, 122, 115, 121, 114, 1, 1, 0.7853981633974483, 1.4142135623730951
149, 5, 85, 265, 84, 266, 1, -1, -0.7853981633974483, 1.4142135623730951
149, 7, 128, 196, 127, 195, 1, 1, 0.7853981633974483, 1.4142135623730951
149, 9, 35, 143, 34, 142, 1, 1, 0.7853981633974483, 1.4142135623730951
149, 11, 217, 169, 216, 168, 1, 1, 0.7853981633974483, 1.4142135623730951
149, 12, 145, 239, 144, 238, 1, 1, 0.7853981633974483, 1.4142135623730951
149, 13, 101, 181, 99, 179, 2, 2, 0.7853981633974483, 2.8284271247461903
149, 14, 63, 278, 63, 280, 0, -2, -1.5707963267948966, 2.0
149, 16, 100, 336, 97, 337, 3, -1, -0.3217505543966422, 3.1622776601683795
149, 17, 71, 157, 68, 157, 3, 0, 0.0, 3.0
149, 18, 113, 159, 112, 158, 1, 1, 0.7853981633974483, 1.4142135623730951
149, 20, 227, 224, 226, 223, 1, 1, 0.7853981633974483, 1.4142135623730951
149, 21, 167, 268, 167, 266, 0, 2, 1.5707963267948966, 2.0
149, 24, 302, 322, 300, 323, 2, -1, -0.4636476090008061, 2.23606797749979
149, 25, 29, 337, 27, 338, 2, -1, -0.4636476090008061, 2.23606797749979
149, 26, 97, 343, 96, 344, 1, -1, -0.7853981633974483, 1.4142135623730951
149, 27, 231, 378, 227, 381, 4, -3, -0.6435011087932844, 5.0
149, 28, 64, 364, 60, 366, 4, -2, -0.4636476090008061, 4.47213595499958
149, 29, 312, 346, 310, 346, 2, 0, 0.0, 2.0
149, 31, 20, 397, 16, 399, 4, -2, -0.4636476090008061, 4.47213595499958
149, 32, 235, 351, 234, 352, 1, -1, -0.7853981633974483, 1.4142135623730951
149, 33, 24, 232, 22, 231, 2, 1, 0.4636476090008061, 2.23606797749979
149, 35, 175, 257, 174, 256, 1, 1, 0.7853981633974483, 1.4142135623730951
149, 37, 170, 371, 168, 372, 2, -1, -0.4636476090008061, 2.23606797749979
149, 38, 181, 317, 180, 316, 1, 1, 0.7853981633974483, 1.4142135623730951
149, 39, 221, 280, 220, 279, 1, 1, 0.7853981633974483, 1.4142135623730951
149, 41, 251, 341, 250, 340, 1, 1, 0.7853981633974483, 1.4142135623730951
149, 43, 210, 255, 209, 254, 1, 1, 0.7853981633974483, 1.4142135623730951
149, 45, 264, 334, 262, 334, 2, 0, 0.0, 2.0
149, 47, 73, 269, 72, 268, 1, 1, 0.7853981633974483, 1.4142135623730951
149, 54, 193, 331, 192, 332, 1, -1, -0.7853981633974483, 1.4142135623730951
149, 56, 133, 197, 132, 196, 1, 1, 0.7853981633974483, 1.4142135623730951
149, 57, 19, 262, 17, 262, 2, 0, 0.0, 2.0
149, 59, 203, 192, 202, 190, 1, 2, 1.1071487177940904, 2.23606797749979
149, 62, 80, 386, 79, 387, 1, -1, -0.7853981633974483, 1.4142135623730951
149, 68, 177, 368, 176, 369, 1, -1, -0.7853981633974483, 1.4142135623730951
149, 69, 118, 314, 116, 314, 2, 0, 0.0, 2.0
149, 72, 131, 395, 130, 396, 1, -1, -0.7853981633974483, 1.4142135623730951
149, 74, 61, 282, 60, 283, 1, -1, -0.7853981633974483, 1.4142135623730951
149, 75, 201, 357, 199, 358, 2, -1, -0.4636476090008061, 2.23606797749979
149, 76, 170, 321, 168, 321, 2, 0, 0.0, 2.0
149, 78, 114, 366, 113, 367, 1, -1, -0.7853981633974483, 1.4142135623730951
149, 79, 218, 224, 217, 223, 1, 1, 0.7853981633974483, 1.4142135623730951
149, 81, 285, 288, 284, 287, 1, 1, 0.7853981633974483, 1.4142135623730951
150, 1, 52, 189, 51, 188, 1, 1, 0.7853981633974483, 1.4142135623730951
150, 3, 53, 234, 52, 233, 1, 1, 0.7853981633974483, 1.4142135623730951
150, 6, 115, 270, 113, 270, 2, 0, 0.0, 2.0
150, 7, 93, 246, 92, 245, 1, 1, 0.7853981633974483, 1.4142135623730951
150, 9, 204, 252, 203, 251, 1, 1, 0.7853981633974483, 1.4142135623730951
150, 10, 86, 265, 85, 266, 1, -1, -0.7853981633974483, 1.4142135623730951
150, 13, 97, 339, 95, 340, 2, -1, -0.4636476090008061, 2.23606797749979
150, 14, 291, 291, 292, 290, -1, 1, 2.356194490192345, 1.4142135623730951
150, 15, 123, 229, 122, 228, 1, 1, 0.7853981633974483, 1.4142135623730951
150, 16, 112, 159, 111, 158, 1, 1, 0.7853981633974483, 1.4142135623730951
150, 17, 17, 369, 15, 369, 2, 0, 0.0, 2.0
150, 18, 132, 398, 131, 399, 1, -1, -0.7853981633974483, 1.4142135623730951
150, 19, 71, 158, 68, 158, 3, 0, 0.0, 3.0
150, 20, 93, 348, 92, 349, 1, -1, -0.7853981633974483, 1.4142135623730951
150, 21, 42, 255, 40, 254, 2, 1, 0.4636476090008061, 2.23606797749979
150, 22, 53, 253, 51, 253, 2, 0, 0.0, 2.0
150, 24, 303, 323, 301, 323, 2, 0, 0.0, 2.0
150, 26, 145, 237, 144, 236, 1, 1, 0.7853981633974483, 1.4142135623730951
150, 27, 19, 399, 17, 399, 2, 0, 0.0, 2.0
150, 29, 226, 279, 225, 278, 1, 1, 0.7853981633974483, 1.4142135623730951
150, 31, 87, 129, 86, 128, 1, 1, 0.7853981633974483, 1.4142135623730951
150, 36, 28, 341, 26, 340, 2, 1, 0.4636476090008061, 2.23606797749979
150, 38, 20, 110, 19, 109, 1, 1, 0.7853981633974483, 1.4142135623730951
150, 39, 51, 292, 49, 291, 2, 1, 0.4636476090008061, 2.23606797749979
150, 41, 99, 183, 97, 182, 2, 1, 0.4636476090008061, 2.23606797749979
150, 44, 91, 385, 89, 386, 2, -1, -0.4636476090008061, 2.23606797749979
150, 45, 222, 224, 221, 223, 1, 1, 0.7853981633974483, 1.4142135623730951
150, 46, 75, 356, 74, 357, 1, -1, -0.7853981633974483, 1.4142135623730951
150, 51, 137, 200, 136, 199, 1, 1, 0.7853981633974483, 1.4142135623730951
150, 53, 96, 306, 93, 306, 3, 0, 0.0, 3.0
150, 56, 161, 196, 160, 195, 1, 1, 0.7853981633974483, 1.4142135623730951
150, 57, 56, 261, 54, 261, 2, 0, 0.0, 2.0
150, 59, 195, 332, 194, 333, 1, -1, -0.7853981633974483, 1.4142135623730951
150, 61, 62, 364, 60, 364, 2, 0, 0.0, 2.0
150, 62, 169, 374, 167, 375, 2, -1, -0.4636476090008061, 2.23606797749979
151, 0, 44, 306, 43, 307, 1, -1, -0.7853981633974483, 1.4142135623730951
151, 2, 123, 118, 122, 116, 1, 2, 1.1071487177940904, 2.23606797749979
151, 4, 311, 347, 309, 348, 2, -1, -0.4636476090008061, 2.23606797749979
151, 6, 116, 271, 115, 270, 1, 1, 0.7853981633974483, 1.4142135623730951
151, 8, 130, 196, 129, 195, 1, 1, 0.7853981633974483, 1.4142135623730951
151, 13, 99, 338, 97, 339, 2, -1, -0.4636476090008061, 2.23606797749979
151, 14, 289, 291, 291, 291, -2, 0, 3.141592653589793, 2.0
151, 15, 125, 229, 123, 229, 2, 0, 0.0, 2.0
151, 16, 113, 160, 112, 159, 1, 1, 0.7853981633974483, 1.4142135623730951
151, 17, 19, 367, 17, 369, 2, -2, -0.7853981633974483, 2.8284271247461903
151, 20, 94, 347, 93, 348, 1, -1, -0.7853981633974483, 1.4142135623730951
151, 22, 55, 254, 53, 253, 2, 1, 0.4636476090008061, 2.23606797749979
151, 25, 62, 286, 61, 285, 1, 1, 0.7853981633974483, 1.4142135623730951
151, 27, 21, 399, 19, 399, 2, 0, 0.0, 2.0
151, 28, 267, 336, 265, 335, 2, 1, 0.4636476090008061, 2.23606797749979
151, 30, 92, 188, 91, 187, 1, 1, 0.7853981633974483, 1.4142135623730951
151, 31, 88, 130, 87, 129, 1, 1, 0.7853981633974483, 1.4142135623730951
151, 35, 237, 354, 235, 355, 2, -1, -0.4636476090008061, 2.23606797749979
151, 36, 30, 341, 28, 341, 2, 0, 0.0, 2.0
151, 37, 118, 322, 117, 323, 1, -1, -0.7853981633974483, 1.4142135623730951
151, 39, 53, 292, 51, 292, 2, 0, 0.0, 2.0
151, 40, 143, 301, 141, 301, 2, 0, 0.0, 2.0
151, 43, 92, 384, 91, 385, 1, -1, -0.7853981633974483, 1.4142135623730951
151, 44, 223, 225, 222, 224, 1, 1, 0.7853981633974483, 1.4142135623730951
151, 49, 297, 328, 296, 329, 1, -1, -0.7853981633974483, 1.4142135623730951
151, 51, 117, 290, 115, 289, 2, 1, 0.4636476090008061, 2.23606797749979
151, 52, 98, 306, 96, 306, 2, 0, 0.0, 2.0
151, 53, 27, 169, 26, 168, 1, 1, 0.7853981633974483, 1.4142135623730951
151, 58, 196, 331, 195, 332, 1, -1, -0.7853981633974483, 1.4142135623730951
151, 61, 170, 373, 169, 374, 1, -1, -0.7853981633974483, 1.4142135623730951
152, 1, 54, 190, 53, 189, 1, 1, 0.7853981633974483, 1.4142135623730951
152, 3, 55, 235, 54, 234, 1, 1, 0.7853981633974483, 1.4142135623730951
152, 4, 313, 346, 311, 347, 2, -1, -0.4636476090008061, 2.23606797749979
152, 6, 118, 272, 116, 271, 2, 1, 0.4636476090008061, 2.23606797749979
152, 7, 95, 247, 94, 246, 1, 1, 0.7853981633974483, 1.4142135623730951
152, 8, 131, 197, 130, 196, 1, 1, 0.7853981633974483, 1.4142135623730951
152, 9, 206, 253, 205, 252, 1, 1, 0.7853981633974483, 1.4142135623730951
152, 10, 88, 265, 86, 265, 2, 0, 0.0, 2.0
152, 12, 38, 144, 36, 143, 2, 1, 0.4636476090008061, 2.23606797749979
152, 13, 101, 337, 99, 338, 2, -1, -0.4636476090008061, 2.23606797749979
152, 17, 21, 367, 19, 367, 2, 0, 0.0, 2.0
152, 19, 73, 159, 72, 158, 1, 1, 0.7853981633974483, 1.4142135623730951
152, 20, 95, 346, 94, 347, 1, -1, -0.7853981633974483, 1.4142135623730951
152, 21, 45, 256, 43, 255, 2, 1, 0.4636476090008061, 2.23606797749979
152, 24, 303, 321, 304, 323, -1, -2, -2.0344439357957027, 2.23606797749979
152, 26, 148, 238, 146, 237, 2, 1, 0.4636476090008061, 2.23606797749979
152, 27, 23, 398, 21, 399, 2, -1, -0.4636476090008061, 2.23606797749979
152, 28, 269, 338, 267, 336, 2, 2, 0.7853981633974483, 2.8284271247461903
152, 29, 228, 280, 227, 279, 1, 1, 0.7853981633974483, 1.4142135623730951
152, 33, 22, 265, 20, 265, 2, 0, 0.0, 2.0
152, 35, 238, 353, 237, 354, 1, -1, -0.7853981633974483, 1.4142135623730951
152, 36, 32, 340, 30, 341, 2, -1, -0.4636476090008061, 2.23606797749979
152, 37, 119, 321, 118, 322, 1, -1, -0.7853981633974483, 1.4142135623730951
152, 40, 144, 302, 143, 301, 1, 1, 0.7853981633974483, 1.4142135623730951
152, 41, 102, 184, 100, 183, 2, 1, 0.4636476090008061, 2.23606797749979
152, 43, 93, 383, 92, 384, 1, -1, -0.7853981633974483, 1.4142135623730951
152, 44, 224, 226, 223, 225, 1, 1, 0.7853981633974483, 1.4142135623730951
152, 46, 177, 260, 176, 259, 1, 1, 0.7853981633974483, 1.4142135623730951
152, 48, 201, 300, 199, 300, 2, 0, 0.0, 2.0
152, 49, 299, 328, 297, 328, 2, 0, 0.0, 2.0
152, 50, 138, 201, 137, 200, 1, 1, 0.7853981633974483, 1.4142135623730951
152, 51, 119, 289, 117, 290, 2, -1, -0.4636476090008061, 2.23606797749979
152, 52, 101, 306, 98, 306, 3, 0, 0.0, 3.0
152, 54, 11, 233, 9, 233, 2, 0, 0.0, 2.0
152, 56, 58, 262, 57, 261, 1, 1, 0.7853981633974483, 1.4142135623730951
152, 60, 63, 362, 62, 363, 1, -1, -0.7853981633974483, 1.4142135623730951
152, 61, 172, 373, 170, 373, 2, 0, 0.0, 2.0
153, 1, 55, 191, 54, 190, 1, 1, 0.7853981633974483, 1.4142135623730951
153, 2, 124, 120, 123, 119, 1, 1, 0.7853981633974483, 1.4142135623730951
153, 4, 315, 346, 313, 346, 2, 0, 0.0, 2.0
153, 8, 132, 198, 131, 197, 1, 1, 0.7853981633974483, 1.4142135623730951
153, 9, 207, 254, 206, 253, 1, 1, 0.7853981633974483, 1.4142135623730951
153, 13, 103, 337, 101, 337, 2, 0, 0.0, 2.0
153, 14, 288, 290, 290, 291, -2, -1, -2.677945044588987, 2.23606797749979
153, 16, 115, 162, 113, 161, 2, 1, 0.4636476090008061, 2.23606797749979
153, 17, 22, 366, 21, 367, 1, -1, -0.7853981633974483, 1.4142135623730951
153, 18, 136, 397, 134, 398, 2, -1, -0.4636476090008061, 2.23606797749979
153, 19, 75, 160, 73, 159, 2, 1, 0.4636476090008061, 2.23606797749979
153, 20, 96, 345, 95, 346, 1, -1, -0.7853981633974483, 1.4142135623730951
153, 22, 57, 255, 56, 254, 1, 1, 0.7853981633974483, 1.4142135623730951
153, 24, 306, 321, 303, 321, 3, 0, 0.0, 3.0
153, 26, 149, 239, 148, 238, 1, 1, 0.7853981633974483, 1.4142135623730951
153, 27, 24, 397, 23, 398, 1, -1, -0.7853981633974483, 1.4142135623730951
153, 28, 271, 339, 269, 338, 2, 1, 0.4636476090008061, 2.23606797749979
153, 29, 229, 281, 228, 280, 1, 1, 0.7853981633974483, 1.4142135623730951
153, 30, 94, 189, 93, 188, 1, 1, 0.7853981633974483, 1.4142135623730951
153, 31, 90, 131, 89, 130, 1, 1, 0.7853981633974483, 1.4142135623730951
153, 34, 80, 216, 78, 215, 2, 1, 0.4636476090008061, 2.23606797749979
153, 35, 241, 351, 238, 353, 3, -2, -0.5880026035475675, 3.605551275463989
153, 37, 120, 320, 119, 321, 1, -1, -0.7853981633974483, 1.4142135623730951
153, 39, 56, 292, 54, 292, 2, 0, 0.0, 2.0
153, 40, 145, 301, 144, 302, 1, -1, -0.7853981633974483, 1.4142135623730951
153, 41, 103, 185, 102, 184, 1, 1, 0.7853981633974483, 1.4142135623730951
153, 42, 248, 313, 246, 312, 2, 1, 0.4636476090008061, 2.23606797749979
153, 44, 225, 227, 224, 226, 1, 1, 0.7853981633974483, 1.4142135623730951
153, 45, 77, 355, 76, 356, 1, -1, -0.7853981633974483, 1.4142135623730951
153, 46, 178, 261, 177, 260, 1, 1, 0.7853981633974483, 1.4142135623730951
153, 47, 107, 291, 105, 291, 2, 0, 0.0, 2.0
153, 49, 300, 327, 299, 328, 1, -1, -0.7853981633974483, 1.4142135623730951
153, 53, 29, 170, 28, 169, 1, 1, 0.7853981633974483, 1.4142135623730951
153, 55, 163, 198, 162, 197, 1, 1, 0.7853981633974483, 1.4142135623730951
153, 58, 198, 330, 197, 331, 1, -1, -0.7853981633974483, 1.4142135623730951
153, 60, 65, 362, 63, 362, 2, 0, 0.0, 2.0
153, 61, 173, 372, 172, 373, 1, -1, -0.7853981633974483, 1.4142135623730951
154, 2, 125, 121, 124, 120, 1, 1, 0.7853981633974483, 1.4142135623730951
154, 3, 58, 235, 56, 235, 2, 0, 0.0, 2.0
154, 4, 317, 345, 315, 346, 2, -1, -0.4636476090008061, 2.23606797749979
154, 5, 162, 236, 160, 235, 2, 1, 0.4636476090008061, 2.23606797749979
154, 6, 120, 273, 119, 272, 1, 1, 0.7853981633974483, 1.4142135623730951
154, 8, 133, 199, 132, 198, 1, 1, 0.7853981633974483, 1.4142135623730951
154, 10, 89, 265, 88, 264, 1, 1, 0.7853981633974483, 1.4142135623730951
154, 12, 41, 144, 39, 144, 2, 0, 0.0, 2.0
154, 14, 290, 291, 288, 290, 2, 1, 0.4636476090008061, 2.23606797749979
154, 15, 128, 228, 127, 229, 1, -1, -0.7853981633974483, 1.4142135623730951
154, 17, 24, 366, 22, 366, 2, 0, 0.0, 2.0
154, 18, 138, 395, 136, 397, 2, -2, -0.7853981633974483, 2.8284271247461903
154, 19, 77, 161, 75, 160, 2, 1, 0.4636476090008061, 2.23606797749979
154, 20, 98, 345, 96, 345, 2, 0, 0.0, 2.0
154, 21, 47, 257, 45, 256, 2, 1, 0.4636476090008061, 2.23606797749979
154, 24, 308, 321, 306, 321, 2, 0, 0.0, 2.0
154, 25, 66, 285, 64, 286, 2, -1, -0.4636476090008061, 2.23606797749979
154, 26, 150, 240, 149, 239, 1, 1, 0.7853981633974483, 1.4142135623730951
154, 27, 26, 396, 24, 397, 2, -1, -0.4636476090008061, 2.23606797749979
154, 28, 273, 339, 271, 339, 2, 0, 0.0, 2.0
154, 29, 230, 282, 229, 281, 1, 1, 0.7853981633974483, 1.4142135623730951
154, 30, 95, 190, 94, 189, 1, 1, 0.7853981633974483, 1.4142135623730951
154, 31, 91, 132, 90, 131, 1, 1, 0.7853981633974483, 1.4142135623730951
154, 35, 242, 350, 241, 351, 1, -1, -0.7853981633974483, 1.4142135623730951
154, 36, 35, 340, 33, 340, 2, 0, 0.0, 2.0
154, 38, 24, 111, 23, 110, 1, 1, 0.7853981633974483, 1.4142135623730951
154, 40, 147, 301, 145, 301, 2, 0, 0.0, 2.0
154, 42, 251, 313, 248, 313, 3, 0, 0.0, 3.0
154, 43, 94, 381, 93, 382, 1, -1, -0.7853981633974483, 1.4142135623730951
154, 46, 180, 263, 178, 261, 2, 2, 0.7853981633974483, 2.8284271247461903
154, 48, 203, 301, 202, 300, 1, 1, 0.7853981633974483, 1.4142135623730951
154, 54, 14, 233, 12, 233, 2, 0, 0.0, 2.0
154, 59, 170, 315, 168, 315, 2, 0, 0.0, 2.0
154, 60, 67, 361, 65, 362, 2, -1, -0.4636476090008061, 2.23606797749979
154, 61, 175, 371, 173, 372, 2, -1, -0.4636476090008061, 2.23606797749979
155, 0, 56, 192, 55, 191, 1, 1, 0.7853981633974483, 1.4142135623730951
155, 2, 126, 120, 125, 119, 1, 1, 0.7853981633974483, 1.4142135623730951
155, 3, 98, 248, 97, 247, 1, 1, 0.7853981633974483, 1.4142135623730951
155, 4, 132, 199, 131, 198, 1, 1, 0.7853981633974483, 1.4142135623730951
155, 6, 120, 272, 118, 272, 2, 0, 0.0, 2.0
155, 7, 132, 228, 130, 229, 2, -1, -0.4636476090008061, 2.23606797749979
155, 8, 140, 201, 139, 200, 1, 1, 0.7853981633974483, 1.4142135623730951
155, 9, 208, 256, 207, 255, 1, 1, 0.7853981633974483, 1.4142135623730951
155, 11, 94, 267, 93, 266, 1, 1, 0.7853981633974483, 1.4142135623730951
155, 13, 22, 367, 21, 368, 1, -1, -0.7853981633974483, 1.4142135623730951
155, 15, 6, 255, 4, 255, 2, 0, 0.0, 2.0
155, 16, 116, 162, 115, 161, 1, 1, 0.7853981633974483, 1.4142135623730951
155, 17, 162, 267, 164, 267, -2, 0, 3.141592653589793, 2.0
155, 18, 164, 201, 163, 200, 1, 1, 0.7853981633974483, 1.4142135623730951
155, 19, 221, 169, 220, 168, 1, 1, 0.7853981633974483, 1.4142135623730951
155, 20, 316, 349, 314, 349, 2, 0, 0.0, 2.0
155, 21, 163, 239, 162, 238, 1, 1, 0.7853981633974483, 1.4142135623730951
155, 23, 87, 270, 85, 270, 2, 0, 0.0, 2.0
155, 25, 239, 380, 237, 381, 2, -1, -0.4636476090008061, 2.23606797749979
155, 26, 254, 314, 251, 313, 3, 1, 0.3217505543966422, 3.1622776601683795
155, 27, 74, 162, 73, 161, 1, 1, 0.7853981633974483, 1.4142135623730951
155, 28, 68, 364, 66, 365, 2, -1, -0.4636476090008061, 2.23606797749979
155, 30, 242, 353, 241, 354, 1, -1, -0.7853981633974483, 1.4142135623730951
155, 31, 34, 341, 32, 341, 2, 0, 0.0, 2.0
155, 36, 98, 342, 96, 343, 2, -1, -0.4636476090008061, 2.23606797749979
155, 37, 59, 258, 58, 259, 1, -1, -0.7853981633974483, 1.4142135623730951
155, 39, 39, 148, 38, 147, 1, 1, 0.7853981633974483, 1.4142135623730951
155, 41, 67, 230, 65, 230, 2, 0, 0.0, 2.0
155, 42, 272, 339, 270, 339, 2, 0, 0.0, 2.0
155, 43, 133, 268, 132, 269, 1, -1, -0.7853981633974483, 1.4142135623730951
155, 44, 230, 324, 229, 325, 1, -1, -0.7853981633974483, 1.4142135623730951
155, 45, 25, 398, 23, 399, 2, -1, -0.4636476090008061, 2.23606797749979
155, 47, 173, 373, 171, 374, 2, -1, -0.4636476090008061, 2.23606797749979
155, 51, 181, 263, 179, 263, 2, 0, 0.0, 2.0
155, 54, 21, 205, 20, 203, 1, 2, 1.1071487177940904, 2.23606797749979
155, 55, 156, 273, 155, 272, 1, 1, 0.7853981633974483, 1.4142135623730951
155, 56, 81, 218, 80, 217, 1, 1, 0.7853981633974483, 1.4142135623730951
155, 58, 302, 322, 300, 322, 2, 0, 0.0, 2.0
155, 60, 246, 259, 245, 258, 1, 1, 0.7853981633974483, 1.4142135623730951
155, 62, 86, 390, 84, 391, 2, -1, -0.4636476090008061, 2.23606797749979
155, 63, 309, 323, 307, 323, 2, 0, 0.0, 2.0
155, 65, 228, 227, 227, 226, 1, 1, 0.7853981633974483, 1.4142135623730951
155, 67, 137, 397, 135, 398, 2, -1, -0.4636476090008061, 2.23606797749979
155, 69, 211, 249, 209, 248, 2, 1, 0.4636476090008061, 2.23606797749979
155, 70, 270, 364, 268, 364, 2, 0, 0.0, 2.0
155, 73, 104, 220, 102, 218, 2, 2, 0.7853981633974483, 2.8284271247461903
155, 75, 180, 370, 178, 371, 2, -1, -0.4636476090008061, 2.23606797749979
155, 76, 19, 132, 16, 131, 3, 1, 0.3217505543966422, 3.1622776601683795
155, 80, 138, 364, 136, 364, 2, 0, 0.0, 2.0
155, 82, 106, 189, 105, 188, 1, 1, 0.7853981633974483, 1.4142135623730951
155, 83, 209, 359, 207, 360, 2, -1, -0.4636476090008061, 2.23606797749979
155, 85, 163, 343, 161, 343, 2, 0, 0.0, 2.0
155, 86, 222, 356, 219, 358, 3, -2, -0.5880026035475675, 3.605551275463989
155, 87, 146, 301, 144, 301, 2, 0, 0.0, 2.0
155, 90, 174, 317, 171, 316, 3, 1, 0.3217505543966422, 3.1622776601683795
155, 91, 13, 291, 11, 291, 2, 0, 0.0, 2.0
156, 0, 58, 193, 56, 192, 2, 1, 0.4636476090008061, 2.23606797749979
156, 2, 127, 122, 126, 120, 1, 2, 1.1071487177940904, 2.23606797749979
156, 4, 133, 200, 132, 199, 1, 1, 0.7853981633974483, 1.4142135623730951
156, 5, 176, 199, 175, 198, 1, 1, 0.7853981633974483, 1.4142135623730951
156, 6, 122, 273, 120, 272, 2, 1, 0.4636476090008061, 2.23606797749979
156, 7, 134, 229, 132, 228, 2, 1, 0.4636476090008061, 2.23606797749979
156, 10, 46, 311, 44, 311, 2, 0, 0.0, 2.0
156, 11, 96, 267, 94, 267, 2, 0, 0.0, 2.0
156, 12, 73, 236, 71, 236, 2, 0, 0.0, 2.0
156, 13, 23, 366, 22, 367, 1, -1, -0.7853981633974483, 1.4142135623730951
156, 15, 8, 255, 6, 255, 2, 0, 0.0, 2.0
156, 17, 165, 202, 164, 201, 1, 1, 0.7853981633974483, 1.4142135623730951
156, 19, 320, 348, 316, 349, 4, -1, -0.24497866312686414, 4.123105625617661
156, 21, 89, 270, 87, 270, 2, 0, 0.0, 2.0
156, 23, 240, 379, 239, 380, 1, -1, -0.7853981633974483, 1.4142135623730951
156, 24, 257, 314, 254, 314, 3, 0, 0.0, 3.0
156, 25, 75, 163, 74, 162, 1, 1, 0.7853981633974483, 1.4142135623730951
156, 26, 69, 363, 68, 364, 1, -1, -0.7853981633974483, 1.4142135623730951
156, 27, 229, 282, 228, 281, 1, 1, 0.7853981633974483, 1.4142135623730951
156, 29, 36, 340, 34, 341, 2, -1, -0.4636476090008061, 2.23606797749979
156, 32, 152, 242, 150, 241, 2, 1, 0.4636476090008061, 2.23606797749979
156, 38, 96, 191, 94, 190, 2, 1, 0.4636476090008061, 2.23606797749979
156, 39, 69, 230, 67, 230, 2, 0, 0.0, 2.0
156, 40, 274, 339, 272, 339, 2, 0, 0.0, 2.0
156, 42, 231, 323, 230, 324, 1, -1, -0.7853981633974483, 1.4142135623730951
156, 43, 27, 397, 25, 398, 2, -1, -0.4636476090008061, 2.23606797749979
156, 45, 175, 372, 173, 373, 2, -1, -0.4636476090008061, 2.23606797749979
156, 46, 59, 289, 55, 288, 4, 1, 0.24497866312686414, 4.123105625617661
156, 48, 303, 329, 301, 329, 2, 0, 0.0, 2.0
156, 49, 182, 264, 181, 263, 1, 1, 0.7853981633974483, 1.4142135623730951
156, 52, 22, 206, 21, 205, 1, 1, 0.7853981633974483, 1.4142135623730951
156, 55, 54, 305, 52, 306, 2, -1, -0.4636476090008061, 2.23606797749979
156, 56, 305, 321, 302, 322, 3, -1, -0.3217505543966422, 3.1622776601683795
156, 57, 167, 350, 165, 350, 2, 0, 0.0, 2.0
156, 58, 247, 261, 246, 259, 1, 2, 1.1071487177940904, 2.23606797749979
156, 60, 88, 389, 86, 390, 2, -1, -0.4636476090008061, 2.23606797749979
156, 61, 311, 323, 309, 323, 2, 0, 0.0, 2.0
156, 62, 229, 228, 228, 227, 1, 1, 0.7853981633974483, 1.4142135623730951
156, 63, 76, 192, 75, 194, 1, -2, -1.1071487177940904, 2.23606797749979
156, 64, 138, 396, 137, 397, 1, -1, -0.7853981633974483, 1.4142135623730951
156, 65, 141, 126, 140, 128, 1, -2, -1.1071487177940904, 2.23606797749979
156, 66, 212, 250, 211, 249, 1, 1, 0.7853981633974483, 1.4142135623730951
156, 67, 272, 363, 270, 364, 2, -1, -0.4636476090008061, 2.23606797749979
156, 71, 24, 113, 23, 112, 1, 1, 0.7853981633974483, 1.4142135623730951
156, 72, 182, 369, 180, 370, 2, -1, -0.4636476090008061, 2.23606797749979
156, 73, 21, 132, 19, 132, 2, 0, 0.0, 2.0
156, 76, 107, 340, 106, 341, 1, -1, -0.7853981633974483, 1.4142135623730951
156, 77, 140, 362, 138, 364, 2, -2, -0.7853981633974483, 2.8284271247461903
156, 80, 210, 358, 209, 359, 1, -1, -0.7853981633974483, 1.4142135623730951
156, 81, 213, 332, 211, 334, 2, -2, -0.7853981633974483, 2.8284271247461903
156, 83, 223, 355, 222, 356, 1, -1, -0.7853981633974483, 1.4142135623730951
156, 84, 148, 301, 146, 301, 2, 0, 0.0, 2.0
156, 87, 176, 317, 174, 317, 2, 0, 0.0, 2.0
157, 1, 61, 236, 59, 236, 2, 0, 0.0, 2.0
157, 2, 128, 123, 127, 122, 1, 1, 0.7853981633974483, 1.4142135623730951
157, 7, 135, 230, 134, 229, 1, 1, 0.7853981633974483, 1.4142135623730951
157, 8, 142, 202, 141, 201, 1, 1, 0.7853981633974483, 1.4142135623730951
157, 9, 210, 257, 209, 256, 1, 1, 0.7853981633974483, 1.4142135623730951
157, 10, 48, 311, 46, 311, 2, 0, 0.0, 2.0
157, 12, 75, 236, 73, 236, 2, 0, 0.0, 2.0
157, 13, 25, 366, 23, 366, 2, 0, 0.0, 2.0
157, 14, 109, 247, 107, 247, 2, 0, 0.0, 2.0
157, 15, 10, 255, 8, 255, 2, 0, 0.0, 2.0
157, 16, 118, 164, 117, 162, 1, 2, 1.1071487177940904, 2.23606797749979
157, 17, 166, 203, 165, 202, 1, 1, 0.7853981633974483, 1.4142135623730951
157, 19, 324, 348, 320, 348, 4, 0, 0.0, 4.0
157, 21, 91, 270, 89, 270, 2, 0, 0.0, 2.0
157, 23, 242, 378, 240, 379, 2, -1, -0.4636476090008061, 2.23606797749979
157, 24, 259, 315, 257, 314, 2, 1, 0.4636476090008061, 2.23606797749979
157, 25, 76, 164, 75, 163, 1, 1, 0.7853981633974483, 1.4142135623730951
157, 26, 70, 362, 69, 363, 1, -1, -0.7853981633974483, 1.4142135623730951
157, 27, 231, 283, 229, 282, 2, 1, 0.4636476090008061, 2.23606797749979
157, 32, 154, 243, 152, 242, 2, 1, 0.4636476090008061, 2.23606797749979
157, 36, 38, 266, 36, 266, 2, 0, 0.0, 2.0
157, 39, 71, 231, 69, 230, 2, 1, 0.4636476090008061, 2.23606797749979
157, 41, 134, 269, 133, 268, 1, 1, 0.7853981633974483, 1.4142135623730951
157, 43, 29, 396, 27, 397, 2, -1, -0.4636476090008061, 2.23606797749979
157, 45, 176, 371, 175, 372, 1, -1, -0.7853981633974483, 1.4142135623730951
157, 48, 304, 328, 303, 329, 1, -1, -0.7853981633974483, 1.4142135623730951
157, 51, 108, 292, 106, 292, 2, 0, 0.0, 2.0
157, 55, 56, 305, 54, 305, 2, 0, 0.0, 2.0
157, 56, 307, 321, 305, 321, 2, 0, 0.0, 2.0
157, 58, 248, 262, 247, 261, 1, 1, 0.7853981633974483, 1.4142135623730951
157, 60, 89, 388, 88, 389, 1, -1, -0.7853981633974483, 1.4142135623730951
157, 61, 313, 323, 311, 323, 2, 0, 0.0, 2.0
157, 62, 230, 229, 229, 228, 1, 1, 0.7853981633974483, 1.4142135623730951
157, 63, 77, 193, 76, 192, 1, 1, 0.7853981633974483, 1.4142135623730951
157, 64, 139, 395, 138, 396, 1, -1, -0.7853981633974483, 1.4142135623730951
157, 65, 141, 128, 141, 126, 0, 2, 1.5707963267948966, 2.0
157, 66, 214, 250, 212, 250, 2, 0, 0.0, 2.0
157, 67, 274, 362, 272, 363, 2, -1, -0.4636476090008061, 2.23606797749979
157, 69, 26, 235, 24, 236, 2, -1, -0.4636476090008061, 2.23606797749979
157, 72, 183, 368, 182, 369, 1, -1, -0.7853981633974483, 1.4142135623730951
157, 75, 202, 332, 201, 333, 1, -1, -0.7853981633974483, 1.4142135623730951
157, 82, 166, 343, 164, 343, 2, 0, 0.0, 2.0
157, 83, 224, 354, 223, 355, 1, -1, -0.7853981633974483, 1.4142135623730951
157, 84, 150, 301, 148, 301, 2, 0, 0.0, 2.0
157, 86, 177, 316, 176, 317, 1, -1, -0.7853981633974483, 1.4142135623730951
157, 87, 16, 291, 14, 291, 2, 0, 0.0, 2.0
158, 1, 63, 236, 61, 236, 2, 0, 0.0, 2.0
158, 2, 129, 124, 128, 123, 1, 1, 0.7853981633974483, 1.4142135623730951
158, 4, 135, 201, 134, 200, 1, 1, 0.7853981633974483, 1.4142135623730951
158, 5, 178, 200, 177, 199, 1, 1, 0.7853981633974483, 1.4142135623730951
158, 9, 212, 257, 210, 257, 2, 0, 0.0, 2.0
158, 11, 99, 268, 97, 267, 2, 1, 0.4636476090008061, 2.23606797749979
158, 12, 78, 237, 75, 236, 3, 1, 0.3217505543966422, 3.1622776601683795
158, 13, 27, 365, 25, 366, 2, -1, -0.4636476090008061, 2.23606797749979
158, 15, 13, 255, 10, 255, 3, 0, 0.0, 3.0
158, 16, 119, 165, 118, 164, 1, 1, 0.7853981633974483, 1.4142135623730951
158, 18, 223, 171, 222, 170, 1, 1, 0.7853981633974483, 1.4142135623730951
158, 19, 326, 347, 324, 348, 2, -1, -0.4636476090008061, 2.23606797749979
158, 23, 244, 377, 242, 378, 2, -1, -0.4636476090008061, 2.23606797749979
158, 24, 261, 315, 259, 315, 2, 0, 0.0, 2.0
158, 25, 77, 165, 76, 164, 1, 1, 0.7853981633974483, 1.4142135623730951
158, 26, 72, 361, 70, 362, 2, -1, -0.4636476090008061, 2.23606797749979
158, 27, 232, 284, 231, 283, 1, 1, 0.7853981633974483, 1.4142135623730951
158, 29, 38, 339, 37, 340, 1, -1, -0.7853981633974483, 1.4142135623730951
158, 32, 156, 243, 154, 243, 2, 0, 0.0, 2.0
158, 34, 101, 341, 100, 342, 1, -1, -0.7853981633974483, 1.4142135623730951
158, 36, 39, 265, 38, 266, 1, -1, -0.7853981633974483, 1.4142135623730951
158, 39, 74, 232, 71, 231, 3, 1, 0.3217505543966422, 3.1622776601683795
158, 40, 277, 337, 275, 339, 2, -2, -0.7853981633974483, 2.8284271247461903
158, 42, 232, 321, 231, 322, 1, -1, -0.7853981633974483, 1.4142135623730951
158, 43, 31, 395, 29, 396, 2, -1, -0.4636476090008061, 2.23606797749979
158, 45, 178, 369, 176, 371, 2, -2, -0.7853981633974483, 2.8284271247461903
158, 46, 61, 290, 60, 289, 1, 1, 0.7853981633974483, 1.4142135623730951
158, 47, 90, 314, 88, 314, 2, 0, 0.0, 2.0
158, 54, 83, 219, 82, 218, 1, 1, 0.7853981633974483, 1.4142135623730951
158, 55, 58, 305, 56, 305, 2, 0, 0.0, 2.0
158, 58, 249, 263, 248, 262, 1, 1, 0.7853981633974483, 1.4142135623730951
158, 60, 90, 387, 89, 388, 1, -1, -0.7853981633974483, 1.4142135623730951
158, 62, 232, 230, 230, 229, 2, 1, 0.4636476090008061, 2.23606797749979
158, 63, 78, 194, 77, 193, 1, 1, 0.7853981633974483, 1.4142135623730951
158, 64, 140, 394, 139, 395, 1, -1, -0.7853981633974483, 1.4142135623730951
158, 65, 142, 129, 141, 128, 1, 1, 0.7853981633974483, 1.4142135623730951
158, 66, 216, 251, 214, 250, 2, 1, 0.4636476090008061, 2.23606797749979
158, 67, 276, 361, 274, 362, 2, -1, -0.4636476090008061, 2.23606797749979
158, 69, 27, 234, 26, 235, 1, -1, -0.7853981633974483, 1.4142135623730951
158, 71, 26, 114, 25, 113, 1, 1, 0.7853981633974483, 1.4142135623730951
158, 76, 108, 338, 107, 339, 1, -1, -0.7853981633974483, 1.4142135623730951
158, 77, 142, 360, 140, 361, 2, -1, -0.4636476090008061, 2.23606797749979
158, 78, 117, 291, 115, 291, 2, 0, 0.0, 2.0
158, 79, 108, 190, 107, 189, 1, 1, 0.7853981633974483, 1.4142135623730951
158, 80, 212, 357, 211, 358, 1, -1, -0.7853981633974483, 1.4142135623730951
158, 81, 168, 343, 166, 343, 2, 0, 0.0, 2.0
158, 83, 152, 300, 150, 301, 2, -1, -0.4636476090008061, 2.23606797749979
158, 85, 179, 315, 177, 316, 2, -1, -0.4636476090008061, 2.23606797749979
158, 86, 17, 292, 16, 291, 1, 1, 0.7853981633974483, 1.4142135623730951
159, 1, 65, 236, 63, 236, 2, 0, 0.0, 2.0
159, 2, 130, 125, 129, 124, 1, 1, 0.7853981633974483, 1.4142135623730951
159, 7, 137, 231, 136, 230, 1, 1, 0.7853981633974483, 1.4142135623730951
159, 8, 144, 203, 143, 202, 1, 1, 0.7853981633974483, 1.4142135623730951
159, 9, 213, 258, 212, 257, 1, 1, 0.7853981633974483, 1.4142135623730951
159, 11, 101, 269, 99, 268, 2, 1, 0.4636476090008061, 2.23606797749979
159, 12, 80, 237, 78, 237, 2, 0, 0.0, 2.0
159, 15, 15, 255, 13, 255, 2, 0, 0.0, 2.0
159, 18, 224, 172, 223, 171, 1, 1, 0.7853981633974483, 1.4142135623730951
159, 19, 328, 347, 326, 347, 2, 0, 0.0, 2.0
159, 20, 168, 241, 166, 239, 2, 2, 0.7853981633974483, 2.8284271247461903
159, 23, 245, 375, 244, 377, 1, -2, -1.1071487177940904, 2.23606797749979
159, 24, 262, 314, 261, 315, 1, -1, -0.7853981633974483, 1.4142135623730951
159, 25, 78, 166, 77, 165, 1, 1, 0.7853981633974483, 1.4142135623730951
159, 27, 233, 285, 232, 284, 1, 1, 0.7853981633974483, 1.4142135623730951
159, 32, 157, 242, 156, 243, 1, -1, -0.7853981633974483, 1.4142135623730951
159, 33, 34, 171, 32, 171, 2, 0, 0.0, 2.0
159, 34, 103, 340, 101, 341, 2, -1, -0.4636476090008061, 2.23606797749979
159, 38, 99, 192, 98, 191, 1, 1, 0.7853981633974483, 1.4142135623730951
159, 39, 76, 233, 74, 232, 2, 1, 0.4636476090008061, 2.23606797749979
159, 41, 135, 270, 134, 269, 1, 1, 0.7853981633974483, 1.4142135623730951
159, 42, 33, 394, 31, 395, 2, -1, -0.4636476090008061, 2.23606797749979
159, 43, 29, 234, 28, 233, 1, 1, 0.7853981633974483, 1.4142135623730951
159, 44, 180, 369, 178, 369, 2, 0, 0.0, 2.0
159, 48, 185, 265, 184, 264, 1, 1, 0.7853981633974483, 1.4142135623730951
159, 49, 182, 321, 181, 322, 1, -1, -0.7853981633974483, 1.4142135623730951
159, 53, 85, 219, 83, 219, 2, 0, 0.0, 2.0
159, 54, 60, 305, 58, 305, 2, 0, 0.0, 2.0
159, 57, 250, 264, 249, 263, 1, 1, 0.7853981633974483, 1.4142135623730951
159, 59, 91, 386, 90, 387, 1, -1, -0.7853981633974483, 1.4142135623730951
159, 60, 316, 323, 314, 323, 2, 0, 0.0, 2.0
159, 62, 79, 195, 78, 194, 1, 1, 0.7853981633974483, 1.4142135623730951
159, 63, 141, 393, 140, 394, 1, -1, -0.7853981633974483, 1.4142135623730951
159, 65, 217, 253, 216, 251, 1, 2, 1.1071487177940904, 2.23606797749979
159, 66, 277, 359, 276, 361, 1, -2, -1.1071487177940904, 2.23606797749979
159, 68, 28, 235, 27, 234, 1, 1, 0.7853981633974483, 1.4142135623730951
159, 71, 185, 367, 184, 368, 1, -1, -0.7853981633974483, 1.4142135623730951
159, 75, 110, 337, 108, 338, 2, -1, -0.4636476090008061, 2.23606797749979
159, 76, 141, 358, 142, 360, -1, -2, -2.0344439357957027, 2.23606797749979
159, 78, 109, 191, 108, 190, 1, 1, 0.7853981633974483, 1.4142135623730951
159, 79, 213, 356, 212, 357, 1, -1, -0.7853981633974483, 1.4142135623730951
159, 80, 170, 344, 168, 343, 2, 1, 0.4636476090008061, 2.23606797749979
160, 1, 61, 195, 60, 194, 1, 1, 0.7853981633974483, 1.4142135623730951
160, 2, 64, 238, 62, 238, 2, 0, 0.0, 2.0
160, 3, 137, 203, 136, 202, 1, 1, 0.7853981633974483, 1.4142135623730951
160, 6, 125, 274, 123, 274, 2, 0, 0.0, 2.0
160, 7, 219, 255, 218, 254, 1, 1, 0.7853981633974483, 1.4142135623730951
160, 8, 10, 180, 8, 179, 2, 1, 0.4636476090008061, 2.23606797749979
160, 9, 166, 247, 164, 246, 2, 1, 0.4636476090008061, 2.23606797749979
160, 10, 226, 174, 226, 172, 0, 2, 1.5707963267948966, 2.0
160, 11, 180, 204, 179, 203, 1, 1, 0.7853981633974483, 1.4142135623730951
160, 13, 28, 367, 26, 368, 2, -1, -0.4636476090008061, 2.23606797749979
160, 15, 325, 348, 323, 349, 2, -1, -0.4636476090008061, 2.23606797749979
160, 16, 46, 149, 44, 149, 2, 0, 0.0, 2.0
160, 17, 167, 203, 166, 202, 1, 1, 0.7853981633974483, 1.4142135623730951
160, 18, 53, 311, 52, 312, 1, -1, -0.7853981633974483, 1.4142135623730951
160, 19, 53, 150, 52, 149, 1, 1, 0.7853981633974483, 1.4142135623730951
160, 20, 136, 230, 135, 229, 1, 1, 0.7853981633974483, 1.4142135623730951
160, 22, 147, 203, 146, 201, 1, 2, 1.1071487177940904, 2.23606797749979
160, 23, 120, 166, 119, 165, 1, 1, 0.7853981633974483, 1.4142135623730951
160, 24, 106, 345, 105, 346, 1, -1, -0.7853981633974483, 1.4142135623730951
160, 26, 30, 398, 28, 399, 2, -1, -0.4636476090008061, 2.23606797749979
160, 28, 77, 236, 75, 235, 2, 1, 0.4636476090008061, 2.23606797749979
160, 30, 277, 338, 275, 339, 2, -1, -0.4636476090008061, 2.23606797749979
160, 31, 99, 194, 98, 193, 1, 1, 0.7853981633974483, 1.4142135623730951
160, 32, 184, 320, 183, 321, 1, -1, -0.7853981633974483, 1.4142135623730951
160, 35, 79, 166, 77, 165, 2, 1, 0.4636476090008061, 2.23606797749979
160, 40, 86, 219, 84, 219, 2, 0, 0.0, 2.0
160, 42, 103, 270, 102, 269, 1, 1, 0.7853981633974483, 1.4142135623730951
160, 43, 34, 174, 32, 173, 2, 1, 0.4636476090008061, 2.23606797749979
160, 45, 19, 234, 17, 234, 2, 0, 0.0, 2.0
160, 47, 97, 275, 95, 273, 2, 2, 0.7853981633974483, 2.8284271247461903
160, 49, 246, 349, 245, 350, 1, -1, -0.7853981633974483, 1.4142135623730951
160, 50, 71, 362, 69, 363, 2, -1, -0.4636476090008061, 2.23606797749979
160, 51, 186, 375, 185, 376, 1, -1, -0.7853981633974483, 1.4142135623730951
160, 53, 243, 379, 241, 380, 2, -1, -0.4636476090008061, 2.23606797749979
160, 54, 121, 292, 119, 292, 2, 0, 0.0, 2.0
160, 56, 92, 133, 91, 132, 1, 1, 0.7853981633974483, 1.4142135623730951
160, 59, 214, 358, 212, 359, 2, -1, -0.4636476090008061, 2.23606797749979
160, 61, 139, 338, 138, 339, 1, -1, -0.7853981633974483, 1.4142135623730951
160, 62, 245, 371, 242, 372, 3, -1, -0.3217505543966422, 3.1622776601683795
160, 65, 63, 262, 62, 263, 1, -1, -0.7853981633974483, 1.4142135623730951
160, 66, 184, 369, 182, 369, 2, 0, 0.0, 2.0
160, 67, 251, 264, 250, 263, 1, 1, 0.7853981633974483, 1.4142135623730951
160, 68, 155, 273, 154, 274, 1, -1, -0.7853981633974483, 1.4142135623730951
160, 72, 231, 233, 231, 231, 0, 2, 1.5707963267948966, 2.0
160, 73, 310, 330, 308, 330, 2, 0, 0.0, 2.0
160, 74, 43, 393, 41, 394, 2, -1, -0.4636476090008061, 2.23606797749979
160, 76, 125, 367, 123, 367, 2, 0, 0.0, 2.0
160, 77, 307, 321, 306, 322, 1, -1, -0.7853981633974483, 1.4142135623730951
160, 79, 205, 298, 203, 297, 2, 1, 0.4636476090008061, 2.23606797749979
160, 81, 275, 361, 274, 362, 1, -1, -0.7853981633974483, 1.4142135623730951
160, 86, 258, 222, 257, 220, 1, 2, 1.1071487177940904, 2.23606797749979
160, 93, 130, 315, 129, 316, 1, -1, -0.7853981633974483, 1.4142135623730951
161, 2, 66, 239, 64, 238, 2, 1, 0.4636476090008061, 2.23606797749979
161, 3, 138, 204, 137, 203, 1, 1, 0.7853981633974483, 1.4142135623730951
161, 4, 104, 249, 102, 249, 2, 0, 0.0, 2.0
161, 5, 214, 259, 213, 258, 1, 1, 0.7853981633974483, 1.4142135623730951
161, 7, 220, 256, 219, 255, 1, 1, 0.7853981633974483, 1.4142135623730951
161, 9, 168, 247, 166, 247, 2, 0, 0.0, 2.0
161, 10, 227, 175, 226, 174, 1, 1, 0.7853981633974483, 1.4142135623730951
161, 12, 157, 243, 156, 242, 1, 1, 0.7853981633974483, 1.4142135623730951
161, 13, 30, 367, 28, 367, 2, 0, 0.0, 2.0
161, 15, 326, 347, 325, 348, 1, -1, -0.7853981633974483, 1.4142135623730951
161, 16, 48, 149, 46, 149, 2, 0, 0.0, 2.0
161, 17, 168, 204, 167, 203, 1, 1, 0.7853981633974483, 1.4142135623730951
161, 20, 138, 231, 136, 230, 2, 1, 0.4636476090008061, 2.23606797749979
161, 21, 54, 262, 53, 261, 1, 1, 0.7853981633974483, 1.4142135623730951
161, 23, 122, 167, 120, 166, 2, 1, 0.4636476090008061, 2.23606797749979
161, 25, 185, 266, 184, 265, 1, 1, 0.7853981633974483, 1.4142135623730951
161, 26, 32, 398, 30, 398, 2, 0, 0.0, 2.0
161, 28, 78, 237, 77, 236, 1, 1, 0.7853981633974483, 1.4142135623730951
161, 30, 277, 336, 277, 338, 0, -2, -1.5707963267948966, 2.0
161, 31, 100, 195, 99, 194, 1, 1, 0.7853981633974483, 1.4142135623730951
161, 33, 31, 235, 29, 234, 2, 1, 0.4636476090008061, 2.23606797749979
161, 34, 12, 256, 11, 255, 1, 1, 0.7853981633974483, 1.4142135623730951
161, 36, 114, 246, 113, 245, 1, 1, 0.7853981633974483, 1.4142135623730951
161, 37, 59, 308, 57, 308, 2, 0, 0.0, 2.0
161, 42, 29, 268, 27, 268, 2, 0, 0.0, 2.0
161, 45, 98, 274, 97, 275, 1, -1, -0.7853981633974483, 1.4142135623730951
161, 46, 94, 385, 93, 386, 1, -1, -0.7853981633974483, 1.4142135623730951
161, 48, 73, 362, 71, 362, 2, 0, 0.0, 2.0
161, 49, 187, 374, 186, 375, 1, -1, -0.7853981633974483, 1.4142135623730951
161, 51, 245, 378, 243, 379, 2, -1, -0.4636476090008061, 2.23606797749979
161, 52, 122, 293, 121, 292, 1, 1, 0.7853981633974483, 1.4142135623730951
161, 55, 68, 286, 67, 287, 1, -1, -0.7853981633974483, 1.4142135623730951
161, 59, 140, 337, 139, 338, 1, -1, -0.7853981633974483, 1.4142135623730951
161, 61, 299, 299, 298, 300, 1, -1, -0.7853981633974483, 1.4142135623730951
161, 63, 186, 369, 184, 369, 2, 0, 0.0, 2.0
161, 64, 252, 265, 251, 264, 1, 1, 0.7853981633974483, 1.4142135623730951
161, 71, 44, 392, 43, 393, 1, -1, -0.7853981633974483, 1.4142135623730951
161, 74, 309, 321, 307, 321, 2, 0, 0.0, 2.0
161, 78, 277, 360, 275, 361, 2, -1, -0.4636476090008061, 2.23606797749979
161, 79, 318, 323, 317, 324, 1, -1, -0.7853981633974483, 1.4142135623730951
161, 80, 183, 173, 182, 172, 1, 1, 0.7853981633974483, 1.4142135623730951
161, 81, 234, 286, 233, 285, 1, 1, 0.7853981633974483, 1.4142135623730951
161, 83, 259, 223, 258, 222, 1, 1, 0.7853981633974483, 1.4142135623730951
162, 5, 215, 260, 214, 259, 1, 1, 0.7853981633974483, 1.4142135623730951
162, 7, 221, 257, 220, 256, 1, 1, 0.7853981633974483, 1.4142135623730951
162, 9, 170, 247, 168, 247, 2, 0, 0.0, 2.0
162, 11, 181, 205, 180, 204, 1, 1, 0.7853981633974483, 1.4142135623730951
162, 12, 158, 244, 157, 243, 1, 1, 0.7853981633974483, 1.4142135623730951
162, 13, 31, 366, 30, 367, 1, -1, -0.7853981633974483, 1.4142135623730951
162, 15, 327, 346, 326, 347, 1, -1, -0.7853981633974483, 1.4142135623730951
162, 17, 169, 205, 168, 204, 1, 1, 0.7853981633974483, 1.4142135623730951
162, 18, 55, 310, 54, 311, 1, -1, -0.7853981633974483, 1.4142135623730951
162, 20, 139, 232, 138, 231, 1, 1, 0.7853981633974483, 1.4142135623730951
162, 23, 123, 168, 122, 167, 1, 1, 0.7853981633974483, 1.4142135623730951
162, 24, 108, 344, 107, 345, 1, -1, -0.7853981633974483, 1.4142135623730951
162, 25, 187, 267, 185, 266, 2, 1, 0.4636476090008061, 2.23606797749979
162, 26, 34, 397, 32, 398, 2, -1, -0.4636476090008061, 2.23606797749979
162, 27, 41, 341, 39, 341, 2, 0, 0.0, 2.0
162, 28, 79, 238, 78, 237, 1, 1, 0.7853981633974483, 1.4142135623730951
162, 29, 65, 296, 63, 296, 2, 0, 0.0, 2.0
162, 31, 101, 196, 100, 195, 1, 1, 0.7853981633974483, 1.4142135623730951
162, 35, 81, 167, 80, 166, 1, 1, 0.7853981633974483, 1.4142135623730951
162, 38, 209, 304, 207, 304, 2, 0, 0.0, 2.0
162, 39, 89, 219, 87, 219, 2, 0, 0.0, 2.0
162, 46, 95, 384, 94, 385, 1, -1, -0.7853981633974483, 1.4142135623730951
162, 47, 248, 348, 247, 349, 1, -1, -0.7853981633974483, 1.4142135623730951
162, 48, 75, 362, 73, 362, 2, 0, 0.0, 2.0
162, 49, 188, 373, 187, 374, 1, -1, -0.7853981633974483, 1.4142135623730951
162, 50, 247, 377, 245, 378, 2, -1, -0.4636476090008061, 2.23606797749979
162, 51, 123, 294, 122, 293, 1, 1, 0.7853981633974483, 1.4142135623730951
162, 53, 94, 134, 93, 133, 1, 1, 0.7853981633974483, 1.4142135623730951
162, 58, 141, 336, 140, 337, 1, -1, -0.7853981633974483, 1.4142135623730951
162, 59, 248, 372, 246, 371, 2, 1, 0.4636476090008061, 2.23606797749979
162, 61, 65, 261, 64, 262, 1, -1, -0.7853981633974483, 1.4142135623730951
162, 63, 254, 266, 252, 265, 2, 1, 0.4636476090008061, 2.23606797749979
162, 68, 232, 236, 231, 234, 1, 2, 1.1071487177940904, 2.23606797749979
162, 69, 313, 330, 311, 330, 2, 0, 0.0, 2.0
162, 71, 27, 289, 26, 290, 1, -1, -0.7853981633974483, 1.4142135623730951
162, 72, 127, 366, 126, 367, 1, -1, -0.7853981633974483, 1.4142135623730951
162, 74, 263, 230, 262, 228, 1, 2, 1.1071487177940904, 2.23606797749979
162, 75, 207, 297, 206, 298, 1, -1, -0.7853981633974483, 1.4142135623730951
162, 77, 279, 359, 277, 360, 2, -1, -0.4636476090008061, 2.23606797749979
162, 78, 316, 321, 318, 323, -2, -2, -2.356194490192345, 2.8284271247461903
162, 79, 187, 175, 183, 173, 4, 2, 0.4636476090008061, 4.47213595499958
162, 80, 235, 287, 234, 286, 1, 1, 0.7853981633974483, 1.4142135623730951
162, 82, 261, 223, 259, 223, 2, 0, 0.0, 2.0
162, 84, 87, 163, 86, 162, 1, 1, 0.7853981633974483, 1.4142135623730951
162, 86, 128, 322, 126, 322, 2, 0, 0.0, 2.0
162, 87, 217, 142, 216, 143, 1, -1, -0.7853981633974483, 1.4142135623730951
162, 88, 216, 201, 215, 202, 1, -1, -0.7853981633974483, 1.4142135623730951
162, 90, 93, 168, 92, 167, 1, 1, 0.7853981633974483, 1.4142135623730951
163, 2, 69, 239, 67, 239, 2, 0, 0.0, 2.0
163, 3, 141, 205, 139, 204, 2, 1, 0.4636476090008061, 2.23606797749979
163, 7, 222, 258, 221, 257, 1, 1, 0.7853981633974483, 1.4142135623730951
163, 10, 228, 177, 227, 176, 1, 1, 0.7853981633974483, 1.4142135623730951
163, 12, 159, 245, 158, 244, 1, 1, 0.7853981633974483, 1.4142135623730951
163, 13, 33, 365, 31, 366, 2, -1, -0.4636476090008061, 2.23606797749979
163, 14, 151, 386, 149, 387, 2, -1, -0.4636476090008061, 2.23606797749979
163, 15, 330, 346, 327, 346, 3, 0, 0.0, 3.0
163, 17, 170, 206, 169, 205, 1, 1, 0.7853981633974483, 1.4142135623730951
163, 19, 50, 149, 52, 150, -2, -1, -2.677945044588987, 2.23606797749979
163, 21, 56, 263, 54, 262, 2, 1, 0.4636476090008061, 2.23606797749979
163, 22, 148, 206, 147, 205, 1, 1, 0.7853981633974483, 1.4142135623730951
163, 23, 124, 169, 123, 168, 1, 1, 0.7853981633974483, 1.4142135623730951
163, 24, 109, 343, 108, 344, 1, -1, -0.7853981633974483, 1.4142135623730951
163, 26, 36, 396, 34, 397, 2, -1, -0.4636476090008061, 2.23606797749979
163, 27, 43, 341, 41, 341, 2, 0, 0.0, 2.0
163, 28, 80, 239, 79, 238, 1, 1, 0.7853981633974483, 1.4142135623730951
163, 29, 67, 295, 65, 296, 2, -1, -0.4636476090008061, 2.23606797749979
163, 30, 280, 336, 278, 336, 2, 0, 0.0, 2.0
163, 31, 102, 197, 101, 196, 1, 1, 0.7853981633974483, 1.4142135623730951
163, 32, 186, 319, 185, 320, 1, -1, -0.7853981633974483, 1.4142135623730951
163, 34, 13, 257, 12, 256, 1, 1, 0.7853981633974483, 1.4142135623730951
163, 37, 61, 307, 60, 308, 1, -1, -0.7853981633974483, 1.4142135623730951
163, 39, 90, 220, 89, 219, 1, 1, 0.7853981633974483, 1.4142135623730951
163, 43, 22, 235, 21, 234, 1, 1, 0.7853981633974483, 1.4142135623730951
163, 48, 76, 361, 75, 362, 1, -1, -0.7853981633974483, 1.4142135623730951
163, 49, 190, 373, 188, 373, 2, 0, 0.0, 2.0
163, 50, 249, 376, 247, 377, 2, -1, -0.4636476090008061, 2.23606797749979
163, 59, 251, 372, 248, 372, 3, 0, 0.0, 3.0
163, 60, 302, 300, 300, 299, 2, 1, 0.4636476090008061, 2.23606797749979
163, 63, 256, 267, 254, 266, 2, 1, 0.4636476090008061, 2.23606797749979
163, 69, 314, 329, 313, 330, 1, -1, -0.7853981633974483, 1.4142135623730951
163, 70, 46, 391, 45, 392, 1, -1, -0.7853981633974483, 1.4142135623730951
163, 74, 264, 231, 263, 230, 1, 1, 0.7853981633974483, 1.4142135623730951
163, 77, 281, 358, 279, 359, 2, -1, -0.4636476090008061, 2.23606797749979
163, 78, 317, 320, 316, 321, 1, -1, -0.7853981633974483, 1.4142135623730951
163, 79, 188, 176, 187, 175, 1, 1, 0.7853981633974483, 1.4142135623730951
163, 80, 235, 289, 235, 287, 0, 2, 1.5707963267948966, 2.0
163, 82, 262, 224, 261, 223, 1, 1, 0.7853981633974483, 1.4142135623730951
163, 87, 216, 143, 217, 142, -1, 1, 2.356194490192345, 1.4142135623730951
163, 89, 131, 314, 130, 315, 1, -1, -0.7853981633974483, 1.4142135623730951
164, 0, 131, 127, 130, 126, 1, 1, 0.7853981633974483, 1.4142135623730951
164, 2, 70, 240, 69, 239, 1, 1, 0.7853981633974483, 1.4142135623730951
164, 6, 129, 275, 127, 275, 2, 0, 0.0, 2.0
164, 7, 223, 259, 222, 258, 1, 1, 0.7853981633974483, 1.4142135623730951
164, 9, 172, 246, 171, 247, 1, -1, -0.7853981633974483, 1.4142135623730951
164, 10, 229, 178, 228, 177, 1, 1, 0.7853981633974483, 1.4142135623730951
164, 12, 160, 246, 159, 245, 1, 1, 0.7853981633974483, 1.4142135623730951
164, 13, 35, 364, 33, 365, 2, -1, -0.4636476090008061, 2.23606797749979
164, 14, 152, 385, 151, 386, 1, -1, -0.7853981633974483, 1.4142135623730951
164, 15, 331, 345, 330, 346, 1, -1, -0.7853981633974483, 1.4142135623730951
164, 16, 52, 149, 50, 149, 2, 0, 0.0, 2.0
164, 17, 171, 207, 170, 206, 1, 1, 0.7853981633974483, 1.4142135623730951
164, 18, 57, 309, 56, 310, 1, -1, -0.7853981633974483, 1.4142135623730951
164, 19, 52, 149, 50, 149, 2, 0, 0.0, 2.0
164, 21, 58, 264, 56, 263, 2, 1, 0.4636476090008061, 2.23606797749979
164, 22, 149, 207, 148, 206, 1, 1, 0.7853981633974483, 1.4142135623730951
164, 25, 188, 268, 187, 267, 1, 1, 0.7853981633974483, 1.4142135623730951
164, 26, 38, 396, 36, 396, 2, 0, 0.0, 2.0
164, 27, 45, 342, 43, 341, 2, 1, 0.4636476090008061, 2.23606797749979
164, 28, 81, 240, 80, 239, 1, 1, 0.7853981633974483, 1.4142135623730951
164, 30, 281, 335, 280, 336, 1, -1, -0.7853981633974483, 1.4142135623730951
164, 35, 85, 168, 82, 167, 3, 1, 0.3217505543966422, 3.1622776601683795
164, 42, 31, 269, 29, 268, 2, 1, 0.4636476090008061, 2.23606797749979
164, 45, 102, 273, 100, 274, 2, -1, -0.4636476090008061, 2.23606797749979
164, 46, 97, 383, 96, 384, 1, -1, -0.7853981633974483, 1.4142135623730951
164, 47, 249, 346, 248, 347, 1, -1, -0.7853981633974483, 1.4142135623730951
164, 48, 78, 361, 76, 361, 2, 0, 0.0, 2.0
164, 49, 192, 373, 190, 373, 2, 0, 0.0, 2.0
164, 50, 251, 375, 249, 376, 2, -1, -0.4636476090008061, 2.23606797749979
164, 56, 218, 357, 217, 358, 1, -1, -0.7853981633974483, 1.4142135623730951
164, 58, 143, 335, 142, 336, 1, -1, -0.7853981633974483, 1.4142135623730951
164, 60, 304, 302, 302, 300, 2, 2, 0.7853981633974483, 2.8284271247461903
164, 61, 67, 262, 66, 261, 1, 1, 0.7853981633974483, 1.4142135623730951
164, 62, 189, 370, 188, 369, 1, 1, 0.7853981633974483, 1.4142135623730951
164, 63, 257, 268, 256, 267, 1, 1, 0.7853981633974483, 1.4142135623730951
164, 68, 233, 238, 232, 237, 1, 1, 0.7853981633974483, 1.4142135623730951
164, 70, 47, 390, 46, 391, 1, -1, -0.7853981633974483, 1.4142135623730951
164, 71, 29, 290, 28, 289, 1, 1, 0.7853981633974483, 1.4142135623730951
164, 73, 313, 321, 311, 321, 2, 0, 0.0, 2.0
164, 74, 264, 233, 264, 231, 0, 2, 1.5707963267948966, 2.0
164, 75, 208, 297, 207, 298, 1, -1, -0.7853981633974483, 1.4142135623730951
164, 76, 283, 357, 281, 358, 2, -1, -0.4636476090008061, 2.23606797749979
164, 79, 236, 290, 235, 289, 1, 1, 0.7853981633974483, 1.4142135623730951
164, 83, 91, 164, 88, 163, 3, 1, 0.3217505543966422, 3.1622776601683795
164, 84, 93, 317, 91, 317, 2, 0, 0.0, 2.0
164, 85, 130, 321, 129, 322, 1, -1, -0.7853981633974483, 1.4142135623730951
164, 89, 95, 169, 93, 168, 2, 1, 0.4636476090008061, 2.23606797749979
165, 0, 58, 312, 57, 313, 1, -1, -0.7853981633974483, 1.4142135623730951
165, 2, 133, 128, 132, 127, 1, 1, 0.7853981633974483, 1.4142135623730951
165, 5, 66, 196, 64, 196, 2, 0, 0.0, 2.0
165, 8, 101, 277, 99, 277, 2, 0, 0.0, 2.0
165, 10, 141, 234, 139, 234, 2, 0, 0.0, 2.0
165, 11, 142, 206, 141, 205, 1, 1, 0.7853981633974483, 1.4142135623730951
165, 12, 73, 297, 71, 297, 2, 0, 0.0, 2.0
165, 14, 171, 207, 170, 206, 1, 1, 0.7853981633974483, 1.4142135623730951
165, 17, 188, 270, 187, 269, 1, 1, 0.7853981633974483, 1.4142135623730951
165, 18, 233, 240, 232, 239, 1, 1, 0.7853981633974483, 1.4142135623730951
165, 19, 88, 277, 87, 276, 1, 1, 0.7853981633974483, 1.4142135623730951
165, 21, 281, 335, 279, 335, 2, 0, 0.0, 2.0
165, 22, 160, 247, 159, 246, 1, 1, 0.7853981633974483, 1.4142135623730951
165, 23, 98, 387, 96, 388, 2, -1, -0.4636476090008061, 2.23606797749979
165, 24, 237, 293, 236, 292, 1, 1, 0.7853981633974483, 1.4142135623730951
165, 25, 332, 345, 329, 346, 3, -1, -0.3217505543966422, 3.1622776601683795
165, 26, 85, 167, 83, 167, 2, 0, 0.0, 2.0
165, 29, 303, 305, 303, 302, 0, 3, 1.5707963267948966, 3.0
165, 32, 230, 177, 229, 176, 1, 1, 0.7853981633974483, 1.4142135623730951
165, 35, 124, 169, 123, 168, 1, 1, 0.7853981633974483, 1.4142135623730951
165, 36, 12, 383, 10, 383, 2, 0, 0.0, 2.0
165, 41, 256, 268, 255, 267, 1, 1, 0.7853981633974483, 1.4142135623730951
165, 43, 43, 340, 42, 341, 1, -1, -0.7853981633974483, 1.4142135623730951
165, 44, 247, 374, 246, 375, 1, -1, -0.7853981633974483, 1.4142135623730951
165, 49, 111, 348, 109, 348, 2, 0, 0.0, 2.0
165, 51, 97, 137, 95, 136, 2, 1, 0.4636476090008061, 2.23606797749979
165, 59, 119, 295, 117, 295, 2, 0, 0.0, 2.0
165, 60, 185, 320, 184, 321, 1, -1, -0.7853981633974483, 1.4142135623730951
166, 0, 59, 311, 58, 312, 1, -1, -0.7853981633974483, 1.4142135623730951
166, 6, 70, 241, 68, 240, 2, 1, 0.4636476090008061, 2.23606797749979
166, 8, 102, 276, 101, 277, 1, -1, -0.7853981633974483, 1.4142135623730951
166, 9, 52, 150, 51, 149, 1, 1, 0.7853981633974483, 1.4142135623730951
166, 10, 142, 235, 141, 234, 1, 1, 0.7853981633974483, 1.4142135623730951
166, 14, 172, 208, 171, 207, 1, 1, 0.7853981633974483, 1.4142135623730951
166, 16, 13, 183, 12, 182, 1, 1, 0.7853981633974483, 1.4142135623730951
166, 17, 189, 271, 188, 270, 1, 1, 0.7853981633974483, 1.4142135623730951
166, 18, 234, 241, 233, 240, 1, 1, 0.7853981633974483, 1.4142135623730951
166, 21, 283, 334, 281, 335, 2, -1, -0.4636476090008061, 2.23606797749979
166, 22, 161, 248, 160, 247, 1, 1, 0.7853981633974483, 1.4142135623730951
166, 23, 99, 386, 98, 387, 1, -1, -0.7853981633974483, 1.4142135623730951
166, 25, 334, 344, 332, 345, 2, -1, -0.4636476090008061, 2.23606797749979
166, 26, 86, 168, 85, 167, 1, 1, 0.7853981633974483, 1.4142135623730951
166, 29, 303, 307, 303, 305, 0, 2, 1.5707963267948966, 2.0
166, 30, 35, 368, 33, 368, 2, 0, 0.0, 2.0
166, 31, 177, 202, 176, 201, 1, 1, 0.7853981633974483, 1.4142135623730951
166, 32, 231, 179, 230, 177, 1, 2, 1.1071487177940904, 2.23606797749979
166, 34, 38, 175, 37, 176, 1, -1, -0.7853981633974483, 1.4142135623730951
166, 35, 125, 170, 124, 169, 1, 1, 0.7853981633974483, 1.4142135623730951
166, 36, 13, 384, 12, 383, 1, 1, 0.7853981633974483, 1.4142135623730951
166, 39, 8, 318, 7, 319, 1, -1, -0.7853981633974483, 1.4142135623730951
166, 42, 104, 195, 103, 194, 1, 1, 0.7853981633974483, 1.4142135623730951
166, 44, 249, 373, 247, 374, 2, -1, -0.4636476090008061, 2.23606797749979
166, 58, 186, 319, 185, 320, 1, -1, -0.7853981633974483, 1.4142135623730951
167, 0, 60, 310, 59, 311, 1, -1, -0.7853981633974483, 1.4142135623730951
167, 2, 135, 129, 134, 128, 1, 1, 0.7853981633974483, 1.4142135623730951
167, 3, 171, 240, 171, 242, 0, -2, -1.5707963267948966, 2.0
167, 4, 182, 209, 180, 209, 2, 0, 0.0, 2.0
167, 8, 104, 274, 102, 276, 2, -2, -0.7853981633974483, 2.8284271247461903
167, 10, 142, 237, 142, 235, 0, 2, 1.5707963267948966, 2.0
167, 12, 75, 298, 74, 297, 1, 1, 0.7853981633974483, 1.4142135623730951
167, 13, 74, 287, 72, 287, 2, 0, 0.0, 2.0
167, 14, 173, 206, 172, 208, 1, -2, -1.1071487177940904, 2.23606797749979
167, 17, 190, 272, 189, 271, 1, 1, 0.7853981633974483, 1.4142135623730951
167, 18, 235, 243, 234, 241, 1, 2, 1.1071487177940904, 2.23606797749979
167, 19, 90, 276, 89, 277, 1, -1, -0.7853981633974483, 1.4142135623730951
167, 20, 79, 363, 77, 363, 2, 0, 0.0, 2.0
167, 21, 285, 334, 283, 334, 2, 0, 0.0, 2.0
167, 23, 101, 385, 99, 386, 2, -1, -0.4636476090008061, 2.23606797749979
167, 25, 336, 343, 334, 344, 2, -1, -0.4636476090008061, 2.23606797749979
167, 26, 88, 168, 86, 168, 2, 0, 0.0, 2.0
167, 29, 301, 308, 303, 307, -2, 1, 2.677945044588987, 2.23606797749979
167, 30, 36, 367, 35, 368, 1, -1, -0.7853981633974483, 1.4142135623730951
167, 31, 179, 201, 177, 202, 2, -1, -0.4636476090008061, 2.23606797749979
167, 32, 232, 180, 231, 179, 1, 1, 0.7853981633974483, 1.4142135623730951
167, 34, 40, 176, 38, 175, 2, 1, 0.4636476090008061, 2.23606797749979
167, 36, 12, 385, 13, 384, -1, 1, 2.356194490192345, 1.4142135623730951
167, 41, 258, 269, 257, 268, 1, 1, 0.7853981633974483, 1.4142135623730951
167, 42, 105, 196, 104, 195, 1, 1, 0.7853981633974483, 1.4142135623730951
167, 45, 39, 393, 37, 394, 2, -1, -0.4636476090008061, 2.23606797749979
167, 47, 207, 332, 206, 333, 1, -1, -0.7853981633974483, 1.4142135623730951
167, 49, 114, 348, 112, 348, 2, 0, 0.0, 2.0
167, 50, 98, 138, 97, 137, 1, 1, 0.7853981633974483, 1.4142135623730951
167, 52, 241, 344, 240, 345, 1, -1, -0.7853981633974483, 1.4142135623730951
167, 54, 160, 264, 158, 264, 2, 0, 0.0, 2.0
167, 55, 108, 342, 106, 343, 2, -1, -0.4636476090008061, 2.23606797749979
167, 57, 122, 295, 120, 295, 2, 0, 0.0, 2.0
167, 58, 187, 318, 186, 319, 1, -1, -0.7853981633974483, 1.4142135623730951
168, 1, 135, 276, 134, 275, 1, 1, 0.7853981633974483, 1.4142135623730951
168, 3, 177, 241, 171, 240, 6, 1, 0.16514867741462683, 6.082762530298219
168, 6, 72, 242, 71, 241, 1, 1, 0.7853981633974483, 1.4142135623730951
168, 8, 106, 274, 104, 274, 2, 0, 0.0, 2.0
168, 10, 144, 238, 142, 237, 2, 1, 0.4636476090008061, 2.23606797749979
168, 12, 77, 297, 75, 298, 2, -1, -0.4636476090008061, 2.23606797749979
168, 14, 174, 207, 173, 206, 1, 1, 0.7853981633974483, 1.4142135623730951
168, 16, 15, 184, 14, 183, 1, 1, 0.7853981633974483, 1.4142135623730951
168, 17, 191, 273, 190, 272, 1, 1, 0.7853981633974483, 1.4142135623730951
168, 20, 81, 362, 79, 363, 2, -1, -0.4636476090008061, 2.23606797749979
168, 21, 287, 334, 285, 334, 2, 0, 0.0, 2.0
168, 22, 165, 247, 162, 248, 3, -1, -0.3217505543966422, 3.1622776601683795
168, 23, 102, 384, 101, 385, 1, -1, -0.7853981633974483, 1.4142135623730951
168, 24, 239, 294, 238, 293, 1, 1, 0.7853981633974483, 1.4142135623730951
168, 25, 338, 342, 336, 343, 2, -1, -0.4636476090008061, 2.23606797749979
168, 26, 90, 169, 88, 168, 2, 1, 0.4636476090008061, 2.23606797749979
168, 27, 183, 311, 180, 312, 3, -1, -0.3217505543966422, 3.1622776601683795
168, 31, 181, 201, 179, 201, 2, 0, 0.0, 2.0
168, 33, 129, 297, 127, 298, 2, -1, -0.4636476090008061, 2.23606797749979
168, 34, 41, 177, 40, 176, 1, 1, 0.7853981633974483, 1.4142135623730951
168, 35, 126, 172, 125, 170, 1, 2, 1.1071487177940904, 2.23606797749979
168, 39, 10, 319, 9, 318, 1, 1, 0.7853981633974483, 1.4142135623730951
168, 41, 259, 270, 258, 269, 1, 1, 0.7853981633974483, 1.4142135623730951
168, 42, 106, 197, 105, 196, 1, 1, 0.7853981633974483, 1.4142135623730951
168, 43, 46, 339, 45, 340, 1, -1, -0.7853981633974483, 1.4142135623730951
168, 46, 164, 177, 163, 176, 1, 1, 0.7853981633974483, 1.4142135623730951
168, 48, 79, 240, 78, 239, 1, 1, 0.7853981633974483, 1.4142135623730951
168, 50, 99, 139, 98, 138, 1, 1, 0.7853981633974483, 1.4142135623730951
168, 52, 245, 342, 241, 344, 4, -2, -0.4636476090008061, 4.47213595499958
168, 55, 109, 341, 108, 342, 1, -1, -0.7853981633974483, 1.4142135623730951
168, 58, 188, 317, 187, 318, 1, -1, -0.7853981633974483, 1.4142135623730951
169, 0, 62, 309, 61, 310, 1, -1, -0.7853981633974483, 1.4142135623730951
169, 4, 185, 210, 183, 209, 2, 1, 0.4636476090008061, 2.23606797749979
169, 7, 110, 250, 109, 249, 1, 1, 0.7853981633974483, 1.4142135623730951
169, 9, 55, 151, 54, 150, 1, 1, 0.7853981633974483, 1.4142135623730951
169, 12, 77, 299, 77, 297, 0, 2, 1.5707963267948966, 2.0
169, 14, 175, 208, 174, 207, 1, 1, 0.7853981633974483, 1.4142135623730951
169, 15, 219, 262, 218, 261, 1, 1, 0.7853981633974483, 1.4142135623730951
169, 17, 193, 274, 191, 273, 2, 1, 0.4636476090008061, 2.23606797749979
169, 21, 289, 333, 287, 334, 2, -1, -0.4636476090008061, 2.23606797749979
169, 23, 103, 383, 102, 384, 1, -1, -0.7853981633974483, 1.4142135623730951
169, 24, 240, 295, 239, 294, 1, 1, 0.7853981633974483, 1.4142135623730951
169, 25, 340, 341, 338, 342, 2, -1, -0.4636476090008061, 2.23606797749979
169, 27, 186, 310, 183, 311, 3, -1, -0.3217505543966422, 3.1622776601683795
169, 31, 182, 202, 181, 201, 1, 1, 0.7853981633974483, 1.4142135623730951
169, 32, 233, 182, 232, 181, 1, 1, 0.7853981633974483, 1.4142135623730951
169, 35, 127, 173, 126, 172, 1, 1, 0.7853981633974483, 1.4142135623730951
169, 38, 19, 131, 18, 130, 1, 1, 0.7853981633974483, 1.4142135623730951
169, 40, 63, 263, 61, 262, 2, 1, 0.4636476090008061, 2.23606797749979
169, 42, 108, 198, 106, 197, 2, 1, 0.4636476090008061, 2.23606797749979
169, 44, 252, 372, 251, 373, 1, -1, -0.7853981633974483, 1.4142135623730951
169, 50, 100, 140, 99, 139, 1, 1, 0.7853981633974483, 1.4142135623730951
169, 51, 166, 272, 165, 273, 1, -1, -0.7853981633974483, 1.4142135623730951
169, 55, 110, 340, 109, 341, 1, -1, -0.7853981633974483, 1.4142135623730951
169, 57, 125, 295, 123, 295, 2, 0, 0.0, 2.0
169, 58, 189, 315, 188, 317, 1, -2, -1.1071487177940904, 2.23606797749979
170, 0, 137, 131, 136, 130, 1, 1, 0.7853981633974483, 1.4142135623730951
170, 5, 5, 262, 4, 261, 1, 1, 0.7853981633974483, 1.4142135623730951
170, 6, 339, 346, 337, 346, 2, 0, 0.0, 2.0
170, 7, 73, 243, 72, 242, 1, 1, 0.7853981633974483, 1.4142135623730951
170, 11, 176, 253, 174, 252, 2, 1, 0.4636476090008061, 2.23606797749979
170, 14, 166, 249, 165, 248, 1, 1, 0.7853981633974483, 1.4142135623730951
170, 17, 112, 203, 111, 202, 1, 1, 0.7853981633974483, 1.4142135623730951
170, 18, 115, 347, 114, 348, 1, -1, -0.7853981633974483, 1.4142135623730951
170, 20, 49, 343, 47, 343, 2, 0, 0.0, 2.0
170, 21, 88, 171, 87, 170, 1, 1, 0.7853981633974483, 1.4142135623730951
170, 25, 252, 374, 251, 375, 1, -1, -0.7853981633974483, 1.4142135623730951
170, 26, 286, 335, 284, 336, 2, -1, -0.4636476090008061, 2.23606797749979
170, 28, 77, 299, 75, 299, 2, 0, 0.0, 2.0
170, 31, 192, 373, 191, 374, 1, -1, -0.7853981633974483, 1.4142135623730951
170, 33, 41, 177, 40, 178, 1, -1, -0.7853981633974483, 1.4142135623730951
170, 39, 6, 210, 5, 209, 1, 1, 0.7853981633974483, 1.4142135623730951
170, 41, 103, 387, 101, 388, 2, -1, -0.4636476090008061, 2.23606797749979
170, 42, 125, 298, 123, 298, 2, 0, 0.0, 2.0
170, 43, 41, 397, 40, 398, 1, -1, -0.7853981633974483, 1.4142135623730951
170, 46, 232, 183, 232, 181, 0, 2, 1.5707963267948966, 2.0
170, 47, 93, 276, 92, 275, 1, 1, 0.7853981633974483, 1.4142135623730951
170, 55, 152, 394, 150, 395, 2, -1, -0.4636476090008061, 2.23606797749979
170, 57, 219, 212, 218, 211, 1, 1, 0.7853981633974483, 1.4142135623730951
170, 61, 108, 383, 107, 384, 1, -1, -0.7853981633974483, 1.4142135623730951
170, 62, 61, 186, 59, 186, 2, 0, 0.0, 2.0
170, 67, 148, 138, 147, 139, 1, -1, -0.7853981633974483, 1.4142135623730951
170, 68, 237, 243, 236, 242, 1, 1, 0.7853981633974483, 1.4142135623730951
170, 72, 235, 289, 234, 288, 1, 1, 0.7853981633974483, 1.4142135623730951
170, 74, 17, 260, 15, 260, 2, 0, 0.0, 2.0
171, 1, 70, 199, 69, 198, 1, 1, 0.7853981633974483, 1.4142135623730951
171, 2, 133, 276, 132, 277, 1, -1, -0.7853981633974483, 1.4142135623730951
171, 6, 342, 346, 339, 346, 3, 0, 0.0, 3.0
171, 13, 18, 186, 17, 185, 1, 1, 0.7853981633974483, 1.4142135623730951
171, 17, 113, 204, 112, 203, 1, 1, 0.7853981633974483, 1.4142135623730951
171, 19, 324, 323, 323, 324, 1, -1, -0.7853981633974483, 1.4142135623730951
171, 20, 51, 342, 49, 343, 2, -1, -0.4636476090008061, 2.23606797749979
171, 21, 89, 172, 88, 171, 1, 1, 0.7853981633974483, 1.4142135623730951
171, 22, 220, 263, 219, 262, 1, 1, 0.7853981633974483, 1.4142135623730951
171, 25, 253, 373, 252, 374, 1, -1, -0.7853981633974483, 1.4142135623730951
171, 26, 288, 334, 286, 335, 2, -1, -0.4636476090008061, 2.23606797749979
171, 27, 227, 264, 226, 263, 1, 1, 0.7853981633974483, 1.4142135623730951
171, 30, 13, 319, 11, 320, 2, -1, -0.4636476090008061, 2.23606797749979
171, 31, 193, 372, 192, 373, 1, -1, -0.7853981633974483, 1.4142135623730951
171, 35, 305, 308, 304, 307, 1, 1, 0.7853981633974483, 1.4142135623730951
171, 37, 86, 359, 81, 361, 5, -2, -0.3805063771123649, 5.385164807134504
171, 38, 60, 265, 59, 264, 1, 1, 0.7853981633974483, 1.4142135623730951
171, 40, 101, 140, 100, 139, 1, 1, 0.7853981633974483, 1.4142135623730951
171, 41, 104, 386, 103, 387, 1, -1, -0.7853981633974483, 1.4142135623730951
171, 43, 43, 397, 41, 397, 2, 0, 0.0, 2.0
171, 44, 276, 316, 276, 318, 0, -2, -1.5707963267948966, 2.0
171, 45, 233, 184, 232, 183, 1, 1, 0.7853981633974483, 1.4142135623730951
171, 52, 142, 242, 141, 241, 1, 1, 0.7853981633974483, 1.4142135623730951
171, 57, 185, 314, 182, 315, 3, -1, -0.3217505543966422, 3.1622776601683795
171, 60, 109, 382, 108, 383, 1, -1, -0.7853981633974483, 1.4142135623730951
171, 65, 36, 292, 34, 293, 2, -1, -0.4636476090008061, 2.23606797749979
171, 66, 239, 244, 237, 243, 2, 1, 0.4636476090008061, 2.23606797749979
171, 67, 32, 238, 27, 237, 5, 1, 0.19739555984988075, 5.0990195135927845
171, 70, 236, 290, 235, 289, 1, 1, 0.7853981633974483, 1.4142135623730951
171, 74, 73, 133, 72, 132, 1, 1, 0.7853981633974483, 1.4142135623730951
172, 6, 344, 346, 342, 346, 2, 0, 0.0, 2.0
172, 7, 75, 244, 74, 243, 1, 1, 0.7853981633974483, 1.4142135623730951
172, 8, 145, 210, 144, 209, 1, 1, 0.7853981633974483, 1.4142135623730951
172, 9, 113, 252, 112, 251, 1, 1, 0.7853981633974483, 1.4142135623730951
172, 11, 179, 253, 177, 253, 2, 0, 0.0, 2.0
172, 12, 185, 215, 184, 214, 1, 1, 0.7853981633974483, 1.4142135623730951
172, 13, 19, 187, 18, 186, 1, 1, 0.7853981633974483, 1.4142135623730951
172, 14, 168, 250, 167, 249, 1, 1, 0.7853981633974483, 1.4142135623730951
172, 17, 114, 205, 113, 204, 1, 1, 0.7853981633974483, 1.4142135623730951
172, 19, 325, 322, 324, 323, 1, -1, -0.7853981633974483, 1.4142135623730951
172, 21, 91, 173, 89, 172, 2, 1, 0.4636476090008061, 2.23606797749979
172, 24, 40, 367, 39, 368, 1, -1, -0.7853981633974483, 1.4142135623730951
172, 25, 255, 373, 253, 373, 2, 0, 0.0, 2.0
172, 26, 291, 335, 288, 334, 3, 1, 0.3217505543966422, 3.1622776601683795
172, 30, 15, 320, 13, 319, 2, 1, 0.4636476090008061, 2.23606797749979
172, 31, 195, 372, 193, 372, 2, 0, 0.0, 2.0
172, 41, 105, 385, 104, 386, 1, -1, -0.7853981633974483, 1.4142135623730951
172, 43, 45, 396, 43, 397, 2, -1, -0.4636476090008061, 2.23606797749979
172, 44, 278, 316, 276, 316, 2, 0, 0.0, 2.0
172, 46, 95, 277, 94, 276, 1, 1, 0.7853981633974483, 1.4142135623730951
172, 59, 110, 381, 109, 382, 1, -1, -0.7853981633974483, 1.4142135623730951
172, 68, 60, 386, 58, 388, 2, -2, -0.7853981633974483, 2.8284271247461903
172, 71, 256, 350, 254, 350, 2, 0, 0.0, 2.0
173, 0, 139, 133, 138, 132, 1, 1, 0.7853981633974483, 1.4142135623730951
173, 1, 72, 200, 71, 199, 1, 1, 0.7853981633974483, 1.4142135623730951
173, 3, 109, 276, 108, 275, 1, 1, 0.7853981633974483, 1.4142135623730951
173, 4, 65, 310, 64, 311, 1, -1, -0.7853981633974483, 1.4142135623730951
173, 5, 9, 263, 7, 262, 2, 1, 0.4636476090008061, 2.23606797749979
173, 6, 347, 345, 344, 346, 3, -1, -0.3217505543966422, 3.1622776601683795
173, 8, 146, 211, 145, 210, 1, 1, 0.7853981633974483, 1.4142135623730951
173, 10, 57, 153, 56, 152, 1, 1, 0.7853981633974483, 1.4142135623730951
173, 13, 20, 188, 19, 187, 1, 1, 0.7853981633974483, 1.4142135623730951
173, 14, 169, 251, 168, 250, 1, 1, 0.7853981633974483, 1.4142135623730951
173, 15, 176, 212, 175, 211, 1, 1, 0.7853981633974483, 1.4142135623730951
173, 21, 92, 174, 91, 173, 1, 1, 0.7853981633974483, 1.4142135623730951
173, 22, 222, 264, 221, 263, 1, 1, 0.7853981633974483, 1.4142135623730951
173, 25, 257, 372, 255, 373, 2, -1, -0.4636476090008061, 2.23606797749979
173, 26, 292, 336, 291, 335, 1, 1, 0.7853981633974483, 1.4142135623730951
173, 27, 228, 265, 227, 264, 1, 1, 0.7853981633974483, 1.4142135623730951
173, 28, 81, 299, 79, 299, 2, 0, 0.0, 2.0
173, 29, 78, 291, 77, 290, 1, 1, 0.7853981633974483, 1.4142135623730951
173, 31, 197, 371, 195, 372, 2, -1, -0.4636476090008061, 2.23606797749979
173, 33, 43, 179, 42, 178, 1, 1, 0.7853981633974483, 1.4142135623730951
173, 34, 129, 174, 128, 173, 1, 1, 0.7853981633974483, 1.4142135623730951
173, 35, 306, 310, 305, 308, 1, 2, 1.1071487177940904, 2.23606797749979
173, 36, 322, 332, 320, 332, 2, 0, 0.0, 2.0
173, 39, 8, 212, 7, 211, 1, 1, 0.7853981633974483, 1.4142135623730951
173, 41, 107, 385, 105, 385, 2, 0, 0.0, 2.0
173, 43, 48, 395, 45, 396, 3, -1, -0.3217505543966422, 3.1622776601683795
173, 46, 97, 278, 95, 277, 2, 1, 0.4636476090008061, 2.23606797749979
173, 47, 247, 295, 245, 295, 2, 0, 0.0, 2.0
173, 49, 18, 206, 17, 205, 1, 1, 0.7853981633974483, 1.4142135623730951
173, 51, 145, 241, 143, 242, 2, -1, -0.4636476090008061, 2.23606797749979
173, 54, 175, 271, 173, 272, 2, -1, -0.4636476090008061, 2.23606797749979
173, 56, 188, 315, 186, 314, 2, 1, 0.4636476090008061, 2.23606797749979
173, 58, 247, 318, 246, 319, 1, -1, -0.7853981633974483, 1.4142135623730951
173, 59, 111, 380, 110, 381, 1, -1, -0.7853981633974483, 1.4142135623730951
173, 61, 96, 224, 95, 223, 1, 1, 0.7853981633974483, 1.4142135623730951
173, 62, 18, 351, 16, 352, 2, -1, -0.4636476090008061, 2.23606797749979
173, 65, 241, 245, 239, 244, 2, 1, 0.4636476090008061, 2.23606797749979
173, 68, 61, 387, 60, 386, 1, 1, 0.7853981633974483, 1.4142135623730951
173, 69, 238, 291, 237, 290, 1, 1, 0.7853981633974483, 1.4142135623730951
173, 72, 75, 134, 74, 133, 1, 1, 0.7853981633974483, 1.4142135623730951
174, 6, 349, 343, 347, 345, 2, -2, -0.7853981633974483, 2.8284271247461903
174, 7, 78, 245, 76, 244, 2, 1, 0.4636476090008061, 2.23606797749979
174, 8, 147, 212, 146, 211, 1, 1, 0.7853981633974483, 1.4142135623730951
174, 9, 115, 253, 114, 252, 1, 1, 0.7853981633974483, 1.4142135623730951
174, 10, 58, 154, 57, 153, 1, 1, 0.7853981633974483, 1.4142135623730951
174, 13, 21, 189, 20, 188, 1, 1, 0.7853981633974483, 1.4142135623730951
174, 16, 115, 339, 113, 340, 2, -1, -0.4636476090008061, 2.23606797749979
174, 17, 117, 206, 115, 205, 2, 1, 0.4636476090008061, 2.23606797749979
174, 18, 120, 346, 118, 347, 2, -1, -0.4636476090008061, 2.23606797749979
174, 20, 54, 341, 53, 342, 1, -1, -0.7853981633974483, 1.4142135623730951
174, 21, 93, 175, 92, 174, 1, 1, 0.7853981633974483, 1.4142135623730951
174, 22, 223, 265, 222, 264, 1, 1, 0.7853981633974483, 1.4142135623730951
174, 23, 115, 195, 114, 194, 1, 1, 0.7853981633974483, 1.4142135623730951
174, 24, 42, 366, 41, 367, 1, -1, -0.7853981633974483, 1.4142135623730951
174, 25, 259, 371, 257, 372, 2, -1, -0.4636476090008061, 2.23606797749979
174, 26, 294, 337, 292, 336, 2, 1, 0.4636476090008061, 2.23606797749979
174, 27, 229, 266, 228, 265, 1, 1, 0.7853981633974483, 1.4142135623730951
174, 28, 83, 299, 81, 299, 2, 0, 0.0, 2.0
174, 29, 80, 291, 78, 291, 2, 0, 0.0, 2.0
174, 30, 17, 321, 16, 320, 1, 1, 0.7853981633974483, 1.4142135623730951
174, 31, 198, 370, 197, 371, 1, -1, -0.7853981633974483, 1.4142135623730951
174, 34, 130, 175, 129, 174, 1, 1, 0.7853981633974483, 1.4142135623730951
174, 35, 307, 311, 306, 310, 1, 1, 0.7853981633974483, 1.4142135623730951
174, 36, 323, 331, 322, 332, 1, -1, -0.7853981633974483, 1.4142135623730951
174, 37, 89, 358, 88, 359, 1, -1, -0.7853981633974483, 1.4142135623730951
174, 38, 64, 266, 62, 265, 2, 1, 0.4636476090008061, 2.23606797749979
174, 41, 109, 384, 107, 385, 2, -1, -0.4636476090008061, 2.23606797749979
174, 43, 50, 394, 48, 395, 2, -1, -0.4636476090008061, 2.23606797749979
174, 44, 280, 315, 279, 316, 1, -1, -0.7853981633974483, 1.4142135623730951
174, 45, 235, 185, 234, 184, 1, 1, 0.7853981633974483, 1.4142135623730951
174, 46, 98, 279, 97, 278, 1, 1, 0.7853981633974483, 1.4142135623730951
174, 47, 248, 294, 247, 295, 1, -1, -0.7853981633974483, 1.4142135623730951
174, 49, 20, 207, 18, 206, 2, 1, 0.4636476090008061, 2.23606797749979
174, 51, 147, 241, 145, 241, 2, 0, 0.0, 2.0
174, 52, 198, 273, 197, 272, 1, 1, 0.7853981633974483, 1.4142135623730951
174, 53, 156, 393, 155, 394, 1, -1, -0.7853981633974483, 1.4142135623730951
174, 54, 177, 271, 175, 271, 2, 0, 0.0, 2.0
174, 55, 223, 213, 221, 212, 2, 1, 0.4636476090008061, 2.23606797749979
174, 56, 189, 317, 188, 315, 1, 2, 1.1071487177940904, 2.23606797749979
174, 58, 250, 317, 247, 318, 3, -1, -0.3217505543966422, 3.1622776601683795
174, 59, 112, 379, 111, 380, 1, -1, -0.7853981633974483, 1.4142135623730951
174, 62, 20, 351, 18, 351, 2, 0, 0.0, 2.0
174, 64, 40, 292, 38, 292, 2, 0, 0.0, 2.0
174, 67, 101, 219, 100, 218, 1, 1, 0.7853981633974483, 1.4142135623730951
174, 70, 21, 261, 19, 261, 2, 0, 0.0, 2.0
175, 1, 140, 135, 139, 134, 1, 1, 0.7853981633974483, 1.4142135623730951
175, 4, 112, 275, 110, 275, 2, 0, 0.0, 2.0
175, 7, 181, 253, 179, 253, 2, 0, 0.0, 2.0
175, 11, 24, 261, 22, 262, 2, -1, -0.4636476090008061, 2.23606797749979
175, 12, 148, 213, 147, 212, 1, 1, 0.7853981633974483, 1.4142135623730951
175, 15, 84, 248, 83, 247, 1, 1, 0.7853981633974483, 1.4142135623730951
175, 16, 233, 189, 231, 187, 2, 2, 0.7853981633974483, 2.8284271247461903
175, 17, 81, 290, 78, 290, 3, 0, 0.0, 3.0
175, 18, 23, 190, 19, 188, 4, 2, 0.4636476090008061, 4.47213595499958
175, 19, 178, 212, 177, 211, 1, 1, 0.7853981633974483, 1.4142135623730951
175, 20, 53, 342, 52, 343, 1, -1, -0.7853981633974483, 1.4142135623730951
175, 21, 46, 368, 42, 369, 4, -1, -0.24497866312686414, 4.123105625617661
175, 22, 116, 340, 114, 341, 2, -1, -0.4636476090008061, 2.23606797749979
175, 24, 133, 178, 130, 176, 3, 2, 0.5880026035475675, 3.605551275463989
175, 25, 120, 347, 119, 348, 1, -1, -0.7853981633974483, 1.4142135623730951
175, 26, 117, 196, 115, 195, 2, 1, 0.4636476090008061, 2.23606797749979
175, 27, 108, 385, 106, 386, 2, -1, -0.4636476090008061, 2.23606797749979
175, 28, 124, 251, 123, 252, 1, -1, -0.7853981633974483, 1.4142135623730951
175, 29, 150, 240, 149, 239, 1, 1, 0.7853981633974483, 1.4142135623730951
175, 30, 48, 397, 46, 398, 2, -1, -0.4636476090008061, 2.23606797749979
175, 32, 119, 143, 117, 141, 2, 2, 0.7853981633974483, 2.8284271247461903
175, 33, 178, 273, 175, 272, 3, 1, 0.3217505543966422, 3.1622776601683795
175, 34, 157, 213, 156, 212, 1, 1, 0.7853981633974483, 1.4142135623730951
175, 35, 173, 253, 172, 252, 1, 1, 0.7853981633974483, 1.4142135623730951
175, 36, 55, 160, 53, 159, 2, 1, 0.4636476090008061, 2.23606797749979
175, 37, 345, 343, 343, 344, 2, -1, -0.4636476090008061, 2.23606797749979
175, 43, 84, 300, 82, 300, 2, 0, 0.0, 2.0
175, 44, 46, 182, 44, 180, 2, 2, 0.7853981633974483, 2.8284271247461903
175, 47, 255, 373, 254, 374, 1, -1, -0.7853981633974483, 1.4142135623730951
175, 48, 251, 319, 248, 319, 3, 0, 0.0, 3.0
175, 49, 199, 315, 196, 315, 3, 0, 0.0, 3.0
175, 50, 10, 215, 9, 213, 1, 2, 1.1071487177940904, 2.23606797749979
175, 51, 281, 317, 279, 318, 2, -1, -0.4636476090008061, 2.23606797749979
175, 53, 164, 382, 162, 383, 2, -1, -0.4636476090008061, 2.23606797749979
175, 54, 295, 341, 293, 342, 2, -1, -0.4636476090008061, 2.23606797749979
175, 58, 89, 364, 87, 365, 2, -1, -0.4636476090008061, 2.23606797749979
175, 62, 200, 372, 199, 373, 1, -1, -0.7853981633974483, 1.4142135623730951
175, 65, 45, 240, 44, 239, 1, 1, 0.7853981633974483, 1.4142135623730951
175, 66, 262, 340, 259, 342, 3, -2, -0.5880026035475675, 3.605551275463989
175, 67, 324, 331, 322, 332, 2, -1, -0.4636476090008061, 2.23606797749979
175, 68, 307, 313, 306, 311, 1, 2, 1.1071487177940904, 2.23606797749979
175, 69, 31, 240, 30, 239, 1, 1, 0.7853981633974483, 1.4142135623730951
175, 73, 167, 177, 163, 176, 4, 1, 0.24497866312686414, 4.123105625617661
175, 74, 241, 289, 239, 289, 2, 0, 0.0, 2.0
175, 77, 224, 216, 221, 214, 3, 2, 0.5880026035475675, 3.605551275463989
175, 78, 5, 360, 4, 361, 1, -1, -0.7853981633974483, 1.4142135623730951
175, 80, 264, 278, 263, 277, 1, 1, 0.7853981633974483, 1.4142135623730951
176, 1, 141, 136, 140, 135, 1, 1, 0.7853981633974483, 1.4142135623730951
176, 5, 227, 268, 226, 267, 1, 1, 0.7853981633974483, 1.4142135623730951
176, 6, 78, 246, 77, 245, 1, 1, 0.7853981633974483, 1.4142135623730951
176, 15, 86, 248, 84, 248, 2, 0, 0.0, 2.0
176, 16, 236, 190, 233, 189, 3, 1, 0.3217505543966422, 3.1622776601683795
176, 17, 83, 290, 81, 290, 2, 0, 0.0, 2.0
176, 18, 24, 191, 23, 190, 1, 1, 0.7853981633974483, 1.4142135623730951
176, 20, 55, 341, 53, 342, 2, -1, -0.4636476090008061, 2.23606797749979
176, 22, 119, 339, 116, 340, 3, -1, -0.3217505543966422, 3.1622776601683795
176, 23, 119, 206, 117, 205, 2, 1, 0.4636476090008061, 2.23606797749979
176, 25, 121, 346, 120, 347, 1, -1, -0.7853981633974483, 1.4142135623730951
176, 26, 119, 197, 117, 196, 2, 1, 0.4636476090008061, 2.23606797749979
176, 27, 109, 384, 108, 385, 1, -1, -0.7853981633974483, 1.4142135623730951
176, 28, 125, 252, 124, 251, 1, 1, 0.7853981633974483, 1.4142135623730951
176, 29, 151, 241, 150, 240, 1, 1, 0.7853981633974483, 1.4142135623730951
176, 30, 50, 396, 48, 397, 2, -1, -0.4636476090008061, 2.23606797749979
176, 31, 19, 322, 17, 322, 2, 0, 0.0, 2.0
176, 32, 120, 144, 119, 143, 1, 1, 0.7853981633974483, 1.4142135623730951
176, 33, 182, 274, 178, 273, 4, 1, 0.24497866312686414, 4.123105625617661
176, 34, 158, 214, 157, 213, 1, 1, 0.7853981633974483, 1.4142135623730951
176, 35, 174, 254, 173, 253, 1, 1, 0.7853981633974483, 1.4142135623730951
176, 36, 57, 160, 55, 160, 2, 0, 0.0, 2.0
176, 37, 347, 341, 345, 343, 2, -2, -0.7853981633974483, 2.8284271247461903
176, 38, 157, 393, 155, 394, 2, -1, -0.4636476090008061, 2.23606797749979
176, 41, 94, 174, 93, 173, 1, 1, 0.7853981633974483, 1.4142135623730951
176, 42, 225, 357, 223, 358, 2, -1, -0.4636476090008061, 2.23606797749979
176, 46, 198, 276, 197, 275, 1, 1, 0.7853981633974483, 1.4142135623730951
176, 47, 258, 372, 255, 373, 3, -1, -0.3217505543966422, 3.1622776601683795
176, 48, 255, 319, 251, 319, 4, 0, 0.0, 4.0
176, 49, 203, 314, 199, 315, 4, -1, -0.24497866312686414, 4.123105625617661
176, 53, 167, 381, 164, 382, 3, -1, -0.3217505543966422, 3.1622776601683795
176, 54, 296, 340, 295, 341, 1, -1, -0.7853981633974483, 1.4142135623730951
176, 56, 170, 280, 169, 279, 1, 1, 0.7853981633974483, 1.4142135623730951
176, 57, 22, 386, 24, 385, -2, 1, 2.677945044588987, 2.23606797749979
176, 58, 90, 363, 89, 364, 1, -1, -0.7853981633974483, 1.4142135623730951
176, 59, 7, 161, 6, 160, 1, 1, 0.7853981633974483, 1.4142135623730951
176, 62, 201, 371, 200, 372, 1, -1, -0.7853981633974483, 1.4142135623730951
176, 65, 46, 241, 45, 240, 1, 1, 0.7853981633974483, 1.4142135623730951
176, 66, 266, 338, 262, 340, 4, -2, -0.4636476090008061, 4.47213595499958
176, 67, 325, 330, 324, 331, 1, -1, -0.7853981633974483, 1.4142135623730951
176, 71, 295, 360, 294, 361, 1, -1, -0.7853981633974483, 1.4142135623730951
176, 73, 168, 178, 167, 177, 1, 1, 0.7853981633974483, 1.4142135623730951
176, 74, 242, 290, 241, 289, 1, 1, 0.7853981633974483, 1.4142135623730951
176, 76, 115, 383, 114, 384, 1, -1, -0.7853981633974483, 1.4142135623730951
176, 78, 7, 359, 5, 360, 2, -1, -0.4636476090008061, 2.23606797749979
176, 79, 17, 354, 15, 355, 2, -1, -0.4636476090008061, 2.23606797749979
176, 80, 266, 279, 264, 278, 2, 1, 0.4636476090008061, 2.23606797749979
177, 5, 228, 269, 227, 268, 1, 1, 0.7853981633974483, 1.4142135623730951
177, 12, 150, 214, 149, 213, 1, 1, 0.7853981633974483, 1.4142135623730951
177, 14, 11, 264, 10, 263, 1, 1, 0.7853981633974483, 1.4142135623730951
177, 16, 238, 191, 236, 190, 2, 1, 0.4636476090008061, 2.23606797749979
177, 17, 86, 290, 83, 290, 3, 0, 0.0, 3.0
177, 20, 57, 340, 55, 341, 2, -1, -0.4636476090008061, 2.23606797749979
177, 22, 121, 338, 119, 339, 2, -1, -0.4636476090008061, 2.23606797749979
177, 25, 122, 345, 121, 346, 1, -1, -0.7853981633974483, 1.4142135623730951
177, 26, 121, 198, 119, 197, 2, 1, 0.4636476090008061, 2.23606797749979
177, 27, 110, 383, 109, 384, 1, -1, -0.7853981633974483, 1.4142135623730951
177, 28, 126, 251, 125, 252, 1, -1, -0.7853981633974483, 1.4142135623730951
177, 29, 153, 243, 151, 241, 2, 2, 0.7853981633974483, 2.8284271247461903
177, 30, 52, 395, 50, 396, 2, -1, -0.4636476090008061, 2.23606797749979
177, 31, 20, 323, 19, 322, 1, 1, 0.7853981633974483, 1.4142135623730951
177, 32, 121, 146, 120, 144, 1, 2, 1.1071487177940904, 2.23606797749979
177, 33, 185, 275, 182, 274, 3, 1, 0.3217505543966422, 3.1622776601683795
177, 35, 176, 255, 174, 254, 2, 1, 0.4636476090008061, 2.23606797749979
177, 37, 350, 340, 347, 341, 3, -1, -0.3217505543966422, 3.1622776601683795
177, 38, 158, 392, 157, 393, 1, -1, -0.7853981633974483, 1.4142135623730951
177, 39, 213, 332, 212, 333, 1, -1, -0.7853981633974483, 1.4142135623730951
177, 40, 67, 267, 66, 266, 1, 1, 0.7853981633974483, 1.4142135623730951
177, 41, 95, 175, 94, 174, 1, 1, 0.7853981633974483, 1.4142135623730951
177, 42, 226, 356, 225, 357, 1, -1, -0.7853981633974483, 1.4142135623730951
177, 43, 86, 299, 85, 300, 1, -1, -0.7853981633974483, 1.4142135623730951
177, 46, 200, 276, 198, 276, 2, 0, 0.0, 2.0
177, 47, 260, 371, 258, 372, 2, -1, -0.4636476090008061, 2.23606797749979
177, 48, 259, 319, 255, 319, 4, 0, 0.0, 4.0
177, 49, 205, 314, 203, 314, 2, 0, 0.0, 2.0
177, 50, 13, 216, 11, 215, 2, 1, 0.4636476090008061, 2.23606797749979
177, 51, 283, 318, 282, 317, 1, 1, 0.7853981633974483, 1.4142135623730951
177, 53, 171, 380, 167, 381, 4, -1, -0.24497866312686414, 4.123105625617661
177, 58, 92, 362, 90, 363, 2, -1, -0.4636476090008061, 2.23606797749979
177, 62, 202, 370, 201, 371, 1, -1, -0.7853981633974483, 1.4142135623730951
177, 66, 271, 336, 266, 338, 5, -2, -0.3805063771123649, 5.385164807134504
177, 70, 249, 326, 248, 327, 1, -1, -0.7853981633974483, 1.4142135623730951
177, 71, 297, 359, 295, 360, 2, -1, -0.4636476090008061, 2.23606797749979
177, 72, 41, 124, 40, 123, 1, 1, 0.7853981633974483, 1.4142135623730951
177, 78, 9, 358, 7, 359, 2, -1, -0.4636476090008061, 2.23606797749979
177, 82, 191, 323, 190, 324, 1, -1, -0.7853981633974483, 1.4142135623730951
177, 83, 72, 136, 71, 135, 1, 1, 0.7853981633974483, 1.4142135623730951
178, 5, 229, 270, 228, 269, 1, 1, 0.7853981633974483, 1.4142135623730951
178, 7, 184, 252, 183, 253, 1, -1, -0.7853981633974483, 1.4142135623730951
178, 8, 63, 155, 62, 154, 1, 1, 0.7853981633974483, 1.4142135623730951
178, 15, 239, 192, 238, 191, 1, 1, 0.7853981633974483, 1.4142135623730951
178, 16, 89, 290, 86, 290, 3, 0, 0.0, 3.0
178, 17, 25, 192, 24, 191, 1, 1, 0.7853981633974483, 1.4142135623730951
178, 18, 180, 214, 179, 213, 1, 1, 0.7853981633974483, 1.4142135623730951
178, 21, 124, 337, 121, 338, 3, -1, -0.3217505543966422, 3.1622776601683795
178, 22, 121, 205, 120, 206, 1, -1, -0.7853981633974483, 1.4142135623730951
178, 23, 135, 180, 134, 179, 1, 1, 0.7853981633974483, 1.4142135623730951
178, 24, 123, 344, 122, 345, 1, -1, -0.7853981633974483, 1.4142135623730951
178, 25, 123, 199, 121, 198, 2, 1, 0.4636476090008061, 2.23606797749979
178, 26, 113, 381, 110, 383, 3, -2, -0.5880026035475675, 3.605551275463989
178, 28, 154, 244, 153, 243, 1, 1, 0.7853981633974483, 1.4142135623730951
178, 29, 54, 394, 52, 395, 2, -1, -0.4636476090008061, 2.23606797749979
178, 30, 22, 323, 20, 323, 2, 0, 0.0, 2.0
178, 32, 187, 276, 185, 275, 2, 1, 0.4636476090008061, 2.23606797749979
178, 35, 60, 161, 58, 160, 2, 1, 0.4636476090008061, 2.23606797749979
178, 36, 352, 339, 350, 340, 2, -1, -0.4636476090008061, 2.23606797749979
178, 37, 160, 391, 158, 392, 2, -1, -0.4636476090008061, 2.23606797749979
178, 39, 71, 267, 67, 267, 4, 0, 0.0, 4.0
178, 40, 96, 176, 95, 175, 1, 1, 0.7853981633974483, 1.4142135623730951
178, 41, 227, 355, 226, 356, 1, -1, -0.7853981633974483, 1.4142135623730951
178, 42, 87, 298, 86, 299, 1, -1, -0.7853981633974483, 1.4142135623730951
178, 44, 45, 270, 42, 271, 3, -1, -0.3217505543966422, 3.1622776601683795
178, 45, 202, 277, 200, 276, 2, 1, 0.4636476090008061, 2.23606797749979
178, 46, 262, 370, 260, 371, 2, -1, -0.4636476090008061, 2.23606797749979
178, 47, 262, 319, 259, 319, 3, 0, 0.0, 3.0
178, 48, 207, 315, 205, 314, 2, 1, 0.4636476090008061, 2.23606797749979
178, 50, 285, 319, 283, 318, 2, 1, 0.4636476090008061, 2.23606797749979
178, 51, 330, 324, 328, 325, 2, -1, -0.4636476090008061, 2.23606797749979
178, 52, 173, 379, 171, 380, 2, -1, -0.4636476090008061, 2.23606797749979
178, 53, 298, 339, 297, 340, 1, -1, -0.7853981633974483, 1.4142135623730951
178, 56, 23, 384, 22, 385, 1, -1, -0.7853981633974483, 1.4142135623730951
178, 57, 93, 361, 92, 362, 1, -1, -0.7853981633974483, 1.4142135623730951
178, 58, 11, 163, 8, 161, 3, 2, 0.5880026035475675, 3.605551275463989
178, 61, 203, 369, 202, 370, 1, -1, -0.7853981633974483, 1.4142135623730951
178, 62, 100, 226, 99, 225, 1, 1, 0.7853981633974483, 1.4142135623730951
178, 65, 275, 335, 271, 336, 4, -1, -0.24497866312686414, 4.123105625617661
178, 67, 306, 315, 307, 314, -1, 1, 2.356194490192345, 1.4142135623730951
178, 68, 35, 240, 33, 240, 2, 0, 0.0, 2.0
178, 70, 298, 358, 297, 359, 1, -1, -0.7853981633974483, 1.4142135623730951
178, 73, 244, 291, 243, 290, 1, 1, 0.7853981633974483, 1.4142135623730951
178, 74, 171, 308, 169, 309, 2, -1, -0.4636476090008061, 2.23606797749979
178, 75, 116, 381, 115, 382, 1, -1, -0.7853981633974483, 1.4142135623730951
178, 77, 10, 357, 9, 358, 1, -1, -0.7853981633974483, 1.4142135623730951
178, 78, 18, 351, 17, 353, 1, -2, -1.1071487177940904, 2.23606797749979
178, 79, 268, 280, 266, 279, 2, 1, 0.4636476090008061, 2.23606797749979
178, 80, 235, 351, 236, 350, -1, 1, 2.356194490192345, 1.4142135623730951
179, 0, 139, 280, 137, 279, 2, 1, 0.4636476090008061, 2.23606797749979
179, 2, 75, 203, 74, 202, 1, 1, 0.7853981633974483, 1.4142135623730951
179, 6, 81, 247, 80, 246, 1, 1, 0.7853981633974483, 1.4142135623730951
179, 8, 65, 155, 63, 155, 2, 0, 0.0, 2.0
179, 9, 190, 217, 189, 216, 1, 1, 0.7853981633974483, 1.4142135623730951
179, 10, 119, 254, 118, 253, 1, 1, 0.7853981633974483, 1.4142135623730951
179, 11, 151, 216, 150, 215, 1, 1, 0.7853981633974483, 1.4142135623730951
179, 13, 13, 265, 12, 264, 1, 1, 0.7853981633974483, 1.4142135623730951
179, 14, 89, 249, 88, 248, 1, 1, 0.7853981633974483, 1.4142135623730951
179, 16, 91, 291, 89, 290, 2, 1, 0.4636476090008061, 2.23606797749979
179, 17, 26, 193, 25, 192, 1, 1, 0.7853981633974483, 1.4142135623730951
179, 19, 60, 340, 58, 340, 2, 0, 0.0, 2.0
179, 20, 51, 368, 49, 368, 2, 0, 0.0, 2.0
179, 21, 126, 337, 124, 337, 2, 0, 0.0, 2.0
179, 25, 126, 201, 123, 199, 3, 2, 0.5880026035475675, 3.605551275463989
179, 26, 114, 380, 113, 381, 1, -1, -0.7853981633974483, 1.4142135623730951
179, 32, 188, 277, 187, 276, 1, 1, 0.7853981633974483, 1.4142135623730951
179, 34, 179, 256, 177, 255, 2, 1, 0.4636476090008061, 2.23606797749979
179, 35, 62, 161, 60, 161, 2, 0, 0.0, 2.0
179, 36, 353, 337, 352, 339, 1, -2, -1.1071487177940904, 2.23606797749979
179, 37, 162, 390, 160, 391, 2, -1, -0.4636476090008061, 2.23606797749979
179, 38, 214, 330, 213, 331, 1, -1, -0.7853981633974483, 1.4142135623730951
179, 39, 73, 267, 71, 267, 2, 0, 0.0, 2.0
179, 40, 97, 177, 96, 176, 1, 1, 0.7853981633974483, 1.4142135623730951
179, 41, 228, 354, 227, 355, 1, -1, -0.7853981633974483, 1.4142135623730951
179, 42, 88, 297, 87, 298, 1, -1, -0.7853981633974483, 1.4142135623730951
179, 43, 49, 183, 48, 182, 1, 1, 0.7853981633974483, 1.4142135623730951
179, 45, 204, 277, 202, 277, 2, 0, 0.0, 2.0
179, 46, 265, 369, 262, 370, 3, -1, -0.3217505543966422, 3.1622776601683795
179, 47, 263, 320, 262, 319, 1, 1, 0.7853981633974483, 1.4142135623730951
179, 52, 175, 379, 173, 379, 2, 0, 0.0, 2.0
179, 53, 300, 338, 298, 339, 2, -1, -0.4636476090008061, 2.23606797749979
179, 56, 24, 383, 23, 384, 1, -1, -0.7853981633974483, 1.4142135623730951
179, 57, 95, 361, 93, 361, 2, 0, 0.0, 2.0
179, 61, 204, 368, 203, 369, 1, -1, -0.7853981633974483, 1.4142135623730951
179, 63, 112, 225, 111, 224, 1, 1, 0.7853981633974483, 1.4142135623730951
179, 65, 276, 334, 275, 335, 1, -1, -0.7853981633974483, 1.4142135623730951
179, 70, 300, 357, 298, 358, 2, -1, -0.4636476090008061, 2.23606797749979
179, 71, 43, 125, 42, 124, 1, 1, 0.7853981633974483, 1.4142135623730951
179, 75, 117, 380, 116, 381, 1, -1, -0.7853981633974483, 1.4142135623730951
179, 76, 226, 217, 225, 216, 1, 1, 0.7853981633974483, 1.4142135623730951
179, 77, 11, 356, 10, 357, 1, -1, -0.7853981633974483, 1.4142135623730951
179, 78, 20, 350, 18, 351, 2, -1, -0.4636476090008061, 2.23606797749979
179, 79, 270, 280, 268, 280, 2, 0, 0.0, 2.0
179, 82, 74, 137, 73, 136, 1, 1, 0.7853981633974483, 1.4142135623730951
180, 1, 143, 138, 142, 137, 1, 1, 0.7853981633974483, 1.4142135623730951
180, 2, 76, 204, 75, 203, 1, 1, 0.7853981633974483, 1.4142135623730951
180, 3, 82, 248, 81, 247, 1, 1, 0.7853981633974483, 1.4142135623730951
180, 5, 14, 266, 12, 266, 2, 0, 0.0, 2.0
180, 7, 151, 216, 150, 215, 1, 1, 0.7853981633974483, 1.4142135623730951
180, 9, 187, 250, 186, 249, 1, 1, 0.7853981633974483, 1.4142135623730951
180, 10, 62, 159, 61, 158, 1, 1, 0.7853981633974483, 1.4142135623730951
180, 12, 181, 217, 180, 216, 1, 1, 0.7853981633974483, 1.4142135623730951
180, 13, 228, 271, 227, 270, 1, 1, 0.7853981633974483, 1.4142135623730951
180, 14, 55, 395, 53, 396, 2, -1, -0.4636476090008061, 2.23606797749979
180, 16, 230, 356, 229, 357, 1, -1, -0.7853981633974483, 1.4142135623730951
180, 17, 5, 331, 4, 332, 1, -1, -0.7853981633974483, 1.4142135623730951
180, 19, 58, 342, 57, 343, 1, -1, -0.7853981633974483, 1.4142135623730951
180, 22, 112, 279, 110, 279, 2, 0, 0.0, 2.0
180, 23, 22, 322, 20, 323, 2, -1, -0.4636476090008061, 2.23606797749979
180, 25, 353, 340, 350, 342, 3, -2, -0.5880026035475675, 3.605551275463989
180, 29, 116, 382, 114, 383, 2, -1, -0.4636476090008061, 2.23606797749979
180, 30, 124, 339, 122, 340, 2, -1, -0.4636476090008061, 2.23606797749979
180, 31, 299, 338, 298, 339, 1, -1, -0.7853981633974483, 1.4142135623730951
180, 34, 236, 193, 235, 192, 1, 1, 0.7853981633974483, 1.4142135623730951
180, 37, 12, 164, 11, 163, 1, 1, 0.7853981633974483, 1.4142135623730951
180, 38, 97, 178, 96, 177, 1, 1, 0.7853981633974483, 1.4142135623730951
180, 39, 250, 246, 249, 245, 1, 1, 0.7853981633974483, 1.4142135623730951
180, 41, 89, 293, 87, 293, 2, 0, 0.0, 2.0
180, 43, 268, 279, 267, 278, 1, 1, 0.7853981633974483, 1.4142135623730951
180, 45, 180, 187, 178, 185, 2, 2, 0.7853981633974483, 2.8284271247461903
180, 47, 205, 373, 203, 373, 2, 0, 0.0, 2.0
180, 48, 202, 278, 201, 277, 1, 1, 0.7853981633974483, 1.4142135623730951
180, 50, 25, 172, 23, 172, 2, 0, 0.0, 2.0
180, 52, 13, 228, 12, 227, 1, 1, 0.7853981633974483, 1.4142135623730951
180, 56, 75, 139, 73, 138, 2, 1, 0.4636476090008061, 2.23606797749979
180, 57, 45, 270, 44, 271, 1, -1, -0.7853981633974483, 1.4142135623730951
180, 58, 142, 317, 141, 318, 1, -1, -0.7853981633974483, 1.4142135623730951
180, 59, 118, 351, 116, 351, 2, 0, 0.0, 2.0
180, 60, 14, 217, 13, 216, 1, 1, 0.7853981633974483, 1.4142135623730951
180, 61, 301, 359, 299, 360, 2, -1, -0.4636476090008061, 2.23606797749979
180, 62, 43, 124, 41, 124, 2, 0, 0.0, 2.0
180, 63, 93, 362, 91, 363, 2, -1, -0.4636476090008061, 2.23606797749979
180, 64, 329, 331, 328, 332, 1, -1, -0.7853981633974483, 1.4142135623730951
180, 65, 68, 393, 66, 393, 2, 0, 0.0, 2.0
180, 69, 141, 324, 140, 325, 1, -1, -0.7853981633974483, 1.4142135623730951
180, 71, 35, 245, 33, 245, 2, 0, 0.0, 2.0
180, 72, 157, 336, 156, 337, 1, -1, -0.7853981633974483, 1.4142135623730951
180, 74, 104, 280, 102, 280, 2, 0, 0.0, 2.0
180, 77, 159, 392, 158, 393, 1, -1, -0.7853981633974483, 1.4142135623730951
180, 78, 292, 334, 290, 335, 2, -1, -0.4636476090008061, 2.23606797749979
180, 79, 9, 359, 7, 360, 2, -1, -0.4636476090008061, 2.23606797749979
180, 80, 237, 272, 235, 272, 2, 0, 0.0, 2.0
181, 1, 144, 139, 143, 138, 1, 1, 0.7853981633974483, 1.4142135623730951
181, 2, 77, 205, 76, 204, 1, 1, 0.7853981633974483, 1.4142135623730951
181, 3, 83, 249, 82, 248, 1, 1, 0.7853981633974483, 1.4142135623730951
181, 5, 15, 267, 14, 266, 1, 1, 0.7853981633974483, 1.4142135623730951
181, 8, 69, 312, 68, 313, 1, -1, -0.7853981633974483, 1.4142135623730951
181, 10, 64, 159, 62, 159, 2, 0, 0.0, 2.0
181, 12, 182, 218, 181, 217, 1, 1, 0.7853981633974483, 1.4142135623730951
181, 13, 229, 272, 228, 271, 1, 1, 0.7853981633974483, 1.4142135623730951
181, 14, 57, 394, 55, 395, 2, -1, -0.4636476090008061, 2.23606797749979
181, 16, 231, 355, 230, 356, 1, -1, -0.7853981633974483, 1.4142135623730951
181, 18, 175, 256, 174, 255, 1, 1, 0.7853981633974483, 1.4142135623730951
181, 25, 355, 338, 353, 340, 2, -2, -0.7853981633974483, 2.8284271247461903
181, 26, 111, 147, 110, 146, 1, 1, 0.7853981633974483, 1.4142135623730951
181, 27, 26, 193, 25, 192, 1, 1, 0.7853981633974483, 1.4142135623730951
181, 28, 126, 202, 124, 201, 2, 1, 0.4636476090008061, 2.23606797749979
181, 29, 118, 381, 116, 382, 2, -1, -0.4636476090008061, 2.23606797749979
181, 30, 126, 339, 124, 339, 2, 0, 0.0, 2.0
181, 31, 297, 336, 299, 338, -2, -2, -2.356194490192345, 2.8284271247461903
181, 32, 270, 368, 268, 368, 2, 0, 0.0, 2.0
181, 34, 237, 194, 236, 193, 1, 1, 0.7853981633974483, 1.4142135623730951
181, 35, 123, 346, 122, 347, 1, -1, -0.7853981633974483, 1.4142135623730951
181, 36, 74, 268, 72, 268, 2, 0, 0.0, 2.0
181, 38, 98, 179, 97, 178, 1, 1, 0.7853981633974483, 1.4142135623730951
181, 40, 136, 180, 135, 179, 1, 1, 0.7853981633974483, 1.4142135623730951
181, 41, 91, 293, 89, 293, 2, 0, 0.0, 2.0
181, 43, 269, 280, 268, 279, 1, 1, 0.7853981633974483, 1.4142135623730951
181, 45, 182, 189, 180, 187, 2, 2, 0.7853981633974483, 2.8284271247461903
181, 46, 206, 372, 205, 373, 1, -1, -0.7853981633974483, 1.4142135623730951
181, 49, 26, 173, 25, 172, 1, 1, 0.7853981633974483, 1.4142135623730951
181, 51, 15, 229, 13, 228, 2, 1, 0.4636476090008061, 2.23606797749979
181, 53, 332, 324, 331, 325, 1, -1, -0.7853981633974483, 1.4142135623730951
181, 54, 170, 310, 169, 309, 1, 1, 0.7853981633974483, 1.4142135623730951
181, 59, 16, 217, 14, 217, 2, 0, 0.0, 2.0
181, 60, 303, 358, 301, 359, 2, -1, -0.4636476090008061, 2.23606797749979
181, 62, 94, 361, 93, 362, 1, -1, -0.7853981633974483, 1.4142135623730951
181, 65, 207, 363, 205, 363, 2, 0, 0.0, 2.0
181, 67, 263, 348, 262, 349, 1, -1, -0.7853981633974483, 1.4142135623730951
181, 68, 142, 323, 141, 324, 1, -1, -0.7853981633974483, 1.4142135623730951
181, 76, 160, 391, 159, 392, 1, -1, -0.7853981633974483, 1.4142135623730951
181, 77, 293, 333, 292, 334, 1, -1, -0.7853981633974483, 1.4142135623730951
181, 78, 11, 359, 9, 359, 2, 0, 0.0, 2.0
181, 79, 238, 273, 237, 272, 1, 1, 0.7853981633974483, 1.4142135623730951
181, 80, 253, 292, 252, 293, 1, -1, -0.7853981633974483, 1.4142135623730951
182, 1, 145, 140, 144, 139, 1, 1, 0.7853981633974483, 1.4142135623730951
182, 6, 117, 273, 116, 274, 1, -1, -0.7853981633974483, 1.4142135623730951
182, 7, 152, 218, 151, 217, 1, 1, 0.7853981633974483, 1.4142135623730951
182, 8, 70, 311, 69, 312, 1, -1, -0.7853981633974483, 1.4142135623730951
182, 14, 59, 394, 57, 394, 2, 0, 0.0, 2.0
182, 15, 88, 300, 86, 300, 2, 0, 0.0, 2.0
182, 16, 232, 354, 231, 355, 1, -1, -0.7853981633974483, 1.4142135623730951
182, 18, 176, 257, 175, 256, 1, 1, 0.7853981633974483, 1.4142135623730951
182, 20, 52, 368, 50, 369, 2, -1, -0.4636476090008061, 2.23606797749979
182, 22, 115, 279, 113, 279, 2, 0, 0.0, 2.0
182, 24, 75, 306, 73, 306, 2, 0, 0.0, 2.0
182, 25, 356, 337, 355, 338, 1, -1, -0.7853981633974483, 1.4142135623730951
182, 26, 112, 148, 111, 147, 1, 1, 0.7853981633974483, 1.4142135623730951
182, 27, 28, 193, 26, 193, 2, 0, 0.0, 2.0
182, 29, 119, 380, 118, 381, 1, -1, -0.7853981633974483, 1.4142135623730951
182, 31, 299, 335, 297, 336, 2, -1, -0.4636476090008061, 2.23606797749979
182, 32, 272, 367, 270, 368, 2, -1, -0.4636476090008061, 2.23606797749979
182, 33, 157, 244, 156, 243, 1, 1, 0.7853981633974483, 1.4142135623730951
182, 34, 238, 195, 237, 194, 1, 1, 0.7853981633974483, 1.4142135623730951
182, 35, 124, 345, 123, 346, 1, -1, -0.7853981633974483, 1.4142135623730951
182, 37, 14, 165, 13, 164, 1, 1, 0.7853981633974483, 1.4142135623730951
182, 43, 270, 281, 269, 280, 1, 1, 0.7853981633974483, 1.4142135623730951
182, 45, 183, 191, 182, 189, 1, 2, 1.1071487177940904, 2.23606797749979
182, 46, 207, 371, 206, 372, 1, -1, -0.7853981633974483, 1.4142135623730951
182, 51, 16, 230, 15, 229, 1, 1, 0.7853981633974483, 1.4142135623730951
182, 52, 50, 183, 49, 182, 1, 1, 0.7853981633974483, 1.4142135623730951
182, 53, 334, 324, 332, 324, 2, 0, 0.0, 2.0
182, 54, 172, 309, 170, 310, 2, -1, -0.4636476090008061, 2.23606797749979
182, 55, 77, 140, 76, 139, 1, 1, 0.7853981633974483, 1.4142135623730951
182, 57, 144, 316, 143, 317, 1, -1, -0.7853981633974483, 1.4142135623730951
182, 59, 17, 218, 16, 217, 1, 1, 0.7853981633974483, 1.4142135623730951
182, 60, 305, 358, 303, 358, 2, 0, 0.0, 2.0
182, 61, 45, 125, 44, 124, 1, 1, 0.7853981633974483, 1.4142135623730951
182, 63, 330, 331, 329, 332, 1, -1, -0.7853981633974483, 1.4142135623730951
182, 64, 71, 392, 69, 393, 2, -1, -0.4636476090008061, 2.23606797749979
182, 65, 209, 363, 207, 363, 2, 0, 0.0, 2.0
182, 66, 163, 221, 162, 220, 1, 1, 0.7853981633974483, 1.4142135623730951
182, 67, 264, 347, 263, 348, 1, -1, -0.7853981633974483, 1.4142135623730951
182, 73, 107, 280, 105, 280, 2, 0, 0.0, 2.0
182, 76, 161, 390, 160, 391, 1, -1, -0.7853981633974483, 1.4142135623730951
182, 77, 294, 332, 293, 333, 1, -1, -0.7853981633974483, 1.4142135623730951
182, 80, 255, 294, 253, 292, 2, 2, 0.7853981633974483, 2.8284271247461903
183, 2, 79, 206, 78, 205, 1, 1, 0.7853981633974483, 1.4142135623730951
183, 8, 71, 310, 70, 311, 1, -1, -0.7853981633974483, 1.4142135623730951
183, 12, 183, 220, 182, 219, 1, 1, 0.7853981633974483, 1.4142135623730951
183, 13, 230, 273, 229, 272, 1, 1, 0.7853981633974483, 1.4142135623730951
183, 14, 61, 394, 59, 394, 2, 0, 0.0, 2.0
183, 16, 233, 353, 232, 354, 1, -1, -0.7853981633974483, 1.4142135623730951
183, 20, 53, 367, 52, 368, 1, -1, -0.7853981633974483, 1.4142135623730951
183, 21, 118, 207, 117, 206, 1, 1, 0.7853981633974483, 1.4142135623730951
183, 22, 117, 279, 115, 279, 2, 0, 0.0, 2.0
183, 25, 358, 335, 356, 337, 2, -2, -0.7853981633974483, 2.8284271247461903
183, 27, 29, 194, 28, 193, 1, 1, 0.7853981633974483, 1.4142135623730951
183, 28, 127, 203, 126, 202, 1, 1, 0.7853981633974483, 1.4142135623730951
183, 29, 120, 379, 119, 380, 1, -1, -0.7853981633974483, 1.4142135623730951
183, 32, 274, 367, 272, 367, 2, 0, 0.0, 2.0
183, 34, 239, 196, 238, 195, 1, 1, 0.7853981633974483, 1.4142135623730951
183, 35, 126, 345, 124, 345, 2, 0, 0.0, 2.0
183, 36, 76, 269, 74, 268, 2, 1, 0.4636476090008061, 2.23606797749979
183, 37, 15, 166, 14, 165, 1, 1, 0.7853981633974483, 1.4142135623730951
183, 44, 105, 228, 104, 227, 1, 1, 0.7853981633974483, 1.4142135623730951
183, 46, 208, 370, 207, 371, 1, -1, -0.7853981633974483, 1.4142135623730951
183, 49, 28, 174, 27, 173, 1, 1, 0.7853981633974483, 1.4142135623730951
183, 52, 52, 184, 50, 183, 2, 1, 0.4636476090008061, 2.23606797749979
183, 53, 336, 324, 334, 324, 2, 0, 0.0, 2.0
183, 56, 49, 270, 47, 270, 2, 0, 0.0, 2.0
183, 60, 306, 357, 305, 358, 1, -1, -0.7853981633974483, 1.4142135623730951
183, 64, 72, 391, 71, 392, 1, -1, -0.7853981633974483, 1.4142135623730951
183, 65, 212, 363, 209, 363, 3, 0, 0.0, 3.0
183, 67, 265, 346, 264, 347, 1, -1, -0.7853981633974483, 1.4142135623730951
183, 68, 144, 322, 143, 323, 1, -1, -0.7853981633974483, 1.4142135623730951
183, 69, 174, 281, 172, 281, 2, 0, 0.0, 2.0
183, 71, 160, 335, 159, 336, 1, -1, -0.7853981633974483, 1.4142135623730951
183, 72, 139, 296, 138, 295, 1, 1, 0.7853981633974483, 1.4142135623730951
183, 78, 13, 358, 12, 359, 1, -1, -0.7853981633974483, 1.4142135623730951
183, 79, 239, 274, 238, 273, 1, 1, 0.7853981633974483, 1.4142135623730951
183, 81, 26, 265, 25, 266, 1, -1, -0.7853981633974483, 1.4142135623730951
184, 0, 143, 282, 142, 281, 1, 1, 0.7853981633974483, 1.4142135623730951
184, 1, 146, 141, 145, 140, 1, 1, 0.7853981633974483, 1.4142135623730951
184, 6, 120, 273, 117, 272, 3, 1, 0.3217505543966422, 3.1622776601683795
184, 8, 72, 309, 71, 310, 1, -1, -0.7853981633974483, 1.4142135623730951
184, 9, 191, 251, 190, 250, 1, 1, 0.7853981633974483, 1.4142135623730951
184, 12, 184, 221, 183, 220, 1, 1, 0.7853981633974483, 1.4142135623730951
184, 13, 231, 274, 230, 273, 1, 1, 0.7853981633974483, 1.4142135623730951
184, 14, 62, 393, 61, 394, 1, -1, -0.7853981633974483, 1.4142135623730951
184, 16, 234, 352, 233, 353, 1, -1, -0.7853981633974483, 1.4142135623730951
184, 21, 120, 208, 118, 207, 2, 1, 0.4636476090008061, 2.23606797749979
184, 23, 26, 321, 25, 322, 1, -1, -0.7853981633974483, 1.4142135623730951
184, 25, 360, 333, 358, 335, 2, -2, -0.7853981633974483, 2.8284271247461903
184, 26, 115, 149, 113, 148, 2, 1, 0.4636476090008061, 2.23606797749979
184, 29, 121, 378, 120, 379, 1, -1, -0.7853981633974483, 1.4142135623730951
184, 31, 302, 335, 300, 335, 2, 0, 0.0, 2.0
184, 33, 159, 245, 158, 244, 1, 1, 0.7853981633974483, 1.4142135623730951
184, 34, 240, 197, 239, 196, 1, 1, 0.7853981633974483, 1.4142135623730951
184, 39, 251, 249, 250, 248, 1, 1, 0.7853981633974483, 1.4142135623730951
184, 41, 94, 293, 92, 293, 2, 0, 0.0, 2.0
184, 45, 182, 193, 183, 192, -1, 1, 2.356194490192345, 1.4142135623730951
184, 46, 209, 369, 208, 370, 1, -1, -0.7853981633974483, 1.4142135623730951
184, 53, 338, 324, 336, 324, 2, 0, 0.0, 2.0
184, 55, 78, 141, 77, 140, 1, 1, 0.7853981633974483, 1.4142135623730951
184, 61, 47, 126, 46, 125, 1, 1, 0.7853981633974483, 1.4142135623730951
184, 62, 98, 360, 96, 361, 2, -1, -0.4636476090008061, 2.23606797749979
184, 65, 214, 362, 212, 363, 2, -1, -0.4636476090008061, 2.23606797749979
184, 67, 267, 345, 265, 346, 2, -1, -0.4636476090008061, 2.23606797749979
184, 68, 145, 321, 144, 322, 1, -1, -0.7853981633974483, 1.4142135623730951
184, 69, 175, 280, 174, 281, 1, -1, -0.7853981633974483, 1.4142135623730951
184, 70, 40, 245, 38, 245, 2, 0, 0.0, 2.0
184, 76, 164, 389, 162, 390, 2, -1, -0.4636476090008061, 2.23606797749979
184, 77, 295, 331, 294, 332, 1, -1, -0.7853981633974483, 1.4142135623730951
184, 78, 15, 358, 13, 358, 2, 0, 0.0, 2.0
185, 0, 143, 281, 142, 282, 1, -1, -0.7853981633974483, 1.4142135623730951
185, 1, 146, 142, 145, 141, 1, 1, 0.7853981633974483, 1.4142135623730951
185, 3, 17, 267, 16, 268, 1, -1, -0.7853981633974483, 1.4142135623730951
185, 6, 87, 251, 85, 250, 2, 1, 0.4636476090008061, 2.23606797749979
185, 7, 54, 368, 53, 369, 1, -1, -0.7853981633974483, 1.4142135623730951
185, 8, 231, 274, 230, 273, 1, 1, 0.7853981633974483, 1.4142135623730951
185, 11, 77, 273, 76, 272, 1, 1, 0.7853981633974483, 1.4142135623730951
185, 13, 197, 219, 196, 218, 1, 1, 0.7853981633974483, 1.4142135623730951
185, 15, 139, 184, 138, 183, 1, 1, 0.7853981633974483, 1.4142135623730951
185, 16, 61, 396, 59, 397, 2, -1, -0.4636476090008061, 2.23606797749979
185, 18, 358, 337, 357, 338, 1, -1, -0.7853981633974483, 1.4142135623730951
185, 19, 103, 180, 101, 179, 2, 1, 0.4636476090008061, 2.23606797749979
185, 20, 63, 342, 62, 343, 1, -1, -0.7853981633974483, 1.4142135623730951
185, 24, 129, 347, 127, 347, 2, 0, 0.0, 2.0
185, 25, 253, 250, 252, 249, 1, 1, 0.7853981633974483, 1.4142135623730951
185, 27, 304, 335, 302, 335, 2, 0, 0.0, 2.0
185, 29, 119, 383, 118, 384, 1, -1, -0.7853981633974483, 1.4142135623730951
185, 30, 175, 281, 174, 282, 1, -1, -0.7853981633974483, 1.4142135623730951
185, 31, 194, 319, 191, 318, 3, 1, 0.3217505543966422, 3.1622776601683795
185, 33, 120, 209, 119, 208, 1, 1, 0.7853981633974483, 1.4142135623730951
185, 38, 167, 390, 165, 392, 2, -2, -0.7853981633974483, 2.8284271247461903
185, 42, 272, 374, 270, 375, 2, -1, -0.4636476090008061, 2.23606797749979
185, 46, 119, 276, 118, 277, 1, -1, -0.7853981633974483, 1.4142135623730951
185, 48, 218, 245, 217, 243, 1, 2, 1.1071487177940904, 2.23606797749979
185, 51, 77, 189, 76, 188, 1, 1, 0.7853981633974483, 1.4142135623730951
185, 56, 146, 323, 145, 324, 1, -1, -0.7853981633974483, 1.4142135623730951
185, 57, 331, 332, 330, 333, 1, -1, -0.7853981633974483, 1.4142135623730951
185, 61, 149, 361, 148, 362, 1, -1, -0.7853981633974483, 1.4142135623730951
185, 62, 167, 382, 164, 384, 3, -2, -0.5880026035475675, 3.605551275463989
185, 63, 274, 283, 273, 282, 1, 1, 0.7853981633974483, 1.4142135623730951
185, 69, 99, 363, 98, 364, 1, -1, -0.7853981633974483, 1.4142135623730951
185, 70, 285, 320, 287, 321, -2, -1, -2.677945044588987, 2.23606797749979
185, 73, 257, 320, 259, 321, -2, -1, -2.677945044588987, 2.23606797749979
185, 75, 209, 365, 207, 366, 2, -1, -0.4636476090008061, 2.23606797749979
185, 76, 89, 276, 88, 277, 1, -1, -0.7853981633974483, 1.4142135623730951
185, 77, 270, 345, 269, 346, 1, -1, -0.7853981633974483, 1.4142135623730951
185, 78, 199, 323, 198, 324, 1, -1, -0.7853981633974483, 1.4142135623730951
186, 1, 147, 143, 146, 142, 1, 1, 0.7853981633974483, 1.4142135623730951
186, 3, 18, 268, 17, 267, 1, 1, 0.7853981633974483, 1.4142135623730951
186, 7, 55, 367, 54, 368, 1, -1, -0.7853981633974483, 1.4142135623730951
186, 9, 180, 258, 179, 257, 1, 1, 0.7853981633974483, 1.4142135623730951
186, 12, 193, 254, 192, 253, 1, 1, 0.7853981633974483, 1.4142135623730951
186, 16, 63, 396, 61, 396, 2, 0, 0.0, 2.0
186, 18, 359, 336, 358, 337, 1, -1, -0.7853981633974483, 1.4142135623730951
186, 19, 105, 180, 103, 180, 2, 0, 0.0, 2.0
186, 25, 254, 251, 253, 250, 1, 1, 0.7853981633974483, 1.4142135623730951
186, 28, 138, 298, 136, 298, 2, 0, 0.0, 2.0
186, 29, 121, 383, 119, 383, 2, 0, 0.0, 2.0
186, 31, 196, 319, 194, 319, 2, 0, 0.0, 2.0
186, 33, 121, 210, 120, 209, 1, 1, 0.7853981633974483, 1.4142135623730951
186, 37, 168, 389, 167, 390, 1, -1, -0.7853981633974483, 1.4142135623730951
186, 38, 28, 324, 26, 324, 2, 0, 0.0, 2.0
186, 41, 274, 374, 272, 374, 2, 0, 0.0, 2.0
186, 42, 26, 262, 25, 263, 1, -1, -0.7853981633974483, 1.4142135623730951
186, 43, 19, 220, 18, 219, 1, 1, 0.7853981633974483, 1.4142135623730951
186, 49, 78, 190, 77, 189, 1, 1, 0.7853981633974483, 1.4142135623730951
186, 51, 20, 167, 18, 166, 2, 1, 0.4636476090008061, 2.23606797749979
186, 52, 89, 297, 87, 297, 2, 0, 0.0, 2.0
186, 57, 79, 141, 78, 140, 1, 1, 0.7853981633974483, 1.4142135623730951
186, 59, 151, 360, 149, 361, 2, -1, -0.4636476090008061, 2.23606797749979
186, 60, 169, 381, 167, 382, 2, -1, -0.4636476090008061, 2.23606797749979
186, 62, 107, 231, 106, 230, 1, 1, 0.7853981633974483, 1.4142135623730951
186, 63, 162, 337, 161, 338, 1, -1, -0.7853981633974483, 1.4142135623730951
186, 64, 54, 186, 53, 185, 1, 1, 0.7853981633974483, 1.4142135623730951
186, 67, 100, 362, 99, 363, 1, -1, -0.7853981633974483, 1.4142135623730951
186, 73, 91, 276, 89, 276, 2, 0, 0.0, 2.0
186, 74, 272, 344, 270, 345, 2, -1, -0.4636476090008061, 2.23606797749979
186, 76, 127, 278, 126, 277, 1, 1, 0.7853981633974483, 1.4142135623730951
187, 5, 155, 221, 154, 220, 1, 1, 0.7853981633974483, 1.4142135623730951
187, 7, 56, 366, 55, 367, 1, -1, -0.7853981633974483, 1.4142135623730951
187, 10, 186, 221, 185, 220, 1, 1, 0.7853981633974483, 1.4142135623730951
187, 12, 194, 255, 193, 254, 1, 1, 0.7853981633974483, 1.4142135623730951
187, 13, 198, 221, 197, 220, 1, 1, 0.7853981633974483, 1.4142135623730951
187, 15, 140, 185, 139, 184, 1, 1, 0.7853981633974483, 1.4142135623730951
187, 16, 65, 396, 63, 396, 2, 0, 0.0, 2.0
187, 18, 361, 334, 359, 336, 2, -2, -0.7853981633974483, 2.8284271247461903
187, 19, 107, 181, 105, 180, 2, 1, 0.4636476090008061, 2.23606797749979
187, 22, 52, 273, 50, 273, 2, 0, 0.0, 2.0
187, 24, 131, 346, 130, 347, 1, -1, -0.7853981633974483, 1.4142135623730951
187, 27, 307, 335, 305, 335, 2, 0, 0.0, 2.0
187, 29, 122, 382, 121, 383, 1, -1, -0.7853981633974483, 1.4142135623730951
187, 37, 169, 388, 168, 389, 1, -1, -0.7853981633974483, 1.4142135623730951
187, 38, 30, 323, 28, 324, 2, -1, -0.4636476090008061, 2.23606797749979
187, 41, 276, 373, 274, 374, 2, -1, -0.4636476090008061, 2.23606797749979
187, 44, 174, 315, 173, 316, 1, -1, -0.7853981633974483, 1.4142135623730951
187, 53, 148, 322, 147, 323, 1, -1, -0.7853981633974483, 1.4142135623730951
187, 54, 333, 331, 332, 332, 1, -1, -0.7853981633974483, 1.4142135623730951
187, 55, 162, 222, 161, 221, 1, 1, 0.7853981633974483, 1.4142135623730951
187, 59, 172, 380, 169, 381, 3, -1, -0.3217505543966422, 3.1622776601683795
187, 64, 188, 343, 186, 343, 2, 0, 0.0, 2.0
187, 66, 101, 361, 100, 362, 1, -1, -0.7853981633974483, 1.4142135623730951
187, 68, 30, 173, 28, 173, 2, 0, 0.0, 2.0
187, 70, 212, 365, 210, 365, 2, 0, 0.0, 2.0
187, 71, 92, 275, 91, 276, 1, -1, -0.7853981633974483, 1.4142135623730951
187, 74, 208, 281, 206, 280, 2, 1, 0.4636476090008061, 2.23606797749979
188, 1, 148, 144, 147, 143, 1, 1, 0.7853981633974483, 1.4142135623730951
188, 2, 83, 207, 82, 206, 1, 1, 0.7853981633974483, 1.4142135623730951
188, 6, 90, 252, 89, 251, 1, 1, 0.7853981633974483, 1.4142135623730951
188, 7, 58, 366, 56, 366, 2, 0, 0.0, 2.0
188, 8, 234, 276, 232, 275, 2, 1, 0.4636476090008061, 2.23606797749979
188, 10, 187, 222, 186, 221, 1, 1, 0.7853981633974483, 1.4142135623730951
188, 12, 195, 256, 194, 255, 1, 1, 0.7853981633974483, 1.4142135623730951
188, 13, 199, 222, 198, 221, 1, 1, 0.7853981633974483, 1.4142135623730951
188, 14, 34, 195, 32, 194, 2, 1, 0.4636476090008061, 2.23606797749979
188, 16, 67, 396, 65, 396, 2, 0, 0.0, 2.0
188, 18, 362, 332, 361, 334, 1, -2, -1.1071487177940904, 2.23606797749979
188, 21, 159, 245, 159, 248, 0, -3, -1.5707963267948966, 3.0
188, 23, 310, 359, 308, 359, 2, 0, 0.0, 2.0
188, 24, 132, 345, 131, 346, 1, -1, -0.7853981633974483, 1.4142135623730951
188, 25, 255, 253, 254, 252, 1, 1, 0.7853981633974483, 1.4142135623730951
188, 27, 309, 334, 307, 335, 2, -1, -0.4636476090008061, 2.23606797749979
188, 29, 124, 381, 122, 382, 2, -1, -0.4636476090008061, 2.23606797749979
188, 30, 177, 280, 176, 281, 1, -1, -0.7853981633974483, 1.4142135623730951
188, 33, 123, 211, 122, 210, 1, 1, 0.7853981633974483, 1.4142135623730951
188, 34, 242, 199, 241, 198, 1, 1, 0.7853981633974483, 1.4142135623730951
188, 36, 100, 297, 98, 297, 2, 0, 0.0, 2.0
188, 37, 170, 387, 169, 388, 1, -1, -0.7853981633974483, 1.4142135623730951
188, 38, 32, 322, 30, 323, 2, -1, -0.4636476090008061, 2.23606797749979
188, 40, 224, 332, 223, 333, 1, -1, -0.7853981633974483, 1.4142135623730951
188, 41, 278, 372, 276, 373, 2, -1, -0.4636476090008061, 2.23606797749979
188, 42, 29, 262, 26, 262, 3, 0, 0.0, 3.0
188, 43, 21, 221, 20, 220, 1, 1, 0.7853981633974483, 1.4142135623730951
188, 44, 175, 314, 174, 315, 1, -1, -0.7853981633974483, 1.4142135623730951
188, 48, 98, 250, 96, 251, 2, -1, -0.4636476090008061, 2.23606797749979
188, 50, 132, 256, 131, 257, 1, -1, -0.7853981633974483, 1.4142135623730951
188, 51, 21, 168, 20, 167, 1, 1, 0.7853981633974483, 1.4142135623730951
188, 53, 149, 321, 148, 322, 1, -1, -0.7853981633974483, 1.4142135623730951
188, 56, 82, 142, 80, 141, 2, 1, 0.4636476090008061, 2.23606797749979
188, 57, 118, 146, 116, 146, 2, 0, 0.0, 2.0
188, 61, 109, 232, 108, 231, 1, 1, 0.7853981633974483, 1.4142135623730951
188, 62, 164, 336, 163, 337, 1, -1, -0.7853981633974483, 1.4142135623730951
188, 63, 57, 186, 55, 186, 2, 0, 0.0, 2.0
188, 64, 190, 342, 188, 343, 2, -1, -0.4636476090008061, 2.23606797749979
188, 68, 32, 173, 30, 173, 2, 0, 0.0, 2.0
188, 69, 51, 128, 50, 127, 1, 1, 0.7853981633974483, 1.4142135623730951
188, 70, 213, 364, 212, 365, 1, -1, -0.7853981633974483, 1.4142135623730951
188, 71, 93, 274, 92, 275, 1, -1, -0.7853981633974483, 1.4142135623730951
189, 1, 149, 145, 148, 144, 1, 1, 0.7853981633974483, 1.4142135623730951
189, 4, 126, 259, 125, 258, 1, 1, 0.7853981633974483, 1.4142135623730951
189, 5, 157, 222, 156, 221, 1, 1, 0.7853981633974483, 1.4142135623730951
189, 7, 59, 365, 58, 366, 1, -1, -0.7853981633974483, 1.4142135623730951
189, 9, 184, 259, 182, 258, 2, 1, 0.4636476090008061, 2.23606797749979
189, 15, 142, 186, 141, 185, 1, 1, 0.7853981633974483, 1.4142135623730951
189, 16, 71, 394, 67, 396, 4, -2, -0.4636476090008061, 4.47213595499958
189, 18, 365, 331, 362, 332, 3, -1, -0.3217505543966422, 3.1622776601683795
189, 19, 109, 182, 108, 181, 1, 1, 0.7853981633974483, 1.4142135623730951
189, 21, 160, 244, 159, 245, 1, -1, -0.7853981633974483, 1.4142135623730951
189, 23, 312, 358, 310, 359, 2, -1, -0.4636476090008061, 2.23606797749979
189, 24, 134, 345, 132, 345, 2, 0, 0.0, 2.0
189, 25, 256, 254, 255, 253, 1, 1, 0.7853981633974483, 1.4142135623730951
189, 31, 199, 318, 198, 319, 1, -1, -0.7853981633974483, 1.4142135623730951
189, 32, 333, 324, 332, 325, 1, -1, -0.7853981633974483, 1.4142135623730951
189, 37, 171, 386, 170, 387, 1, -1, -0.7853981633974483, 1.4142135623730951
189, 41, 281, 370, 278, 372, 3, -2, -0.5880026035475675, 3.605551275463989
189, 42, 30, 263, 29, 262, 1, 1, 0.7853981633974483, 1.4142135623730951
189, 47, 112, 281, 110, 282, 2, -1, -0.4636476090008061, 2.23606797749979
189, 48, 100, 250, 98, 250, 2, 0, 0.0, 2.0
189, 50, 134, 256, 132, 256, 2, 0, 0.0, 2.0
189, 63, 58, 187, 57, 186, 1, 1, 0.7853981633974483, 1.4142135623730951
189, 65, 230, 307, 229, 308, 1, -1, -0.7853981633974483, 1.4142135623730951
189, 66, 103, 360, 102, 361, 1, -1, -0.7853981633974483, 1.4142135623730951
189, 68, 34, 173, 32, 173, 2, 0, 0.0, 2.0
189, 70, 215, 363, 213, 364, 2, -1, -0.4636476090008061, 2.23606797749979
190, 8, 135, 257, 134, 258, 1, -1, -0.7853981633974483, 1.4142135623730951
190, 9, 166, 224, 165, 223, 1, 1, 0.7853981633974483, 1.4142135623730951
190, 10, 123, 283, 122, 284, 1, -1, -0.7853981633974483, 1.4142135623730951
190, 13, 185, 260, 183, 260, 2, 0, 0.0, 2.0
190, 15, 101, 251, 99, 252, 2, -1, -0.4636476090008061, 2.23606797749979
190, 18, 365, 333, 364, 334, 1, -1, -0.7853981633974483, 1.4142135623730951
190, 19, 196, 258, 195, 257, 1, 1, 0.7853981633974483, 1.4142135623730951
190, 26, 102, 361, 101, 362, 1, -1, -0.7853981633974483, 1.4142135623730951
190, 30, 188, 223, 186, 222, 2, 1, 0.4636476090008061, 2.23606797749979
190, 32, 81, 274, 80, 273, 1, 1, 0.7853981633974483, 1.4142135623730951
190, 33, 129, 212, 128, 211, 1, 1, 0.7853981633974483, 1.4142135623730951
190, 34, 204, 321, 203, 322, 1, -1, -0.7853981633974483, 1.4142135623730951
190, 35, 13, 333, 12, 334, 1, -1, -0.7853981633974483, 1.4142135623730951
190, 37, 335, 325, 333, 326, 2, -1, -0.4636476090008061, 2.23606797749979
190, 38, 308, 336, 306, 336, 2, 0, 0.0, 2.0
190, 41, 211, 281, 210, 280, 1, 1, 0.7853981633974483, 1.4142135623730951
190, 48, 113, 358, 112, 359, 1, -1, -0.7853981633974483, 1.4142135623730951
190, 50, 224, 220, 224, 218, 0, 2, 1.5707963267948966, 2.0
190, 52, 252, 354, 251, 355, 1, -1, -0.7853981633974483, 1.4142135623730951
190, 56, 235, 334, 234, 335, 1, -1, -0.7853981633974483, 1.4142135623730951
190, 57, 69, 396, 67, 396, 2, 0, 0.0, 2.0
190, 58, 189, 254, 187, 254, 2, 0, 0.0, 2.0
190, 60, 163, 217, 162, 215, 1, 2, 1.1071487177940904, 2.23606797749979
190, 62, 279, 369, 278, 370, 1, -1, -0.7853981633974483, 1.4142135623730951
190, 63, 210, 369, 209, 370, 1, -1, -0.7853981633974483, 1.4142135623730951
190, 69, 255, 254, 254, 253, 1, 1, 0.7853981633974483, 1.4142135623730951
190, 74, 335, 333, 333, 333, 2, 0, 0.0, 2.0
190, 75, 310, 360, 308, 360, 2, 0, 0.0, 2.0
190, 80, 223, 162, 223, 160, 0, 2, 1.5707963267948966, 2.0
190, 81, 96, 248, 94, 247, 2, 1, 0.4636476090008061, 2.23606797749979
191, 1, 150, 147, 149, 146, 1, 1, 0.7853981633974483, 1.4142135623730951
191, 3, 92, 252, 90, 252, 2, 0, 0.0, 2.0
191, 4, 159, 222, 158, 221, 1, 1, 0.7853981633974483, 1.4142135623730951
191, 6, 79, 315, 78, 316, 1, -1, -0.7853981633974483, 1.4142135623730951
191, 8, 136, 256, 135, 257, 1, -1, -0.7853981633974483, 1.4142135623730951
191, 9, 168, 224, 166, 224, 2, 0, 0.0, 2.0
191, 10, 124, 282, 123, 283, 1, -1, -0.7853981633974483, 1.4142135623730951
191, 13, 187, 261, 185, 260, 2, 1, 0.4636476090008061, 2.23606797749979
191, 15, 102, 250, 101, 251, 1, -1, -0.7853981633974483, 1.4142135623730951
191, 16, 144, 186, 143, 185, 1, 1, 0.7853981633974483, 1.4142135623730951
191, 17, 38, 267, 36, 267, 2, 0, 0.0, 2.0
191, 18, 367, 331, 365, 333, 2, -2, -0.7853981633974483, 2.8284271247461903
191, 19, 197, 257, 196, 258, 1, -1, -0.7853981633974483, 1.4142135623730951
191, 23, 124, 383, 123, 384, 1, -1, -0.7853981633974483, 1.4142135623730951
191, 26, 104, 360, 102, 361, 2, -1, -0.4636476090008061, 2.23606797749979
191, 31, 21, 328, 19, 328, 2, 0, 0.0, 2.0
191, 35, 14, 331, 13, 333, 1, -2, -1.1071487177940904, 2.23606797749979
191, 36, 108, 183, 107, 182, 1, 1, 0.7853981633974483, 1.4142135623730951
191, 42, 26, 222, 24, 221, 2, 1, 0.4636476090008061, 2.23606797749979
191, 43, 194, 218, 193, 217, 1, 1, 0.7853981633974483, 1.4142135623730951
191, 45, 140, 299, 139, 300, 1, -1, -0.7853981633974483, 1.4142135623730951
191, 50, 226, 221, 224, 220, 2, 1, 0.4636476090008061, 2.23606797749979
191, 51, 247, 199, 246, 197, 1, 2, 1.1071487177940904, 2.23606797749979
191, 52, 253, 353, 252, 354, 1, -1, -0.7853981633974483, 1.4142135623730951
191, 54, 58, 189, 57, 188, 1, 1, 0.7853981633974483, 1.4142135623730951
191, 56, 71, 396, 69, 396, 2, 0, 0.0, 2.0
191, 57, 191, 255, 189, 254, 2, 1, 0.4636476090008061, 2.23606797749979
191, 58, 275, 364, 273, 364, 2, 0, 0.0, 2.0
191, 60, 171, 358, 169, 360, 2, -2, -0.7853981633974483, 2.8284271247461903
191, 61, 280, 368, 279, 369, 1, -1, -0.7853981633974483, 1.4142135623730951
191, 62, 212, 368, 210, 369, 2, -1, -0.4636476090008061, 2.23606797749979
191, 71, 191, 158, 189, 158, 2, 0, 0.0, 2.0
191, 72, 337, 332, 335, 333, 2, -1, -0.4636476090008061, 2.23606797749979
191, 73, 311, 359, 310, 360, 1, -1, -0.7853981633974483, 1.4142135623730951
191, 76, 111, 233, 110, 232, 1, 1, 0.7853981633974483, 1.4142135623730951
191, 79, 98, 249, 96, 248, 2, 1, 0.4636476090008061, 2.23606797749979
191, 80, 243, 355, 242, 356, 1, -1, -0.7853981633974483, 1.4142135623730951
191, 81, 50, 130, 49, 129, 1, 1, 0.7853981633974483, 1.4142135623730951
192, 1, 151, 148, 150, 147, 1, 1, 0.7853981633974483, 1.4142135623730951
192, 3, 94, 252, 92, 252, 2, 0, 0.0, 2.0
192, 5, 129, 259, 127, 259, 2, 0, 0.0, 2.0
192, 6, 80, 314, 79, 315, 1, -1, -0.7853981633974483, 1.4142135623730951
192, 7, 24, 269, 22, 269, 2, 0, 0.0, 2.0
192, 8, 138, 256, 136, 256, 2, 0, 0.0, 2.0
192, 9, 170, 224, 168, 224, 2, 0, 0.0, 2.0
192, 10, 125, 281, 124, 282, 1, -1, -0.7853981633974483, 1.4142135623730951
192, 12, 236, 277, 235, 276, 1, 1, 0.7853981633974483, 1.4142135623730951
192, 15, 104, 251, 102, 250, 2, 1, 0.4636476090008061, 2.23606797749979
192, 17, 40, 266, 38, 267, 2, -1, -0.4636476090008061, 2.23606797749979
192, 18, 368, 328, 367, 331, 1, -3, -1.2490457723982544, 3.1622776601683795
192, 20, 24, 169, 23, 168, 1, 1, 0.7853981633974483, 1.4142135623730951
192, 21, 75, 164, 73, 164, 2, 0, 0.0, 2.0
192, 23, 125, 382, 124, 383, 1, -1, -0.7853981633974483, 1.4142135623730951
192, 24, 33, 323, 32, 324, 1, -1, -0.7853981633974483, 1.4142135623730951
192, 25, 37, 198, 36, 197, 1, 1, 0.7853981633974483, 1.4142135623730951
192, 26, 106, 360, 104, 360, 2, 0, 0.0, 2.0
192, 28, 134, 346, 133, 348, 1, -2, -1.1071487177940904, 2.23606797749979
192, 29, 190, 224, 189, 223, 1, 1, 0.7853981633974483, 1.4142135623730951
192, 30, 23, 328, 21, 328, 2, 0, 0.0, 2.0
192, 31, 83, 275, 81, 274, 2, 1, 0.4636476090008061, 2.23606797749979
192, 32, 132, 211, 130, 212, 2, -1, -0.4636476090008061, 2.23606797749979
192, 34, 15, 330, 14, 331, 1, -1, -0.7853981633974483, 1.4142135623730951
192, 38, 68, 342, 65, 341, 3, 1, 0.3217505543966422, 3.1622776601683795
192, 40, 213, 282, 212, 281, 1, 1, 0.7853981633974483, 1.4142135623730951
192, 42, 195, 219, 194, 218, 1, 1, 0.7853981633974483, 1.4142135623730951
192, 50, 248, 201, 247, 199, 1, 2, 1.1071487177940904, 2.23606797749979
192, 53, 60, 190, 58, 189, 2, 1, 0.4636476090008061, 2.23606797749979
192, 55, 73, 395, 71, 396, 2, -1, -0.4636476090008061, 2.23606797749979
192, 57, 276, 363, 275, 364, 1, -1, -0.7853981633974483, 1.4142135623730951
192, 58, 164, 219, 164, 217, 0, 2, 1.5707963267948966, 2.0
192, 60, 282, 367, 280, 368, 2, -1, -0.4636476090008061, 2.23606797749979
192, 61, 214, 367, 212, 368, 2, -1, -0.4636476090008061, 2.23606797749979
192, 62, 173, 189, 172, 188, 1, 1, 0.7853981633974483, 1.4142135623730951
192, 63, 183, 283, 182, 282, 1, 1, 0.7853981633974483, 1.4142135623730951
192, 69, 98, 301, 95, 302, 3, -1, -0.3217505543966422, 3.1622776601683795
192, 71, 339, 332, 337, 332, 2, 0, 0.0, 2.0
192, 72, 312, 358, 311, 359, 1, -1, -0.7853981633974483, 1.4142135623730951
192, 73, 84, 386, 82, 386, 2, 0, 0.0, 2.0
192, 77, 224, 163, 223, 161, 1, 2, 1.1071487177940904, 2.23606797749979
192, 78, 100, 250, 98, 249, 2, 1, 0.4636476090008061, 2.23606797749979
193, 0, 87, 209, 86, 208, 1, 1, 0.7853981633974483, 1.4142135623730951
193, 1, 152, 149, 151, 148, 1, 1, 0.7853981633974483, 1.4142135623730951
193, 3, 96, 252, 94, 252, 2, 0, 0.0, 2.0
193, 4, 161, 223, 160, 222, 1, 1, 0.7853981633974483, 1.4142135623730951
193, 6, 81, 313, 80, 314, 1, -1, -0.7853981633974483, 1.4142135623730951
193, 7, 26, 269, 24, 269, 2, 0, 0.0, 2.0
193, 8, 140, 256, 138, 256, 2, 0, 0.0, 2.0
193, 9, 173, 224, 170, 224, 3, 0, 0.0, 3.0
193, 11, 202, 223, 201, 222, 1, 1, 0.7853981633974483, 1.4142135623730951
193, 13, 190, 262, 188, 261, 2, 1, 0.4636476090008061, 2.23606797749979
193, 15, 106, 251, 104, 251, 2, 0, 0.0, 2.0
193, 16, 146, 187, 145, 186, 1, 1, 0.7853981633974483, 1.4142135623730951
193, 17, 43, 267, 40, 266, 3, 1, 0.3217505543966422, 3.1622776601683795
193, 18, 369, 326, 368, 328, 1, -2, -1.1071487177940904, 2.23606797749979
193, 19, 199, 258, 198, 257, 1, 1, 0.7853981633974483, 1.4142135623730951
193, 20, 25, 170, 24, 169, 1, 1, 0.7853981633974483, 1.4142135623730951
193, 21, 76, 165, 75, 164, 1, 1, 0.7853981633974483, 1.4142135623730951
193, 22, 168, 252, 166, 251, 2, 1, 0.4636476090008061, 2.23606797749979
193, 23, 127, 382, 125, 382, 2, 0, 0.0, 2.0
193, 26, 108, 359, 106, 360, 2, -1, -0.4636476090008061, 2.23606797749979
193, 32, 133, 212, 132, 211, 1, 1, 0.7853981633974483, 1.4142135623730951
193, 34, 16, 329, 15, 330, 1, -1, -0.7853981633974483, 1.4142135623730951
193, 35, 110, 184, 109, 183, 1, 1, 0.7853981633974483, 1.4142135623730951
193, 36, 338, 324, 337, 325, 1, -1, -0.7853981633974483, 1.4142135623730951
193, 37, 311, 337, 310, 336, 1, 1, 0.7853981633974483, 1.4142135623730951
193, 38, 69, 343, 68, 342, 1, 1, 0.7853981633974483, 1.4142135623730951
193, 41, 29, 223, 27, 222, 2, 1, 0.4636476090008061, 2.23606797749979
193, 43, 47, 247, 45, 246, 2, 1, 0.4636476090008061, 2.23606797749979
193, 44, 142, 298, 141, 299, 1, -1, -0.7853981633974483, 1.4142135623730951
193, 46, 56, 272, 54, 272, 2, 0, 0.0, 2.0
193, 50, 248, 203, 248, 201, 0, 2, 1.5707963267948966, 2.0
193, 54, 75, 394, 73, 395, 2, -1, -0.4636476090008061, 2.23606797749979
193, 56, 278, 362, 276, 363, 2, -1, -0.4636476090008061, 2.23606797749979
193, 57, 165, 220, 164, 219, 1, 1, 0.7853981633974483, 1.4142135623730951
193, 59, 283, 366, 282, 367, 1, -1, -0.7853981633974483, 1.4142135623730951
193, 60, 215, 366, 214, 367, 1, -1, -0.7853981633974483, 1.4142135623730951
193, 61, 174, 190, 173, 189, 1, 1, 0.7853981633974483, 1.4142135623730951
193, 65, 257, 256, 256, 255, 1, 1, 0.7853981633974483, 1.4142135623730951
193, 69, 192, 161, 191, 159, 1, 2, 1.1071487177940904, 2.23606797749979
193, 71, 314, 357, 312, 358, 2, -1, -0.4636476090008061, 2.23606797749979
193, 72, 87, 386, 84, 386, 3, 0, 0.0, 3.0
193, 73, 277, 283, 276, 282, 1, 1, 0.7853981633974483, 1.4142135623730951
193, 77, 101, 251, 100, 250, 1, 1, 0.7853981633974483, 1.4142135623730951
193, 78, 245, 354, 244, 355, 1, -1, -0.7853981633974483, 1.4142135623730951
194, 0, 89, 209, 87, 209, 2, 0, 0.0, 2.0
194, 1, 154, 150, 152, 149, 2, 1, 0.4636476090008061, 2.23606797749979
194, 3, 98, 252, 96, 252, 2, 0, 0.0, 2.0
194, 4, 162, 224, 161, 223, 1, 1, 0.7853981633974483, 1.4142135623730951
194, 8, 142, 257, 140, 256, 2, 1, 0.4636476090008061, 2.23606797749979
194, 9, 175, 226, 173, 224, 2, 2, 0.7853981633974483, 2.8284271247461903
194, 12, 238, 278, 237, 277, 1, 1, 0.7853981633974483, 1.4142135623730951
194, 14, 64, 368, 62, 369, 2, -1, -0.4636476090008061, 2.23606797749979
194, 15, 107, 252, 106, 251, 1, 1, 0.7853981633974483, 1.4142135623730951
194, 17, 44, 268, 43, 267, 1, 1, 0.7853981633974483, 1.4142135623730951
194, 18, 370, 324, 369, 326, 1, -2, -1.1071487177940904, 2.23606797749979
194, 20, 26, 171, 25, 170, 1, 1, 0.7853981633974483, 1.4142135623730951
194, 23, 129, 382, 127, 382, 2, 0, 0.0, 2.0
194, 24, 35, 324, 34, 323, 1, 1, 0.7853981633974483, 1.4142135623730951
194, 25, 39, 199, 38, 198, 1, 1, 0.7853981633974483, 1.4142135623730951
194, 31, 85, 276, 83, 275, 2, 1, 0.4636476090008061, 2.23606797749979
194, 32, 134, 213, 133, 212, 1, 1, 0.7853981633974483, 1.4142135623730951
194, 34, 17, 328, 16, 329, 1, -1, -0.7853981633974483, 1.4142135623730951
194, 36, 339, 323, 338, 324, 1, -1, -0.7853981633974483, 1.4142135623730951
194, 38, 70, 342, 69, 343, 1, -1, -0.7853981633974483, 1.4142135623730951
194, 39, 180, 382, 179, 383, 1, -1, -0.7853981633974483, 1.4142135623730951
194, 40, 215, 283, 214, 282, 1, 1, 0.7853981633974483, 1.4142135623730951
194, 47, 115, 357, 114, 358, 1, -1, -0.7853981633974483, 1.4142135623730951
194, 48, 227, 222, 226, 221, 1, 1, 0.7853981633974483, 1.4142135623730951
194, 49, 249, 204, 248, 203, 1, 1, 0.7853981633974483, 1.4142135623730951
194, 52, 77, 393, 75, 394, 2, -1, -0.4636476090008061, 2.23606797749979
194, 53, 194, 256, 193, 255, 1, 1, 0.7853981633974483, 1.4142135623730951
194, 54, 280, 361, 278, 362, 2, -1, -0.4636476090008061, 2.23606797749979
194, 55, 166, 221, 165, 220, 1, 1, 0.7853981633974483, 1.4142135623730951
194, 57, 285, 365, 283, 366, 2, -1, -0.4636476090008061, 2.23606797749979
194, 58, 217, 365, 215, 366, 2, -1, -0.4636476090008061, 2.23606797749979
194, 59, 175, 191, 174, 190, 1, 1, 0.7853981633974483, 1.4142135623730951
194, 67, 193, 162, 192, 161, 1, 1, 0.7853981633974483, 1.4142135623730951
194, 68, 342, 332, 340, 332, 2, 0, 0.0, 2.0
194, 69, 315, 356, 314, 357, 1, -1, -0.7853981633974483, 1.4142135623730951
194, 70, 89, 386, 87, 386, 2, 0, 0.0, 2.0
194, 74, 225, 166, 224, 164, 1, 2, 1.1071487177940904, 2.23606797749979
194, 75, 103, 252, 101, 251, 2, 1, 0.4636476090008061, 2.23606797749979
194, 76, 246, 353, 245, 354, 1, -1, -0.7853981633974483, 1.4142135623730951
195, 0, 153, 149, 152, 148, 1, 1, 0.7853981633974483, 1.4142135623730951
195, 3, 6, 200, 4, 200, 2, 0, 0.0, 2.0
195, 7, 96, 255, 95, 254, 1, 1, 0.7853981633974483, 1.4142135623730951
195, 9, 27, 271, 25, 271, 2, 0, 0.0, 2.0
195, 13, 17, 329, 16, 330, 1, -1, -0.7853981633974483, 1.4142135623730951
195, 14, 246, 276, 245, 275, 1, 1, 0.7853981633974483, 1.4142135623730951
195, 17, 369, 327, 368, 330, 1, -3, -1.2490457723982544, 3.1622776601683795
195, 19, 313, 337, 311, 337, 2, 0, 0.0, 2.0
195, 21, 147, 189, 146, 188, 1, 1, 0.7853981633974483, 1.4142135623730951
195, 23, 48, 249, 47, 248, 1, 1, 0.7853981633974483, 1.4142135623730951
195, 24, 112, 184, 111, 183, 1, 1, 0.7853981633974483, 1.4142135623730951
195, 26, 40, 200, 38, 199, 2, 1, 0.4636476090008061, 2.23606797749979
195, 27, 9, 303, 8, 304, 1, -1, -0.7853981633974483, 1.4142135623730951
195, 30, 130, 383, 128, 384, 2, -1, -0.4636476090008061, 2.23606797749979
195, 31, 96, 209, 95, 208, 1, 1, 0.7853981633974483, 1.4142135623730951
195, 33, 26, 172, 25, 171, 1, 1, 0.7853981633974483, 1.4142135623730951
195, 37, 123, 155, 122, 154, 1, 1, 0.7853981633974483, 1.4142135623730951
195, 38, 68, 316, 67, 317, 1, -1, -0.7853981633974483, 1.4142135623730951
195, 41, 150, 298, 149, 299, 1, -1, -0.7853981633974483, 1.4142135623730951
195, 57, 168, 252, 167, 251, 1, 1, 0.7853981633974483, 1.4142135623730951
195, 58, 76, 396, 74, 397, 2, -1, -0.4636476090008061, 2.23606797749979
195, 62, 315, 358, 314, 359, 1, -1, -0.7853981633974483, 1.4142135623730951
195, 65, 250, 202, 249, 201, 1, 1, 0.7853981633974483, 1.4142135623730951
195, 67, 157, 361, 156, 362, 1, -1, -0.7853981633974483, 1.4142135623730951
195, 68, 285, 367, 284, 368, 1, -1, -0.7853981633974483, 1.4142135623730951
195, 71, 235, 229, 234, 228, 1, 1, 0.7853981633974483, 1.4142135623730951
195, 79, 102, 332, 100, 334, 2, -2, -0.7853981633974483, 2.8284271247461903
195, 81, 168, 337, 167, 338, 1, -1, -0.7853981633974483, 1.4142135623730951
195, 82, 142, 257, 141, 256, 1, 1, 0.7853981633974483, 1.4142135623730951
196, 0, 154, 150, 153, 149, 1, 1, 0.7853981633974483, 1.4142135623730951
196, 3, 7, 201, 6, 200, 1, 1, 0.7853981633974483, 1.4142135623730951
196, 6, 163, 226, 162, 225, 1, 1, 0.7853981633974483, 1.4142135623730951
196, 9, 29, 272, 27, 271, 2, 1, 0.4636476090008061, 2.23606797749979
196, 13, 18, 328, 17, 329, 1, -1, -0.7853981633974483, 1.4142135623730951
196, 14, 247, 277, 246, 276, 1, 1, 0.7853981633974483, 1.4142135623730951
196, 17, 370, 324, 369, 327, 1, -3, -1.2490457723982544, 3.1622776601683795
196, 18, 66, 369, 64, 369, 2, 0, 0.0, 2.0
196, 24, 113, 185, 112, 184, 1, 1, 0.7853981633974483, 1.4142135623730951
196, 26, 41, 201, 40, 200, 1, 1, 0.7853981633974483, 1.4142135623730951
196, 30, 132, 382, 130, 383, 2, -1, -0.4636476090008061, 2.23606797749979
196, 32, 224, 364, 221, 365, 3, -1, -0.3217505543966422, 3.1622776601683795
196, 33, 28, 173, 26, 172, 2, 1, 0.4636476090008061, 2.23606797749979
196, 34, 259, 257, 258, 256, 1, 1, 0.7853981633974483, 1.4142135623730951
196, 35, 184, 196, 183, 195, 1, 1, 0.7853981633974483, 1.4142135623730951
196, 39, 102, 303, 101, 302, 1, 1, 0.7853981633974483, 1.4142135623730951
196, 41, 151, 299, 150, 298, 1, 1, 0.7853981633974483, 1.4142135623730951
196, 47, 137, 349, 136, 350, 1, -1, -0.7853981633974483, 1.4142135623730951
196, 48, 28, 222, 27, 223, 1, -1, -0.7853981633974483, 1.4142135623730951
196, 51, 264, 301, 263, 300, 1, 1, 0.7853981633974483, 1.4142135623730951
196, 54, 84, 277, 83, 276, 1, 1, 0.7853981633974483, 1.4142135623730951
196, 55, 134, 216, 133, 215, 1, 1, 0.7853981633974483, 1.4142135623730951
196, 57, 170, 253, 168, 252, 2, 1, 0.4636476090008061, 2.23606797749979
196, 58, 78, 395, 76, 396, 2, -1, -0.4636476090008061, 2.23606797749979
196, 60, 71, 343, 70, 344, 1, -1, -0.7853981633974483, 1.4142135623730951
196, 63, 278, 371, 276, 371, 2, 0, 0.0, 2.0
196, 68, 286, 366, 285, 367, 1, -1, -0.7853981633974483, 1.4142135623730951
196, 70, 37, 269, 36, 268, 1, 1, 0.7853981633974483, 1.4142135623730951
196, 71, 236, 230, 235, 229, 1, 1, 0.7853981633974483, 1.4142135623730951
196, 72, 267, 340, 267, 342, 0, -2, -1.5707963267948966, 2.0
196, 74, 197, 316, 199, 317, -2, -1, -2.677945044588987, 2.23606797749979
196, 78, 215, 284, 214, 283, 1, 1, 0.7853981633974483, 1.4142135623730951
196, 81, 169, 336, 168, 337, 1, -1, -0.7853981633974483, 1.4142135623730951
196, 82, 143, 258, 142, 257, 1, 1, 0.7853981633974483, 1.4142135623730951
197, 0, 155, 151, 154, 150, 1, 1, 0.7853981633974483, 1.4142135623730951
197, 4, 90, 211, 89, 210, 1, 1, 0.7853981633974483, 1.4142135623730951
197, 5, 200, 227, 198, 226, 2, 1, 0.4636476090008061, 2.23606797749979
197, 11, 79, 166, 78, 165, 1, 1, 0.7853981633974483, 1.4142135623730951
197, 12, 197, 262, 196, 261, 1, 1, 0.7853981633974483, 1.4142135623730951
197, 17, 371, 322, 370, 324, 1, -2, -1.1071487177940904, 2.23606797749979
197, 24, 114, 186, 113, 185, 1, 1, 0.7853981633974483, 1.4142135623730951
197, 29, 133, 381, 132, 382, 1, -1, -0.7853981633974483, 1.4142135623730951
197, 36, 125, 156, 123, 155, 2, 1, 0.4636476090008061, 2.23606797749979
197, 41, 60, 274, 58, 274, 2, 0, 0.0, 2.0
197, 42, 228, 333, 226, 334, 2, -1, -0.4636476090008061, 2.23606797749979
197, 43, 173, 226, 172, 225, 1, 1, 0.7853981633974483, 1.4142135623730951
197, 47, 29, 223, 28, 222, 1, 1, 0.7853981633974483, 1.4142135623730951
197, 49, 202, 167, 201, 166, 1, 1, 0.7853981633974483, 1.4142135623730951
197, 52, 236, 173, 235, 171, 1, 2, 1.1071487177940904, 2.23606797749979
197, 54, 135, 217, 134, 216, 1, 1, 0.7853981633974483, 1.4142135623730951
197, 57, 80, 394, 78, 395, 2, -1, -0.4636476090008061, 2.23606797749979
197, 58, 175, 338, 177, 337, -2, 1, 2.677945044588987, 2.23606797749979
197, 59, 72, 342, 71, 343, 1, -1, -0.7853981633974483, 1.4142135623730951
197, 61, 317, 357, 316, 358, 1, -1, -0.7853981633974483, 1.4142135623730951
197, 62, 280, 370, 278, 371, 2, -1, -0.4636476090008061, 2.23606797749979
197, 63, 206, 324, 205, 325, 1, -1, -0.7853981633974483, 1.4142135623730951
197, 65, 348, 333, 346, 334, 2, -1, -0.4636476090008061, 2.23606797749979
197, 66, 160, 360, 157, 361, 3, -1, -0.3217505543966422, 3.1622776601683795
197, 67, 288, 365, 286, 366, 2, -1, -0.4636476090008061, 2.23606797749979
197, 70, 237, 231, 236, 230, 1, 1, 0.7853981633974483, 1.4142135623730951
197, 71, 268, 339, 267, 340, 1, -1, -0.7853981633974483, 1.4142135623730951
197, 74, 165, 358, 168, 358, -3, 0, 3.141592653589793, 3.0
197, 80, 172, 336, 169, 336, 3, 0, 0.0, 3.0
198, 0, 156, 152, 155, 151, 1, 1, 0.7853981633974483, 1.4142135623730951
198, 2, 83, 311, 81, 311, 2, 0, 0.0, 2.0
198, 3, 9, 202, 8, 201, 1, 1, 0.7853981633974483, 1.4142135623730951
198, 6, 165, 227, 164, 226, 1, 1, 0.7853981633974483, 1.4142135623730951
198, 7, 100, 255, 98, 255, 2, 0, 0.0, 2.0
198, 9, 32, 272, 30, 272, 2, 0, 0.0, 2.0
198, 12, 199, 263, 197, 262, 2, 1, 0.4636476090008061, 2.23606797749979
198, 16, 242, 281, 241, 280, 1, 1, 0.7853981633974483, 1.4142135623730951
198, 17, 372, 320, 371, 322, 1, -2, -1.1071487177940904, 2.23606797749979
198, 19, 316, 339, 315, 337, 1, 2, 1.1071487177940904, 2.23606797749979
198, 21, 150, 190, 149, 189, 1, 1, 0.7853981633974483, 1.4142135623730951
198, 24, 115, 187, 114, 186, 1, 1, 0.7853981633974483, 1.4142135623730951
198, 26, 44, 202, 42, 201, 2, 1, 0.4636476090008061, 2.23606797749979
198, 27, 12, 302, 11, 303, 1, -1, -0.7853981633974483, 1.4142135623730951
198, 29, 135, 380, 133, 381, 2, -1, -0.4636476090008061, 2.23606797749979
198, 30, 99, 210, 97, 209, 2, 1, 0.4636476090008061, 2.23606797749979
198, 31, 225, 366, 224, 364, 1, 2, 1.1071487177940904, 2.23606797749979
198, 32, 30, 174, 29, 173, 1, 1, 0.7853981633974483, 1.4142135623730951
198, 33, 258, 260, 259, 258, -1, 2, 2.0344439357957027, 2.23606797749979
198, 34, 186, 197, 185, 196, 1, 1, 0.7853981633974483, 1.4142135623730951
198, 35, 174, 378, 173, 381, 1, -3, -1.2490457723982544, 3.1622776601683795
198, 43, 174, 227, 173, 226, 1, 1, 0.7853981633974483, 1.4142135623730951
198, 49, 203, 168, 202, 167, 1, 1, 0.7853981633974483, 1.4142135623730951
198, 50, 264, 305, 264, 302, 0, 3, 1.5707963267948966, 3.0
198, 52, 237, 174, 236, 173, 1, 1, 0.7853981633974483, 1.4142135623730951
198, 56, 172, 254, 171, 253, 1, 1, 0.7853981633974483, 1.4142135623730951
198, 57, 82, 393, 80, 394, 2, -1, -0.4636476090008061, 2.23606797749979
198, 61, 319, 356, 317, 357, 2, -1, -0.4636476090008061, 2.23606797749979
198, 62, 282, 369, 280, 370, 2, -1, -0.4636476090008061, 2.23606797749979
198, 65, 349, 332, 348, 333, 1, -1, -0.7853981633974483, 1.4142135623730951
198, 66, 161, 359, 160, 360, 1, -1, -0.7853981633974483, 1.4142135623730951
198, 67, 290, 364, 288, 365, 2, -1, -0.4636476090008061, 2.23606797749979
198, 70, 238, 232, 237, 231, 1, 1, 0.7853981633974483, 1.4142135623730951
198, 71, 271, 337, 268, 339, 3, -2, -0.5880026035475675, 3.605551275463989
198, 73, 198, 314, 197, 315, 1, -1, -0.7853981633974483, 1.4142135623730951
198, 75, 177, 285, 176, 284, 1, 1, 0.7853981633974483, 1.4142135623730951
198, 77, 104, 331, 103, 332, 1, -1, -0.7853981633974483, 1.4142135623730951
198, 80, 145, 259, 144, 258, 1, 1, 0.7853981633974483, 1.4142135623730951
199, 0, 157, 153, 156, 152, 1, 1, 0.7853981633974483, 1.4142135623730951
199, 7, 101, 256, 100, 255, 1, 1, 0.7853981633974483, 1.4142135623730951
199, 10, 132, 287, 130, 287, 2, 0, 0.0, 2.0
199, 17, 373, 316, 372, 320, 1, -4, -1.3258176636680326, 4.123105625617661
199, 24, 116, 188, 115, 187, 1, 1, 0.7853981633974483, 1.4142135623730951
199, 26, 45, 203, 44, 202, 1, 1, 0.7853981633974483, 1.4142135623730951
199, 27, 14, 302, 12, 302, 2, 0, 0.0, 2.0
199, 31, 227, 366, 225, 366, 2, 0, 0.0, 2.0
199, 33, 259, 261, 258, 260, 1, 1, 0.7853981633974483, 1.4142135623730951
199, 34, 187, 198, 186, 197, 1, 1, 0.7853981633974483, 1.4142135623730951
199, 35, 178, 376, 174, 378, 4, -2, -0.4636476090008061, 4.47213595499958
199, 41, 62, 273, 61, 274, 1, -1, -0.7853981633974483, 1.4142135623730951
199, 43, 175, 228, 174, 227, 1, 1, 0.7853981633974483, 1.4142135623730951
199, 44, 139, 339, 138, 340, 1, -1, -0.7853981633974483, 1.4142135623730951
199, 48, 65, 190, 63, 189, 2, 1, 0.4636476090008061, 2.23606797749979
199, 49, 204, 169, 203, 168, 1, 1, 0.7853981633974483, 1.4142135623730951
199, 52, 238, 175, 237, 174, 1, 1, 0.7853981633974483, 1.4142135623730951
199, 53, 88, 277, 86, 277, 2, 0, 0.0, 2.0
199, 54, 137, 218, 136, 217, 1, 1, 0.7853981633974483, 1.4142135623730951
199, 57, 84, 393, 82, 393, 2, 0, 0.0, 2.0
199, 59, 74, 341, 73, 342, 1, -1, -0.7853981633974483, 1.4142135623730951
199, 61, 321, 355, 319, 356, 2, -1, -0.4636476090008061, 2.23606797749979
199, 64, 251, 205, 250, 204, 1, 1, 0.7853981633974483, 1.4142135623730951
199, 65, 350, 331, 349, 332, 1, -1, -0.7853981633974483, 1.4142135623730951
199, 66, 162, 360, 161, 359, 1, 1, 0.7853981633974483, 1.4142135623730951
199, 70, 239, 234, 238, 232, 1, 2, 1.1071487177940904, 2.23606797749979
199, 71, 273, 337, 271, 337, 2, 0, 0.0, 2.0
199, 72, 118, 234, 117, 233, 1, 1, 0.7853981633974483, 1.4142135623730951
199, 73, 200, 313, 198, 314, 2, -1, -0.4636476090008061, 2.23606797749979
199, 79, 174, 337, 173, 336, 1, 1, 0.7853981633974483, 1.4142135623730951
200, 3, 85, 312, 84, 313, 1, -1, -0.7853981633974483, 1.4142135623730951
200, 5, 101, 258, 100, 257, 1, 1, 0.7853981633974483, 1.4142135623730951
200, 8, 31, 273, 30, 272, 1, 1, 0.7853981633974483, 1.4142135623730951
200, 13, 241, 200, 241, 198, 0, 2, 1.5707963267948966, 2.0
200, 14, 205, 232, 203, 232, 2, 0, 0.0, 2.0
200, 15, 203, 268, 202, 267, 1, 1, 0.7853981633974483, 1.4142135623730951
200, 17, 196, 228, 195, 227, 1, 1, 0.7853981633974483, 1.4142135623730951
200, 18, 375, 322, 373, 325, 2, -3, -0.982793723247329, 3.605551275463989
200, 22, 290, 363, 289, 364, 1, -1, -0.7853981633974483, 1.4142135623730951
200, 28, 17, 254, 16, 253, 1, 1, 0.7853981633974483, 1.4142135623730951
200, 29, 111, 359, 110, 360, 1, -1, -0.7853981633974483, 1.4142135623730951
200, 32, 245, 281, 244, 280, 1, 1, 0.7853981633974483, 1.4142135623730951
200, 33, 81, 168, 80, 167, 1, 1, 0.7853981633974483, 1.4142135623730951
200, 35, 81, 391, 79, 392, 2, -1, -0.4636476090008061, 2.23606797749979
200, 38, 265, 324, 267, 325, -2, -1, -2.677945044588987, 2.23606797749979
200, 43, 11, 351, 8, 351, 3, 0, 0.0, 3.0
200, 45, 174, 339, 173, 340, 1, -1, -0.7853981633974483, 1.4142135623730951
200, 46, 134, 382, 133, 383, 1, -1, -0.7853981633974483, 1.4142135623730951
200, 49, 15, 305, 13, 305, 2, 0, 0.0, 2.0
200, 50, 116, 188, 115, 187, 1, 1, 0.7853981633974483, 1.4142135623730951
200, 52, 96, 150, 95, 149, 1, 1, 0.7853981633974483, 1.4142135623730951
200, 55, 173, 255, 172, 254, 1, 1, 0.7853981633974483, 1.4142135623730951
200, 56, 228, 370, 227, 371, 1, -1, -0.7853981633974483, 1.4142135623730951
200, 59, 183, 386, 182, 387, 1, -1, -0.7853981633974483, 1.4142135623730951
200, 63, 163, 363, 162, 364, 1, -1, -0.7853981633974483, 1.4142135623730951
200, 64, 249, 356, 248, 357, 1, -1, -0.7853981633974483, 1.4142135623730951
200, 65, 252, 206, 251, 205, 1, 1, 0.7853981633974483, 1.4142135623730951
200, 68, 292, 370, 291, 371, 1, -1, -0.7853981633974483, 1.4142135623730951
200, 70, 320, 359, 318, 360, 2, -1, -0.4636476090008061, 2.23606797749979
200, 71, 31, 357, 29, 358, 2, -1, -0.4636476090008061, 2.23606797749979
200, 72, 161, 252, 160, 251, 1, 1, 0.7853981633974483, 1.4142135623730951
200, 73, 241, 236, 240, 235, 1, 1, 0.7853981633974483, 1.4142135623730951
200, 74, 350, 333, 348, 334, 2, -1, -0.4636476090008061, 2.23606797749979
200, 81, 53, 232, 51, 231, 2, 1, 0.4636476090008061, 2.23606797749979
200, 84, 139, 377, 138, 378, 1, -1, -0.7853981633974483, 1.4142135623730951
200, 85, 316, 342, 315, 343, 1, -1, -0.7853981633974483, 1.4142135623730951
201, 2, 153, 284, 152, 285, 1, -1, -0.7853981633974483, 1.4142135623730951
201, 4, 93, 212, 91, 212, 2, 0, 0.0, 2.0
201, 7, 166, 229, 165, 228, 1, 1, 0.7853981633974483, 1.4142135623730951
201, 11, 44, 204, 43, 203, 1, 1, 0.7853981633974483, 1.4142135623730951
201, 12, 194, 265, 193, 264, 1, 1, 0.7853981633974483, 1.4142135623730951
201, 13, 242, 201, 241, 200, 1, 1, 0.7853981633974483, 1.4142135623730951
201, 15, 205, 268, 203, 268, 2, 0, 0.0, 2.0
201, 18, 377, 319, 375, 322, 2, -3, -0.982793723247329, 3.605551275463989
201, 21, 137, 219, 136, 218, 1, 1, 0.7853981633974483, 1.4142135623730951
201, 22, 292, 363, 290, 363, 2, 0, 0.0, 2.0
201, 23, 104, 296, 103, 297, 1, -1, -0.7853981633974483, 1.4142135623730951
201, 26, 7, 325, 6, 326, 1, -1, -0.7853981633974483, 1.4142135623730951
201, 27, 20, 330, 19, 331, 1, -1, -0.7853981633974483, 1.4142135623730951
201, 35, 83, 390, 81, 391, 2, -1, -0.4636476090008061, 2.23606797749979
201, 38, 265, 322, 265, 324, 0, -2, -1.5707963267948966, 2.0
201, 40, 148, 341, 147, 340, 1, 1, 0.7853981633974483, 1.4142135623730951
201, 45, 175, 338, 174, 339, 1, -1, -0.7853981633974483, 1.4142135623730951
201, 46, 135, 381, 134, 382, 1, -1, -0.7853981633974483, 1.4142135623730951
201, 47, 31, 174, 30, 173, 1, 1, 0.7853981633974483, 1.4142135623730951
201, 49, 117, 189, 116, 188, 1, 1, 0.7853981633974483, 1.4142135623730951
201, 53, 175, 255, 173, 255, 2, 0, 0.0, 2.0
201, 54, 230, 369, 228, 370, 2, -1, -0.4636476090008061, 2.23606797749979
201, 56, 151, 193, 150, 192, 1, 1, 0.7853981633974483, 1.4142135623730951
201, 57, 185, 384, 183, 386, 2, -2, -0.7853981633974483, 2.8284271247461903
201, 58, 263, 305, 262, 306, 1, -1, -0.7853981633974483, 1.4142135623730951
201, 62, 250, 355, 249, 356, 1, -1, -0.7853981633974483, 1.4142135623730951
201, 65, 118, 237, 117, 236, 1, 1, 0.7853981633974483, 1.4142135623730951
201, 66, 294, 369, 292, 370, 2, -1, -0.4636476090008061, 2.23606797749979
201, 68, 322, 358, 320, 359, 2, -1, -0.4636476090008061, 2.23606797749979
201, 70, 162, 254, 161, 252, 1, 2, 1.1071487177940904, 2.23606797749979
201, 72, 351, 332, 350, 333, 1, -1, -0.7853981633974483, 1.4142135623730951
201, 73, 147, 216, 146, 215, 1, 1, 0.7853981633974483, 1.4142135623730951
201, 79, 55, 233, 53, 232, 2, 1, 0.4636476090008061, 2.23606797749979
202, 1, 158, 153, 157, 152, 1, 1, 0.7853981633974483, 1.4142135623730951
202, 3, 86, 310, 85, 311, 1, -1, -0.7853981633974483, 1.4142135623730951
202, 4, 94, 213, 93, 212, 1, 1, 0.7853981633974483, 1.4142135623730951
202, 11, 45, 205, 44, 204, 1, 1, 0.7853981633974483, 1.4142135623730951
202, 13, 243, 203, 242, 201, 1, 2, 1.1071487177940904, 2.23606797749979
202, 15, 206, 269, 205, 268, 1, 1, 0.7853981633974483, 1.4142135623730951
202, 16, 107, 305, 106, 306, 1, -1, -0.7853981633974483, 1.4142135623730951
202, 18, 378, 317, 377, 319, 1, -2, -1.1071487177940904, 2.23606797749979
202, 19, 139, 339, 138, 341, 1, -2, -1.1071487177940904, 2.23606797749979
202, 22, 294, 362, 292, 363, 2, -1, -0.4636476090008061, 2.23606797749979
202, 25, 259, 264, 258, 263, 1, 1, 0.7853981633974483, 1.4142135623730951
202, 26, 3, 324, 7, 325, -4, -1, -2.896613990462929, 4.123105625617661
202, 29, 112, 358, 111, 359, 1, -1, -0.7853981633974483, 1.4142135623730951
202, 35, 86, 389, 83, 390, 3, -1, -0.3217505543966422, 3.1622776601683795
202, 36, 70, 194, 65, 192, 5, 2, 0.3805063771123649, 5.385164807134504
202, 39, 55, 250, 54, 249, 1, 1, 0.7853981633974483, 1.4142135623730951
202, 40, 150, 341, 148, 341, 2, 0, 0.0, 2.0
202, 45, 177, 338, 175, 338, 2, 0, 0.0, 2.0
202, 46, 136, 380, 135, 381, 1, -1, -0.7853981633974483, 1.4142135623730951
202, 49, 118, 190, 117, 189, 1, 1, 0.7853981633974483, 1.4142135623730951
202, 50, 99, 150, 97, 150, 2, 0, 0.0, 2.0
202, 52, 76, 343, 75, 344, 1, -1, -0.7853981633974483, 1.4142135623730951
202, 54, 231, 368, 230, 369, 1, -1, -0.7853981633974483, 1.4142135623730951
202, 55, 94, 388, 93, 387, 1, 1, 0.7853981633974483, 1.4142135623730951
202, 61, 166, 362, 164, 363, 2, -1, -0.4636476090008061, 2.23606797749979
202, 62, 252, 354, 250, 355, 2, -1, -0.4636476090008061, 2.23606797749979
202, 63, 253, 208, 252, 206, 1, 2, 1.1071487177940904, 2.23606797749979
202, 65, 123, 239, 118, 237, 5, 2, 0.3805063771123649, 5.385164807134504
202, 66, 296, 368, 294, 369, 2, -1, -0.4636476090008061, 2.23606797749979
202, 70, 164, 254, 162, 254, 2, 0, 0.0, 2.0
202, 72, 352, 331, 351, 332, 1, -1, -0.7853981633974483, 1.4142135623730951
202, 78, 52, 232, 55, 233, -3, -1, -2.819842099193151, 3.1622776601683795
202, 81, 141, 376, 140, 377, 1, -1, -0.7853981633974483, 1.4142135623730951
203, 4, 95, 212, 94, 213, 1, -1, -0.7853981633974483, 1.4142135623730951
203, 7, 168, 230, 167, 229, 1, 1, 0.7853981633974483, 1.4142135623730951
203, 17, 198, 230, 197, 229, 1, 1, 0.7853981633974483, 1.4142135623730951
203, 18, 379, 315, 378, 317, 1, -2, -1.1071487177940904, 2.23606797749979
203, 21, 139, 220, 138, 219, 1, 1, 0.7853981633974483, 1.4142135623730951
203, 22, 296, 362, 294, 362, 2, 0, 0.0, 2.0
203, 23, 105, 295, 104, 296, 1, -1, -0.7853981633974483, 1.4142135623730951
203, 24, 144, 347, 142, 348, 2, -1, -0.4636476090008061, 2.23606797749979
203, 29, 113, 357, 112, 358, 1, -1, -0.7853981633974483, 1.4142135623730951
203, 31, 39, 328, 37, 328, 2, 0, 0.0, 2.0
203, 35, 88, 389, 86, 389, 2, 0, 0.0, 2.0
203, 38, 268, 321, 265, 321, 3, 0, 0.0, 3.0
203, 40, 152, 341, 150, 341, 2, 0, 0.0, 2.0
203, 42, 123, 286, 122, 285, 1, 1, 0.7853981633974483, 1.4142135623730951
203, 45, 178, 337, 177, 338, 1, -1, -0.7853981633974483, 1.4142135623730951
203, 46, 138, 379, 136, 380, 2, -1, -0.4636476090008061, 2.23606797749979
203, 49, 119, 191, 118, 190, 1, 1, 0.7853981633974483, 1.4142135623730951
203, 50, 98, 151, 99, 150, -1, 1, 2.356194490192345, 1.4142135623730951
203, 52, 77, 342, 76, 343, 1, -1, -0.7853981633974483, 1.4142135623730951
203, 56, 152, 194, 151, 193, 1, 1, 0.7853981633974483, 1.4142135623730951
203, 57, 187, 383, 186, 384, 1, -1, -0.7853981633974483, 1.4142135623730951
203, 61, 167, 361, 166, 362, 1, -1, -0.7853981633974483, 1.4142135623730951
203, 66, 298, 368, 296, 368, 2, 0, 0.0, 2.0
203, 67, 285, 339, 283, 340, 2, -1, -0.4636476090008061, 2.23606797749979
203, 69, 35, 357, 33, 357, 2, 0, 0.0, 2.0
203, 72, 353, 330, 352, 331, 1, -1, -0.7853981633974483, 1.4142135623730951
203, 76, 222, 287, 221, 286, 1, 1, 0.7853981633974483, 1.4142135623730951
203, 78, 55, 232, 52, 232, 3, 0, 0.0, 3.0
203, 81, 142, 375, 141, 376, 1, -1, -0.7853981633974483, 1.4142135623730951
204, 4, 96, 213, 95, 212, 1, 1, 0.7853981633974483, 1.4142135623730951
204, 11, 47, 206, 46, 205, 1, 1, 0.7853981633974483, 1.4142135623730951
204, 12, 196, 267, 195, 266, 1, 1, 0.7853981633974483, 1.4142135623730951
204, 14, 209, 233, 208, 232, 1, 1, 0.7853981633974483, 1.4142135623730951
204, 17, 199, 231, 198, 230, 1, 1, 0.7853981633974483, 1.4142135623730951
204, 22, 297, 361, 296, 362, 1, -1, -0.7853981633974483, 1.4142135623730951
204, 27, 22, 329, 21, 330, 1, -1, -0.7853981633974483, 1.4142135623730951
204, 32, 246, 282, 245, 281, 1, 1, 0.7853981633974483, 1.4142135623730951
204, 35, 90, 389, 88, 389, 2, 0, 0.0, 2.0
204, 36, 73, 194, 71, 194, 2, 0, 0.0, 2.0
204, 38, 269, 320, 268, 321, 1, -1, -0.7853981633974483, 1.4142135623730951
204, 45, 179, 336, 178, 337, 1, -1, -0.7853981633974483, 1.4142135623730951
204, 47, 34, 175, 33, 174, 1, 1, 0.7853981633974483, 1.4142135623730951
204, 49, 120, 192, 119, 191, 1, 1, 0.7853981633974483, 1.4142135623730951
204, 50, 99, 152, 98, 151, 1, 1, 0.7853981633974483, 1.4142135623730951
204, 56, 153, 195, 152, 194, 1, 1, 0.7853981633974483, 1.4142135623730951
204, 58, 265, 304, 264, 305, 1, -1, -0.7853981633974483, 1.4142135623730951
204, 61, 168, 360, 167, 361, 1, -1, -0.7853981633974483, 1.4142135623730951
204, 62, 254, 353, 253, 354, 1, -1, -0.7853981633974483, 1.4142135623730951
204, 63, 254, 210, 253, 209, 1, 1, 0.7853981633974483, 1.4142135623730951
204, 66, 299, 367, 298, 368, 1, -1, -0.7853981633974483, 1.4142135623730951
204, 67, 289, 337, 285, 339, 4, -2, -0.4636476090008061, 4.47213595499958
204, 69, 36, 356, 35, 357, 1, -1, -0.7853981633974483, 1.4142135623730951
204, 70, 165, 253, 163, 254, 2, -1, -0.4636476090008061, 2.23606797749979
204, 71, 244, 237, 243, 236, 1, 1, 0.7853981633974483, 1.4142135623730951
204, 72, 354, 329, 353, 330, 1, -1, -0.7853981633974483, 1.4142135623730951
204, 78, 57, 233, 55, 232, 2, 1, 0.4636476090008061, 2.23606797749979
204, 79, 125, 155, 124, 154, 1, 1, 0.7853981633974483, 1.4142135623730951
204, 81, 143, 374, 142, 375, 1, -1, -0.7853981633974483, 1.4142135623730951
205, 9, 145, 348, 144, 349, 1, -1, -0.7853981633974483, 1.4142135623730951
205, 12, 252, 211, 251, 210, 1, 1, 0.7853981633974483, 1.4142135623730951
205, 13, 178, 257, 176, 256, 2, 1, 0.4636476090008061, 2.23606797749979
205, 15, 104, 260, 103, 259, 1, 1, 0.7853981633974483, 1.4142135623730951
205, 16, 197, 268, 196, 267, 1, 1, 0.7853981633974483, 1.4142135623730951
205, 18, 379, 319, 378, 321, 1, -2, -1.1071487177940904, 2.23606797749979
205, 20, 74, 370, 72, 370, 2, 0, 0.0, 2.0
205, 21, 293, 366, 291, 367, 2, -1, -0.4636476090008061, 2.23606797749979
205, 23, 139, 381, 138, 382, 1, -1, -0.7853981633974483, 1.4142135623730951
205, 27, 217, 320, 215, 318, 2, 2, 0.7853981633974483, 2.8284271247461903
205, 30, 142, 211, 141, 210, 1, 1, 0.7853981633974483, 1.4142135623730951
205, 31, 197, 232, 197, 230, 0, 2, 1.5707963267948966, 2.0
205, 32, 7, 358, 6, 359, 1, -1, -0.7853981633974483, 1.4142135623730951
205, 34, 262, 264, 261, 263, 1, 1, 0.7853981633974483, 1.4142135623730951
205, 35, 78, 344, 77, 345, 1, -1, -0.7853981633974483, 1.4142135623730951
205, 36, 231, 369, 230, 370, 1, -1, -0.7853981633974483, 1.4142135623730951
205, 37, 12, 325, 9, 325, 3, 0, 0.0, 3.0
205, 38, 289, 338, 286, 339, 3, -1, -0.3217505543966422, 3.1622776601683795
205, 41, 88, 395, 86, 396, 2, -1, -0.4636476090008061, 2.23606797749979
205, 43, 272, 321, 269, 321, 3, 0, 0.0, 3.0
205, 44, 141, 161, 140, 159, 1, 2, 1.1071487177940904, 2.23606797749979
205, 50, 194, 375, 191, 376, 3, -1, -0.3217505543966422, 3.1622776601683795
205, 53, 59, 249, 57, 249, 2, 0, 0.0, 2.0
205, 55, 196, 283, 193, 282, 3, 1, 0.3217505543966422, 3.1622776601683795
205, 57, 186, 389, 184, 389, 2, 0, 0.0, 2.0
205, 58, 66, 275, 65, 276, 1, -1, -0.7853981633974483, 1.4142135623730951
205, 59, 176, 338, 175, 339, 1, -1, -0.7853981633974483, 1.4142135623730951
205, 61, 293, 321, 291, 320, 2, 1, 0.4636476090008061, 2.23606797749979
205, 62, 39, 228, 37, 228, 2, 0, 0.0, 2.0
205, 63, 135, 242, 133, 241, 2, 1, 0.4636476090008061, 2.23606797749979
205, 68, 167, 363, 166, 364, 1, -1, -0.7853981633974483, 1.4142135623730951
205, 72, 87, 200, 85, 199, 2, 1, 0.4636476090008061, 2.23606797749979
205, 79, 299, 367, 298, 368, 1, -1, -0.7853981633974483, 1.4142135623730951
205, 89, 126, 320, 125, 321, 1, -1, -0.7853981633974483, 1.4142135623730951
205, 90, 56, 233, 54, 232, 2, 1, 0.4636476090008061, 2.23606797749979
206, 0, 15, 205, 14, 204, 1, 1, 0.7853981633974483, 1.4142135623730951
206, 2, 88, 310, 87, 311, 1, -1, -0.7853981633974483, 1.4142135623730951
206, 8, 24, 334, 23, 335, 1, -1, -0.7853981633974483, 1.4142135623730951
206, 18, 381, 317, 379, 319, 2, -2, -0.7853981633974483, 2.8284271247461903
206, 21, 294, 365, 293, 366, 1, -1, -0.7853981633974483, 1.4142135623730951
206, 22, 21, 305, 19, 305, 2, 0, 0.0, 2.0
206, 23, 140, 380, 139, 381, 1, -1, -0.7853981633974483, 1.4142135623730951
206, 25, 210, 232, 209, 231, 1, 1, 0.7853981633974483, 1.4142135623730951
206, 26, 143, 220, 142, 219, 1, 1, 0.7853981633974483, 1.4142135623730951
206, 27, 219, 320, 217, 320, 2, 0, 0.0, 2.0
206, 31, 198, 233, 197, 232, 1, 1, 0.7853981633974483, 1.4142135623730951
206, 36, 232, 368, 231, 369, 1, -1, -0.7853981633974483, 1.4142135623730951
206, 37, 14, 324, 12, 325, 2, -1, -0.4636476090008061, 2.23606797749979
206, 38, 292, 338, 289, 338, 3, 0, 0.0, 3.0
206, 40, 121, 191, 120, 190, 1, 1, 0.7853981633974483, 1.4142135623730951
206, 41, 90, 395, 88, 395, 2, 0, 0.0, 2.0
206, 43, 275, 321, 272, 321, 3, 0, 0.0, 3.0
206, 49, 199, 374, 194, 375, 5, -1, -0.19739555984988075, 5.0990195135927845
206, 54, 199, 284, 196, 283, 3, 1, 0.3217505543966422, 3.1622776601683795
206, 56, 187, 388, 186, 389, 1, -1, -0.7853981633974483, 1.4142135623730951
206, 61, 40, 229, 39, 228, 1, 1, 0.7853981633974483, 1.4142135623730951
206, 62, 137, 243, 135, 242, 2, 1, 0.4636476090008061, 2.23606797749979
206, 63, 72, 195, 71, 194, 1, 1, 0.7853981633974483, 1.4142135623730951
206, 66, 354, 327, 353, 329, 1, -2, -1.1071487177940904, 2.23606797749979
206, 67, 168, 362, 167, 363, 1, -1, -0.7853981633974483, 1.4142135623730951
206, 71, 88, 201, 87, 200, 1, 1, 0.7853981633974483, 1.4142135623730951
206, 72, 105, 215, 104, 214, 1, 1, 0.7853981633974483, 1.4142135623730951
206, 76, 225, 288, 223, 287, 2, 1, 0.4636476090008061, 2.23606797749979
206, 77, 268, 306, 267, 307, 1, -1, -0.7853981633974483, 1.4142135623730951
206, 78, 300, 366, 299, 367, 1, -1, -0.7853981633974483, 1.4142135623730951
206, 80, 345, 326, 343, 326, 2, 0, 0.0, 2.0
206, 81, 100, 153, 99, 152, 1, 1, 0.7853981633974483, 1.4142135623730951
206, 85, 203, 174, 202, 173, 1, 1, 0.7853981633974483, 1.4142135623730951
206, 87, 239, 179, 238, 178, 1, 1, 0.7853981633974483, 1.4142135623730951
206, 89, 59, 234, 56, 233, 3, 1, 0.3217505543966422, 3.1622776601683795
207, 3, 97, 215, 96, 214, 1, 1, 0.7853981633974483, 1.4142135623730951
207, 4, 161, 157, 160, 156, 1, 1, 0.7853981633974483, 1.4142135623730951
207, 5, 139, 263, 138, 262, 1, 1, 0.7853981633974483, 1.4142135623730951
207, 7, 170, 233, 169, 232, 1, 1, 0.7853981633974483, 1.4142135623730951
207, 12, 254, 212, 253, 211, 1, 1, 0.7853981633974483, 1.4142135623730951
207, 13, 180, 258, 179, 257, 1, 1, 0.7853981633974483, 1.4142135623730951
207, 14, 85, 174, 84, 173, 1, 1, 0.7853981633974483, 1.4142135623730951
207, 16, 199, 269, 198, 268, 1, 1, 0.7853981633974483, 1.4142135623730951
207, 17, 206, 270, 205, 269, 1, 1, 0.7853981633974483, 1.4142135623730951
207, 18, 382, 315, 381, 317, 1, -2, -1.1071487177940904, 2.23606797749979
207, 21, 295, 364, 294, 365, 1, -1, -0.7853981633974483, 1.4142135623730951
207, 22, 23, 304, 21, 305, 2, -1, -0.4636476090008061, 2.23606797749979
207, 23, 141, 379, 140, 380, 1, -1, -0.7853981633974483, 1.4142135623730951
207, 27, 220, 321, 219, 320, 1, 1, 0.7853981633974483, 1.4142135623730951
207, 31, 199, 234, 198, 233, 1, 1, 0.7853981633974483, 1.4142135623730951
207, 32, 10, 358, 8, 358, 2, 0, 0.0, 2.0
207, 33, 46, 327, 45, 328, 1, -1, -0.7853981633974483, 1.4142135623730951
207, 36, 233, 367, 232, 368, 1, -1, -0.7853981633974483, 1.4142135623730951
207, 38, 295, 338, 292, 338, 3, 0, 0.0, 3.0
207, 41, 92, 395, 90, 395, 2, 0, 0.0, 2.0
207, 43, 277, 322, 275, 321, 2, 1, 0.4636476090008061, 2.23606797749979
207, 45, 117, 362, 116, 363, 1, -1, -0.7853981633974483, 1.4142135623730951
207, 49, 202, 373, 199, 374, 3, -1, -0.3217505543966422, 3.1622776601683795
207, 50, 158, 304, 157, 305, 1, -1, -0.7853981633974483, 1.4142135623730951
207, 53, 255, 355, 254, 356, 1, -1, -0.7853981633974483, 1.4142135623730951
207, 54, 200, 286, 199, 284, 1, 2, 1.1071487177940904, 2.23606797749979
207, 58, 178, 337, 177, 338, 1, -1, -0.7853981633974483, 1.4142135623730951
207, 60, 293, 322, 292, 321, 1, 1, 0.7853981633974483, 1.4142135623730951
207, 61, 41, 230, 40, 229, 1, 1, 0.7853981633974483, 1.4142135623730951
207, 66, 355, 326, 354, 327, 1, -1, -0.7853981633974483, 1.4142135623730951
207, 75, 209, 226, 208, 225, 1, 1, 0.7853981633974483, 1.4142135623730951
207, 77, 269, 305, 268, 306, 1, -1, -0.7853981633974483, 1.4142135623730951
207, 78, 301, 364, 300, 366, 1, -2, -1.1071487177940904, 2.23606797749979
208, 0, 17, 206, 16, 205, 1, 1, 0.7853981633974483, 1.4142135623730951
208, 8, 26, 333, 25, 334, 1, -1, -0.7853981633974483, 1.4142135623730951
208, 17, 207, 271, 206, 270, 1, 1, 0.7853981633974483, 1.4142135623730951
208, 18, 382, 313, 382, 315, 0, -2, -1.5707963267948966, 2.0
208, 22, 25, 303, 23, 304, 2, -1, -0.4636476090008061, 2.23606797749979
208, 29, 108, 294, 106, 294, 2, 0, 0.0, 2.0
208, 30, 144, 212, 143, 211, 1, 1, 0.7853981633974483, 1.4142135623730951
208, 31, 200, 235, 199, 234, 1, 1, 0.7853981633974483, 1.4142135623730951
208, 32, 12, 357, 10, 358, 2, -1, -0.4636476090008061, 2.23606797749979
208, 35, 82, 344, 80, 344, 2, 0, 0.0, 2.0
208, 36, 234, 366, 233, 367, 1, -1, -0.7853981633974483, 1.4142135623730951
208, 37, 16, 323, 15, 324, 1, -1, -0.7853981633974483, 1.4142135623730951
208, 38, 297, 338, 295, 338, 2, 0, 0.0, 2.0
208, 39, 51, 208, 49, 207, 2, 1, 0.4636476090008061, 2.23606797749979
208, 40, 123, 192, 122, 191, 1, 1, 0.7853981633974483, 1.4142135623730951
208, 43, 278, 323, 277, 322, 1, 1, 0.7853981633974483, 1.4142135623730951
208, 44, 142, 164, 141, 163, 1, 1, 0.7853981633974483, 1.4142135623730951
208, 45, 118, 361, 117, 362, 1, -1, -0.7853981633974483, 1.4142135623730951
208, 49, 204, 372, 202, 373, 2, -1, -0.4636476090008061, 2.23606797749979
208, 50, 159, 303, 158, 304, 1, -1, -0.7853981633974483, 1.4142135623730951
208, 54, 201, 287, 200, 286, 1, 1, 0.7853981633974483, 1.4142135623730951
208, 56, 190, 387, 188, 388, 2, -1, -0.4636476090008061, 2.23606797749979
208, 59, 17, 260, 15, 260, 2, 0, 0.0, 2.0
208, 63, 74, 196, 73, 195, 1, 1, 0.7853981633974483, 1.4142135623730951
208, 66, 356, 325, 355, 326, 1, -1, -0.7853981633974483, 1.4142135623730951
208, 67, 169, 360, 168, 361, 1, -1, -0.7853981633974483, 1.4142135623730951
208, 70, 65, 137, 64, 136, 1, 1, 0.7853981633974483, 1.4142135623730951
208, 80, 347, 326, 345, 326, 2, 0, 0.0, 2.0
208, 85, 205, 175, 204, 174, 1, 1, 0.7853981633974483, 1.4142135623730951
209, 2, 89, 308, 88, 309, 1, -1, -0.7853981633974483, 1.4142135623730951
209, 3, 99, 216, 98, 215, 1, 1, 0.7853981633974483, 1.4142135623730951
209, 4, 162, 159, 161, 158, 1, 1, 0.7853981633974483, 1.4142135623730951
209, 6, 171, 235, 170, 234, 1, 1, 0.7853981633974483, 1.4142135623730951
209, 7, 27, 332, 26, 333, 1, -1, -0.7853981633974483, 1.4142135623730951
209, 11, 255, 214, 254, 213, 1, 1, 0.7853981633974483, 1.4142135623730951
209, 12, 182, 260, 181, 258, 1, 2, 1.1071487177940904, 2.23606797749979
209, 13, 87, 175, 86, 174, 1, 1, 0.7853981633974483, 1.4142135623730951
209, 15, 201, 270, 200, 269, 1, 1, 0.7853981633974483, 1.4142135623730951
209, 17, 383, 310, 382, 313, 1, -3, -1.2490457723982544, 3.1622776601683795
209, 22, 144, 379, 142, 379, 2, 0, 0.0, 2.0
209, 23, 247, 238, 246, 237, 1, 1, 0.7853981633974483, 1.4142135623730951
209, 26, 221, 323, 220, 322, 1, 1, 0.7853981633974483, 1.4142135623730951
209, 28, 109, 295, 108, 294, 1, 1, 0.7853981633974483, 1.4142135623730951
209, 29, 146, 213, 144, 212, 2, 1, 0.4636476090008061, 2.23606797749979
209, 31, 15, 356, 12, 357, 3, -1, -0.3217505543966422, 3.1622776601683795
209, 35, 235, 365, 234, 366, 1, -1, -0.7853981633974483, 1.4142135623730951
209, 37, 299, 339, 297, 338, 2, 1, 0.4636476090008061, 2.23606797749979
209, 38, 52, 209, 51, 208, 1, 1, 0.7853981633974483, 1.4142135623730951
209, 40, 94, 394, 93, 395, 1, -1, -0.7853981633974483, 1.4142135623730951
209, 43, 143, 166, 142, 164, 1, 2, 1.1071487177940904, 2.23606797749979
209, 46, 13, 251, 11, 251, 2, 0, 0.0, 2.0
209, 48, 204, 374, 204, 372, 0, 2, 1.5707963267948966, 2.0
209, 55, 191, 386, 190, 387, 1, -1, -0.7853981633974483, 1.4142135623730951
209, 58, 19, 260, 17, 260, 2, 0, 0.0, 2.0
209, 60, 43, 231, 42, 230, 1, 1, 0.7853981633974483, 1.4142135623730951
209, 63, 156, 196, 155, 195, 1, 1, 0.7853981633974483, 1.4142135623730951
209, 64, 49, 273, 47, 273, 2, 0, 0.0, 2.0
209, 65, 357, 324, 356, 325, 1, -1, -0.7853981633974483, 1.4142135623730951
209, 66, 170, 359, 169, 360, 1, -1, -0.7853981633974483, 1.4142135623730951
209, 68, 262, 299, 261, 300, 1, -1, -0.7853981633974483, 1.4142135623730951
209, 70, 91, 200, 90, 201, 1, -1, -0.7853981633974483, 1.4142135623730951
209, 71, 107, 216, 106, 215, 1, 1, 0.7853981633974483, 1.4142135623730951
209, 73, 40, 178, 39, 177, 1, 1, 0.7853981633974483, 1.4142135623730951
209, 74, 211, 227, 210, 226, 1, 1, 0.7853981633974483, 1.4142135623730951
209, 77, 301, 360, 301, 363, 0, -3, -1.5707963267948966, 3.0
209, 79, 349, 326, 347, 326, 2, 0, 0.0, 2.0
209, 86, 241, 180, 240, 179, 1, 1, 0.7853981633974483, 1.4142135623730951
209, 88, 62, 233, 61, 234, 1, -1, -0.7853981633974483, 1.4142135623730951
210, 2, 18, 207, 17, 206, 1, 1, 0.7853981633974483, 1.4142135623730951
210, 3, 160, 284, 159, 285, 1, -1, -0.7853981633974483, 1.4142135623730951
210, 7, 382, 313, 382, 315, 0, -2, -1.5707963267948966, 2.0
210, 15, 200, 271, 199, 270, 1, 1, 0.7853981633974483, 1.4142135623730951
210, 16, 27, 333, 25, 334, 2, -1, -0.4636476090008061, 2.23606797749979
210, 17, 13, 252, 11, 252, 2, 0, 0.0, 2.0
210, 20, 82, 344, 81, 345, 1, -1, -0.7853981633974483, 1.4142135623730951
210, 21, 149, 349, 148, 350, 1, -1, -0.7853981633974483, 1.4142135623730951
210, 22, 111, 306, 110, 307, 1, -1, -0.7853981633974483, 1.4142135623730951
210, 24, 146, 214, 144, 213, 2, 1, 0.4636476090008061, 2.23606797749979
210, 25, 53, 209, 51, 209, 2, 0, 0.0, 2.0
210, 30, 110, 298, 108, 298, 2, 0, 0.0, 2.0
210, 31, 358, 330, 357, 331, 1, -1, -0.7853981633974483, 1.4142135623730951
210, 36, 146, 343, 143, 343, 3, 0, 0.0, 3.0
210, 37, 78, 369, 77, 370, 1, -1, -0.7853981633974483, 1.4142135623730951
210, 38, 93, 391, 91, 391, 2, 0, 0.0, 2.0
210, 40, 208, 178, 207, 177, 1, 1, 0.7853981633974483, 1.4142135623730951
210, 41, 119, 362, 118, 363, 1, -1, -0.7853981633974483, 1.4142135623730951
210, 43, 132, 164, 131, 163, 1, 1, 0.7853981633974483, 1.4142135623730951
210, 49, 150, 375, 148, 376, 2, -1, -0.4636476090008061, 2.23606797749979
210, 54, 233, 369, 232, 370, 1, -1, -0.7853981633974483, 1.4142135623730951
210, 56, 348, 325, 347, 327, 1, -2, -1.1071487177940904, 2.23606797749979
210, 57, 333, 358, 331, 359, 2, -1, -0.4636476090008061, 2.23606797749979
210, 63, 124, 194, 123, 193, 1, 1, 0.7853981633974483, 1.4142135623730951
210, 64, 77, 197, 75, 196, 2, 1, 0.4636476090008061, 2.23606797749979
210, 65, 275, 325, 276, 324, -1, 1, 2.356194490192345, 1.4142135623730951
210, 68, 106, 385, 105, 386, 1, -1, -0.7853981633974483, 1.4142135623730951
210, 70, 182, 357, 183, 356, -1, 1, 2.356194490192345, 1.4142135623730951
210, 75, 192, 387, 191, 388, 1, -1, -0.7853981633974483, 1.4142135623730951
210, 79, 143, 382, 142, 383, 1, -1, -0.7853981633974483, 1.4142135623730951
210, 80, 50, 188, 49, 187, 1, 1, 0.7853981633974483, 1.4142135623730951
211, 1, 101, 218, 100, 217, 1, 1, 0.7853981633974483, 1.4142135623730951
211, 7, 383, 310, 382, 313, 1, -3, -1.2490457723982544, 3.1622776601683795
211, 8, 37, 277, 38, 276, -1, 1, 2.356194490192345, 1.4142135623730951
211, 11, 108, 262, 107, 261, 1, 1, 0.7853981633974483, 1.4142135623730951
211, 12, 176, 236, 175, 235, 1, 1, 0.7853981633974483, 1.4142135623730951
211, 17, 16, 252, 13, 252, 3, 0, 0.0, 3.0
211, 24, 147, 215, 146, 214, 1, 1, 0.7853981633974483, 1.4142135623730951
211, 30, 112, 297, 110, 298, 2, -1, -0.4636476090008061, 2.23606797749979
211, 31, 359, 328, 358, 330, 1, -2, -1.1071487177940904, 2.23606797749979
211, 33, 41, 180, 40, 179, 1, 1, 0.7853981633974483, 1.4142135623730951
211, 36, 148, 342, 146, 343, 2, -1, -0.4636476090008061, 2.23606797749979
211, 38, 95, 390, 93, 391, 2, -1, -0.4636476090008061, 2.23606797749979
211, 42, 297, 360, 295, 361, 2, -1, -0.4636476090008061, 2.23606797749979
211, 47, 259, 356, 258, 357, 1, -1, -0.7853981633974483, 1.4142135623730951
211, 49, 152, 374, 150, 375, 2, -1, -0.4636476090008061, 2.23606797749979
211, 53, 78, 274, 76, 274, 2, 0, 0.0, 2.0
211, 55, 128, 288, 127, 289, 1, -1, -0.7853981633974483, 1.4142135623730951
211, 56, 349, 324, 348, 325, 1, -1, -0.7853981633974483, 1.4142135623730951
211, 57, 335, 358, 333, 358, 2, 0, 0.0, 2.0
211, 58, 91, 314, 90, 315, 1, -1, -0.7853981633974483, 1.4142135623730951
211, 62, 125, 195, 124, 194, 1, 1, 0.7853981633974483, 1.4142135623730951
211, 65, 6, 138, 4, 138, 2, 0, 0.0, 2.0
211, 66, 242, 184, 241, 183, 1, 1, 0.7853981633974483, 1.4142135623730951
211, 67, 108, 386, 106, 385, 2, 1, 0.4636476090008061, 2.23606797749979
211, 72, 71, 277, 70, 278, 1, -1, -0.7853981633974483, 1.4142135623730951
211, 74, 193, 386, 192, 387, 1, -1, -0.7853981633974483, 1.4142135623730951
211, 75, 180, 337, 179, 338, 1, -1, -0.7853981633974483, 1.4142135623730951
211, 78, 144, 381, 143, 382, 1, -1, -0.7853981633974483, 1.4142135623730951
212, 2, 20, 208, 19, 207, 1, 1, 0.7853981633974483, 1.4142135623730951
212, 4, 147, 263, 146, 264, 1, -1, -0.7853981633974483, 1.4142135623730951
212, 7, 384, 307, 383, 310, 1, -3, -1.2490457723982544, 3.1622776601683795
212, 8, 39, 277, 37, 277, 2, 0, 0.0, 2.0
212, 9, 49, 279, 48, 278, 1, 1, 0.7853981633974483, 1.4142135623730951
212, 11, 111, 262, 108, 262, 3, 0, 0.0, 3.0
212, 15, 202, 272, 201, 271, 1, 1, 0.7853981633974483, 1.4142135623730951
212, 17, 18, 252, 16, 252, 2, 0, 0.0, 2.0
212, 18, 253, 286, 250, 286, 3, 0, 0.0, 3.0
212, 20, 83, 343, 82, 344, 1, -1, -0.7853981633974483, 1.4142135623730951
212, 23, 256, 218, 255, 217, 1, 1, 0.7853981633974483, 1.4142135623730951
212, 24, 148, 216, 147, 215, 1, 1, 0.7853981633974483, 1.4142135623730951
212, 25, 55, 210, 54, 209, 1, 1, 0.7853981633974483, 1.4142135623730951
212, 31, 360, 327, 359, 328, 1, -1, -0.7853981633974483, 1.4142135623730951
212, 32, 158, 198, 157, 197, 1, 1, 0.7853981633974483, 1.4142135623730951
212, 33, 42, 181, 41, 180, 1, 1, 0.7853981633974483, 1.4142135623730951
212, 34, 50, 328, 49, 329, 1, -1, -0.7853981633974483, 1.4142135623730951
212, 36, 150, 342, 148, 342, 2, 0, 0.0, 2.0
212, 38, 97, 390, 95, 390, 2, 0, 0.0, 2.0
212, 41, 121, 361, 120, 362, 1, -1, -0.7853981633974483, 1.4142135623730951
212, 42, 299, 359, 297, 360, 2, -1, -0.4636476090008061, 2.23606797749979
212, 43, 135, 165, 133, 164, 2, 1, 0.4636476090008061, 2.23606797749979
212, 47, 260, 355, 259, 356, 1, -1, -0.7853981633974483, 1.4142135623730951
212, 49, 154, 373, 152, 374, 2, -1, -0.4636476090008061, 2.23606797749979
212, 50, 27, 306, 26, 307, 1, -1, -0.7853981633974483, 1.4142135623730951
212, 56, 351, 323, 349, 324, 2, -1, -0.4636476090008061, 2.23606797749979
212, 57, 337, 357, 335, 358, 2, -1, -0.4636476090008061, 2.23606797749979
212, 58, 92, 313, 91, 314, 1, -1, -0.7853981633974483, 1.4142135623730951
212, 63, 79, 198, 78, 197, 1, 1, 0.7853981633974483, 1.4142135623730951
212, 65, 8, 139, 6, 138, 2, 1, 0.4636476090008061, 2.23606797749979
212, 66, 243, 185, 242, 184, 1, 1, 0.7853981633974483, 1.4142135623730951
212, 67, 111, 385, 108, 386, 3, -1, -0.3217505543966422, 3.1622776601683795
212, 68, 263, 262, 262, 261, 1, 1, 0.7853981633974483, 1.4142135623730951
212, 74, 195, 385, 193, 386, 2, -1, -0.4636476090008061, 2.23606797749979
212, 78, 146, 381, 144, 381, 2, 0, 0.0, 2.0
212, 79, 52, 189, 51, 188, 1, 1, 0.7853981633974483, 1.4142135623730951
213, 0, 163, 161, 162, 160, 1, 1, 0.7853981633974483, 1.4142135623730951
213, 1, 102, 219, 101, 218, 1, 1, 0.7853981633974483, 1.4142135623730951
213, 7, 385, 305, 384, 307, 1, -2, -1.1071487177940904, 2.23606797749979
213, 12, 177, 237, 176, 236, 1, 1, 0.7853981633974483, 1.4142135623730951
213, 17, 21, 253, 18, 252, 3, 1, 0.3217505543966422, 3.1622776601683795
213, 24, 150, 217, 148, 216, 2, 1, 0.4636476090008061, 2.23606797749979
213, 25, 57, 211, 55, 210, 2, 1, 0.4636476090008061, 2.23606797749979
213, 30, 116, 297, 113, 297, 3, 0, 0.0, 3.0
213, 31, 361, 326, 360, 327, 1, -1, -0.7853981633974483, 1.4142135623730951
213, 32, 159, 199, 158, 198, 1, 1, 0.7853981633974483, 1.4142135623730951
213, 36, 152, 341, 150, 342, 2, -1, -0.4636476090008061, 2.23606797749979
213, 37, 81, 368, 80, 369, 1, -1, -0.7853981633974483, 1.4142135623730951
213, 38, 99, 389, 97, 390, 2, -1, -0.4636476090008061, 2.23606797749979
213, 40, 210, 179, 209, 178, 1, 1, 0.7853981633974483, 1.4142135623730951
213, 42, 301, 358, 299, 359, 2, -1, -0.4636476090008061, 2.23606797749979
213, 49, 156, 373, 154, 373, 2, 0, 0.0, 2.0
213, 54, 236, 368, 235, 369, 1, -1, -0.7853981633974483, 1.4142135623730951
213, 56, 352, 321, 351, 323, 1, -2, -1.1071487177940904, 2.23606797749979
213, 57, 338, 356, 337, 357, 1, -1, -0.7853981633974483, 1.4142135623730951
213, 59, 227, 287, 226, 288, 1, -1, -0.7853981633974483, 1.4142135623730951
213, 66, 244, 186, 243, 185, 1, 1, 0.7853981633974483, 1.4142135623730951
213, 67, 114, 385, 111, 385, 3, 0, 0.0, 3.0
213, 73, 198, 384, 195, 385, 3, -1, -0.3217505543966422, 3.1622776601683795
213, 74, 182, 336, 181, 337, 1, -1, -0.7853981633974483, 1.4142135623730951
213, 77, 147, 380, 146, 381, 1, -1, -0.7853981633974483, 1.4142135623730951
214, 5, 214, 232, 213, 231, 1, 1, 0.7853981633974483, 1.4142135623730951
214, 7, 385, 302, 385, 305, 0, -3, -1.5707963267948966, 3.0
214, 8, 42, 277, 40, 277, 2, 0, 0.0, 2.0
214, 11, 113, 263, 112, 262, 1, 1, 0.7853981633974483, 1.4142135623730951
214, 13, 203, 238, 202, 237, 1, 1, 0.7853981633974483, 1.4142135623730951
214, 15, 203, 273, 202, 272, 1, 1, 0.7853981633974483, 1.4142135623730951
214, 17, 23, 252, 21, 253, 2, -1, -0.4636476090008061, 2.23606797749979
214, 23, 258, 219, 257, 218, 1, 1, 0.7853981633974483, 1.4142135623730951
214, 27, 140, 281, 138, 280, 2, 1, 0.4636476090008061, 2.23606797749979
214, 30, 119, 297, 116, 297, 3, 0, 0.0, 3.0
214, 34, 52, 327, 51, 328, 1, -1, -0.7853981633974483, 1.4142135623730951
214, 35, 268, 269, 267, 268, 1, 1, 0.7853981633974483, 1.4142135623730951
214, 36, 155, 340, 152, 341, 3, -1, -0.3217505543966422, 3.1622776601683795
214, 38, 101, 388, 99, 389, 2, -1, -0.4636476090008061, 2.23606797749979
214, 40, 211, 180, 210, 179, 1, 1, 0.7853981633974483, 1.4142135623730951
214, 41, 123, 360, 122, 361, 1, -1, -0.7853981633974483, 1.4142135623730951
214, 42, 302, 357, 301, 358, 1, -1, -0.7853981633974483, 1.4142135623730951
214, 45, 156, 304, 154, 304, 2, 0, 0.0, 2.0
214, 47, 263, 355, 261, 355, 2, 0, 0.0, 2.0
214, 50, 30, 305, 28, 306, 2, -1, -0.4636476090008061, 2.23606797749979
214, 56, 354, 319, 352, 321, 2, -2, -0.7853981633974483, 2.8284271247461903
214, 57, 340, 355, 338, 356, 2, -1, -0.4636476090008061, 2.23606797749979
214, 60, 62, 381, 61, 382, 1, -1, -0.7853981633974483, 1.4142135623730951
214, 65, 10, 140, 9, 139, 1, 1, 0.7853981633974483, 1.4142135623730951
214, 66, 245, 188, 244, 186, 1, 2, 1.1071487177940904, 2.23606797749979
214, 67, 115, 386, 114, 385, 1, 1, 0.7853981633974483, 1.4142135623730951
214, 68, 263, 264, 263, 262, 0, 2, 1.5707963267948966, 2.0
214, 73, 201, 383, 198, 384, 3, -1, -0.3217505543966422, 3.1622776601683795
214, 74, 183, 335, 182, 336, 1, -1, -0.7853981633974483, 1.4142135623730951
214, 76, 61, 232, 59, 232, 2, 0, 0.0, 2.0
215, 4, 113, 264, 112, 263, 1, 1, 0.7853981633974483, 1.4142135623730951
215, 10, 216, 270, 215, 269, 1, 1, 0.7853981633974483, 1.4142135623730951
215, 11, 386, 306, 386, 308, 0, -2, -1.5707963267948966, 2.0
215, 14, 205, 239, 204, 238, 1, 1, 0.7853981633974483, 1.4142135623730951
215, 15, 29, 306, 28, 307, 1, -1, -0.7853981633974483, 1.4142135623730951
215, 20, 46, 240, 45, 239, 1, 1, 0.7853981633974483, 1.4142135623730951
215, 29, 265, 354, 264, 355, 1, -1, -0.7853981633974483, 1.4142135623730951
215, 30, 362, 326, 361, 328, 1, -2, -1.1071487177940904, 2.23606797749979
215, 32, 30, 335, 29, 336, 1, -1, -0.7853981633974483, 1.4142135623730951
215, 35, 127, 196, 126, 195, 1, 1, 0.7853981633974483, 1.4142135623730951
215, 36, 240, 368, 239, 369, 1, -1, -0.7853981633974483, 1.4142135623730951
215, 40, 89, 180, 88, 179, 1, 1, 0.7853981633974483, 1.4142135623730951
215, 42, 99, 395, 98, 396, 1, -1, -0.7853981633974483, 1.4142135623730951
215, 44, 126, 363, 125, 364, 1, -1, -0.7853981633974483, 1.4142135623730951
215, 50, 213, 324, 210, 324, 3, 0, 0.0, 3.0
215, 53, 304, 368, 303, 369, 1, -1, -0.7853981633974483, 1.4142135623730951
215, 60, 358, 320, 357, 322, 1, -2, -1.1071487177940904, 2.23606797749979
215, 69, 10, 183, 8, 184, 2, -1, -0.4636476090008061, 2.23606797749979
215, 70, 300, 324, 302, 325, -2, -1, -2.677945044588987, 2.23606797749979
215, 72, 6, 392, 5, 393, 1, -1, -0.7853981633974483, 1.4142135623730951
215, 76, 155, 376, 154, 377, 1, -1, -0.7853981633974483, 1.4142135623730951
215, 77, 56, 189, 54, 189, 2, 0, 0.0, 2.0
215, 81, 43, 279, 42, 278, 1, 1, 0.7853981633974483, 1.4142135623730951
215, 83, 340, 356, 339, 357, 1, -1, -0.7853981633974483, 1.4142135623730951
215, 88, 71, 275, 70, 276, 1, -1, -0.7853981633974483, 1.4142135623730951
215, 92, 196, 386, 194, 387, 2, -1, -0.4636476090008061, 2.23606797749979
215, 94, 14, 353, 11, 354, 3, -1, -0.3217505543966422, 3.1622776601683795
215, 97, 85, 281, 84, 282, 1, -1, -0.7853981633974483, 1.4142135623730951
215, 105, 291, 324, 288, 323, 3, 1, 0.3217505543966422, 3.1622776601683795
215, 106, 203, 377, 204, 376, -1, 1, 2.356194490192345, 1.4142135623730951
215, 107, 47, 356, 46, 357, 1, -1, -0.7853981633974483, 1.4142135623730951
215, 109, 265, 330, 262, 330, 3, 0, 0.0, 3.0
215, 113, 82, 316, 81, 317, 1, -1, -0.7853981633974483, 1.4142135623730951
215, 114, 176, 283, 175, 282, 1, 1, 0.7853981633974483, 1.4142135623730951
216, 3, 167, 163, 166, 162, 1, 1, 0.7853981633974483, 1.4142135623730951
216, 7, 10, 141, 8, 140, 2, 1, 0.4636476090008061, 2.23606797749979
216, 9, 260, 220, 259, 219, 1, 1, 0.7853981633974483, 1.4142135623730951
216, 11, 387, 304, 386, 306, 1, -2, -1.1071487177940904, 2.23606797749979
216, 12, 84, 370, 83, 371, 1, -1, -0.7853981633974483, 1.4142135623730951
216, 14, 206, 240, 205, 239, 1, 1, 0.7853981633974483, 1.4142135623730951
216, 18, 216, 238, 215, 237, 1, 1, 0.7853981633974483, 1.4142135623730951
216, 19, 54, 328, 52, 329, 2, -1, -0.4636476090008061, 2.23606797749979
216, 21, 149, 351, 148, 352, 1, -1, -0.7853981633974483, 1.4142135623730951
216, 27, 63, 255, 62, 256, 1, -1, -0.7853981633974483, 1.4142135623730951
216, 28, 58, 212, 57, 211, 1, 1, 0.7853981633974483, 1.4142135623730951
216, 29, 266, 353, 265, 354, 1, -1, -0.7853981633974483, 1.4142135623730951
216, 30, 363, 324, 362, 326, 1, -2, -1.1071487177940904, 2.23606797749979
216, 35, 129, 196, 127, 196, 2, 0, 0.0, 2.0
216, 36, 241, 367, 240, 368, 1, -1, -0.7853981633974483, 1.4142135623730951
216, 38, 130, 288, 129, 289, 1, -1, -0.7853981633974483, 1.4142135623730951
216, 42, 102, 394, 99, 395, 3, -1, -0.3217505543966422, 3.1622776601683795
216, 43, 144, 164, 146, 166, -2, -2, -2.356194490192345, 2.8284271247461903
216, 44, 127, 362, 126, 363, 1, -1, -0.7853981633974483, 1.4142135623730951
216, 45, 183, 240, 182, 239, 1, 1, 0.7853981633974483, 1.4142135623730951
216, 47, 268, 264, 267, 263, 1, 1, 0.7853981633974483, 1.4142135623730951
216, 50, 215, 324, 213, 324, 2, 0, 0.0, 2.0
216, 52, 306, 367, 304, 368, 2, -1, -0.4636476090008061, 2.23606797749979
216, 59, 359, 318, 358, 320, 1, -2, -1.1071487177940904, 2.23606797749979
216, 65, 294, 259, 293, 260, 1, -1, -0.7853981633974483, 1.4142135623730951
216, 66, 11, 184, 10, 183, 1, 1, 0.7853981633974483, 1.4142135623730951
216, 68, 8, 391, 6, 392, 2, -1, -0.4636476090008061, 2.23606797749979
216, 70, 185, 337, 184, 338, 1, -1, -0.7853981633974483, 1.4142135623730951
216, 78, 237, 363, 236, 362, 1, 1, 0.7853981633974483, 1.4142135623730951
216, 79, 342, 355, 340, 356, 2, -1, -0.4636476090008061, 2.23606797749979
216, 80, 256, 209, 254, 208, 2, 1, 0.4636476090008061, 2.23606797749979
216, 86, 228, 262, 227, 261, 1, 1, 0.7853981633974483, 1.4142135623730951
216, 87, 194, 319, 193, 320, 1, -1, -0.7853981633974483, 1.4142135623730951
216, 93, 86, 280, 85, 281, 1, -1, -0.7853981633974483, 1.4142135623730951
216, 94, 121, 263, 120, 264, 1, -1, -0.7853981633974483, 1.4142135623730951
216, 97, 113, 301, 114, 300, -1, 1, 2.356194490192345, 1.4142135623730951
216, 99, 177, 255, 176, 256, 1, -1, -0.7853981633974483, 1.4142135623730951
216, 100, 73, 143, 72, 142, 1, 1, 0.7853981633974483, 1.4142135623730951
216, 101, 293, 324, 291, 324, 2, 0, 0.0, 2.0
216, 106, 139, 239, 139, 241, 0, -2, -1.5707963267948966, 2.0
217, 3, 168, 164, 167, 163, 1, 1, 0.7853981633974483, 1.4142135623730951
217, 5, 175, 237, 174, 236, 1, 1, 0.7853981633974483, 1.4142135623730951
217, 8, 205, 274, 204, 273, 1, 1, 0.7853981633974483, 1.4142135623730951
217, 9, 261, 221, 260, 220, 1, 1, 0.7853981633974483, 1.4142135623730951
217, 10, 217, 272, 216, 271, 1, 1, 0.7853981633974483, 1.4142135623730951
217, 11, 388, 302, 387, 304, 1, -2, -1.1071487177940904, 2.23606797749979
217, 14, 207, 241, 206, 240, 1, 1, 0.7853981633974483, 1.4142135623730951
217, 15, 31, 305, 30, 306, 1, -1, -0.7853981633974483, 1.4142135623730951
217, 16, 151, 221, 150, 220, 1, 1, 0.7853981633974483, 1.4142135623730951
217, 25, 242, 336, 241, 337, 1, -1, -0.7853981633974483, 1.4142135623730951
217, 28, 59, 213, 58, 212, 1, 1, 0.7853981633974483, 1.4142135623730951
217, 29, 267, 352, 266, 353, 1, -1, -0.7853981633974483, 1.4142135623730951
217, 30, 364, 322, 363, 324, 1, -2, -1.1071487177940904, 2.23606797749979
217, 33, 86, 343, 85, 344, 1, -1, -0.7853981633974483, 1.4142135623730951
217, 35, 130, 197, 129, 196, 1, 1, 0.7853981633974483, 1.4142135623730951
217, 42, 104, 393, 102, 394, 2, -1, -0.4636476090008061, 2.23606797749979
217, 44, 128, 361, 127, 362, 1, -1, -0.7853981633974483, 1.4142135623730951
217, 51, 156, 221, 156, 223, 0, -2, -1.5707963267948966, 2.0
217, 52, 307, 366, 306, 367, 1, -1, -0.7853981633974483, 1.4142135623730951
217, 53, 210, 234, 209, 233, 1, 1, 0.7853981633974483, 1.4142135623730951
217, 57, 177, 361, 176, 362, 1, -1, -0.7853981633974483, 1.4142135623730951
217, 58, 360, 317, 359, 318, 1, -1, -0.7853981633974483, 1.4142135623730951
217, 60, 101, 310, 100, 311, 1, -1, -0.7853981633974483, 1.4142135623730951
217, 62, 21, 256, 19, 255, 2, 1, 0.4636476090008061, 2.23606797749979
217, 64, 294, 261, 294, 259, 0, 2, 1.5707963267948966, 2.0
217, 67, 10, 391, 8, 391, 2, 0, 0.0, 2.0
217, 72, 59, 189, 57, 189, 2, 0, 0.0, 2.0
217, 76, 238, 362, 237, 363, 1, -1, -0.7853981633974483, 1.4142135623730951
217, 77, 343, 354, 342, 355, 1, -1, -0.7853981633974483, 1.4142135623730951
217, 78, 258, 210, 256, 209, 2, 1, 0.4636476090008061, 2.23606797749979
217, 79, 306, 303, 305, 302, 1, 1, 0.7853981633974483, 1.4142135623730951
217, 80, 158, 264, 156, 265, 2, -1, -0.4636476090008061, 2.23606797749979
217, 88, 18, 353, 15, 353, 3, 0, 0.0, 3.0
217, 91, 87, 279, 86, 280, 1, -1, -0.7853981633974483, 1.4142135623730951
217, 97, 180, 255, 177, 255, 3, 0, 0.0, 3.0
217, 99, 296, 323, 293, 324, 3, -1, -0.3217505543966422, 3.1622776601683795
217, 108, 309, 359, 308, 360, 1, -1, -0.7853981633974483, 1.4142135623730951
218, 1, 106, 220, 105, 219, 1, 1, 0.7853981633974483, 1.4142135623730951
218, 3, 115, 265, 114, 264, 1, 1, 0.7853981633974483, 1.4142135623730951
218, 6, 13, 142, 11, 141, 2, 1, 0.4636476090008061, 2.23606797749979
218, 8, 262, 222, 261, 221, 1, 1, 0.7853981633974483, 1.4142135623730951
218, 10, 389, 301, 388, 302, 1, -1, -0.7853981633974483, 1.4142135623730951
218, 19, 152, 351, 150, 351, 2, 0, 0.0, 2.0
218, 28, 365, 320, 364, 322, 1, -2, -1.1071487177940904, 2.23606797749979
218, 33, 131, 198, 130, 197, 1, 1, 0.7853981633974483, 1.4142135623730951
218, 34, 243, 366, 242, 367, 1, -1, -0.7853981633974483, 1.4142135623730951
218, 40, 106, 392, 104, 393, 2, -1, -0.4636476090008061, 2.23606797749979
218, 44, 47, 183, 46, 182, 1, 1, 0.7853981633974483, 1.4142135623730951
218, 45, 268, 265, 268, 263, 0, 2, 1.5707963267948966, 2.0
218, 49, 158, 222, 156, 221, 2, 1, 0.4636476090008061, 2.23606797749979
218, 50, 308, 365, 307, 366, 1, -1, -0.7853981633974483, 1.4142135623730951
218, 54, 93, 199, 92, 200, 1, -1, -0.7853981633974483, 1.4142135623730951
218, 55, 178, 360, 177, 361, 1, -1, -0.7853981633974483, 1.4142135623730951
218, 56, 361, 315, 360, 317, 1, -2, -1.1071487177940904, 2.23606797749979
218, 61, 163, 201, 162, 200, 1, 1, 0.7853981633974483, 1.4142135623730951
218, 63, 14, 184, 12, 184, 2, 0, 0.0, 2.0
218, 65, 11, 390, 10, 391, 1, -1, -0.7853981633974483, 1.4142135623730951
218, 67, 187, 336, 186, 337, 1, -1, -0.7853981633974483, 1.4142135623730951
218, 70, 61, 189, 59, 189, 2, 0, 0.0, 2.0
218, 73, 46, 280, 45, 279, 1, 1, 0.7853981633974483, 1.4142135623730951
218, 74, 239, 363, 238, 362, 1, 1, 0.7853981633974483, 1.4142135623730951
218, 75, 344, 353, 343, 354, 1, -1, -0.7853981633974483, 1.4142135623730951
218, 76, 259, 211, 258, 210, 1, 1, 0.7853981633974483, 1.4142135623730951
218, 79, 153, 381, 152, 382, 1, -1, -0.7853981633974483, 1.4142135623730951
218, 84, 198, 384, 197, 385, 1, -1, -0.7853981633974483, 1.4142135623730951
218, 85, 73, 296, 72, 297, 1, -1, -0.7853981633974483, 1.4142135623730951
218, 86, 19, 352, 18, 353, 1, -1, -0.7853981633974483, 1.4142135623730951
218, 89, 88, 278, 87, 279, 1, -1, -0.7853981633974483, 1.4142135623730951
218, 95, 182, 255, 180, 255, 2, 0, 0.0, 2.0
218, 98, 50, 355, 49, 356, 1, -1, -0.7853981633974483, 1.4142135623730951
218, 104, 84, 315, 83, 316, 1, -1, -0.7853981633974483, 1.4142135623730951
219, 2, 170, 165, 169, 164, 1, 1, 0.7853981633974483, 1.4142135623730951
219, 6, 15, 142, 13, 142, 2, 0, 0.0, 2.0
219, 7, 207, 275, 206, 274, 1, 1, 0.7853981633974483, 1.4142135623730951
219, 8, 263, 223, 262, 222, 1, 1, 0.7853981633974483, 1.4142135623730951
219, 10, 389, 299, 389, 301, 0, -2, -1.5707963267948966, 2.0
219, 11, 88, 370, 86, 370, 2, 0, 0.0, 2.0
219, 13, 209, 242, 208, 241, 1, 1, 0.7853981633974483, 1.4142135623730951
219, 17, 217, 240, 216, 239, 1, 1, 0.7853981633974483, 1.4142135623730951
219, 22, 147, 225, 146, 224, 1, 1, 0.7853981633974483, 1.4142135623730951
219, 26, 60, 215, 59, 214, 1, 1, 0.7853981633974483, 1.4142135623730951
219, 27, 270, 352, 268, 352, 2, 0, 0.0, 2.0
219, 28, 366, 318, 365, 320, 1, -2, -1.1071487177940904, 2.23606797749979
219, 29, 108, 282, 107, 283, 1, -1, -0.7853981633974483, 1.4142135623730951
219, 33, 244, 365, 243, 366, 1, -1, -0.7853981633974483, 1.4142135623730951
219, 37, 94, 180, 92, 180, 2, 0, 0.0, 2.0
219, 39, 108, 391, 106, 392, 2, -1, -0.4636476090008061, 2.23606797749979
219, 49, 310, 364, 308, 365, 2, -1, -0.4636476090008061, 2.23606797749979
219, 50, 212, 235, 211, 234, 1, 1, 0.7853981633974483, 1.4142135623730951
219, 51, 16, 262, 14, 262, 2, 0, 0.0, 2.0
219, 53, 95, 200, 93, 199, 2, 1, 0.4636476090008061, 2.23606797749979
219, 55, 363, 312, 361, 315, 2, -3, -0.982793723247329, 3.605551275463989
219, 62, 16, 185, 14, 184, 2, 1, 0.4636476090008061, 2.23606797749979
219, 64, 12, 389, 11, 390, 1, -1, -0.7853981633974483, 1.4142135623730951
219, 73, 241, 363, 239, 363, 2, 0, 0.0, 2.0
219, 74, 346, 352, 344, 353, 2, -1, -0.4636476090008061, 2.23606797749979
219, 75, 260, 213, 259, 211, 1, 2, 1.1071487177940904, 2.23606797749979
219, 77, 159, 263, 158, 264, 1, -1, -0.7853981633974483, 1.4142135623730951
219, 79, 75, 274, 74, 275, 1, -1, -0.7853981633974483, 1.4142135623730951
219, 83, 199, 383, 198, 384, 1, -1, -0.7853981633974483, 1.4142135623730951
219, 85, 21, 351, 19, 352, 2, -1, -0.4636476090008061, 2.23606797749979
219, 86, 82, 275, 81, 276, 1, -1, -0.7853981633974483, 1.4142135623730951
219, 88, 89, 277, 88, 278, 1, -1, -0.7853981633974483, 1.4142135623730951
219, 91, 185, 264, 184, 265, 1, -1, -0.7853981633974483, 1.4142135623730951
219, 101, 229, 288, 228, 289, 1, -1, -0.7853981633974483, 1.4142135623730951
219, 102, 85, 314, 84, 315, 1, -1, -0.7853981633974483, 1.4142135623730951
219, 104, 312, 359, 310, 359, 2, 0, 0.0, 2.0
220, 3, 144, 288, 143, 289, 1, -1, -0.7853981633974483, 1.4142135623730951
220, 7, 116, 266, 115, 265, 1, 1, 0.7853981633974483, 1.4142135623730951
220, 9, 190, 264, 189, 265, 1, -1, -0.7853981633974483, 1.4142135623730951
220, 10, 98, 314, 97, 315, 1, -1, -0.7853981633974483, 1.4142135623730951
220, 12, 208, 242, 207, 241, 1, 1, 0.7853981633974483, 1.4142135623730951
220, 13, 97, 176, 96, 177, 1, -1, -0.7853981633974483, 1.4142135623730951
220, 14, 14, 143, 12, 142, 2, 1, 0.4636476090008061, 2.23606797749979
220, 15, 312, 363, 310, 364, 2, -1, -0.4636476090008061, 2.23606797749979
220, 16, 127, 362, 126, 363, 1, -1, -0.7853981633974483, 1.4142135623730951
220, 18, 392, 302, 390, 304, 2, -2, -0.7853981633974483, 2.8284271247461903
220, 24, 274, 270, 273, 269, 1, 1, 0.7853981633974483, 1.4142135623730951
220, 29, 365, 324, 364, 326, 1, -2, -1.1071487177940904, 2.23606797749979
220, 33, 36, 211, 35, 210, 1, 1, 0.7853981633974483, 1.4142135623730951
220, 36, 107, 395, 105, 395, 2, 0, 0.0, 2.0
220, 42, 203, 339, 199, 340, 4, -1, -0.24497866312686414, 4.123105625617661
220, 43, 276, 356, 274, 356, 2, 0, 0.0, 2.0
220, 46, 345, 356, 343, 357, 2, -1, -0.4636476090008061, 2.23606797749979
220, 48, 68, 253, 67, 254, 1, -1, -0.7853981633974483, 1.4142135623730951
220, 49, 362, 314, 361, 316, 1, -2, -1.1071487177940904, 2.23606797749979
220, 57, 243, 368, 241, 368, 2, 0, 0.0, 2.0
220, 70, 123, 305, 122, 304, 1, 1, 0.7853981633974483, 1.4142135623730951
220, 75, 257, 215, 256, 214, 1, 1, 0.7853981633974483, 1.4142135623730951
220, 77, 55, 156, 53, 156, 2, 0, 0.0, 2.0
220, 78, 159, 376, 158, 377, 1, -1, -0.7853981633974483, 1.4142135623730951
220, 80, 62, 189, 60, 189, 2, 0, 0.0, 2.0
220, 83, 29, 260, 27, 260, 2, 0, 0.0, 2.0
221, 1, 28, 212, 27, 211, 1, 1, 0.7853981633974483, 1.4142135623730951
221, 6, 88, 370, 87, 371, 1, -1, -0.7853981633974483, 1.4142135623730951
221, 9, 192, 264, 190, 264, 2, 0, 0.0, 2.0
221, 12, 209, 243, 208, 242, 1, 1, 0.7853981633974483, 1.4142135623730951
221, 15, 314, 362, 312, 363, 2, -1, -0.4636476090008061, 2.23606797749979
221, 18, 395, 295, 392, 302, 3, -7, -1.1659045405098132, 7.615773105863909
221, 29, 366, 322, 365, 324, 1, -2, -1.1071487177940904, 2.23606797749979
221, 36, 109, 394, 107, 395, 2, -1, -0.4636476090008061, 2.23606797749979
221, 37, 186, 259, 185, 260, 1, -1, -0.7853981633974483, 1.4142135623730951
221, 43, 278, 355, 276, 356, 2, -1, -0.4636476090008061, 2.23606797749979
221, 46, 347, 355, 345, 356, 2, -1, -0.4636476090008061, 2.23606797749979
221, 57, 244, 367, 243, 368, 1, -1, -0.7853981633974483, 1.4142135623730951
221, 61, 207, 180, 206, 179, 1, 1, 0.7853981633974483, 1.4142135623730951
221, 63, 302, 268, 301, 267, 1, 1, 0.7853981633974483, 1.4142135623730951
221, 64, 84, 202, 83, 201, 1, 1, 0.7853981633974483, 1.4142135623730951
221, 68, 14, 186, 13, 185, 1, 1, 0.7853981633974483, 1.4142135623730951
221, 70, 230, 293, 229, 292, 1, 1, 0.7853981633974483, 1.4142135623730951
221, 74, 260, 214, 257, 215, 3, -1, -0.3217505543966422, 3.1622776601683795
221, 76, 56, 157, 55, 156, 1, 1, 0.7853981633974483, 1.4142135623730951
222, 0, 171, 166, 170, 165, 1, 1, 0.7853981633974483, 1.4142135623730951
222, 1, 30, 212, 28, 212, 2, 0, 0.0, 2.0
222, 6, 89, 369, 88, 370, 1, -1, -0.7853981633974483, 1.4142135623730951
222, 10, 99, 312, 98, 313, 1, -1, -0.7853981633974483, 1.4142135623730951
222, 12, 210, 244, 209, 243, 1, 1, 0.7853981633974483, 1.4142135623730951
222, 15, 316, 362, 314, 362, 2, 0, 0.0, 2.0
222, 18, 395, 293, 395, 295, 0, -2, -1.5707963267948966, 2.0
222, 25, 262, 225, 261, 224, 1, 1, 0.7853981633974483, 1.4142135623730951
222, 27, 35, 333, 34, 334, 1, -1, -0.7853981633974483, 1.4142135623730951
222, 28, 153, 228, 152, 227, 1, 1, 0.7853981633974483, 1.4142135623730951
222, 29, 366, 320, 366, 322, 0, -2, -1.5707963267948966, 2.0
222, 30, 167, 204, 166, 203, 1, 1, 0.7853981633974483, 1.4142135623730951
222, 33, 38, 212, 37, 211, 1, 1, 0.7853981633974483, 1.4142135623730951
222, 36, 111, 394, 109, 394, 2, 0, 0.0, 2.0
222, 40, 78, 144, 77, 143, 1, 1, 0.7853981633974483, 1.4142135623730951
222, 43, 279, 354, 278, 355, 1, -1, -0.7853981633974483, 1.4142135623730951
222, 46, 348, 354, 347, 355, 1, -1, -0.7853981633974483, 1.4142135623730951
222, 49, 363, 311, 362, 313, 1, -2, -1.1071487177940904, 2.23606797749979
222, 52, 58, 328, 57, 329, 1, -1, -0.7853981633974483, 1.4142135623730951
222, 55, 223, 327, 222, 326, 1, 1, 0.7853981633974483, 1.4142135623730951
222, 56, 246, 366, 244, 367, 2, -1, -0.4636476090008061, 2.23606797749979
222, 59, 219, 272, 218, 271, 1, 1, 0.7853981633974483, 1.4142135623730951
222, 65, 131, 267, 130, 268, 1, -1, -0.7853981633974483, 1.4142135623730951
222, 67, 15, 187, 14, 186, 1, 1, 0.7853981633974483, 1.4142135623730951
222, 70, 101, 310, 103, 311, -2, -1, -2.677945044588987, 2.23606797749979
222, 74, 134, 199, 133, 198, 1, 1, 0.7853981633974483, 1.4142135623730951
222, 76, 161, 375, 160, 376, 1, -1, -0.7853981633974483, 1.4142135623730951
223, 0, 172, 167, 171, 166, 1, 1, 0.7853981633974483, 1.4142135623730951
223, 1, 32, 212, 30, 212, 2, 0, 0.0, 2.0
223, 2, 110, 221, 109, 220, 1, 1, 0.7853981633974483, 1.4142135623730951
223, 3, 146, 285, 145, 287, 1, -2, -1.1071487177940904, 2.23606797749979
223, 6, 90, 368, 89, 369, 1, -1, -0.7853981633974483, 1.4142135623730951
223, 9, 195, 263, 193, 264, 2, -1, -0.4636476090008061, 2.23606797749979
223, 11, 210, 275, 209, 276, 1, -1, -0.7853981633974483, 1.4142135623730951
223, 12, 211, 243, 210, 244, 1, -1, -0.7853981633974483, 1.4142135623730951
223, 13, 99, 178, 98, 177, 1, 1, 0.7853981633974483, 1.4142135623730951
223, 18, 396, 290, 395, 293, 1, -3, -1.2490457723982544, 3.1622776601683795
223, 20, 135, 289, 134, 291, 1, -2, -1.1071487177940904, 2.23606797749979
223, 23, 53, 186, 51, 185, 2, 1, 0.4636476090008061, 2.23606797749979
223, 25, 263, 226, 262, 225, 1, 1, 0.7853981633974483, 1.4142135623730951
223, 27, 36, 332, 35, 333, 1, -1, -0.7853981633974483, 1.4142135623730951
223, 29, 367, 318, 366, 320, 1, -2, -1.1071487177940904, 2.23606797749979
223, 35, 253, 286, 252, 287, 1, -1, -0.7853981633974483, 1.4142135623730951
223, 36, 113, 394, 111, 394, 2, 0, 0.0, 2.0
223, 44, 79, 276, 78, 275, 1, 1, 0.7853981633974483, 1.4142135623730951
223, 46, 349, 353, 348, 354, 1, -1, -0.7853981633974483, 1.4142135623730951
223, 53, 14, 363, 12, 363, 2, 0, 0.0, 2.0
223, 56, 247, 365, 246, 366, 1, -1, -0.7853981633974483, 1.4142135623730951
223, 59, 221, 273, 219, 272, 2, 1, 0.4636476090008061, 2.23606797749979
223, 69, 231, 294, 230, 293, 1, 1, 0.7853981633974483, 1.4142135623730951
223, 70, 95, 312, 101, 310, -6, 2, 2.819842099193151, 6.324555320336759
223, 73, 262, 215, 261, 214, 1, 1, 0.7853981633974483, 1.4142135623730951
223, 75, 58, 158, 57, 157, 1, 1, 0.7853981633974483, 1.4142135623730951
223, 80, 32, 259, 31, 260, 1, -1, -0.7853981633974483, 1.4142135623730951
224, 0, 173, 168, 172, 167, 1, 1, 0.7853981633974483, 1.4142135623730951
224, 1, 33, 213, 32, 212, 1, 1, 0.7853981633974483, 1.4142135623730951
224, 4, 150, 264, 149, 265, 1, -1, -0.7853981633974483, 1.4142135623730951
224, 10, 100, 311, 99, 312, 1, -1, -0.7853981633974483, 1.4142135623730951
224, 12, 212, 244, 211, 243, 1, 1, 0.7853981633974483, 1.4142135623730951
224, 13, 100, 179, 99, 178, 1, 1, 0.7853981633974483, 1.4142135623730951
224, 14, 18, 144, 17, 143, 1, 1, 0.7853981633974483, 1.4142135623730951
224, 15, 318, 361, 317, 362, 1, -1, -0.7853981633974483, 1.4142135623730951
224, 18, 395, 287, 396, 290, -1, -3, -1.892546881191539, 3.1622776601683795
224, 23, 54, 187, 53, 186, 1, 1, 0.7853981633974483, 1.4142135623730951
224, 28, 154, 229, 153, 228, 1, 1, 0.7853981633974483, 1.4142135623730951
224, 29, 368, 316, 367, 318, 1, -2, -1.1071487177940904, 2.23606797749979
224, 31, 221, 241, 220, 240, 1, 1, 0.7853981633974483, 1.4142135623730951
224, 32, 38, 308, 36, 307, 2, 1, 0.4636476090008061, 2.23606797749979
224, 34, 163, 302, 162, 303, 1, -1, -0.7853981633974483, 1.4142135623730951
224, 36, 115, 393, 113, 394, 2, -1, -0.4636476090008061, 2.23606797749979
224, 40, 80, 145, 79, 144, 1, 1, 0.7853981633974483, 1.4142135623730951
224, 41, 158, 382, 156, 382, 2, 0, 0.0, 2.0
224, 42, 205, 336, 205, 338, 0, -2, -1.5707963267948966, 2.0
224, 45, 121, 386, 119, 387, 2, -1, -0.4636476090008061, 2.23606797749979
224, 46, 351, 352, 349, 353, 2, -1, -0.4636476090008061, 2.23606797749979
224, 49, 364, 308, 363, 310, 1, -2, -1.1071487177940904, 2.23606797749979
224, 52, 60, 327, 59, 328, 1, -1, -0.7853981633974483, 1.4142135623730951
224, 54, 245, 317, 244, 316, 1, 1, 0.7853981633974483, 1.4142135623730951
224, 69, 96, 311, 95, 312, 1, -1, -0.7853981633974483, 1.4142135623730951
224, 72, 262, 217, 262, 215, 0, 2, 1.5707963267948966, 2.0
224, 75, 163, 374, 162, 375, 1, -1, -0.7853981633974483, 1.4142135623730951
224, 76, 65, 189, 64, 188, 1, 1, 0.7853981633974483, 1.4142135623730951
224, 77, 64, 158, 63, 157, 1, 1, 0.7853981633974483, 1.4142135623730951
225, 2, 102, 317, 101, 318, 1, -1, -0.7853981633974483, 1.4142135623730951
225, 4, 173, 169, 172, 168, 1, 1, 0.7853981633974483, 1.4142135623730951
225, 8, 181, 241, 180, 240, 1, 1, 0.7853981633974483, 1.4142135623730951
225, 12, 38, 331, 37, 332, 1, -1, -0.7853981633974483, 1.4142135623730951
225, 13, 394, 295, 394, 297, 0, -2, -1.5707963267948966, 2.0
225, 14, 214, 244, 213, 243, 1, 1, 0.7853981633974483, 1.4142135623730951
225, 15, 68, 219, 66, 219, 2, 0, 0.0, 2.0
225, 23, 113, 393, 111, 393, 2, 0, 0.0, 2.0
225, 26, 18, 144, 16, 144, 2, 0, 0.0, 2.0
225, 29, 53, 188, 52, 187, 1, 1, 0.7853981633974483, 1.4142135623730951
225, 30, 17, 364, 15, 364, 2, 0, 0.0, 2.0
225, 37, 158, 382, 157, 383, 1, -1, -0.7853981633974483, 1.4142135623730951
225, 38, 267, 225, 266, 224, 1, 1, 0.7853981633974483, 1.4142135623730951
225, 39, 369, 319, 368, 321, 1, -2, -1.1071487177940904, 2.23606797749979
225, 41, 22, 264, 20, 264, 2, 0, 0.0, 2.0
225, 42, 205, 211, 204, 212, 1, -1, -0.7853981633974483, 1.4142135623730951
225, 45, 76, 169, 74, 169, 2, 0, 0.0, 2.0
225, 48, 254, 194, 253, 193, 1, 1, 0.7853981633974483, 1.4142135623730951
225, 54, 214, 347, 212, 348, 2, -1, -0.4636476090008061, 2.23606797749979
225, 56, 18, 392, 16, 393, 2, -1, -0.4636476090008061, 2.23606797749979
225, 57, 168, 205, 167, 204, 1, 1, 0.7853981633974483, 1.4142135623730951
225, 61, 39, 283, 38, 284, 1, -1, -0.7853981633974483, 1.4142135623730951
225, 63, 209, 383, 208, 384, 1, -1, -0.7853981633974483, 1.4142135623730951
225, 64, 107, 206, 106, 204, 1, 2, 1.1071487177940904, 2.23606797749979
225, 65, 115, 159, 114, 158, 1, 1, 0.7853981633974483, 1.4142135623730951
225, 69, 137, 318, 136, 319, 1, -1, -0.7853981633974483, 1.4142135623730951
225, 72, 45, 242, 43, 243, 2, -1, -0.4636476090008061, 2.23606797749979
225, 77, 145, 172, 144, 171, 1, 1, 0.7853981633974483, 1.4142135623730951
225, 78, 161, 224, 159, 224, 2, 0, 0.0, 2.0
226, 4, 174, 170, 173, 169, 1, 1, 0.7853981633974483, 1.4142135623730951
226, 12, 39, 330, 38, 331, 1, -1, -0.7853981633974483, 1.4142135623730951
226, 13, 394, 292, 394, 295, 0, -3, -1.5707963267948966, 3.0
226, 23, 115, 392, 113, 393, 2, -1, -0.4636476090008061, 2.23606797749979
226, 25, 83, 279, 82, 280, 1, -1, -0.7853981633974483, 1.4142135623730951
226, 26, 19, 145, 18, 144, 1, 1, 0.7853981633974483, 1.4142135623730951
226, 28, 91, 344, 90, 345, 1, -1, -0.7853981633974483, 1.4142135623730951
226, 29, 55, 189, 53, 188, 2, 1, 0.4636476090008061, 2.23606797749979
226, 32, 94, 371, 92, 371, 2, 0, 0.0, 2.0
226, 33, 61, 328, 60, 329, 1, -1, -0.7853981633974483, 1.4142135623730951
226, 39, 370, 316, 369, 319, 1, -3, -1.2490457723982544, 3.1622776601683795
226, 47, 19, 188, 17, 187, 2, 1, 0.4636476090008061, 2.23606797749979
226, 54, 216, 346, 214, 347, 2, -1, -0.4636476090008061, 2.23606797749979
226, 55, 215, 297, 213, 297, 2, 0, 0.0, 2.0
226, 56, 20, 391, 18, 392, 2, -1, -0.4636476090008061, 2.23606797749979
226, 63, 210, 382, 209, 383, 1, -1, -0.7853981633974483, 1.4142135623730951
226, 65, 116, 160, 115, 159, 1, 1, 0.7853981633974483, 1.4142135623730951
226, 66, 71, 239, 72, 238, -1, 1, 2.356194490192345, 1.4142135623730951
226, 67, 249, 364, 247, 364, 2, 0, 0.0, 2.0
226, 69, 141, 317, 137, 318, 4, -1, -0.24497866312686414, 4.123105625617661
226, 71, 190, 283, 189, 284, 1, -1, -0.7853981633974483, 1.4142135623730951
226, 73, 60, 357, 59, 358, 1, -1, -0.7853981633974483, 1.4142135623730951
226, 76, 87, 147, 85, 147, 2, 0, 0.0, 2.0
226, 80, 59, 160, 58, 159, 1, 1, 0.7853981633974483, 1.4142135623730951
227, 2, 104, 316, 103, 317, 1, -1, -0.7853981633974483, 1.4142135623730951
227, 5, 159, 264, 158, 265, 1, -1, -0.7853981633974483, 1.4142135623730951
227, 9, 104, 180, 102, 180, 2, 0, 0.0, 2.0
227, 13, 395, 290, 394, 292, 1, -2, -1.1071487177940904, 2.23606797749979
227, 22, 63, 278, 61, 280, 2, -2, -0.7853981633974483, 2.8284271247461903
227, 23, 117, 392, 115, 392, 2, 0, 0.0, 2.0
227, 24, 130, 265, 129, 266, 1, -1, -0.7853981633974483, 1.4142135623730951
227, 26, 21, 145, 19, 145, 2, 0, 0.0, 2.0
227, 36, 133, 364, 132, 365, 1, -1, -0.7853981633974483, 1.4142135623730951
227, 47, 255, 196, 254, 195, 1, 1, 0.7853981633974483, 1.4142135623730951
227, 49, 40, 307, 39, 308, 1, -1, -0.7853981633974483, 1.4142135623730951
227, 50, 201, 376, 201, 378, 0, -2, -1.5707963267948966, 2.0
227, 53, 218, 345, 216, 346, 2, -1, -0.4636476090008061, 2.23606797749979
227, 54, 217, 297, 215, 297, 2, 0, 0.0, 2.0
227, 55, 22, 390, 20, 391, 2, -1, -0.4636476090008061, 2.23606797749979
227, 57, 89, 205, 88, 204, 1, 1, 0.7853981633974483, 1.4142135623730951
227, 62, 211, 380, 210, 382, 1, -2, -1.1071487177940904, 2.23606797749979
227, 64, 117, 161, 116, 160, 1, 1, 0.7853981633974483, 1.4142135623730951
227, 65, 69, 239, 71, 239, -2, 0, 3.141592653589793, 2.0
227, 68, 142, 318, 141, 317, 1, 1, 0.7853981633974483, 1.4142135623730951
227, 78, 60, 161, 59, 160, 1, 1, 0.7853981633974483, 1.4142135623730951
228, 1, 164, 284, 163, 285, 1, -1, -0.7853981633974483, 1.4142135623730951
228, 5, 160, 263, 159, 264, 1, -1, -0.7853981633974483, 1.4142135623730951
228, 13, 395, 288, 395, 290, 0, -2, -1.5707963267948966, 2.0
228, 22, 65, 278, 63, 278, 2, 0, 0.0, 2.0
228, 23, 122, 390, 117, 392, 5, -2, -0.3805063771123649, 5.385164807134504
228, 24, 132, 265, 130, 265, 2, 0, 0.0, 2.0
228, 28, 92, 343, 91, 344, 1, -1, -0.7853981633974483, 1.4142135623730951
228, 32, 97, 371, 95, 371, 2, 0, 0.0, 2.0
228, 39, 370, 313, 370, 315, 0, -2, -1.5707963267948966, 2.0
228, 46, 21, 189, 20, 188, 1, 1, 0.7853981633974483, 1.4142135623730951
228, 50, 205, 374, 201, 376, 4, -2, -0.4636476090008061, 4.47213595499958
228, 53, 221, 345, 218, 345, 3, 0, 0.0, 3.0
228, 54, 219, 297, 217, 297, 2, 0, 0.0, 2.0
228, 60, 36, 283, 38, 283, -2, 0, 3.141592653589793, 2.0
228, 61, 220, 189, 219, 188, 1, 1, 0.7853981633974483, 1.4142135623730951
228, 62, 212, 379, 211, 380, 1, -1, -0.7853981633974483, 1.4142135623730951
228, 64, 118, 162, 117, 161, 1, 1, 0.7853981633974483, 1.4142135623730951
228, 68, 144, 317, 142, 318, 2, -1, -0.4636476090008061, 2.23606797749979
228, 71, 62, 356, 61, 357, 1, -1, -0.7853981633974483, 1.4142135623730951
228, 72, 82, 146, 81, 145, 1, 1, 0.7853981633974483, 1.4142135623730951
228, 75, 149, 173, 147, 172, 2, 1, 0.4636476090008061, 2.23606797749979
229, 0, 114, 222, 113, 223, 1, -1, -0.7853981633974483, 1.4142135623730951
229, 2, 106, 315, 105, 316, 1, -1, -0.7853981633974483, 1.4142135623730951
229, 10, 54, 280, 53, 281, 1, -1, -0.7853981633974483, 1.4142135623730951
229, 13, 396, 285, 395, 288, 1, -3, -1.2490457723982544, 3.1622776601683795
229, 15, 73, 219, 71, 219, 2, 0, 0.0, 2.0
229, 18, 279, 305, 278, 304, 1, 1, 0.7853981633974483, 1.4142135623730951
229, 22, 67, 278, 65, 278, 2, 0, 0.0, 2.0
229, 23, 123, 389, 122, 390, 1, -1, -0.7853981633974483, 1.4142135623730951
229, 24, 134, 266, 132, 265, 2, 1, 0.4636476090008061, 2.23606797749979
229, 26, 23, 146, 22, 145, 1, 1, 0.7853981633974483, 1.4142135623730951
229, 27, 162, 352, 161, 351, 1, 1, 0.7853981633974483, 1.4142135623730951
229, 28, 93, 342, 92, 343, 1, -1, -0.7853981633974483, 1.4142135623730951
229, 38, 268, 227, 267, 226, 1, 1, 0.7853981633974483, 1.4142135623730951
229, 39, 371, 310, 370, 313, 1, -3, -1.2490457723982544, 3.1622776601683795
229, 48, 42, 306, 41, 307, 1, -1, -0.7853981633974483, 1.4142135623730951
229, 52, 222, 344, 221, 345, 1, -1, -0.7853981633974483, 1.4142135623730951
229, 53, 221, 297, 219, 297, 2, 0, 0.0, 2.0
229, 54, 24, 388, 23, 390, 1, -2, -1.1071487177940904, 2.23606797749979
229, 56, 91, 206, 90, 205, 1, 1, 0.7853981633974483, 1.4142135623730951
229, 58, 138, 202, 137, 201, 1, 1, 0.7853981633974483, 1.4142135623730951
229, 61, 213, 378, 212, 379, 1, -1, -0.7853981633974483, 1.4142135623730951
229, 62, 105, 206, 107, 206, -2, 0, 3.141592653589793, 2.0
229, 63, 119, 163, 118, 162, 1, 1, 0.7853981633974483, 1.4142135623730951
229, 67, 145, 318, 144, 317, 1, 1, 0.7853981633974483, 1.4142135623730951
229, 70, 63, 355, 62, 356, 1, -1, -0.7853981633974483, 1.4142135623730951
230, 0, 177, 172, 176, 171, 1, 1, 0.7853981633974483, 1.4142135623730951
230, 1, 36, 215, 35, 214, 1, 1, 0.7853981633974483, 1.4142135623730951
230, 5, 397, 287, 397, 290, 0, -3, -1.5707963267948966, 3.0
230, 9, 132, 265, 131, 264, 1, 1, 0.7853981633974483, 1.4142135623730951
230, 12, 163, 261, 161, 261, 2, 0, 0.0, 2.0
230, 14, 192, 240, 191, 239, 1, 1, 0.7853981633974483, 1.4142135623730951
230, 22, 214, 246, 213, 245, 1, 1, 0.7853981633974483, 1.4142135623730951
230, 25, 372, 315, 372, 318, 0, -3, -1.5707963267948966, 3.0
230, 26, 66, 279, 65, 278, 1, 1, 0.7853981633974483, 1.4142135623730951
230, 29, 159, 233, 158, 232, 1, 1, 0.7853981633974483, 1.4142135623730951
230, 43, 120, 389, 118, 389, 2, 0, 0.0, 2.0
230, 46, 105, 183, 104, 182, 1, 1, 0.7853981633974483, 1.4142135623730951
230, 49, 254, 369, 252, 370, 2, -1, -0.4636476090008061, 2.23606797749979
230, 51, 21, 365, 19, 365, 2, 0, 0.0, 2.0
230, 67, 24, 391, 22, 392, 2, -1, -0.4636476090008061, 2.23606797749979
230, 68, 213, 382, 212, 383, 1, -1, -0.7853981633974483, 1.4142135623730951
230, 69, 254, 199, 253, 198, 1, 1, 0.7853981633974483, 1.4142135623730951
230, 71, 365, 312, 365, 314, 0, -2, -1.5707963267948966, 2.0
230, 72, 313, 364, 310, 365, 3, -1, -0.3217505543966422, 3.1622776601683795
230, 75, 357, 349, 355, 351, 2, -2, -0.7853981633974483, 2.8284271247461903
230, 81, 6, 196, 4, 195, 2, 1, 0.4636476090008061, 2.23606797749979
230, 86, 203, 217, 202, 216, 1, 1, 0.7853981633974483, 1.4142135623730951
230, 94, 207, 376, 204, 378, 3, -2, -0.5880026035475675, 3.605551275463989
231, 2, 151, 291, 150, 292, 1, -1, -0.7853981633974483, 1.4142135623730951
231, 4, 184, 244, 183, 243, 1, 1, 0.7853981633974483, 1.4142135623730951
231, 5, 397, 284, 397, 287, 0, -3, -1.5707963267948966, 3.0
231, 14, 193, 241, 192, 240, 1, 1, 0.7853981633974483, 1.4142135623730951
231, 19, 8, 154, 6, 153, 2, 1, 0.4636476090008061, 2.23606797749979
231, 21, 73, 222, 72, 221, 1, 1, 0.7853981633974483, 1.4142135623730951
231, 25, 373, 313, 372, 315, 1, -2, -1.1071487177940904, 2.23606797749979
231, 32, 27, 267, 25, 267, 2, 0, 0.0, 2.0
231, 35, 23, 148, 22, 147, 1, 1, 0.7853981633974483, 1.4142135623730951
231, 37, 199, 266, 198, 265, 1, 1, 0.7853981633974483, 1.4142135623730951
231, 40, 97, 370, 96, 371, 1, -1, -0.7853981633974483, 1.4142135623730951
231, 43, 122, 388, 120, 389, 2, -1, -0.4636476090008061, 2.23606797749979
231, 44, 195, 339, 194, 340, 1, -1, -0.7853981633974483, 1.4142135623730951
231, 46, 106, 184, 105, 183, 1, 1, 0.7853981633974483, 1.4142135623730951
231, 48, 58, 190, 57, 189, 1, 1, 0.7853981633974483, 1.4142135623730951
231, 49, 256, 369, 254, 369, 2, 0, 0.0, 2.0
231, 53, 94, 344, 93, 345, 1, -1, -0.7853981633974483, 1.4142135623730951
231, 57, 141, 203, 140, 202, 1, 1, 0.7853981633974483, 1.4142135623730951
231, 65, 26, 390, 24, 391, 2, -1, -0.4636476090008061, 2.23606797749979
231, 66, 214, 381, 213, 382, 1, -1, -0.7853981633974483, 1.4142135623730951
231, 69, 366, 309, 365, 312, 1, -3, -1.2490457723982544, 3.1622776601683795
231, 70, 314, 363, 313, 364, 1, -1, -0.7853981633974483, 1.4142135623730951
231, 73, 358, 348, 357, 349, 1, -1, -0.7853981633974483, 1.4142135623730951
231, 76, 270, 229, 269, 228, 1, 1, 0.7853981633974483, 1.4142135623730951
231, 82, 164, 343, 163, 344, 1, -1, -0.7853981633974483, 1.4142135623730951
231, 85, 58, 240, 56, 240, 2, 0, 0.0, 2.0
231, 86, 308, 324, 308, 326, 0, -2, -1.5707963267948966, 2.0
231, 88, 133, 304, 132, 303, 1, 1, 0.7853981633974483, 1.4142135623730951
231, 91, 208, 375, 207, 376, 1, -1, -0.7853981633974483, 1.4142135623730951
232, 0, 179, 173, 178, 172, 1, 1, 0.7853981633974483, 1.4142135623730951
232, 5, 398, 281, 397, 284, 1, -3, -1.2490457723982544, 3.1622776601683795
232, 9, 133, 266, 132, 265, 1, 1, 0.7853981633974483, 1.4142135623730951
232, 11, 156, 264, 155, 265, 1, -1, -0.7853981633974483, 1.4142135623730951
232, 14, 194, 242, 193, 241, 1, 1, 0.7853981633974483, 1.4142135623730951
232, 21, 74, 223, 73, 222, 1, 1, 0.7853981633974483, 1.4142135623730951
232, 22, 215, 248, 214, 247, 1, 1, 0.7853981633974483, 1.4142135623730951
232, 23, 323, 365, 320, 366, 3, -1, -0.3217505543966422, 3.1622776601683795
232, 25, 374, 311, 373, 313, 1, -2, -1.1071487177940904, 2.23606797749979
232, 28, 259, 223, 260, 222, -1, 1, 2.356194490192345, 1.4142135623730951
232, 30, 140, 363, 136, 364, 4, -1, -0.24497866312686414, 4.123105625617661
232, 43, 124, 387, 122, 388, 2, -1, -0.4636476090008061, 2.23606797749979
232, 46, 107, 185, 106, 184, 1, 1, 0.7853981633974483, 1.4142135623730951
232, 48, 258, 370, 256, 369, 2, 1, 0.4636476090008061, 2.23606797749979
232, 50, 24, 365, 22, 365, 2, 0, 0.0, 2.0
232, 54, 148, 174, 146, 173, 2, 1, 0.4636476090008061, 2.23606797749979
232, 55, 78, 254, 74, 254, 4, 0, 0.0, 4.0
232, 56, 142, 204, 141, 203, 1, 1, 0.7853981633974483, 1.4142135623730951
232, 58, 160, 348, 159, 349, 1, -1, -0.7853981633974483, 1.4142135623730951
232, 64, 28, 389, 26, 390, 2, -1, -0.4636476090008061, 2.23606797749979
232, 65, 215, 380, 214, 381, 1, -1, -0.7853981633974483, 1.4142135623730951
232, 68, 367, 306, 366, 309, 1, -3, -1.2490457723982544, 3.1622776601683795
232, 70, 86, 149, 85, 148, 1, 1, 0.7853981633974483, 1.4142135623730951
232, 72, 360, 346, 358, 348, 2, -2, -0.7853981633974483, 2.8284271247461903
232, 75, 269, 230, 270, 229, -1, 1, 2.356194490192345, 1.4142135623730951
232, 83, 59, 241, 58, 240, 1, 1, 0.7853981633974483, 1.4142135623730951
232, 85, 27, 355, 26, 356, 1, -1, -0.7853981633974483, 1.4142135623730951
232, 89, 212, 373, 208, 375, 4, -2, -0.4636476090008061, 4.47213595499958
232, 90, 93, 207, 92, 206, 1, 1, 0.7853981633974483, 1.4142135623730951
233, 0, 180, 174, 179, 173, 1, 1, 0.7853981633974483, 1.4142135623730951
233, 3, 186, 243, 185, 244, 1, -1, -0.7853981633974483, 1.4142135623730951
233, 9, 58, 281, 57, 282, 1, -1, -0.7853981633974483, 1.4142135623730951
233, 10, 158, 263, 156, 264, 2, -1, -0.4636476090008061, 2.23606797749979
233, 20, 75, 224, 74, 223, 1, 1, 0.7853981633974483, 1.4142135623730951
233, 22, 324, 366, 323, 365, 1, 1, 0.7853981633974483, 1.4142135623730951
233, 24, 376, 307, 374, 311, 2, -4, -1.1071487177940904, 4.47213595499958
233, 27, 259, 225, 259, 223, 0, 2, 1.5707963267948966, 2.0
233, 30, 165, 353, 164, 354, 1, -1, -0.7853981633974483, 1.4142135623730951
233, 36, 201, 266, 199, 266, 2, 0, 0.0, 2.0
233, 40, 347, 325, 345, 326, 2, -1, -0.4636476090008061, 2.23606797749979
233, 41, 166, 383, 165, 384, 1, -1, -0.7853981633974483, 1.4142135623730951
233, 42, 126, 386, 124, 387, 2, -1, -0.4636476090008061, 2.23606797749979
233, 46, 60, 191, 59, 190, 1, 1, 0.7853981633974483, 1.4142135623730951
233, 49, 26, 365, 24, 365, 2, 0, 0.0, 2.0
233, 52, 85, 276, 84, 277, 1, -1, -0.7853981633974483, 1.4142135623730951
233, 62, 30, 388, 28, 389, 2, -1, -0.4636476090008061, 2.23606797749979
233, 65, 45, 308, 44, 309, 1, -1, -0.7853981633974483, 1.4142135623730951
233, 70, 361, 345, 360, 346, 1, -1, -0.7853981633974483, 1.4142135623730951
233, 73, 270, 231, 269, 230, 1, 1, 0.7853981633974483, 1.4142135623730951
233, 76, 107, 247, 106, 246, 1, 1, 0.7853981633974483, 1.4142135623730951
233, 79, 204, 219, 203, 218, 1, 1, 0.7853981633974483, 1.4142135623730951
233, 84, 135, 305, 134, 304, 1, 1, 0.7853981633974483, 1.4142135623730951
233, 87, 216, 371, 212, 373, 4, -2, -0.4636476090008061, 4.47213595499958
234, 4, 399, 278, 398, 280, 1, -2, -1.1071487177940904, 2.23606797749979
234, 18, 11, 155, 10, 154, 1, 1, 0.7853981633974483, 1.4142135623730951
234, 24, 376, 305, 376, 307, 0, -2, -1.5707963267948966, 2.0
234, 27, 260, 226, 259, 225, 1, 1, 0.7853981633974483, 1.4142135623730951
234, 31, 31, 267, 29, 267, 2, 0, 0.0, 2.0
234, 34, 25, 150, 24, 149, 1, 1, 0.7853981633974483, 1.4142135623730951
234, 40, 348, 324, 347, 325, 1, -1, -0.7853981633974483, 1.4142135623730951
234, 42, 127, 385, 126, 386, 1, -1, -0.7853981633974483, 1.4142135623730951
234, 47, 261, 370, 259, 370, 2, 0, 0.0, 2.0
234, 49, 27, 364, 26, 365, 1, -1, -0.7853981633974483, 1.4142135623730951
234, 51, 95, 342, 94, 343, 1, -1, -0.7853981633974483, 1.4142135623730951
234, 55, 144, 205, 143, 204, 1, 1, 0.7853981633974483, 1.4142135623730951
234, 56, 173, 208, 172, 207, 1, 1, 0.7853981633974483, 1.4142135623730951
234, 59, 167, 231, 166, 230, 1, 1, 0.7853981633974483, 1.4142135623730951
234, 63, 217, 379, 216, 380, 1, -1, -0.7853981633974483, 1.4142135623730951
234, 69, 363, 343, 361, 345, 2, -2, -0.7853981633974483, 2.8284271247461903
234, 79, 125, 339, 124, 340, 1, -1, -0.7853981633974483, 1.4142135623730951
234, 81, 311, 322, 309, 323, 2, -1, -0.4636476090008061, 2.23606797749979
234, 86, 221, 369, 216, 371, 5, -2, -0.3805063771123649, 5.385164807134504
235, 3, 402, 282, 401, 284, 1, -2, -1.1071487177940904, 2.23606797749979
235, 9, 10, 370, 8, 371, 2, -1, -0.4636476090008061, 2.23606797749979
235, 13, 159, 265, 158, 266, 1, -1, -0.7853981633974483, 1.4142135623730951
235, 16, 47, 332, 46, 333, 1, -1, -0.7853981633974483, 1.4142135623730951
235, 18, 30, 151, 25, 150, 5, 1, 0.19739555984988075, 5.0990195135927845
235, 22, 219, 249, 218, 248, 1, 1, 0.7853981633974483, 1.4142135623730951
235, 23, 77, 225, 76, 224, 1, 1, 0.7853981633974483, 1.4142135623730951
235, 26, 105, 372, 100, 372, 5, 0, 0.0, 5.0
235, 30, 167, 380, 166, 381, 1, -1, -0.7853981633974483, 1.4142135623730951
235, 32, 284, 326, 282, 326, 2, 0, 0.0, 2.0
235, 33, 228, 245, 227, 244, 1, 1, 0.7853981633974483, 1.4142135623730951
235, 36, 176, 212, 173, 210, 3, 2, 0.5880026035475675, 3.605551275463989
235, 37, 310, 341, 307, 342, 3, -1, -0.3217505543966422, 3.1622776601683795
235, 40, 207, 290, 204, 289, 3, 1, 0.3217505543966422, 3.1622776601683795
235, 41, 161, 175, 159, 174, 2, 1, 0.4636476090008061, 2.23606797749979
235, 44, 143, 206, 142, 205, 1, 1, 0.7853981633974483, 1.4142135623730951
235, 45, 129, 392, 127, 393, 2, -1, -0.4636476090008061, 2.23606797749979
235, 46, 262, 255, 261, 254, 1, 1, 0.7853981633974483, 1.4142135623730951
235, 49, 31, 268, 29, 268, 2, 0, 0.0, 2.0
235, 50, 97, 344, 96, 345, 1, -1, -0.7853981633974483, 1.4142135623730951
235, 55, 29, 390, 27, 391, 2, -1, -0.4636476090008061, 2.23606797749979
235, 56, 235, 322, 232, 323, 3, -1, -0.3217505543966422, 3.1622776601683795
235, 62, 51, 218, 50, 217, 1, 1, 0.7853981633974483, 1.4142135623730951
235, 66, 26, 355, 25, 356, 1, -1, -0.7853981633974483, 1.4142135623730951
235, 68, 60, 191, 59, 190, 1, 1, 0.7853981633974483, 1.4142135623730951
235, 69, 378, 309, 377, 311, 1, -2, -1.1071487177940904, 2.23606797749979
235, 73, 224, 373, 219, 374, 5, -1, -0.19739555984988075, 5.0990195135927845
235, 74, 108, 249, 107, 248, 1, 1, 0.7853981633974483, 1.4142135623730951
235, 78, 314, 325, 312, 326, 2, -1, -0.4636476090008061, 2.23606797749979
235, 80, 364, 311, 364, 313, 0, -2, -1.5707963267948966, 2.0
235, 83, 217, 386, 216, 385, 1, 1, 0.7853981633974483, 1.4142135623730951
235, 92, 82, 169, 81, 168, 1, 1, 0.7853981633974483, 1.4142135623730951
235, 94, 221, 186, 220, 185, 1, 1, 0.7853981633974483, 1.4142135623730951
235, 100, 122, 169, 121, 168, 1, 1, 0.7853981633974483, 1.4142135623730951
236, 1, 41, 217, 40, 216, 1, 1, 0.7853981633974483, 1.4142135623730951
236, 3, 403, 280, 402, 282, 1, -2, -1.1071487177940904, 2.23606797749979
236, 9, 11, 368, 10, 370, 1, -2, -1.1071487177940904, 2.23606797749979
236, 13, 160, 264, 159, 265, 1, -1, -0.7853981633974483, 1.4142135623730951
236, 16, 48, 331, 47, 332, 1, -1, -0.7853981633974483, 1.4142135623730951
236, 19, 47, 308, 46, 309, 1, -1, -0.7853981633974483, 1.4142135623730951
236, 31, 164, 236, 163, 235, 1, 1, 0.7853981633974483, 1.4142135623730951
236, 32, 287, 326, 284, 326, 3, 0, 0.0, 3.0
236, 37, 313, 340, 310, 341, 3, -1, -0.3217505543966422, 3.1622776601683795
236, 40, 209, 290, 207, 290, 2, 0, 0.0, 2.0
236, 41, 163, 177, 161, 175, 2, 2, 0.7853981633974483, 2.8284271247461903
236, 44, 144, 207, 143, 206, 1, 1, 0.7853981633974483, 1.4142135623730951
236, 45, 131, 391, 129, 392, 2, -1, -0.4636476090008061, 2.23606797749979
236, 50, 98, 343, 97, 344, 1, -1, -0.7853981633974483, 1.4142135623730951
236, 54, 350, 323, 349, 324, 1, -1, -0.7853981633974483, 1.4142135623730951
236, 55, 30, 389, 29, 390, 1, -1, -0.7853981633974483, 1.4142135623730951
236, 58, 12, 326, 11, 327, 1, -1, -0.7853981633974483, 1.4142135623730951
236, 64, 148, 177, 147, 176, 1, 1, 0.7853981633974483, 1.4142135623730951
236, 69, 379, 307, 378, 309, 1, -2, -1.1071487177940904, 2.23606797749979
236, 82, 308, 269, 307, 268, 1, 1, 0.7853981633974483, 1.4142135623730951
236, 90, 95, 152, 94, 151, 1, 1, 0.7853981633974483, 1.4142135623730951
236, 93, 222, 187, 221, 186, 1, 1, 0.7853981633974483, 1.4142135623730951
236, 96, 78, 385, 77, 386, 1, -1, -0.7853981633974483, 1.4142135623730951
236, 100, 364, 348, 362, 349, 2, -1, -0.4636476090008061, 2.23606797749979
237, 0, 180, 176, 179, 175, 1, 1, 0.7853981633974483, 1.4142135623730951
237, 3, 404, 278, 403, 280, 1, -2, -1.1071487177940904, 2.23606797749979
237, 9, 12, 367, 11, 368, 1, -1, -0.7853981633974483, 1.4142135623730951
237, 11, 111, 185, 109, 185, 2, 0, 0.0, 2.0
237, 14, 167, 352, 166, 353, 1, -1, -0.7853981633974483, 1.4142135623730951
237, 17, 32, 152, 31, 151, 1, 1, 0.7853981633974483, 1.4142135623730951
237, 18, 48, 307, 47, 308, 1, -1, -0.7853981633974483, 1.4142135623730951
237, 30, 290, 326, 287, 326, 3, 0, 0.0, 3.0
237, 35, 316, 340, 313, 340, 3, 0, 0.0, 3.0
237, 38, 211, 291, 209, 290, 2, 1, 0.4636476090008061, 2.23606797749979
237, 40, 142, 363, 141, 364, 1, -1, -0.7853981633974483, 1.4142135623730951
237, 43, 133, 390, 131, 391, 2, -1, -0.4636476090008061, 2.23606797749979
237, 44, 263, 256, 262, 255, 1, 1, 0.7853981633974483, 1.4142135623730951
237, 46, 261, 369, 260, 370, 1, -1, -0.7853981633974483, 1.4142135623730951
237, 52, 351, 322, 350, 323, 1, -1, -0.7853981633974483, 1.4142135623730951
237, 54, 239, 322, 236, 322, 3, 0, 0.0, 3.0
237, 59, 29, 194, 28, 193, 1, 1, 0.7853981633974483, 1.4142135623730951
237, 61, 281, 357, 280, 358, 1, -1, -0.7853981633974483, 1.4142135623730951
237, 65, 380, 305, 379, 307, 1, -2, -1.1071487177940904, 2.23606797749979
237, 69, 229, 373, 225, 373, 4, 0, 0.0, 4.0
237, 71, 151, 356, 149, 356, 2, 0, 0.0, 2.0
237, 74, 316, 326, 315, 325, 1, 1, 0.7853981633974483, 1.4142135623730951
237, 75, 222, 196, 221, 195, 1, 1, 0.7853981633974483, 1.4142135623730951
237, 76, 366, 309, 364, 310, 2, -1, -0.4636476090008061, 2.23606797749979
237, 79, 220, 386, 218, 386, 2, 0, 0.0, 2.0
237, 80, 67, 196, 66, 195, 1, 1, 0.7853981633974483, 1.4142135623730951
237, 82, 90, 255, 89, 254, 1, 1, 0.7853981633974483, 1.4142135623730951
237, 89, 224, 188, 222, 187, 2, 1, 0.4636476090008061, 2.23606797749979
237, 92, 79, 384, 78, 385, 1, -1, -0.7853981633974483, 1.4142135623730951
237, 96, 365, 347, 364, 348, 1, -1, -0.7853981633974483, 1.4142135623730951
238, 0, 181, 177, 180, 176, 1, 1, 0.7853981633974483, 1.4142135623730951
238, 3, 404, 275, 404, 278, 0, -3, -1.5707963267948966, 3.0
238, 9, 13, 366, 12, 367, 1, -1, -0.7853981633974483, 1.4142135623730951
238, 15, 49, 329, 48, 330, 1, -1, -0.7853981633974483, 1.4142135623730951
238, 17, 34, 153, 32, 152, 2, 1, 0.4636476090008061, 2.23606797749979
238, 18, 50, 306, 48, 307, 2, -1, -0.4636476090008061, 2.23606797749979
238, 22, 79, 227, 78, 226, 1, 1, 0.7853981633974483, 1.4142135623730951
238, 23, 125, 302, 123, 303, 2, -1, -0.4636476090008061, 2.23606797749979
238, 25, 162, 345, 161, 346, 1, -1, -0.7853981633974483, 1.4142135623730951
238, 28, 170, 379, 169, 380, 1, -1, -0.7853981633974483, 1.4142135623730951
238, 30, 291, 327, 290, 326, 1, 1, 0.7853981633974483, 1.4142135623730951
238, 33, 29, 364, 27, 365, 2, -1, -0.4636476090008061, 2.23606797749979
238, 36, 273, 235, 272, 233, 1, 2, 1.1071487177940904, 2.23606797749979
238, 41, 107, 315, 106, 316, 1, -1, -0.7853981633974483, 1.4142135623730951
238, 42, 146, 208, 145, 207, 1, 1, 0.7853981633974483, 1.4142135623730951
238, 43, 135, 389, 133, 390, 2, -1, -0.4636476090008061, 2.23606797749979
238, 44, 266, 258, 263, 256, 3, 2, 0.5880026035475675, 3.605551275463989
238, 47, 35, 268, 33, 268, 2, 0, 0.0, 2.0
238, 52, 352, 321, 351, 322, 1, -1, -0.7853981633974483, 1.4142135623730951
238, 54, 240, 323, 239, 322, 1, 1, 0.7853981633974483, 1.4142135623730951
238, 60, 149, 178, 148, 177, 1, 1, 0.7853981633974483, 1.4142135623730951
238, 62, 30, 354, 28, 355, 2, -1, -0.4636476090008061, 2.23606797749979
238, 65, 381, 302, 380, 305, 1, -3, -1.2490457723982544, 3.1622776601683795
238, 69, 231, 373, 229, 373, 2, 0, 0.0, 2.0
238, 73, 37, 260, 36, 259, 1, 1, 0.7853981633974483, 1.4142135623730951
238, 74, 317, 327, 316, 326, 1, 1, 0.7853981633974483, 1.4142135623730951
238, 75, 225, 200, 222, 196, 3, 4, 0.9272952180016122, 5.0
238, 76, 368, 310, 366, 309, 2, 1, 0.4636476090008061, 2.23606797749979
238, 84, 43, 267, 41, 267, 2, 0, 0.0, 2.0
238, 88, 265, 227, 264, 226, 1, 1, 0.7853981633974483, 1.4142135623730951
238, 89, 224, 190, 224, 188, 0, 2, 1.5707963267948966, 2.0
238, 90, 33, 289, 28, 289, 5, 0, 0.0, 5.0
238, 92, 84, 382, 79, 384, 5, -2, -0.3805063771123649, 5.385164807134504
238, 95, 124, 170, 123, 169, 1, 1, 0.7853981633974483, 1.4142135623730951
238, 96, 367, 345, 365, 347, 2, -2, -0.7853981633974483, 2.8284271247461903
238, 97, 38, 243, 34, 243, 4, 0, 0.0, 4.0
239, 0, 183, 178, 181, 177, 2, 1, 0.4636476090008061, 2.23606797749979
239, 3, 406, 273, 404, 275, 2, -2, -0.7853981633974483, 2.8284271247461903
239, 7, 15, 157, 14, 156, 1, 1, 0.7853981633974483, 1.4142135623730951
239, 11, 113, 186, 111, 185, 2, 1, 0.4636476090008061, 2.23606797749979
239, 14, 169, 351, 168, 352, 1, -1, -0.7853981633974483, 1.4142135623730951
239, 22, 80, 228, 79, 227, 1, 1, 0.7853981633974483, 1.4142135623730951
239, 23, 127, 302, 125, 302, 2, 0, 0.0, 2.0
239, 24, 110, 372, 108, 372, 2, 0, 0.0, 2.0
239, 25, 164, 344, 162, 345, 2, -1, -0.4636476090008061, 2.23606797749979
239, 38, 210, 292, 211, 291, -1, 1, 2.356194490192345, 1.4142135623730951
239, 43, 137, 388, 135, 389, 2, -1, -0.4636476090008061, 2.23606797749979
239, 46, 262, 368, 261, 369, 1, -1, -0.7853981633974483, 1.4142135623730951
239, 47, 37, 268, 35, 268, 2, 0, 0.0, 2.0
239, 48, 99, 341, 98, 342, 1, -1, -0.7853981633974483, 1.4142135623730951
239, 53, 34, 389, 32, 389, 2, 0, 0.0, 2.0
239, 55, 80, 255, 79, 256, 1, -1, -0.7853981633974483, 1.4142135623730951
239, 62, 32, 354, 30, 354, 2, 0, 0.0, 2.0
239, 64, 66, 193, 62, 192, 4, 1, 0.24497866312686414, 4.123105625617661
239, 65, 382, 298, 381, 302, 1, -4, -1.3258176636680326, 4.123105625617661
239, 69, 233, 373, 231, 373, 2, 0, 0.0, 2.0
239, 71, 154, 356, 152, 356, 2, 0, 0.0, 2.0
239, 72, 117, 287, 114, 288, 3, -1, -0.3217505543966422, 3.1622776601683795
239, 73, 40, 260, 37, 260, 3, 0, 0.0, 3.0
239, 79, 222, 385, 221, 386, 1, -1, -0.7853981633974483, 1.4142135623730951
239, 80, 71, 196, 68, 196, 3, 0, 0.0, 3.0
239, 84, 45, 266, 43, 267, 2, -1, -0.4636476090008061, 2.23606797749979
239, 96, 367, 343, 367, 345, 0, -2, -1.5707963267948966, 2.0
240, 2, 45, 219, 44, 218, 1, 1, 0.7853981633974483, 1.4142135623730951
240, 3, 405, 277, 405, 279, 0, -2, -1.5707963267948966, 2.0
240, 14, 13, 366, 11, 367, 2, -1, -0.4636476090008061, 2.23606797749979
240, 15, 50, 332, 48, 333, 2, -1, -0.4636476090008061, 2.23606797749979
240, 17, 112, 188, 111, 187, 1, 1, 0.7853981633974483, 1.4142135623730951
240, 23, 132, 392, 130, 393, 2, -1, -0.4636476090008061, 2.23606797749979
240, 26, 7, 304, 6, 305, 1, -1, -0.7853981633974483, 1.4142135623730951
240, 27, 171, 353, 170, 354, 1, -1, -0.7853981633974483, 1.4142135623730951
240, 28, 114, 287, 113, 288, 1, -1, -0.7853981633974483, 1.4142135623730951
240, 29, 9, 255, 7, 255, 2, 0, 0.0, 2.0
240, 32, 381, 303, 381, 306, 0, -3, -1.5707963267948966, 3.0
240, 37, 319, 370, 318, 369, 1, 1, 0.7853981633974483, 1.4142135623730951
240, 42, 31, 364, 29, 365, 2, -1, -0.4636476090008061, 2.23606797749979
240, 47, 173, 308, 172, 309, 1, -1, -0.7853981633974483, 1.4142135623730951
240, 49, 167, 345, 164, 346, 3, -1, -0.3217505543966422, 3.1622776601683795
240, 50, 41, 261, 38, 261, 3, 0, 0.0, 3.0
240, 51, 340, 346, 339, 348, 1, -2, -1.1071487177940904, 2.23606797749979
240, 52, 369, 302, 369, 304, 0, -2, -1.5707963267948966, 2.0
240, 56, 33, 355, 30, 356, 3, -1, -0.3217505543966422, 3.1622776601683795
240, 58, 36, 269, 34, 269, 2, 0, 0.0, 2.0
240, 59, 192, 365, 191, 366, 1, -1, -0.7853981633974483, 1.4142135623730951
240, 62, 164, 231, 162, 229, 2, 2, 0.7853981633974483, 2.8284271247461903
240, 63, 129, 304, 126, 304, 3, 0, 0.0, 3.0
240, 66, 126, 172, 125, 171, 1, 1, 0.7853981633974483, 1.4142135623730951
240, 68, 176, 378, 174, 378, 2, 0, 0.0, 2.0
240, 70, 95, 280, 94, 281, 1, -1, -0.7853981633974483, 1.4142135623730951
240, 72, 33, 390, 32, 391, 1, -1, -0.7853981633974483, 1.4142135623730951
240, 73, 40, 325, 36, 326, 4, -1, -0.24497866312686414, 4.123105625617661
240, 77, 15, 328, 13, 327, 2, 1, 0.4636476090008061, 2.23606797749979
240, 78, 98, 318, 97, 319, 1, -1, -0.7853981633974483, 1.4142135623730951
240, 82, 141, 385, 140, 387, 1, -2, -1.1071487177940904, 2.23606797749979
240, 84, 260, 369, 259, 370, 1, -1, -0.7853981633974483, 1.4142135623730951
241, 0, 184, 180, 183, 179, 1, 1, 0.7853981633974483, 1.4142135623730951
241, 3, 405, 275, 405, 277, 0, -2, -1.5707963267948966, 2.0
241, 4, 126, 227, 124, 227, 2, 0, 0.0, 2.0
241, 5, 16, 159, 14, 158, 2, 1, 0.4636476090008061, 2.23606797749979
241, 6, 204, 269, 203, 268, 1, 1, 0.7853981633974483, 1.4142135623730951
241, 10, 83, 229, 81, 228, 2, 1, 0.4636476090008061, 2.23606797749979
241, 14, 14, 365, 13, 366, 1, -1, -0.7853981633974483, 1.4142135623730951
241, 17, 113, 189, 112, 188, 1, 1, 0.7853981633974483, 1.4142135623730951
241, 23, 134, 391, 132, 392, 2, -1, -0.4636476090008061, 2.23606797749979
241, 25, 107, 371, 106, 372, 1, -1, -0.7853981633974483, 1.4142135623730951
241, 27, 172, 352, 171, 353, 1, -1, -0.7853981633974483, 1.4142135623730951
241, 32, 381, 301, 381, 303, 0, -2, -1.5707963267948966, 2.0
241, 34, 152, 179, 151, 178, 1, 1, 0.7853981633974483, 1.4142135623730951
241, 42, 33, 363, 31, 364, 2, -1, -0.4636476090008061, 2.23606797749979
241, 46, 180, 212, 179, 213, 1, -1, -0.7853981633974483, 1.4142135623730951
241, 49, 169, 344, 167, 345, 2, -1, -0.4636476090008061, 2.23606797749979
241, 50, 43, 261, 41, 261, 2, 0, 0.0, 2.0
241, 56, 36, 354, 33, 355, 3, -1, -0.3217505543966422, 3.1622776601683795
241, 58, 38, 269, 36, 269, 2, 0, 0.0, 2.0
241, 62, 165, 232, 164, 231, 1, 1, 0.7853981633974483, 1.4142135623730951
241, 71, 191, 178, 190, 177, 1, 1, 0.7853981633974483, 1.4142135623730951
241, 73, 41, 324, 40, 325, 1, -1, -0.7853981633974483, 1.4142135623730951
241, 79, 301, 328, 302, 327, -1, 1, 2.356194490192345, 1.4142135623730951
241, 81, 95, 381, 94, 380, 1, 1, 0.7853981633974483, 1.4142135623730951
241, 82, 142, 386, 141, 385, 1, 1, 0.7853981633974483, 1.4142135623730951
242, 0, 186, 182, 184, 180, 2, 2, 0.7853981633974483, 2.8284271247461903
242, 2, 48, 220, 46, 219, 2, 1, 0.4636476090008061, 2.23606797749979
242, 3, 406, 273, 405, 275, 1, -2, -1.1071487177940904, 2.23606797749979
242, 4, 127, 228, 126, 227, 1, 1, 0.7853981633974483, 1.4142135623730951
242, 5, 18, 159, 16, 159, 2, 0, 0.0, 2.0
242, 9, 230, 250, 229, 249, 1, 1, 0.7853981633974483, 1.4142135623730951
242, 14, 16, 364, 14, 365, 2, -1, -0.4636476090008061, 2.23606797749979
242, 22, 136, 390, 134, 391, 2, -1, -0.4636476090008061, 2.23606797749979
242, 25, 9, 303, 8, 304, 1, -1, -0.7853981633974483, 1.4142135623730951
242, 29, 155, 289, 154, 288, 1, 1, 0.7853981633974483, 1.4142135623730951
242, 31, 382, 299, 381, 301, 1, -2, -1.1071487177940904, 2.23606797749979
242, 33, 153, 180, 152, 179, 1, 1, 0.7853981633974483, 1.4142135623730951
242, 35, 34, 153, 32, 153, 2, 0, 0.0, 2.0
242, 37, 283, 358, 282, 359, 1, -1, -0.7853981633974483, 1.4142135623730951
242, 41, 34, 362, 33, 363, 1, -1, -0.7853981633974483, 1.4142135623730951
242, 42, 228, 200, 227, 199, 1, 1, 0.7853981633974483, 1.4142135623730951
242, 43, 80, 259, 79, 260, 1, -1, -0.7853981633974483, 1.4142135623730951
242, 45, 181, 213, 180, 212, 1, 1, 0.7853981633974483, 1.4142135623730951
242, 48, 171, 344, 169, 344, 2, 0, 0.0, 2.0
242, 49, 46, 261, 43, 261, 3, 0, 0.0, 3.0
242, 53, 51, 308, 50, 309, 1, -1, -0.7853981633974483, 1.4142135623730951
242, 55, 39, 354, 36, 354, 3, 0, 0.0, 3.0
242, 56, 203, 339, 202, 340, 1, -1, -0.7853981633974483, 1.4142135623730951
242, 57, 39, 268, 38, 269, 1, -1, -0.7853981633974483, 1.4142135623730951
242, 60, 166, 233, 165, 232, 1, 1, 0.7853981633974483, 1.4142135623730951
242, 70, 36, 389, 34, 390, 2, -1, -0.4636476090008061, 2.23606797749979
242, 71, 41, 322, 41, 324, 0, -2, -1.5707963267948966, 2.0
242, 72, 100, 210, 99, 209, 1, 1, 0.7853981633974483, 1.4142135623730951
242, 76, 99, 317, 98, 318, 1, -1, -0.7853981633974483, 1.4142135623730951
243, 0, 187, 183, 186, 182, 1, 1, 0.7853981633974483, 1.4142135623730951
243, 3, 406, 270, 406, 273, 0, -3, -1.5707963267948966, 3.0
243, 22, 137, 389, 136, 390, 1, -1, -0.7853981633974483, 1.4142135623730951
243, 25, 10, 302, 9, 303, 1, -1, -0.7853981633974483, 1.4142135623730951
243, 27, 115, 288, 114, 287, 1, 1, 0.7853981633974483, 1.4142135623730951
243, 34, 213, 224, 212, 223, 1, 1, 0.7853981633974483, 1.4142135623730951
243, 36, 322, 372, 321, 370, 1, 2, 1.1071487177940904, 2.23606797749979
243, 42, 229, 202, 228, 200, 1, 2, 1.1071487177940904, 2.23606797749979
243, 48, 173, 343, 171, 344, 2, -1, -0.4636476090008061, 2.23606797749979
243, 49, 48, 262, 46, 261, 2, 1, 0.4636476090008061, 2.23606797749979
243, 51, 370, 297, 369, 300, 1, -3, -1.2490457723982544, 3.1622776601683795
243, 55, 41, 354, 39, 354, 2, 0, 0.0, 2.0
243, 56, 204, 338, 203, 339, 1, -1, -0.7853981633974483, 1.4142135623730951
243, 58, 194, 364, 193, 365, 1, -1, -0.7853981633974483, 1.4142135623730951
243, 59, 57, 333, 56, 334, 1, -1, -0.7853981633974483, 1.4142135623730951
243, 60, 167, 234, 166, 233, 1, 1, 0.7853981633974483, 1.4142135623730951
243, 61, 133, 303, 131, 304, 2, -1, -0.4636476090008061, 2.23606797749979
243, 66, 179, 377, 178, 378, 1, -1, -0.7853981633974483, 1.4142135623730951
243, 68, 97, 279, 96, 280, 1, -1, -0.7853981633974483, 1.4142135623730951
243, 70, 38, 388, 36, 389, 2, -1, -0.4636476090008061, 2.23606797749979
243, 71, 42, 321, 41, 322, 1, -1, -0.7853981633974483, 1.4142135623730951
243, 74, 203, 359, 204, 358, -1, 1, 2.356194490192345, 1.4142135623730951
243, 77, 304, 329, 301, 329, 3, 0, 0.0, 3.0
244, 2, 51, 220, 49, 220, 2, 0, 0.0, 2.0
244, 3, 406, 268, 406, 270, 0, -2, -1.5707963267948966, 2.0
244, 9, 231, 251, 230, 250, 1, 1, 0.7853981633974483, 1.4142135623730951
244, 10, 87, 230, 85, 229, 2, 1, 0.4636476090008061, 2.23606797749979
244, 30, 113, 312, 112, 313, 1, -1, -0.7853981633974483, 1.4142135623730951
244, 33, 155, 181, 154, 180, 1, 1, 0.7853981633974483, 1.4142135623730951
244, 35, 36, 154, 35, 153, 1, 1, 0.7853981633974483, 1.4142135623730951
244, 36, 323, 373, 322, 372, 1, 1, 0.7853981633974483, 1.4142135623730951
244, 42, 230, 203, 229, 202, 1, 1, 0.7853981633974483, 1.4142135623730951
244, 48, 176, 342, 173, 343, 3, -1, -0.3217505543966422, 3.1622776601683795
244, 49, 51, 262, 48, 262, 3, 0, 0.0, 3.0
244, 50, 343, 345, 342, 346, 1, -1, -0.7853981633974483, 1.4142135623730951
244, 53, 52, 309, 51, 308, 1, 1, 0.7853981633974483, 1.4142135623730951
244, 55, 43, 353, 41, 354, 2, -1, -0.4636476090008061, 2.23606797749979
244, 56, 205, 337, 204, 338, 1, -1, -0.7853981633974483, 1.4142135623730951
244, 59, 55, 333, 57, 333, -2, 0, 3.141592653589793, 2.0
244, 69, 192, 179, 191, 178, 1, 1, 0.7853981633974483, 1.4142135623730951
244, 70, 40, 388, 38, 388, 2, 0, 0.0, 2.0
244, 73, 298, 350, 297, 351, 1, -1, -0.7853981633974483, 1.4142135623730951
244, 76, 100, 316, 99, 317, 1, -1, -0.7853981633974483, 1.4142135623730951
244, 77, 307, 330, 304, 329, 3, 1, 0.3217505543966422, 3.1622776601683795
244, 79, 97, 380, 95, 381, 2, -1, -0.4636476090008061, 2.23606797749979
244, 80, 145, 385, 144, 386, 1, -1, -0.7853981633974483, 1.4142135623730951
244, 81, 172, 260, 171, 261, 1, -1, -0.7853981633974483, 1.4142135623730951
244, 82, 264, 368, 263, 369, 1, -1, -0.7853981633974483, 1.4142135623730951
245, 7, 36, 157, 35, 156, 1, 1, 0.7853981633974483, 1.4142135623730951
245, 8, 409, 268, 408, 273, 1, -5, -1.373400766945016, 5.0990195135927845
245, 12, 17, 367, 16, 368, 1, -1, -0.7853981633974483, 1.4142135623730951
245, 13, 220, 282, 219, 283, 1, -1, -0.7853981633974483, 1.4142135623730951
245, 15, 53, 333, 52, 334, 1, -1, -0.7853981633974483, 1.4142135623730951
245, 19, 324, 374, 321, 373, 3, 1, 0.3217505543966422, 3.1622776601683795
245, 20, 206, 272, 205, 273, 1, -1, -0.7853981633974483, 1.4142135623730951
245, 21, 11, 304, 10, 305, 1, -1, -0.7853981633974483, 1.4142135623730951
245, 24, 78, 282, 77, 283, 1, -1, -0.7853981633974483, 1.4142135623730951
245, 29, 205, 292, 207, 293, -2, -1, -2.677945044588987, 2.23606797749979
245, 35, 311, 345, 313, 344, -2, 1, 2.677945044588987, 2.23606797749979
245, 37, 173, 262, 172, 263, 1, -1, -0.7853981633974483, 1.4142135623730951
245, 41, 383, 300, 383, 302, 0, -2, -1.5707963267948966, 2.0
245, 43, 74, 329, 73, 330, 1, -1, -0.7853981633974483, 1.4142135623730951
245, 46, 55, 311, 53, 311, 2, 0, 0.0, 2.0
245, 50, 333, 368, 332, 369, 1, -1, -0.7853981633974483, 1.4142135623730951
245, 53, 34, 364, 33, 365, 1, -1, -0.7853981633974483, 1.4142135623730951
245, 54, 267, 369, 266, 370, 1, -1, -0.7853981633974483, 1.4142135623730951
245, 57, 42, 356, 40, 356, 2, 0, 0.0, 2.0
245, 58, 374, 297, 373, 300, 1, -3, -1.2490457723982544, 3.1622776601683795
245, 60, 113, 370, 112, 371, 1, -1, -0.7853981633974483, 1.4142135623730951
245, 61, 40, 390, 38, 391, 2, -1, -0.4636476090008061, 2.23606797749979
245, 63, 228, 327, 226, 326, 2, 1, 0.4636476090008061, 2.23606797749979
245, 66, 371, 342, 370, 343, 1, -1, -0.7853981633974483, 1.4142135623730951
245, 71, 40, 269, 39, 270, 1, -1, -0.7853981633974483, 1.4142135623730951
245, 72, 149, 363, 148, 364, 1, -1, -0.7853981633974483, 1.4142135623730951
245, 77, 379, 293, 379, 295, 0, -2, -1.5707963267948966, 2.0
245, 79, 227, 382, 226, 383, 1, -1, -0.7853981633974483, 1.4142135623730951
245, 83, 158, 177, 157, 176, 1, 1, 0.7853981633974483, 1.4142135623730951
245, 85, 88, 349, 87, 348, 1, 1, 0.7853981633974483, 1.4142135623730951
245, 86, 265, 261, 264, 260, 1, 1, 0.7853981633974483, 1.4142135623730951
245, 91, 354, 327, 353, 329, 1, -2, -1.1071487177940904, 2.23606797749979
245, 95, 272, 259, 271, 258, 1, 1, 0.7853981633974483, 1.4142135623730951
246, 2, 188, 183, 187, 182, 1, 1, 0.7853981633974483, 1.4142135623730951
246, 8, 410, 265, 409, 268, 1, -3, -1.2490457723982544, 3.1622776601683795
246, 10, 165, 264, 164, 265, 1, -1, -0.7853981633974483, 1.4142135623730951
246, 12, 18, 366, 17, 367, 1, -1, -0.7853981633974483, 1.4142135623730951
246, 15, 54, 332, 53, 333, 1, -1, -0.7853981633974483, 1.4142135623730951
246, 16, 88, 231, 86, 230, 2, 1, 0.4636476090008061, 2.23606797749979
246, 19, 326, 374, 324, 374, 2, 0, 0.0, 2.0
246, 23, 138, 386, 136, 387, 2, -1, -0.4636476090008061, 2.23606797749979
246, 26, 181, 383, 179, 383, 2, 0, 0.0, 2.0
246, 29, 203, 291, 205, 292, -2, -1, -2.677945044588987, 2.23606797749979
246, 35, 309, 345, 311, 345, -2, 0, 3.141592653589793, 2.0
246, 39, 205, 340, 204, 341, 1, -1, -0.7853981633974483, 1.4142135623730951
246, 41, 384, 298, 383, 300, 1, -2, -1.1071487177940904, 2.23606797749979
246, 43, 75, 328, 74, 329, 1, -1, -0.7853981633974483, 1.4142135623730951
246, 48, 11, 256, 9, 257, 2, -1, -0.4636476090008061, 2.23606797749979
246, 53, 35, 363, 34, 364, 1, -1, -0.7853981633974483, 1.4142135623730951
246, 54, 268, 368, 267, 369, 1, -1, -0.7853981633974483, 1.4142135623730951
246, 58, 375, 294, 374, 297, 1, -3, -1.2490457723982544, 3.1622776601683795
246, 59, 163, 355, 164, 354, -1, 1, 2.356194490192345, 1.4142135623730951
246, 60, 114, 369, 113, 370, 1, -1, -0.7853981633974483, 1.4142135623730951
246, 61, 42, 389, 40, 390, 2, -1, -0.4636476090008061, 2.23606797749979
246, 63, 231, 327, 228, 327, 3, 0, 0.0, 3.0
246, 66, 372, 340, 371, 342, 1, -2, -1.1071487177940904, 2.23606797749979
246, 71, 42, 269, 40, 269, 2, 0, 0.0, 2.0
246, 73, 165, 239, 163, 239, 2, 0, 0.0, 2.0
246, 76, 72, 196, 71, 195, 1, 1, 0.7853981633974483, 1.4142135623730951
246, 78, 228, 381, 227, 382, 1, -1, -0.7853981633974483, 1.4142135623730951
246, 82, 157, 178, 158, 177, -1, 1, 2.356194490192345, 1.4142135623730951
246, 85, 266, 260, 265, 261, 1, -1, -0.7853981633974483, 1.4142135623730951
246, 88, 78, 201, 77, 200, 1, 1, 0.7853981633974483, 1.4142135623730951
246, 90, 356, 324, 354, 327, 2, -3, -0.982793723247329, 3.605551275463989
246, 93, 273, 260, 272, 259, 1, 1, 0.7853981633974483, 1.4142135623730951
247, 3, 52, 220, 51, 221, 1, -1, -0.7853981633974483, 1.4142135623730951
247, 8, 410, 263, 410, 265, 0, -2, -1.5707963267948966, 2.0
247, 12, 19, 365, 18, 366, 1, -1, -0.7853981633974483, 1.4142135623730951
247, 19, 328, 373, 326, 374, 2, -1, -0.4636476090008061, 2.23606797749979
247, 23, 139, 385, 138, 386, 1, -1, -0.7853981633974483, 1.4142135623730951
247, 34, 307, 346, 309, 345, -2, 1, 2.677945044588987, 2.23606797749979
247, 40, 384, 296, 384, 298, 0, -2, -1.5707963267948966, 2.0
247, 42, 76, 327, 75, 328, 1, -1, -0.7853981633974483, 1.4142135623730951
247, 47, 13, 255, 11, 256, 2, -1, -0.4636476090008061, 2.23606797749979
247, 52, 37, 363, 35, 363, 2, 0, 0.0, 2.0
247, 53, 269, 367, 268, 368, 1, -1, -0.7853981633974483, 1.4142135623730951
247, 55, 71, 285, 70, 286, 1, -1, -0.7853981633974483, 1.4142135623730951
247, 57, 376, 291, 375, 294, 1, -3, -1.2490457723982544, 3.1622776601683795
247, 60, 44, 388, 42, 389, 2, -1, -0.4636476090008061, 2.23606797749979
247, 62, 233, 327, 231, 327, 2, 0, 0.0, 2.0
247, 65, 373, 338, 372, 340, 1, -2, -1.1071487177940904, 2.23606797749979
247, 68, 354, 319, 355, 318, -1, 1, 2.356194490192345, 1.4142135623730951
247, 69, 133, 314, 132, 313, 1, 1, 0.7853981633974483, 1.4142135623730951
247, 71, 151, 362, 150, 363, 1, -1, -0.7853981633974483, 1.4142135623730951
247, 73, 38, 196, 36, 196, 2, 0, 0.0, 2.0
247, 75, 73, 197, 72, 196, 1, 1, 0.7853981633974483, 1.4142135623730951
247, 80, 225, 274, 224, 275, 1, -1, -0.7853981633974483, 1.4142135623730951
247, 88, 123, 288, 122, 287, 1, 1, 0.7853981633974483, 1.4142135623730951
247, 89, 357, 323, 356, 324, 1, -1, -0.7853981633974483, 1.4142135623730951
247, 90, 282, 272, 280, 272, 2, 0, 0.0, 2.0
248, 7, 40, 158, 38, 157, 2, 1, 0.4636476090008061, 2.23606797749979
248, 8, 411, 260, 410, 263, 1, -3, -1.2490457723982544, 3.1622776601683795
248, 12, 20, 364, 19, 365, 1, -1, -0.7853981633974483, 1.4142135623730951
248, 13, 222, 281, 221, 282, 1, -1, -0.7853981633974483, 1.4142135623730951
248, 16, 91, 232, 89, 231, 2, 1, 0.4636476090008061, 2.23606797749979
248, 17, 276, 240, 275, 239, 1, 1, 0.7853981633974483, 1.4142135623730951
248, 21, 13, 302, 12, 303, 1, -1, -0.7853981633974483, 1.4142135623730951
248, 23, 140, 384, 139, 385, 1, -1, -0.7853981633974483, 1.4142135623730951
248, 26, 183, 382, 182, 383, 1, -1, -0.7853981633974483, 1.4142135623730951
248, 37, 206, 338, 205, 339, 1, -1, -0.7853981633974483, 1.4142135623730951
248, 39, 385, 293, 384, 296, 1, -3, -1.2490457723982544, 3.1622776601683795
248, 49, 256, 342, 255, 343, 1, -1, -0.7853981633974483, 1.4142135623730951
248, 51, 38, 362, 37, 363, 1, -1, -0.7853981633974483, 1.4142135623730951
248, 56, 377, 288, 376, 291, 1, -3, -1.2490457723982544, 3.1622776601683795
248, 57, 161, 355, 163, 355, -2, 0, 3.141592653589793, 2.0
248, 59, 45, 387, 44, 388, 1, -1, -0.7853981633974483, 1.4142135623730951
248, 62, 50, 357, 52, 357, -2, 0, 3.141592653589793, 2.0
248, 69, 45, 269, 43, 269, 2, 0, 0.0, 2.0
248, 72, 39, 197, 38, 196, 1, 1, 0.7853981633974483, 1.4142135623730951
248, 74, 74, 198, 73, 197, 1, 1, 0.7853981633974483, 1.4142135623730951
248, 76, 230, 380, 228, 381, 2, -1, -0.4636476090008061, 2.23606797749979
248, 87, 357, 321, 357, 323, 0, -2, -1.5707963267948966, 2.0
249, 3, 55, 219, 53, 220, 2, -1, -0.4636476090008061, 2.23606797749979
249, 8, 409, 259, 411, 260, -2, -1, -2.677945044588987, 2.23606797749979
249, 10, 167, 262, 166, 263, 1, -1, -0.7853981633974483, 1.4142135623730951
249, 12, 21, 363, 20, 364, 1, -1, -0.7853981633974483, 1.4142135623730951
249, 15, 56, 331, 55, 332, 1, -1, -0.7853981633974483, 1.4142135623730951
249, 16, 92, 233, 91, 232, 1, 1, 0.7853981633974483, 1.4142135623730951
249, 19, 330, 372, 329, 373, 1, -1, -0.7853981633974483, 1.4142135623730951
249, 21, 14, 301, 13, 302, 1, -1, -0.7853981633974483, 1.4142135623730951
249, 23, 145, 383, 140, 384, 5, -1, -0.19739555984988075, 5.0990195135927845
249, 31, 187, 215, 186, 214, 1, 1, 0.7853981633974483, 1.4142135623730951
249, 50, 40, 362, 38, 362, 2, 0, 0.0, 2.0
249, 55, 378, 285, 377, 288, 1, -3, -1.2490457723982544, 3.1622776601683795
249, 58, 47, 386, 45, 387, 2, -1, -0.4636476090008061, 2.23606797749979
249, 59, 198, 364, 197, 365, 1, -1, -0.7853981633974483, 1.4142135623730951
249, 61, 51, 356, 50, 357, 1, -1, -0.7853981633974483, 1.4142135623730951
249, 63, 374, 335, 373, 337, 1, -2, -1.1071487177940904, 2.23606797749979
249, 68, 47, 269, 45, 269, 2, 0, 0.0, 2.0
249, 86, 358, 320, 357, 321, 1, -1, -0.7853981633974483, 1.4142135623730951
250, 0, 191, 184, 189, 184, 2, 0, 0.0, 2.0
250, 3, 55, 221, 53, 221, 2, 0, 0.0, 2.0
250, 5, 412, 265, 411, 267, 1, -2, -1.1071487177940904, 2.23606797749979
250, 20, 292, 359, 291, 360, 1, -1, -0.7853981633974483, 1.4142135623730951
250, 21, 277, 240, 276, 241, 1, -1, -0.7853981633974483, 1.4142135623730951
250, 22, 385, 296, 385, 298, 0, -2, -1.5707963267948966, 2.0
250, 23, 40, 159, 39, 158, 1, 1, 0.7853981633974483, 1.4142135623730951
250, 24, 57, 335, 56, 336, 1, -1, -0.7853981633974483, 1.4142135623730951
250, 26, 143, 387, 141, 387, 2, 0, 0.0, 2.0
250, 37, 150, 363, 149, 364, 1, -1, -0.7853981633974483, 1.4142135623730951
250, 50, 292, 335, 291, 334, 1, 1, 0.7853981633974483, 1.4142135623730951
250, 55, 78, 285, 77, 286, 1, -1, -0.7853981633974483, 1.4142135623730951
250, 56, 46, 389, 44, 390, 2, -1, -0.4636476090008061, 2.23606797749979
251, 2, 132, 228, 131, 229, 1, -1, -0.7853981633974483, 1.4142135623730951
251, 3, 57, 221, 55, 221, 2, 0, 0.0, 2.0
251, 5, 413, 263, 412, 265, 1, -2, -1.1071487177940904, 2.23606797749979
251, 11, 167, 264, 166, 265, 1, -1, -0.7853981633974483, 1.4142135623730951
251, 14, 209, 271, 208, 272, 1, -1, -0.7853981633974483, 1.4142135623730951
251, 22, 386, 294, 385, 296, 1, -2, -1.1071487177940904, 2.23606797749979
251, 23, 42, 159, 40, 159, 2, 0, 0.0, 2.0
251, 26, 145, 386, 143, 387, 2, -1, -0.4636476090008061, 2.23606797749979
251, 29, 92, 234, 91, 233, 1, 1, 0.7853981633974483, 1.4142135623730951
251, 32, 234, 381, 233, 380, 1, 1, 0.7853981633974483, 1.4142135623730951
251, 37, 151, 362, 150, 363, 1, -1, -0.7853981633974483, 1.4142135623730951
251, 48, 41, 364, 40, 365, 1, -1, -0.7853981633974483, 1.4142135623730951
251, 52, 47, 271, 45, 271, 2, 0, 0.0, 2.0
251, 56, 47, 388, 46, 389, 1, -1, -0.7853981633974483, 1.4142135623730951
252, 0, 193, 185, 192, 184, 1, 1, 0.7853981633974483, 1.4142135623730951
252, 3, 59, 221, 57, 221, 2, 0, 0.0, 2.0
252, 4, 15, 304, 14, 305, 1, -1, -0.7853981633974483, 1.4142135623730951
252, 5, 414, 261, 413, 263, 1, -2, -1.1071487177940904, 2.23606797749979
252, 14, 210, 270, 209, 271, 1, -1, -0.7853981633974483, 1.4142135623730951
252, 20, 294, 360, 293, 359, 1, 1, 0.7853981633974483, 1.4142135623730951
252, 22, 387, 292, 386, 294, 1, -2, -1.1071487177940904, 2.23606797749979
252, 23, 43, 160, 42, 159, 1, 1, 0.7853981633974483, 1.4142135623730951
252, 26, 147, 386, 145, 386, 2, 0, 0.0, 2.0
252, 27, 87, 258, 86, 259, 1, -1, -0.7853981633974483, 1.4142135623730951
252, 29, 94, 235, 92, 234, 2, 1, 0.4636476090008061, 2.23606797749979
252, 32, 236, 381, 234, 381, 2, 0, 0.0, 2.0
252, 35, 336, 370, 335, 371, 1, -1, -0.7853981633974483, 1.4142135623730951
252, 39, 270, 363, 269, 364, 1, -1, -0.7853981633974483, 1.4142135623730951
252, 41, 23, 367, 22, 368, 1, -1, -0.7853981633974483, 1.4142135623730951
252, 47, 154, 385, 153, 384, 1, 1, 0.7853981633974483, 1.4142135623730951
252, 50, 294, 334, 293, 335, 1, -1, -0.7853981633974483, 1.4142135623730951
252, 55, 79, 284, 78, 285, 1, -1, -0.7853981633974483, 1.4142135623730951
252, 56, 49, 387, 47, 388, 2, -1, -0.4636476090008061, 2.23606797749979
252, 57, 104, 318, 103, 319, 1, -1, -0.7853981633974483, 1.4142135623730951
253, 0, 194, 186, 193, 185, 1, 1, 0.7853981633974483, 1.4142135623730951
253, 5, 415, 259, 414, 261, 1, -2, -1.1071487177940904, 2.23606797749979
253, 22, 388, 290, 387, 292, 1, -2, -1.1071487177940904, 2.23606797749979
253, 24, 58, 332, 57, 333, 1, -1, -0.7853981633974483, 1.4142135623730951
253, 26, 149, 385, 147, 386, 2, -1, -0.4636476090008061, 2.23606797749979
253, 34, 311, 280, 312, 279, -1, 1, 2.356194490192345, 1.4142135623730951
253, 41, 177, 240, 176, 239, 1, 1, 0.7853981633974483, 1.4142135623730951
253, 55, 50, 386, 49, 387, 1, -1, -0.7853981633974483, 1.4142135623730951
254, 4, 18, 303, 16, 304, 2, -1, -0.4636476090008061, 2.23606797749979
254, 5, 417, 254, 415, 259, 2, -5, -1.1902899496825317, 5.385164807134504
254, 16, 98, 277, 97, 278, 1, -1, -0.7853981633974483, 1.4142135623730951
254, 22, 389, 288, 388, 290, 1, -2, -1.1071487177940904, 2.23606797749979
254, 23, 44, 161, 43, 160, 1, 1, 0.7853981633974483, 1.4142135623730951
254, 25, 263, 343, 262, 344, 1, -1, -0.7853981633974483, 1.4142135623730951
254, 26, 151, 385, 149, 385, 2, 0, 0.0, 2.0
254, 32, 238, 380, 236, 381, 2, -1, -0.4636476090008061, 2.23606797749979
254, 40, 25, 366, 24, 367, 1, -1, -0.7853981633974483, 1.4142135623730951
254, 45, 182, 346, 181, 347, 1, -1, -0.7853981633974483, 1.4142135623730951
254, 47, 45, 364, 43, 364, 2, 0, 0.0, 2.0
254, 53, 80, 199, 77, 199, 3, 0, 0.0, 3.0
254, 55, 52, 386, 50, 386, 2, 0, 0.0, 2.0
255, 1, 195, 186, 194, 185, 1, 1, 0.7853981633974483, 1.4142135623730951
255, 7, 417, 259, 416, 261, 1, -2, -1.1071487177940904, 2.23606797749979
255, 15, 6, 213, 5, 212, 1, 1, 0.7853981633974483, 1.4142135623730951
255, 19, 80, 203, 79, 202, 1, 1, 0.7853981633974483, 1.4142135623730951
255, 20, 182, 387, 180, 387, 2, 0, 0.0, 2.0
255, 22, 149, 391, 147, 391, 2, 0, 0.0, 2.0
255, 26, 29, 164, 27, 163, 2, 1, 0.4636476090008061, 2.23606797749979
255, 28, 23, 203, 22, 204, 1, -1, -0.7853981633974483, 1.4142135623730951
255, 32, 46, 160, 44, 160, 2, 0, 0.0, 2.0
255, 34, 97, 236, 95, 235, 2, 1, 0.4636476090008061, 2.23606797749979
255, 37, 345, 345, 344, 346, 1, -1, -0.7853981633974483, 1.4142135623730951
255, 40, 154, 363, 153, 364, 1, -1, -0.7853981633974483, 1.4142135623730951
255, 41, 8, 140, 6, 139, 2, 1, 0.4636476090008061, 2.23606797749979
255, 44, 27, 363, 25, 364, 2, -1, -0.4636476090008061, 2.23606797749979
255, 47, 7, 397, 5, 397, 2, 0, 0.0, 2.0
255, 50, 390, 288, 389, 290, 1, -2, -1.1071487177940904, 2.23606797749979
256, 7, 418, 256, 417, 259, 1, -3, -1.2490457723982544, 3.1622776601683795
256, 15, 5, 214, 6, 213, -1, 1, 2.356194490192345, 1.4142135623730951
256, 16, 341, 369, 340, 370, 1, -1, -0.7853981633974483, 1.4142135623730951
256, 19, 81, 204, 80, 203, 1, 1, 0.7853981633974483, 1.4142135623730951
256, 24, 62, 332, 61, 333, 1, -1, -0.7853981633974483, 1.4142135623730951
256, 25, 213, 270, 212, 269, 1, 1, 0.7853981633974483, 1.4142135623730951
256, 26, 30, 165, 29, 164, 1, 1, 0.7853981633974483, 1.4142135623730951
256, 28, 24, 202, 23, 203, 1, -1, -0.7853981633974483, 1.4142135623730951
256, 32, 47, 161, 46, 160, 1, 1, 0.7853981633974483, 1.4142135623730951
256, 34, 98, 237, 97, 236, 1, 1, 0.7853981633974483, 1.4142135623730951
256, 37, 346, 344, 345, 345, 1, -1, -0.7853981633974483, 1.4142135623730951
256, 38, 50, 364, 45, 365, 5, -1, -0.19739555984988075, 5.0990195135927845
256, 40, 155, 362, 154, 363, 1, -1, -0.7853981633974483, 1.4142135623730951
256, 41, 9, 141, 8, 140, 1, 1, 0.7853981633974483, 1.4142135623730951
256, 42, 53, 390, 51, 390, 2, 0, 0.0, 2.0
256, 44, 29, 362, 27, 363, 2, -1, -0.4636476090008061, 2.23606797749979
256, 46, 120, 371, 119, 372, 1, -1, -0.7853981633974483, 1.4142135623730951
256, 47, 9, 397, 7, 397, 2, 0, 0.0, 2.0
256, 50, 391, 285, 390, 288, 1, -3, -1.2490457723982544, 3.1622776601683795
256, 52, 139, 311, 138, 313, 1, -2, -1.1071487177940904, 2.23606797749979
257, 6, 9, 182, 8, 183, 1, -1, -0.7853981633974483, 1.4142135623730951
257, 7, 418, 254, 418, 256, 0, -2, -1.5707963267948966, 2.0
257, 15, 3, 214, 5, 214, -2, 0, 3.141592653589793, 2.0
257, 19, 83, 205, 81, 204, 2, 1, 0.4636476090008061, 2.23606797749979
257, 22, 152, 391, 150, 391, 2, 0, 0.0, 2.0
257, 23, 61, 311, 60, 312, 1, -1, -0.7853981633974483, 1.4142135623730951
257, 24, 63, 331, 62, 332, 1, -1, -0.7853981633974483, 1.4142135623730951
257, 27, 32, 168, 35, 168, -3, 0, 3.141592653589793, 3.0
257, 31, 48, 162, 47, 161, 1, 1, 0.7853981633974483, 1.4142135623730951
257, 36, 348, 343, 346, 344, 2, -1, -0.4636476090008061, 2.23606797749979
257, 38, 81, 329, 80, 330, 1, -1, -0.7853981633974483, 1.4142135623730951
257, 43, 30, 361, 29, 362, 1, -1, -0.7853981633974483, 1.4142135623730951
257, 46, 11, 396, 9, 397, 2, -1, -0.4636476090008061, 2.23606797749979
257, 49, 391, 281, 391, 285, 0, -4, -1.5707963267948966, 4.0
257, 51, 140, 310, 139, 311, 1, -1, -0.7853981633974483, 1.4142135623730951
258, 1, 197, 187, 196, 186, 1, 1, 0.7853981633974483, 1.4142135623730951
258, 7, 418, 251, 418, 254, 0, -3, -1.5707963267948966, 3.0
258, 8, 74, 287, 73, 288, 1, -1, -0.7853981633974483, 1.4142135623730951
258, 11, 196, 249, 195, 250, 1, -1, -0.7853981633974483, 1.4142135623730951
258, 16, 342, 367, 341, 368, 1, -1, -0.7853981633974483, 1.4142135623730951
258, 20, 185, 386, 184, 387, 1, -1, -0.7853981633974483, 1.4142135623730951
258, 31, 50, 162, 48, 162, 2, 0, 0.0, 2.0
258, 33, 100, 238, 99, 237, 1, 1, 0.7853981633974483, 1.4142135623730951
258, 36, 349, 342, 348, 343, 1, -1, -0.7853981633974483, 1.4142135623730951
258, 39, 156, 361, 155, 362, 1, -1, -0.7853981633974483, 1.4142135623730951
258, 40, 11, 142, 10, 141, 1, 1, 0.7853981633974483, 1.4142135623730951
258, 41, 56, 389, 54, 390, 2, -1, -0.4636476090008061, 2.23606797749979
258, 45, 123, 370, 121, 371, 2, -1, -0.4636476090008061, 2.23606797749979
258, 46, 12, 395, 11, 396, 1, -1, -0.7853981633974483, 1.4142135623730951
258, 47, 25, 260, 24, 259, 1, 1, 0.7853981633974483, 1.4142135623730951
258, 49, 392, 277, 391, 281, 1, -4, -1.3258176636680326, 4.123105625617661
258, 50, 272, 216, 271, 215, 1, 1, 0.7853981633974483, 1.4142135623730951
259, 1, 198, 188, 197, 187, 1, 1, 0.7853981633974483, 1.4142135623730951
259, 2, 130, 226, 129, 227, 1, -1, -0.7853981633974483, 1.4142135623730951
259, 5, 11, 183, 10, 182, 1, 1, 0.7853981633974483, 1.4142135623730951
259, 6, 417, 248, 418, 251, -1, -3, -1.892546881191539, 3.1622776601683795
259, 11, 128, 195, 127, 194, 1, 1, 0.7853981633974483, 1.4142135623730951
259, 17, 86, 205, 84, 205, 2, 0, 0.0, 2.0
259, 24, 34, 165, 32, 165, 2, 0, 0.0, 2.0
259, 28, 105, 278, 104, 279, 1, -1, -0.7853981633974483, 1.4142135623730951
259, 30, 123, 287, 122, 288, 1, -1, -0.7853981633974483, 1.4142135623730951
259, 34, 350, 341, 349, 342, 1, -1, -0.7853981633974483, 1.4142135623730951
259, 35, 54, 364, 52, 364, 2, 0, 0.0, 2.0
259, 38, 13, 143, 11, 142, 2, 1, 0.4636476090008061, 2.23606797749979
259, 39, 58, 388, 56, 389, 2, -1, -0.4636476090008061, 2.23606797749979
259, 42, 109, 345, 108, 346, 1, -1, -0.7853981633974483, 1.4142135623730951
259, 44, 14, 395, 12, 395, 2, 0, 0.0, 2.0
259, 47, 394, 277, 392, 277, 2, 0, 0.0, 2.0
260, 5, 122, 319, 121, 320, 1, -1, -0.7853981633974483, 1.4142135623730951
260, 10, 171, 263, 170, 264, 1, -1, -0.7853981633974483, 1.4142135623730951
260, 13, 152, 386, 151, 387, 1, -1, -0.7853981633974483, 1.4142135623730951
260, 15, 419, 252, 418, 255, 1, -3, -1.2490457723982544, 3.1622776601683795
260, 19, 241, 216, 240, 214, 1, 2, 1.1071487177940904, 2.23606797749979
260, 20, 178, 262, 177, 263, 1, -1, -0.7853981633974483, 1.4142135623730951
260, 22, 156, 361, 155, 362, 1, -1, -0.7853981633974483, 1.4142135623730951
260, 23, 344, 370, 343, 371, 1, -1, -0.7853981633974483, 1.4142135623730951
260, 28, 272, 220, 271, 219, 1, 1, 0.7853981633974483, 1.4142135623730951
260, 30, 84, 285, 83, 286, 1, -1, -0.7853981633974483, 1.4142135623730951
260, 31, 350, 343, 349, 344, 1, -1, -0.7853981633974483, 1.4142135623730951
260, 35, 13, 393, 11, 394, 2, -1, -0.4636476090008061, 2.23606797749979
260, 37, 21, 304, 20, 305, 1, -1, -0.7853981633974483, 1.4142135623730951
260, 41, 103, 388, 101, 388, 2, 0, 0.0, 2.0
260, 44, 124, 258, 122, 258, 2, 0, 0.0, 2.0
260, 52, 213, 341, 212, 342, 1, -1, -0.7853981633974483, 1.4142135623730951
260, 56, 6, 141, 5, 140, 1, 1, 0.7853981633974483, 1.4142135623730951
260, 57, 392, 282, 391, 284, 1, -2, -1.1071487177940904, 2.23606797749979
260, 58, 383, 332, 382, 334, 1, -2, -1.1071487177940904, 2.23606797749979
260, 60, 273, 369, 272, 370, 1, -1, -0.7853981633974483, 1.4142135623730951
260, 64, 62, 311, 61, 312, 1, -1, -0.7853981633974483, 1.4142135623730951
260, 65, 57, 389, 55, 390, 2, -1, -0.4636476090008061, 2.23606797749979
260, 72, 265, 343, 264, 344, 1, -1, -0.7853981633974483, 1.4142135623730951
260, 73, 118, 312, 116, 312, 2, 0, 0.0, 2.0
260, 74, 158, 248, 160, 249, -2, -1, -2.677945044588987, 2.23606797749979
260, 79, 385, 284, 383, 287, 2, -3, -0.982793723247329, 3.605551275463989
260, 83, 141, 343, 140, 344, 1, -1, -0.7853981633974483, 1.4142135623730951
260, 90, 46, 173, 45, 172, 1, 1, 0.7853981633974483, 1.4142135623730951
261, 4, 177, 283, 176, 284, 1, -1, -0.7853981633974483, 1.4142135623730951
261, 13, 153, 385, 152, 386, 1, -1, -0.7853981633974483, 1.4142135623730951
261, 14, 28, 204, 27, 203, 1, 1, 0.7853981633974483, 1.4142135623730951
261, 15, 419, 249, 419, 252, 0, -3, -1.5707963267948966, 3.0
261, 18, 32, 363, 31, 364, 1, -1, -0.7853981633974483, 1.4142135623730951
261, 19, 242, 217, 241, 216, 1, 1, 0.7853981633974483, 1.4142135623730951
261, 20, 179, 261, 178, 262, 1, -1, -0.7853981633974483, 1.4142135623730951
261, 24, 150, 273, 149, 274, 1, -1, -0.7853981633974483, 1.4142135623730951
261, 30, 85, 283, 84, 285, 1, -2, -1.1071487177940904, 2.23606797749979
261, 31, 351, 342, 350, 343, 1, -1, -0.7853981633974483, 1.4142135623730951
261, 39, 333, 327, 332, 328, 1, -1, -0.7853981633974483, 1.4142135623730951
261, 41, 105, 388, 103, 388, 2, 0, 0.0, 2.0
261, 47, 110, 345, 109, 346, 1, -1, -0.7853981633974483, 1.4142135623730951
261, 48, 162, 216, 161, 215, 1, 1, 0.7853981633974483, 1.4142135623730951
261, 57, 392, 279, 392, 282, 0, -3, -1.5707963267948966, 3.0
261, 58, 384, 330, 383, 332, 1, -2, -1.1071487177940904, 2.23606797749979
261, 60, 274, 368, 273, 369, 1, -1, -0.7853981633974483, 1.4142135623730951
261, 65, 58, 388, 57, 389, 1, -1, -0.7853981633974483, 1.4142135623730951
261, 73, 156, 247, 158, 248, -2, -1, -2.677945044588987, 2.23606797749979
261, 75, 104, 280, 103, 281, 1, -1, -0.7853981633974483, 1.4142135623730951
261, 78, 385, 282, 385, 284, 0, -2, -1.5707963267948966, 2.0
261, 79, 14, 143, 13, 142, 1, 1, 0.7853981633974483, 1.4142135623730951
261, 86, 179, 348, 178, 349, 1, -1, -0.7853981633974483, 1.4142135623730951
261, 90, 242, 375, 241, 376, 1, -1, -0.7853981633974483, 1.4142135623730951
262, 15, 420, 246, 419, 249, 1, -3, -1.2490457723982544, 3.1622776601683795
262, 17, 50, 165, 49, 164, 1, 1, 0.7853981633974483, 1.4142135623730951
262, 20, 180, 260, 179, 261, 1, -1, -0.7853981633974483, 1.4142135623730951
262, 24, 151, 272, 150, 273, 1, -1, -0.7853981633974483, 1.4142135623730951
262, 30, 87, 283, 85, 283, 2, 0, 0.0, 2.0
262, 31, 352, 341, 351, 342, 1, -1, -0.7853981633974483, 1.4142135623730951
262, 41, 106, 387, 105, 388, 1, -1, -0.7853981633974483, 1.4142135623730951
262, 45, 27, 261, 26, 260, 1, 1, 0.7853981633974483, 1.4142135623730951
262, 48, 163, 217, 162, 216, 1, 1, 0.7853981633974483, 1.4142135623730951
262, 52, 214, 340, 213, 341, 1, -1, -0.7853981633974483, 1.4142135623730951
262, 54, 98, 182, 102, 184, -4, -2, -2.677945044588987, 4.47213595499958
262, 56, 393, 276, 392, 279, 1, -3, -1.2490457723982544, 3.1622776601683795
262, 57, 385, 328, 384, 330, 1, -2, -1.1071487177940904, 2.23606797749979
262, 60, 102, 240, 101, 239, 1, 1, 0.7853981633974483, 1.4142135623730951
262, 61, 206, 366, 204, 367, 2, -1, -0.4636476090008061, 2.23606797749979
262, 63, 59, 387, 58, 388, 1, -1, -0.7853981633974483, 1.4142135623730951
262, 66, 127, 290, 125, 290, 2, 0, 0.0, 2.0
262, 69, 267, 342, 265, 343, 2, -1, -0.4636476090008061, 2.23606797749979
262, 71, 154, 246, 156, 247, -2, -1, -2.677945044588987, 2.23606797749979
262, 76, 386, 279, 385, 282, 1, -3, -1.2490457723982544, 3.1622776601683795
262, 85, 206, 265, 205, 266, 1, -1, -0.7853981633974483, 1.4142135623730951
262, 87, 243, 374, 242, 375, 1, -1, -0.7853981633974483, 1.4142135623730951
263, 2, 199, 190, 198, 189, 1, 1, 0.7853981633974483, 1.4142135623730951
263, 3, 70, 223, 69, 224, 1, -1, -0.7853981633974483, 1.4142135623730951
263, 5, 77, 286, 76, 287, 1, -1, -0.7853981633974483, 1.4142135623730951
263, 7, 144, 274, 143, 275, 1, -1, -0.7853981633974483, 1.4142135623730951
263, 9, 172, 260, 171, 261, 1, -1, -0.7853981633974483, 1.4142135623730951
263, 14, 421, 242, 420, 246, 1, -4, -1.3258176636680326, 4.123105625617661
263, 16, 51, 166, 50, 165, 1, 1, 0.7853981633974483, 1.4142135623730951
263, 17, 34, 362, 33, 363, 1, -1, -0.7853981633974483, 1.4142135623730951
263, 18, 245, 217, 243, 217, 2, 0, 0.0, 2.0
263, 29, 89, 283, 87, 283, 2, 0, 0.0, 2.0
263, 30, 353, 340, 352, 341, 1, -1, -0.7853981633974483, 1.4142135623730951
263, 34, 17, 393, 15, 393, 2, 0, 0.0, 2.0
263, 38, 334, 324, 333, 326, 1, -2, -1.1071487177940904, 2.23606797749979
263, 54, 10, 142, 8, 141, 2, 1, 0.4636476090008061, 2.23606797749979
263, 56, 386, 326, 385, 328, 1, -2, -1.1071487177940904, 2.23606797749979
263, 73, 109, 318, 108, 319, 1, -1, -0.7853981633974483, 1.4142135623730951
263, 75, 386, 277, 386, 279, 0, -2, -1.5707963267948966, 2.0
263, 76, 16, 144, 15, 143, 1, 1, 0.7853981633974483, 1.4142135623730951
263, 83, 87, 205, 86, 204, 1, 1, 0.7853981633974483, 1.4142135623730951
263, 86, 243, 372, 243, 374, 0, -2, -1.5707963267948966, 2.0
264, 5, 78, 285, 77, 286, 1, -1, -0.7853981633974483, 1.4142135623730951
264, 7, 145, 273, 144, 274, 1, -1, -0.7853981633974483, 1.4142135623730951
264, 12, 155, 383, 154, 384, 1, -1, -0.7853981633974483, 1.4142135623730951
264, 14, 424, 241, 421, 242, 3, -1, -0.3217505543966422, 3.1622776601683795
264, 29, 90, 284, 89, 283, 1, 1, 0.7853981633974483, 1.4142135623730951
264, 30, 354, 339, 353, 340, 1, -1, -0.7853981633974483, 1.4142135623730951
264, 34, 19, 392, 17, 393, 2, -1, -0.4636476090008061, 2.23606797749979
264, 38, 338, 323, 334, 324, 4, -1, -0.24497866312686414, 4.123105625617661
264, 40, 108, 386, 107, 387, 1, -1, -0.7853981633974483, 1.4142135623730951
264, 52, 272, 237, 271, 234, 1, 3, 1.2490457723982544, 3.1622776601683795
264, 55, 393, 273, 393, 275, 0, -2, -1.5707963267948966, 2.0
264, 56, 387, 324, 386, 326, 1, -2, -1.1071487177940904, 2.23606797749979
264, 61, 65, 310, 64, 311, 1, -1, -0.7853981633974483, 1.4142135623730951
264, 62, 62, 387, 60, 387, 2, 0, 0.0, 2.0
264, 75, 388, 273, 386, 277, 2, -4, -1.1071487177940904, 4.47213595499958
264, 86, 247, 371, 243, 372, 4, -1, -0.24497866312686414, 4.123105625617661
265, 0, 201, 193, 200, 192, 1, 1, 0.7853981633974483, 1.4142135623730951
265, 3, 424, 245, 422, 248, 2, -3, -0.982793723247329, 3.605551275463989
265, 14, 30, 204, 29, 205, 1, -1, -0.7853981633974483, 1.4142135623730951
265, 16, 174, 262, 173, 263, 1, -1, -0.7853981633974483, 1.4142135623730951
265, 19, 36, 367, 35, 368, 1, -1, -0.7853981633974483, 1.4142135623730951
265, 33, 56, 367, 54, 367, 2, 0, 0.0, 2.0
265, 35, 113, 346, 112, 347, 1, -1, -0.7853981633974483, 1.4142135623730951
265, 45, 304, 329, 301, 329, 3, 0, 0.0, 3.0
265, 46, 105, 241, 104, 240, 1, 1, 0.7853981633974483, 1.4142135623730951
265, 51, 323, 343, 321, 344, 2, -1, -0.4636476090008061, 2.23606797749979
265, 57, 339, 324, 336, 325, 3, -1, -0.3217505543966422, 3.1622776601683795
265, 63, 17, 395, 16, 396, 1, -1, -0.7853981633974483, 1.4142135623730951
265, 66, 250, 326, 247, 326, 3, 0, 0.0, 3.0
265, 67, 65, 312, 64, 313, 1, -1, -0.7853981633974483, 1.4142135623730951
265, 72, 62, 389, 60, 390, 2, -1, -0.4636476090008061, 2.23606797749979
265, 73, 91, 180, 90, 179, 1, 1, 0.7853981633974483, 1.4142135623730951
265, 75, 9, 148, 8, 147, 1, 1, 0.7853981633974483, 1.4142135623730951
265, 77, 247, 374, 244, 374, 3, 0, 0.0, 3.0
265, 78, 93, 209, 91, 209, 2, 0, 0.0, 2.0
265, 87, 105, 258, 104, 257, 1, 1, 0.7853981633974483, 1.4142135623730951
265, 92, 184, 190, 181, 188, 3, 2, 0.5880026035475675, 3.605551275463989
266, 0, 202, 194, 201, 193, 1, 1, 0.7853981633974483, 1.4142135623730951
266, 3, 424, 243, 424, 245, 0, -2, -1.5707963267948966, 2.0
266, 16, 175, 261, 174, 262, 1, -1, -0.7853981633974483, 1.4142135623730951
266, 19, 37, 366, 36, 367, 1, -1, -0.7853981633974483, 1.4142135623730951
266, 26, 55, 355, 54, 356, 1, -1, -0.7853981633974483, 1.4142135623730951
266, 33, 57, 366, 56, 367, 1, -1, -0.7853981633974483, 1.4142135623730951
266, 41, 274, 238, 273, 237, 1, 1, 0.7853981633974483, 1.4142135623730951
266, 42, 355, 336, 354, 338, 1, -2, -1.1071487177940904, 2.23606797749979
266, 44, 216, 271, 215, 272, 1, -1, -0.7853981633974483, 1.4142135623730951
266, 45, 306, 330, 304, 329, 2, 1, 0.4636476090008061, 2.23606797749979
266, 51, 325, 342, 323, 343, 2, -1, -0.4636476090008061, 2.23606797749979
266, 57, 340, 323, 339, 324, 1, -1, -0.7853981633974483, 1.4142135623730951
266, 60, 160, 364, 159, 365, 1, -1, -0.7853981633974483, 1.4142135623730951
266, 62, 390, 272, 389, 275, 1, -3, -1.2490457723982544, 3.1622776601683795
266, 67, 66, 311, 65, 312, 1, -1, -0.7853981633974483, 1.4142135623730951
266, 72, 64, 388, 62, 389, 2, -1, -0.4636476090008061, 2.23606797749979
266, 74, 324, 350, 323, 351, 1, -1, -0.7853981633974483, 1.4142135623730951
266, 75, 10, 149, 9, 148, 1, 1, 0.7853981633974483, 1.4142135623730951
266, 76, 346, 370, 345, 371, 1, -1, -0.7853981633974483, 1.4142135623730951
266, 77, 250, 374, 247, 374, 3, 0, 0.0, 3.0
266, 79, 229, 233, 228, 234, 1, -1, -0.7853981633974483, 1.4142135623730951
266, 88, 155, 272, 154, 271, 1, 1, 0.7853981633974483, 1.4142135623730951
266, 90, 185, 191, 184, 190, 1, 1, 0.7853981633974483, 1.4142135623730951
267, 2, 138, 228, 137, 229, 1, -1, -0.7853981633974483, 1.4142135623730951
267, 3, 425, 241, 424, 243, 1, -2, -1.1071487177940904, 2.23606797749979
267, 11, 80, 287, 79, 288, 1, -1, -0.7853981633974483, 1.4142135623730951
267, 17, 38, 365, 37, 366, 1, -1, -0.7853981633974483, 1.4142135623730951
267, 22, 64, 265, 63, 266, 1, -1, -0.7853981633974483, 1.4142135623730951
267, 30, 58, 365, 57, 366, 1, -1, -0.7853981633974483, 1.4142135623730951
267, 42, 308, 330, 306, 330, 2, 0, 0.0, 2.0
267, 43, 107, 240, 106, 241, 1, -1, -0.7853981633974483, 1.4142135623730951
267, 48, 327, 341, 325, 342, 2, -1, -0.4636476090008061, 2.23606797749979
267, 54, 342, 323, 340, 323, 2, 0, 0.0, 2.0
267, 58, 390, 270, 390, 272, 0, -2, -1.5707963267948966, 2.0
267, 59, 19, 394, 18, 395, 1, -1, -0.7853981633974483, 1.4142135623730951
267, 61, 211, 368, 210, 369, 1, -1, -0.7853981633974483, 1.4142135623730951
267, 62, 252, 327, 250, 327, 2, 0, 0.0, 2.0
267, 68, 66, 387, 64, 388, 2, -1, -0.4636476090008061, 2.23606797749979
267, 71, 11, 150, 10, 149, 1, 1, 0.7853981633974483, 1.4142135623730951
267, 72, 347, 369, 346, 370, 1, -1, -0.7853981633974483, 1.4142135623730951
267, 73, 252, 375, 250, 374, 2, 1, 0.4636476090008061, 2.23606797749979
267, 81, 106, 260, 105, 259, 1, 1, 0.7853981633974483, 1.4142135623730951
267, 82, 76, 269, 75, 270, 1, -1, -0.7853981633974483, 1.4142135623730951
267, 84, 157, 273, 155, 272, 2, 1, 0.4636476090008061, 2.23606797749979
267, 86, 187, 192, 185, 191, 2, 1, 0.4636476090008061, 2.23606797749979
268, 0, 203, 196, 202, 195, 1, 1, 0.7853981633974483, 1.4142135623730951
268, 3, 425, 238, 425, 241, 0, -3, -1.5707963267948966, 3.0
268, 6, 15, 188, 14, 189, 1, -1, -0.7853981633974483, 1.4142135623730951
268, 8, 38, 170, 37, 169, 1, 1, 0.7853981633974483, 1.4142135623730951
268, 13, 176, 260, 175, 261, 1, -1, -0.7853981633974483, 1.4142135623730951
268, 16, 39, 364, 38, 365, 1, -1, -0.7853981633974483, 1.4142135623730951
268, 29, 59, 364, 58, 365, 1, -1, -0.7853981633974483, 1.4142135623730951
268, 31, 116, 345, 115, 346, 1, -1, -0.7853981633974483, 1.4142135623730951
268, 33, 63, 275, 62, 276, 1, -1, -0.7853981633974483, 1.4142135623730951
268, 37, 356, 334, 355, 335, 1, -1, -0.7853981633974483, 1.4142135623730951
268, 41, 108, 241, 107, 240, 1, 1, 0.7853981633974483, 1.4142135623730951
268, 46, 328, 342, 327, 341, 1, 1, 0.7853981633974483, 1.4142135623730951
268, 52, 8, 327, 7, 328, 1, -1, -0.7853981633974483, 1.4142135623730951
268, 55, 391, 267, 390, 270, 1, -3, -1.2490457723982544, 3.1622776601683795
268, 56, 20, 393, 19, 394, 1, -1, -0.7853981633974483, 1.4142135623730951
268, 59, 251, 328, 252, 327, -1, 1, 2.356194490192345, 1.4142135623730951
268, 65, 68, 387, 66, 387, 2, 0, 0.0, 2.0
268, 66, 93, 181, 92, 180, 1, 1, 0.7853981633974483, 1.4142135623730951
268, 68, 12, 151, 11, 150, 1, 1, 0.7853981633974483, 1.4142135623730951
268, 69, 348, 368, 347, 369, 1, -1, -0.7853981633974483, 1.4142135623730951
268, 70, 255, 374, 252, 375, 3, -1, -0.3217505543966422, 3.1622776601683795
268, 76, 173, 192, 172, 191, 1, 1, 0.7853981633974483, 1.4142135623730951
268, 84, 274, 369, 273, 370, 1, -1, -0.7853981633974483, 1.4142135623730951
269, 15, 40, 363, 39, 364, 1, -1, -0.7853981633974483, 1.4142135623730951
269, 20, 65, 264, 64, 265, 1, -1, -0.7853981633974483, 1.4142135623730951
269, 21, 57, 353, 56, 354, 1, -1, -0.7853981633974483, 1.4142135623730951
269, 23, 57, 167, 56, 166, 1, 1, 0.7853981633974483, 1.4142135623730951
269, 36, 358, 334, 356, 334, 2, 0, 0.0, 2.0
269, 49, 135, 198, 134, 197, 1, 1, 0.7853981633974483, 1.4142135623730951
269, 50, 345, 323, 343, 323, 2, 0, 0.0, 2.0
269, 53, 162, 363, 161, 364, 1, -1, -0.7853981633974483, 1.4142135623730951
269, 54, 390, 265, 391, 267, -1, -2, -2.0344439357957027, 2.23606797749979
269, 58, 252, 329, 251, 328, 1, 1, 0.7853981633974483, 1.4142135623730951
269, 60, 33, 263, 32, 262, 1, 1, 0.7853981633974483, 1.4142135623730951
269, 64, 70, 387, 68, 387, 2, 0, 0.0, 2.0
269, 68, 349, 367, 348, 368, 1, -1, -0.7853981633974483, 1.4142135623730951
269, 69, 255, 376, 255, 374, 0, 2, 1.5707963267948966, 2.0
269, 70, 97, 210, 96, 209, 1, 1, 0.7853981633974483, 1.4142135623730951
269, 83, 275, 368, 274, 369, 1, -1, -0.7853981633974483, 1.4142135623730951
270, 2, 76, 227, 74, 227, 2, 0, 0.0, 2.0
270, 3, 425, 241, 425, 243, 0, -2, -1.5707963267948966, 2.0
270, 11, 8, 217, 7, 216, 1, 1, 0.7853981633974483, 1.4142135623730951
270, 12, 26, 306, 25, 307, 1, -1, -0.7853981633974483, 1.4142135623730951
270, 29, 57, 169, 56, 168, 1, 1, 0.7853981633974483, 1.4142135623730951
270, 30, 16, 219, 15, 220, 1, -1, -0.7853981633974483, 1.4142135623730951
270, 37, 398, 276, 397, 279, 1, -3, -1.2490457723982544, 3.1622776601683795
270, 41, 390, 273, 389, 276, 1, -3, -1.2490457723982544, 3.1622776601683795
270, 43, 45, 363, 44, 364, 1, -1, -0.7853981633974483, 1.4142135623730951
270, 44, 58, 329, 57, 330, 1, -1, -0.7853981633974483, 1.4142135623730951
270, 52, 219, 344, 218, 345, 1, -1, -0.7853981633974483, 1.4142135623730951
270, 59, 67, 388, 66, 389, 1, -1, -0.7853981633974483, 1.4142135623730951
270, 60, 212, 368, 211, 369, 1, -1, -0.7853981633974483, 1.4142135623730951
270, 67, 327, 344, 328, 343, -1, 1, 2.356194490192345, 1.4142135623730951
270, 68, 34, 265, 32, 265, 2, 0, 0.0, 2.0
270, 71, 16, 145, 14, 144, 2, 1, 0.4636476090008061, 2.23606797749979
270, 72, 173, 193, 172, 192, 1, 1, 0.7853981633974483, 1.4142135623730951
270, 75, 391, 323, 390, 325, 1, -2, -1.1071487177940904, 2.23606797749979
270, 79, 348, 370, 347, 371, 1, -1, -0.7853981633974483, 1.4142135623730951
271, 3, 426, 238, 425, 241, 1, -3, -1.2490457723982544, 3.1622776601683795
271, 7, 36, 204, 34, 204, 2, 0, 0.0, 2.0
271, 12, 27, 305, 26, 306, 1, -1, -0.7853981633974483, 1.4142135623730951
271, 14, 41, 172, 40, 171, 1, 1, 0.7853981633974483, 1.4142135623730951
271, 19, 59, 354, 58, 355, 1, -1, -0.7853981633974483, 1.4142135623730951
271, 23, 132, 373, 131, 374, 1, -1, -0.7853981633974483, 1.4142135623730951
271, 25, 8, 353, 7, 354, 1, -1, -0.7853981633974483, 1.4142135623730951
271, 27, 40, 363, 38, 364, 2, -1, -0.4636476090008061, 2.23606797749979
271, 33, 117, 347, 116, 348, 1, -1, -0.7853981633974483, 1.4142135623730951
271, 35, 66, 266, 65, 265, 1, 1, 0.7853981633974483, 1.4142135623730951
271, 37, 398, 273, 398, 276, 0, -3, -1.5707963267948966, 3.0
271, 41, 390, 271, 390, 273, 0, -2, -1.5707963267948966, 2.0
271, 44, 59, 328, 58, 329, 1, -1, -0.7853981633974483, 1.4142135623730951
271, 58, 37, 330, 36, 331, 1, -1, -0.7853981633974483, 1.4142135623730951
271, 59, 68, 387, 67, 388, 1, -1, -0.7853981633974483, 1.4142135623730951
271, 63, 92, 251, 91, 252, 1, -1, -0.7853981633974483, 1.4142135623730951
271, 70, 128, 224, 127, 225, 1, -1, -0.7853981633974483, 1.4142135623730951
271, 75, 391, 321, 391, 323, 0, -2, -1.5707963267948966, 2.0
271, 79, 350, 369, 348, 370, 2, -1, -0.4636476090008061, 2.23606797749979
272, 0, 206, 196, 205, 195, 1, 1, 0.7853981633974483, 1.4142135623730951
272, 3, 428, 235, 426, 238, 2, -3, -0.982793723247329, 3.605551275463989
272, 6, 137, 228, 136, 229, 1, -1, -0.7853981633974483, 1.4142135623730951
272, 11, 10, 218, 9, 217, 1, 1, 0.7853981633974483, 1.4142135623730951
272, 14, 42, 173, 41, 172, 1, 1, 0.7853981633974483, 1.4142135623730951
272, 19, 61, 353, 59, 354, 2, -1, -0.4636476090008061, 2.23606797749979
272, 26, 271, 345, 270, 346, 1, -1, -0.7853981633974483, 1.4142135623730951
272, 36, 399, 268, 398, 273, 1, -5, -1.373400766945016, 5.0990195135927845
272, 43, 60, 327, 59, 328, 1, -1, -0.7853981633974483, 1.4142135623730951
272, 46, 167, 391, 166, 392, 1, -1, -0.7853981633974483, 1.4142135623730951
272, 51, 220, 343, 219, 344, 1, -1, -0.7853981633974483, 1.4142135623730951
272, 58, 70, 386, 68, 387, 2, -1, -0.4636476090008061, 2.23606797749979
272, 59, 214, 367, 213, 368, 1, -1, -0.7853981633974483, 1.4142135623730951
272, 70, 18, 146, 17, 145, 1, 1, 0.7853981633974483, 1.4142135623730951
272, 71, 176, 194, 174, 193, 2, 1, 0.4636476090008061, 2.23606797749979
272, 74, 392, 319, 391, 321, 1, -2, -1.1071487177940904, 2.23606797749979
272, 76, 237, 331, 236, 330, 1, 1, 0.7853981633974483, 1.4142135623730951
272, 77, 351, 368, 350, 369, 1, -1, -0.7853981633974483, 1.4142135623730951
273, 2, 80, 227, 78, 227, 2, 0, 0.0, 2.0
273, 3, 428, 232, 428, 235, 0, -3, -1.5707963267948966, 3.0
273, 12, 28, 305, 27, 306, 1, -1, -0.7853981633974483, 1.4142135623730951
273, 19, 63, 353, 61, 353, 2, 0, 0.0, 2.0
273, 25, 10, 352, 9, 353, 1, -1, -0.7853981633974483, 1.4142135623730951
273, 27, 42, 362, 41, 363, 1, -1, -0.7853981633974483, 1.4142135623730951
273, 28, 60, 170, 59, 169, 1, 1, 0.7853981633974483, 1.4142135623730951
273, 30, 146, 318, 145, 317, 1, 1, 0.7853981633974483, 1.4142135623730951
273, 36, 399, 265, 399, 268, 0, -3, -1.5707963267948966, 3.0
273, 40, 392, 267, 391, 271, 1, -4, -1.3258176636680326, 4.123105625617661
273, 42, 43, 362, 45, 362, -2, 0, 3.141592653589793, 2.0
273, 46, 168, 390, 167, 391, 1, -1, -0.7853981633974483, 1.4142135623730951
273, 48, 11, 328, 10, 329, 1, -1, -0.7853981633974483, 1.4142135623730951
273, 55, 70, 311, 69, 312, 1, -1, -0.7853981633974483, 1.4142135623730951
273, 60, 23, 148, 21, 148, 2, 0, 0.0, 2.0
273, 63, 163, 363, 162, 364, 1, -1, -0.7853981633974483, 1.4142135623730951
273, 65, 299, 363, 297, 364, 2, -1, -0.4636476090008061, 2.23606797749979
273, 70, 19, 147, 18, 146, 1, 1, 0.7853981633974483, 1.4142135623730951
273, 74, 392, 317, 392, 319, 0, -2, -1.5707963267948966, 2.0
273, 76, 239, 331, 237, 331, 2, 0, 0.0, 2.0
273, 77, 352, 367, 351, 368, 1, -1, -0.7853981633974483, 1.4142135623730951
274, 0, 208, 197, 207, 196, 1, 1, 0.7853981633974483, 1.4142135623730951
274, 3, 428, 230, 428, 232, 0, -2, -1.5707963267948966, 2.0
274, 6, 138, 226, 137, 227, 1, -1, -0.7853981633974483, 1.4142135623730951
274, 13, 63, 363, 62, 364, 1, -1, -0.7853981633974483, 1.4142135623730951
274, 15, 45, 175, 44, 176, 1, -1, -0.7853981633974483, 1.4142135623730951
274, 19, 65, 353, 63, 353, 2, 0, 0.0, 2.0
274, 25, 11, 351, 10, 352, 1, -1, -0.7853981633974483, 1.4142135623730951
274, 26, 272, 344, 271, 345, 1, -1, -0.7853981633974483, 1.4142135623730951
274, 34, 70, 265, 68, 266, 2, -1, -0.4636476090008061, 2.23606797749979
274, 37, 110, 278, 109, 279, 1, -1, -0.7853981633974483, 1.4142135623730951
274, 40, 392, 265, 392, 267, 0, -2, -1.5707963267948966, 2.0
274, 46, 169, 389, 168, 390, 1, -1, -0.7853981633974483, 1.4142135623730951
274, 48, 12, 327, 11, 328, 1, -1, -0.7853981633974483, 1.4142135623730951
274, 52, 112, 241, 111, 242, 1, -1, -0.7853981633974483, 1.4142135623730951
274, 56, 88, 330, 87, 331, 1, -1, -0.7853981633974483, 1.4142135623730951
274, 58, 73, 385, 71, 386, 2, -1, -0.4636476090008061, 2.23606797749979
274, 59, 215, 365, 214, 366, 1, -1, -0.7853981633974483, 1.4142135623730951
274, 65, 323, 345, 325, 344, -2, 1, 2.677945044588987, 2.23606797749979
274, 66, 38, 266, 37, 265, 1, 1, 0.7853981633974483, 1.4142135623730951
274, 68, 20, 148, 19, 147, 1, 1, 0.7853981633974483, 1.4142135623730951
274, 70, 10, 144, 9, 143, 1, 1, 0.7853981633974483, 1.4142135623730951
274, 74, 241, 332, 239, 331, 2, 1, 0.4636476090008061, 2.23606797749979
274, 75, 354, 365, 352, 367, 2, -2, -0.7853981633974483, 2.8284271247461903
274, 76, 231, 340, 232, 339, -1, 1, 2.356194490192345, 1.4142135623730951
275, 4, 75, 227, 74, 228, 1, -1, -0.7853981633974483, 1.4142135623730951
275, 7, 430, 235, 429, 237, 1, -2, -1.1071487177940904, 2.23606797749979
275, 19, 42, 365, 41, 366, 1, -1, -0.7853981633974483, 1.4142135623730951
275, 20, 71, 266, 69, 266, 2, 0, 0.0, 2.0
275, 21, 64, 356, 62, 357, 2, -1, -0.4636476090008061, 2.23606797749979
275, 24, 43, 176, 42, 175, 1, 1, 0.7853981633974483, 1.4142135623730951
275, 30, 38, 266, 36, 266, 2, 0, 0.0, 2.0
275, 31, 88, 333, 87, 334, 1, -1, -0.7853981633974483, 1.4142135623730951
275, 32, 165, 363, 164, 364, 1, -1, -0.7853981633974483, 1.4142135623730951
275, 33, 60, 366, 59, 367, 1, -1, -0.7853981633974483, 1.4142135623730951
275, 34, 61, 172, 60, 171, 1, 1, 0.7853981633974483, 1.4142135623730951
275, 37, 28, 394, 26, 394, 2, 0, 0.0, 2.0
275, 39, 66, 275, 65, 276, 1, -1, -0.7853981633974483, 1.4142135623730951
275, 41, 190, 350, 188, 351, 2, -1, -0.4636476090008061, 2.23606797749979
275, 42, 306, 334, 308, 334, -2, 0, 3.141592653589793, 2.0
275, 47, 12, 353, 10, 354, 2, -1, -0.4636476090008061, 2.23606797749979
275, 48, 171, 220, 170, 219, 1, 1, 0.7853981633974483, 1.4142135623730951
275, 52, 366, 335, 364, 337, 2, -2, -0.7853981633974483, 2.8284271247461903
275, 53, 74, 388, 72, 389, 2, -1, -0.4636476090008061, 2.23606797749979
275, 59, 167, 391, 166, 392, 1, -1, -0.7853981633974483, 1.4142135623730951
275, 60, 350, 371, 348, 372, 2, -1, -0.4636476090008061, 2.23606797749979
275, 67, 404, 267, 403, 269, 1, -2, -1.1071487177940904, 2.23606797749979
275, 74, 20, 149, 19, 148, 1, 1, 0.7853981633974483, 1.4142135623730951
275, 77, 255, 221, 255, 219, 0, 2, 1.5707963267948966, 2.0
275, 82, 396, 318, 395, 321, 1, -3, -1.2490457723982544, 3.1622776601683795
275, 83, 35, 389, 33, 390, 2, -1, -0.4636476090008061, 2.23606797749979
275, 96, 58, 327, 60, 327, -2, 0, 3.141592653589793, 2.0
276, 7, 430, 232, 430, 235, 0, -3, -1.5707963267948966, 3.0
276, 20, 73, 266, 71, 266, 2, 0, 0.0, 2.0
276, 21, 66, 355, 64, 356, 2, -1, -0.4636476090008061, 2.23606797749979
276, 23, 160, 304, 159, 303, 1, 1, 0.7853981633974483, 1.4142135623730951
276, 29, 326, 347, 327, 346, -1, 1, 2.356194490192345, 1.4142135623730951
276, 30, 40, 266, 38, 266, 2, 0, 0.0, 2.0
276, 31, 89, 332, 88, 333, 1, -1, -0.7853981633974483, 1.4142135623730951
276, 33, 61, 365, 60, 366, 1, -1, -0.7853981633974483, 1.4142135623730951
276, 37, 29, 393, 28, 394, 1, -1, -0.7853981633974483, 1.4142135623730951
276, 40, 14, 246, 12, 246, 2, 0, 0.0, 2.0
276, 48, 173, 220, 171, 220, 2, 0, 0.0, 2.0
276, 49, 316, 318, 317, 317, -1, 1, 2.356194490192345, 1.4142135623730951
276, 51, 367, 334, 366, 335, 1, -1, -0.7853981633974483, 1.4142135623730951
276, 58, 168, 390, 167, 391, 1, -1, -0.7853981633974483, 1.4142135623730951
276, 59, 351, 369, 350, 371, 1, -2, -1.1071487177940904, 2.23606797749979
276, 64, 405, 265, 404, 267, 1, -2, -1.1071487177940904, 2.23606797749979
276, 68, 182, 234, 181, 235, 1, -1, -0.7853981633974483, 1.4142135623730951
276, 69, 21, 150, 20, 149, 1, 1, 0.7853981633974483, 1.4142135623730951
276, 72, 256, 222, 255, 221, 1, 1, 0.7853981633974483, 1.4142135623730951
276, 77, 396, 316, 396, 318, 0, -2, -1.5707963267948966, 2.0
276, 80, 11, 146, 10, 145, 1, 1, 0.7853981633974483, 1.4142135623730951
276, 86, 393, 269, 390, 272, 3, -3, -0.7853981633974483, 4.242640687119285
277, 7, 431, 229, 430, 232, 1, -3, -1.2490457723982544, 3.1622776601683795
277, 19, 44, 364, 43, 365, 1, -1, -0.7853981633974483, 1.4142135623730951
277, 21, 69, 354, 66, 355, 3, -1, -0.3217505543966422, 3.1622776601683795
277, 25, 75, 337, 74, 338, 1, -1, -0.7853981633974483, 1.4142135623730951
277, 30, 41, 267, 40, 266, 1, 1, 0.7853981633974483, 1.4142135623730951
277, 41, 194, 350, 191, 350, 3, 0, 0.0, 3.0
277, 47, 14, 352, 13, 353, 1, -1, -0.7853981633974483, 1.4142135623730951
277, 51, 366, 331, 367, 334, -1, -3, -1.892546881191539, 3.1622776601683795
277, 58, 169, 389, 168, 390, 1, -1, -0.7853981633974483, 1.4142135623730951
277, 59, 352, 368, 351, 369, 1, -1, -0.7853981633974483, 1.4142135623730951
277, 63, 118, 282, 117, 283, 1, -1, -0.7853981633974483, 1.4142135623730951
277, 64, 406, 261, 405, 265, 1, -4, -1.3258176636680326, 4.123105625617661
277, 66, 304, 364, 303, 365, 1, -1, -0.7853981633974483, 1.4142135623730951
277, 68, 22, 151, 21, 150, 1, 1, 0.7853981633974483, 1.4142135623730951
277, 70, 137, 372, 136, 373, 1, -1, -0.7853981633974483, 1.4142135623730951
277, 74, 204, 385, 203, 386, 1, -1, -0.7853981633974483, 1.4142135623730951
277, 76, 397, 313, 396, 316, 1, -3, -1.2490457723982544, 3.1622776601683795
277, 80, 265, 319, 264, 320, 1, -1, -0.7853981633974483, 1.4142135623730951
277, 85, 394, 268, 393, 269, 1, -1, -0.7853981633974483, 1.4142135623730951
277, 87, 101, 185, 100, 184, 1, 1, 0.7853981633974483, 1.4142135623730951
278, 7, 432, 225, 431, 229, 1, -4, -1.3258176636680326, 4.123105625617661
278, 13, 38, 205, 37, 206, 1, -1, -0.7853981633974483, 1.4142135623730951
278, 17, 94, 286, 93, 287, 1, -1, -0.7853981633974483, 1.4142135623730951
278, 19, 45, 363, 44, 364, 1, -1, -0.7853981633974483, 1.4142135623730951
278, 20, 76, 266, 74, 266, 2, 0, 0.0, 2.0
278, 21, 71, 354, 69, 354, 2, 0, 0.0, 2.0
278, 34, 65, 173, 63, 172, 2, 1, 0.4636476090008061, 2.23606797749979
278, 51, 371, 331, 366, 331, 5, 0, 0.0, 5.0
278, 64, 406, 257, 406, 261, 0, -4, -1.5707963267948966, 4.0
278, 67, 184, 233, 183, 234, 1, -1, -0.7853981633974483, 1.4142135623730951
278, 68, 24, 152, 22, 151, 2, 1, 0.4636476090008061, 2.23606797749979
278, 70, 138, 371, 137, 372, 1, -1, -0.7853981633974483, 1.4142135623730951
278, 76, 396, 311, 397, 313, -1, -2, -2.0344439357957027, 2.23606797749979
278, 79, 13, 147, 12, 146, 1, 1, 0.7853981633974483, 1.4142135623730951
278, 85, 394, 266, 394, 268, 0, -2, -1.5707963267948966, 2.0
278, 89, 274, 266, 275, 268, -1, -2, -2.0344439357957027, 2.23606797749979
279, 1, 139, 224, 138, 225, 1, -1, -0.7853981633974483, 1.4142135623730951
279, 2, 212, 199, 211, 198, 1, 1, 0.7853981633974483, 1.4142135623730951
279, 7, 431, 223, 432, 225, -1, -2, -2.0344439357957027, 2.23606797749979
279, 11, 232, 288, 231, 290, 1, -2, -1.1071487177940904, 2.23606797749979
279, 12, 30, 306, 29, 307, 1, -1, -0.7853981633974483, 1.4142135623730951
279, 13, 39, 204, 38, 205, 1, -1, -0.7853981633974483, 1.4142135623730951
279, 18, 235, 259, 234, 261, 1, -2, -1.1071487177940904, 2.23606797749979
279, 19, 46, 362, 45, 363, 1, -1, -0.7853981633974483, 1.4142135623730951
279, 20, 78, 266, 76, 266, 2, 0, 0.0, 2.0
279, 21, 74, 353, 71, 354, 3, -1, -0.3217505543966422, 3.1622776601683795
279, 23, 160, 301, 160, 303, 0, -2, -1.5707963267948966, 2.0
279, 25, 76, 335, 75, 336, 1, -1, -0.7853981633974483, 1.4142135623730951
279, 26, 120, 345, 119, 346, 1, -1, -0.7853981633974483, 1.4142135623730951
279, 29, 324, 348, 325, 347, -1, 1, 2.356194490192345, 1.4142135623730951
279, 37, 33, 392, 31, 393, 2, -1, -0.4636476090008061, 2.23606797749979
279, 41, 198, 349, 195, 350, 3, -1, -0.3217505543966422, 3.1622776601683795
279, 51, 372, 330, 371, 331, 1, -1, -0.7853981633974483, 1.4142135623730951
279, 52, 78, 387, 77, 388, 1, -1, -0.7853981633974483, 1.4142135623730951
279, 57, 170, 388, 169, 389, 1, -1, -0.7853981633974483, 1.4142135623730951
279, 58, 354, 367, 353, 368, 1, -1, -0.7853981633974483, 1.4142135623730951
279, 59, 205, 221, 204, 222, 1, -1, -0.7853981633974483, 1.4142135623730951
279, 63, 407, 255, 406, 257, 1, -2, -1.1071487177940904, 2.23606797749979
279, 67, 26, 153, 24, 152, 2, 1, 0.4636476090008061, 2.23606797749979
279, 69, 139, 370, 138, 371, 1, -1, -0.7853981633974483, 1.4142135623730951
279, 72, 116, 321, 116, 323, 0, -2, -1.5707963267948966, 2.0
279, 75, 396, 308, 396, 311, 0, -3, -1.5707963267948966, 3.0
279, 80, 23, 190, 24, 188, -1, 2, 2.0344439357957027, 2.23606797749979
279, 81, 27, 153, 26, 152, 1, 1, 0.7853981633974483, 1.4142135623730951
280, 1, 184, 283, 183, 284, 1, -1, -0.7853981633974483, 1.4142135623730951
280, 3, 144, 228, 143, 229, 1, -1, -0.7853981633974483, 1.4142135623730951
280, 4, 432, 228, 432, 231, 0, -3, -1.5707963267948966, 3.0
280, 5, 84, 227, 83, 228, 1, -1, -0.7853981633974483, 1.4142135623730951
280, 7, 87, 289, 86, 290, 1, -1, -0.7853981633974483, 1.4142135623730951
280, 16, 358, 362, 357, 364, 1, -2, -1.1071487177940904, 2.23606797749979
280, 24, 41, 205, 40, 206, 1, -1, -0.7853981633974483, 1.4142135623730951
280, 35, 308, 363, 307, 364, 1, -1, -0.7853981633974483, 1.4142135623730951
280, 36, 370, 332, 368, 333, 2, -1, -0.4636476090008061, 2.23606797749979
280, 39, 394, 263, 394, 265, 0, -2, -1.5707963267948966, 2.0
280, 40, 65, 366, 64, 367, 1, -1, -0.7853981633974483, 1.4142135623730951
280, 44, 7, 300, 6, 301, 1, -1, -0.7853981633974483, 1.4142135623730951
280, 47, 47, 366, 46, 367, 1, -1, -0.7853981633974483, 1.4142135623730951
280, 49, 349, 324, 348, 325, 1, -1, -0.7853981633974483, 1.4142135623730951
280, 51, 115, 242, 114, 243, 1, -1, -0.7853981633974483, 1.4142135623730951
280, 52, 397, 313, 397, 315, 0, -2, -1.5707963267948966, 2.0
281, 4, 433, 226, 432, 228, 1, -2, -1.1071487177940904, 2.23606797749979
281, 16, 359, 360, 358, 362, 1, -2, -1.1071487177940904, 2.23606797749979
281, 20, 219, 276, 218, 277, 1, -1, -0.7853981633974483, 1.4142135623730951
281, 22, 31, 307, 30, 308, 1, -1, -0.7853981633974483, 1.4142135623730951
281, 31, 248, 380, 250, 379, -2, 1, 2.677945044588987, 2.23606797749979
281, 35, 309, 362, 308, 363, 1, -1, -0.7853981633974483, 1.4142135623730951
281, 36, 371, 330, 370, 332, 1, -2, -1.1071487177940904, 2.23606797749979
281, 39, 396, 261, 394, 263, 2, -2, -0.7853981633974483, 2.8284271247461903
281, 42, 27, 151, 25, 150, 2, 1, 0.4636476090008061, 2.23606797749979
281, 47, 17, 353, 16, 354, 1, -1, -0.7853981633974483, 1.4142135623730951
281, 51, 398, 311, 397, 313, 1, -2, -1.1071487177940904, 2.23606797749979
282, 0, 213, 200, 212, 199, 1, 1, 0.7853981633974483, 1.4142135623730951
282, 4, 434, 224, 433, 226, 1, -2, -1.1071487177940904, 2.23606797749979
282, 11, 34, 395, 33, 396, 1, -1, -0.7853981633974483, 1.4142135623730951
282, 16, 361, 359, 359, 360, 2, -1, -0.4636476090008061, 2.23606797749979
282, 35, 309, 360, 309, 362, 0, -2, -1.5707963267948966, 2.0
282, 36, 372, 329, 371, 330, 1, -1, -0.7853981633974483, 1.4142135623730951
282, 39, 397, 259, 396, 261, 1, -2, -1.1071487177940904, 2.23606797749979
282, 43, 8, 299, 7, 300, 1, -1, -0.7853981633974483, 1.4142135623730951
282, 44, 197, 311, 196, 312, 1, -1, -0.7853981633974483, 1.4142135623730951
282, 46, 49, 365, 48, 366, 1, -1, -0.7853981633974483, 1.4142135623730951
282, 51, 398, 309, 398, 311, 0, -2, -1.5707963267948966, 2.0
283, 4, 434, 222, 434, 224, 0, -2, -1.5707963267948966, 2.0
283, 7, 90, 287, 88, 289, 2, -2, -0.7853981633974483, 2.8284271247461903
283, 9, 181, 262, 179, 264, 2, -2, -0.7853981633974483, 2.8284271247461903
283, 10, 156, 276, 154, 278, 2, -2, -0.7853981633974483, 2.8284271247461903
283, 11, 36, 395, 34, 395, 2, 0, 0.0, 2.0
283, 16, 362, 358, 361, 359, 1, -1, -0.7853981633974483, 1.4142135623730951
283, 18, 141, 374, 140, 375, 1, -1, -0.7853981633974483, 1.4142135623730951
283, 19, 280, 343, 279, 344, 1, -1, -0.7853981633974483, 1.4142135623730951
283, 23, 168, 361, 167, 362, 1, -1, -0.7853981633974483, 1.4142135623730951
283, 25, 94, 288, 93, 290, 1, -2, -1.1071487177940904, 2.23606797749979
283, 30, 245, 380, 247, 380, -2, 0, 3.141592653589793, 2.0
283, 34, 310, 359, 309, 360, 1, -1, -0.7853981633974483, 1.4142135623730951
283, 35, 372, 327, 372, 329, 0, -2, -1.5707963267948966, 2.0
283, 38, 397, 256, 397, 259, 0, -3, -1.5707963267948966, 3.0
283, 41, 30, 151, 28, 151, 2, 0, 0.0, 2.0
283, 46, 19, 352, 18, 353, 1, -1, -0.7853981633974483, 1.4142135623730951
283, 49, 399, 308, 398, 309, 1, -1, -0.7853981633974483, 1.4142135623730951
284, 4, 433, 220, 434, 222, -1, -2, -2.0344439357957027, 2.23606797749979
284, 11, 38, 395, 36, 395, 2, 0, 0.0, 2.0
284, 17, 50, 174, 49, 175, 1, -1, -0.7853981633974483, 1.4142135623730951
284, 24, 42, 202, 41, 203, 1, -1, -0.7853981633974483, 1.4142135623730951
284, 35, 373, 325, 372, 327, 1, -2, -1.1071487177940904, 2.23606797749979
284, 38, 398, 253, 397, 256, 1, -3, -1.2490457723982544, 3.1622776601683795
284, 42, 9, 297, 8, 298, 1, -1, -0.7853981633974483, 1.4142135623730951
284, 43, 198, 310, 197, 311, 1, -1, -0.7853981633974483, 1.4142135623730951
284, 45, 50, 364, 49, 365, 1, -1, -0.7853981633974483, 1.4142135623730951
284, 46, 20, 351, 19, 352, 1, -1, -0.7853981633974483, 1.4142135623730951
284, 48, 117, 240, 116, 241, 1, -1, -0.7853981633974483, 1.4142135623730951
284, 49, 400, 305, 399, 308, 1, -3, -1.2490457723982544, 3.1622776601683795
285, 14, 436, 224, 435, 226, 1, -2, -1.1071487177940904, 2.23606797749979
285, 25, 45, 207, 44, 209, 1, -2, -1.1071487177940904, 2.23606797749979
285, 31, 363, 361, 362, 362, 1, -1, -0.7853981633974483, 1.4142135623730951
285, 48, 410, 259, 410, 261, 0, -2, -1.5707963267948966, 2.0
285, 53, 29, 322, 29, 324, 0, -2, -1.5707963267948966, 2.0
285, 58, 83, 389, 82, 390, 1, -1, -0.7853981633974483, 1.4142135623730951
285, 59, 34, 155, 33, 156, 1, -1, -0.7853981633974483, 1.4142135623730951
285, 62, 401, 256, 401, 258, 0, -2, -1.5707963267948966, 2.0
285, 64, 46, 270, 45, 269, 1, 1, 0.7853981633974483, 1.4142135623730951
285, 66, 375, 329, 374, 330, 1, -1, -0.7853981633974483, 1.4142135623730951
285, 70, 170, 251, 169, 250, 1, 1, 0.7853981633974483, 1.4142135623730951
285, 79, 122, 197, 120, 196, 2, 1, 0.4636476090008061, 2.23606797749979
285, 81, 135, 224, 134, 223, 1, 1, 0.7853981633974483, 1.4142135623730951
286, 2, 143, 227, 142, 228, 1, -1, -0.7853981633974483, 1.4142135623730951
286, 14, 438, 219, 436, 224, 2, -5, -1.1902899496825317, 5.385164807134504
286, 19, 71, 176, 70, 175, 1, 1, 0.7853981633974483, 1.4142135623730951
286, 23, 284, 346, 283, 347, 1, -1, -0.7853981633974483, 1.4142135623730951
286, 31, 364, 360, 363, 361, 1, -1, -0.7853981633974483, 1.4142135623730951
286, 34, 40, 395, 38, 395, 2, 0, 0.0, 2.0
286, 46, 52, 364, 51, 365, 1, -1, -0.7853981633974483, 1.4142135623730951
286, 48, 411, 257, 410, 259, 1, -2, -1.1071487177940904, 2.23606797749979
286, 49, 166, 279, 165, 280, 1, -1, -0.7853981633974483, 1.4142135623730951
286, 58, 85, 389, 83, 389, 2, 0, 0.0, 2.0
286, 62, 401, 254, 401, 256, 0, -2, -1.5707963267948966, 2.0
286, 74, 380, 290, 378, 292, 2, -2, -0.7853981633974483, 2.8284271247461903
286, 79, 124, 198, 122, 197, 2, 1, 0.4636476090008061, 2.23606797749979
286, 80, 124, 349, 123, 348, 1, 1, 0.7853981633974483, 1.4142135623730951
286, 83, 19, 269, 21, 269, -2, 0, 3.141592653589793, 2.0
287, 2, 144, 226, 143, 227, 1, -1, -0.7853981633974483, 1.4142135623730951
287, 14, 439, 217, 438, 219, 1, -2, -1.1071487177940904, 2.23606797749979
287, 18, 139, 293, 138, 294, 1, -1, -0.7853981633974483, 1.4142135623730951
287, 21, 294, 320, 293, 321, 1, -1, -0.7853981633974483, 1.4142135623730951
287, 25, 46, 206, 45, 207, 1, -1, -0.7853981633974483, 1.4142135623730951
287, 33, 41, 394, 40, 395, 1, -1, -0.7853981633974483, 1.4142135623730951
287, 45, 53, 363, 52, 364, 1, -1, -0.7853981633974483, 1.4142135623730951
287, 47, 411, 255, 411, 257, 0, -2, -1.5707963267948966, 2.0
287, 48, 167, 278, 166, 279, 1, -1, -0.7853981633974483, 1.4142135623730951
287, 49, 315, 363, 314, 364, 1, -1, -0.7853981633974483, 1.4142135623730951
287, 52, 30, 320, 29, 321, 1, -1, -0.7853981633974483, 1.4142135623730951
287, 56, 87, 389, 85, 389, 2, 0, 0.0, 2.0
287, 57, 36, 154, 35, 155, 1, -1, -0.7853981633974483, 1.4142135623730951
287, 59, 23, 150, 20, 149, 3, 1, 0.3217505543966422, 3.1622776601683795
287, 60, 402, 252, 401, 254, 1, -2, -1.1071487177940904, 2.23606797749979
287, 64, 374, 326, 375, 328, -1, -2, -2.0344439357957027, 2.23606797749979
287, 68, 169, 252, 170, 251, -1, 1, 2.356194490192345, 1.4142135623730951
287, 72, 382, 288, 380, 290, 2, -2, -0.7853981633974483, 2.8284271247461903
287, 73, 286, 368, 288, 369, -2, -1, -2.677945044588987, 2.23606797749979
287, 77, 126, 198, 124, 198, 2, 0, 0.0, 2.0
287, 79, 134, 225, 135, 224, -1, 1, 2.356194490192345, 1.4142135623730951
288, 1, 216, 202, 215, 201, 1, 1, 0.7853981633974483, 1.4142135623730951
288, 14, 440, 214, 439, 217, 1, -3, -1.2490457723982544, 3.1622776601683795
288, 17, 149, 205, 148, 206, 1, -1, -0.7853981633974483, 1.4142135623730951
288, 19, 73, 177, 72, 176, 1, 1, 0.7853981633974483, 1.4142135623730951
288, 22, 169, 359, 168, 360, 1, -1, -0.7853981633974483, 1.4142135623730951
288, 30, 364, 357, 364, 359, 0, -2, -1.5707963267948966, 2.0
288, 33, 43, 393, 41, 394, 2, -1, -0.4636476090008061, 2.23606797749979
288, 40, 57, 362, 59, 362, -2, 0, 3.141592653589793, 2.0
288, 45, 54, 362, 53, 363, 1, -1, -0.7853981633974483, 1.4142135623730951
288, 47, 412, 252, 411, 255, 1, -3, -1.2490457723982544, 3.1622776601683795
288, 51, 116, 189, 115, 190, 1, -1, -0.7853981633974483, 1.4142135623730951
288, 54, 83, 334, 82, 335, 1, -1, -0.7853981633974483, 1.4142135623730951
288, 56, 89, 388, 87, 389, 2, -1, -0.4636476090008061, 2.23606797749979
288, 57, 38, 153, 36, 154, 2, -1, -0.4636476090008061, 2.23606797749979
288, 60, 403, 250, 402, 252, 1, -2, -1.1071487177940904, 2.23606797749979
288, 64, 375, 324, 374, 326, 1, -2, -1.1071487177940904, 2.23606797749979
288, 72, 383, 286, 382, 288, 1, -2, -1.1071487177940904, 2.23606797749979
288, 80, 260, 385, 259, 386, 1, -1, -0.7853981633974483, 1.4142135623730951
289, 2, 145, 224, 144, 225, 1, -1, -0.7853981633974483, 1.4142135623730951
289, 14, 440, 212, 440, 214, 0, -2, -1.5707963267948966, 2.0
289, 25, 48, 205, 47, 206, 1, -1, -0.7853981633974483, 1.4142135623730951
289, 27, 176, 386, 175, 387, 1, -1, -0.7853981633974483, 1.4142135623730951
289, 30, 365, 356, 364, 357, 1, -1, -0.7853981633974483, 1.4142135623730951
289, 35, 318, 318, 319, 317, -1, 1, 2.356194490192345, 1.4142135623730951
289, 37, 227, 370, 226, 371, 1, -1, -0.7853981633974483, 1.4142135623730951
289, 43, 26, 222, 25, 223, 1, -1, -0.7853981633974483, 1.4142135623730951
289, 45, 55, 361, 54, 362, 1, -1, -0.7853981633974483, 1.4142135623730951
289, 47, 413, 250, 412, 252, 1, -2, -1.1071487177940904, 2.23606797749979
289, 48, 316, 362, 315, 363, 1, -1, -0.7853981633974483, 1.4142135623730951
289, 51, 33, 319, 31, 320, 2, -1, -0.4636476090008061, 2.23606797749979
289, 56, 40, 155, 38, 153, 2, 2, 0.7853981633974483, 2.8284271247461903
289, 59, 403, 248, 403, 250, 0, -2, -1.5707963267948966, 2.0
289, 63, 376, 322, 375, 324, 1, -2, -1.1071487177940904, 2.23606797749979
289, 69, 250, 310, 251, 309, -1, 1, 2.356194490192345, 1.4142135623730951
289, 71, 383, 283, 383, 286, 0, -3, -1.5707963267948966, 3.0
289, 76, 128, 196, 127, 198, 1, -2, -1.1071487177940904, 2.23606797749979
289, 80, 23, 269, 21, 269, 2, 0, 0.0, 2.0
290, 9, 439, 216, 439, 219, 0, -3, -1.5707963267948966, 3.0
290, 16, 6, 182, 5, 183, 1, -1, -0.7853981633974483, 1.4142135623730951
290, 18, 410, 256, 410, 259, 0, -3, -1.5707963267948966, 3.0
290, 19, 56, 362, 55, 363, 1, -1, -0.7853981633974483, 1.4142135623730951
290, 20, 405, 252, 404, 255, 1, -3, -1.2490457723982544, 3.1622776601683795
290, 24, 82, 334, 81, 335, 1, -1, -0.7853981633974483, 1.4142135623730951
290, 25, 49, 206, 48, 207, 1, -1, -0.7853981633974483, 1.4142135623730951
290, 37, 172, 360, 171, 361, 1, -1, -0.7853981633974483, 1.4142135623730951
290, 38, 35, 307, 34, 308, 1, -1, -0.7853981633974483, 1.4142135623730951
290, 39, 178, 391, 177, 392, 1, -1, -0.7853981633974483, 1.4142135623730951
290, 44, 376, 321, 374, 323, 2, -2, -0.7853981633974483, 2.8284271247461903
290, 46, 358, 359, 357, 361, 1, -2, -1.1071487177940904, 2.23606797749979
290, 48, 367, 357, 366, 359, 1, -2, -1.1071487177940904, 2.23606797749979
290, 50, 44, 395, 42, 396, 2, -1, -0.4636476090008061, 2.23606797749979
290, 61, 49, 272, 48, 271, 1, 1, 0.7853981633974483, 1.4142135623730951
290, 63, 48, 332, 47, 333, 1, -1, -0.7853981633974483, 1.4142135623730951
290, 68, 79, 313, 78, 314, 1, -1, -0.7853981633974483, 1.4142135623730951
290, 70, 409, 243, 411, 245, -2, -2, -2.356194490192345, 2.8284271247461903
290, 73, 70, 358, 69, 359, 1, -1, -0.7853981633974483, 1.4142135623730951
290, 82, 405, 307, 404, 310, 1, -3, -1.2490457723982544, 3.1622776601683795
290, 84, 185, 236, 184, 237, 1, -1, -0.7853981633974483, 1.4142135623730951
290, 88, 354, 316, 354, 318, 0, -2, -1.5707963267948966, 2.0
290, 91, 128, 197, 127, 198, 1, -1, -0.7853981633974483, 1.4142135623730951
290, 95, 24, 251, 23, 250, 1, 1, 0.7853981633974483, 1.4142135623730951
291, 3, 148, 227, 147, 228, 1, -1, -0.7853981633974483, 1.4142135623730951
291, 7, 34, 190, 33, 189, 1, 1, 0.7853981633974483, 1.4142135623730951
291, 9, 439, 214, 439, 216, 0, -2, -1.5707963267948966, 2.0
291, 17, 411, 253, 410, 256, 1, -3, -1.2490457723982544, 3.1622776601683795
291, 19, 405, 250, 405, 252, 0, -2, -1.5707963267948966, 2.0
291, 34, 192, 197, 193, 199, -1, -2, -2.0344439357957027, 2.23606797749979
291, 37, 34, 308, 35, 307, -1, 1, 2.356194490192345, 1.4142135623730951
291, 42, 378, 319, 376, 321, 2, -2, -0.7853981633974483, 2.8284271247461903
291, 43, 89, 389, 88, 390, 1, -1, -0.7853981633974483, 1.4142135623730951
291, 44, 359, 356, 358, 359, 1, -3, -1.2490457723982544, 3.1622776601683795
291, 46, 367, 355, 367, 357, 0, -2, -1.5707963267948966, 2.0
291, 49, 72, 294, 75, 294, -3, 0, 3.141592653589793, 3.0
291, 57, 35, 152, 34, 151, 1, 1, 0.7853981633974483, 1.4142135623730951
291, 67, 96, 332, 95, 333, 1, -1, -0.7853981633974483, 1.4142135623730951
291, 70, 72, 250, 74, 251, -2, -1, -2.677945044588987, 2.23606797749979
291, 78, 406, 304, 405, 307, 1, -3, -1.2490457723982544, 3.1622776601683795
291, 84, 353, 314, 354, 316, -1, -2, -2.0344439357957027, 2.23606797749979
291, 85, 68, 325, 70, 325, -2, 0, 3.141592653589793, 2.0
291, 86, 251, 334, 253, 335, -2, -1, -2.677945044588987, 2.23606797749979
291, 91, 25, 252, 24, 251, 1, 1, 0.7853981633974483, 1.4142135623730951
291, 108, 106, 365, 105, 366, 1, -1, -0.7853981633974483, 1.4142135623730951
292, 1, 88, 230, 87, 231, 1, -1, -0.7853981633974483, 1.4142135623730951
292, 8, 60, 181, 58, 180, 2, 1, 0.4636476090008061, 2.23606797749979
292, 9, 439, 212, 439, 214, 0, -2, -1.5707963267948966, 2.0
292, 10, 183, 263, 182, 264, 1, -1, -0.7853981633974483, 1.4142135623730951
292, 17, 412, 251, 411, 253, 1, -2, -1.1071487177940904, 2.23606797749979
292, 19, 406, 247, 405, 250, 1, -3, -1.2490457723982544, 3.1622776601683795
292, 30, 75, 179, 74, 178, 1, 1, 0.7853981633974483, 1.4142135623730951
292, 36, 173, 358, 172, 359, 1, -1, -0.7853981633974483, 1.4142135623730951
292, 38, 182, 389, 179, 391, 3, -2, -0.5880026035475675, 3.605551275463989
292, 42, 380, 317, 378, 319, 2, -2, -0.7853981633974483, 2.8284271247461903
292, 45, 103, 262, 99, 262, 4, 0, 0.0, 4.0
292, 46, 368, 354, 367, 355, 1, -1, -0.7853981633974483, 1.4142135623730951
292, 57, 36, 153, 35, 152, 1, 1, 0.7853981633974483, 1.4142135623730951
292, 58, 51, 273, 50, 272, 1, 1, 0.7853981633974483, 1.4142135623730951
292, 60, 50, 330, 48, 331, 2, -1, -0.4636476090008061, 2.23606797749979
292, 72, 122, 322, 121, 323, 1, -1, -0.7853981633974483, 1.4142135623730951
292, 74, 133, 174, 131, 174, 2, 0, 0.0, 2.0
292, 76, 101, 289, 100, 290, 1, -1, -0.7853981633974483, 1.4142135623730951
292, 77, 406, 302, 406, 304, 0, -2, -1.5707963267948966, 2.0
292, 83, 354, 312, 353, 314, 1, -2, -1.1071487177940904, 2.23606797749979
292, 87, 23, 328, 22, 329, 1, -1, -0.7853981633974483, 1.4142135623730951
292, 102, 76, 207, 75, 206, 1, 1, 0.7853981633974483, 1.4142135623730951
293, 1, 89, 231, 88, 230, 1, 1, 0.7853981633974483, 1.4142135623730951
293, 6, 346, 319, 345, 320, 1, -1, -0.7853981633974483, 1.4142135623730951
293, 7, 33, 191, 34, 190, -1, 1, 2.356194490192345, 1.4142135623730951
293, 8, 61, 182, 60, 181, 1, 1, 0.7853981633974483, 1.4142135623730951
293, 9, 439, 210, 439, 212, 0, -2, -1.5707963267948966, 2.0
293, 15, 7, 181, 6, 182, 1, -1, -0.7853981633974483, 1.4142135623730951
293, 16, 412, 248, 412, 251, 0, -3, -1.5707963267948966, 3.0
293, 18, 406, 245, 406, 247, 0, -2, -1.5707963267948966, 2.0
293, 21, 152, 206, 151, 205, 1, 1, 0.7853981633974483, 1.4142135623730951
293, 41, 382, 316, 380, 317, 2, -1, -0.4636476090008061, 2.23606797749979
293, 42, 91, 388, 90, 389, 1, -1, -0.7853981633974483, 1.4142135623730951
293, 43, 361, 356, 359, 356, 2, 0, 0.0, 2.0
293, 47, 48, 395, 46, 395, 2, 0, 0.0, 2.0
293, 49, 242, 287, 243, 286, -1, 1, 2.356194490192345, 1.4142135623730951
293, 52, 238, 241, 237, 242, 1, -1, -0.7853981633974483, 1.4142135623730951
293, 55, 283, 264, 282, 265, 1, -1, -0.7853981633974483, 1.4142135623730951
293, 76, 407, 299, 406, 302, 1, -3, -1.2490457723982544, 3.1622776601683795
293, 79, 236, 308, 234, 308, 2, 0, 0.0, 2.0
293, 81, 234, 369, 236, 369, -2, 0, 3.141592653589793, 2.0
293, 82, 355, 310, 354, 312, 1, -2, -1.1071487177940904, 2.23606797749979
293, 83, 252, 333, 251, 334, 1, -1, -0.7853981633974483, 1.4142135623730951
293, 90, 342, 344, 341, 346, 1, -2, -1.1071487177940904, 2.23606797749979
293, 101, 317, 339, 315, 339, 2, 0, 0.0, 2.0
293, 102, 203, 331, 202, 332, 1, -1, -0.7853981633974483, 1.4142135623730951
294, 7, 439, 208, 439, 210, 0, -2, -1.5707963267948966, 2.0
294, 9, 30, 194, 29, 195, 1, -1, -0.7853981633974483, 1.4142135623730951
294, 10, 28, 223, 27, 222, 1, 1, 0.7853981633974483, 1.4142135623730951
294, 14, 414, 248, 412, 248, 2, 0, 0.0, 2.0
294, 26, 77, 180, 76, 179, 1, 1, 0.7853981633974483, 1.4142135623730951
294, 34, 88, 211, 90, 211, -2, 0, 3.141592653589793, 2.0
294, 35, 190, 262, 190, 264, 0, -2, -1.5707963267948966, 2.0
294, 38, 92, 387, 91, 388, 1, -1, -0.7853981633974483, 1.4142135623730951
294, 41, 369, 351, 368, 353, 1, -2, -1.1071487177940904, 2.23606797749979
294, 43, 50, 395, 48, 395, 2, 0, 0.0, 2.0
294, 49, 30, 153, 28, 153, 2, 0, 0.0, 2.0
294, 51, 38, 154, 37, 153, 1, 1, 0.7853981633974483, 1.4142135623730951
294, 52, 53, 274, 52, 273, 1, 1, 0.7853981633974483, 1.4142135623730951
294, 54, 51, 329, 50, 330, 1, -1, -0.7853981633974483, 1.4142135623730951
294, 69, 121, 244, 122, 243, -1, 1, 2.356194490192345, 1.4142135623730951
294, 71, 407, 297, 407, 299, 0, -2, -1.5707963267948966, 2.0
294, 75, 97, 231, 96, 230, 1, 1, 0.7853981633974483, 1.4142135623730951
294, 77, 355, 307, 355, 310, 0, -3, -1.5707963267948966, 3.0
294, 78, 254, 333, 252, 333, 2, 0, 0.0, 2.0
294, 82, 28, 253, 27, 252, 1, 1, 0.7853981633974483, 1.4142135623730951
294, 84, 343, 343, 342, 344, 1, -1, -0.7853981633974483, 1.4142135623730951
294, 91, 290, 370, 289, 371, 1, -1, -0.7853981633974483, 1.4142135623730951
294, 93, 78, 208, 77, 207, 1, 1, 0.7853981633974483, 1.4142135623730951
295, 5, 442, 211, 441, 213, 1, -2, -1.1071487177940904, 2.23606797749979
295, 13, 40, 310, 37, 310, 3, 0, 0.0, 3.0
295, 14, 160, 280, 159, 281, 1, -1, -0.7853981633974483, 1.4142135623730951
295, 16, 81, 181, 77, 180, 4, 1, 0.24497866312686414, 4.123105625617661
295, 22, 7, 180, 6, 181, 1, -1, -0.7853981633974483, 1.4142135623730951
295, 26, 58, 361, 57, 362, 1, -1, -0.7853981633974483, 1.4142135623730951
295, 29, 418, 246, 417, 249, 1, -3, -1.2490457723982544, 3.1622776601683795
295, 37, 152, 376, 147, 377, 5, -1, -0.19739555984988075, 5.0990195135927845
295, 41, 323, 333, 320, 334, 3, -1, -0.3217505543966422, 3.1622776601683795
295, 47, 39, 157, 38, 156, 1, 1, 0.7853981633974483, 1.4142135623730951
295, 50, 215, 230, 212, 229, 3, 1, 0.3217505543966422, 3.1622776601683795
295, 55, 258, 333, 257, 332, 1, 1, 0.7853981633974483, 1.4142135623730951
295, 57, 346, 335, 343, 338, 3, -3, -0.7853981633974483, 4.242640687119285
295, 58, 204, 199, 201, 198, 3, 1, 0.3217505543966422, 3.1622776601683795
295, 59, 41, 322, 39, 322, 2, 0, 0.0, 2.0
295, 60, 14, 303, 10, 303, 4, 0, 0.0, 4.0
295, 61, 267, 377, 265, 378, 2, -1, -0.4636476090008061, 2.23606797749979
295, 65, 381, 318, 380, 320, 1, -2, -1.1071487177940904, 2.23606797749979
295, 66, 203, 354, 202, 355, 1, -1, -0.7853981633974483, 1.4142135623730951
295, 67, 92, 356, 91, 355, 1, 1, 0.7853981633974483, 1.4142135623730951
295, 70, 225, 298, 223, 297, 2, 1, 0.4636476090008061, 2.23606797749979
295, 82, 365, 353, 364, 354, 1, -1, -0.7853981633974483, 1.4142135623730951
295, 83, 97, 270, 95, 269, 2, 1, 0.4636476090008061, 2.23606797749979
295, 90, 189, 381, 188, 382, 1, -1, -0.7853981633974483, 1.4142135623730951
295, 92, 355, 308, 354, 311, 1, -3, -1.2490457723982544, 3.1622776601683795
295, 96, 126, 245, 122, 245, 4, 0, 0.0, 4.0
295, 97, 407, 302, 407, 305, 0, -3, -1.5707963267948966, 3.0
295, 99, 182, 355, 181, 356, 1, -1, -0.7853981633974483, 1.4142135623730951
296, 5, 443, 207, 442, 211, 1, -4, -1.3258176636680326, 4.123105625617661
296, 13, 39, 311, 40, 310, -1, 1, 2.356194490192345, 1.4142135623730951
296, 26, 59, 360, 58, 361, 1, -1, -0.7853981633974483, 1.4142135623730951
296, 29, 419, 243, 418, 246, 1, -3, -1.2490457723982544, 3.1622776601683795
296, 32, 103, 288, 102, 289, 1, -1, -0.7853981633974483, 1.4142135623730951
296, 34, 85, 335, 84, 336, 1, -1, -0.7853981633974483, 1.4142135623730951
296, 40, 77, 367, 76, 368, 1, -1, -0.7853981633974483, 1.4142135623730951
296, 41, 325, 333, 323, 333, 2, 0, 0.0, 2.0
296, 47, 41, 157, 39, 157, 2, 0, 0.0, 2.0
296, 48, 93, 389, 92, 390, 1, -1, -0.7853981633974483, 1.4142135623730951
296, 54, 48, 395, 46, 396, 2, -1, -0.4636476090008061, 2.23606797749979
296, 57, 349, 333, 346, 335, 3, -2, -0.5880026035475675, 3.605551275463989
296, 58, 206, 200, 204, 199, 2, 1, 0.4636476090008061, 2.23606797749979
296, 59, 43, 323, 41, 322, 2, 1, 0.4636476090008061, 2.23606797749979
296, 61, 270, 376, 267, 377, 3, -1, -0.3217505543966422, 3.1622776601683795
296, 63, 28, 253, 27, 252, 1, 1, 0.7853981633974483, 1.4142135623730951
296, 64, 382, 317, 381, 318, 1, -1, -0.7853981633974483, 1.4142135623730951
296, 81, 366, 351, 365, 353, 1, -2, -1.1071487177940904, 2.23606797749979
296, 84, 175, 360, 174, 361, 1, -1, -0.7853981633974483, 1.4142135623730951
296, 89, 191, 380, 189, 381, 2, -1, -0.4636476090008061, 2.23606797749979
296, 91, 357, 305, 355, 308, 2, -3, -0.982793723247329, 3.605551275463989
296, 96, 408, 299, 407, 302, 1, -3, -1.2490457723982544, 3.1622776601683795
296, 98, 183, 354, 182, 355, 1, -1, -0.7853981633974483, 1.4142135623730951
297, 0, 224, 201, 223, 202, 1, -1, -0.7853981633974483, 1.4142135623730951
297, 4, 96, 234, 95, 233, 1, 1, 0.7853981633974483, 1.4142135623730951
297, 5, 443, 205, 443, 207, 0, -2, -1.5707963267948966, 2.0
297, 29, 420, 239, 419, 243, 1, -4, -1.3258176636680326, 4.123105625617661
297, 30, 32, 193, 31, 194, 1, -1, -0.7853981633974483, 1.4142135623730951
297, 32, 104, 287, 103, 288, 1, -1, -0.7853981633974483, 1.4142135623730951
297, 37, 153, 377, 152, 376, 1, 1, 0.7853981633974483, 1.4142135623730951
297, 40, 327, 333, 325, 333, 2, 0, 0.0, 2.0
297, 46, 95, 388, 93, 389, 2, -1, -0.4636476090008061, 2.23606797749979
297, 53, 260, 334, 259, 333, 1, 1, 0.7853981633974483, 1.4142135623730951
297, 55, 351, 332, 349, 333, 2, -1, -0.4636476090008061, 2.23606797749979
297, 59, 272, 376, 270, 376, 2, 0, 0.0, 2.0
297, 64, 94, 356, 92, 356, 2, 0, 0.0, 2.0
297, 68, 168, 278, 167, 279, 1, -1, -0.7853981633974483, 1.4142135623730951
297, 72, 184, 387, 183, 388, 1, -1, -0.7853981633974483, 1.4142135623730951
297, 79, 367, 350, 366, 351, 1, -1, -0.7853981633974483, 1.4142135623730951
297, 80, 99, 271, 98, 270, 1, 1, 0.7853981633974483, 1.4142135623730951
297, 87, 193, 380, 191, 380, 2, 0, 0.0, 2.0
297, 88, 196, 200, 194, 200, 2, 0, 0.0, 2.0
297, 89, 359, 300, 357, 305, 2, -5, -1.1902899496825317, 5.385164807134504
297, 94, 408, 297, 408, 299, 0, -2, -1.5707963267948966, 2.0
297, 95, 183, 219, 182, 220, 1, -1, -0.7853981633974483, 1.4142135623730951
298, 0, 225, 202, 224, 201, 1, 1, 0.7853981633974483, 1.4142135623730951
298, 5, 443, 202, 443, 205, 0, -3, -1.5707963267948966, 3.0
298, 23, 30, 353, 29, 354, 1, -1, -0.7853981633974483, 1.4142135623730951
298, 29, 421, 237, 420, 239, 1, -2, -1.1071487177940904, 2.23606797749979
298, 32, 105, 286, 104, 287, 1, -1, -0.7853981633974483, 1.4142135623730951
298, 45, 44, 158, 42, 157, 2, 1, 0.4636476090008061, 2.23606797749979
298, 52, 50, 394, 49, 395, 1, -1, -0.7853981633974483, 1.4142135623730951
298, 61, 384, 315, 382, 316, 2, -1, -0.4636476090008061, 2.23606797749979
298, 63, 96, 356, 94, 356, 2, 0, 0.0, 2.0
298, 68, 52, 331, 50, 331, 2, 0, 0.0, 2.0
298, 78, 368, 348, 367, 350, 1, -2, -1.1071487177940904, 2.23606797749979
298, 81, 176, 359, 175, 360, 1, -1, -0.7853981633974483, 1.4142135623730951
298, 82, 3, 392, 4, 391, -1, 1, 2.356194490192345, 1.4142135623730951
298, 86, 195, 380, 193, 380, 2, 0, 0.0, 2.0
298, 88, 360, 298, 359, 300, 1, -2, -1.1071487177940904, 2.23606797749979
298, 93, 409, 295, 408, 297, 1, -2, -1.1071487177940904, 2.23606797749979
299, 5, 442, 199, 443, 202, -1, -3, -1.892546881191539, 3.1622776601683795
299, 14, 162, 279, 161, 280, 1, -1, -0.7853981633974483, 1.4142135623730951
299, 22, 31, 352, 30, 353, 1, -1, -0.7853981633974483, 1.4142135623730951
299, 25, 61, 358, 60, 359, 1, -1, -0.7853981633974483, 1.4142135623730951
299, 26, 53, 206, 52, 207, 1, -1, -0.7853981633974483, 1.4142135623730951
299, 27, 422, 236, 421, 237, 1, -1, -0.7853981633974483, 1.4142135623730951
299, 29, 107, 286, 105, 286, 2, 0, 0.0, 2.0
299, 30, 217, 390, 216, 391, 1, -1, -0.7853981633974483, 1.4142135623730951
299, 36, 80, 366, 79, 367, 1, -1, -0.7853981633974483, 1.4142135623730951
299, 40, 212, 274, 212, 276, 0, -2, -1.5707963267948966, 2.0
299, 41, 225, 278, 224, 277, 1, 1, 0.7853981633974483, 1.4142135623730951
299, 44, 294, 371, 293, 372, 1, -1, -0.7853981633974483, 1.4142135623730951
299, 49, 54, 392, 50, 394, 4, -2, -0.4636476090008061, 4.47213595499958
299, 51, 353, 332, 351, 332, 2, 0, 0.0, 2.0
299, 53, 43, 324, 45, 323, -2, 1, 2.677945044588987, 2.23606797749979
299, 57, 31, 254, 30, 253, 1, 1, 0.7853981633974483, 1.4142135623730951
299, 58, 388, 316, 384, 315, 4, 1, 0.24497866312686414, 4.123105625617661
299, 61, 146, 296, 144, 297, 2, -1, -0.4636476090008061, 2.23606797749979
299, 63, 225, 300, 226, 299, -1, 1, 2.356194490192345, 1.4142135623730951
299, 64, 169, 277, 168, 278, 1, -1, -0.7853981633974483, 1.4142135623730951
299, 67, 186, 386, 185, 387, 1, -1, -0.7853981633974483, 1.4142135623730951
299, 70, 124, 282, 122, 283, 2, -1, -0.4636476090008061, 2.23606797749979
299, 73, 320, 364, 319, 365, 1, -1, -0.7853981633974483, 1.4142135623730951
299, 74, 370, 346, 368, 348, 2, -2, -0.7853981633974483, 2.8284271247461903
299, 79, 18, 335, 17, 336, 1, -1, -0.7853981633974483, 1.4142135623730951
299, 84, 362, 296, 360, 298, 2, -2, -0.7853981633974483, 2.8284271247461903
299, 89, 410, 292, 409, 295, 1, -3, -1.2490457723982544, 3.1622776601683795
300, 2, 94, 235, 93, 234, 1, 1, 0.7853981633974483, 1.4142135623730951
300, 3, 446, 203, 445, 206, 1, -3, -1.2490457723982544, 3.1622776601683795
300, 5, 97, 291, 96, 292, 1, -1, -0.7853981633974483, 1.4142135623730951
300, 9, 54, 211, 53, 212, 1, -1, -0.7853981633974483, 1.4142135623730951
300, 11, 64, 189, 62, 189, 2, 0, 0.0, 2.0
300, 24, 193, 261, 192, 260, 1, 1, 0.7853981633974483, 1.4142135623730951
300, 33, 409, 243, 409, 245, 0, -2, -1.5707963267948966, 2.0
300, 39, 387, 266, 385, 268, 2, -2, -0.7853981633974483, 2.8284271247461903
300, 42, 84, 182, 82, 182, 2, 0, 0.0, 2.0
300, 56, 420, 242, 420, 244, 0, -2, -1.5707963267948966, 2.0
300, 58, 84, 313, 83, 314, 1, -1, -0.7853981633974483, 1.4142135623730951
300, 66, 414, 234, 414, 236, 0, -2, -1.5707963267948966, 2.0
300, 67, 389, 317, 389, 320, 0, -3, -1.5707963267948966, 3.0
300, 68, 199, 199, 197, 199, 2, 0, 0.0, 2.0
300, 83, 98, 256, 97, 255, 1, 1, 0.7853981633974483, 1.4142135623730951
300, 84, 98, 388, 96, 389, 2, -1, -0.4636476090008061, 2.23606797749979
301, 10, 236, 265, 235, 266, 1, -1, -0.7853981633974483, 1.4142135623730951
301, 11, 66, 189, 64, 189, 2, 0, 0.0, 2.0
301, 12, 64, 365, 62, 367, 2, -2, -0.7853981633974483, 2.8284271247461903
301, 13, 171, 277, 170, 276, 1, 1, 0.7853981633974483, 1.4142135623730951
301, 16, 163, 281, 162, 282, 1, -1, -0.7853981633974483, 1.4142135623730951
301, 19, 87, 340, 86, 341, 1, -1, -0.7853981633974483, 1.4142135623730951
301, 20, 33, 232, 31, 232, 2, 0, 0.0, 2.0
301, 21, 292, 229, 289, 227, 3, 2, 0.5880026035475675, 3.605551275463989
301, 31, 14, 304, 13, 305, 1, -1, -0.7853981633974483, 1.4142135623730951
301, 33, 410, 239, 409, 243, 1, -4, -1.3258176636680326, 4.123105625617661
301, 37, 284, 273, 281, 271, 3, 2, 0.5880026035475675, 3.605551275463989
301, 38, 291, 220, 289, 220, 2, 0, 0.0, 2.0
301, 39, 389, 263, 387, 266, 2, -3, -0.982793723247329, 3.605551275463989
301, 42, 85, 183, 84, 182, 1, 1, 0.7853981633974483, 1.4142135623730951
301, 48, 80, 359, 79, 360, 1, -1, -0.7853981633974483, 1.4142135623730951
301, 49, 153, 376, 152, 377, 1, -1, -0.7853981633974483, 1.4142135623730951
301, 50, 139, 395, 134, 395, 5, 0, 0.0, 5.0
301, 53, 293, 373, 292, 374, 1, -1, -0.7853981633974483, 1.4142135623730951
301, 55, 66, 299, 63, 299, 3, 0, 0.0, 3.0
301, 56, 421, 240, 420, 242, 1, -2, -1.1071487177940904, 2.23606797749979
301, 57, 265, 233, 263, 233, 2, 0, 0.0, 2.0
301, 59, 32, 354, 31, 355, 1, -1, -0.7853981633974483, 1.4142135623730951
301, 60, 244, 242, 242, 242, 2, 0, 0.0, 2.0
301, 62, 173, 297, 172, 298, 1, -1, -0.7853981633974483, 1.4142135623730951
301, 67, 390, 315, 389, 317, 1, -2, -1.1071487177940904, 2.23606797749979
301, 69, 68, 184, 71, 185, -3, -1, -2.819842099193151, 3.1622776601683795
301, 70, 128, 245, 127, 246, 1, -1, -0.7853981633974483, 1.4142135623730951
301, 73, 289, 348, 288, 349, 1, -1, -0.7853981633974483, 1.4142135623730951
301, 76, 6, 342, 5, 343, 1, -1, -0.7853981633974483, 1.4142135623730951
301, 77, 219, 392, 217, 392, 2, 0, 0.0, 2.0
301, 83, 99, 387, 98, 388, 1, -1, -0.7853981633974483, 1.4142135623730951
302, 3, 446, 199, 446, 202, 0, -3, -1.5707963267948966, 3.0
302, 4, 154, 228, 153, 229, 1, -1, -0.7853981633974483, 1.4142135623730951
302, 9, 56, 210, 55, 211, 1, -1, -0.7853981633974483, 1.4142135623730951
302, 11, 68, 189, 66, 189, 2, 0, 0.0, 2.0
302, 12, 65, 364, 64, 365, 1, -1, -0.7853981633974483, 1.4142135623730951
302, 33, 412, 236, 410, 239, 2, -3, -0.982793723247329, 3.605551275463989
302, 39, 391, 261, 389, 263, 2, -2, -0.7853981633974483, 2.8284271247461903
302, 40, 81, 269, 80, 270, 1, -1, -0.7853981633974483, 1.4142135623730951
302, 47, 332, 323, 331, 324, 1, -1, -0.7853981633974483, 1.4142135623730951
302, 48, 81, 358, 80, 359, 1, -1, -0.7853981633974483, 1.4142135623730951
302, 52, 82, 368, 81, 369, 1, -1, -0.7853981633974483, 1.4142135623730951
302, 56, 421, 237, 421, 240, 0, -3, -1.5707963267948966, 3.0
302, 66, 392, 312, 390, 315, 2, -3, -0.982793723247329, 3.605551275463989
302, 69, 129, 244, 128, 245, 1, -1, -0.7853981633974483, 1.4142135623730951
302, 75, 7, 341, 6, 342, 1, -1, -0.7853981633974483, 1.4142135623730951
303, 0, 226, 205, 225, 206, 1, -1, -0.7853981633974483, 1.4142135623730951
303, 3, 446, 196, 446, 199, 0, -3, -1.5707963267948966, 3.0
303, 5, 99, 289, 98, 290, 1, -1, -0.7853981633974483, 1.4142135623730951
303, 12, 66, 363, 65, 364, 1, -1, -0.7853981633974483, 1.4142135623730951
303, 14, 158, 322, 157, 323, 1, -1, -0.7853981633974483, 1.4142135623730951
303, 19, 88, 339, 87, 340, 1, -1, -0.7853981633974483, 1.4142135623730951
303, 31, 15, 303, 14, 304, 1, -1, -0.7853981633974483, 1.4142135623730951
303, 33, 411, 234, 412, 236, -1, -2, -2.0344439357957027, 2.23606797749979
303, 34, 261, 333, 263, 333, -2, 0, 3.141592653589793, 2.0
303, 38, 392, 262, 391, 261, 1, 1, 0.7853981633974483, 1.4142135623730951
303, 39, 83, 269, 81, 269, 2, 0, 0.0, 2.0
303, 40, 210, 361, 208, 361, 2, 0, 0.0, 2.0
303, 44, 191, 240, 190, 241, 1, -1, -0.7853981633974483, 1.4142135623730951
303, 47, 82, 357, 81, 358, 1, -1, -0.7853981633974483, 1.4142135623730951
303, 52, 294, 372, 293, 373, 1, -1, -0.7853981633974483, 1.4142135623730951
303, 55, 421, 235, 421, 237, 0, -2, -1.5707963267948966, 2.0
303, 58, 33, 353, 32, 354, 1, -1, -0.7853981633974483, 1.4142135623730951
303, 61, 174, 296, 173, 297, 1, -1, -0.7853981633974483, 1.4142135623730951
303, 65, 393, 310, 392, 312, 1, -2, -1.1071487177940904, 2.23606797749979
303, 69, 322, 335, 324, 335, -2, 0, 3.141592653589793, 2.0
303, 75, 221, 392, 219, 392, 2, 0, 0.0, 2.0
303, 77, 307, 308, 308, 307, -1, 1, 2.356194490192345, 1.4142135623730951
303, 79, 95, 253, 99, 256, -4, -3, -2.498091544796509, 5.0
304, 3, 448, 193, 446, 196, 2, -3, -0.982793723247329, 3.605551275463989
304, 4, 155, 227, 154, 228, 1, -1, -0.7853981633974483, 1.4142135623730951
304, 6, 9, 272, 8, 273, 1, -1, -0.7853981633974483, 1.4142135623730951
304, 9, 57, 209, 56, 210, 1, -1, -0.7853981633974483, 1.4142135623730951
304, 33, 412, 233, 411, 234, 1, -1, -0.7853981633974483, 1.4142135623730951
304, 34, 259, 333, 261, 333, -2, 0, 3.141592653589793, 2.0
304, 39, 85, 269, 83, 269, 2, 0, 0.0, 2.0
304, 44, 103, 335, 102, 336, 1, -1, -0.7853981633974483, 1.4142135623730951
304, 46, 85, 356, 82, 357, 3, -1, -0.3217505543966422, 3.1622776601683795
304, 50, 84, 367, 83, 368, 1, -1, -0.7853981633974483, 1.4142135623730951
304, 54, 422, 232, 421, 235, 1, -3, -1.2490457723982544, 3.1622776601683795
304, 57, 34, 352, 33, 353, 1, -1, -0.7853981633974483, 1.4142135623730951
304, 62, 157, 314, 155, 315, 2, -1, -0.4636476090008061, 2.23606797749979
304, 64, 393, 308, 393, 310, 0, -2, -1.5707963267948966, 2.0
304, 65, 202, 198, 201, 199, 1, -1, -0.7853981633974483, 1.4142135623730951
304, 68, 321, 336, 322, 335, -1, 1, 2.356194490192345, 1.4142135623730951
304, 70, 292, 347, 291, 348, 1, -1, -0.7853981633974483, 1.4142135623730951
304, 78, 101, 386, 100, 387, 1, -1, -0.7853981633974483, 1.4142135623730951
305, 4, 102, 238, 101, 237, 1, 1, 0.7853981633974483, 1.4142135623730951
305, 8, 449, 198, 448, 201, 1, -3, -1.2490457723982544, 3.1622776601683795
305, 18, 100, 290, 99, 291, 1, -1, -0.7853981633974483, 1.4142135623730951
305, 19, 65, 363, 64, 364, 1, -1, -0.7853981633974483, 1.4142135623730951
305, 20, 374, 353, 371, 355, 3, -2, -0.5880026035475675, 3.605551275463989
305, 30, 156, 377, 155, 378, 1, -1, -0.7853981633974483, 1.4142135623730951
305, 35, 417, 230, 416, 233, 1, -3, -1.2490457723982544, 3.1622776601683795
305, 43, 88, 338, 87, 339, 1, -1, -0.7853981633974483, 1.4142135623730951
305, 45, 61, 393, 59, 393, 2, 0, 0.0, 2.0
305, 49, 34, 354, 33, 355, 1, -1, -0.7853981633974483, 1.4142135623730951
305, 53, 188, 220, 186, 220, 2, 0, 0.0, 2.0
305, 54, 299, 373, 298, 374, 1, -1, -0.7853981633974483, 1.4142135623730951
305, 56, 103, 336, 102, 337, 1, -1, -0.7853981633974483, 1.4142135623730951
305, 58, 83, 368, 82, 369, 1, -1, -0.7853981633974483, 1.4142135623730951
305, 60, 85, 359, 83, 360, 2, -1, -0.4636476090008061, 2.23606797749979
305, 63, 107, 266, 106, 267, 1, -1, -0.7853981633974483, 1.4142135623730951
305, 64, 424, 238, 423, 240, 1, -2, -1.1071487177940904, 2.23606797749979
305, 66, 324, 366, 323, 367, 1, -1, -0.7853981633974483, 1.4142135623730951
305, 68, 207, 356, 205, 357, 2, -1, -0.4636476090008061, 2.23606797749979
305, 69, 157, 316, 156, 317, 1, -1, -0.7853981633974483, 1.4142135623730951
305, 71, 390, 262, 391, 261, -1, 1, 2.356194490192345, 1.4142135623730951
305, 75, 358, 314, 356, 316, 2, -2, -0.7853981633974483, 2.8284271247461903
305, 76, 391, 317, 390, 319, 1, -2, -1.1071487177940904, 2.23606797749979
305, 81, 5, 342, 4, 343, 1, -1, -0.7853981633974483, 1.4142135623730951
305, 84, 222, 300, 225, 301, -3, -1, -2.819842099193151, 3.1622776601683795
305, 85, 392, 271, 390, 275, 2, -4, -1.1071487177940904, 4.47213595499958
305, 88, 266, 386, 263, 387, 3, -1, -0.3217505543966422, 3.1622776601683795
305, 89, 413, 290, 413, 293, 0, -3, -1.5707963267948966, 3.0
305, 95, 378, 345, 377, 347, 1, -2, -1.1071487177940904, 2.23606797749979
305, 96, 258, 336, 260, 336, -2, 0, 3.141592653589793, 2.0
306, 8, 449, 195, 449, 198, 0, -3, -1.5707963267948966, 3.0
306, 9, 15, 185, 14, 186, 1, -1, -0.7853981633974483, 1.4142135623730951
306, 28, 87, 270, 85, 270, 2, 0, 0.0, 2.0
306, 35, 418, 227, 417, 230, 1, -3, -1.2490457723982544, 3.1622776601683795
306, 37, 189, 388, 188, 389, 1, -1, -0.7853981633974483, 1.4142135623730951
306, 40, 60, 276, 59, 277, 1, -1, -0.7853981633974483, 1.4142135623730951
306, 41, 322, 341, 323, 340, -1, 1, 2.356194490192345, 1.4142135623730951
306, 44, 17, 270, 16, 271, 1, -1, -0.7853981633974483, 1.4142135623730951
306, 45, 62, 392, 61, 393, 1, -1, -0.7853981633974483, 1.4142135623730951
306, 49, 35, 353, 34, 354, 1, -1, -0.7853981633974483, 1.4142135623730951
306, 51, 38, 255, 36, 255, 2, 0, 0.0, 2.0
306, 52, 189, 219, 188, 220, 1, -1, -0.7853981633974483, 1.4142135623730951
306, 55, 104, 335, 103, 336, 1, -1, -0.7853981633974483, 1.4142135623730951
306, 59, 87, 358, 85, 359, 2, -1, -0.4636476090008061, 2.23606797749979
306, 61, 59, 331, 58, 332, 1, -1, -0.7853981633974483, 1.4142135623730951
306, 63, 424, 236, 424, 238, 0, -2, -1.5707963267948966, 2.0
306, 67, 209, 355, 207, 356, 2, -1, -0.4636476090008061, 2.23606797749979
306, 74, 361, 309, 358, 314, 3, -5, -1.0303768265243125, 5.830951894845301
306, 75, 392, 315, 391, 317, 1, -2, -1.1071487177940904, 2.23606797749979
306, 78, 272, 380, 274, 379, -2, 1, 2.677945044588987, 2.23606797749979
306, 80, 6, 341, 5, 342, 1, -1, -0.7853981633974483, 1.4142135623730951
306, 83, 393, 268, 392, 271, 1, -3, -1.2490457723982544, 3.1622776601683795
306, 86, 267, 385, 266, 386, 1, -1, -0.7853981633974483, 1.4142135623730951
306, 87, 414, 288, 413, 290, 1, -2, -1.1071487177940904, 2.23606797749979
306, 91, 198, 201, 197, 202, 1, -1, -0.7853981633974483, 1.4142135623730951
306, 93, 380, 344, 378, 345, 2, -1, -0.4636476090008061, 2.23606797749979
306, 94, 256, 335, 258, 336, -2, -1, -2.677945044588987, 2.23606797749979
307, 8, 449, 192, 449, 195, 0, -3, -1.5707963267948966, 3.0
307, 16, 183, 302, 182, 301, 1, 1, 0.7853981633974483, 1.4142135623730951
307, 18, 101, 289, 100, 290, 1, -1, -0.7853981633974483, 1.4142135623730951
307, 20, 378, 350, 375, 353, 3, -3, -0.7853981633974483, 4.242640687119285
307, 22, 45, 309, 44, 310, 1, -1, -0.7853981633974483, 1.4142135623730951
307, 35, 419, 224, 418, 227, 1, -3, -1.2490457723982544, 3.1622776601683795
307, 37, 190, 387, 189, 388, 1, -1, -0.7853981633974483, 1.4142135623730951
307, 38, 181, 363, 180, 364, 1, -1, -0.7853981633974483, 1.4142135623730951
307, 44, 64, 392, 62, 392, 2, 0, 0.0, 2.0
307, 48, 36, 352, 35, 353, 1, -1, -0.7853981633974483, 1.4142135623730951
307, 51, 190, 218, 189, 219, 1, -1, -0.7853981633974483, 1.4142135623730951
307, 56, 84, 366, 83, 367, 1, -1, -0.7853981633974483, 1.4142135623730951
307, 58, 89, 357, 87, 358, 2, -1, -0.4636476090008061, 2.23606797749979
307, 59, 88, 314, 87, 315, 1, -1, -0.7853981633974483, 1.4142135623730951
307, 62, 425, 234, 424, 236, 1, -2, -1.1071487177940904, 2.23606797749979
307, 64, 326, 365, 325, 366, 1, -1, -0.7853981633974483, 1.4142135623730951
307, 66, 211, 355, 209, 355, 2, 0, 0.0, 2.0
307, 67, 156, 317, 157, 315, -1, 2, 2.0344439357957027, 2.23606797749979
307, 69, 390, 261, 390, 263, 0, -2, -1.5707963267948966, 2.0
307, 73, 361, 306, 361, 309, 0, -3, -1.5707963267948966, 3.0
307, 74, 393, 314, 392, 315, 1, -1, -0.7853981633974483, 1.4142135623730951
307, 82, 393, 264, 393, 268, 0, -4, -1.5707963267948966, 4.0
307, 86, 414, 286, 414, 288, 0, -2, -1.5707963267948966, 2.0
307, 90, 47, 233, 46, 234, 1, -1, -0.7853981633974483, 1.4142135623730951
307, 92, 254, 335, 256, 335, -2, 0, 3.141592653589793, 2.0
307, 98, 161, 300, 160, 301, 1, -1, -0.7853981633974483, 1.4142135623730951
307, 99, 131, 245, 130, 246, 1, -1, -0.7853981633974483, 1.4142135623730951
308, 1, 155, 227, 154, 228, 1, -1, -0.7853981633974483, 1.4142135623730951
308, 7, 232, 207, 231, 206, 1, 1, 0.7853981633974483, 1.4142135623730951
308, 8, 448, 189, 449, 192, -1, -3, -1.892546881191539, 3.1622776601683795
308, 20, 379, 349, 378, 350, 1, -1, -0.7853981633974483, 1.4142135623730951
308, 28, 90, 270, 88, 270, 2, 0, 0.0, 2.0
308, 30, 157, 375, 156, 376, 1, -1, -0.7853981633974483, 1.4142135623730951
308, 33, 90, 183, 89, 184, 1, -1, -0.7853981633974483, 1.4142135623730951
308, 34, 17, 302, 16, 303, 1, -1, -0.7853981633974483, 1.4142135623730951
308, 48, 37, 351, 36, 352, 1, -1, -0.7853981633974483, 1.4142135623730951
308, 58, 91, 357, 89, 357, 2, 0, 0.0, 2.0
308, 60, 61, 330, 60, 331, 1, -1, -0.7853981633974483, 1.4142135623730951
308, 62, 425, 232, 425, 234, 0, -2, -1.5707963267948966, 2.0
308, 66, 213, 355, 211, 355, 2, 0, 0.0, 2.0
308, 69, 392, 258, 390, 261, 2, -3, -0.982793723247329, 3.605551275463989
308, 73, 362, 303, 361, 306, 1, -3, -1.2490457723982544, 3.1622776601683795
308, 74, 393, 312, 393, 314, 0, -2, -1.5707963267948966, 2.0
308, 79, 7, 340, 6, 341, 1, -1, -0.7853981633974483, 1.4142135623730951
308, 82, 394, 263, 393, 264, 1, -1, -0.7853981633974483, 1.4142135623730951
308, 86, 414, 284, 414, 286, 0, -2, -1.5707963267948966, 2.0
308, 89, 199, 199, 198, 200, 1, -1, -0.7853981633974483, 1.4142135623730951
308, 90, 48, 232, 47, 233, 1, -1, -0.7853981633974483, 1.4142135623730951
308, 92, 252, 335, 254, 335, -2, 0, 3.141592653589793, 2.0
308, 95, 47, 164, 46, 165, 1, -1, -0.7853981633974483, 1.4142135623730951
308, 97, 68, 299, 67, 300, 1, -1, -0.7853981633974483, 1.4142135623730951
308, 102, 79, 191, 78, 192, 1, -1, -0.7853981633974483, 1.4142135623730951
309, 0, 11, 272, 10, 273, 1, -1, -0.7853981633974483, 1.4142135623730951
309, 3, 193, 287, 192, 288, 1, -1, -0.7853981633974483, 1.4142135623730951
309, 8, 447, 190, 448, 189, -1, 1, 2.356194490192345, 1.4142135623730951
309, 20, 380, 348, 379, 349, 1, -1, -0.7853981633974483, 1.4142135623730951
309, 36, 292, 346, 291, 347, 1, -1, -0.7853981633974483, 1.4142135623730951
309, 37, 192, 386, 191, 387, 1, -1, -0.7853981633974483, 1.4142135623730951
309, 44, 66, 391, 65, 392, 1, -1, -0.7853981633974483, 1.4142135623730951
309, 48, 38, 350, 37, 351, 1, -1, -0.7853981633974483, 1.4142135623730951
309, 58, 94, 356, 91, 357, 3, -1, -0.3217505543966422, 3.1622776601683795
309, 62, 426, 230, 425, 232, 1, -2, -1.1071487177940904, 2.23606797749979
309, 64, 328, 364, 327, 365, 1, -1, -0.7853981633974483, 1.4142135623730951
309, 69, 392, 256, 392, 258, 0, -2, -1.5707963267948966, 2.0
309, 73, 392, 310, 393, 312, -1, -2, -2.0344439357957027, 2.23606797749979
309, 75, 224, 390, 223, 392, 1, -2, -1.1071487177940904, 2.23606797749979
309, 80, 237, 374, 236, 375, 1, -1, -0.7853981633974483, 1.4142135623730951
309, 81, 394, 261, 394, 263, 0, -2, -1.5707963267948966, 2.0
309, 82, 303, 323, 302, 322, 1, 1, 0.7853981633974483, 1.4142135623730951
309, 84, 414, 282, 414, 284, 0, -2, -1.5707963267948966, 2.0
309, 88, 49, 231, 48, 232, 1, -1, -0.7853981633974483, 1.4142135623730951
309, 89, 382, 340, 380, 342, 2, -2, -0.7853981633974483, 2.8284271247461903
309, 92, 48, 165, 47, 164, 1, 1, 0.7853981633974483, 1.4142135623730951
309, 95, 161, 297, 161, 299, 0, -2, -1.5707963267948966, 2.0
309, 99, 80, 190, 79, 191, 1, -1, -0.7853981633974483, 1.4142135623730951
310, 5, 107, 239, 105, 239, 2, 0, 0.0, 2.0
310, 7, 227, 282, 227, 284, 0, -2, -1.5707963267948966, 2.0
310, 8, 451, 191, 451, 194, 0, -3, -1.5707963267948966, 3.0
310, 17, 19, 303, 18, 304, 1, -1, -0.7853981633974483, 1.4142135623730951
310, 19, 65, 394, 64, 395, 1, -1, -0.7853981633974483, 1.4142135623730951
310, 23, 158, 379, 157, 380, 1, -1, -0.7853981633974483, 1.4142135623730951
310, 24, 134, 246, 133, 247, 1, -1, -0.7853981633974483, 1.4142135623730951
310, 37, 111, 261, 110, 262, 1, -1, -0.7853981633974483, 1.4142135623730951
310, 39, 205, 197, 204, 198, 1, -1, -0.7853981633974483, 1.4142135623730951
310, 41, 427, 231, 426, 234, 1, -3, -1.2490457723982544, 3.1622776601683795
310, 42, 329, 366, 328, 367, 1, -1, -0.7853981633974483, 1.4142135623730951
310, 43, 418, 288, 417, 290, 1, -2, -1.1071487177940904, 2.23606797749979
310, 44, 38, 353, 37, 354, 1, -1, -0.7853981633974483, 1.4142135623730951
310, 45, 54, 169, 52, 168, 2, 1, 0.4636476090008061, 2.23606797749979
310, 61, 417, 230, 416, 233, 1, -3, -1.2490457723982544, 3.1622776601683795
310, 77, 24, 340, 23, 341, 1, -1, -0.7853981633974483, 1.4142135623730951
310, 78, 48, 162, 46, 162, 2, 0, 0.0, 2.0
310, 80, 381, 344, 380, 346, 1, -2, -1.1071487177940904, 2.23606797749979
311, 1, 158, 229, 157, 230, 1, -1, -0.7853981633974483, 1.4142135623730951
311, 2, 38, 197, 37, 196, 1, 1, 0.7853981633974483, 1.4142135623730951
311, 8, 451, 189, 451, 191, 0, -2, -1.5707963267948966, 2.0
311, 14, 225, 392, 224, 393, 1, -1, -0.7853981633974483, 1.4142135623730951
311, 17, 185, 307, 184, 308, 1, -1, -0.7853981633974483, 1.4142135623730951
311, 18, 66, 393, 65, 394, 1, -1, -0.7853981633974483, 1.4142135623730951
311, 25, 194, 389, 193, 390, 1, -1, -0.7853981633974483, 1.4142135623730951
311, 37, 219, 230, 218, 231, 1, -1, -0.7853981633974483, 1.4142135623730951
311, 40, 429, 225, 427, 231, 2, -6, -1.2490457723982544, 6.324555320336759
311, 41, 330, 365, 329, 366, 1, -1, -0.7853981633974483, 1.4142135623730951
311, 42, 418, 285, 418, 288, 0, -3, -1.5707963267948966, 3.0
311, 44, 55, 168, 54, 169, 1, -1, -0.7853981633974483, 1.4142135623730951
311, 51, 185, 362, 184, 363, 1, -1, -0.7853981633974483, 1.4142135623730951
311, 53, 296, 348, 295, 349, 1, -1, -0.7853981633974483, 1.4142135623730951
311, 55, 170, 322, 169, 321, 1, 1, 0.7853981633974483, 1.4142135623730951
311, 59, 222, 359, 220, 359, 2, 0, 0.0, 2.0
311, 62, 305, 373, 304, 374, 1, -1, -0.7853981633974483, 1.4142135623730951
311, 70, 39, 255, 38, 256, 1, -1, -0.7853981633974483, 1.4142135623730951
311, 71, 209, 360, 208, 361, 1, -1, -0.7853981633974483, 1.4142135623730951
311, 78, 390, 310, 389, 312, 1, -2, -1.1071487177940904, 2.23606797749979
311, 81, 388, 263, 389, 265, -1, -2, -2.0344439357957027, 2.23606797749979
312, 8, 451, 187, 451, 189, 0, -2, -1.5707963267948966, 2.0
312, 18, 67, 392, 66, 393, 1, -1, -0.7853981633974483, 1.4142135623730951
312, 20, 281, 306, 283, 306, -2, 0, 3.141592653589793, 2.0
312, 25, 195, 388, 194, 389, 1, -1, -0.7853981633974483, 1.4142135623730951
312, 29, 93, 183, 92, 184, 1, -1, -0.7853981633974483, 1.4142135623730951
312, 36, 112, 260, 111, 261, 1, -1, -0.7853981633974483, 1.4142135623730951
312, 38, 207, 196, 206, 197, 1, -1, -0.7853981633974483, 1.4142135623730951
312, 40, 429, 222, 429, 225, 0, -3, -1.5707963267948966, 3.0
312, 41, 332, 365, 330, 365, 2, 0, 0.0, 2.0
312, 42, 418, 283, 418, 285, 0, -2, -1.5707963267948966, 2.0
312, 43, 39, 352, 38, 353, 1, -1, -0.7853981633974483, 1.4142135623730951
312, 45, 23, 187, 22, 188, 1, -1, -0.7853981633974483, 1.4142135623730951
312, 55, 34, 328, 33, 329, 1, -1, -0.7853981633974483, 1.4142135623730951
312, 58, 418, 227, 417, 230, 1, -3, -1.2490457723982544, 3.1622776601683795
312, 60, 306, 372, 305, 373, 1, -1, -0.7853981633974483, 1.4142135623730951
312, 71, 102, 363, 103, 362, -1, 1, 2.356194490192345, 1.4142135623730951
312, 73, 50, 163, 49, 162, 1, 1, 0.7853981633974483, 1.4142135623730951
312, 75, 382, 341, 381, 343, 1, -2, -1.1071487177940904, 2.23606797749979
312, 76, 391, 308, 390, 310, 1, -2, -1.1071487177940904, 2.23606797749979
312, 79, 387, 260, 388, 263, -1, -3, -1.892546881191539, 3.1622776601683795
313, 1, 159, 228, 158, 229, 1, -1, -0.7853981633974483, 1.4142135623730951
313, 8, 451, 184, 451, 187, 0, -3, -1.5707963267948966, 3.0
313, 18, 46, 310, 45, 311, 1, -1, -0.7853981633974483, 1.4142135623730951
313, 22, 136, 245, 135, 246, 1, -1, -0.7853981633974483, 1.4142135623730951
313, 24, 196, 387, 195, 388, 1, -1, -0.7853981633974483, 1.4142135623730951
313, 27, 94, 184, 93, 183, 1, 1, 0.7853981633974483, 1.4142135623730951
313, 33, 89, 367, 88, 368, 1, -1, -0.7853981633974483, 1.4142135623730951
313, 38, 431, 220, 429, 222, 2, -2, -0.7853981633974483, 2.8284271247461903
313, 40, 419, 281, 418, 283, 1, -2, -1.1071487177940904, 2.23606797749979
313, 43, 24, 186, 23, 187, 1, -1, -0.7853981633974483, 1.4142135623730951
313, 47, 187, 361, 186, 362, 1, -1, -0.7853981633974483, 1.4142135623730951
313, 50, 332, 340, 331, 341, 1, -1, -0.7853981633974483, 1.4142135623730951
313, 56, 418, 225, 418, 227, 0, -2, -1.5707963267948966, 2.0
313, 66, 40, 256, 39, 255, 1, 1, 0.7853981633974483, 1.4142135623730951
313, 67, 210, 359, 209, 360, 1, -1, -0.7853981633974483, 1.4142135623730951
313, 68, 21, 269, 20, 270, 1, -1, -0.7853981633974483, 1.4142135623730951
313, 71, 52, 163, 50, 163, 2, 0, 0.0, 2.0
313, 73, 383, 339, 382, 341, 1, -2, -1.1071487177940904, 2.23606797749979
313, 74, 391, 305, 391, 308, 0, -3, -1.5707963267948966, 3.0
313, 77, 386, 256, 387, 260, -1, -4, -1.8157749899217608, 4.123105625617661
314, 38, 431, 218, 431, 220, 0, -2, -1.5707963267948966, 2.0
314, 39, 334, 364, 333, 365, 1, -1, -0.7853981633974483, 1.4142135623730951
314, 40, 419, 279, 419, 281, 0, -2, -1.5707963267948966, 2.0
314, 43, 25, 185, 24, 186, 1, -1, -0.7853981633974483, 1.4142135623730951
314, 53, 418, 223, 418, 225, 0, -2, -1.5707963267948966, 2.0
314, 58, 74, 189, 73, 190, 1, -1, -0.7853981633974483, 1.4142135623730951
314, 60, 8, 230, 7, 231, 1, -1, -0.7853981633974483, 1.4142135623730951
314, 70, 384, 337, 383, 339, 1, -2, -1.1071487177940904, 2.23606797749979
314, 71, 392, 303, 391, 305, 1, -2, -1.1071487177940904, 2.23606797749979
315, 5, 160, 229, 159, 230, 1, -1, -0.7853981633974483, 1.4142135623730951
315, 10, 454, 185, 453, 188, 1, -3, -1.2490457723982544, 3.1622776601683795
315, 11, 78, 186, 77, 187, 1, -1, -0.7853981633974483, 1.4142135623730951
315, 19, 381, 346, 379, 348, 2, -2, -0.7853981633974483, 2.8284271247461903
315, 25, 196, 384, 195, 385, 1, -1, -0.7853981633974483, 1.4142135623730951
315, 34, 247, 288, 245, 288, 2, 0, 0.0, 2.0
315, 37, 132, 288, 131, 287, 1, 1, 0.7853981633974483, 1.4142135623730951
315, 39, 338, 366, 337, 367, 1, -1, -0.7853981633974483, 1.4142135623730951
315, 41, 69, 396, 67, 396, 2, 0, 0.0, 2.0
315, 44, 163, 381, 161, 381, 2, 0, 0.0, 2.0
315, 46, 432, 224, 431, 227, 1, -3, -1.2490457723982544, 3.1622776601683795
315, 47, 57, 166, 55, 165, 2, 1, 0.4636476090008061, 2.23606797749979
315, 58, 394, 307, 394, 309, 0, -2, -1.5707963267948966, 2.0
315, 61, 231, 356, 231, 358, 0, -2, -1.5707963267948966, 2.0
315, 67, 422, 281, 421, 283, 1, -2, -1.1071487177940904, 2.23606797749979
315, 69, 99, 360, 98, 361, 1, -1, -0.7853981633974483, 1.4142135623730951
315, 73, 393, 255, 391, 259, 2, -4, -1.1071487177940904, 4.47213595499958
315, 78, 419, 227, 418, 229, 1, -2, -1.1071487177940904, 2.23606797749979
315, 84, 127, 267, 125, 268, 2, -1, -0.4636476090008061, 2.23606797749979
316, 3, 107, 242, 106, 241, 1, 1, 0.7853981633974483, 1.4142135623730951
316, 10, 454, 183, 454, 185, 0, -2, -1.5707963267948966, 2.0
316, 17, 217, 260, 216, 259, 1, 1, 0.7853981633974483, 1.4142135623730951
316, 19, 383, 344, 381, 346, 2, -2, -0.7853981633974483, 2.8284271247461903
316, 28, 227, 394, 226, 395, 1, -1, -0.7853981633974483, 1.4142135623730951
316, 33, 112, 264, 111, 265, 1, -1, -0.7853981633974483, 1.4142135623730951
316, 34, 249, 288, 247, 288, 2, 0, 0.0, 2.0
316, 39, 339, 365, 338, 366, 1, -1, -0.7853981633974483, 1.4142135623730951
316, 46, 433, 221, 432, 224, 1, -3, -1.2490457723982544, 3.1622776601683795
316, 49, 42, 353, 41, 354, 1, -1, -0.7853981633974483, 1.4142135623730951
316, 57, 395, 305, 394, 307, 1, -2, -1.1071487177940904, 2.23606797749979
316, 62, 309, 373, 308, 374, 1, -1, -0.7853981633974483, 1.4142135623730951
316, 66, 422, 278, 422, 281, 0, -3, -1.5707963267948966, 3.0
316, 69, 306, 330, 305, 329, 1, 1, 0.7853981633974483, 1.4142135623730951
316, 72, 396, 254, 393, 255, 3, -1, -0.3217505543966422, 3.1622776601683795
316, 77, 420, 225, 419, 227, 1, -2, -1.1071487177940904, 2.23606797749979
316, 78, 309, 313, 310, 312, -1, 1, 2.356194490192345, 1.4142135623730951
316, 82, 126, 265, 127, 267, -1, -2, -2.0344439357957027, 2.23606797749979
317, 5, 162, 228, 161, 229, 1, -1, -0.7853981633974483, 1.4142135623730951
317, 6, 21, 181, 20, 182, 1, -1, -0.7853981633974483, 1.4142135623730951
317, 8, 15, 272, 14, 273, 1, -1, -0.7853981633974483, 1.4142135623730951
317, 10, 454, 181, 454, 183, 0, -2, -1.5707963267948966, 2.0
317, 19, 384, 342, 383, 344, 1, -2, -1.1071487177940904, 2.23606797749979
317, 38, 340, 364, 339, 365, 1, -1, -0.7853981633974483, 1.4142135623730951
317, 40, 72, 396, 70, 396, 2, 0, 0.0, 2.0
317, 41, 44, 229, 43, 228, 1, 1, 0.7853981633974483, 1.4142135623730951
317, 42, 92, 368, 91, 369, 1, -1, -0.7853981633974483, 1.4142135623730951
317, 45, 434, 218, 433, 221, 1, -3, -1.2490457723982544, 3.1622776601683795
317, 51, 73, 361, 72, 362, 1, -1, -0.7853981633974483, 1.4142135623730951
317, 55, 396, 302, 395, 305, 1, -3, -1.2490457723982544, 3.1622776601683795
317, 59, 51, 309, 49, 309, 2, 0, 0.0, 2.0
317, 60, 310, 372, 309, 373, 1, -1, -0.7853981633974483, 1.4142135623730951
317, 64, 423, 277, 422, 278, 1, -1, -0.7853981633974483, 1.4142135623730951
317, 66, 100, 359, 99, 360, 1, -1, -0.7853981633974483, 1.4142135623730951
318, 5, 163, 227, 162, 228, 1, -1, -0.7853981633974483, 1.4142135623730951
318, 10, 454, 179, 454, 181, 0, -2, -1.5707963267948966, 2.0
318, 11, 80, 187, 79, 186, 1, 1, 0.7853981633974483, 1.4142135623730951
318, 12, 282, 311, 281, 310, 1, 1, 0.7853981633974483, 1.4142135623730951
318, 19, 385, 341, 384, 342, 1, -1, -0.7853981633974483, 1.4142135623730951
318, 31, 48, 200, 47, 199, 1, 1, 0.7853981633974483, 1.4142135623730951
318, 38, 342, 363, 340, 364, 2, -1, -0.4636476090008061, 2.23606797749979
318, 40, 74, 395, 72, 396, 2, -1, -0.4636476090008061, 2.23606797749979
318, 45, 435, 214, 434, 218, 1, -4, -1.3258176636680326, 4.123105625617661
318, 46, 61, 166, 59, 166, 2, 0, 0.0, 2.0
318, 51, 74, 360, 73, 361, 1, -1, -0.7853981633974483, 1.4142135623730951
318, 55, 397, 300, 396, 302, 1, -2, -1.1071487177940904, 2.23606797749979
318, 57, 197, 237, 196, 238, 1, -1, -0.7853981633974483, 1.4142135623730951
318, 60, 246, 377, 244, 377, 2, 0, 0.0, 2.0
318, 63, 424, 275, 423, 277, 1, -2, -1.1071487177940904, 2.23606797749979
318, 65, 101, 358, 100, 359, 1, -1, -0.7853981633974483, 1.4142135623730951
318, 69, 397, 252, 397, 254, 0, -2, -1.5707963267948966, 2.0
318, 71, 113, 391, 112, 392, 1, -1, -0.7853981633974483, 1.4142135623730951
318, 74, 421, 222, 420, 224, 1, -2, -1.1071487177940904, 2.23606797749979
318, 79, 127, 263, 126, 264, 1, -1, -0.7853981633974483, 1.4142135623730951
319, 9, 456, 174, 454, 179, 2, -5, -1.1902899496825317, 5.385164807134504
319, 10, 82, 188, 80, 187, 2, 1, 0.4636476090008061, 2.23606797749979
319, 18, 386, 338, 385, 341, 1, -3, -1.2490457723982544, 3.1622776601683795
319, 32, 94, 314, 93, 315, 1, -1, -0.7853981633974483, 1.4142135623730951
319, 34, 133, 286, 132, 287, 1, -1, -0.7853981633974483, 1.4142135623730951
319, 36, 344, 362, 342, 363, 2, -1, -0.4636476090008061, 2.23606797749979
319, 38, 75, 394, 74, 395, 1, -1, -0.7853981633974483, 1.4142135623730951
319, 40, 94, 367, 93, 368, 1, -1, -0.7853981633974483, 1.4142135623730951
319, 43, 435, 211, 435, 214, 0, -3, -1.5707963267948966, 3.0
319, 44, 63, 166, 61, 166, 2, 0, 0.0, 2.0
319, 49, 75, 359, 74, 360, 1, -1, -0.7853981633974483, 1.4142135623730951
319, 53, 400, 299, 397, 300, 3, -1, -0.3217505543966422, 3.1622776601683795
319, 61, 424, 273, 424, 275, 0, -2, -1.5707963267948966, 2.0
319, 67, 397, 250, 397, 252, 0, -2, -1.5707963267948966, 2.0
319, 70, 138, 246, 137, 247, 1, -1, -0.7853981633974483, 1.4142135623730951
319, 72, 421, 220, 421, 222, 0, -2, -1.5707963267948966, 2.0
320, 10, 82, 189, 81, 190, 1, -1, -0.7853981633974483, 1.4142135623730951
320, 11, 106, 291, 105, 292, 1, -1, -0.7853981633974483, 1.4142135623730951
320, 13, 455, 178, 456, 181, -1, -3, -1.892546881191539, 3.1622776601683795
320, 17, 199, 385, 198, 386, 1, -1, -0.7853981633974483, 1.4142135623730951
320, 19, 163, 208, 162, 209, 1, -1, -0.7853981633974483, 1.4142135623730951
320, 24, 76, 360, 75, 361, 1, -1, -0.7853981633974483, 1.4142135623730951
320, 38, 17, 341, 16, 342, 1, -1, -0.7853981633974483, 1.4142135623730951
320, 41, 44, 354, 43, 355, 1, -1, -0.7853981633974483, 1.4142135623730951
320, 42, 96, 368, 92, 369, 4, -1, -0.24497866312686414, 4.123105625617661
320, 46, 77, 394, 75, 395, 2, -1, -0.4636476090008061, 2.23606797749979
320, 50, 421, 220, 420, 222, 1, -2, -1.1071487177940904, 2.23606797749979
320, 51, 346, 363, 345, 364, 1, -1, -0.7853981633974483, 1.4142135623730951
320, 54, 309, 373, 308, 374, 1, -1, -0.7853981633974483, 1.4142135623730951
320, 56, 401, 299, 401, 301, 0, -2, -1.5707963267948966, 2.0
320, 58, 94, 281, 91, 281, 3, 0, 0.0, 3.0
320, 61, 430, 213, 429, 214, 1, -1, -0.7853981633974483, 1.4142135623730951
321, 13, 456, 175, 455, 178, 1, -3, -1.2490457723982544, 3.1622776601683795
321, 38, 95, 334, 94, 335, 1, -1, -0.7853981633974483, 1.4142135623730951
321, 48, 422, 217, 421, 220, 1, -3, -1.2490457723982544, 3.1622776601683795
321, 49, 348, 363, 346, 363, 2, 0, 0.0, 2.0
321, 52, 310, 372, 309, 373, 1, -1, -0.7853981633974483, 1.4142135623730951
321, 54, 401, 297, 401, 299, 0, -2, -1.5707963267948966, 2.0
321, 60, 267, 358, 266, 359, 1, -1, -0.7853981633974483, 1.4142135623730951
321, 61, 368, 295, 365, 297, 3, -2, -0.5880026035475675, 3.605551275463989
321, 62, 9, 177, 7, 177, 2, 0, 0.0, 2.0
322, 5, 44, 195, 46, 195, -2, 0, 3.141592653589793, 2.0
322, 9, 85, 189, 83, 189, 2, 0, 0.0, 2.0
322, 12, 457, 172, 456, 175, 1, -3, -1.2490457723982544, 3.1622776601683795
322, 22, 77, 358, 76, 359, 1, -1, -0.7853981633974483, 1.4142135623730951
322, 41, 79, 393, 78, 394, 1, -1, -0.7853981633974483, 1.4142135623730951
322, 42, 345, 321, 344, 322, 1, -1, -0.7853981633974483, 1.4142135623730951
322, 45, 423, 215, 422, 217, 1, -2, -1.1071487177940904, 2.23606797749979
322, 46, 350, 362, 348, 363, 2, -1, -0.4636476090008061, 2.23606797749979
322, 49, 311, 371, 310, 372, 1, -1, -0.7853981633974483, 1.4142135623730951
322, 51, 401, 295, 401, 297, 0, -2, -1.5707963267948966, 2.0
322, 54, 148, 206, 147, 207, 1, -1, -0.7853981633974483, 1.4142135623730951
322, 56, 431, 211, 430, 212, 1, -1, -0.7853981633974483, 1.4142135623730951
322, 58, 369, 292, 368, 295, 1, -3, -1.2490457723982544, 3.1622776601683795
323, 2, 116, 242, 115, 243, 1, -1, -0.7853981633974483, 1.4142135623730951
323, 11, 49, 233, 48, 232, 1, 1, 0.7853981633974483, 1.4142135623730951
323, 12, 458, 170, 457, 172, 1, -2, -1.1071487177940904, 2.23606797749979
323, 28, 215, 200, 214, 201, 1, -1, -0.7853981633974483, 1.4142135623730951
323, 34, 312, 329, 311, 330, 1, -1, -0.7853981633974483, 1.4142135623730951
323, 41, 80, 392, 79, 393, 1, -1, -0.7853981633974483, 1.4142135623730951
323, 45, 424, 212, 423, 215, 1, -3, -1.2490457723982544, 3.1622776601683795
323, 46, 352, 362, 350, 362, 2, 0, 0.0, 2.0
323, 51, 402, 294, 401, 295, 1, -1, -0.7853981633974483, 1.4142135623730951
323, 56, 432, 210, 431, 211, 1, -1, -0.7853981633974483, 1.4142135623730951
323, 57, 270, 356, 268, 358, 2, -2, -0.7853981633974483, 2.8284271247461903
323, 58, 370, 289, 369, 292, 1, -3, -1.2490457723982544, 3.1622776601683795
323, 59, 10, 176, 9, 177, 1, -1, -0.7853981633974483, 1.4142135623730951
324, 2, 117, 243, 116, 242, 1, 1, 0.7853981633974483, 1.4142135623730951
324, 12, 458, 167, 458, 170, 0, -3, -1.5707963267948966, 3.0
324, 14, 101, 186, 99, 186, 2, 0, 0.0, 2.0
324, 15, 43, 200, 42, 201, 1, -1, -0.7853981633974483, 1.4142135623730951
324, 38, 167, 380, 166, 379, 1, 1, 0.7853981633974483, 1.4142135623730951
324, 41, 82, 391, 80, 392, 2, -1, -0.4636476090008061, 2.23606797749979
324, 45, 425, 208, 424, 212, 1, -4, -1.3258176636680326, 4.123105625617661
324, 46, 354, 361, 352, 362, 2, -1, -0.4636476090008061, 2.23606797749979
324, 51, 402, 292, 402, 294, 0, -2, -1.5707963267948966, 2.0
324, 52, 269, 230, 271, 231, -2, -1, -2.677945044588987, 2.23606797749979
324, 55, 431, 206, 432, 210, -1, -4, -1.8157749899217608, 4.123105625617661
324, 56, 272, 356, 270, 356, 2, 0, 0.0, 2.0
324, 57, 371, 286, 370, 289, 1, -3, -1.2490457723982544, 3.1622776601683795
324, 64, 66, 169, 65, 170, 1, -1, -0.7853981633974483, 1.4142135623730951
325, 7, 457, 172, 457, 175, 0, -3, -1.5707963267948966, 3.0
325, 19, 191, 359, 190, 360, 1, -1, -0.7853981633974483, 1.4142135623730951
325, 33, 394, 328, 394, 330, 0, -2, -1.5707963267948966, 2.0
325, 42, 426, 272, 426, 275, 0, -3, -1.5707963267948966, 3.0
325, 44, 400, 296, 399, 298, 1, -2, -1.1071487177940904, 2.23606797749979
325, 63, 429, 212, 428, 214, 1, -2, -1.1071487177940904, 2.23606797749979
325, 64, 436, 215, 436, 217, 0, -2, -1.5707963267948966, 2.0
325, 72, 148, 226, 146, 226, 2, 0, 0.0, 2.0
325, 74, 335, 336, 333, 336, 2, 0, 0.0, 2.0
325, 75, 228, 203, 225, 202, 3, 1, 0.3217505543966422, 3.1622776601683795
325, 76, 286, 377, 283, 378, 3, -1, -0.3217505543966422, 3.1622776601683795
325, 82, 34, 342, 35, 339, -1, 3, 1.892546881191539, 3.1622776601683795
326, 1, 243, 213, 242, 212, 1, 1, 0.7853981633974483, 1.4142135623730951
326, 5, 190, 303, 189, 302, 1, 1, 0.7853981633974483, 1.4142135623730951
326, 7, 457, 169, 457, 172, 0, -3, -1.5707963267948966, 3.0
326, 23, 204, 389, 203, 390, 1, -1, -0.7853981633974483, 1.4142135623730951
326, 27, 220, 280, 221, 279, -1, 1, 2.356194490192345, 1.4142135623730951
326, 33, 394, 326, 394, 328, 0, -2, -1.5707963267948966, 2.0
326, 34, 313, 367, 312, 368, 1, -1, -0.7853981633974483, 1.4142135623730951
326, 38, 82, 392, 81, 393, 1, -1, -0.7853981633974483, 1.4142135623730951
326, 42, 427, 270, 426, 272, 1, -2, -1.1071487177940904, 2.23606797749979
326, 46, 48, 354, 47, 355, 1, -1, -0.7853981633974483, 1.4142135623730951
326, 51, 152, 271, 151, 272, 1, -1, -0.7853981633974483, 1.4142135623730951
326, 61, 90, 322, 88, 322, 2, 0, 0.0, 2.0
326, 63, 431, 208, 429, 212, 2, -4, -1.1071487177940904, 4.47213595499958
326, 64, 437, 212, 436, 215, 1, -3, -1.2490457723982544, 3.1622776601683795
326, 74, 337, 334, 335, 336, 2, -2, -0.7853981633974483, 2.8284271247461903
326, 75, 230, 204, 228, 203, 2, 1, 0.4636476090008061, 2.23606797749979
326, 76, 288, 377, 286, 377, 2, 0, 0.0, 2.0
326, 77, 39, 331, 38, 332, 1, -1, -0.7853981633974483, 1.4142135623730951
327, 7, 457, 166, 457, 169, 0, -3, -1.5707963267948966, 3.0
327, 16, 103, 184, 102, 185, 1, -1, -0.7853981633974483, 1.4142135623730951
327, 32, 314, 368, 313, 367, 1, 1, 0.7853981633974483, 1.4142135623730951
327, 36, 79, 358, 78, 359, 1, -1, -0.7853981633974483, 1.4142135623730951
327, 39, 427, 268, 427, 270, 0, -2, -1.5707963267948966, 2.0
327, 40, 170, 380, 169, 381, 1, -1, -0.7853981633974483, 1.4142135623730951
327, 41, 400, 293, 400, 295, 0, -2, -1.5707963267948966, 2.0
327, 54, 7, 212, 5, 213, 2, -1, -0.4636476090008061, 2.23606797749979
327, 59, 432, 205, 431, 208, 1, -3, -1.2490457723982544, 3.1622776601683795
327, 60, 438, 209, 437, 212, 1, -3, -1.2490457723982544, 3.1622776601683795
327, 71, 290, 377, 288, 377, 2, 0, 0.0, 2.0
328, 0, 199, 291, 198, 290, 1, 1, 0.7853981633974483, 1.4142135623730951
328, 1, 244, 214, 243, 213, 1, 1, 0.7853981633974483, 1.4142135623730951
328, 2, 166, 232, 165, 231, 1, 1, 0.7853981633974483, 1.4142135623730951
328, 3, 119, 245, 118, 244, 1, 1, 0.7853981633974483, 1.4142135623730951
328, 4, 9, 324, 8, 323, 1, 1, 0.7853981633974483, 1.4142135623730951
328, 7, 455, 163, 457, 166, -2, -3, -2.158798930342464, 3.605551275463989
328, 13, 25, 183, 24, 184, 1, -1, -0.7853981633974483, 1.4142135623730951
328, 17, 108, 289, 107, 290, 1, -1, -0.7853981633974483, 1.4142135623730951
328, 24, 62, 234, 64, 234, -2, 0, 3.141592653589793, 2.0
328, 35, 84, 391, 83, 392, 1, -1, -0.7853981633974483, 1.4142135623730951
328, 39, 427, 264, 427, 268, 0, -4, -1.5707963267948966, 4.0
328, 43, 50, 353, 49, 354, 1, -1, -0.7853981633974483, 1.4142135623730951
328, 58, 433, 202, 432, 205, 1, -3, -1.2490457723982544, 3.1622776601683795
328, 59, 438, 206, 438, 209, 0, -3, -1.5707963267948966, 3.0
328, 62, 307, 348, 305, 349, 2, -1, -0.4636476090008061, 2.23606797749979
328, 63, 30, 391, 33, 390, -3, 1, 2.819842099193151, 3.1622776601683795
328, 65, 292, 220, 295, 222, -3, -2, -2.5535900500422257, 3.605551275463989
328, 68, 339, 335, 338, 334, 1, 1, 0.7853981633974483, 1.4142135623730951
328, 70, 292, 377, 290, 377, 2, 0, 0.0, 2.0
328, 77, 240, 356, 238, 357, 2, -1, -0.4636476090008061, 2.23606797749979
329, 7, 455, 160, 455, 163, 0, -3, -1.5707963267948966, 3.0
329, 17, 109, 288, 108, 289, 1, -1, -0.7853981633974483, 1.4142135623730951
329, 22, 207, 388, 206, 389, 1, -1, -0.7853981633974483, 1.4142135623730951
329, 32, 315, 366, 314, 367, 1, -1, -0.7853981633974483, 1.4142135623730951
329, 38, 11, 177, 10, 178, 1, -1, -0.7853981633974483, 1.4142135623730951
329, 39, 428, 262, 427, 264, 1, -2, -1.1071487177940904, 2.23606797749979
329, 40, 171, 380, 170, 381, 1, -1, -0.7853981633974483, 1.4142135623730951
329, 41, 401, 290, 400, 292, 1, -2, -1.1071487177940904, 2.23606797749979
329, 43, 51, 352, 50, 353, 1, -1, -0.7853981633974483, 1.4142135623730951
329, 58, 433, 200, 433, 202, 0, -2, -1.5707963267948966, 2.0
329, 60, 198, 217, 197, 218, 1, -1, -0.7853981633974483, 1.4142135623730951
329, 68, 291, 378, 292, 377, -1, 1, 2.356194490192345, 1.4142135623730951
330, 2, 460, 165, 460, 168, 0, -3, -1.5707963267948966, 3.0
330, 4, 25, 185, 23, 186, 2, -1, -0.4636476090008061, 2.23606797749979
330, 14, 82, 360, 81, 361, 1, -1, -0.7853981633974483, 1.4142135623730951
330, 20, 165, 328, 166, 326, -1, 2, 2.0344439357957027, 2.23606797749979
330, 29, 106, 186, 105, 187, 1, -1, -0.7853981633974483, 1.4142135623730951
330, 39, 406, 293, 405, 296, 1, -3, -1.2490457723982544, 3.1622776601683795
331, 2, 460, 163, 460, 165, 0, -2, -1.5707963267948966, 2.0
331, 11, 87, 191, 86, 192, 1, -1, -0.7853981633974483, 1.4142135623730951
331, 16, 69, 207, 68, 208, 1, -1, -0.7853981633974483, 1.4142135623730951
331, 18, 6, 250, 5, 251, 1, -1, -0.7853981633974483, 1.4142135623730951
331, 21, 27, 306, 26, 307, 1, -1, -0.7853981633974483, 1.4142135623730951
331, 26, 104, 367, 103, 368, 1, -1, -0.7853981633974483, 1.4142135623730951
331, 36, 120, 288, 119, 289, 1, -1, -0.7853981633974483, 1.4142135623730951
331, 38, 54, 310, 53, 311, 1, -1, -0.7853981633974483, 1.4142135623730951
331, 39, 406, 290, 406, 293, 0, -3, -1.5707963267948966, 3.0
332, 2, 460, 160, 460, 163, 0, -3, -1.5707963267948966, 3.0
332, 3, 13, 322, 12, 323, 1, -1, -0.7853981633974483, 1.4142135623730951
332, 14, 83, 358, 82, 359, 1, -1, -0.7853981633974483, 1.4142135623730951
332, 26, 105, 366, 104, 367, 1, -1, -0.7853981633974483, 1.4142135623730951
332, 29, 108, 185, 107, 186, 1, -1, -0.7853981633974483, 1.4142135623730951
332, 38, 407, 288, 406, 290, 1, -2, -1.1071487177940904, 2.23606797749979
332, 40, 172, 382, 171, 383, 1, -1, -0.7853981633974483, 1.4142135623730951
333, 2, 461, 158, 460, 160, 1, -2, -1.1071487177940904, 2.23606797749979
333, 6, 111, 289, 110, 290, 1, -1, -0.7853981633974483, 1.4142135623730951
333, 7, 119, 245, 118, 246, 1, -1, -0.7853981633974483, 1.4142135623730951
333, 10, 21, 273, 20, 274, 1, -1, -0.7853981633974483, 1.4142135623730951
333, 14, 84, 357, 83, 358, 1, -1, -0.7853981633974483, 1.4142135623730951
333, 18, 9, 250, 7, 250, 2, 0, 0.0, 2.0
333, 22, 99, 335, 98, 336, 1, -1, -0.7853981633974483, 1.4142135623730951
333, 29, 109, 184, 108, 185, 1, -1, -0.7853981633974483, 1.4142135623730951
333, 34, 122, 287, 121, 288, 1, -1, -0.7853981633974483, 1.4142135623730951
333, 36, 409, 286, 407, 288, 2, -2, -0.7853981633974483, 2.8284271247461903
333, 39, 51, 352, 50, 353, 1, -1, -0.7853981633974483, 1.4142135623730951
334, 2, 461, 155, 461, 158, 0, -3, -1.5707963267948966, 3.0
334, 5, 168, 229, 167, 230, 1, -1, -0.7853981633974483, 1.4142135623730951
334, 6, 112, 288, 111, 289, 1, -1, -0.7853981633974483, 1.4142135623730951
334, 11, 90, 192, 89, 191, 1, 1, 0.7853981633974483, 1.4142135623730951
334, 14, 86, 357, 84, 357, 2, 0, 0.0, 2.0
334, 26, 106, 365, 105, 366, 1, -1, -0.7853981633974483, 1.4142135623730951
334, 34, 124, 287, 122, 287, 2, 0, 0.0, 2.0
334, 35, 55, 308, 54, 309, 1, -1, -0.7853981633974483, 1.4142135623730951
334, 36, 409, 284, 409, 286, 0, -2, -1.5707963267948966, 2.0
334, 39, 53, 351, 51, 352, 2, -1, -0.4636476090008061, 2.23606797749979
335, 7, 136, 327, 136, 329, 0, -2, -1.5707963267948966, 2.0
335, 9, 84, 362, 83, 363, 1, -1, -0.7853981633974483, 1.4142135623730951
335, 12, 50, 206, 49, 207, 1, -1, -0.7853981633974483, 1.4142135623730951
335, 13, 148, 327, 147, 328, 1, -1, -0.7853981633974483, 1.4142135623730951
335, 15, 462, 160, 462, 162, 0, -2, -1.5707963267948966, 2.0
335, 18, 30, 186, 30, 188, 0, -2, -1.5707963267948966, 2.0
335, 20, 189, 305, 189, 307, 0, -2, -1.5707963267948966, 2.0
335, 21, 112, 291, 111, 292, 1, -1, -0.7853981633974483, 1.4142135623730951
335, 22, 249, 273, 248, 274, 1, -1, -0.7853981633974483, 1.4142135623730951
335, 23, 181, 307, 181, 310, 0, -3, -1.5707963267948966, 3.0
335, 32, 253, 294, 252, 295, 1, -1, -0.7853981633974483, 1.4142135623730951
335, 34, 251, 300, 250, 302, 1, -2, -1.1071487177940904, 2.23606797749979
335, 35, 287, 319, 286, 318, 1, 1, 0.7853981633974483, 1.4142135623730951
335, 37, 397, 330, 395, 331, 2, -1, -0.4636476090008061, 2.23606797749979
335, 50, 17, 178, 16, 179, 1, -1, -0.7853981633974483, 1.4142135623730951
335, 53, 433, 262, 433, 264, 0, -2, -1.5707963267948966, 2.0
335, 57, 103, 360, 102, 361, 1, -1, -0.7853981633974483, 1.4142135623730951
335, 61, 35, 200, 35, 202, 0, -2, -1.5707963267948966, 2.0
335, 62, 249, 244, 250, 243, -1, 1, 2.356194490192345, 1.4142135623730951
336, 0, 248, 215, 247, 216, 1, -1, -0.7853981633974483, 1.4142135623730951
336, 11, 70, 208, 69, 209, 1, -1, -0.7853981633974483, 1.4142135623730951
336, 15, 463, 156, 462, 160, 1, -4, -1.3258176636680326, 4.123105625617661
336, 30, 109, 186, 108, 187, 1, -1, -0.7853981633974483, 1.4142135623730951
336, 36, 30, 306, 29, 307, 1, -1, -0.7853981633974483, 1.4142135623730951
336, 37, 398, 328, 397, 330, 1, -2, -1.1071487177940904, 2.23606797749979
336, 42, 227, 204, 228, 206, -1, -2, -2.0344439357957027, 2.23606797749979
336, 50, 175, 383, 174, 384, 1, -1, -0.7853981633974483, 1.4142135623730951
336, 51, 208, 389, 207, 390, 1, -1, -0.7853981633974483, 1.4142135623730951
336, 52, 434, 260, 433, 262, 1, -2, -1.1071487177940904, 2.23606797749979
336, 60, 36, 201, 35, 200, 1, 1, 0.7853981633974483, 1.4142135623730951
337, 1, 201, 289, 200, 290, 1, -1, -0.7853981633974483, 1.4142135623730951
337, 3, 16, 323, 15, 324, 1, -1, -0.7853981633974483, 1.4142135623730951
337, 6, 22, 274, 21, 275, 1, -1, -0.7853981633974483, 1.4142135623730951
337, 15, 464, 153, 463, 156, 1, -3, -1.2490457723982544, 3.1622776601683795
337, 30, 110, 185, 109, 186, 1, -1, -0.7853981633974483, 1.4142135623730951
337, 31, 107, 369, 106, 370, 1, -1, -0.7853981633974483, 1.4142135623730951
337, 37, 399, 326, 398, 328, 1, -2, -1.1071487177940904, 2.23606797749979
337, 42, 228, 203, 227, 204, 1, -1, -0.7853981633974483, 1.4142135623730951
337, 49, 18, 177, 17, 178, 1, -1, -0.7853981633974483, 1.4142135623730951
337, 50, 176, 382, 175, 383, 1, -1, -0.7853981633974483, 1.4142135623730951
337, 52, 434, 258, 434, 260, 0, -2, -1.5707963267948966, 2.0
337, 55, 104, 358, 103, 359, 1, -1, -0.7853981633974483, 1.4142135623730951
338, 3, 17, 322, 16, 323, 1, -1, -0.7853981633974483, 1.4142135623730951
338, 15, 464, 150, 464, 153, 0, -3, -1.5707963267948966, 3.0
338, 30, 111, 184, 110, 185, 1, -1, -0.7853981633974483, 1.4142135623730951
338, 36, 31, 305, 30, 306, 1, -1, -0.7853981633974483, 1.4142135623730951
338, 37, 400, 323, 399, 326, 1, -3, -1.2490457723982544, 3.1622776601683795
338, 46, 54, 309, 54, 311, 0, -2, -1.5707963267948966, 2.0
338, 52, 435, 256, 434, 258, 1, -2, -1.1071487177940904, 2.23606797749979
338, 55, 106, 358, 104, 358, 2, 0, 0.0, 2.0
339, 1, 202, 288, 201, 289, 1, -1, -0.7853981633974483, 1.4142135623730951
339, 15, 467, 149, 464, 150, 3, -1, -0.3217505543966422, 3.1622776601683795
339, 19, 176, 282, 175, 283, 1, -1, -0.7853981633974483, 1.4142135623730951
339, 21, 114, 290, 113, 291, 1, -1, -0.7853981633974483, 1.4142135623730951
339, 36, 401, 321, 400, 323, 1, -2, -1.1071487177940904, 2.23606797749979
339, 45, 56, 309, 54, 309, 2, 0, 0.0, 2.0
339, 51, 435, 254, 435, 256, 0, -2, -1.5707963267948966, 2.0
339, 53, 108, 357, 106, 358, 2, -1, -0.4636476090008061, 2.23606797749979
340, 5, 34, 182, 33, 183, 1, -1, -0.7853981633974483, 1.4142135623730951
340, 8, 466, 154, 465, 157, 1, -3, -1.2490457723982544, 3.1622776601683795
340, 20, 113, 186, 112, 187, 1, -1, -0.7853981633974483, 1.4142135623730951
340, 23, 179, 383, 178, 384, 1, -1, -0.7853981633974483, 1.4142135623730951
340, 31, 406, 315, 404, 317, 2, -2, -0.7853981633974483, 2.8284271247461903
340, 34, 94, 394, 93, 395, 1, -1, -0.7853981633974483, 1.4142135623730951
340, 35, 87, 363, 86, 364, 1, -1, -0.7853981633974483, 1.4142135623730951
340, 39, 412, 285, 411, 287, 1, -2, -1.1071487177940904, 2.23606797749979
340, 40, 152, 206, 154, 207, -2, -1, -2.677945044588987, 2.23606797749979
340, 44, 327, 373, 325, 373, 2, 0, 0.0, 2.0
340, 47, 435, 255, 435, 258, 0, -3, -1.5707963267948966, 3.0
341, 5, 35, 181, 34, 182, 1, -1, -0.7853981633974483, 1.4142135623730951
341, 8, 466, 151, 466, 154, 0, -3, -1.5707963267948966, 3.0
341, 12, 115, 290, 114, 291, 1, -1, -0.7853981633974483, 1.4142135623730951
341, 20, 114, 185, 113, 186, 1, -1, -0.7853981633974483, 1.4142135623730951
341, 30, 406, 313, 406, 315, 0, -2, -1.5707963267948966, 2.0
341, 38, 413, 282, 412, 285, 1, -3, -1.2490457723982544, 3.1622776601683795
341, 41, 328, 372, 327, 373, 1, -1, -0.7853981633974483, 1.4142135623730951
341, 42, 323, 329, 322, 330, 1, -1, -0.7853981633974483, 1.4142135623730951
341, 44, 436, 252, 435, 255, 1, -3, -1.2490457723982544, 3.1622776601683795
341, 46, 57, 236, 56, 237, 1, -1, -0.7853981633974483, 1.4142135623730951
342, 8, 466, 148, 466, 151, 0, -3, -1.5707963267948966, 3.0
342, 13, 72, 207, 71, 208, 1, -1, -0.7853981633974483, 1.4142135623730951
342, 22, 180, 382, 179, 383, 1, -1, -0.7853981633974483, 1.4142135623730951
342, 24, 132, 269, 133, 268, -1, 1, 2.356194490192345, 1.4142135623730951
342, 29, 407, 310, 406, 313, 1, -3, -1.2490457723982544, 3.1622776601683795
342, 33, 88, 362, 87, 363, 1, -1, -0.7853981633974483, 1.4142135623730951
342, 34, 283, 315, 284, 314, -1, 1, 2.356194490192345, 1.4142135623730951
342, 40, 330, 371, 328, 372, 2, -1, -0.4636476090008061, 2.23606797749979
342, 43, 437, 249, 436, 252, 1, -3, -1.2490457723982544, 3.1622776601683795
343, 8, 468, 145, 466, 148, 2, -3, -0.982793723247329, 3.605551275463989
343, 27, 407, 308, 407, 310, 0, -2, -1.5707963267948966, 2.0
343, 34, 413, 278, 413, 281, 0, -3, -1.5707963267948966, 3.0
343, 37, 332, 370, 330, 371, 2, -1, -0.4636476090008061, 2.23606797749979
343, 40, 436, 246, 437, 249, -1, -3, -1.892546881191539, 3.1622776601683795
344, 4, 123, 248, 122, 249, 1, -1, -0.7853981633974483, 1.4142135623730951
344, 8, 468, 143, 468, 145, 0, -2, -1.5707963267948966, 2.0
344, 24, 107, 366, 106, 367, 1, -1, -0.7853981633974483, 1.4142135623730951
344, 25, 30, 211, 29, 212, 1, -1, -0.7853981633974483, 1.4142135623730951
344, 27, 407, 306, 407, 308, 0, -2, -1.5707963267948966, 2.0
344, 29, 99, 393, 97, 394, 2, -1, -0.4636476090008061, 2.23606797749979
344, 34, 415, 276, 413, 278, 2, -2, -0.7853981633974483, 2.8284271247461903
344, 37, 334, 370, 332, 370, 2, 0, 0.0, 2.0
344, 38, 326, 330, 325, 329, 1, 1, 0.7853981633974483, 1.4142135623730951
344, 40, 436, 244, 436, 246, 0, -2, -1.5707963267948966, 2.0
345, 8, 470, 149, 469, 151, 1, -2, -1.1071487177940904, 2.23606797749979
345, 10, 236, 286, 236, 288, 0, -2, -1.5707963267948966, 2.0
345, 35, 409, 312, 409, 314, 0, -2, -1.5707963267948966, 2.0
345, 39, 98, 196, 97, 197, 1, -1, -0.7853981633974483, 1.4142135623730951
345, 43, 60, 309, 59, 310, 1, -1, -0.7853981633974483, 1.4142135623730951
345, 50, 440, 194, 440, 197, 0, -3, -1.5707963267948966, 3.0
345, 51, 83, 174, 82, 173, 1, 1, 0.7853981633974483, 1.4142135623730951
345, 53, 435, 252, 435, 255, 0, -3, -1.5707963267948966, 3.0
345, 55, 367, 356, 365, 358, 2, -2, -0.7853981633974483, 2.8284271247461903
345, 62, 387, 268, 386, 270, 1, -2, -1.1071487177940904, 2.23606797749979
345, 63, 114, 215, 113, 214, 1, 1, 0.7853981633974483, 1.4142135623730951
346, 7, 472, 147, 470, 149, 2, -2, -0.7853981633974483, 2.8284271247461903
346, 9, 237, 285, 236, 286, 1, -1, -0.7853981633974483, 1.4142135623730951
346, 21, 243, 402, 242, 403, 1, -1, -0.7853981633974483, 1.4142135623730951
346, 29, 100, 395, 99, 396, 1, -1, -0.7853981633974483, 1.4142135623730951
346, 31, 110, 369, 109, 370, 1, -1, -0.7853981633974483, 1.4142135623730951
346, 32, 409, 310, 409, 312, 0, -2, -1.5707963267948966, 2.0
346, 35, 99, 195, 98, 196, 1, -1, -0.7853981633974483, 1.4142135623730951
346, 45, 440, 191, 440, 194, 0, -3, -1.5707963267948966, 3.0
346, 48, 436, 249, 435, 252, 1, -3, -1.2490457723982544, 3.1622776601683795
346, 49, 19, 213, 18, 214, 1, -1, -0.7853981633974483, 1.4142135623730951
346, 50, 368, 354, 367, 356, 1, -2, -1.1071487177940904, 2.23606797749979
346, 57, 387, 265, 387, 268, 0, -3, -1.5707963267948966, 3.0
347, 2, 175, 228, 174, 229, 1, -1, -0.7853981633974483, 1.4142135623730951
347, 7, 473, 145, 472, 147, 1, -2, -1.1071487177940904, 2.23606797749979
347, 26, 101, 394, 100, 395, 1, -1, -0.7853981633974483, 1.4142135623730951
347, 29, 410, 309, 409, 310, 1, -1, -0.7853981633974483, 1.4142135623730951
347, 40, 84, 179, 82, 180, 2, -1, -0.4636476090008061, 2.23606797749979
347, 41, 440, 189, 440, 191, 0, -2, -1.5707963267948966, 2.0
347, 42, 84, 175, 83, 174, 1, 1, 0.7853981633974483, 1.4142135623730951
347, 44, 436, 247, 436, 249, 0, -2, -1.5707963267948966, 2.0
347, 46, 369, 352, 368, 354, 1, -2, -1.1071487177940904, 2.23606797749979
347, 53, 388, 263, 387, 265, 1, -2, -1.1071487177940904, 2.23606797749979
347, 56, 137, 397, 136, 398, 1, -1, -0.7853981633974483, 1.4142135623730951
348, 6, 39, 181, 38, 182, 1, -1, -0.7853981633974483, 1.4142135623730951
348, 7, 474, 143, 473, 145, 1, -2, -1.1071487177940904, 2.23606797749979
348, 25, 103, 394, 101, 394, 2, 0, 0.0, 2.0
348, 27, 411, 307, 410, 309, 1, -2, -1.1071487177940904, 2.23606797749979
348, 33, 182, 389, 181, 388, 1, 1, 0.7853981633974483, 1.4142135623730951
348, 38, 440, 187, 440, 189, 0, -2, -1.5707963267948966, 2.0
348, 41, 437, 244, 436, 247, 1, -3, -1.2490457723982544, 3.1622776601683795
348, 43, 370, 350, 369, 352, 1, -2, -1.1071487177940904, 2.23606797749979
348, 49, 389, 260, 388, 263, 1, -3, -1.2490457723982544, 3.1622776601683795
349, 6, 40, 180, 39, 181, 1, -1, -0.7853981633974483, 1.4142135623730951
349, 7, 475, 142, 474, 143, 1, -1, -0.7853981633974483, 1.4142135623730951
349, 22, 32, 306, 31, 307, 1, -1, -0.7853981633974483, 1.4142135623730951
349, 24, 105, 393, 103, 394, 2, -1, -0.4636476090008061, 2.23606797749979
349, 25, 113, 368, 112, 369, 1, -1, -0.7853981633974483, 1.4142135623730951
349, 26, 413, 305, 411, 307, 2, -2, -0.7853981633974483, 2.8284271247461903
349, 40, 437, 242, 437, 244, 0, -2, -1.5707963267948966, 2.0
349, 42, 371, 348, 370, 350, 1, -2, -1.1071487177940904, 2.23606797749979
349, 50, 139, 396, 138, 397, 1, -1, -0.7853981633974483, 1.4142135623730951
350, 3, 474, 145, 473, 147, 1, -2, -1.1071487177940904, 2.23606797749979
350, 8, 40, 184, 39, 185, 1, -1, -0.7853981633974483, 1.4142135623730951
350, 21, 77, 210, 76, 211, 1, -1, -0.7853981633974483, 1.4142135623730951
350, 31, 315, 353, 314, 354, 1, -1, -0.7853981633974483, 1.4142135623730951
350, 33, 382, 259, 381, 262, 1, -3, -1.2490457723982544, 3.1622776601683795
350, 37, 330, 333, 329, 334, 1, -1, -0.7853981633974483, 1.4142135623730951
350, 38, 420, 273, 419, 275, 1, -2, -1.1071487177940904, 2.23606797749979
350, 45, 340, 368, 338, 369, 2, -1, -0.4636476090008061, 2.23606797749979
350, 46, 438, 247, 437, 250, 1, -3, -1.2490457723982544, 3.1622776601683795
350, 48, 415, 217, 413, 220, 2, -3, -0.982793723247329, 3.605551275463989
350, 51, 104, 394, 103, 395, 1, -1, -0.7853981633974483, 1.4142135623730951
350, 54, 373, 348, 371, 350, 2, -2, -0.7853981633974483, 2.8284271247461903
350, 66, 273, 379, 272, 380, 1, -1, -0.7853981633974483, 1.4142135623730951
350, 67, 144, 202, 143, 203, 1, -1, -0.7853981633974483, 1.4142135623730951
351, 3, 477, 143, 474, 145, 3, -2, -0.5880026035475675, 3.605551275463989
351, 19, 63, 237, 62, 238, 1, -1, -0.7853981633974483, 1.4142135623730951
351, 20, 22, 252, 21, 253, 1, -1, -0.7853981633974483, 1.4142135623730951
351, 21, 78, 209, 77, 210, 1, -1, -0.7853981633974483, 1.4142135623730951
351, 29, 174, 211, 173, 212, 1, -1, -0.7853981633974483, 1.4142135623730951
351, 33, 384, 258, 382, 259, 2, -1, -0.4636476090008061, 2.23606797749979
351, 35, 82, 211, 84, 211, -2, 0, 3.141592653589793, 2.0
351, 38, 421, 271, 420, 273, 1, -2, -1.1071487177940904, 2.23606797749979
351, 44, 342, 367, 340, 368, 2, -1, -0.4636476090008061, 2.23606797749979
351, 45, 439, 245, 438, 247, 1, -2, -1.1071487177940904, 2.23606797749979
351, 47, 418, 219, 415, 217, 3, 2, 0.5880026035475675, 3.605551275463989
351, 51, 236, 206, 235, 208, 1, -2, -1.1071487177940904, 2.23606797749979
351, 53, 374, 346, 373, 348, 1, -2, -1.1071487177940904, 2.23606797749979
351, 58, 102, 358, 100, 358, 2, 0, 0.0, 2.0
351, 62, 68, 237, 70, 237, -2, 0, 3.141592653589793, 2.0
351, 65, 275, 378, 273, 379, 2, -1, -0.4636476090008061, 2.23606797749979
352, 12, 199, 358, 198, 360, 1, -2, -1.1071487177940904, 2.23606797749979
352, 25, 94, 359, 93, 360, 1, -1, -0.7853981633974483, 1.4142135623730951
352, 31, 385, 255, 384, 258, 1, -3, -1.2490457723982544, 3.1622776601683795
352, 35, 422, 269, 421, 271, 1, -2, -1.1071487177940904, 2.23606797749979
352, 39, 218, 390, 216, 390, 2, 0, 0.0, 2.0
352, 41, 339, 365, 342, 367, -3, -2, -2.5535900500422257, 3.605551275463989
352, 42, 439, 243, 439, 245, 0, -2, -1.5707963267948966, 2.0
352, 43, 129, 271, 126, 271, 3, 0, 0.0, 3.0
352, 44, 419, 217, 418, 219, 1, -2, -1.1071487177940904, 2.23606797749979
352, 50, 374, 344, 374, 346, 0, -2, -1.5707963267948966, 2.0
352, 52, 119, 183, 118, 184, 1, -1, -0.7853981633974483, 1.4142135623730951
352, 59, 65, 236, 68, 237, -3, -1, -2.819842099193151, 3.1622776601683795
352, 62, 276, 377, 275, 378, 1, -1, -0.7853981633974483, 1.4142135623730951
353, 0, 254, 214, 253, 216, 1, -2, -1.1071487177940904, 2.23606797749979
353, 2, 480, 141, 478, 143, 2, -2, -0.7853981633974483, 2.8284271247461903
353, 6, 43, 183, 42, 184, 1, -1, -0.7853981633974483, 1.4142135623730951
353, 7, 292, 323, 290, 323, 2, 0, 0.0, 2.0
353, 9, 177, 284, 176, 285, 1, -1, -0.7853981633974483, 1.4142135623730951
353, 10, 197, 303, 196, 304, 1, -1, -0.7853981633974483, 1.4142135623730951
353, 15, 118, 292, 116, 293, 2, -1, -0.4636476090008061, 2.23606797749979
353, 20, 202, 268, 200, 269, 2, -1, -0.4636476090008061, 2.23606797749979
353, 34, 422, 266, 422, 269, 0, -3, -1.5707963267948966, 3.0
353, 40, 342, 364, 339, 365, 3, -1, -0.3217505543966422, 3.1622776601683795
353, 41, 440, 240, 439, 243, 1, -3, -1.2490457723982544, 3.1622776601683795
353, 46, 107, 393, 106, 394, 1, -1, -0.7853981633974483, 1.4142135623730951
353, 57, 252, 361, 251, 362, 1, -1, -0.7853981633974483, 1.4142135623730951
354, 2, 481, 140, 480, 141, 1, -1, -0.7853981633974483, 1.4142135623730951
354, 27, 113, 369, 112, 370, 1, -1, -0.7853981633974483, 1.4142135623730951
354, 32, 422, 264, 422, 266, 0, -2, -1.5707963267948966, 2.0
354, 39, 440, 238, 440, 240, 0, -2, -1.5707963267948966, 2.0
354, 41, 420, 214, 419, 216, 1, -2, -1.1071487177940904, 2.23606797749979
354, 44, 108, 392, 107, 393, 1, -1, -0.7853981633974483, 1.4142135623730951
354, 45, 237, 205, 236, 206, 1, -1, -0.7853981633974483, 1.4142135623730951
354, 57, 251, 396, 250, 397, 1, -1, -0.7853981633974483, 1.4142135623730951
355, 3, 481, 143, 480, 145, 1, -2, -1.1071487177940904, 2.23606797749979
355, 12, 125, 187, 121, 187, 4, 0, 0.0, 4.0
355, 21, 66, 311, 62, 312, 4, -1, -0.24497866312686414, 4.123105625617661
355, 22, 107, 395, 106, 396, 1, -1, -0.7853981633974483, 1.4142135623730951
355, 25, 412, 313, 409, 315, 3, -2, -0.5880026035475675, 3.605551275463989
355, 33, 40, 308, 36, 309, 4, -1, -0.24497866312686414, 4.123105625617661
355, 35, 190, 385, 187, 386, 3, -1, -0.3217505543966422, 3.1622776601683795
355, 37, 341, 368, 339, 369, 2, -1, -0.4636476090008061, 2.23606797749979
355, 47, 443, 240, 443, 243, 0, -3, -1.5707963267948966, 3.0
355, 50, 273, 339, 271, 339, 2, 0, 0.0, 2.0
355, 56, 307, 375, 304, 377, 3, -2, -0.5880026035475675, 3.605551275463989
355, 58, 153, 251, 151, 251, 2, 0, 0.0, 2.0
355, 64, 376, 347, 375, 349, 1, -2, -1.1071487177940904, 2.23606797749979
355, 69, 445, 180, 444, 182, 1, -2, -1.1071487177940904, 2.23606797749979
356, 2, 482, 142, 481, 143, 1, -1, -0.7853981633974483, 1.4142135623730951
356, 21, 109, 394, 107, 395, 2, -1, -0.4636476090008061, 2.23606797749979
356, 24, 414, 310, 412, 313, 2, -3, -0.982793723247329, 3.605551275463989
356, 36, 342, 367, 341, 368, 1, -1, -0.7853981633974483, 1.4142135623730951
356, 45, 5, 184, 4, 183, 1, 1, 0.7853981633974483, 1.4142135623730951
356, 46, 443, 237, 443, 240, 0, -3, -1.5707963267948966, 3.0
356, 49, 276, 339, 273, 339, 3, 0, 0.0, 3.0
356, 55, 310, 374, 307, 375, 3, -1, -0.3217505543966422, 3.1622776601683795
356, 59, 158, 208, 158, 210, 0, -2, -1.5707963267948966, 2.0
356, 63, 378, 344, 376, 347, 2, -3, -0.982793723247329, 3.605551275463989
356, 68, 446, 178, 445, 180, 1, -2, -1.1071487177940904, 2.23606797749979
357, 1, 177, 229, 176, 230, 1, -1, -0.7853981633974483, 1.4142135623730951
357, 2, 484, 140, 482, 142, 2, -2, -0.7853981633974483, 2.8284271247461903
357, 14, 12, 151, 10, 151, 2, 0, 0.0, 2.0
357, 21, 110, 393, 109, 394, 1, -1, -0.7853981633974483, 1.4142135623730951
357, 24, 414, 307, 414, 310, 0, -3, -1.5707963267948966, 3.0
357, 35, 344, 366, 342, 367, 2, -1, -0.4636476090008061, 2.23606797749979
357, 40, 9, 358, 8, 359, 1, -1, -0.7853981633974483, 1.4142135623730951
357, 45, 443, 234, 443, 237, 0, -3, -1.5707963267948966, 3.0
357, 50, 67, 354, 66, 355, 1, -1, -0.7853981633974483, 1.4142135623730951
357, 54, 312, 374, 310, 374, 2, 0, 0.0, 2.0
357, 57, 129, 293, 128, 294, 1, -1, -0.7853981633974483, 1.4142135623730951
357, 60, 223, 396, 222, 395, 1, 1, 0.7853981633974483, 1.4142135623730951
357, 61, 379, 342, 378, 344, 1, -2, -1.1071487177940904, 2.23606797749979
357, 65, 423, 208, 424, 210, -1, -2, -2.0344439357957027, 2.23606797749979
357, 66, 447, 176, 446, 178, 1, -2, -1.1071487177940904, 2.23606797749979
358, 2, 486, 138, 484, 140, 2, -2, -0.7853981633974483, 2.8284271247461903
358, 14, 13, 150, 12, 151, 1, -1, -0.7853981633974483, 1.4142135623730951
358, 23, 43, 211, 42, 212, 1, -1, -0.7853981633974483, 1.4142135623730951
358, 24, 415, 306, 414, 307, 1, -1, -0.7853981633974483, 1.4142135623730951
358, 35, 346, 365, 344, 366, 2, -1, -0.4636476090008061, 2.23606797749979
358, 40, 10, 357, 9, 358, 1, -1, -0.7853981633974483, 1.4142135623730951
358, 45, 442, 231, 443, 234, -1, -3, -1.892546881191539, 3.1622776601683795
358, 54, 314, 374, 312, 374, 2, 0, 0.0, 2.0
358, 60, 224, 395, 223, 396, 1, -1, -0.7853981633974483, 1.4142135623730951
358, 61, 381, 340, 379, 342, 2, -2, -0.7853981633974483, 2.8284271247461903
358, 65, 424, 204, 423, 208, 1, -4, -1.3258176636680326, 4.123105625617661
359, 2, 487, 137, 486, 138, 1, -1, -0.7853981633974483, 1.4142135623730951
359, 7, 48, 179, 47, 180, 1, -1, -0.7853981633974483, 1.4142135623730951
359, 8, 292, 326, 291, 325, 1, 1, 0.7853981633974483, 1.4142135623730951
359, 14, 15, 150, 13, 150, 2, 0, 0.0, 2.0
359, 21, 111, 392, 110, 393, 1, -1, -0.7853981633974483, 1.4142135623730951
359, 24, 416, 304, 415, 306, 1, -2, -1.1071487177940904, 2.23606797749979
359, 35, 348, 364, 346, 365, 2, -1, -0.4636476090008061, 2.23606797749979
359, 44, 8, 185, 7, 184, 1, 1, 0.7853981633974483, 1.4142135623730951
359, 45, 442, 229, 442, 231, 0, -2, -1.5707963267948966, 2.0
359, 48, 276, 341, 277, 340, -1, 1, 2.356194490192345, 1.4142135623730951
359, 58, 170, 324, 173, 324, -3, 0, 3.141592653589793, 3.0
359, 61, 383, 336, 381, 340, 2, -4, -1.1071487177940904, 4.47213595499958
359, 65, 425, 200, 424, 204, 1, -4, -1.3258176636680326, 4.123105625617661
359, 66, 448, 172, 447, 175, 1, -3, -1.2490457723982544, 3.1622776601683795
360, 2, 488, 140, 485, 142, 3, -2, -0.5880026035475675, 3.605551275463989
360, 4, 48, 184, 47, 185, 1, -1, -0.7853981633974483, 1.4142135623730951
360, 20, 115, 394, 111, 395, 4, -1, -0.24497866312686414, 4.123105625617661
360, 21, 100, 364, 99, 365, 1, -1, -0.7853981633974483, 1.4142135623730951
360, 29, 419, 299, 418, 301, 1, -2, -1.1071487177940904, 2.23606797749979
360, 33, 65, 311, 64, 312, 1, -1, -0.7853981633974483, 1.4142135623730951
360, 34, 9, 274, 7, 275, 2, -1, -0.4636476090008061, 2.23606797749979
360, 39, 347, 365, 346, 367, 1, -2, -1.1071487177940904, 2.23606797749979
360, 42, 225, 290, 224, 289, 1, 1, 0.7853981633974483, 1.4142135623730951
360, 44, 445, 234, 445, 238, 0, -4, -1.5707963267948966, 4.0
360, 47, 231, 369, 230, 370, 1, -1, -0.7853981633974483, 1.4142135623730951
360, 48, 446, 176, 445, 179, 1, -3, -1.2490457723982544, 3.1622776601683795
360, 52, 424, 264, 424, 266, 0, -2, -1.5707963267948966, 2.0
360, 60, 35, 182, 34, 183, 1, -1, -0.7853981633974483, 1.4142135623730951
360, 62, 285, 361, 283, 362, 2, -1, -0.4636476090008061, 2.23606797749979
361, 2, 490, 139, 488, 140, 2, -1, -0.4636476090008061, 2.23606797749979
361, 9, 10, 234, 9, 235, 1, -1, -0.7853981633974483, 1.4142135623730951
361, 20, 116, 393, 115, 394, 1, -1, -0.7853981633974483, 1.4142135623730951
361, 26, 17, 152, 15, 152, 2, 0, 0.0, 2.0
361, 28, 420, 297, 419, 299, 1, -2, -1.1071487177940904, 2.23606797749979
361, 36, 349, 364, 347, 365, 2, -1, -0.4636476090008061, 2.23606797749979
361, 37, 299, 387, 298, 386, 1, 1, 0.7853981633974483, 1.4142135623730951
361, 41, 446, 232, 445, 234, 1, -2, -1.1071487177940904, 2.23606797749979
361, 45, 446, 173, 446, 176, 0, -3, -1.5707963267948966, 3.0
361, 49, 422, 261, 424, 264, -2, -3, -2.158798930342464, 3.605551275463989
361, 51, 335, 330, 334, 332, 1, -2, -1.1071487177940904, 2.23606797749979
361, 53, 90, 180, 88, 180, 2, 0, 0.0, 2.0
361, 58, 217, 324, 215, 324, 2, 0, 0.0, 2.0
361, 59, 286, 360, 285, 361, 1, -1, -0.7853981633974483, 1.4142135623730951
362, 2, 492, 138, 490, 139, 2, -1, -0.4636476090008061, 2.23606797749979
362, 4, 50, 183, 49, 184, 1, -1, -0.7853981633974483, 1.4142135623730951
362, 19, 117, 392, 116, 393, 1, -1, -0.7853981633974483, 1.4142135623730951
362, 24, 199, 307, 198, 306, 1, 1, 0.7853981633974483, 1.4142135623730951
362, 26, 421, 295, 420, 297, 1, -2, -1.1071487177940904, 2.23606797749979
362, 34, 351, 364, 349, 364, 2, 0, 0.0, 2.0
362, 35, 302, 386, 299, 387, 3, -1, -0.3217505543966422, 3.1622776601683795
362, 36, 126, 184, 125, 185, 1, -1, -0.7853981633974483, 1.4142135623730951
362, 39, 447, 230, 446, 232, 1, -2, -1.1071487177940904, 2.23606797749979
362, 41, 240, 287, 239, 288, 1, -1, -0.7853981633974483, 1.4142135623730951
362, 43, 446, 170, 446, 173, 0, -3, -1.5707963267948966, 3.0
362, 47, 423, 258, 422, 261, 1, -3, -1.2490457723982544, 3.1622776601683795
362, 54, 27, 213, 26, 214, 1, -1, -0.7853981633974483, 1.4142135623730951
362, 55, 36, 181, 35, 182, 1, -1, -0.7853981633974483, 1.4142135623730951
362, 57, 287, 359, 286, 360, 1, -1, -0.7853981633974483, 1.4142135623730951
363, 2, 493, 137, 492, 138, 1, -1, -0.7853981633974483, 1.4142135623730951
363, 15, 82, 209, 81, 210, 1, -1, -0.7853981633974483, 1.4142135623730951
363, 19, 119, 391, 117, 392, 2, -1, -0.4636476090008061, 2.23606797749979
363, 20, 102, 363, 101, 364, 1, -1, -0.7853981633974483, 1.4142135623730951
363, 25, 21, 152, 18, 152, 3, 0, 0.0, 3.0
363, 26, 421, 293, 421, 295, 0, -2, -1.5707963267948966, 2.0
363, 29, 66, 309, 65, 310, 1, -1, -0.7853981633974483, 1.4142135623730951
363, 34, 353, 363, 351, 364, 2, -1, -0.4636476090008061, 2.23606797749979
363, 35, 305, 385, 302, 386, 3, -1, -0.3217505543966422, 3.1622776601683795
363, 39, 447, 228, 447, 230, 0, -2, -1.5707963267948966, 2.0
363, 43, 447, 166, 446, 170, 1, -4, -1.3258176636680326, 4.123105625617661
363, 47, 424, 255, 423, 258, 1, -3, -1.2490457723982544, 3.1622776601683795
363, 50, 68, 352, 67, 354, 1, -2, -1.1071487177940904, 2.23606797749979
363, 51, 91, 179, 90, 180, 1, -1, -0.7853981633974483, 1.4142135623730951
363, 55, 37, 180, 36, 181, 1, -1, -0.7853981633974483, 1.4142135623730951
363, 57, 289, 358, 287, 359, 2, -1, -0.4636476090008061, 2.23606797749979
363, 58, 247, 319, 245, 319, 2, 0, 0.0, 2.0
363, 66, 316, 354, 315, 355, 1, -1, -0.7853981633974483, 1.4142135623730951
364, 2, 495, 137, 493, 137, 2, 0, 0.0, 2.0
364, 3, 132, 248, 131, 249, 1, -1, -0.7853981633974483, 1.4142135623730951
364, 4, 51, 181, 50, 182, 1, -1, -0.7853981633974483, 1.4142135623730951
364, 8, 11, 233, 10, 234, 1, -1, -0.7853981633974483, 1.4142135623730951
364, 11, 66, 238, 65, 239, 1, -1, -0.7853981633974483, 1.4142135623730951
364, 25, 22, 153, 21, 152, 1, 1, 0.7853981633974483, 1.4142135623730951
364, 26, 421, 291, 421, 293, 0, -2, -1.5707963267948966, 2.0
364, 34, 355, 361, 353, 363, 2, -2, -0.7853981633974483, 2.8284271247461903
364, 35, 308, 384, 305, 385, 3, -1, -0.3217505543966422, 3.1622776601683795
364, 37, 220, 290, 222, 290, -2, 0, 3.141592653589793, 2.0
364, 39, 447, 225, 447, 228, 0, -3, -1.5707963267948966, 3.0
364, 42, 444, 165, 447, 166, -3, -1, -2.819842099193151, 3.1622776601683795
364, 45, 57, 266, 56, 267, 1, -1, -0.7853981633974483, 1.4142135623730951
364, 46, 424, 252, 424, 255, 0, -3, -1.5707963267948966, 3.0
364, 49, 69, 351, 68, 352, 1, -1, -0.7853981633974483, 1.4142135623730951
364, 53, 28, 212, 27, 213, 1, -1, -0.7853981633974483, 1.4142135623730951
365, 3, 494, 141, 492, 141, 2, 0, 0.0, 2.0
365, 5, 62, 208, 61, 207, 1, 1, 0.7853981633974483, 1.4142135623730951
365, 18, 33, 279, 32, 280, 1, -1, -0.7853981633974483, 1.4142135623730951
365, 25, 424, 293, 423, 295, 1, -2, -1.1071487177940904, 2.23606797749979
365, 31, 453, 164, 452, 168, 1, -4, -1.3258176636680326, 4.123105625617661
365, 45, 259, 397, 258, 398, 1, -1, -0.7853981633974483, 1.4142135623730951
365, 53, 422, 258, 422, 260, 0, -2, -1.5707963267948966, 2.0
365, 54, 234, 307, 237, 308, -3, -1, -2.819842099193151, 3.1622776601683795
365, 58, 70, 354, 69, 355, 1, -1, -0.7853981633974483, 1.4142135623730951
365, 59, 55, 187, 54, 188, 1, -1, -0.7853981633974483, 1.4142135623730951
365, 62, 6, 260, 4, 261, 2, -1, -0.4636476090008061, 2.23606797749979
365, 65, 273, 343, 275, 343, -2, 0, 3.141592653589793, 2.0
365, 69, 444, 229, 444, 231, 0, -2, -1.5707963267948966, 2.0
365, 71, 390, 281, 393, 282, -3, -1, -2.819842099193151, 3.1622776601683795
365, 78, 226, 397, 225, 398, 1, -1, -0.7853981633974483, 1.4142135623730951
366, 3, 496, 140, 494, 141, 2, -1, -0.4636476090008061, 2.23606797749979
366, 8, 30, 328, 29, 329, 1, -1, -0.7853981633974483, 1.4142135623730951
366, 26, 246, 282, 250, 280, -4, 2, 2.677945044588987, 4.47213595499958
366, 30, 453, 160, 453, 164, 0, -4, -1.5707963267948966, 4.0
366, 37, 120, 362, 119, 363, 1, -1, -0.7853981633974483, 1.4142135623730951
366, 39, 15, 388, 14, 389, 1, -1, -0.7853981633974483, 1.4142135623730951
366, 44, 260, 396, 259, 397, 1, -1, -0.7853981633974483, 1.4142135623730951
366, 47, 106, 274, 105, 275, 1, -1, -0.7853981633974483, 1.4142135623730951
366, 51, 422, 256, 422, 258, 0, -2, -1.5707963267948966, 2.0
366, 52, 232, 307, 234, 307, -2, 0, 3.141592653589793, 2.0
366, 56, 71, 353, 70, 354, 1, -1, -0.7853981633974483, 1.4142135623730951
366, 66, 445, 227, 444, 229, 1, -2, -1.1071487177940904, 2.23606797749979
366, 68, 390, 278, 390, 281, 0, -3, -1.5707963267948966, 3.0
366, 71, 22, 362, 20, 362, 2, 0, 0.0, 2.0
366, 77, 394, 237, 396, 239, -2, -2, -2.356194490192345, 2.8284271247461903
367, 3, 498, 139, 496, 140, 2, -1, -0.4636476090008061, 2.23606797749979
367, 7, 10, 234, 9, 235, 1, -1, -0.7853981633974483, 1.4142135623730951
367, 30, 453, 157, 453, 160, 0, -3, -1.5707963267948966, 3.0
367, 37, 122, 361, 120, 362, 2, -1, -0.4636476090008061, 2.23606797749979
367, 39, 16, 387, 15, 388, 1, -1, -0.7853981633974483, 1.4142135623730951
367, 45, 110, 282, 109, 283, 1, -1, -0.7853981633974483, 1.4142135623730951
367, 51, 423, 253, 422, 256, 1, -3, -1.2490457723982544, 3.1622776601683795
367, 52, 339, 326, 337, 326, 2, 0, 0.0, 2.0
367, 66, 389, 274, 390, 278, -1, -4, -1.8157749899217608, 4.123105625617661
367, 69, 24, 361, 22, 362, 2, -1, -0.4636476090008061, 2.23606797749979
367, 75, 394, 235, 394, 237, 0, -2, -1.5707963267948966, 2.0
368, 3, 500, 138, 498, 139, 2, -1, -0.4636476090008061, 2.23606797749979
368, 22, 42, 306, 41, 307, 1, -1, -0.7853981633974483, 1.4142135623730951
368, 24, 25, 155, 23, 154, 2, 1, 0.4636476090008061, 2.23606797749979
368, 32, 128, 184, 127, 185, 1, -1, -0.7853981633974483, 1.4142135623730951
368, 37, 124, 361, 122, 361, 2, 0, 0.0, 2.0
368, 51, 423, 251, 423, 253, 0, -2, -1.5707963267948966, 2.0
368, 56, 58, 186, 57, 187, 1, -1, -0.7853981633974483, 1.4142135623730951
368, 57, 42, 351, 41, 352, 1, -1, -0.7853981633974483, 1.4142135623730951
368, 64, 446, 223, 445, 226, 1, -3, -1.2490457723982544, 3.1622776601683795
368, 66, 386, 273, 389, 274, -3, -1, -2.819842099193151, 3.1622776601683795
368, 69, 24, 359, 24, 361, 0, -2, -1.5707963267948966, 2.0
368, 75, 393, 232, 394, 235, -1, -3, -1.892546881191539, 3.1622776601683795
369, 3, 501, 137, 500, 138, 1, -1, -0.7853981633974483, 1.4142135623730951
369, 30, 452, 155, 453, 157, -1, -2, -2.0344439357957027, 2.23606797749979
369, 36, 126, 361, 124, 361, 2, 0, 0.0, 2.0
369, 39, 70, 212, 69, 213, 1, -1, -0.7853981633974483, 1.4142135623730951
369, 45, 231, 365, 230, 366, 1, -1, -0.7853981633974483, 1.4142135623730951
369, 46, 109, 275, 108, 274, 1, 1, 0.7853981633974483, 1.4142135623730951
369, 50, 423, 248, 423, 251, 0, -3, -1.5707963267948966, 3.0
369, 54, 59, 185, 58, 186, 1, -1, -0.7853981633974483, 1.4142135623730951
369, 56, 128, 389, 127, 390, 1, -1, -0.7853981633974483, 1.4142135623730951
369, 60, 447, 221, 446, 223, 1, -2, -1.1071487177940904, 2.23606797749979
369, 64, 25, 358, 24, 359, 1, -1, -0.7853981633974483, 1.4142135623730951
369, 65, 28, 255, 27, 256, 1, -1, -0.7853981633974483, 1.4142135623730951
369, 67, 101, 177, 99, 177, 2, 0, 0.0, 2.0
370, 5, 499, 141, 497, 141, 2, 0, 0.0, 2.0
370, 8, 57, 182, 56, 183, 1, -1, -0.7853981633974483, 1.4142135623730951
370, 15, 203, 271, 202, 272, 1, -1, -0.7853981633974483, 1.4142135623730951
370, 27, 29, 252, 28, 253, 1, -1, -0.7853981633974483, 1.4142135623730951
370, 35, 126, 362, 125, 363, 1, -1, -0.7853981633974483, 1.4142135623730951
370, 37, 14, 185, 13, 186, 1, -1, -0.7853981633974483, 1.4142135623730951
370, 47, 426, 252, 425, 255, 1, -3, -1.2490457723982544, 3.1622776601683795
370, 54, 229, 363, 228, 364, 1, -1, -0.7853981633974483, 1.4142135623730951
370, 55, 131, 290, 130, 289, 1, 1, 0.7853981633974483, 1.4142135623730951
370, 60, 451, 228, 451, 230, 0, -2, -1.5707963267948966, 2.0
370, 62, 235, 388, 234, 389, 1, -1, -0.7853981633974483, 1.4142135623730951
370, 68, 462, 164, 462, 166, 0, -2, -1.5707963267948966, 2.0
371, 5, 501, 141, 499, 141, 2, 0, 0.0, 2.0
371, 6, 11, 237, 10, 238, 1, -1, -0.7853981633974483, 1.4142135623730951
371, 21, 43, 308, 42, 309, 1, -1, -0.7853981633974483, 1.4142135623730951
371, 22, 189, 282, 188, 281, 1, 1, 0.7853981633974483, 1.4142135623730951
371, 23, 25, 156, 24, 155, 1, 1, 0.7853981633974483, 1.4142135623730951
371, 32, 342, 330, 341, 331, 1, -1, -0.7853981633974483, 1.4142135623730951
371, 34, 205, 364, 204, 365, 1, -1, -0.7853981633974483, 1.4142135623730951
371, 35, 128, 362, 126, 362, 2, 0, 0.0, 2.0
371, 43, 124, 212, 123, 213, 1, -1, -0.7853981633974483, 1.4142135623730951
371, 47, 427, 248, 426, 252, 1, -4, -1.3258176636680326, 4.123105625617661
371, 51, 198, 386, 197, 387, 1, -1, -0.7853981633974483, 1.4142135623730951
371, 54, 230, 362, 229, 363, 1, -1, -0.7853981633974483, 1.4142135623730951
371, 59, 6, 314, 5, 315, 1, -1, -0.7853981633974483, 1.4142135623730951
371, 60, 451, 226, 451, 228, 0, -2, -1.5707963267948966, 2.0
371, 63, 172, 321, 171, 322, 1, -1, -0.7853981633974483, 1.4142135623730951
371, 68, 463, 161, 462, 164, 1, -3, -1.2490457723982544, 3.1622776601683795
371, 76, 364, 322, 362, 323, 2, -1, -0.4636476090008061, 2.23606797749979
372, 23, 27, 156, 25, 156, 2, 0, 0.0, 2.0
372, 31, 343, 329, 342, 330, 1, -1, -0.7853981633974483, 1.4142135623730951
372, 34, 130, 361, 128, 362, 2, -1, -0.4636476090008061, 2.23606797749979
372, 40, 234, 396, 232, 397, 2, -1, -0.4636476090008061, 2.23606797749979
372, 41, 124, 210, 124, 212, 0, -2, -1.5707963267948966, 2.0
372, 45, 428, 247, 427, 248, 1, -1, -0.7853981633974483, 1.4142135623730951
372, 52, 232, 361, 230, 362, 2, -1, -0.4636476090008061, 2.23606797749979
372, 54, 263, 398, 262, 399, 1, -1, -0.7853981633974483, 1.4142135623730951
372, 56, 61, 333, 60, 334, 1, -1, -0.7853981633974483, 1.4142135623730951
372, 58, 450, 224, 451, 226, -1, -2, -2.0344439357957027, 2.23606797749979
372, 61, 174, 321, 172, 321, 2, 0, 0.0, 2.0
372, 66, 464, 158, 463, 161, 1, -3, -1.2490457723982544, 3.1622776601683795
372, 73, 366, 319, 364, 322, 2, -3, -0.982793723247329, 3.605551275463989
373, 5, 504, 141, 502, 141, 2, 0, 0.0, 2.0
373, 8, 60, 181, 59, 182, 1, -1, -0.7853981633974483, 1.4142135623730951
373, 12, 86, 210, 85, 211, 1, -1, -0.7853981633974483, 1.4142135623730951
373, 31, 344, 328, 343, 329, 1, -1, -0.7853981633974483, 1.4142135623730951
373, 34, 131, 362, 130, 361, 1, 1, 0.7853981633974483, 1.4142135623730951
373, 47, 199, 386, 198, 387, 1, -1, -0.7853981633974483, 1.4142135623730951
373, 50, 233, 360, 232, 361, 1, -1, -0.7853981633974483, 1.4142135623730951
373, 56, 450, 221, 450, 224, 0, -3, -1.5707963267948966, 3.0
373, 60, 103, 178, 101, 178, 2, 0, 0.0, 2.0
373, 62, 466, 155, 464, 158, 2, -3, -0.982793723247329, 3.605551275463989
373, 65, 130, 388, 128, 389, 2, -1, -0.4636476090008061, 2.23606797749979
373, 69, 367, 316, 366, 319, 1, -3, -1.2490457723982544, 3.1622776601683795
374, 5, 507, 141, 504, 141, 3, 0, 0.0, 3.0
374, 6, 13, 236, 12, 237, 1, -1, -0.7853981633974483, 1.4142135623730951
374, 8, 61, 180, 60, 181, 1, -1, -0.7853981633974483, 1.4142135623730951
374, 28, 128, 369, 127, 370, 1, -1, -0.7853981633974483, 1.4142135623730951
374, 40, 235, 395, 234, 396, 1, -1, -0.7853981633974483, 1.4142135623730951
374, 44, 48, 348, 47, 349, 1, -1, -0.7853981633974483, 1.4142135623730951
374, 52, 264, 396, 263, 397, 1, -1, -0.7853981633974483, 1.4142135623730951
374, 55, 2, 313, 5, 314, -3, -1, -2.819842099193151, 3.1622776601683795
374, 56, 450, 219, 450, 221, 0, -2, -1.5707963267948966, 2.0
374, 62, 467, 153, 466, 155, 1, -2, -1.1071487177940904, 2.23606797749979
374, 65, 131, 387, 130, 388, 1, -1, -0.7853981633974483, 1.4142135623730951
374, 66, 161, 270, 160, 271, 1, -1, -0.7853981633974483, 1.4142135623730951
374, 69, 368, 314, 367, 316, 1, -2, -1.1071487177940904, 2.23606797749979
374, 70, 324, 353, 323, 354, 1, -1, -0.7853981633974483, 1.4142135623730951
375, 2, 506, 141, 504, 141, 2, 0, 0.0, 2.0
375, 14, 30, 156, 28, 156, 2, 0, 0.0, 2.0
375, 19, 234, 393, 233, 394, 1, -1, -0.7853981633974483, 1.4142135623730951
375, 26, 424, 294, 423, 297, 1, -3, -1.2490457723982544, 3.1622776601683795
375, 33, 18, 185, 17, 186, 1, -1, -0.7853981633974483, 1.4142135623730951
375, 34, 466, 158, 466, 161, 0, -3, -1.5707963267948966, 3.0
375, 40, 430, 253, 430, 255, 0, -2, -1.5707963267948966, 2.0
375, 52, 461, 151, 459, 153, 2, -2, -0.7853981633974483, 2.8284271247461903
375, 55, 340, 329, 339, 330, 1, -1, -0.7853981633974483, 1.4142135623730951
375, 56, 450, 220, 449, 222, 1, -2, -1.1071487177940904, 2.23606797749979
375, 57, 406, 233, 406, 235, 0, -2, -1.5707963267948966, 2.0
376, 2, 508, 141, 506, 141, 2, 0, 0.0, 2.0
376, 14, 21, 256, 20, 257, 1, -1, -0.7853981633974483, 1.4142135623730951
376, 25, 426, 291, 424, 294, 2, -3, -0.982793723247329, 3.605551275463989
376, 32, 467, 156, 466, 158, 1, -2, -1.1071487177940904, 2.23606797749979
376, 35, 32, 212, 31, 213, 1, -1, -0.7853981633974483, 1.4142135623730951
376, 38, 431, 251, 430, 253, 1, -2, -1.1071487177940904, 2.23606797749979
376, 39, 136, 365, 135, 364, 1, 1, 0.7853981633974483, 1.4142135623730951
376, 41, 326, 355, 325, 356, 1, -1, -0.7853981633974483, 1.4142135623730951
376, 48, 454, 157, 453, 160, 1, -3, -1.2490457723982544, 3.1622776601683795
376, 50, 463, 150, 461, 151, 2, -1, -0.4636476090008061, 2.23606797749979
376, 53, 341, 328, 340, 329, 1, -1, -0.7853981633974483, 1.4142135623730951
376, 54, 450, 218, 450, 220, 0, -2, -1.5707963267948966, 2.0
376, 55, 407, 231, 406, 233, 1, -2, -1.1071487177940904, 2.23606797749979
377, 1, 510, 141, 508, 141, 2, 0, 0.0, 2.0
377, 11, 33, 156, 31, 156, 2, 0, 0.0, 2.0
377, 23, 426, 289, 426, 291, 0, -2, -1.5707963267948966, 2.0
377, 30, 467, 154, 467, 156, 0, -2, -1.5707963267948966, 2.0
377, 34, 24, 355, 23, 354, 1, 1, 0.7853981633974483, 1.4142135623730951
377, 36, 431, 249, 431, 251, 0, -2, -1.5707963267948966, 2.0
377, 39, 327, 353, 326, 355, 1, -2, -1.1071487177940904, 2.23606797749979
377, 41, 71, 308, 70, 309, 1, -1, -0.7853981633974483, 1.4142135623730951
377, 46, 455, 154, 454, 157, 1, -3, -1.2490457723982544, 3.1622776601683795
377, 51, 342, 327, 341, 328, 1, -1, -0.7853981633974483, 1.4142135623730951
377, 52, 450, 216, 450, 218, 0, -2, -1.5707963267948966, 2.0
377, 53, 408, 229, 407, 231, 1, -2, -1.1071487177940904, 2.23606797749979
378, 0, 207, 297, 208, 295, -1, 2, 2.0344439357957027, 2.23606797749979
378, 1, 512, 142, 510, 141, 2, 1, 0.4636476090008061, 2.23606797749979
378, 19, 256, 302, 258, 303, -2, -1, -2.677945044588987, 2.23606797749979
378, 21, 426, 287, 426, 289, 0, -2, -1.5707963267948966, 2.0
378, 24, 45, 307, 44, 308, 1, -1, -0.7853981633974483, 1.4142135623730951
378, 28, 467, 151, 467, 154, 0, -3, -1.5707963267948966, 3.0
378, 31, 33, 211, 32, 212, 1, -1, -0.7853981633974483, 1.4142135623730951
378, 34, 432, 247, 431, 249, 1, -2, -1.1071487177940904, 2.23606797749979
378, 44, 454, 152, 455, 154, -1, -2, -2.0344439357957027, 2.23606797749979
378, 49, 343, 326, 342, 327, 1, -1, -0.7853981633974483, 1.4142135623730951
378, 50, 450, 214, 450, 216, 0, -2, -1.5707963267948966, 2.0
378, 51, 409, 228, 408, 229, 1, -1, -0.7853981633974483, 1.4142135623730951
379, 4, 14, 235, 13, 236, 1, -1, -0.7853981633974483, 1.4142135623730951
379, 12, 237, 392, 236, 393, 1, -1, -0.7853981633974483, 1.4142135623730951
379, 18, 427, 286, 426, 287, 1, -1, -0.7853981633974483, 1.4142135623730951
379, 23, 70, 350, 72, 351, -2, -1, -2.677945044588987, 2.23606797749979
379, 25, 467, 147, 467, 151, 0, -4, -1.5707963267948966, 4.0
379, 29, 26, 356, 25, 355, 1, 1, 0.7853981633974483, 1.4142135623730951
379, 31, 433, 245, 432, 247, 1, -2, -1.1071487177940904, 2.23606797749979
379, 41, 454, 149, 454, 152, 0, -3, -1.5707963267948966, 3.0
379, 43, 465, 147, 464, 149, 1, -2, -1.1071487177940904, 2.23606797749979
379, 45, 344, 325, 343, 326, 1, -1, -0.7853981633974483, 1.4142135623730951
379, 46, 450, 211, 450, 214, 0, -3, -1.5707963267948966, 3.0
379, 47, 409, 226, 409, 228, 0, -2, -1.5707963267948966, 2.0
380, 3, 512, 144, 510, 143, 2, 1, 0.4636476090008061, 2.23606797749979
380, 9, 62, 184, 60, 184, 2, 0, 0.0, 2.0
380, 27, 458, 153, 457, 154, 1, -1, -0.7853981633974483, 1.4142135623730951
380, 30, 331, 353, 330, 354, 1, -1, -0.7853981633974483, 1.4142135623730951
380, 33, 434, 277, 433, 280, 1, -3, -1.2490457723982544, 3.1622776601683795
380, 34, 130, 395, 129, 396, 1, -1, -0.7853981633974483, 1.4142135623730951
380, 36, 191, 411, 190, 412, 1, -1, -0.7853981633974483, 1.4142135623730951
380, 47, 366, 351, 364, 353, 2, -2, -0.7853981633974483, 2.8284271247461903
380, 49, 6, 260, 5, 262, 1, -2, -1.1071487177940904, 2.23606797749979
380, 62, 433, 247, 433, 250, 0, -3, -1.5707963267948966, 3.0
380, 67, 468, 154, 468, 156, 0, -2, -1.5707963267948966, 2.0
380, 72, 70, 183, 69, 182, 1, 1, 0.7853981633974483, 1.4142135623730951
380, 75, 347, 331, 346, 332, 1, -1, -0.7853981633974483, 1.4142135623730951
381, 8, 63, 183, 62, 184, 1, -1, -0.7853981633974483, 1.4142135623730951
381, 17, 76, 210, 75, 209, 1, 1, 0.7853981633974483, 1.4142135623730951
381, 32, 434, 275, 434, 277, 0, -2, -1.5707963267948966, 2.0
381, 35, 192, 410, 191, 411, 1, -1, -0.7853981633974483, 1.4142135623730951
381, 46, 368, 350, 366, 351, 2, -1, -0.4636476090008061, 2.23606797749979
381, 60, 433, 244, 433, 247, 0, -3, -1.5707963267948966, 3.0
381, 65, 468, 152, 468, 154, 0, -2, -1.5707963267948966, 2.0
381, 68, 10, 363, 9, 364, 1, -1, -0.7853981633974483, 1.4142135623730951
381, 72, 110, 180, 108, 180, 2, 0, 0.0, 2.0
381, 73, 348, 330, 347, 331, 1, -1, -0.7853981633974483, 1.4142135623730951
382, 2, 515, 146, 513, 144, 2, 2, 0.7853981633974483, 2.8284271247461903
382, 8, 65, 183, 63, 183, 2, 0, 0.0, 2.0
382, 11, 20, 258, 21, 257, -1, 1, 2.356194490192345, 1.4142135623730951
382, 14, 93, 213, 92, 214, 1, -1, -0.7853981633974483, 1.4142135623730951
382, 17, 77, 211, 76, 210, 1, 1, 0.7853981633974483, 1.4142135623730951
382, 21, 78, 241, 77, 242, 1, -1, -0.7853981633974483, 1.4142135623730951
382, 25, 460, 151, 459, 153, 1, -2, -1.1071487177940904, 2.23606797749979
382, 27, 332, 351, 331, 352, 1, -1, -0.7853981633974483, 1.4142135623730951
382, 30, 434, 273, 434, 275, 0, -2, -1.5707963267948966, 2.0
382, 35, 118, 204, 117, 203, 1, 1, 0.7853981633974483, 1.4142135623730951
382, 38, 133, 267, 133, 269, 0, -2, -1.5707963267948966, 2.0
382, 44, 370, 349, 368, 350, 2, -1, -0.4636476090008061, 2.23606797749979
382, 46, 7, 258, 6, 259, 1, -1, -0.7853981633974483, 1.4142135623730951
382, 54, 10, 316, 8, 318, 2, -2, -0.7853981633974483, 2.8284271247461903
382, 57, 435, 243, 433, 244, 2, -1, -0.4636476090008061, 2.23606797749979
382, 59, 111, 366, 110, 367, 1, -1, -0.7853981633974483, 1.4142135623730951
382, 62, 469, 150, 468, 152, 1, -2, -1.1071487177940904, 2.23606797749979
382, 70, 349, 329, 348, 330, 1, -1, -0.7853981633974483, 1.4142135623730951
383, 2, 519, 148, 515, 146, 4, 2, 0.4636476090008061, 4.47213595499958
383, 8, 66, 182, 65, 183, 1, -1, -0.7853981633974483, 1.4142135623730951
383, 9, 39, 158, 37, 158, 2, 0, 0.0, 2.0
383, 10, 260, 303, 259, 304, 1, -1, -0.7853981633974483, 1.4142135623730951
383, 27, 333, 350, 332, 351, 1, -1, -0.7853981633974483, 1.4142135623730951
383, 31, 155, 329, 154, 328, 1, 1, 0.7853981633974483, 1.4142135623730951
383, 43, 371, 347, 370, 349, 1, -2, -1.1071487177940904, 2.23606797749979
383, 50, 206, 391, 205, 390, 1, 1, 0.7853981633974483, 1.4142135623730951
383, 52, 57, 214, 55, 213, 2, 1, 0.4636476090008061, 2.23606797749979
383, 53, 10, 314, 10, 316, 0, -2, -1.5707963267948966, 2.0
383, 55, 26, 358, 27, 357, -1, 1, 2.356194490192345, 1.4142135623730951
383, 56, 436, 240, 435, 243, 1, -3, -1.2490457723982544, 3.1622776601683795
383, 61, 471, 148, 469, 150, 2, -2, -0.7853981633974483, 2.8284271247461903
383, 62, 305, 289, 306, 288, -1, 1, 2.356194490192345, 1.4142135623730951
383, 66, 73, 184, 72, 183, 1, 1, 0.7853981633974483, 1.4142135623730951
383, 69, 350, 328, 349, 329, 1, -1, -0.7853981633974483, 1.4142135623730951
383, 73, 9, 258, 11, 259, -2, -1, -2.677945044588987, 2.23606797749979
384, 9, 41, 158, 39, 158, 2, 0, 0.0, 2.0
384, 17, 78, 212, 77, 211, 1, 1, 0.7853981633974483, 1.4142135623730951
384, 21, 79, 239, 78, 240, 1, -1, -0.7853981633974483, 1.4142135623730951
384, 23, 138, 370, 136, 372, 2, -2, -0.7853981633974483, 2.8284271247461903
384, 26, 115, 281, 113, 282, 2, -1, -0.4636476090008061, 2.23606797749979
384, 30, 133, 394, 132, 395, 1, -1, -0.7853981633974483, 1.4142135623730951
384, 35, 264, 364, 263, 365, 1, -1, -0.7853981633974483, 1.4142135623730951
384, 36, 237, 287, 236, 288, 1, -1, -0.7853981633974483, 1.4142135623730951
384, 43, 372, 345, 371, 347, 1, -2, -1.1071487177940904, 2.23606797749979
384, 44, 6, 400, 5, 401, 1, -1, -0.7853981633974483, 1.4142135623730951
384, 50, 207, 390, 206, 391, 1, -1, -0.7853981633974483, 1.4142135623730951
384, 53, 9, 317, 10, 314, -1, 3, 1.892546881191539, 3.1622776601683795
384, 56, 437, 237, 436, 240, 1, -3, -1.2490457723982544, 3.1622776601683795
384, 61, 472, 146, 471, 148, 1, -2, -1.1071487177940904, 2.23606797749979
384, 68, 111, 181, 110, 180, 1, 1, 0.7853981633974483, 1.4142135623730951
384, 69, 352, 327, 350, 328, 2, -1, -0.4636476090008061, 2.23606797749979
384, 70, 176, 329, 173, 330, 3, -1, -0.3217505543966422, 3.1622776601683795
384, 71, 163, 350, 162, 351, 1, -1, -0.7853981633974483, 1.4142135623730951
384, 73, 10, 257, 9, 258, 1, -1, -0.7853981633974483, 1.4142135623730951
385, 2, 517, 148, 516, 147, 1, 1, 0.7853981633974483, 1.4142135623730951
385, 19, 134, 395, 133, 396, 1, -1, -0.7853981633974483, 1.4142135623730951
385, 25, 405, 223, 404, 225, 1, -2, -1.1071487177940904, 2.23606797749979
385, 27, 37, 256, 36, 257, 1, -1, -0.7853981633974483, 1.4142135623730951
385, 32, 373, 346, 372, 349, 1, -3, -1.2490457723982544, 3.1622776601683795
385, 35, 402, 256, 399, 260, 3, -4, -0.9272952180016122, 5.0
385, 36, 118, 277, 117, 278, 1, -1, -0.7853981633974483, 1.4142135623730951
385, 38, 457, 209, 456, 212, 1, -3, -1.2490457723982544, 3.1622776601683795
385, 49, 111, 186, 110, 187, 1, -1, -0.7853981633974483, 1.4142135623730951
385, 55, 439, 179, 437, 181, 2, -2, -0.7853981633974483, 2.8284271247461903
385, 57, 139, 390, 138, 391, 1, -1, -0.7853981633974483, 1.4142135623730951
385, 61, 373, 294, 371, 298, 2, -4, -1.1071487177940904, 4.47213595499958
385, 66, 202, 402, 201, 401, 1, 1, 0.7853981633974483, 1.4142135623730951
385, 68, 465, 154, 465, 157, 0, -3, -1.5707963267948966, 3.0
385, 71, 150, 249, 151, 251, -1, -2, -2.0344439357957027, 2.23606797749979
385, 78, 166, 213, 164, 213, 2, 0, 0.0, 2.0
385, 80, 341, 351, 339, 352, 2, -1, -0.4636476090008061, 2.23606797749979
385, 85, 111, 320, 109, 320, 2, 0, 0.0, 2.0
385, 87, 470, 144, 468, 146, 2, -2, -0.7853981633974483, 2.8284271247461903
385, 88, 52, 354, 51, 355, 1, -1, -0.7853981633974483, 1.4142135623730951
385, 96, 175, 323, 174, 324, 1, -1, -0.7853981633974483, 1.4142135623730951
385, 101, 195, 258, 193, 258, 2, 0, 0.0, 2.0
386, 1, 519, 148, 517, 148, 2, 0, 0.0, 2.0
386, 3, 244, 310, 246, 309, -2, 1, 2.677945044588987, 2.23606797749979
386, 18, 135, 394, 134, 395, 1, -1, -0.7853981633974483, 1.4142135623730951
386, 30, 59, 212, 58, 211, 1, 1, 0.7853981633974483, 1.4142135623730951
386, 31, 375, 345, 373, 346, 2, -1, -0.4636476090008061, 2.23606797749979
386, 33, 27, 364, 26, 365, 1, -1, -0.7853981633974483, 1.4142135623730951
386, 34, 405, 254, 402, 256, 3, -2, -0.5880026035475675, 3.605551275463989
386, 37, 457, 207, 457, 209, 0, -2, -1.5707963267948966, 2.0
386, 52, 216, 244, 215, 245, 1, -1, -0.7853981633974483, 1.4142135623730951
386, 53, 441, 177, 439, 179, 2, -2, -0.7853981633974483, 2.8284271247461903
386, 59, 376, 291, 373, 294, 3, -3, -0.7853981633974483, 4.242640687119285
386, 65, 99, 263, 101, 264, -2, -1, -2.677945044588987, 2.23606797749979
386, 66, 466, 151, 465, 154, 1, -3, -1.2490457723982544, 3.1622776601683795
386, 69, 151, 250, 150, 249, 1, 1, 0.7853981633974483, 1.4142135623730951
386, 76, 167, 212, 166, 213, 1, -1, -0.7853981633974483, 1.4142135623730951
386, 82, 30, 390, 28, 390, 2, 0, 0.0, 2.0
386, 85, 471, 142, 470, 144, 1, -2, -1.1071487177940904, 2.23606797749979
386, 94, 176, 322, 175, 323, 1, -1, -0.7853981633974483, 1.4142135623730951
386, 96, 171, 229, 170, 228, 1, 1, 0.7853981633974483, 1.4142135623730951
386, 98, 196, 259, 195, 258, 1, 1, 0.7853981633974483, 1.4142135623730951
387, 15, 196, 411, 195, 412, 1, -1, -0.7853981633974483, 1.4142135623730951
387, 16, 42, 159, 40, 159, 2, 0, 0.0, 2.0
387, 31, 376, 343, 375, 345, 1, -2, -1.1071487177940904, 2.23606797749979
387, 32, 209, 391, 208, 390, 1, 1, 0.7853981633974483, 1.4142135623730951
387, 37, 457, 205, 457, 207, 0, -2, -1.5707963267948966, 2.0
387, 45, 243, 395, 242, 396, 1, -1, -0.7853981633974483, 1.4142135623730951
387, 51, 443, 176, 441, 177, 2, -1, -0.4636476090008061, 2.23606797749979
387, 53, 140, 389, 139, 390, 1, -1, -0.7853981633974483, 1.4142135623730951
387, 57, 377, 292, 376, 291, 1, 1, 0.7853981633974483, 1.4142135623730951
387, 61, 211, 330, 212, 329, -1, 1, 2.356194490192345, 1.4142135623730951
387, 64, 468, 149, 466, 151, 2, -2, -0.7853981633974483, 2.8284271247461903
387, 73, 441, 187, 439, 189, 2, -2, -0.7853981633974483, 2.8284271247461903
387, 80, 31, 391, 30, 390, 1, 1, 0.7853981633974483, 1.4142135623730951
387, 83, 472, 141, 471, 142, 1, -1, -0.7853981633974483, 1.4142135623730951
387, 84, 53, 353, 52, 354, 1, -1, -0.7853981633974483, 1.4142135623730951
388, 1, 522, 150, 520, 148, 2, 2, 0.7853981633974483, 2.8284271247461903
388, 31, 376, 341, 376, 343, 0, -2, -1.5707963267948966, 2.0
388, 32, 210, 390, 209, 391, 1, -1, -0.7853981633974483, 1.4142135623730951
388, 37, 457, 202, 457, 205, 0, -3, -1.5707963267948966, 3.0
388, 39, 75, 307, 74, 308, 1, -1, -0.7853981633974483, 1.4142135623730951
388, 54, 194, 330, 193, 331, 1, -1, -0.7853981633974483, 1.4142135623730951
388, 59, 128, 210, 130, 211, -2, -1, -2.677945044588987, 2.23606797749979
388, 60, 210, 331, 211, 330, -1, 1, 2.356194490192345, 1.4142135623730951
388, 63, 471, 148, 468, 149, 3, -1, -0.3217505543966422, 3.1622776601683795
388, 71, 442, 185, 441, 187, 1, -2, -1.1071487177940904, 2.23606797749979
388, 72, 166, 209, 167, 211, -1, -2, -2.0344439357957027, 2.23606797749979
388, 81, 475, 138, 472, 141, 3, -3, -0.7853981633974483, 4.242640687119285
389, 23, 407, 218, 405, 221, 2, -3, -0.982793723247329, 3.605551275463989
389, 30, 376, 339, 376, 341, 0, -2, -1.5707963267948966, 2.0
389, 33, 408, 255, 407, 254, 1, 1, 0.7853981633974483, 1.4142135623730951
389, 36, 457, 200, 457, 202, 0, -2, -1.5707963267948966, 2.0
389, 40, 138, 182, 137, 183, 1, -1, -0.7853981633974483, 1.4142135623730951
389, 44, 244, 393, 243, 394, 1, -1, -0.7853981633974483, 1.4142135623730951
389, 57, 208, 331, 210, 331, -2, 0, 3.141592653589793, 2.0
389, 60, 472, 147, 471, 148, 1, -1, -0.7853981633974483, 1.4142135623730951
389, 68, 443, 183, 442, 185, 1, -2, -1.1071487177940904, 2.23606797749979
389, 76, 477, 137, 475, 138, 2, -1, -0.4636476090008061, 2.23606797749979
389, 77, 54, 352, 53, 353, 1, -1, -0.7853981633974483, 1.4142135623730951
390, 6, 522, 151, 521, 150, 1, 1, 0.7853981633974483, 1.4142135623730951
390, 7, 77, 212, 79, 213, -2, -1, -2.677945044588987, 2.23606797749979
390, 46, 171, 404, 170, 405, 1, -1, -0.7853981633974483, 1.4142135623730951
390, 61, 244, 396, 243, 397, 1, -1, -0.7853981633974483, 1.4142135623730951
390, 64, 435, 267, 433, 270, 2, -3, -0.982793723247329, 3.605551275463989
390, 71, 375, 342, 374, 345, 1, -3, -1.2490457723982544, 3.1622776601683795
390, 76, 456, 205, 457, 209, -1, -4, -1.8157749899217608, 4.123105625617661
390, 80, 192, 358, 191, 359, 1, -1, -0.7853981633974483, 1.4142135623730951
390, 86, 102, 236, 101, 237, 1, -1, -0.7853981633974483, 1.4142135623730951
391, 6, 524, 151, 522, 151, 2, 0, 0.0, 2.0
391, 7, 76, 213, 77, 212, -1, 1, 2.356194490192345, 1.4142135623730951
391, 8, 75, 185, 73, 187, 2, -2, -0.7853981633974483, 2.8284271247461903
391, 11, 145, 339, 146, 341, -1, -2, -2.0344439357957027, 2.23606797749979
391, 13, 207, 309, 207, 312, 0, -3, -1.5707963267948966, 3.0
391, 16, 198, 314, 198, 316, 0, -2, -1.5707963267948966, 2.0
391, 33, 139, 183, 138, 184, 1, -1, -0.7853981633974483, 1.4142135623730951
391, 38, 167, 207, 168, 209, -1, -2, -2.0344439357957027, 2.23606797749979
391, 54, 405, 305, 408, 309, -3, -4, -2.214297435588181, 5.0
391, 60, 245, 395, 244, 396, 1, -1, -0.7853981633974483, 1.4142135623730951
391, 61, 326, 382, 324, 382, 2, 0, 0.0, 2.0
391, 63, 437, 265, 435, 267, 2, -2, -0.7853981633974483, 2.8284271247461903
391, 74, 456, 202, 456, 205, 0, -3, -1.5707963267948966, 3.0
391, 77, 111, 322, 113, 322, -2, 0, 3.141592653589793, 2.0
391, 80, 30, 188, 28, 189, 2, -1, -0.4636476090008061, 2.23606797749979
391, 82, 403, 255, 405, 255, -2, 0, 3.141592653589793, 2.0
392, 6, 525, 153, 524, 151, 1, 2, 1.1071487177940904, 2.23606797749979
392, 31, 75, 309, 74, 310, 1, -1, -0.7853981633974483, 1.4142135623730951
392, 41, 118, 366, 117, 367, 1, -1, -0.7853981633974483, 1.4142135623730951
392, 52, 406, 301, 405, 305, 1, -4, -1.3258176636680326, 4.123105625617661
392, 56, 122, 322, 121, 323, 1, -1, -0.7853981633974483, 1.4142135623730951
392, 57, 11, 317, 12, 316, -1, 1, 2.356194490192345, 1.4142135623730951
392, 59, 329, 381, 326, 382, 3, -1, -0.3217505543966422, 3.1622776601683795
392, 61, 438, 262, 437, 265, 1, -3, -1.2490457723982544, 3.1622776601683795
392, 62, 376, 293, 376, 295, 0, -2, -1.5707963267948966, 2.0
392, 65, 332, 373, 333, 372, -1, 1, 2.356194490192345, 1.4142135623730951
392, 68, 374, 338, 375, 341, -1, -3, -1.892546881191539, 3.1622776601683795
392, 72, 456, 200, 456, 202, 0, -2, -1.5707963267948966, 2.0
392, 75, 109, 322, 111, 322, -2, 0, 3.141592653589793, 2.0
392, 77, 340, 352, 339, 353, 1, -1, -0.7853981633974483, 1.4142135623730951
392, 78, 31, 187, 30, 188, 1, -1, -0.7853981633974483, 1.4142135623730951
392, 84, 37, 214, 36, 215, 1, -1, -0.7853981633974483, 1.4142135623730951
393, 6, 526, 154, 525, 153, 1, 1, 0.7853981633974483, 1.4142135623730951
393, 29, 142, 397, 140, 397, 2, 0, 0.0, 2.0
393, 42, 237, 241, 236, 242, 1, -1, -0.7853981633974483, 1.4142135623730951
393, 47, 82, 356, 81, 357, 1, -1, -0.7853981633974483, 1.4142135623730951
393, 50, 185, 208, 184, 209, 1, -1, -0.7853981633974483, 1.4142135623730951
393, 52, 406, 298, 406, 301, 0, -3, -1.5707963267948966, 3.0
393, 58, 247, 394, 246, 395, 1, -1, -0.7853981633974483, 1.4142135623730951
393, 59, 331, 380, 329, 381, 2, -1, -0.4636476090008061, 2.23606797749979
393, 61, 439, 261, 438, 262, 1, -1, -0.7853981633974483, 1.4142135623730951
393, 62, 376, 290, 376, 293, 0, -3, -1.5707963267948966, 3.0
393, 63, 44, 207, 42, 208, 2, -1, -0.4636476090008061, 2.23606797749979
393, 68, 374, 336, 374, 338, 0, -2, -1.5707963267948966, 2.0
393, 72, 456, 198, 456, 200, 0, -2, -1.5707963267948966, 2.0
393, 78, 32, 186, 31, 187, 1, -1, -0.7853981633974483, 1.4142135623730951
394, 2, 24, 235, 23, 236, 1, -1, -0.7853981633974483, 1.4142135623730951
394, 4, 40, 331, 39, 332, 1, -1, -0.7853981633974483, 1.4142135623730951
394, 5, 528, 156, 526, 154, 2, 2, 0.7853981633974483, 2.8284271247461903
394, 7, 78, 186, 77, 185, 1, 1, 0.7853981633974483, 1.4142135623730951
394, 19, 145, 373, 144, 374, 1, -1, -0.7853981633974483, 1.4142135623730951
394, 23, 25, 365, 24, 366, 1, -1, -0.7853981633974483, 1.4142135623730951
394, 26, 12, 400, 11, 401, 1, -1, -0.7853981633974483, 1.4142135623730951
394, 34, 166, 208, 166, 206, 0, 2, 1.5707963267948966, 2.0
394, 38, 119, 364, 118, 365, 1, -1, -0.7853981633974483, 1.4142135623730951
394, 41, 57, 351, 56, 352, 1, -1, -0.7853981633974483, 1.4142135623730951
394, 46, 131, 352, 130, 353, 1, -1, -0.7853981633974483, 1.4142135623730951
394, 49, 405, 294, 406, 298, -1, -4, -1.8157749899217608, 4.123105625617661
394, 55, 248, 393, 247, 394, 1, -1, -0.7853981633974483, 1.4142135623730951
394, 56, 333, 379, 331, 380, 2, -1, -0.4636476090008061, 2.23606797749979
394, 59, 376, 288, 376, 290, 0, -2, -1.5707963267948966, 2.0
394, 65, 375, 334, 374, 336, 1, -2, -1.1071487177940904, 2.23606797749979
394, 69, 456, 196, 456, 198, 0, -2, -1.5707963267948966, 2.0
394, 73, 342, 349, 340, 351, 2, -2, -0.7853981633974483, 2.8284271247461903
395, 2, 527, 157, 526, 155, 1, 2, 1.1071487177940904, 2.23606797749979
395, 3, 143, 253, 142, 254, 1, -1, -0.7853981633974483, 1.4142135623730951
395, 17, 119, 368, 118, 367, 1, 1, 0.7853981633974483, 1.4142135623730951
395, 28, 484, 148, 482, 149, 2, -1, -0.4636476090008061, 2.23606797749979
395, 29, 33, 189, 32, 190, 1, -1, -0.7853981633974483, 1.4142135623730951
395, 31, 359, 320, 359, 322, 0, -2, -1.5707963267948966, 2.0
395, 35, 145, 373, 144, 374, 1, -1, -0.7853981633974483, 1.4142135623730951
395, 38, 437, 277, 435, 280, 2, -3, -0.982793723247329, 3.605551275463989
395, 42, 180, 330, 179, 331, 1, -1, -0.7853981633974483, 1.4142135623730951
395, 45, 459, 202, 459, 204, 0, -2, -1.5707963267948966, 2.0
395, 47, 57, 354, 56, 355, 1, -1, -0.7853981633974483, 1.4142135623730951
395, 49, 247, 396, 246, 397, 1, -1, -0.7853981633974483, 1.4142135623730951
395, 50, 474, 139, 473, 141, 1, -2, -1.1071487177940904, 2.23606797749979
395, 55, 443, 232, 442, 234, 1, -2, -1.1071487177940904, 2.23606797749979
395, 59, 377, 337, 375, 338, 2, -1, -0.4636476090008061, 2.23606797749979
395, 69, 119, 186, 118, 187, 1, -1, -0.7853981633974483, 1.4142135623730951
395, 79, 68, 267, 67, 268, 1, -1, -0.7853981633974483, 1.4142135623730951
396, 4, 43, 332, 42, 333, 1, -1, -0.7853981633974483, 1.4142135623730951
396, 7, 78, 218, 77, 219, 1, -1, -0.7853981633974483, 1.4142135623730951
396, 26, 185, 210, 184, 211, 1, -1, -0.7853981633974483, 1.4142135623730951
396, 28, 485, 147, 484, 148, 1, -1, -0.7853981633974483, 1.4142135623730951
396, 29, 34, 188, 33, 189, 1, -1, -0.7853981633974483, 1.4142135623730951
396, 35, 146, 372, 145, 373, 1, -1, -0.7853981633974483, 1.4142135623730951
396, 38, 438, 274, 437, 277, 1, -3, -1.2490457723982544, 3.1622776601683795
396, 45, 459, 200, 459, 202, 0, -2, -1.5707963267948966, 2.0
396, 50, 476, 138, 474, 139, 2, -1, -0.4636476090008061, 2.23606797749979
396, 58, 379, 335, 377, 337, 2, -2, -0.7853981633974483, 2.8284271247461903
396, 62, 214, 392, 213, 393, 1, -1, -0.7853981633974483, 1.4142135623730951
396, 65, 142, 182, 141, 183, 1, -1, -0.7853981633974483, 1.4142135623730951
396, 68, 120, 185, 119, 186, 1, -1, -0.7853981633974483, 1.4142135623730951
397, 2, 528, 160, 527, 158, 1, 2, 1.1071487177940904, 2.23606797749979
397, 8, 186, 226, 185, 227, 1, -1, -0.7853981633974483, 1.4142135623730951
397, 13, 81, 185, 80, 186, 1, -1, -0.7853981633974483, 1.4142135623730951
397, 22, 11, 263, 10, 264, 1, -1, -0.7853981633974483, 1.4142135623730951
397, 27, 35, 187, 34, 188, 1, -1, -0.7853981633974483, 1.4142135623730951
397, 29, 359, 317, 359, 319, 0, -2, -1.5707963267948966, 2.0
397, 36, 438, 271, 438, 274, 0, -3, -1.5707963267948966, 3.0
397, 43, 459, 198, 459, 200, 0, -2, -1.5707963267948966, 2.0
397, 49, 334, 373, 336, 374, -2, -1, -2.677945044588987, 2.23606797749979
397, 55, 380, 334, 379, 335, 1, -1, -0.7853981633974483, 1.4142135623730951
397, 56, 14, 400, 13, 401, 1, -1, -0.7853981633974483, 1.4142135623730951
397, 64, 121, 184, 120, 185, 1, -1, -0.7853981633974483, 1.4142135623730951
397, 70, 97, 348, 99, 348, -2, 0, 3.141592653589793, 2.0
398, 5, 36, 365, 35, 366, 1, -1, -0.7853981633974483, 1.4142135623730951
398, 8, 85, 242, 84, 241, 1, 1, 0.7853981633974483, 1.4142135623730951
398, 9, 24, 235, 23, 236, 1, -1, -0.7853981633974483, 1.4142135623730951
398, 13, 32, 391, 34, 391, -2, 0, 3.141592653589793, 2.0
398, 28, 359, 315, 359, 317, 0, -2, -1.5707963267948966, 2.0
398, 35, 438, 269, 438, 271, 0, -2, -1.5707963267948966, 2.0
398, 38, 51, 162, 49, 162, 2, 0, 0.0, 2.0
398, 42, 459, 196, 459, 198, 0, -2, -1.5707963267948966, 2.0
398, 45, 248, 393, 247, 394, 1, -1, -0.7853981633974483, 1.4142135623730951
398, 46, 479, 137, 477, 138, 2, -1, -0.4636476090008061, 2.23606797749979
398, 53, 382, 333, 380, 334, 2, -1, -0.4636476090008061, 2.23606797749979
398, 65, 150, 395, 148, 395, 2, 0, 0.0, 2.0
399, 1, 529, 162, 528, 161, 1, 1, 0.7853981633974483, 1.4142135623730951
399, 14, 123, 369, 122, 368, 1, 1, 0.7853981633974483, 1.4142135623730951
399, 24, 486, 144, 485, 145, 1, -1, -0.7853981633974483, 1.4142135623730951
399, 27, 359, 313, 359, 315, 0, -2, -1.5707963267948966, 2.0
399, 41, 460, 193, 459, 196, 1, -3, -1.2490457723982544, 3.1622776601683795
399, 56, 217, 391, 216, 392, 1, -1, -0.7853981633974483, 1.4142135623730951
399, 58, 143, 180, 142, 181, 1, -1, -0.7853981633974483, 1.4142135623730951
399, 60, 122, 182, 121, 183, 1, -1, -0.7853981633974483, 1.4142135623730951
399, 66, 98, 346, 97, 349, 1, -3, -1.2490457723982544, 3.1622776601683795
400, 3, 531, 161, 530, 160, 1, 1, 0.7853981633974483, 1.4142135623730951
400, 10, 32, 238, 31, 239, 1, -1, -0.7853981633974483, 1.4142135623730951
400, 19, 149, 374, 148, 375, 1, -1, -0.7853981633974483, 1.4142135623730951
400, 39, 438, 228, 438, 230, 0, -2, -1.5707963267948966, 2.0
400, 47, 205, 413, 204, 414, 1, -1, -0.7853981633974483, 1.4142135623730951
400, 48, 361, 320, 361, 322, 0, -2, -1.5707963267948966, 2.0
400, 49, 480, 147, 479, 148, 1, -1, -0.7853981633974483, 1.4142135623730951
400, 53, 36, 188, 35, 189, 1, -1, -0.7853981633974483, 1.4142135623730951
400, 60, 380, 333, 380, 335, 0, -2, -1.5707963267948966, 2.0
400, 68, 481, 139, 479, 139, 2, 0, 0.0, 2.0
400, 70, 343, 352, 342, 353, 1, -1, -0.7853981633974483, 1.4142135623730951
400, 71, 302, 310, 303, 309, -1, 1, 2.356194490192345, 1.4142135623730951
400, 72, 444, 261, 443, 264, 1, -3, -1.2490457723982544, 3.1622776601683795
400, 76, 462, 196, 461, 198, 1, -2, -1.1071487177940904, 2.23606797749979
400, 85, 214, 397, 211, 398, 3, -1, -0.3217505543966422, 3.1622776601683795
400, 87, 408, 248, 406, 252, 2, -4, -1.1071487177940904, 4.47213595499958
400, 100, 41, 319, 40, 318, 1, 1, 0.7853981633974483, 1.4142135623730951
400, 102, 378, 287, 377, 291, 1, -4, -1.3258176636680326, 4.123105625617661
400, 105, 147, 277, 146, 278, 1, -1, -0.7853981633974483, 1.4142135623730951
400, 111, 416, 299, 415, 303, 1, -4, -1.3258176636680326, 4.123105625617661
401, 3, 532, 162, 531, 161, 1, 1, 0.7853981633974483, 1.4142135623730951
401, 19, 150, 373, 149, 374, 1, -1, -0.7853981633974483, 1.4142135623730951
401, 20, 145, 182, 144, 183, 1, -1, -0.7853981633974483, 1.4142135623730951
401, 25, 249, 390, 248, 391, 1, -1, -0.7853981633974483, 1.4142135623730951
401, 46, 362, 318, 361, 320, 1, -2, -1.1071487177940904, 2.23606797749979
401, 47, 481, 145, 480, 147, 1, -2, -1.1071487177940904, 2.23606797749979
401, 51, 37, 187, 36, 188, 1, -1, -0.7853981633974483, 1.4142135623730951
401, 53, 146, 367, 144, 367, 2, 0, 0.0, 2.0
401, 58, 381, 332, 380, 333, 1, -1, -0.7853981633974483, 1.4142135623730951
401, 66, 483, 139, 481, 139, 2, 0, 0.0, 2.0
401, 67, 40, 258, 39, 259, 1, -1, -0.7853981633974483, 1.4142135623730951
401, 68, 344, 351, 343, 352, 1, -1, -0.7853981633974483, 1.4142135623730951
401, 70, 444, 259, 444, 261, 0, -2, -1.5707963267948966, 2.0
401, 74, 462, 194, 462, 196, 0, -2, -1.5707963267948966, 2.0
401, 78, 25, 243, 23, 243, 2, 0, 0.0, 2.0
401, 82, 217, 397, 214, 397, 3, 0, 0.0, 3.0
401, 84, 411, 247, 408, 248, 3, -1, -0.3217505543966422, 3.1622776601683795
401, 85, 219, 392, 218, 393, 1, -1, -0.7853981633974483, 1.4142135623730951
401, 93, 44, 389, 43, 390, 1, -1, -0.7853981633974483, 1.4142135623730951
401, 97, 42, 320, 41, 319, 1, 1, 0.7853981633974483, 1.4142135623730951
401, 99, 380, 285, 378, 287, 2, -2, -0.7853981633974483, 2.8284271247461903
401, 108, 416, 296, 416, 299, 0, -3, -1.5707963267948966, 3.0
402, 2, 533, 163, 532, 162, 1, 1, 0.7853981633974483, 1.4142135623730951
402, 3, 130, 211, 130, 213, 0, -2, -1.5707963267948966, 2.0
402, 9, 33, 237, 32, 238, 1, -1, -0.7853981633974483, 1.4142135623730951
402, 24, 250, 389, 249, 390, 1, -1, -0.7853981633974483, 1.4142135623730951
402, 35, 439, 225, 438, 227, 1, -2, -1.1071487177940904, 2.23606797749979
402, 44, 362, 316, 362, 318, 0, -2, -1.5707963267948966, 2.0
402, 46, 144, 297, 143, 298, 1, -1, -0.7853981633974483, 1.4142135623730951
402, 49, 38, 186, 37, 187, 1, -1, -0.7853981633974483, 1.4142135623730951
402, 51, 148, 367, 146, 367, 2, 0, 0.0, 2.0
402, 56, 382, 330, 381, 332, 1, -2, -1.1071487177940904, 2.23606797749979
402, 65, 41, 257, 40, 258, 1, -1, -0.7853981633974483, 1.4142135623730951
402, 66, 345, 350, 344, 351, 1, -1, -0.7853981633974483, 1.4142135623730951
402, 68, 445, 257, 444, 259, 1, -2, -1.1071487177940904, 2.23606797749979
402, 72, 462, 192, 462, 194, 0, -2, -1.5707963267948966, 2.0
402, 76, 26, 242, 25, 243, 1, -1, -0.7853981633974483, 1.4142135623730951
402, 80, 219, 396, 217, 397, 2, -1, -0.4636476090008061, 2.23606797749979
402, 90, 45, 388, 44, 389, 1, -1, -0.7853981633974483, 1.4142135623730951
402, 91, 124, 373, 123, 374, 1, -1, -0.7853981633974483, 1.4142135623730951
402, 92, 280, 347, 282, 347, -2, 0, 3.141592653589793, 2.0
402, 96, 382, 285, 380, 285, 2, 0, 0.0, 2.0
402, 105, 416, 293, 416, 296, 0, -3, -1.5707963267948966, 3.0
403, 2, 534, 165, 533, 163, 1, 2, 1.1071487177940904, 2.23606797749979
403, 18, 7, 280, 9, 280, -2, 0, 3.141592653589793, 2.0
403, 34, 249, 368, 248, 369, 1, -1, -0.7853981633974483, 1.4142135623730951
403, 40, 363, 315, 362, 316, 1, -1, -0.7853981633974483, 1.4142135623730951
403, 41, 483, 144, 482, 145, 1, -1, -0.7853981633974483, 1.4142135623730951
403, 47, 150, 366, 148, 367, 2, -1, -0.4636476090008061, 2.23606797749979
403, 51, 19, 368, 18, 370, 1, -2, -1.1071487177940904, 2.23606797749979
403, 52, 385, 329, 382, 330, 3, -1, -0.3217505543966422, 3.1622776601683795
403, 61, 43, 257, 41, 257, 2, 0, 0.0, 2.0
403, 62, 346, 349, 345, 350, 1, -1, -0.7853981633974483, 1.4142135623730951
403, 64, 444, 255, 445, 257, -1, -2, -2.0344439357957027, 2.23606797749979
403, 65, 119, 184, 118, 185, 1, -1, -0.7853981633974483, 1.4142135623730951
403, 68, 462, 190, 462, 192, 0, -2, -1.5707963267948966, 2.0
403, 73, 28, 259, 27, 260, 1, -1, -0.7853981633974483, 1.4142135623730951
403, 75, 220, 395, 219, 396, 1, -1, -0.7853981633974483, 1.4142135623730951
403, 85, 46, 387, 45, 388, 1, -1, -0.7853981633974483, 1.4142135623730951
403, 87, 278, 346, 280, 347, -2, -1, -2.677945044588987, 2.23606797749979
403, 89, 44, 321, 43, 320, 1, 1, 0.7853981633974483, 1.4142135623730951
403, 91, 381, 283, 382, 285, -1, -2, -2.0344439357957027, 2.23606797749979
403, 97, 107, 265, 108, 264, -1, 1, 2.356194490192345, 1.4142135623730951
403, 98, 116, 377, 115, 378, 1, -1, -0.7853981633974483, 1.4142135623730951
403, 99, 416, 290, 416, 293, 0, -3, -1.5707963267948966, 3.0
404, 2, 535, 166, 534, 165, 1, 1, 0.7853981633974483, 1.4142135623730951
404, 3, 129, 209, 131, 211, -2, -2, -2.356194490192345, 2.8284271247461903
404, 10, 87, 190, 86, 191, 1, -1, -0.7853981633974483, 1.4142135623730951
404, 13, 87, 181, 86, 182, 1, -1, -0.7853981633974483, 1.4142135623730951
404, 15, 152, 371, 151, 372, 1, -1, -0.7853981633974483, 1.4142135623730951
404, 17, 56, 163, 54, 163, 2, 0, 0.0, 2.0
404, 31, 440, 221, 439, 224, 1, -3, -1.2490457723982544, 3.1622776601683795
404, 40, 363, 313, 363, 315, 0, -2, -1.5707963267948966, 2.0
404, 42, 147, 297, 145, 297, 2, 0, 0.0, 2.0
404, 45, 40, 185, 39, 186, 1, -1, -0.7853981633974483, 1.4142135623730951
404, 47, 151, 365, 150, 366, 1, -1, -0.7853981633974483, 1.4142135623730951
404, 52, 389, 328, 385, 329, 4, -1, -0.24497866312686414, 4.123105625617661
404, 57, 258, 385, 257, 386, 1, -1, -0.7853981633974483, 1.4142135623730951
404, 60, 485, 139, 484, 140, 1, -1, -0.7853981633974483, 1.4142135623730951
404, 61, 45, 258, 43, 257, 2, 1, 0.4636476090008061, 2.23606797749979
404, 62, 347, 348, 346, 349, 1, -1, -0.7853981633974483, 1.4142135623730951
404, 64, 444, 253, 444, 255, 0, -2, -1.5707963267948966, 2.0
404, 65, 120, 183, 119, 184, 1, -1, -0.7853981633974483, 1.4142135623730951
404, 68, 462, 188, 462, 190, 0, -2, -1.5707963267948966, 2.0
404, 76, 125, 178, 124, 179, 1, -1, -0.7853981633974483, 1.4142135623730951
404, 86, 125, 372, 124, 373, 1, -1, -0.7853981633974483, 1.4142135623730951
404, 89, 43, 322, 44, 321, -1, 1, 2.356194490192345, 1.4142135623730951
404, 91, 382, 281, 381, 283, 1, -2, -1.1071487177940904, 2.23606797749979
404, 95, 145, 219, 145, 221, 0, -2, -1.5707963267948966, 2.0
404, 99, 416, 286, 416, 290, 0, -4, -1.5707963267948966, 4.0
405, 5, 534, 166, 533, 165, 1, 1, 0.7853981633974483, 1.4142135623730951
405, 18, 446, 256, 446, 258, 0, -2, -1.5707963267948966, 2.0
405, 28, 145, 298, 144, 296, 1, 2, 1.1071487177940904, 2.23606797749979
405, 33, 40, 188, 39, 189, 1, -1, -0.7853981633974483, 1.4142135623730951
405, 50, 151, 366, 149, 367, 2, -1, -0.4636476090008061, 2.23606797749979
405, 53, 388, 331, 386, 333, 2, -2, -0.7853981633974483, 2.8284271247461903
405, 61, 248, 220, 249, 222, -1, -2, -2.0344439357957027, 2.23606797749979
405, 65, 7, 348, 6, 349, 1, -1, -0.7853981633974483, 1.4142135623730951
405, 66, 445, 223, 445, 226, 0, -3, -1.5707963267948966, 3.0
405, 68, 362, 316, 362, 318, 0, -2, -1.5707963267948966, 2.0
405, 74, 244, 364, 243, 365, 1, -1, -0.7853981633974483, 1.4142135623730951
405, 76, 458, 192, 458, 194, 0, -2, -1.5707963267948966, 2.0
405, 85, 459, 160, 460, 162, -1, -2, -2.0344439357957027, 2.23606797749979
405, 86, 180, 323, 179, 324, 1, -1, -0.7853981633974483, 1.4142135623730951
405, 87, 420, 290, 420, 293, 0, -3, -1.5707963267948966, 3.0
406, 4, 30, 237, 29, 238, 1, -1, -0.7853981633974483, 1.4142135623730951
406, 5, 536, 168, 534, 166, 2, 2, 0.7853981633974483, 2.8284271247461903
406, 10, 89, 184, 88, 185, 1, -1, -0.7853981633974483, 1.4142135623730951
406, 18, 446, 254, 446, 256, 0, -2, -1.5707963267948966, 2.0
406, 26, 152, 399, 150, 399, 2, 0, 0.0, 2.0
406, 31, 37, 369, 36, 370, 1, -1, -0.7853981633974483, 1.4142135623730951
406, 32, 41, 187, 40, 188, 1, -1, -0.7853981633974483, 1.4142135623730951
406, 49, 153, 365, 151, 366, 2, -1, -0.4636476090008061, 2.23606797749979
406, 52, 389, 329, 388, 331, 1, -2, -1.1071487177940904, 2.23606797749979
406, 53, 455, 155, 454, 156, 1, -1, -0.7853981633974483, 1.4142135623730951
406, 57, 24, 370, 22, 371, 2, -1, -0.4636476090008061, 2.23606797749979
406, 64, 445, 221, 445, 223, 0, -2, -1.5707963267948966, 2.0
406, 65, 126, 181, 124, 182, 2, -1, -0.4636476090008061, 2.23606797749979
406, 66, 362, 314, 362, 316, 0, -2, -1.5707963267948966, 2.0
406, 72, 245, 363, 244, 364, 1, -1, -0.7853981633974483, 1.4142135623730951
406, 74, 458, 190, 458, 192, 0, -2, -1.5707963267948966, 2.0
406, 80, 77, 404, 76, 405, 1, -1, -0.7853981633974483, 1.4142135623730951
406, 82, 495, 136, 493, 137, 2, -1, -0.4636476090008061, 2.23606797749979
406, 83, 460, 157, 459, 160, 1, -3, -1.2490457723982544, 3.1622776601683795
406, 85, 420, 288, 420, 290, 0, -2, -1.5707963267948966, 2.0
407, 3, 538, 170, 536, 168, 2, 2, 0.7853981633974483, 2.8284271247461903
407, 15, 447, 252, 446, 254, 1, -2, -1.1071487177940904, 2.23606797749979
407, 30, 69, 214, 68, 215, 1, -1, -0.7853981633974483, 1.4142135623730951
407, 33, 60, 163, 58, 163, 2, 0, 0.0, 2.0
407, 45, 155, 364, 153, 365, 2, -1, -0.4636476090008061, 2.23606797749979
407, 48, 391, 327, 389, 329, 2, -2, -0.7853981633974483, 2.8284271247461903
407, 49, 455, 153, 455, 155, 0, -2, -1.5707963267948966, 2.0
407, 52, 26, 369, 24, 370, 2, -1, -0.4636476090008061, 2.23606797749979
407, 54, 18, 234, 19, 236, -1, -2, -2.0344439357957027, 2.23606797749979
407, 59, 445, 218, 445, 221, 0, -3, -1.5707963267948966, 3.0
407, 61, 362, 312, 362, 314, 0, -2, -1.5707963267948966, 2.0
407, 67, 246, 362, 245, 363, 1, -1, -0.7853981633974483, 1.4142135623730951
407, 68, 458, 187, 458, 190, 0, -3, -1.5707963267948966, 3.0
407, 75, 497, 135, 495, 136, 2, -1, -0.4636476090008061, 2.23606797749979
407, 76, 461, 154, 460, 157, 1, -3, -1.2490457723982544, 3.1622776601683795
408, 3, 539, 171, 538, 170, 1, 1, 0.7853981633974483, 1.4142135623730951
408, 12, 17, 280, 16, 281, 1, -1, -0.7853981633974483, 1.4142135623730951
408, 13, 180, 305, 179, 306, 1, -1, -0.7853981633974483, 1.4142135623730951
408, 14, 448, 249, 447, 252, 1, -3, -1.2490457723982544, 3.1622776601683795
408, 18, 274, 406, 273, 407, 1, -1, -0.7853981633974483, 1.4142135623730951
408, 22, 146, 300, 145, 299, 1, 1, 0.7853981633974483, 1.4142135623730951
408, 25, 152, 374, 151, 375, 1, -1, -0.7853981633974483, 1.4142135623730951
408, 36, 89, 191, 87, 191, 2, 0, 0.0, 2.0
408, 37, 125, 282, 124, 281, 1, 1, 0.7853981633974483, 1.4142135623730951
408, 44, 157, 363, 155, 364, 2, -1, -0.4636476090008061, 2.23606797749979
408, 47, 391, 325, 391, 327, 0, -2, -1.5707963267948966, 2.0
408, 48, 454, 150, 455, 153, -1, -3, -1.892546881191539, 3.1622776601683795
408, 56, 446, 216, 445, 218, 1, -2, -1.1071487177940904, 2.23606797749979
408, 65, 458, 185, 458, 187, 0, -2, -1.5707963267948966, 2.0
408, 73, 461, 151, 461, 154, 0, -3, -1.5707963267948966, 3.0
409, 3, 541, 173, 539, 171, 2, 2, 0.7853981633974483, 2.8284271247461903
409, 11, 302, 332, 301, 333, 1, -1, -0.7853981633974483, 1.4142135623730951
409, 20, 154, 398, 153, 399, 1, -1, -0.7853981633974483, 1.4142135623730951
409, 24, 154, 373, 152, 374, 2, -1, -0.4636476090008061, 2.23606797749979
409, 28, 69, 213, 68, 214, 1, -1, -0.7853981633974483, 1.4142135623730951
409, 30, 56, 309, 55, 310, 1, -1, -0.7853981633974483, 1.4142135623730951
409, 31, 63, 163, 61, 163, 2, 0, 0.0, 2.0
409, 42, 147, 180, 146, 181, 1, -1, -0.7853981633974483, 1.4142135623730951
409, 43, 160, 362, 157, 363, 3, -1, -0.3217505543966422, 3.1622776601683795
409, 46, 391, 323, 391, 325, 0, -2, -1.5707963267948966, 2.0
409, 47, 453, 147, 454, 150, -1, -3, -1.892546881191539, 3.1622776601683795
409, 51, 275, 367, 274, 368, 1, -1, -0.7853981633974483, 1.4142135623730951
409, 55, 447, 215, 446, 216, 1, -1, -0.7853981633974483, 1.4142135623730951
409, 56, 128, 180, 127, 181, 1, -1, -0.7853981633974483, 1.4142135623730951
409, 57, 362, 309, 362, 311, 0, -2, -1.5707963267948966, 2.0
409, 62, 248, 361, 247, 362, 1, -1, -0.7853981633974483, 1.4142135623730951
409, 63, 458, 183, 458, 185, 0, -2, -1.5707963267948966, 2.0
409, 68, 80, 403, 79, 404, 1, -1, -0.7853981633974483, 1.4142135623730951
409, 69, 500, 134, 498, 135, 2, -1, -0.4636476090008061, 2.23606797749979
409, 70, 460, 149, 461, 151, -1, -2, -2.0344439357957027, 2.23606797749979
409, 72, 423, 287, 420, 287, 3, 0, 0.0, 3.0
410, 2, 48, 333, 47, 334, 1, -1, -0.7853981633974483, 1.4142135623730951
410, 7, 540, 171, 539, 170, 1, 1, 0.7853981633974483, 1.4142135623730951
410, 36, 156, 373, 155, 374, 1, -1, -0.7853981633974483, 1.4142135623730951
410, 39, 393, 327, 392, 329, 1, -2, -1.1071487177940904, 2.23606797749979
410, 55, 158, 393, 157, 394, 1, -1, -0.7853981633974483, 1.4142135623730951
410, 62, 336, 332, 335, 333, 1, -1, -0.7853981633974483, 1.4142135623730951
410, 63, 118, 325, 118, 327, 0, -2, -1.5707963267948966, 2.0
410, 69, 224, 394, 223, 393, 1, 1, 0.7853981633974483, 1.4142135623730951
411, 3, 34, 241, 33, 240, 1, 1, 0.7853981633974483, 1.4142135623730951
411, 6, 189, 229, 190, 228, -1, 1, 2.356194490192345, 1.4142135623730951
411, 7, 540, 173, 540, 171, 0, 2, 1.5707963267948966, 2.0
411, 8, 87, 218, 86, 217, 1, 1, 0.7853981633974483, 1.4142135623730951
411, 12, 105, 216, 104, 217, 1, -1, -0.7853981633974483, 1.4142135623730951
411, 24, 448, 248, 448, 250, 0, -2, -1.5707963267948966, 2.0
411, 25, 494, 144, 493, 145, 1, -1, -0.7853981633974483, 1.4142135623730951
411, 28, 98, 189, 97, 188, 1, 1, 0.7853981633974483, 1.4142135623730951
411, 37, 393, 325, 393, 327, 0, -2, -1.5707963267948966, 2.0
411, 46, 300, 389, 299, 390, 1, -1, -0.7853981633974483, 1.4142135623730951
411, 47, 257, 393, 256, 394, 1, -1, -0.7853981633974483, 1.4142135623730951
412, 7, 540, 175, 540, 173, 0, 2, 1.5707963267948966, 2.0
412, 9, 126, 207, 125, 209, 1, -2, -1.1071487177940904, 2.23606797749979
412, 15, 26, 403, 22, 405, 4, -2, -0.4636476090008061, 4.47213595499958
412, 21, 220, 366, 218, 368, 2, -2, -0.7853981633974483, 2.8284271247461903
412, 24, 450, 245, 448, 248, 2, -3, -0.982793723247329, 3.605551275463989
412, 25, 496, 144, 494, 144, 2, 0, 0.0, 2.0
412, 26, 63, 350, 61, 352, 2, -2, -0.7853981633974483, 2.8284271247461903
412, 35, 393, 323, 393, 325, 0, -2, -1.5707963267948966, 2.0
412, 39, 132, 370, 131, 369, 1, 1, 0.7853981633974483, 1.4142135623730951
412, 43, 22, 324, 21, 325, 1, -1, -0.7853981633974483, 1.4142135623730951
412, 45, 260, 390, 257, 393, 3, -3, -0.7853981633974483, 4.242640687119285
412, 47, 141, 275, 138, 275, 3, 0, 0.0, 3.0
412, 49, 160, 392, 159, 393, 1, -1, -0.7853981633974483, 1.4142135623730951
412, 60, 279, 368, 278, 369, 1, -1, -0.7853981633974483, 1.4142135623730951
413, 11, 66, 166, 64, 166, 2, 0, 0.0, 2.0
413, 24, 450, 243, 450, 245, 0, -2, -1.5707963267948966, 2.0
413, 25, 498, 144, 496, 144, 2, 0, 0.0, 2.0
413, 29, 46, 188, 45, 189, 1, -1, -0.7853981633974483, 1.4142135623730951
413, 33, 159, 372, 158, 373, 1, -1, -0.7853981633974483, 1.4142135623730951
413, 35, 392, 321, 393, 323, -1, -2, -2.0344439357957027, 2.23606797749979
413, 43, 22, 322, 22, 324, 0, -2, -1.5707963267948966, 2.0
413, 46, 14, 191, 13, 192, 1, -1, -0.7853981633974483, 1.4142135623730951
413, 56, 339, 331, 338, 332, 1, -1, -0.7853981633974483, 1.4142135623730951
413, 59, 56, 311, 55, 312, 1, -1, -0.7853981633974483, 1.4142135623730951
414, 7, 541, 177, 540, 176, 1, 1, 0.7853981633974483, 1.4142135623730951
414, 11, 68, 166, 66, 166, 2, 0, 0.0, 2.0
414, 20, 156, 399, 154, 399, 2, 0, 0.0, 2.0
414, 24, 450, 241, 450, 243, 0, -2, -1.5707963267948966, 2.0
414, 28, 27, 263, 28, 262, -1, 1, 2.356194490192345, 1.4142135623730951
414, 35, 393, 318, 392, 321, 1, -3, -1.2490457723982544, 3.1622776601683795
414, 37, 238, 289, 240, 291, -2, -2, -2.356194490192345, 2.8284271247461903
414, 38, 135, 370, 133, 370, 2, 0, 0.0, 2.0
414, 42, 301, 387, 300, 388, 1, -1, -0.7853981633974483, 1.4142135623730951
414, 54, 340, 330, 339, 331, 1, -1, -0.7853981633974483, 1.4142135623730951
415, 0, 265, 212, 264, 211, 1, 1, 0.7853981633974483, 1.4142135623730951
415, 4, 46, 285, 45, 284, 1, 1, 0.7853981633974483, 1.4142135623730951
415, 5, 35, 241, 34, 240, 1, 1, 0.7853981633974483, 1.4142135623730951
415, 7, 541, 178, 541, 176, 0, 2, 1.5707963267948966, 2.0
415, 8, 52, 334, 50, 334, 2, 0, 0.0, 2.0
415, 9, 19, 258, 18, 259, 1, -1, -0.7853981633974483, 1.4142135623730951
415, 10, 45, 373, 44, 374, 1, -1, -0.7853981633974483, 1.4142135623730951
415, 12, 127, 207, 126, 208, 1, -1, -0.7853981633974483, 1.4142135623730951
415, 24, 13, 282, 13, 284, 0, -2, -1.5707963267948966, 2.0
415, 26, 358, 344, 357, 346, 1, -2, -1.1071487177940904, 2.23606797749979
415, 27, 213, 413, 212, 414, 1, -1, -0.7853981633974483, 1.4142135623730951
415, 37, 500, 137, 498, 138, 2, -1, -0.4636476090008061, 2.23606797749979
415, 48, 153, 184, 149, 184, 4, 0, 0.0, 4.0
415, 50, 394, 325, 393, 327, 1, -2, -1.1071487177940904, 2.23606797749979
415, 52, 284, 369, 283, 370, 1, -1, -0.7853981633974483, 1.4142135623730951
415, 55, 61, 312, 57, 313, 4, -1, -0.24497866312686414, 4.123105625617661
415, 57, 85, 311, 82, 312, 3, -1, -0.3217505543966422, 3.1622776601683795
415, 59, 229, 394, 227, 394, 2, 0, 0.0, 2.0
415, 60, 463, 182, 463, 184, 0, -2, -1.5707963267948966, 2.0
415, 64, 165, 202, 164, 203, 1, -1, -0.7853981633974483, 1.4142135623730951
415, 70, 302, 345, 300, 345, 2, 0, 0.0, 2.0
415, 72, 389, 240, 390, 242, -1, -2, -2.0344439357957027, 2.23606797749979
415, 76, 15, 189, 14, 190, 1, -1, -0.7853981633974483, 1.4142135623730951
415, 78, 163, 392, 162, 393, 1, -1, -0.7853981633974483, 1.4142135623730951
415, 83, 246, 248, 243, 246, 3, 2, 0.5880026035475675, 3.605551275463989
415, 84, 450, 214, 450, 217, 0, -3, -1.5707963267948966, 3.0
415, 86, 451, 248, 451, 250, 0, -2, -1.5707963267948966, 2.0
415, 87, 152, 332, 151, 333, 1, -1, -0.7853981633974483, 1.4142135623730951
415, 90, 256, 223, 255, 221, 1, 2, 1.1071487177940904, 2.23606797749979
415, 92, 341, 332, 339, 333, 2, -1, -0.4636476090008061, 2.23606797749979
415, 94, 417, 227, 419, 227, -2, 0, 3.141592653589793, 2.0
415, 95, 367, 307, 367, 309, 0, -2, -1.5707963267948966, 2.0
415, 97, 152, 254, 152, 252, 0, 2, 1.5707963267948966, 2.0
415, 98, 217, 403, 218, 402, -1, 1, 2.356194490192345, 1.4142135623730951
415, 104, 351, 363, 349, 365, 2, -2, -0.7853981633974483, 2.8284271247461903
416, 7, 543, 180, 541, 178, 2, 2, 0.7853981633974483, 2.8284271247461903
416, 22, 67, 167, 66, 168, 1, -1, -0.7853981633974483, 1.4142135623730951
416, 25, 359, 342, 358, 344, 1, -2, -1.1071487177940904, 2.23606797749979
416, 28, 157, 399, 156, 400, 1, -1, -0.7853981633974483, 1.4142135623730951
416, 31, 194, 208, 193, 209, 1, -1, -0.7853981633974483, 1.4142135623730951
416, 35, 502, 137, 500, 137, 2, 0, 0.0, 2.0
416, 36, 160, 373, 159, 374, 1, -1, -0.7853981633974483, 1.4142135623730951
416, 37, 499, 145, 497, 145, 2, 0, 0.0, 2.0
416, 47, 304, 390, 303, 391, 1, -1, -0.7853981633974483, 1.4142135623730951
416, 48, 395, 322, 394, 325, 1, -3, -1.2490457723982544, 3.1622776601683795
416, 58, 462, 180, 463, 182, -1, -2, -2.0344439357957027, 2.23606797749979
416, 63, 21, 280, 20, 281, 1, -1, -0.7853981633974483, 1.4142135623730951
416, 68, 304, 345, 302, 345, 2, 0, 0.0, 2.0
416, 70, 391, 238, 389, 240, 2, -2, -0.7853981633974483, 2.8284271247461903
416, 73, 7, 213, 6, 214, 1, -1, -0.7853981633974483, 1.4142135623730951
416, 81, 450, 212, 450, 214, 0, -2, -1.5707963267948966, 2.0
416, 83, 452, 246, 451, 248, 1, -2, -1.1071487177940904, 2.23606797749979
416, 86, 98, 290, 97, 291, 1, -1, -0.7853981633974483, 1.4142135623730951
416, 87, 257, 224, 256, 223, 1, 1, 0.7853981633974483, 1.4142135623730951
416, 89, 342, 331, 341, 332, 1, -1, -0.7853981633974483, 1.4142135623730951
416, 91, 416, 224, 417, 227, -1, -3, -1.892546881191539, 3.1622776601683795
416, 92, 367, 305, 367, 307, 0, -2, -1.5707963267948966, 2.0
416, 101, 353, 361, 351, 363, 2, -2, -0.7853981633974483, 2.8284271247461903
417, 7, 544, 182, 543, 180, 1, 2, 1.1071487177940904, 2.23606797749979
417, 22, 69, 167, 67, 167, 2, 0, 0.0, 2.0
417, 25, 361, 341, 359, 342, 2, -1, -0.4636476090008061, 2.23606797749979
417, 28, 158, 398, 157, 399, 1, -1, -0.7853981633974483, 1.4142135623730951
417, 35, 505, 137, 502, 137, 3, 0, 0.0, 3.0
417, 37, 501, 144, 499, 145, 2, -1, -0.4636476090008061, 2.23606797749979
417, 48, 397, 319, 395, 322, 2, -3, -0.982793723247329, 3.605551275463989
417, 58, 462, 177, 462, 180, 0, -3, -1.5707963267948966, 3.0
417, 69, 444, 247, 443, 249, 1, -2, -1.1071487177940904, 2.23606797749979
417, 70, 392, 236, 391, 238, 1, -2, -1.1071487177940904, 2.23606797749979
417, 72, 509, 138, 507, 138, 2, 0, 0.0, 2.0
417, 80, 450, 210, 450, 212, 0, -2, -1.5707963267948966, 2.0
417, 82, 452, 244, 452, 246, 0, -2, -1.5707963267948966, 2.0
417, 89, 415, 222, 416, 224, -1, -2, -2.0344439357957027, 2.23606797749979
417, 90, 368, 302, 367, 305, 1, -3, -1.2490457723982544, 3.1622776601683795
417, 99, 355, 360, 353, 361, 2, -1, -0.4636476090008061, 2.23606797749979
418, 1, 213, 297, 213, 299, 0, -2, -1.5707963267948966, 2.0
418, 6, 544, 184, 544, 182, 0, 2, 1.5707963267948966, 2.0
418, 18, 278, 405, 277, 406, 1, -1, -0.7853981633974483, 1.4142135623730951
418, 24, 362, 339, 361, 341, 1, -2, -1.1071487177940904, 2.23606797749979
418, 34, 507, 138, 505, 137, 2, 1, 0.4636476090008061, 2.23606797749979
418, 35, 162, 372, 161, 373, 1, -1, -0.7853981633974483, 1.4142135623730951
418, 36, 503, 145, 501, 144, 2, 1, 0.4636476090008061, 2.23606797749979
418, 44, 28, 404, 27, 405, 1, -1, -0.7853981633974483, 1.4142135623730951
418, 47, 397, 317, 397, 319, 0, -2, -1.5707963267948966, 2.0
418, 50, 228, 332, 229, 330, -1, 2, 2.0344439357957027, 2.23606797749979
418, 52, 60, 312, 61, 311, -1, 1, 2.356194490192345, 1.4142135623730951
418, 57, 461, 175, 462, 177, -1, -2, -2.0344439357957027, 2.23606797749979
418, 67, 445, 244, 444, 247, 1, -3, -1.2490457723982544, 3.1622776601683795
418, 68, 392, 234, 392, 236, 0, -2, -1.5707963267948966, 2.0
418, 70, 512, 138, 509, 138, 3, 0, 0.0, 3.0
418, 74, 166, 391, 165, 392, 1, -1, -0.7853981633974483, 1.4142135623730951
418, 78, 450, 208, 450, 210, 0, -2, -1.5707963267948966, 2.0
418, 80, 452, 242, 452, 244, 0, -2, -1.5707963267948966, 2.0
418, 82, 92, 400, 94, 400, -2, 0, 3.141592653589793, 2.0
418, 84, 254, 224, 256, 224, -2, 0, 3.141592653589793, 2.0
418, 85, 344, 330, 343, 331, 1, -1, -0.7853981633974483, 1.4142135623730951
418, 87, 412, 217, 415, 222, -3, -5, -2.1112158270654806, 5.830951894845301
418, 88, 369, 300, 368, 302, 1, -2, -1.1071487177940904, 2.23606797749979
419, 5, 545, 185, 544, 184, 1, 1, 0.7853981633974483, 1.4142135623730951
419, 23, 215, 410, 214, 411, 1, -1, -0.7853981633974483, 1.4142135623730951
419, 25, 160, 398, 158, 398, 2, 0, 0.0, 2.0
419, 32, 507, 141, 507, 138, 0, 3, 1.5707963267948966, 3.0
419, 34, 504, 146, 503, 145, 1, 1, 0.7853981633974483, 1.4142135623730951
419, 41, 52, 189, 51, 190, 1, -1, -0.7853981633974483, 1.4142135623730951
419, 44, 307, 389, 306, 390, 1, -1, -0.7853981633974483, 1.4142135623730951
419, 45, 399, 315, 397, 317, 2, -2, -0.7853981633974483, 2.8284271247461903
419, 54, 461, 173, 461, 175, 0, -2, -1.5707963267948966, 2.0
419, 55, 136, 372, 135, 371, 1, 1, 0.7853981633974483, 1.4142135623730951
419, 60, 292, 291, 296, 292, -4, -1, -2.896613990462929, 4.123105625617661
419, 63, 304, 348, 305, 346, -1, 2, 2.0344439357957027, 2.23606797749979
419, 64, 445, 242, 445, 244, 0, -2, -1.5707963267948966, 2.0
419, 65, 392, 232, 392, 234, 0, -2, -1.5707963267948966, 2.0
419, 68, 5, 212, 7, 213, -2, -1, -2.677945044588987, 2.23606797749979
419, 69, 13, 186, 16, 187, -3, -1, -2.819842099193151, 3.1622776601683795
419, 71, 167, 390, 166, 391, 1, -1, -0.7853981633974483, 1.4142135623730951
419, 75, 451, 204, 450, 208, 1, -4, -1.3258176636680326, 4.123105625617661
419, 76, 257, 386, 256, 387, 1, -1, -0.7853981633974483, 1.4142135623730951
419, 77, 452, 240, 452, 242, 0, -2, -1.5707963267948966, 2.0
419, 80, 252, 223, 254, 224, -2, -1, -2.677945044588987, 2.23606797749979
419, 81, 345, 329, 344, 330, 1, -1, -0.7853981633974483, 1.4142135623730951
419, 84, 370, 298, 369, 300, 1, -2, -1.1071487177940904, 2.23606797749979
420, 3, 71, 217, 70, 216, 1, 1, 0.7853981633974483, 1.4142135623730951
420, 4, 99, 190, 98, 191, 1, -1, -0.7853981633974483, 1.4142135623730951
420, 8, 546, 184, 545, 182, 1, 2, 1.1071487177940904, 2.23606797749979
420, 17, 232, 292, 233, 291, -1, 1, 2.356194490192345, 1.4142135623730951
420, 25, 30, 404, 29, 405, 1, -1, -0.7853981633974483, 1.4142135623730951
420, 33, 162, 398, 160, 400, 2, -2, -0.7853981633974483, 2.8284271247461903
420, 40, 16, 283, 14, 282, 2, 1, 0.4636476090008061, 2.23606797749979
420, 42, 463, 176, 463, 179, 0, -3, -1.5707963267948966, 3.0
420, 44, 397, 315, 396, 317, 1, -2, -1.1071487177940904, 2.23606797749979
420, 45, 448, 249, 448, 251, 0, -2, -1.5707963267948966, 2.0
420, 46, 24, 282, 21, 282, 3, 0, 0.0, 3.0
420, 47, 505, 148, 504, 150, 1, -2, -1.1071487177940904, 2.23606797749979
420, 51, 452, 243, 452, 245, 0, -2, -1.5707963267948966, 2.0
420, 53, 257, 285, 255, 287, 2, -2, -0.7853981633974483, 2.8284271247461903
420, 56, 430, 181, 429, 183, 1, -2, -1.1071487177940904, 2.23606797749979
420, 57, 347, 378, 345, 378, 2, 0, 0.0, 2.0
420, 63, 231, 392, 230, 393, 1, -1, -0.7853981633974483, 1.4142135623730951
421, 8, 548, 185, 546, 184, 2, 1, 0.4636476090008061, 2.23606797749979
421, 20, 56, 389, 55, 390, 1, -1, -0.7853981633974483, 1.4142135623730951
421, 32, 136, 188, 135, 189, 1, -1, -0.7853981633974483, 1.4142135623730951
421, 33, 48, 261, 47, 262, 1, -1, -0.7853981633974483, 1.4142135623730951
421, 38, 463, 174, 463, 176, 0, -2, -1.5707963267948966, 2.0
421, 40, 398, 313, 397, 315, 1, -2, -1.1071487177940904, 2.23606797749979
421, 41, 448, 247, 448, 249, 0, -2, -1.5707963267948966, 2.0
421, 43, 507, 149, 505, 148, 2, 1, 0.4636476090008061, 2.23606797749979
421, 46, 18, 191, 17, 192, 1, -1, -0.7853981633974483, 1.4142135623730951
421, 47, 452, 241, 452, 243, 0, -2, -1.5707963267948966, 2.0
421, 48, 496, 145, 498, 146, -2, -1, -2.677945044588987, 2.23606797749979
421, 52, 433, 179, 430, 181, 3, -2, -0.5880026035475675, 3.605551275463989
421, 53, 349, 377, 347, 378, 2, -1, -0.4636476090008061, 2.23606797749979
421, 58, 392, 274, 391, 275, 1, -1, -0.7853981633974483, 1.4142135623730951
422, 4, 101, 191, 99, 190, 2, 1, 0.4636476090008061, 2.23606797749979
422, 8, 549, 186, 548, 185, 1, 1, 0.7853981633974483, 1.4142135623730951
422, 18, 216, 335, 217, 334, -1, 1, 2.356194490192345, 1.4142135623730951
422, 19, 282, 252, 284, 252, -2, 0, 3.141592653589793, 2.0
422, 20, 57, 390, 56, 389, 1, 1, 0.7853981633974483, 1.4142135623730951
422, 23, 32, 403, 31, 404, 1, -1, -0.7853981633974483, 1.4142135623730951
422, 38, 463, 172, 463, 174, 0, -2, -1.5707963267948966, 2.0
422, 41, 448, 245, 448, 247, 0, -2, -1.5707963267948966, 2.0
422, 43, 508, 150, 507, 149, 1, 1, 0.7853981633974483, 1.4142135623730951
422, 45, 90, 189, 89, 188, 1, 1, 0.7853981633974483, 1.4142135623730951
422, 47, 452, 239, 452, 241, 0, -2, -1.5707963267948966, 2.0
422, 48, 495, 143, 496, 145, -1, -2, -2.0344439357957027, 2.23606797749979
422, 53, 351, 376, 349, 377, 2, -1, -0.4636476090008061, 2.23606797749979
422, 54, 34, 238, 33, 239, 1, -1, -0.7853981633974483, 1.4142135623730951
422, 58, 394, 273, 392, 274, 2, -1, -0.4636476090008061, 2.23606797749979
422, 64, 53, 214, 52, 215, 1, -1, -0.7853981633974483, 1.4142135623730951
422, 68, 8, 375, 7, 376, 1, -1, -0.7853981633974483, 1.4142135623730951
423, 5, 53, 331, 52, 332, 1, -1, -0.7853981633974483, 1.4142135623730951
423, 7, 551, 188, 549, 186, 2, 2, 0.7853981633974483, 2.8284271247461903
423, 15, 218, 411, 217, 412, 1, -1, -0.7853981633974483, 1.4142135623730951
423, 27, 55, 189, 53, 190, 2, -1, -0.4636476090008061, 2.23606797749979
423, 35, 164, 373, 163, 374, 1, -1, -0.7853981633974483, 1.4142135623730951
423, 36, 463, 169, 463, 172, 0, -3, -1.5707963267948966, 3.0
423, 38, 399, 312, 398, 313, 1, -1, -0.7853981633974483, 1.4142135623730951
423, 39, 448, 243, 448, 245, 0, -2, -1.5707963267948966, 2.0
423, 41, 510, 150, 508, 150, 2, 0, 0.0, 2.0
423, 42, 239, 314, 240, 312, -1, 2, 2.0344439357957027, 2.23606797749979
423, 44, 19, 192, 18, 191, 1, 1, 0.7853981633974483, 1.4142135623730951
423, 45, 452, 237, 452, 239, 0, -2, -1.5707963267948966, 2.0
423, 46, 494, 140, 495, 143, -1, -3, -1.892546881191539, 3.1622776601683795
423, 51, 352, 374, 351, 376, 1, -2, -1.1071487177940904, 2.23606797749979
423, 52, 35, 237, 34, 238, 1, -1, -0.7853981633974483, 1.4142135623730951
423, 56, 396, 270, 394, 273, 2, -3, -0.982793723247329, 3.605551275463989
423, 57, 233, 391, 232, 392, 1, -1, -0.7853981633974483, 1.4142135623730951
423, 66, 9, 374, 8, 375, 1, -1, -0.7853981633974483, 1.4142135623730951
424, 7, 552, 190, 551, 188, 1, 2, 1.1071487177940904, 2.23606797749979
424, 12, 313, 335, 312, 336, 1, -1, -0.7853981633974483, 1.4142135623730951
424, 16, 215, 336, 216, 335, -1, 1, 2.356194490192345, 1.4142135623730951
424, 18, 143, 305, 142, 306, 1, -1, -0.7853981633974483, 1.4142135623730951
424, 20, 33, 402, 32, 403, 1, -1, -0.7853981633974483, 1.4142135623730951
424, 25, 57, 188, 55, 189, 2, -1, -0.4636476090008061, 2.23606797749979
424, 26, 166, 397, 165, 398, 1, -1, -0.7853981633974483, 1.4142135623730951
424, 34, 462, 167, 463, 169, -1, -2, -2.0344439357957027, 2.23606797749979
424, 35, 156, 181, 155, 182, 1, -1, -0.7853981633974483, 1.4142135623730951
424, 36, 403, 311, 399, 312, 4, -1, -0.24497866312686414, 4.123105625617661
424, 37, 448, 240, 448, 243, 0, -3, -1.5707963267948966, 3.0
424, 42, 21, 192, 19, 192, 2, 0, 0.0, 2.0
424, 43, 452, 235, 452, 237, 0, -2, -1.5707963267948966, 2.0
424, 44, 496, 137, 494, 140, 2, -3, -0.982793723247329, 3.605551275463989
424, 49, 354, 372, 352, 374, 2, -2, -0.7853981633974483, 2.8284271247461903
424, 52, 201, 229, 200, 230, 1, -1, -0.7853981633974483, 1.4142135623730951
424, 54, 397, 267, 396, 270, 1, -3, -1.2490457723982544, 3.1622776601683795
424, 62, 40, 263, 39, 264, 1, -1, -0.7853981633974483, 1.4142135623730951
425, 5, 552, 189, 550, 187, 2, 2, 0.7853981633974483, 2.8284271247461903
425, 11, 104, 191, 103, 192, 1, -1, -0.7853981633974483, 1.4142135623730951
425, 23, 23, 260, 22, 261, 1, -1, -0.7853981633974483, 1.4142135623730951
425, 31, 165, 373, 164, 374, 1, -1, -0.7853981633974483, 1.4142135623730951
425, 46, 250, 221, 251, 223, -1, -2, -2.0344439357957027, 2.23606797749979
425, 47, 355, 366, 356, 365, -1, 1, 2.356194490192345, 1.4142135623730951
425, 48, 287, 401, 286, 402, 1, -1, -0.7853981633974483, 1.4142135623730951
425, 51, 157, 183, 156, 184, 1, -1, -0.7853981633974483, 1.4142135623730951
425, 52, 12, 375, 11, 376, 1, -1, -0.7853981633974483, 1.4142135623730951
425, 54, 33, 405, 32, 406, 1, -1, -0.7853981633974483, 1.4142135623730951
425, 55, 241, 315, 243, 315, -2, 0, 3.141592653589793, 2.0
425, 57, 7, 407, 6, 408, 1, -1, -0.7853981633974483, 1.4142135623730951
425, 58, 215, 338, 216, 337, -1, 1, 2.356194490192345, 1.4142135623730951
425, 59, 463, 173, 463, 175, 0, -2, -1.5707963267948966, 2.0
425, 65, 450, 234, 450, 236, 0, -2, -1.5707963267948966, 2.0
425, 67, 102, 290, 101, 291, 1, -1, -0.7853981633974483, 1.4142135623730951
425, 68, 263, 391, 263, 393, 0, -2, -1.5707963267948966, 2.0
425, 70, 499, 142, 498, 144, 1, -2, -1.1071487177940904, 2.23606797749979
425, 72, 451, 248, 450, 252, 1, -4, -1.3258176636680326, 4.123105625617661
425, 82, 97, 363, 96, 364, 1, -1, -0.7853981633974483, 1.4142135623730951
425, 85, 520, 144, 518, 143, 2, 1, 0.4636476090008061, 2.23606797749979
426, 5, 553, 191, 552, 189, 1, 2, 1.1071487177940904, 2.23606797749979
426, 23, 24, 259, 23, 260, 1, -1, -0.7853981633974483, 1.4142135623730951
426, 34, 86, 308, 86, 310, 0, -2, -1.5707963267948966, 2.0
426, 52, 13, 374, 12, 375, 1, -1, -0.7853981633974483, 1.4142135623730951
426, 55, 239, 314, 241, 315, -2, -1, -2.677945044588987, 2.23606797749979
426, 59, 463, 171, 463, 173, 0, -2, -1.5707963267948966, 2.0
426, 60, 367, 340, 366, 342, 1, -2, -1.1071487177940904, 2.23606797749979
426, 69, 235, 394, 234, 395, 1, -1, -0.7853981633974483, 1.4142135623730951
426, 70, 500, 143, 499, 142, 1, 1, 0.7853981633974483, 1.4142135623730951
426, 72, 452, 245, 451, 248, 1, -3, -1.2490457723982544, 3.1622776601683795
426, 78, 301, 350, 303, 349, -2, 1, 2.677945044588987, 2.23606797749979
426, 85, 521, 145, 520, 144, 1, 1, 0.7853981633974483, 1.4142135623730951
427, 5, 553, 193, 553, 191, 0, 2, 1.5707963267948966, 2.0
427, 11, 106, 190, 105, 191, 1, -1, -0.7853981633974483, 1.4142135623730951
427, 30, 512, 156, 511, 155, 1, 1, 0.7853981633974483, 1.4142135623730951
427, 35, 222, 410, 219, 412, 3, -2, -0.5880026035475675, 3.605551275463989
427, 42, 125, 347, 124, 348, 1, -1, -0.7853981633974483, 1.4142135623730951
427, 46, 353, 366, 355, 365, -2, 1, 2.677945044588987, 2.23606797749979
427, 55, 9, 406, 8, 407, 1, -1, -0.7853981633974483, 1.4142135623730951
427, 56, 213, 339, 214, 338, -1, 1, 2.356194490192345, 1.4142135623730951
427, 57, 462, 169, 463, 171, -1, -2, -2.0344439357957027, 2.23606797749979
427, 58, 368, 339, 367, 340, 1, -1, -0.7853981633974483, 1.4142135623730951
427, 68, 452, 242, 452, 245, 0, -3, -1.5707963267948966, 3.0
427, 81, 524, 148, 521, 145, 3, 3, 0.7853981633974483, 4.242640687119285
428, 5, 554, 194, 553, 193, 1, 1, 0.7853981633974483, 1.4142135623730951
428, 38, 142, 374, 140, 374, 2, 0, 0.0, 2.0
428, 48, 158, 180, 157, 181, 1, -1, -0.7853981633974483, 1.4142135623730951
428, 50, 36, 404, 35, 405, 1, -1, -0.7853981633974483, 1.4142135623730951
428, 53, 210, 340, 213, 339, -3, 1, 2.819842099193151, 3.1622776601683795
428, 54, 462, 166, 462, 169, 0, -3, -1.5707963267948966, 3.0
428, 55, 369, 338, 368, 339, 1, -1, -0.7853981633974483, 1.4142135623730951
428, 62, 236, 393, 235, 394, 1, -1, -0.7853981633974483, 1.4142135623730951
428, 64, 452, 240, 452, 242, 0, -2, -1.5707963267948966, 2.0
428, 76, 526, 149, 524, 148, 2, 1, 0.4636476090008061, 2.23606797749979
429, 5, 555, 196, 554, 194, 1, 2, 1.1071487177940904, 2.23606797749979
429, 6, 55, 371, 54, 372, 1, -1, -0.7853981633974483, 1.4142135623730951
429, 15, 108, 215, 107, 216, 1, -1, -0.7853981633974483, 1.4142135623730951
429, 38, 197, 210, 196, 209, 1, 1, 0.7853981633974483, 1.4142135623730951
429, 40, 126, 346, 125, 347, 1, -1, -0.7853981633974483, 1.4142135623730951
429, 50, 70, 214, 72, 215, -2, -1, -2.677945044588987, 2.23606797749979
429, 51, 10, 405, 9, 406, 1, -1, -0.7853981633974483, 1.4142135623730951
429, 53, 461, 164, 462, 166, -1, -2, -2.0344439357957027, 2.23606797749979
429, 54, 370, 337, 369, 338, 1, -1, -0.7853981633974483, 1.4142135623730951
429, 63, 452, 238, 452, 240, 0, -2, -1.5707963267948966, 2.0
430, 13, 512, 155, 511, 156, 1, -1, -0.7853981633974483, 1.4142135623730951
430, 14, 555, 195, 554, 193, 1, 2, 1.1071487177940904, 2.23606797749979
430, 18, 19, 284, 18, 285, 1, -1, -0.7853981633974483, 1.4142135623730951
430, 35, 189, 332, 188, 333, 1, -1, -0.7853981633974483, 1.4142135623730951
430, 36, 247, 248, 248, 247, -1, 1, 2.356194490192345, 1.4142135623730951
430, 41, 510, 150, 509, 149, 1, 1, 0.7853981633974483, 1.4142135623730951
430, 43, 290, 401, 289, 402, 1, -1, -0.7853981633974483, 1.4142135623730951
430, 49, 260, 368, 259, 369, 1, -1, -0.7853981633974483, 1.4142135623730951
430, 51, 168, 373, 167, 374, 1, -1, -0.7853981633974483, 1.4142135623730951
430, 55, 353, 328, 351, 329, 2, -1, -0.4636476090008061, 2.23606797749979
430, 58, 7, 191, 6, 192, 1, -1, -0.7853981633974483, 1.4142135623730951
430, 60, 14, 289, 13, 290, 1, -1, -0.7853981633974483, 1.4142135623730951
430, 61, 464, 166, 464, 169, 0, -3, -1.5707963267948966, 3.0
430, 63, 408, 305, 408, 308, 0, -3, -1.5707963267948966, 3.0
430, 69, 237, 396, 236, 397, 1, -1, -0.7853981633974483, 1.4142135623730951
430, 72, 526, 148, 524, 147, 2, 1, 0.4636476090008061, 2.23606797749979
430, 73, 161, 184, 160, 185, 1, -1, -0.7853981633974483, 1.4142135623730951
430, 77, 378, 289, 378, 292, 0, -3, -1.5707963267948966, 3.0
430, 81, 397, 226, 397, 228, 0, -2, -1.5707963267948966, 2.0
430, 86, 324, 368, 322, 368, 2, 0, 0.0, 2.0
430, 93, 456, 233, 456, 235, 0, -2, -1.5707963267948966, 2.0
430, 94, 15, 329, 14, 330, 1, -1, -0.7853981633974483, 1.4142135623730951
431, 12, 512, 153, 512, 155, 0, -2, -1.5707963267948966, 2.0
431, 13, 556, 197, 555, 195, 1, 2, 1.1071487177940904, 2.23606797749979
431, 27, 266, 386, 265, 387, 1, -1, -0.7853981633974483, 1.4142135623730951
431, 40, 511, 151, 510, 150, 1, 1, 0.7853981633974483, 1.4142135623730951
431, 60, 464, 164, 464, 166, 0, -2, -1.5707963267948966, 2.0
431, 70, 527, 149, 526, 148, 1, 1, 0.7853981633974483, 1.4142135623730951
431, 74, 317, 309, 316, 310, 1, -1, -0.7853981633974483, 1.4142135623730951
431, 76, 14, 377, 13, 378, 1, -1, -0.7853981633974483, 1.4142135623730951
431, 79, 397, 224, 397, 226, 0, -2, -1.5707963267948966, 2.0
431, 84, 326, 368, 324, 368, 2, 0, 0.0, 2.0
431, 90, 97, 193, 96, 194, 1, -1, -0.7853981633974483, 1.4142135623730951
431, 91, 456, 231, 456, 233, 0, -2, -1.5707963267948966, 2.0
431, 94, 352, 370, 353, 369, -1, 1, 2.356194490192345, 1.4142135623730951
432, 11, 515, 154, 512, 153, 3, 1, 0.3217505543966422, 3.1622776601683795
432, 12, 556, 199, 556, 197, 0, 2, 1.5707963267948966, 2.0
432, 28, 8, 212, 6, 212, 2, 0, 0.0, 2.0
432, 38, 514, 152, 511, 151, 3, 1, 0.3217505543966422, 3.1622776601683795
432, 43, 12, 405, 11, 406, 1, -1, -0.7853981633974483, 1.4142135623730951
432, 44, 227, 367, 226, 368, 1, -1, -0.7853981633974483, 1.4142135623730951
432, 46, 261, 366, 260, 367, 1, -1, -0.7853981633974483, 1.4142135623730951
432, 48, 169, 371, 168, 372, 1, -1, -0.7853981633974483, 1.4142135623730951
432, 52, 355, 326, 353, 327, 2, -1, -0.4636476090008061, 2.23606797749979
432, 58, 464, 162, 464, 164, 0, -2, -1.5707963267948966, 2.0
432, 68, 528, 150, 527, 149, 1, 1, 0.7853981633974483, 1.4142135623730951
432, 73, 378, 286, 378, 288, 0, -2, -1.5707963267948966, 2.0
432, 77, 398, 222, 397, 224, 1, -2, -1.1071487177940904, 2.23606797749979
432, 82, 328, 368, 326, 368, 2, 0, 0.0, 2.0
432, 89, 456, 228, 456, 231, 0, -3, -1.5707963267948966, 3.0
433, 12, 557, 200, 556, 199, 1, 1, 0.7853981633974483, 1.4142135623730951
433, 27, 22, 261, 21, 262, 1, -1, -0.7853981633974483, 1.4142135623730951
433, 28, 10, 212, 8, 212, 2, 0, 0.0, 2.0
433, 31, 28, 325, 30, 325, -2, 0, 3.141592653589793, 2.0
433, 37, 516, 152, 514, 152, 2, 0, 0.0, 2.0
433, 42, 13, 404, 12, 405, 1, -1, -0.7853981633974483, 1.4142135623730951
433, 44, 224, 411, 223, 412, 1, -1, -0.7853981633974483, 1.4142135623730951
433, 49, 57, 216, 56, 217, 1, -1, -0.7853981633974483, 1.4142135623730951
433, 50, 356, 324, 355, 326, 1, -2, -1.1071487177940904, 2.23606797749979
433, 55, 464, 160, 464, 162, 0, -2, -1.5707963267948966, 2.0
433, 64, 529, 151, 528, 150, 1, 1, 0.7853981633974483, 1.4142135623730951
433, 68, 316, 310, 317, 309, -1, 1, 2.356194490192345, 1.4142135623730951
433, 69, 378, 284, 378, 286, 0, -2, -1.5707963267948966, 2.0
433, 73, 399, 220, 398, 222, 1, -2, -1.1071487177940904, 2.23606797749979
433, 78, 330, 367, 328, 368, 2, -1, -0.4636476090008061, 2.23606797749979
433, 85, 456, 225, 456, 228, 0, -3, -1.5707963267948966, 3.0
434, 10, 517, 155, 516, 154, 1, 1, 0.7853981633974483, 1.4142135623730951
434, 11, 558, 202, 557, 200, 1, 2, 1.1071487177940904, 2.23606797749979
434, 18, 199, 213, 198, 214, 1, -1, -0.7853981633974483, 1.4142135623730951
434, 24, 267, 385, 266, 386, 1, -1, -0.7853981633974483, 1.4142135623730951
434, 26, 12, 212, 10, 212, 2, 0, 0.0, 2.0
434, 29, 26, 325, 28, 325, -2, 0, 3.141592653589793, 2.0
434, 35, 517, 153, 516, 152, 1, 1, 0.7853981633974483, 1.4142135623730951
434, 40, 16, 403, 13, 404, 3, -1, -0.3217505543966422, 3.1622776601683795
434, 43, 262, 364, 261, 365, 1, -1, -0.7853981633974483, 1.4142135623730951
434, 45, 144, 186, 144, 188, 0, -2, -1.5707963267948966, 2.0
434, 48, 357, 322, 356, 324, 1, -2, -1.1071487177940904, 2.23606797749979
434, 52, 464, 158, 464, 160, 0, -2, -1.5707963267948966, 2.0
434, 56, 321, 338, 319, 338, 2, 0, 0.0, 2.0
434, 59, 239, 393, 238, 394, 1, -1, -0.7853981633974483, 1.4142135623730951
434, 60, 258, 280, 260, 281, -2, -1, -2.677945044588987, 2.23606797749979
434, 61, 530, 152, 529, 151, 1, 1, 0.7853981633974483, 1.4142135623730951
434, 65, 376, 282, 378, 284, -2, -2, -2.356194490192345, 2.8284271247461903
434, 67, 20, 308, 18, 307, 2, 1, 0.4636476090008061, 2.23606797749979
434, 69, 400, 218, 399, 220, 1, -2, -1.1071487177940904, 2.23606797749979
434, 70, 169, 204, 168, 205, 1, -1, -0.7853981633974483, 1.4142135623730951
434, 74, 331, 368, 330, 367, 1, 1, 0.7853981633974483, 1.4142135623730951
434, 79, 77, 215, 76, 216, 1, -1, -0.7853981633974483, 1.4142135623730951
434, 81, 456, 222, 456, 225, 0, -3, -1.5707963267948966, 3.0
435, 3, 557, 200, 556, 199, 1, 1, 0.7853981633974483, 1.4142135623730951
435, 14, 77, 218, 76, 219, 1, -1, -0.7853981633974483, 1.4142135623730951
435, 19, 82, 170, 81, 171, 1, -1, -0.7853981633974483, 1.4142135623730951
435, 23, 56, 374, 55, 375, 1, -1, -0.7853981633974483, 1.4142135623730951
435, 26, 457, 228, 457, 230, 0, -2, -1.5707963267948966, 2.0
435, 46, 290, 405, 289, 406, 1, -1, -0.7853981633974483, 1.4142135623730951
435, 51, 10, 184, 8, 184, 2, 0, 0.0, 2.0
435, 54, 425, 210, 422, 212, 3, -2, -0.5880026035475675, 3.605551275463989
435, 56, 524, 151, 523, 149, 1, 2, 1.1071487177940904, 2.23606797749979
435, 63, 401, 253, 398, 255, 3, -2, -0.5880026035475675, 3.605551275463989
435, 65, 12, 214, 10, 214, 2, 0, 0.0, 2.0
435, 67, 258, 362, 256, 364, 2, -2, -0.7853981633974483, 2.8284271247461903
435, 68, 461, 161, 461, 163, 0, -2, -1.5707963267948966, 2.0
435, 74, 26, 219, 28, 219, -2, 0, 3.141592653589793, 2.0
436, 3, 558, 201, 557, 200, 1, 1, 0.7853981633974483, 1.4142135623730951
436, 23, 57, 373, 56, 374, 1, -1, -0.7853981633974483, 1.4142135623730951
436, 26, 457, 226, 457, 228, 0, -2, -1.5707963267948966, 2.0
436, 27, 111, 187, 110, 188, 1, -1, -0.7853981633974483, 1.4142135623730951
436, 44, 321, 338, 320, 339, 1, -1, -0.7853981633974483, 1.4142135623730951
436, 46, 291, 404, 290, 405, 1, -1, -0.7853981633974483, 1.4142135623730951
436, 52, 521, 166, 522, 164, -1, 2, 2.0344439357957027, 2.23606797749979
436, 54, 426, 212, 425, 210, 1, 2, 1.1071487177940904, 2.23606797749979
436, 56, 523, 152, 524, 151, -1, 1, 2.356194490192345, 1.4142135623730951
436, 59, 515, 157, 514, 155, 1, 2, 1.1071487177940904, 2.23606797749979
436, 63, 402, 257, 401, 253, 1, 4, 1.3258176636680326, 4.123105625617661
436, 67, 259, 361, 258, 362, 1, -1, -0.7853981633974483, 1.4142135623730951
436, 68, 461, 158, 461, 161, 0, -3, -1.5707963267948966, 3.0
437, 3, 559, 203, 558, 201, 1, 2, 1.1071487177940904, 2.23606797749979
437, 7, 139, 214, 140, 216, -1, -2, -2.0344439357957027, 2.23606797749979
437, 23, 406, 300, 405, 302, 1, -2, -1.1071487177940904, 2.23606797749979
437, 25, 457, 224, 457, 226, 0, -2, -1.5707963267948966, 2.0
437, 44, 15, 376, 14, 377, 1, -1, -0.7853981633974483, 1.4142135623730951
437, 45, 292, 403, 291, 404, 1, -1, -0.7853981633974483, 1.4142135623730951
437, 55, 524, 154, 523, 152, 1, 2, 1.1071487177940904, 2.23606797749979
437, 58, 517, 159, 515, 157, 2, 2, 0.7853981633974483, 2.8284271247461903
437, 62, 402, 255, 402, 257, 0, -2, -1.5707963267948966, 2.0
437, 66, 260, 360, 259, 361, 1, -1, -0.7853981633974483, 1.4142135623730951
437, 67, 461, 156, 461, 158, 0, -2, -1.5707963267948966, 2.0
437, 76, 338, 346, 337, 347, 1, -1, -0.7853981633974483, 1.4142135623730951
438, 3, 561, 204, 559, 203, 2, 1, 0.4636476090008061, 2.23606797749979
438, 7, 137, 212, 139, 214, -2, -2, -2.356194490192345, 2.8284271247461903
438, 15, 218, 310, 217, 311, 1, -1, -0.7853981633974483, 1.4142135623730951
438, 18, 85, 170, 83, 170, 2, 0, 0.0, 2.0
438, 23, 408, 297, 406, 300, 2, -3, -0.982793723247329, 3.605551275463989
438, 25, 456, 222, 457, 224, -1, -2, -2.0344439357957027, 2.23606797749979
438, 28, 16, 405, 15, 406, 1, -1, -0.7853981633974483, 1.4142135623730951
438, 51, 518, 166, 520, 166, -2, 0, 3.141592653589793, 2.0
438, 53, 428, 211, 427, 212, 1, -1, -0.7853981633974483, 1.4142135623730951
438, 55, 525, 155, 524, 154, 1, 1, 0.7853981633974483, 1.4142135623730951
438, 58, 518, 161, 517, 159, 1, 2, 1.1071487177940904, 2.23606797749979
438, 62, 403, 253, 402, 255, 1, -2, -1.1071487177940904, 2.23606797749979
438, 65, 261, 359, 260, 360, 1, -1, -0.7853981633974483, 1.4142135623730951
438, 66, 462, 154, 461, 156, 1, -2, -1.1071487177940904, 2.23606797749979
439, 3, 562, 206, 561, 204, 1, 2, 1.1071487177940904, 2.23606797749979
439, 15, 219, 312, 218, 310, 1, 2, 1.1071487177940904, 2.23606797749979
439, 23, 409, 295, 408, 297, 1, -2, -1.1071487177940904, 2.23606797749979
439, 25, 455, 220, 456, 222, -1, -2, -2.0344439357957027, 2.23606797749979
439, 32, 174, 399, 173, 400, 1, -1, -0.7853981633974483, 1.4142135623730951
439, 38, 234, 268, 233, 269, 1, -1, -0.7853981633974483, 1.4142135623730951
439, 43, 324, 337, 323, 338, 1, -1, -0.7853981633974483, 1.4142135623730951
439, 45, 294, 402, 292, 403, 2, -1, -0.4636476090008061, 2.23606797749979
439, 54, 525, 157, 525, 155, 0, 2, 1.5707963267948966, 2.0
439, 61, 404, 251, 403, 253, 1, -2, -1.1071487177940904, 2.23606797749979
439, 65, 462, 152, 462, 154, 0, -2, -1.5707963267948966, 2.0
439, 67, 472, 143, 473, 142, -1, 1, 2.356194490192345, 1.4142135623730951
439, 70, 166, 183, 165, 184, 1, -1, -0.7853981633974483, 1.4142135623730951
440, 3, 562, 206, 560, 204, 2, 2, 0.7853981633974483, 2.8284271247461903
440, 13, 326, 338, 324, 339, 2, -1, -0.4636476090008061, 2.23606797749979
440, 16, 49, 260, 48, 261, 1, -1, -0.7853981633974483, 1.4142135623730951
440, 24, 75, 216, 76, 218, -1, -2, -2.0344439357957027, 2.23606797749979
440, 26, 458, 221, 458, 223, 0, -2, -1.5707963267948966, 2.0
440, 28, 246, 298, 246, 300, 0, -2, -1.5707963267948966, 2.0
440, 30, 150, 308, 149, 309, 1, -1, -0.7853981633974483, 1.4142135623730951
440, 37, 148, 378, 149, 380, -1, -2, -2.0344439357957027, 2.23606797749979
440, 41, 411, 294, 410, 297, 1, -3, -1.2490457723982544, 3.1622776601683795
440, 42, 359, 362, 357, 365, 2, -3, -0.982793723247329, 3.605551275463989
440, 43, 379, 284, 378, 286, 1, -2, -1.1071487177940904, 2.23606797749979
440, 53, 265, 384, 264, 386, 1, -2, -1.1071487177940904, 2.23606797749979
440, 59, 467, 156, 467, 158, 0, -2, -1.5707963267948966, 2.0
440, 62, 101, 332, 103, 333, -2, -1, -2.677945044588987, 2.23606797749979
440, 68, 6, 186, 5, 185, 1, 1, 0.7853981633974483, 1.4142135623730951
440, 76, 153, 188, 151, 187, 2, 1, 0.4636476090008061, 2.23606797749979
440, 81, 459, 192, 459, 194, 0, -2, -1.5707963267948966, 2.0
440, 84, 383, 328, 382, 330, 1, -2, -1.1071487177940904, 2.23606797749979
440, 85, 359, 320, 359, 322, 0, -2, -1.5707963267948966, 2.0
440, 94, 44, 265, 43, 266, 1, -1, -0.7853981633974483, 1.4142135623730951
440, 105, 533, 157, 532, 156, 1, 1, 0.7853981633974483, 1.4142135623730951
441, 3, 563, 207, 562, 206, 1, 1, 0.7853981633974483, 1.4142135623730951
441, 11, 205, 209, 204, 210, 1, -1, -0.7853981633974483, 1.4142135623730951
441, 13, 327, 337, 326, 338, 1, -1, -0.7853981633974483, 1.4142135623730951
441, 20, 34, 329, 33, 330, 1, -1, -0.7853981633974483, 1.4142135623730951
441, 26, 458, 219, 458, 221, 0, -2, -1.5707963267948966, 2.0
441, 42, 362, 358, 359, 362, 3, -4, -0.9272952180016122, 5.0
441, 43, 379, 282, 379, 284, 0, -2, -1.5707963267948966, 2.0
441, 56, 32, 195, 31, 196, 1, -1, -0.7853981633974483, 1.4142135623730951
441, 57, 467, 154, 467, 156, 0, -2, -1.5707963267948966, 2.0
441, 61, 20, 404, 19, 405, 1, -1, -0.7853981633974483, 1.4142135623730951
441, 65, 7, 185, 6, 186, 1, -1, -0.7853981633974483, 1.4142135623730951
441, 66, 21, 376, 20, 377, 1, -1, -0.7853981633974483, 1.4142135623730951
441, 72, 158, 302, 156, 302, 2, 0, 0.0, 2.0
441, 78, 459, 190, 459, 192, 0, -2, -1.5707963267948966, 2.0
441, 81, 383, 326, 383, 328, 0, -2, -1.5707963267948966, 2.0
441, 82, 359, 318, 359, 320, 0, -2, -1.5707963267948966, 2.0
441, 83, 429, 201, 430, 200, -1, 1, 2.356194490192345, 1.4142135623730951
441, 84, 17, 349, 15, 350, 2, -1, -0.4636476090008061, 2.23606797749979
441, 87, 451, 193, 452, 195, -1, -2, -2.0344439357957027, 2.23606797749979
441, 91, 308, 347, 308, 349, 0, -2, -1.5707963267948966, 2.0
441, 101, 535, 158, 533, 157, 2, 1, 0.4636476090008061, 2.23606797749979
441, 102, 36, 189, 35, 190, 1, -1, -0.7853981633974483, 1.4142135623730951
442, 3, 564, 209, 563, 207, 1, 2, 1.1071487177940904, 2.23606797749979
442, 12, 329, 337, 327, 337, 2, 0, 0.0, 2.0
442, 19, 35, 328, 34, 329, 1, -1, -0.7853981633974483, 1.4142135623730951
442, 23, 77, 215, 75, 215, 2, 0, 0.0, 2.0
442, 30, 62, 374, 61, 375, 1, -1, -0.7853981633974483, 1.4142135623730951
442, 37, 522, 166, 521, 164, 1, 2, 1.1071487177940904, 2.23606797749979
442, 39, 411, 292, 411, 294, 0, -2, -1.5707963267948966, 2.0
442, 40, 365, 354, 362, 358, 3, -4, -0.9272952180016122, 5.0
442, 41, 379, 280, 379, 282, 0, -2, -1.5707963267948966, 2.0
442, 42, 293, 373, 292, 374, 1, -1, -0.7853981633974483, 1.4142135623730951
442, 48, 328, 332, 325, 332, 3, 0, 0.0, 3.0
442, 49, 266, 382, 265, 383, 1, -1, -0.7853981633974483, 1.4142135623730951
442, 54, 467, 152, 467, 154, 0, -2, -1.5707963267948966, 2.0
442, 56, 103, 330, 101, 331, 2, -1, -0.4636476090008061, 2.23606797749979
442, 58, 21, 403, 20, 404, 1, -1, -0.7853981633974483, 1.4142135623730951
442, 69, 159, 303, 158, 302, 1, 1, 0.7853981633974483, 1.4142135623730951
442, 75, 458, 188, 459, 190, -1, -2, -2.0344439357957027, 2.23606797749979
442, 79, 360, 316, 359, 318, 1, -2, -1.1071487177940904, 2.23606797749979
442, 80, 430, 198, 429, 201, 1, -3, -1.2490457723982544, 3.1622776601683795
442, 81, 19, 349, 17, 349, 2, 0, 0.0, 2.0
442, 84, 452, 191, 451, 193, 1, -2, -1.1071487177940904, 2.23606797749979
442, 88, 309, 346, 308, 347, 1, -1, -0.7853981633974483, 1.4142135623730951
442, 91, 212, 312, 211, 313, 1, -1, -0.7853981633974483, 1.4142135623730951
442, 98, 535, 160, 535, 158, 0, 2, 1.5707963267948966, 2.0
443, 3, 564, 211, 564, 209, 0, 2, 1.5707963267948966, 2.0
443, 18, 493, 141, 491, 142, 2, -1, -0.4636476090008061, 2.23606797749979
443, 23, 78, 216, 77, 215, 1, 1, 0.7853981633974483, 1.4142135623730951
443, 35, 149, 379, 148, 377, 1, 2, 1.1071487177940904, 2.23606797749979
443, 40, 367, 351, 365, 354, 2, -3, -0.982793723247329, 3.605551275463989
443, 41, 380, 278, 379, 280, 1, -2, -1.1071487177940904, 2.23606797749979
443, 48, 330, 331, 328, 332, 2, -1, -0.4636476090008061, 2.23606797749979
443, 53, 33, 193, 32, 194, 1, -1, -0.7853981633974483, 1.4142135623730951
443, 54, 467, 150, 467, 152, 0, -2, -1.5707963267948966, 2.0
443, 56, 105, 332, 103, 330, 2, 2, 0.7853981633974483, 2.8284271247461903
443, 58, 22, 402, 21, 403, 1, -1, -0.7853981633974483, 1.4142135623730951
443, 75, 458, 186, 458, 188, 0, -2, -1.5707963267948966, 2.0
443, 79, 360, 314, 360, 316, 0, -2, -1.5707963267948966, 2.0
443, 80, 431, 195, 430, 198, 1, -3, -1.2490457723982544, 3.1622776601683795
443, 81, 21, 349, 19, 349, 2, 0, 0.0, 2.0
443, 84, 452, 188, 452, 191, 0, -3, -1.5707963267948966, 3.0
443, 87, 312, 346, 309, 346, 3, 0, 0.0, 3.0
443, 88, 266, 307, 265, 308, 1, -1, -0.7853981633974483, 1.4142135623730951
443, 97, 536, 161, 535, 160, 1, 1, 0.7853981633974483, 1.4142135623730951
443, 98, 37, 188, 36, 189, 1, -1, -0.7853981633974483, 1.4142135623730951
443, 100, 5, 358, 4, 359, 1, -1, -0.7853981633974483, 1.4142135623730951
444, 3, 564, 213, 564, 211, 0, 2, 1.5707963267948966, 2.0
444, 11, 331, 336, 330, 337, 1, -1, -0.7853981633974483, 1.4142135623730951
444, 17, 494, 140, 493, 141, 1, -1, -0.7853981633974483, 1.4142135623730951
444, 19, 89, 170, 88, 171, 1, -1, -0.7853981633974483, 1.4142135623730951
444, 24, 457, 215, 458, 217, -1, -2, -2.0344439357957027, 2.23606797749979
444, 29, 64, 373, 63, 374, 1, -1, -0.7853981633974483, 1.4142135623730951
444, 34, 150, 380, 149, 379, 1, 1, 0.7853981633974483, 1.4142135623730951
444, 38, 414, 290, 411, 292, 3, -2, -0.5880026035475675, 3.605551275463989
444, 39, 370, 347, 367, 351, 3, -4, -0.9272952180016122, 5.0
444, 40, 380, 275, 380, 278, 0, -3, -1.5707963267948966, 3.0
444, 47, 332, 331, 330, 331, 2, 0, 0.0, 2.0
444, 51, 468, 148, 467, 150, 1, -2, -1.1071487177940904, 2.23606797749979
444, 53, 107, 332, 105, 332, 2, 0, 0.0, 2.0
444, 66, 155, 187, 154, 188, 1, -1, -0.7853981633974483, 1.4142135623730951
444, 71, 458, 184, 458, 186, 0, -2, -1.5707963267948966, 2.0
444, 74, 360, 312, 360, 314, 0, -2, -1.5707963267948966, 2.0
444, 75, 432, 191, 431, 195, 1, -4, -1.3258176636680326, 4.123105625617661
444, 82, 314, 345, 312, 346, 2, -1, -0.4636476090008061, 2.23606797749979
444, 85, 213, 311, 212, 312, 1, -1, -0.7853981633974483, 1.4142135623730951
444, 92, 537, 163, 536, 161, 1, 2, 1.1071487177940904, 2.23606797749979
445, 21, 22, 376, 20, 376, 2, 0, 0.0, 2.0
445, 24, 330, 338, 328, 339, 2, -1, -0.4636476090008061, 2.23606797749979
445, 34, 460, 220, 460, 222, 0, -2, -1.5707963267948966, 2.0
445, 35, 26, 349, 27, 348, -1, 1, 2.356194490192345, 1.4142135623730951
445, 37, 494, 146, 491, 147, 3, -1, -0.3217505543966422, 3.1622776601683795
445, 38, 470, 152, 469, 154, 1, -2, -1.1071487177940904, 2.23606797749979
445, 39, 382, 279, 382, 281, 0, -2, -1.5707963267948966, 2.0
445, 40, 526, 169, 525, 167, 1, 2, 1.1071487177940904, 2.23606797749979
445, 45, 72, 195, 71, 194, 1, 1, 0.7853981633974483, 1.4142135623730951
445, 58, 104, 191, 103, 192, 1, -1, -0.7853981633974483, 1.4142135623730951
445, 59, 23, 403, 22, 404, 1, -1, -0.7853981633974483, 1.4142135623730951
445, 61, 460, 188, 460, 190, 0, -2, -1.5707963267948966, 2.0
445, 64, 419, 295, 418, 297, 1, -2, -1.1071487177940904, 2.23606797749979
445, 66, 214, 312, 213, 313, 1, -1, -0.7853981633974483, 1.4142135623730951
445, 69, 122, 219, 121, 218, 1, 1, 0.7853981633974483, 1.4142135623730951
446, 10, 565, 213, 564, 211, 1, 2, 1.1071487177940904, 2.23606797749979
446, 23, 331, 337, 330, 338, 1, -1, -0.7853981633974483, 1.4142135623730951
446, 27, 93, 170, 91, 171, 2, -1, -0.4636476090008061, 2.23606797749979
446, 36, 496, 146, 494, 146, 2, 0, 0.0, 2.0
446, 37, 471, 149, 470, 152, 1, -3, -1.2490457723982544, 3.1622776601683795
446, 38, 382, 277, 382, 279, 0, -2, -1.5707963267948966, 2.0
446, 60, 460, 186, 460, 188, 0, -2, -1.5707963267948966, 2.0
446, 63, 419, 292, 419, 295, 0, -3, -1.5707963267948966, 3.0
446, 69, 383, 328, 382, 329, 1, -1, -0.7853981633974483, 1.4142135623730951
447, 4, 63, 373, 63, 375, 0, -2, -1.5707963267948966, 2.0
447, 5, 117, 192, 117, 190, 0, 2, 1.5707963267948966, 2.0
447, 10, 566, 215, 565, 213, 1, 2, 1.1071487177940904, 2.23606797749979
447, 13, 157, 343, 158, 345, -1, -2, -2.0344439357957027, 2.23606797749979
447, 20, 24, 377, 23, 376, 1, 1, 0.7853981633974483, 1.4142135623730951
447, 22, 452, 217, 452, 220, 0, -3, -1.5707963267948966, 3.0
447, 23, 332, 336, 331, 337, 1, -1, -0.7853981633974483, 1.4142135623730951
447, 24, 214, 320, 214, 322, 0, -2, -1.5707963267948966, 2.0
447, 28, 12, 192, 8, 191, 4, 1, 0.24497866312686414, 4.123105625617661
447, 32, 460, 217, 460, 219, 0, -2, -1.5707963267948966, 2.0
447, 33, 26, 350, 27, 349, -1, 1, 2.356194490192345, 1.4142135623730951
447, 35, 497, 145, 496, 146, 1, -1, -0.7853981633974483, 1.4142135623730951
447, 36, 471, 147, 471, 149, 0, -2, -1.5707963267948966, 2.0
447, 37, 383, 275, 382, 277, 1, -2, -1.1071487177940904, 2.23606797749979
447, 41, 131, 342, 130, 343, 1, -1, -0.7853981633974483, 1.4142135623730951
447, 43, 254, 291, 254, 293, 0, -2, -1.5707963267948966, 2.0
447, 44, 275, 310, 274, 311, 1, -1, -0.7853981633974483, 1.4142135623730951
447, 46, 174, 374, 173, 376, 1, -2, -1.1071487177940904, 2.23606797749979
447, 49, 170, 182, 169, 183, 1, -1, -0.7853981633974483, 1.4142135623730951
447, 50, 13, 221, 8, 220, 5, 1, 0.19739555984988075, 5.0990195135927845
447, 51, 15, 333, 11, 333, 4, 0, 0.0, 4.0
447, 54, 49, 407, 48, 408, 1, -1, -0.7853981633974483, 1.4142135623730951
447, 55, 105, 188, 104, 191, 1, -3, -1.2490457723982544, 3.1622776601683795
447, 58, 460, 184, 460, 186, 0, -2, -1.5707963267948966, 2.0
447, 61, 420, 289, 419, 292, 1, -3, -1.2490457723982544, 3.1622776601683795
447, 62, 298, 374, 297, 375, 1, -1, -0.7853981633974483, 1.4142135623730951
447, 63, 216, 310, 214, 312, 2, -2, -0.7853981633974483, 2.8284271247461903
447, 67, 384, 326, 383, 328, 1, -2, -1.1071487177940904, 2.23606797749979
447, 68, 194, 333, 191, 334, 3, -1, -0.3217505543966422, 3.1622776601683795
448, 10, 569, 219, 566, 215, 3, 4, 0.9272952180016122, 5.0
448, 22, 452, 215, 452, 217, 0, -2, -1.5707963267948966, 2.0
448, 23, 333, 335, 332, 336, 1, -1, -0.7853981633974483, 1.4142135623730951
448, 36, 472, 145, 471, 147, 1, -2, -1.1071487177940904, 2.23606797749979
448, 37, 383, 273, 383, 275, 0, -2, -1.5707963267948966, 2.0
448, 40, 321, 393, 320, 394, 1, -1, -0.7853981633974483, 1.4142135623730951
448, 56, 24, 401, 23, 402, 1, -1, -0.7853981633974483, 1.4142135623730951
448, 58, 460, 181, 460, 184, 0, -3, -1.5707963267948966, 3.0
448, 61, 421, 286, 420, 289, 1, -3, -1.2490457723982544, 3.1622776601683795
448, 67, 385, 324, 384, 326, 1, -2, -1.1071487177940904, 2.23606797749979
449, 10, 570, 220, 569, 219, 1, 1, 0.7853981633974483, 1.4142135623730951
449, 22, 452, 211, 452, 215, 0, -4, -1.5707963267948966, 4.0
449, 23, 334, 334, 333, 335, 1, -1, -0.7853981633974483, 1.4142135623730951
449, 32, 460, 214, 460, 216, 0, -2, -1.5707963267948966, 2.0
449, 35, 473, 143, 472, 145, 1, -2, -1.1071487177940904, 2.23606797749979
449, 36, 383, 271, 383, 273, 0, -2, -1.5707963267948966, 2.0
449, 39, 322, 394, 321, 393, 1, 1, 0.7853981633974483, 1.4142135623730951
449, 54, 107, 187, 106, 188, 1, -1, -0.7853981633974483, 1.4142135623730951
449, 55, 25, 400, 24, 401, 1, -1, -0.7853981633974483, 1.4142135623730951
449, 59, 421, 284, 421, 286, 0, -2, -1.5707963267948966, 2.0
449, 61, 217, 310, 215, 310, 2, 0, 0.0, 2.0
449, 65, 387, 321, 385, 324, 2, -3, -0.982793723247329, 3.605551275463989
450, 3, 568, 219, 568, 217, 0, 2, 1.5707963267948966, 2.0
450, 5, 65, 336, 64, 337, 1, -1, -0.7853981633974483, 1.4142135623730951
450, 10, 120, 195, 119, 196, 1, -1, -0.7853981633974483, 1.4142135623730951
450, 13, 171, 343, 170, 344, 1, -1, -0.7853981633974483, 1.4142135623730951
450, 19, 236, 297, 237, 296, -1, 1, 2.356194490192345, 1.4142135623730951
450, 21, 333, 338, 332, 339, 1, -1, -0.7853981633974483, 1.4142135623730951
450, 26, 385, 270, 385, 272, 0, -2, -1.5707963267948966, 2.0
450, 37, 528, 169, 526, 168, 2, 1, 0.4636476090008061, 2.23606797749979
450, 45, 460, 184, 460, 186, 0, -2, -1.5707963267948966, 2.0
450, 50, 27, 403, 25, 404, 2, -1, -0.4636476090008061, 2.23606797749979
450, 51, 473, 149, 472, 150, 1, -1, -0.7853981633974483, 1.4142135623730951
450, 53, 251, 318, 253, 318, -2, 0, 3.141592653589793, 2.0
450, 57, 172, 184, 171, 185, 1, -1, -0.7853981633974483, 1.4142135623730951
450, 66, 96, 171, 95, 172, 1, -1, -0.7853981633974483, 1.4142135623730951
451, 3, 569, 220, 568, 219, 1, 1, 0.7853981633974483, 1.4142135623730951
451, 26, 386, 268, 385, 270, 1, -2, -1.1071487177940904, 2.23606797749979
451, 30, 251, 294, 255, 293, -4, 1, 2.896613990462929, 4.123105625617661
451, 32, 35, 327, 37, 327, -2, 0, 3.141592653589793, 2.0
451, 37, 530, 169, 528, 169, 2, 0, 0.0, 2.0
451, 45, 459, 181, 460, 184, -1, -3, -1.892546881191539, 3.1622776601683795
451, 51, 473, 147, 473, 149, 0, -2, -1.5707963267948966, 2.0
451, 53, 249, 318, 251, 318, -2, 0, 3.141592653589793, 2.0
451, 54, 457, 222, 457, 224, 0, -2, -1.5707963267948966, 2.0
451, 55, 91, 341, 90, 342, 1, -1, -0.7853981633974483, 1.4142135623730951
451, 57, 173, 183, 172, 184, 1, -1, -0.7853981633974483, 1.4142135623730951
451, 58, 248, 395, 247, 396, 1, -1, -0.7853981633974483, 1.4142135623730951
452, 10, 121, 193, 121, 195, 0, -2, -1.5707963267948966, 2.0
452, 18, 234, 298, 235, 297, -1, 1, 2.356194490192345, 1.4142135623730951
452, 31, 33, 327, 35, 327, -2, 0, 3.141592653589793, 2.0
452, 44, 458, 179, 459, 181, -1, -2, -2.0344439357957027, 2.23606797749979
452, 48, 79, 195, 77, 195, 2, 0, 0.0, 2.0
452, 50, 474, 146, 473, 147, 1, -1, -0.7853981633974483, 1.4142135623730951
452, 53, 458, 220, 457, 222, 1, -2, -1.1071487177940904, 2.23606797749979
452, 59, 70, 314, 69, 315, 1, -1, -0.7853981633974483, 1.4142135623730951
453, 3, 570, 222, 569, 221, 1, 1, 0.7853981633974483, 1.4142135623730951
453, 13, 78, 217, 80, 218, -2, -1, -2.677945044588987, 2.23606797749979
453, 24, 386, 265, 386, 268, 0, -3, -1.5707963267948966, 3.0
453, 35, 531, 172, 530, 170, 1, 2, 1.1071487177940904, 2.23606797749979
453, 43, 458, 177, 458, 179, 0, -2, -1.5707963267948966, 2.0
453, 45, 433, 186, 433, 188, 0, -2, -1.5707963267948966, 2.0
453, 48, 28, 401, 27, 402, 1, -1, -0.7853981633974483, 1.4142135623730951
453, 49, 475, 144, 474, 146, 1, -2, -1.1071487177940904, 2.23606797749979
453, 51, 458, 218, 458, 220, 0, -2, -1.5707963267948966, 2.0
453, 54, 175, 182, 174, 183, 1, -1, -0.7853981633974483, 1.4142135623730951
454, 3, 571, 223, 570, 222, 1, 1, 0.7853981633974483, 1.4142135623730951
454, 5, 67, 335, 66, 336, 1, -1, -0.7853981633974483, 1.4142135623730951
454, 8, 69, 371, 68, 372, 1, -1, -0.7853981633974483, 1.4142135623730951
454, 13, 76, 215, 78, 217, -2, -2, -2.356194490192345, 2.8284271247461903
454, 35, 532, 174, 531, 172, 1, 2, 1.1071487177940904, 2.23606797749979
454, 43, 458, 175, 458, 177, 0, -2, -1.5707963267948966, 2.0
454, 46, 82, 195, 80, 195, 2, 0, 0.0, 2.0
454, 47, 29, 400, 28, 401, 1, -1, -0.7853981633974483, 1.4142135623730951
454, 48, 476, 143, 475, 144, 1, -1, -0.7853981633974483, 1.4142135623730951
454, 50, 458, 216, 458, 218, 0, -2, -1.5707963267948966, 2.0
454, 58, 209, 211, 208, 210, 1, 1, 0.7853981633974483, 1.4142135623730951
455, 4, 573, 224, 571, 222, 2, 2, 0.7853981633974483, 2.8284271247461903
455, 12, 336, 338, 335, 339, 1, -1, -0.7853981633974483, 1.4142135623730951
455, 21, 29, 404, 28, 405, 1, -1, -0.7853981633974483, 1.4142135623730951
455, 32, 44, 193, 43, 194, 1, -1, -0.7853981633974483, 1.4142135623730951
455, 35, 55, 407, 54, 408, 1, -1, -0.7853981633974483, 1.4142135623730951
455, 49, 233, 411, 232, 412, 1, -1, -0.7853981633974483, 1.4142135623730951
455, 54, 531, 177, 531, 175, 0, 2, 1.5707963267948966, 2.0
455, 57, 460, 210, 460, 213, 0, -3, -1.5707963267948966, 3.0
455, 68, 21, 185, 20, 186, 1, -1, -0.7853981633974483, 1.4142135623730951
455, 69, 466, 181, 466, 183, 0, -2, -1.5707963267948966, 2.0
455, 70, 478, 145, 476, 147, 2, -2, -0.7853981633974483, 2.8284271247461903
455, 80, 539, 171, 538, 169, 1, 2, 1.1071487177940904, 2.23606797749979
455, 87, 459, 220, 459, 224, 0, -4, -1.5707963267948966, 4.0
455, 89, 124, 241, 123, 242, 1, -1, -0.7853981633974483, 1.4142135623730951
455, 90, 356, 343, 355, 344, 1, -1, -0.7853981633974483, 1.4142135623730951
455, 92, 366, 308, 366, 310, 0, -2, -1.5707963267948966, 2.0
456, 4, 575, 227, 573, 224, 2, 3, 0.982793723247329, 3.605551275463989
456, 12, 337, 337, 336, 338, 1, -1, -0.7853981633974483, 1.4142135623730951
456, 19, 30, 403, 29, 404, 1, -1, -0.7853981633974483, 1.4142135623730951
456, 29, 45, 192, 44, 193, 1, -1, -0.7853981633974483, 1.4142135623730951
456, 42, 72, 314, 71, 315, 1, -1, -0.7853981633974483, 1.4142135623730951
456, 51, 533, 179, 531, 177, 2, 2, 0.7853981633974483, 2.8284271247461903
456, 54, 459, 208, 460, 210, -1, -2, -2.0344439357957027, 2.23606797749979
456, 55, 176, 183, 175, 184, 1, -1, -0.7853981633974483, 1.4142135623730951
456, 66, 466, 179, 466, 181, 0, -2, -1.5707963267948966, 2.0
456, 67, 480, 144, 478, 145, 2, -1, -0.4636476090008061, 2.23606797749979
456, 76, 540, 173, 539, 171, 1, 2, 1.1071487177940904, 2.23606797749979
456, 82, 459, 216, 459, 220, 0, -4, -1.5707963267948966, 4.0
456, 84, 125, 240, 124, 241, 1, -1, -0.7853981633974483, 1.4142135623730951
456, 85, 357, 342, 356, 343, 1, -1, -0.7853981633974483, 1.4142135623730951
456, 87, 366, 306, 366, 308, 0, -2, -1.5707963267948966, 2.0
457, 4, 576, 228, 575, 227, 1, 1, 0.7853981633974483, 1.4142135623730951
457, 19, 31, 402, 30, 403, 1, -1, -0.7853981633974483, 1.4142135623730951
457, 24, 99, 169, 98, 170, 1, -1, -0.7853981633974483, 1.4142135623730951
457, 35, 158, 382, 157, 383, 1, -1, -0.7853981633974483, 1.4142135623730951
457, 39, 506, 150, 507, 148, -1, 2, 2.0344439357957027, 2.23606797749979
457, 43, 28, 309, 27, 310, 1, -1, -0.7853981633974483, 1.4142135623730951
457, 48, 75, 218, 77, 219, -2, -1, -2.677945044588987, 2.23606797749979
457, 50, 534, 180, 533, 179, 1, 1, 0.7853981633974483, 1.4142135623730951
457, 53, 458, 206, 459, 208, -1, -2, -2.0344439357957027, 2.23606797749979
457, 54, 177, 182, 176, 183, 1, -1, -0.7853981633974483, 1.4142135623730951
457, 65, 466, 177, 466, 179, 0, -2, -1.5707963267948966, 2.0
457, 66, 481, 143, 480, 144, 1, -1, -0.7853981633974483, 1.4142135623730951
457, 73, 31, 219, 33, 219, -2, 0, 3.141592653589793, 2.0
457, 75, 540, 176, 540, 173, 0, 3, 1.5707963267948966, 3.0
457, 80, 269, 269, 269, 271, 0, -2, -1.5707963267948966, 2.0
457, 81, 459, 214, 459, 216, 0, -2, -1.5707963267948966, 2.0
457, 84, 358, 341, 357, 342, 1, -1, -0.7853981633974483, 1.4142135623730951
457, 86, 366, 304, 366, 306, 0, -2, -1.5707963267948966, 2.0
458, 4, 577, 230, 576, 228, 1, 2, 1.1071487177940904, 2.23606797749979
458, 11, 338, 335, 337, 336, 1, -1, -0.7853981633974483, 1.4142135623730951
458, 18, 32, 401, 31, 402, 1, -1, -0.7853981633974483, 1.4142135623730951
458, 25, 237, 296, 237, 298, 0, -2, -1.5707963267948966, 2.0
458, 37, 72, 313, 71, 314, 1, -1, -0.7853981633974483, 1.4142135623730951
458, 48, 458, 203, 458, 206, 0, -3, -1.5707963267948966, 3.0
458, 49, 178, 181, 177, 182, 1, -1, -0.7853981633974483, 1.4142135623730951
458, 60, 466, 175, 466, 177, 0, -2, -1.5707963267948966, 2.0
458, 61, 483, 142, 481, 143, 2, -1, -0.4636476090008061, 2.23606797749979
458, 62, 250, 393, 249, 394, 1, -1, -0.7853981633974483, 1.4142135623730951
458, 70, 541, 178, 540, 176, 1, 2, 1.1071487177940904, 2.23606797749979
458, 76, 459, 212, 459, 214, 0, -2, -1.5707963267948966, 2.0
458, 79, 359, 339, 358, 341, 1, -2, -1.1071487177940904, 2.23606797749979
458, 81, 366, 302, 366, 304, 0, -2, -1.5707963267948966, 2.0
459, 4, 578, 232, 577, 230, 1, 2, 1.1071487177940904, 2.23606797749979
459, 10, 339, 334, 338, 335, 1, -1, -0.7853981633974483, 1.4142135623730951
459, 12, 30, 264, 29, 263, 1, 1, 0.7853981633974483, 1.4142135623730951
459, 21, 100, 169, 99, 170, 1, -1, -0.7853981633974483, 1.4142135623730951
459, 25, 15, 220, 14, 221, 1, -1, -0.7853981633974483, 1.4142135623730951
459, 32, 507, 152, 506, 151, 1, 1, 0.7853981633974483, 1.4142135623730951
459, 45, 179, 180, 178, 181, 1, -1, -0.7853981633974483, 1.4142135623730951
459, 56, 466, 173, 466, 175, 0, -2, -1.5707963267948966, 2.0
459, 57, 483, 140, 483, 142, 0, -2, -1.5707963267948966, 2.0
459, 59, 372, 350, 371, 351, 1, -1, -0.7853981633974483, 1.4142135623730951
459, 66, 542, 179, 541, 178, 1, 1, 0.7853981633974483, 1.4142135623730951
459, 71, 459, 210, 459, 212, 0, -2, -1.5707963267948966, 2.0
459, 74, 360, 337, 359, 339, 1, -2, -1.1071487177940904, 2.23606797749979
459, 76, 366, 300, 366, 302, 0, -2, -1.5707963267948966, 2.0
460, 5, 576, 231, 575, 228, 1, 3, 1.2490457723982544, 3.1622776601683795
460, 6, 73, 336, 72, 337, 1, -1, -0.7853981633974483, 1.4142135623730951
460, 20, 340, 337, 339, 338, 1, -1, -0.7853981633974483, 1.4142135623730951
460, 29, 163, 387, 162, 388, 1, -1, -0.7853981633974483, 1.4142135623730951
460, 32, 71, 376, 70, 377, 1, -1, -0.7853981633974483, 1.4142135623730951
460, 35, 504, 152, 501, 150, 3, 2, 0.5880026035475675, 3.605551275463989
460, 36, 19, 194, 18, 195, 1, -1, -0.7853981633974483, 1.4142135623730951
460, 37, 239, 369, 238, 370, 1, -1, -0.7853981633974483, 1.4142135623730951
460, 40, 481, 144, 480, 145, 1, -1, -0.7853981633974483, 1.4142135623730951
460, 43, 532, 187, 531, 186, 1, 1, 0.7853981633974483, 1.4142135623730951
460, 50, 179, 183, 178, 184, 1, -1, -0.7853981633974483, 1.4142135623730951
460, 53, 459, 206, 460, 208, -1, -2, -2.0344439357957027, 2.23606797749979
460, 61, 31, 190, 30, 191, 1, -1, -0.7853981633974483, 1.4142135623730951
460, 69, 423, 274, 422, 276, 1, -2, -1.1071487177940904, 2.23606797749979
460, 74, 371, 304, 370, 306, 1, -2, -1.1071487177940904, 2.23606797749979
460, 79, 303, 373, 301, 375, 2, -2, -0.7853981633974483, 2.8284271247461903
460, 93, 19, 306, 17, 305, 2, 1, 0.4636476090008061, 2.23606797749979
460, 95, 393, 263, 393, 266, 0, -3, -1.5707963267948966, 3.0
460, 98, 306, 339, 305, 338, 1, 1, 0.7853981633974483, 1.4142135623730951
460, 100, 99, 357, 98, 358, 1, -1, -0.7853981633974483, 1.4142135623730951
460, 102, 32, 403, 31, 404, 1, -1, -0.7853981633974483, 1.4142135623730951
460, 103, 186, 211, 187, 210, -1, 1, 2.356194490192345, 1.4142135623730951
461, 0, 284, 211, 283, 212, 1, -1, -0.7853981633974483, 1.4142135623730951
461, 2, 150, 261, 151, 260, -1, 1, 2.356194490192345, 1.4142135623730951
461, 5, 577, 233, 576, 231, 1, 2, 1.1071487177940904, 2.23606797749979
461, 15, 126, 187, 125, 188, 1, -1, -0.7853981633974483, 1.4142135623730951
461, 20, 342, 335, 340, 337, 2, -2, -0.7853981633974483, 2.8284271247461903
461, 33, 508, 154, 504, 152, 4, 2, 0.4636476090008061, 4.47213595499958
461, 38, 482, 143, 481, 144, 1, -1, -0.7853981633974483, 1.4142135623730951
461, 41, 534, 186, 532, 187, 2, -1, -0.4636476090008061, 2.23606797749979
461, 48, 180, 182, 179, 183, 1, -1, -0.7853981633974483, 1.4142135623730951
461, 51, 459, 203, 459, 206, 0, -3, -1.5707963267948966, 3.0
461, 52, 185, 229, 188, 231, -3, -2, -2.5535900500422257, 3.605551275463989
461, 59, 32, 189, 31, 190, 1, -1, -0.7853981633974483, 1.4142135623730951
461, 65, 511, 153, 510, 152, 1, 1, 0.7853981633974483, 1.4142135623730951
461, 66, 423, 272, 423, 274, 0, -2, -1.5707963267948966, 2.0
461, 71, 371, 302, 371, 304, 0, -2, -1.5707963267948966, 2.0
461, 89, 394, 260, 393, 263, 1, -3, -1.2490457723982544, 3.1622776601683795
461, 96, 33, 402, 32, 403, 1, -1, -0.7853981633974483, 1.4142135623730951
462, 17, 343, 334, 342, 335, 1, -1, -0.7853981633974483, 1.4142135623730951
462, 18, 60, 408, 59, 409, 1, -1, -0.7853981633974483, 1.4142135623730951
462, 30, 510, 155, 508, 154, 2, 1, 0.4636476090008061, 2.23606797749979
462, 35, 483, 142, 482, 143, 1, -1, -0.7853981633974483, 1.4142135623730951
462, 39, 100, 168, 99, 169, 1, -1, -0.7853981633974483, 1.4142135623730951
462, 42, 156, 283, 157, 282, -1, 1, 2.356194490192345, 1.4142135623730951
462, 48, 458, 200, 459, 203, -1, -3, -1.892546881191539, 3.1622776601683795
462, 49, 184, 227, 185, 229, -1, -2, -2.0344439357957027, 2.23606797749979
462, 60, 513, 154, 511, 153, 2, 1, 0.4636476090008061, 2.23606797749979
462, 61, 424, 270, 423, 272, 1, -2, -1.1071487177940904, 2.23606797749979
462, 66, 372, 300, 371, 302, 1, -2, -1.1071487177940904, 2.23606797749979
462, 84, 395, 258, 394, 260, 1, -2, -1.1071487177940904, 2.23606797749979
462, 88, 40, 328, 41, 327, -1, 1, 2.356194490192345, 1.4142135623730951
463, 3, 577, 236, 577, 234, 0, 2, 1.5707963267948966, 2.0
463, 7, 85, 221, 84, 222, 1, -1, -0.7853981633974483, 1.4142135623730951
463, 17, 344, 333, 343, 334, 1, -1, -0.7853981633974483, 1.4142135623730951
463, 27, 72, 373, 71, 374, 1, -1, -0.7853981633974483, 1.4142135623730951
463, 34, 484, 141, 483, 142, 1, -1, -0.7853981633974483, 1.4142135623730951
463, 40, 208, 326, 209, 325, -1, 1, 2.356194490192345, 1.4142135623730951
463, 47, 457, 197, 458, 200, -1, -3, -1.892546881191539, 3.1622776601683795
463, 58, 515, 154, 513, 154, 2, 0, 0.0, 2.0
463, 64, 373, 298, 372, 300, 1, -2, -1.1071487177940904, 2.23606797749979
463, 80, 395, 256, 395, 258, 0, -2, -1.5707963267948966, 2.0
463, 87, 35, 401, 34, 402, 1, -1, -0.7853981633974483, 1.4142135623730951
464, 3, 578, 237, 577, 236, 1, 1, 0.7853981633974483, 1.4142135623730951
464, 7, 86, 220, 85, 221, 1, -1, -0.7853981633974483, 1.4142135623730951
464, 19, 21, 212, 20, 213, 1, -1, -0.7853981633974483, 1.4142135623730951
464, 36, 537, 187, 535, 186, 2, 1, 0.4636476090008061, 2.23606797749979
464, 37, 102, 167, 100, 167, 2, 0, 0.0, 2.0
464, 39, 206, 325, 208, 326, -2, -1, -2.677945044588987, 2.23606797749979
464, 46, 457, 194, 457, 197, 0, -3, -1.5707963267948966, 3.0
464, 56, 516, 155, 515, 154, 1, 1, 0.7853981633974483, 1.4142135623730951
464, 59, 89, 362, 88, 361, 1, 1, 0.7853981633974483, 1.4142135623730951
464, 62, 373, 295, 373, 298, 0, -3, -1.5707963267948966, 3.0
464, 64, 370, 352, 370, 354, 0, -2, -1.5707963267948966, 2.0
464, 72, 276, 360, 275, 361, 1, -1, -0.7853981633974483, 1.4142135623730951
464, 78, 395, 254, 395, 256, 0, -2, -1.5707963267948966, 2.0
464, 79, 114, 369, 113, 370, 1, -1, -0.7853981633974483, 1.4142135623730951
465, 4, 579, 235, 578, 234, 1, 1, 0.7853981633974483, 1.4142135623730951
465, 19, 460, 201, 461, 203, -1, -2, -2.0344439357957027, 2.23606797749979
465, 25, 428, 269, 428, 272, 0, -3, -1.5707963267948966, 3.0
465, 26, 22, 214, 21, 213, 1, 1, 0.7853981633974483, 1.4142135623730951
465, 28, 104, 169, 103, 170, 1, -1, -0.7853981633974483, 1.4142135623730951
465, 33, 175, 338, 174, 339, 1, -1, -0.7853981633974483, 1.4142135623730951
465, 44, 341, 338, 340, 339, 1, -1, -0.7853981633974483, 1.4142135623730951
465, 47, 485, 143, 484, 144, 1, -1, -0.7853981633974483, 1.4142135623730951
465, 48, 30, 196, 29, 197, 1, -1, -0.7853981633974483, 1.4142135623730951
465, 50, 374, 299, 373, 301, 1, -2, -1.1071487177940904, 2.23606797749979
465, 60, 21, 326, 19, 327, 2, -1, -0.4636476090008061, 2.23606797749979
465, 62, 397, 257, 396, 259, 1, -2, -1.1071487177940904, 2.23606797749979
465, 64, 533, 180, 531, 178, 2, 2, 0.7853981633974483, 2.8284271247461903
465, 66, 360, 334, 360, 336, 0, -2, -1.5707963267948966, 2.0
465, 69, 466, 171, 466, 173, 0, -2, -1.5707963267948966, 2.0
465, 77, 521, 153, 520, 150, 1, 3, 1.2490457723982544, 3.1622776601683795
465, 81, 62, 379, 61, 380, 1, -1, -0.7853981633974483, 1.4142135623730951
466, 4, 580, 236, 579, 235, 1, 1, 0.7853981633974483, 1.4142135623730951
466, 11, 39, 329, 41, 329, -2, 0, 3.141592653589793, 2.0
466, 15, 27, 188, 26, 187, 1, 1, 0.7853981633974483, 1.4142135623730951
466, 19, 460, 199, 460, 201, 0, -2, -1.5707963267948966, 2.0
466, 25, 431, 267, 428, 269, 3, -2, -0.5880026035475675, 3.605551275463989
466, 26, 24, 214, 22, 214, 2, 0, 0.0, 2.0
466, 28, 105, 168, 104, 169, 1, -1, -0.7853981633974483, 1.4142135623730951
466, 29, 230, 316, 229, 315, 1, 1, 0.7853981633974483, 1.4142135623730951
466, 36, 75, 372, 74, 373, 1, -1, -0.7853981633974483, 1.4142135623730951
466, 47, 486, 142, 485, 143, 1, -1, -0.7853981633974483, 1.4142135623730951
466, 49, 374, 297, 374, 299, 0, -2, -1.5707963267948966, 2.0
466, 55, 52, 191, 51, 192, 1, -1, -0.7853981633974483, 1.4142135623730951
466, 59, 22, 325, 21, 326, 1, -1, -0.7853981633974483, 1.4142135623730951
466, 63, 529, 178, 533, 180, -4, -2, -2.677945044588987, 4.47213595499958
466, 65, 361, 332, 360, 334, 1, -2, -1.1071487177940904, 2.23606797749979
466, 68, 466, 169, 466, 171, 0, -2, -1.5707963267948966, 2.0
466, 75, 540, 190, 539, 189, 1, 1, 0.7853981633974483, 1.4142135623730951
467, 4, 580, 238, 580, 236, 0, 2, 1.5707963267948966, 2.0
467, 10, 37, 329, 39, 329, -2, 0, 3.141592653589793, 2.0
467, 22, 433, 264, 431, 267, 2, -3, -0.982793723247329, 3.605551275463989
467, 25, 106, 167, 105, 168, 1, -1, -0.7853981633974483, 1.4142135623730951
467, 39, 24, 194, 23, 195, 1, -1, -0.7853981633974483, 1.4142135623730951
467, 41, 342, 336, 341, 337, 1, -1, -0.7853981633974483, 1.4142135623730951
467, 44, 487, 141, 486, 142, 1, -1, -0.7853981633974483, 1.4142135623730951
467, 46, 374, 294, 374, 297, 0, -3, -1.5707963267948966, 3.0
467, 50, 139, 349, 138, 350, 1, -1, -0.7853981633974483, 1.4142135623730951
467, 56, 23, 324, 22, 325, 1, -1, -0.7853981633974483, 1.4142135623730951
467, 58, 397, 254, 397, 256, 0, -2, -1.5707963267948966, 2.0
467, 59, 532, 178, 529, 178, 3, 0, 0.0, 3.0
467, 63, 466, 167, 466, 169, 0, -2, -1.5707963267948966, 2.0
467, 70, 541, 191, 540, 190, 1, 1, 0.7853981633974483, 1.4142135623730951
467, 71, 520, 154, 521, 153, -1, 1, 2.356194490192345, 1.4142135623730951
467, 73, 381, 342, 381, 345, 0, -3, -1.5707963267948966, 3.0
467, 75, 63, 378, 62, 379, 1, -1, -0.7853981633974483, 1.4142135623730951
468, 4, 581, 240, 580, 238, 1, 2, 1.1071487177940904, 2.23606797749979
468, 10, 35, 329, 37, 329, -2, 0, 3.141592653589793, 2.0
468, 12, 219, 322, 218, 323, 1, -1, -0.7853981633974483, 1.4142135623730951
468, 20, 279, 385, 278, 386, 1, -1, -0.7853981633974483, 1.4142135623730951
468, 21, 434, 260, 433, 264, 1, -4, -1.3258176636680326, 4.123105625617661
468, 24, 107, 166, 106, 167, 1, -1, -0.7853981633974483, 1.4142135623730951
468, 32, 76, 371, 75, 372, 1, -1, -0.7853981633974483, 1.4142135623730951
468, 45, 375, 292, 374, 294, 1, -2, -1.1071487177940904, 2.23606797749979
468, 55, 25, 324, 23, 324, 2, 0, 0.0, 2.0
468, 57, 397, 252, 397, 254, 0, -2, -1.5707963267948966, 2.0
468, 58, 532, 182, 532, 178, 0, 4, 1.5707963267948966, 4.0
468, 59, 306, 402, 305, 403, 1, -1, -0.7853981633974483, 1.4142135623730951
468, 62, 466, 165, 466, 167, 0, -2, -1.5707963267948966, 2.0
468, 67, 543, 193, 541, 191, 2, 2, 0.7853981633974483, 2.8284271247461903
468, 68, 522, 158, 520, 154, 2, 4, 1.1071487177940904, 4.47213595499958
468, 70, 380, 340, 381, 342, -1, -2, -2.0344439357957027, 2.23606797749979
469, 3, 582, 242, 581, 240, 1, 2, 1.1071487177940904, 2.23606797749979
469, 10, 64, 408, 63, 409, 1, -1, -0.7853981633974483, 1.4142135623730951
469, 20, 434, 257, 434, 260, 0, -3, -1.5707963267948966, 3.0
469, 21, 28, 214, 26, 214, 2, 0, 0.0, 2.0
469, 23, 108, 165, 107, 166, 1, -1, -0.7853981633974483, 1.4142135623730951
469, 38, 343, 334, 342, 335, 1, -1, -0.7853981633974483, 1.4142135623730951
469, 41, 489, 140, 488, 141, 1, -1, -0.7853981633974483, 1.4142135623730951
469, 43, 375, 290, 375, 292, 0, -2, -1.5707963267948966, 2.0
469, 46, 277, 361, 276, 362, 1, -1, -0.7853981633974483, 1.4142135623730951
469, 54, 395, 250, 397, 252, -2, -2, -2.356194490192345, 2.8284271247461903
469, 55, 537, 183, 532, 182, 5, 1, 0.19739555984988075, 5.0990195135927845
469, 59, 466, 163, 466, 165, 0, -2, -1.5707963267948966, 2.0
469, 64, 543, 195, 543, 193, 0, 2, 1.5707963267948966, 2.0
469, 65, 524, 160, 522, 158, 2, 2, 0.7853981633974483, 2.8284271247461903
469, 67, 382, 338, 380, 340, 2, -2, -0.7853981633974483, 2.8284271247461903
469, 68, 15, 217, 16, 219, -1, -2, -2.0344439357957027, 2.23606797749979
469, 69, 64, 375, 63, 377, 1, -2, -1.1071487177940904, 2.23606797749979
470, 5, 583, 242, 581, 240, 2, 2, 0.7853981633974483, 2.8284271247461903
470, 7, 77, 375, 76, 376, 1, -1, -0.7853981633974483, 1.4142135623730951
470, 15, 129, 194, 128, 195, 1, -1, -0.7853981633974483, 1.4142135623730951
470, 17, 221, 322, 220, 323, 1, -1, -0.7853981633974483, 1.4142135623730951
470, 18, 460, 194, 461, 196, -1, -2, -2.0344439357957027, 2.23606797749979
470, 24, 306, 402, 305, 403, 1, -1, -0.7853981633974483, 1.4142135623730951
470, 25, 344, 336, 344, 338, 0, -2, -1.5707963267948966, 2.0
470, 26, 244, 371, 243, 372, 1, -1, -0.7853981633974483, 1.4142135623730951
470, 28, 522, 160, 520, 158, 2, 2, 0.7853981633974483, 2.8284271247461903
470, 30, 252, 248, 251, 249, 1, -1, -0.7853981633974483, 1.4142135623730951
470, 34, 491, 143, 490, 144, 1, -1, -0.7853981633974483, 1.4142135623730951
470, 44, 541, 190, 540, 188, 1, 2, 1.1071487177940904, 2.23606797749979
470, 49, 396, 253, 396, 255, 0, -2, -1.5707963267948966, 2.0
470, 51, 376, 294, 375, 296, 1, -2, -1.1071487177940904, 2.23606797749979
470, 54, 367, 331, 366, 333, 1, -2, -1.1071487177940904, 2.23606797749979
470, 56, 379, 347, 378, 349, 1, -2, -1.1071487177940904, 2.23606797749979
470, 60, 433, 263, 433, 266, 0, -3, -1.5707963267948966, 3.0
470, 66, 467, 168, 467, 170, 0, -2, -1.5707963267948966, 2.0
471, 5, 585, 243, 583, 242, 2, 1, 0.4636476090008061, 2.23606797749979
471, 15, 130, 193, 129, 194, 1, -1, -0.7853981633974483, 1.4142135623730951
471, 26, 107, 169, 106, 170, 1, -1, -0.7853981633974483, 1.4142135623730951
471, 27, 524, 162, 522, 160, 2, 2, 0.7853981633974483, 2.8284271247461903
471, 31, 55, 265, 54, 266, 1, -1, -0.7853981633974483, 1.4142135623730951
471, 32, 57, 191, 56, 192, 1, -1, -0.7853981633974483, 1.4142135623730951
471, 33, 492, 142, 491, 143, 1, -1, -0.7853981633974483, 1.4142135623730951
471, 42, 543, 191, 541, 190, 2, 1, 0.4636476090008061, 2.23606797749979
471, 47, 376, 292, 376, 294, 0, -2, -1.5707963267948966, 2.0
471, 50, 369, 329, 367, 331, 2, -2, -0.7853981633974483, 2.8284271247461903
471, 51, 334, 394, 333, 395, 1, -1, -0.7853981633974483, 1.4142135623730951
471, 52, 381, 344, 379, 347, 2, -3, -0.982793723247329, 3.605551275463989
471, 55, 326, 348, 325, 349, 1, -1, -0.7853981633974483, 1.4142135623730951
471, 56, 434, 261, 433, 263, 1, -2, -1.1071487177940904, 2.23606797749979
471, 62, 467, 166, 467, 168, 0, -2, -1.5707963267948966, 2.0
472, 5, 587, 245, 585, 243, 2, 2, 0.7853981633974483, 2.8284271247461903
472, 10, 250, 304, 250, 306, 0, -2, -1.5707963267948966, 2.0
472, 18, 274, 322, 276, 321, -2, 1, 2.677945044588987, 2.23606797749979
472, 24, 345, 335, 344, 336, 1, -1, -0.7853981633974483, 1.4142135623730951
472, 26, 108, 168, 107, 169, 1, -1, -0.7853981633974483, 1.4142135623730951
472, 27, 523, 163, 524, 162, -1, 1, 2.356194490192345, 1.4142135623730951
472, 30, 58, 190, 57, 191, 1, -1, -0.7853981633974483, 1.4142135623730951
472, 31, 494, 141, 492, 142, 2, -1, -0.4636476090008061, 2.23606797749979
472, 35, 40, 403, 39, 404, 1, -1, -0.7853981633974483, 1.4142135623730951
472, 36, 514, 155, 514, 153, 0, 2, 1.5707963267948966, 2.0
472, 39, 544, 192, 543, 191, 1, 1, 0.7853981633974483, 1.4142135623730951
472, 42, 396, 250, 396, 252, 0, -2, -1.5707963267948966, 2.0
472, 44, 377, 290, 376, 292, 1, -2, -1.1071487177940904, 2.23606797749979
472, 46, 370, 327, 369, 329, 1, -2, -1.1071487177940904, 2.23606797749979
472, 47, 335, 393, 334, 394, 1, -1, -0.7853981633974483, 1.4142135623730951
472, 48, 385, 340, 381, 344, 4, -4, -0.7853981633974483, 5.656854249492381
472, 51, 327, 346, 326, 348, 1, -2, -1.1071487177940904, 2.23606797749979
472, 52, 434, 259, 434, 261, 0, -2, -1.5707963267948966, 2.0
472, 58, 467, 164, 467, 166, 0, -2, -1.5707963267948966, 2.0
473, 2, 286, 211, 285, 212, 1, -1, -0.7853981633974483, 1.4142135623730951
473, 4, 589, 247, 587, 245, 2, 2, 0.7853981633974483, 2.8284271247461903
473, 15, 72, 409, 67, 411, 5, -2, -0.3805063771123649, 5.385164807134504
473, 20, 254, 389, 253, 391, 1, -2, -1.1071487177940904, 2.23606797749979
473, 23, 345, 333, 345, 335, 0, -2, -1.5707963267948966, 2.0
473, 25, 109, 167, 108, 168, 1, -1, -0.7853981633974483, 1.4142135623730951
473, 28, 57, 264, 56, 265, 1, -1, -0.7853981633974483, 1.4142135623730951
473, 30, 495, 140, 494, 141, 1, -1, -0.7853981633974483, 1.4142135623730951
473, 35, 513, 159, 514, 155, -1, 4, 1.8157749899217608, 4.123105625617661
473, 36, 95, 360, 91, 361, 4, -1, -0.24497866312686414, 4.123105625617661
473, 38, 545, 194, 544, 192, 1, 2, 1.1071487177940904, 2.23606797749979
473, 39, 152, 283, 150, 283, 2, 0, 0.0, 2.0
473, 41, 397, 249, 396, 250, 1, -1, -0.7853981633974483, 1.4142135623730951
473, 43, 377, 288, 377, 290, 0, -2, -1.5707963267948966, 2.0
473, 45, 371, 325, 370, 327, 1, -2, -1.1071487177940904, 2.23606797749979
473, 46, 336, 392, 335, 393, 1, -1, -0.7853981633974483, 1.4142135623730951
473, 47, 388, 337, 385, 340, 3, -3, -0.7853981633974483, 4.242640687119285
473, 50, 330, 345, 327, 346, 3, -1, -0.3217505543966422, 3.1622776601683795
473, 52, 271, 227, 270, 226, 1, 1, 0.7853981633974483, 1.4142135623730951
473, 54, 188, 182, 187, 183, 1, -1, -0.7853981633974483, 1.4142135623730951
473, 56, 467, 162, 467, 164, 0, -2, -1.5707963267948966, 2.0
474, 4, 590, 249, 589, 247, 1, 2, 1.1071487177940904, 2.23606797749979
474, 13, 130, 190, 130, 192, 0, -2, -1.5707963267948966, 2.0
474, 19, 255, 388, 254, 389, 1, -1, -0.7853981633974483, 1.4142135623730951
474, 21, 307, 399, 306, 400, 1, -1, -0.7853981633974483, 1.4142135623730951
474, 23, 109, 165, 109, 167, 0, -2, -1.5707963267948966, 2.0
474, 26, 59, 265, 57, 264, 2, 1, 0.4636476090008061, 2.23606797749979
474, 30, 216, 214, 215, 215, 1, -1, -0.7853981633974483, 1.4142135623730951
474, 33, 512, 162, 513, 159, -1, 3, 1.892546881191539, 3.1622776601683795
474, 36, 546, 195, 545, 194, 1, 1, 0.7853981633974483, 1.4142135623730951
474, 38, 398, 247, 397, 249, 1, -2, -1.1071487177940904, 2.23606797749979
474, 42, 372, 323, 371, 325, 1, -2, -1.1071487177940904, 2.23606797749979
474, 44, 390, 334, 388, 337, 2, -3, -0.982793723247329, 3.605551275463989
474, 47, 333, 344, 330, 345, 3, -1, -0.3217505543966422, 3.1622776601683795
474, 53, 468, 161, 467, 162, 1, -1, -0.7853981633974483, 1.4142135623730951
475, 3, 586, 247, 586, 245, 0, 2, 1.5707963267948966, 2.0
475, 9, 349, 334, 348, 336, 1, -2, -1.1071487177940904, 2.23606797749979
475, 19, 158, 312, 157, 313, 1, -1, -0.7853981633974483, 1.4142135623730951
475, 21, 122, 190, 121, 191, 1, -1, -0.7853981633974483, 1.4142135623730951
475, 24, 110, 169, 109, 170, 1, -1, -0.7853981633974483, 1.4142135623730951
475, 27, 60, 192, 59, 193, 1, -1, -0.7853981633974483, 1.4142135623730951
475, 37, 437, 164, 437, 167, 0, -3, -1.5707963267948966, 3.0
475, 38, 256, 293, 256, 295, 0, -2, -1.5707963267948966, 2.0
475, 40, 543, 198, 543, 195, 0, 3, 1.5707963267948966, 3.0
475, 43, 461, 193, 462, 195, -1, -2, -2.0344439357957027, 2.23606797749979
475, 45, 424, 209, 423, 211, 1, -2, -1.1071487177940904, 2.23606797749979
475, 48, 29, 195, 27, 195, 2, 0, 0.0, 2.0
475, 55, 547, 206, 549, 205, -2, 1, 2.677945044588987, 2.23606797749979
475, 61, 553, 191, 553, 189, 0, 2, 1.5707963267948966, 2.0
475, 64, 15, 386, 14, 387, 1, -1, -0.7853981633974483, 1.4142135623730951
475, 68, 396, 248, 395, 250, 1, -2, -1.1071487177940904, 2.23606797749979
475, 69, 467, 164, 467, 166, 0, -2, -1.5707963267948966, 2.0
475, 74, 407, 302, 406, 305, 1, -3, -1.2490457723982544, 3.1622776601683795
476, 3, 586, 249, 586, 247, 0, 2, 1.5707963267948966, 2.0
476, 5, 133, 191, 132, 192, 1, -1, -0.7853981633974483, 1.4142135623730951
476, 9, 350, 333, 349, 334, 1, -1, -0.7853981633974483, 1.4142135623730951
476, 18, 46, 331, 46, 333, 0, -2, -1.5707963267948966, 2.0
476, 21, 123, 189, 122, 190, 1, -1, -0.7853981633974483, 1.4142135623730951
476, 23, 111, 168, 110, 169, 1, -1, -0.7853981633974483, 1.4142135623730951
476, 31, 309, 401, 308, 402, 1, -1, -0.7853981633974483, 1.4142135623730951
476, 36, 438, 163, 437, 164, 1, -1, -0.7853981633974483, 1.4142135623730951
476, 39, 543, 200, 543, 198, 0, 2, 1.5707963267948966, 2.0
476, 40, 102, 314, 99, 314, 3, 0, 0.0, 3.0
476, 42, 461, 191, 461, 193, 0, -2, -1.5707963267948966, 2.0
476, 44, 425, 207, 424, 209, 1, -2, -1.1071487177940904, 2.23606797749979
476, 48, 193, 185, 189, 184, 4, 1, 0.24497866312686414, 4.123105625617661
476, 49, 259, 396, 257, 397, 2, -1, -0.4636476090008061, 2.23606797749979
476, 51, 80, 315, 77, 315, 3, 0, 0.0, 3.0
476, 54, 545, 206, 547, 206, -2, 0, 3.141592653589793, 2.0
476, 55, 42, 379, 41, 380, 1, -1, -0.7853981633974483, 1.4142135623730951
476, 57, 280, 361, 279, 362, 1, -1, -0.7853981633974483, 1.4142135623730951
476, 59, 255, 251, 252, 249, 3, 2, 0.5880026035475675, 3.605551275463989
476, 60, 554, 194, 553, 191, 1, 3, 1.2490457723982544, 3.1622776601683795
476, 64, 173, 193, 171, 193, 2, 0, 0.0, 2.0
476, 66, 397, 246, 396, 248, 1, -2, -1.1071487177940904, 2.23606797749979
476, 67, 467, 162, 467, 164, 0, -2, -1.5707963267948966, 2.0
476, 68, 340, 392, 339, 393, 1, -1, -0.7853981633974483, 1.4142135623730951
476, 72, 408, 300, 407, 302, 1, -2, -1.1071487177940904, 2.23606797749979
477, 6, 62, 288, 61, 289, 1, -1, -0.7853981633974483, 1.4142135623730951
477, 8, 351, 332, 350, 333, 1, -1, -0.7853981633974483, 1.4142135623730951
477, 25, 2, 237, 4, 237, -2, 0, 3.141592653589793, 2.0
477, 31, 44, 403, 43, 404, 1, -1, -0.7853981633974483, 1.4142135623730951
477, 34, 439, 162, 438, 163, 1, -1, -0.7853981633974483, 1.4142135623730951
477, 37, 544, 203, 543, 200, 1, 3, 1.2490457723982544, 3.1622776601683795
477, 40, 461, 189, 461, 191, 0, -2, -1.5707963267948966, 2.0
477, 42, 426, 206, 425, 207, 1, -1, -0.7853981633974483, 1.4142135623730951
477, 58, 555, 196, 554, 194, 1, 2, 1.1071487177940904, 2.23606797749979
477, 62, 174, 194, 173, 193, 1, 1, 0.7853981633974483, 1.4142135623730951
477, 63, 191, 204, 190, 205, 1, -1, -0.7853981633974483, 1.4142135623730951
477, 64, 397, 244, 397, 246, 0, -2, -1.5707963267948966, 2.0
477, 66, 341, 391, 340, 392, 1, -1, -0.7853981633974483, 1.4142135623730951
477, 70, 407, 298, 408, 300, -1, -2, -2.0344439357957027, 2.23606797749979
478, 2, 587, 252, 586, 250, 1, 2, 1.1071487177940904, 2.23606797749979
478, 8, 352, 330, 351, 332, 1, -2, -1.1071487177940904, 2.23606797749979
478, 17, 159, 310, 158, 311, 1, -1, -0.7853981633974483, 1.4142135623730951
478, 18, 498, 142, 497, 143, 1, -1, -0.7853981633974483, 1.4142135623730951
478, 28, 310, 399, 309, 400, 1, -1, -0.7853981633974483, 1.4142135623730951
478, 31, 71, 412, 70, 413, 1, -1, -0.7853981633974483, 1.4142135623730951
478, 39, 460, 187, 461, 189, -1, -2, -2.0344439357957027, 2.23606797749979
478, 41, 425, 207, 426, 206, -1, 1, 2.356194490192345, 1.4142135623730951
478, 48, 79, 315, 80, 314, -1, 1, 2.356194490192345, 1.4142135623730951
478, 53, 68, 375, 67, 376, 1, -1, -0.7853981633974483, 1.4142135623730951
478, 55, 385, 343, 384, 344, 1, -1, -0.7853981633974483, 1.4142135623730951
478, 57, 553, 199, 555, 196, -2, 3, 2.158798930342464, 3.605551275463989
478, 63, 398, 241, 397, 244, 1, -3, -1.2490457723982544, 3.1622776601683795
478, 64, 467, 159, 467, 161, 0, -2, -1.5707963267948966, 2.0
479, 1, 588, 254, 587, 252, 1, 2, 1.1071487177940904, 2.23606797749979
479, 7, 353, 329, 352, 330, 1, -1, -0.7853981633974483, 1.4142135623730951
479, 16, 500, 142, 498, 142, 2, 0, 0.0, 2.0
479, 21, 64, 191, 63, 192, 1, -1, -0.7853981633974483, 1.4142135623730951
479, 23, 97, 200, 96, 201, 1, -1, -0.7853981633974483, 1.4142135623730951
479, 27, 46, 402, 45, 403, 1, -1, -0.7853981633974483, 1.4142135623730951
479, 33, 543, 205, 544, 204, -1, 1, 2.356194490192345, 1.4142135623730951
479, 35, 460, 185, 460, 187, 0, -2, -1.5707963267948966, 2.0
479, 44, 143, 345, 142, 346, 1, -1, -0.7853981633974483, 1.4142135623730951
479, 48, 69, 374, 68, 375, 1, -1, -0.7853981633974483, 1.4142135623730951
479, 52, 554, 201, 553, 199, 1, 2, 1.1071487177940904, 2.23606797749979
479, 57, 192, 203, 191, 204, 1, -1, -0.7853981633974483, 1.4142135623730951
479, 58, 399, 239, 398, 241, 1, -2, -1.1071487177940904, 2.23606797749979
479, 59, 467, 157, 467, 159, 0, -2, -1.5707963267948966, 2.0
479, 60, 342, 388, 341, 390, 1, -2, -1.1071487177940904, 2.23606797749979
480, 0, 288, 213, 287, 214, 1, -1, -0.7853981633974483, 1.4142135623730951
480, 2, 590, 254, 588, 251, 2, 3, 0.982793723247329, 3.605551275463989
480, 7, 57, 242, 56, 243, 1, -1, -0.7853981633974483, 1.4142135623730951
480, 10, 137, 195, 136, 196, 1, -1, -0.7853981633974483, 1.4142135623730951
480, 12, 73, 411, 72, 412, 1, -1, -0.7853981633974483, 1.4142135623730951
480, 31, 525, 172, 523, 172, 2, 0, 0.0, 2.0
480, 34, 399, 247, 398, 249, 1, -2, -1.1071487177940904, 2.23606797749979
480, 35, 317, 371, 316, 372, 1, -1, -0.7853981633974483, 1.4142135623730951
480, 38, 47, 401, 45, 402, 2, -1, -0.4636476090008061, 2.23606797749979
480, 40, 143, 217, 142, 216, 1, 1, 0.7853981633974483, 1.4142135623730951
480, 42, 466, 187, 467, 189, -1, -2, -2.0344439357957027, 2.23606797749979
480, 43, 433, 252, 433, 254, 0, -2, -1.5707963267948966, 2.0
480, 52, 388, 347, 385, 348, 3, -1, -0.3217505543966422, 3.1622776601683795
480, 53, 465, 158, 465, 160, 0, -2, -1.5707963267948966, 2.0
480, 55, 381, 284, 381, 286, 0, -2, -1.5707963267948966, 2.0
480, 57, 500, 142, 498, 142, 2, 0, 0.0, 2.0
480, 59, 125, 190, 124, 191, 1, -1, -0.7853981633974483, 1.4142135623730951
480, 61, 342, 390, 341, 391, 1, -1, -0.7853981633974483, 1.4142135623730951
481, 2, 592, 257, 590, 254, 2, 3, 0.982793723247329, 3.605551275463989
481, 5, 76, 337, 75, 338, 1, -1, -0.7853981633974483, 1.4142135623730951
481, 10, 138, 194, 137, 195, 1, -1, -0.7853981633974483, 1.4142135623730951
481, 11, 254, 250, 253, 251, 1, -1, -0.7853981633974483, 1.4142135623730951
481, 18, 353, 330, 352, 332, 1, -2, -1.1071487177940904, 2.23606797749979
481, 19, 192, 408, 190, 410, 2, -2, -0.7853981633974483, 2.8284271247461903
481, 23, 39, 290, 37, 290, 2, 0, 0.0, 2.0
481, 29, 526, 171, 525, 172, 1, -1, -0.7853981633974483, 1.4142135623730951
481, 31, 399, 245, 399, 247, 0, -2, -1.5707963267948966, 2.0
481, 32, 318, 370, 317, 371, 1, -1, -0.7853981633974483, 1.4142135623730951
481, 34, 316, 397, 314, 400, 2, -3, -0.982793723247329, 3.605551275463989
481, 35, 48, 400, 47, 401, 1, -1, -0.7853981633974483, 1.4142135623730951
481, 36, 98, 201, 97, 202, 1, -1, -0.7853981633974483, 1.4142135623730951
481, 39, 465, 185, 466, 187, -1, -2, -2.0344439357957027, 2.23606797749979
481, 40, 434, 249, 433, 252, 1, -3, -1.2490457723982544, 3.1622776601683795
481, 49, 390, 344, 388, 347, 2, -3, -0.982793723247329, 3.605551275463989
481, 50, 465, 156, 465, 158, 0, -2, -1.5707963267948966, 2.0
481, 51, 326, 355, 323, 355, 3, 0, 0.0, 3.0
481, 52, 381, 281, 381, 284, 0, -3, -1.5707963267948966, 3.0
481, 54, 502, 142, 500, 142, 2, 0, 0.0, 2.0
481, 57, 151, 219, 150, 218, 1, 1, 0.7853981633974483, 1.4142135623730951
482, 9, 139, 193, 138, 194, 1, -1, -0.7853981633974483, 1.4142135623730951
482, 17, 353, 328, 353, 330, 0, -2, -1.5707963267948966, 2.0
482, 25, 66, 192, 65, 193, 1, -1, -0.7853981633974483, 1.4142135623730951
482, 30, 399, 243, 399, 245, 0, -2, -1.5707963267948966, 2.0
482, 33, 317, 396, 316, 397, 1, -1, -0.7853981633974483, 1.4142135623730951
482, 38, 465, 183, 465, 185, 0, -2, -1.5707963267948966, 2.0
482, 39, 436, 245, 434, 249, 2, -4, -1.1071487177940904, 4.47213595499958
482, 47, 78, 317, 79, 316, -1, 1, 2.356194490192345, 1.4142135623730951
482, 48, 393, 342, 390, 344, 3, -2, -0.5880026035475675, 3.605551275463989
482, 49, 465, 154, 465, 156, 0, -2, -1.5707963267948966, 2.0
482, 50, 328, 354, 326, 355, 2, -1, -0.4636476090008061, 2.23606797749979
482, 51, 382, 279, 381, 281, 1, -2, -1.1071487177940904, 2.23606797749979
482, 55, 126, 189, 125, 190, 1, -1, -0.7853981633974483, 1.4142135623730951
482, 57, 343, 387, 342, 389, 1, -2, -1.1071487177940904, 2.23606797749979
483, 0, 285, 213, 288, 213, -3, 0, 3.141592653589793, 3.0
483, 1, 592, 260, 592, 258, 0, 2, 1.5707963267948966, 2.0
483, 8, 140, 192, 139, 193, 1, -1, -0.7853981633974483, 1.4142135623730951
483, 10, 75, 409, 74, 410, 1, -1, -0.7853981633974483, 1.4142135623730951
483, 24, 68, 191, 66, 192, 2, -1, -0.4636476090008061, 2.23606797749979
483, 29, 400, 241, 399, 243, 1, -2, -1.1071487177940904, 2.23606797749979
483, 32, 318, 395, 317, 396, 1, -1, -0.7853981633974483, 1.4142135623730951
483, 33, 49, 399, 48, 400, 1, -1, -0.7853981633974483, 1.4142135623730951
483, 34, 100, 200, 99, 201, 1, -1, -0.7853981633974483, 1.4142135623730951
483, 37, 464, 181, 465, 183, -1, -2, -2.0344439357957027, 2.23606797749979
483, 39, 44, 377, 43, 378, 1, -1, -0.7853981633974483, 1.4142135623730951
483, 46, 79, 315, 78, 317, 1, -2, -1.1071487177940904, 2.23606797749979
483, 47, 393, 340, 393, 342, 0, -2, -1.5707963267948966, 2.0
483, 49, 330, 354, 328, 354, 2, 0, 0.0, 2.0
483, 50, 382, 277, 382, 279, 0, -2, -1.5707963267948966, 2.0
483, 52, 505, 142, 503, 142, 2, 0, 0.0, 2.0
483, 56, 344, 386, 343, 387, 1, -1, -0.7853981633974483, 1.4142135623730951
484, 1, 593, 261, 592, 260, 1, 1, 0.7853981633974483, 1.4142135623730951
484, 5, 58, 240, 57, 241, 1, -1, -0.7853981633974483, 1.4142135623730951
484, 24, 70, 190, 68, 191, 2, -1, -0.4636476090008061, 2.23606797749979
484, 26, 198, 184, 197, 185, 1, -1, -0.7853981633974483, 1.4142135623730951
484, 29, 401, 239, 400, 241, 1, -2, -1.1071487177940904, 2.23606797749979
484, 32, 319, 394, 318, 395, 1, -1, -0.7853981633974483, 1.4142135623730951
484, 33, 50, 398, 49, 399, 1, -1, -0.7853981633974483, 1.4142135623730951
484, 36, 464, 179, 464, 181, 0, -2, -1.5707963267948966, 2.0
484, 37, 436, 244, 436, 246, 0, -2, -1.5707963267948966, 2.0
484, 46, 395, 338, 393, 340, 2, -2, -0.7853981633974483, 2.8284271247461903
484, 48, 332, 353, 330, 354, 2, -1, -0.4636476090008061, 2.23606797749979
484, 49, 382, 275, 382, 277, 0, -2, -1.5707963267948966, 2.0
484, 51, 507, 142, 505, 142, 2, 0, 0.0, 2.0
484, 55, 345, 385, 344, 386, 1, -1, -0.7853981633974483, 1.4142135623730951
485, 1, 223, 297, 222, 299, 1, -2, -1.1071487177940904, 2.23606797749979
485, 14, 198, 409, 197, 410, 1, -1, -0.7853981633974483, 1.4142135623730951
485, 29, 402, 238, 402, 240, 0, -2, -1.5707963267948966, 2.0
485, 34, 440, 250, 439, 253, 1, -3, -1.2490457723982544, 3.1622776601683795
485, 36, 69, 192, 67, 193, 2, -1, -0.4636476090008061, 2.23606797749979
485, 42, 49, 401, 48, 402, 1, -1, -0.7853981633974483, 1.4142135623730951
485, 50, 546, 199, 544, 199, 2, 0, 0.0, 2.0
485, 61, 523, 167, 523, 169, 0, -2, -1.5707963267948966, 2.0
485, 69, 384, 279, 384, 281, 0, -2, -1.5707963267948966, 2.0
485, 71, 464, 184, 465, 186, -1, -2, -2.0344439357957027, 2.23606797749979
485, 72, 285, 389, 283, 389, 2, 0, 0.0, 2.0
486, 8, 593, 260, 592, 259, 1, 1, 0.7853981633974483, 1.4142135623730951
486, 17, 77, 411, 76, 412, 1, -1, -0.7853981633974483, 1.4142135623730951
486, 27, 403, 236, 402, 238, 1, -2, -1.1071487177940904, 2.23606797749979
486, 28, 283, 261, 284, 260, -1, 1, 2.356194490192345, 1.4142135623730951
486, 32, 440, 247, 440, 250, 0, -3, -1.5707963267948966, 3.0
486, 34, 70, 191, 69, 192, 1, -1, -0.7853981633974483, 1.4142135623730951
486, 40, 50, 400, 49, 401, 1, -1, -0.7853981633974483, 1.4142135623730951
486, 61, 506, 144, 504, 144, 2, 0, 0.0, 2.0
486, 65, 382, 277, 384, 279, -2, -2, -2.356194490192345, 2.8284271247461903
486, 67, 464, 182, 464, 184, 0, -2, -1.5707963267948966, 2.0
487, 8, 595, 261, 593, 260, 2, 1, 0.4636476090008061, 2.23606797749979
487, 16, 199, 184, 198, 185, 1, -1, -0.7853981633974483, 1.4142135623730951
487, 17, 78, 410, 77, 411, 1, -1, -0.7853981633974483, 1.4142135623730951
487, 27, 401, 235, 403, 236, -2, -1, -2.677945044588987, 2.23606797749979
487, 32, 441, 245, 440, 247, 1, -2, -1.1071487177940904, 2.23606797749979
487, 34, 71, 190, 70, 191, 1, -1, -0.7853981633974483, 1.4142135623730951
487, 45, 355, 326, 354, 328, 1, -2, -1.1071487177940904, 2.23606797749979
487, 47, 544, 206, 546, 200, -2, 6, 1.892546881191539, 6.324555320336759
487, 59, 552, 212, 551, 211, 1, 1, 0.7853981633974483, 1.4142135623730951
487, 60, 508, 144, 506, 144, 2, 0, 0.0, 2.0
487, 64, 382, 275, 382, 277, 0, -2, -1.5707963267948966, 2.0
487, 66, 463, 180, 464, 182, -1, -2, -2.0344439357957027, 2.23606797749979
488, 7, 596, 263, 595, 261, 1, 2, 1.1071487177940904, 2.23606797749979
488, 14, 200, 183, 199, 184, 1, -1, -0.7853981633974483, 1.4142135623730951
488, 30, 442, 242, 441, 245, 1, -3, -1.2490457723982544, 3.1622776601683795
488, 32, 72, 189, 71, 190, 1, -1, -0.7853981633974483, 1.4142135623730951
488, 38, 144, 345, 143, 346, 1, -1, -0.7853981633974483, 1.4142135623730951
488, 62, 383, 273, 382, 275, 1, -2, -1.1071487177940904, 2.23606797749979
488, 63, 462, 177, 463, 180, -1, -3, -1.892546881191539, 3.1622776601683795
489, 6, 598, 265, 596, 263, 2, 2, 0.7853981633974483, 2.8284271247461903
489, 13, 201, 182, 200, 183, 1, -1, -0.7853981633974483, 1.4142135623730951
489, 14, 79, 409, 78, 410, 1, -1, -0.7853981633974483, 1.4142135623730951
489, 24, 402, 233, 401, 234, 1, -1, -0.7853981633974483, 1.4142135623730951
489, 28, 443, 240, 442, 242, 1, -2, -1.1071487177940904, 2.23606797749979
489, 43, 545, 204, 544, 205, 1, -1, -0.7853981633974483, 1.4142135623730951
489, 55, 552, 213, 551, 212, 1, 1, 0.7853981633974483, 1.4142135623730951
489, 56, 510, 145, 509, 144, 1, 1, 0.7853981633974483, 1.4142135623730951
489, 59, 383, 270, 383, 273, 0, -3, -1.5707963267948966, 3.0
489, 60, 462, 175, 462, 177, 0, -2, -1.5707963267948966, 2.0
489, 61, 287, 386, 286, 387, 1, -1, -0.7853981633974483, 1.4142135623730951
490, 5, 597, 265, 596, 263, 1, 2, 1.1071487177940904, 2.23606797749979
490, 13, 358, 326, 357, 328, 1, -2, -1.1071487177940904, 2.23606797749979
490, 16, 560, 221, 558, 218, 2, 3, 0.982793723247329, 3.605551275463989
490, 20, 219, 221, 218, 220, 1, 1, 0.7853981633974483, 1.4142135623730951
490, 23, 274, 278, 271, 277, 3, 1, 0.3217505543966422, 3.1622776601683795
490, 24, 202, 186, 201, 187, 1, -1, -0.7853981633974483, 1.4142135623730951
490, 47, 7, 405, 5, 405, 2, 0, 0.0, 2.0
490, 48, 6, 242, 4, 243, 2, -1, -0.4636476090008061, 2.23606797749979
490, 53, 253, 306, 252, 307, 1, -1, -0.7853981633974483, 1.4142135623730951
490, 62, 248, 410, 245, 412, 3, -2, -0.5880026035475675, 3.605551275463989
490, 65, 444, 241, 444, 244, 0, -3, -1.5707963267948966, 3.0
490, 66, 533, 179, 534, 178, -1, 1, 2.356194490192345, 1.4142135623730951
490, 68, 134, 321, 131, 321, 3, 0, 0.0, 3.0
490, 71, 306, 298, 305, 295, 1, 3, 1.2490457723982544, 3.1622776601683795
490, 75, 29, 295, 28, 296, 1, -1, -0.7853981633974483, 1.4142135623730951
490, 80, 455, 182, 456, 185, -1, -3, -1.892546881191539, 3.1622776601683795
490, 85, 386, 275, 385, 276, 1, -1, -0.7853981633974483, 1.4142135623730951
490, 88, 9, 312, 8, 313, 1, -1, -0.7853981633974483, 1.4142135623730951
490, 90, 220, 325, 219, 324, 1, 1, 0.7853981633974483, 1.4142135623730951
490, 99, 52, 331, 51, 330, 1, 1, 0.7853981633974483, 1.4142135623730951
491, 5, 598, 267, 597, 265, 1, 2, 1.1071487177940904, 2.23606797749979
491, 13, 359, 323, 358, 326, 1, -3, -1.2490457723982544, 3.1622776601683795
491, 16, 561, 223, 560, 221, 1, 2, 1.1071487177940904, 2.23606797749979
491, 19, 220, 220, 219, 221, 1, -1, -0.7853981633974483, 1.4142135623730951
491, 22, 204, 186, 202, 186, 2, 0, 0.0, 2.0
491, 32, 119, 168, 118, 169, 1, -1, -0.7853981633974483, 1.4142135623730951
491, 43, 8, 404, 7, 405, 1, -1, -0.7853981633974483, 1.4142135623730951
491, 45, 512, 146, 511, 145, 1, 1, 0.7853981633974483, 1.4142135623730951
491, 50, 48, 377, 47, 378, 1, -1, -0.7853981633974483, 1.4142135623730951
491, 54, 391, 337, 392, 336, -1, 1, 2.356194490192345, 1.4142135623730951
491, 55, 259, 374, 258, 375, 1, -1, -0.7853981633974483, 1.4142135623730951
491, 61, 444, 238, 444, 241, 0, -3, -1.5707963267948966, 3.0
491, 62, 531, 180, 533, 179, -2, 1, 2.677945044588987, 2.23606797749979
491, 73, 296, 379, 295, 380, 1, -1, -0.7853981633974483, 1.4142135623730951
491, 75, 454, 179, 455, 182, -1, -3, -1.892546881191539, 3.1622776601683795
491, 80, 387, 273, 386, 275, 1, -2, -1.1071487177940904, 2.23606797749979
491, 89, 49, 198, 48, 199, 1, -1, -0.7853981633974483, 1.4142135623730951
491, 92, 53, 313, 52, 312, 1, 1, 0.7853981633974483, 1.4142135623730951
492, 5, 598, 269, 598, 267, 0, 2, 1.5707963267948966, 2.0
492, 13, 360, 321, 359, 323, 1, -2, -1.1071487177940904, 2.23606797749979
492, 16, 560, 226, 561, 223, -1, 3, 1.892546881191539, 3.1622776601683795
492, 23, 92, 222, 91, 223, 1, -1, -0.7853981633974483, 1.4142135623730951
492, 25, 6, 385, 5, 386, 1, -1, -0.7853981633974483, 1.4142135623730951
492, 43, 9, 403, 8, 404, 1, -1, -0.7853981633974483, 1.4142135623730951
492, 45, 514, 147, 512, 146, 2, 1, 0.4636476090008061, 2.23606797749979
492, 47, 295, 386, 294, 387, 1, -1, -0.7853981633974483, 1.4142135623730951
492, 51, 79, 411, 78, 412, 1, -1, -0.7853981633974483, 1.4142135623730951
492, 52, 54, 401, 53, 402, 1, -1, -0.7853981633974483, 1.4142135623730951
492, 55, 554, 214, 553, 212, 1, 2, 1.1071487177940904, 2.23606797749979
492, 60, 444, 236, 444, 238, 0, -2, -1.5707963267948966, 2.0
492, 61, 531, 182, 531, 180, 0, 2, 1.5707963267948966, 2.0
492, 72, 297, 378, 296, 379, 1, -1, -0.7853981633974483, 1.4142135623730951
492, 74, 453, 176, 454, 179, -1, -3, -1.892546881191539, 3.1622776601683795
492, 76, 569, 213, 568, 212, 1, 1, 0.7853981633974483, 1.4142135623730951
492, 79, 388, 270, 387, 273, 1, -3, -1.2490457723982544, 3.1622776601683795
492, 82, 10, 311, 9, 312, 1, -1, -0.7853981633974483, 1.4142135623730951
492, 84, 219, 326, 220, 325, -1, 1, 2.356194490192345, 1.4142135623730951
492, 90, 43, 186, 42, 187, 1, -1, -0.7853981633974483, 1.4142135623730951
493, 5, 599, 271, 598, 269, 1, 2, 1.1071487177940904, 2.23606797749979
493, 13, 360, 318, 360, 321, 0, -3, -1.5707963267948966, 3.0
493, 16, 558, 228, 560, 226, -2, 2, 2.356194490192345, 2.8284271247461903
493, 20, 82, 371, 81, 372, 1, -1, -0.7853981633974483, 1.4142135623730951
493, 23, 94, 221, 92, 222, 2, -1, -0.4636476090008061, 2.23606797749979
493, 36, 174, 393, 173, 392, 1, 1, 0.7853981633974483, 1.4142135623730951
493, 46, 296, 385, 295, 386, 1, -1, -0.7853981633974483, 1.4142135623730951
493, 50, 80, 410, 79, 411, 1, -1, -0.7853981633974483, 1.4142135623730951
493, 53, 260, 373, 259, 374, 1, -1, -0.7853981633974483, 1.4142135623730951
493, 54, 553, 217, 554, 214, -1, 3, 1.892546881191539, 3.1622776601683795
493, 58, 322, 391, 321, 392, 1, -1, -0.7853981633974483, 1.4142135623730951
493, 60, 531, 185, 531, 182, 0, 3, 1.5707963267948966, 3.0
493, 70, 298, 377, 297, 378, 1, -1, -0.7853981633974483, 1.4142135623730951
493, 72, 452, 173, 453, 176, -1, -3, -1.892546881191539, 3.1622776601683795
493, 74, 570, 214, 569, 213, 1, 1, 0.7853981633974483, 1.4142135623730951
493, 77, 389, 268, 388, 270, 1, -2, -1.1071487177940904, 2.23606797749979
493, 82, 216, 325, 219, 326, -3, -1, -2.819842099193151, 3.1622776601683795
493, 89, 53, 314, 54, 313, -1, 1, 2.356194490192345, 1.4142135623730951
494, 5, 599, 273, 599, 271, 0, 2, 1.5707963267948966, 2.0
494, 15, 556, 227, 558, 228, -2, -1, -2.677945044588987, 2.23606797749979
494, 26, 38, 268, 36, 268, 2, 0, 0.0, 2.0
494, 34, 107, 366, 106, 367, 1, -1, -0.7853981633974483, 1.4142135623730951
494, 41, 12, 402, 9, 403, 3, -1, -0.3217505543966422, 3.1622776601683795
494, 43, 516, 148, 514, 147, 2, 1, 0.4636476090008061, 2.23606797749979
494, 52, 553, 220, 553, 217, 0, 3, 1.5707963267948966, 3.0
494, 53, 166, 312, 165, 313, 1, -1, -0.7853981633974483, 1.4142135623730951
494, 54, 249, 408, 248, 409, 1, -1, -0.7853981633974483, 1.4142135623730951
494, 58, 531, 188, 531, 185, 0, 3, 1.5707963267948966, 3.0
494, 67, 299, 376, 298, 377, 1, -1, -0.7853981633974483, 1.4142135623730951
494, 69, 451, 169, 452, 173, -1, -4, -1.8157749899217608, 4.123105625617661
494, 71, 570, 216, 570, 214, 0, 2, 1.5707963267948966, 2.0
494, 74, 390, 266, 389, 268, 1, -2, -1.1071487177940904, 2.23606797749979
494, 81, 41, 272, 43, 271, -2, 1, 2.677945044588987, 2.23606797749979
494, 83, 52, 197, 51, 198, 1, -1, -0.7853981633974483, 1.4142135623730951
495, 8, 361, 322, 360, 324, 1, -2, -1.1071487177940904, 2.23606797749979
495, 9, 599, 272, 599, 270, 0, 2, 1.5707963267948966, 2.0
495, 17, 83, 407, 82, 408, 1, -1, -0.7853981633974483, 1.4142135623730951
495, 18, 461, 174, 462, 176, -1, -2, -2.0344439357957027, 2.23606797749979
495, 21, 298, 383, 297, 384, 1, -1, -0.7853981633974483, 1.4142135623730951
495, 26, 469, 135, 468, 136, 1, -1, -0.7853981633974483, 1.4142135623730951
495, 31, 534, 185, 531, 182, 3, 3, 0.7853981633974483, 4.242640687119285
495, 35, 201, 409, 200, 410, 1, -1, -0.7853981633974483, 1.4142135623730951
495, 36, 52, 333, 53, 332, -1, 1, 2.356194490192345, 1.4142135623730951
495, 39, 162, 313, 161, 314, 1, -1, -0.7853981633974483, 1.4142135623730951
495, 40, 76, 191, 75, 192, 1, -1, -0.7853981633974483, 1.4142135623730951
495, 45, 445, 237, 445, 239, 0, -2, -1.5707963267948966, 2.0
495, 53, 475, 154, 474, 155, 1, -1, -0.7853981633974483, 1.4142135623730951
495, 55, 56, 402, 55, 403, 1, -1, -0.7853981633974483, 1.4142135623730951
495, 57, 19, 292, 18, 293, 1, -1, -0.7853981633974483, 1.4142135623730951
495, 60, 390, 269, 389, 272, 1, -3, -1.2490457723982544, 3.1622776601683795
495, 62, 28, 339, 27, 340, 1, -1, -0.7853981633974483, 1.4142135623730951
495, 63, 51, 199, 50, 200, 1, -1, -0.7853981633974483, 1.4142135623730951
495, 67, 515, 149, 514, 148, 1, 1, 0.7853981633974483, 1.4142135623730951
495, 68, 43, 197, 42, 198, 1, -1, -0.7853981633974483, 1.4142135623730951
495, 69, 12, 312, 11, 313, 1, -1, -0.7853981633974483, 1.4142135623730951
495, 77, 559, 223, 560, 225, -1, -2, -2.0344439357957027, 2.23606797749979
495, 79, 206, 186, 204, 186, 2, 0, 0.0, 2.0
495, 81, 420, 282, 420, 284, 0, -2, -1.5707963267948966, 2.0
495, 83, 179, 199, 178, 200, 1, -1, -0.7853981633974483, 1.4142135623730951
495, 87, 405, 326, 404, 328, 1, -2, -1.1071487177940904, 2.23606797749979
496, 8, 361, 320, 361, 322, 0, -2, -1.5707963267948966, 2.0
496, 9, 601, 274, 599, 272, 2, 2, 0.7853981633974483, 2.8284271247461903
496, 18, 460, 172, 461, 174, -1, -2, -2.0344439357957027, 2.23606797749979
496, 26, 469, 133, 469, 135, 0, -2, -1.5707963267948966, 2.0
496, 31, 535, 188, 534, 185, 1, 3, 1.2490457723982544, 3.1622776601683795
496, 42, 84, 415, 83, 416, 1, -1, -0.7853981633974483, 1.4142135623730951
496, 44, 445, 235, 445, 237, 0, -2, -1.5707963267948966, 2.0
496, 52, 476, 153, 475, 154, 1, -1, -0.7853981633974483, 1.4142135623730951
496, 66, 516, 150, 515, 149, 1, 1, 0.7853981633974483, 1.4142135623730951
496, 67, 44, 196, 43, 197, 1, -1, -0.7853981633974483, 1.4142135623730951
496, 69, 324, 396, 323, 397, 1, -1, -0.7853981633974483, 1.4142135623730951
496, 70, 135, 191, 134, 192, 1, -1, -0.7853981633974483, 1.4142135623730951
496, 71, 121, 168, 120, 169, 1, -1, -0.7853981633974483, 1.4142135623730951
496, 86, 76, 217, 75, 218, 1, -1, -0.7853981633974483, 1.4142135623730951
496, 91, 76, 376, 75, 377, 1, -1, -0.7853981633974483, 1.4142135623730951
496, 92, 147, 350, 147, 352, 0, -2, -1.5707963267948966, 2.0
497, 8, 362, 317, 361, 320, 1, -3, -1.2490457723982544, 3.1622776601683795
497, 20, 299, 381, 298, 382, 1, -1, -0.7853981633974483, 1.4142135623730951
497, 25, 468, 131, 469, 133, -1, -2, -2.0344439357957027, 2.23606797749979
497, 33, 48, 332, 51, 333, -3, -1, -2.819842099193151, 3.1622776601683795
497, 42, 446, 233, 445, 235, 1, -2, -1.1071487177940904, 2.23606797749979
497, 47, 106, 314, 105, 315, 1, -1, -0.7853981633974483, 1.4142135623730951
497, 52, 58, 401, 57, 402, 1, -1, -0.7853981633974483, 1.4142135623730951
497, 57, 391, 265, 390, 268, 1, -3, -1.2490457723982544, 3.1622776601683795
497, 64, 517, 151, 516, 150, 1, 1, 0.7853981633974483, 1.4142135623730951
497, 65, 45, 195, 44, 196, 1, -1, -0.7853981633974483, 1.4142135623730951
497, 67, 325, 395, 324, 396, 1, -1, -0.7853981633974483, 1.4142135623730951
497, 90, 148, 349, 147, 350, 1, -1, -0.7853981633974483, 1.4142135623730951
498, 8, 362, 315, 362, 317, 0, -2, -1.5707963267948966, 2.0
498, 9, 602, 277, 601, 275, 1, 2, 1.1071487177940904, 2.23606797749979
498, 17, 85, 406, 84, 407, 1, -1, -0.7853981633974483, 1.4142135623730951
498, 18, 458, 170, 460, 171, -2, -1, -2.677945044588987, 2.23606797749979
498, 25, 468, 129, 468, 131, 0, -2, -1.5707963267948966, 2.0
498, 29, 537, 187, 536, 188, 1, -1, -0.7853981633974483, 1.4142135623730951
498, 32, 204, 408, 203, 409, 1, -1, -0.7853981633974483, 1.4142135623730951
498, 33, 46, 331, 48, 332, -2, -1, -2.677945044588987, 2.23606797749979
498, 42, 446, 231, 446, 233, 0, -2, -1.5707963267948966, 2.0
498, 50, 477, 151, 476, 152, 1, -1, -0.7853981633974483, 1.4142135623730951
498, 57, 391, 263, 391, 265, 0, -2, -1.5707963267948966, 2.0
498, 60, 54, 196, 52, 198, 2, -2, -0.7853981633974483, 2.8284271247461903
498, 64, 518, 152, 517, 151, 1, 1, 0.7853981633974483, 1.4142135623730951
498, 69, 122, 167, 121, 168, 1, -1, -0.7853981633974483, 1.4142135623730951
498, 73, 561, 223, 560, 222, 1, 1, 0.7853981633974483, 1.4142135623730951
498, 87, 77, 375, 76, 376, 1, -1, -0.7853981633974483, 1.4142135623730951
498, 88, 34, 217, 32, 217, 2, 0, 0.0, 2.0
499, 7, 362, 313, 362, 315, 0, -2, -1.5707963267948966, 2.0
499, 8, 602, 279, 602, 277, 0, 2, 1.5707963267948966, 2.0
499, 18, 300, 379, 299, 380, 1, -1, -0.7853981633974483, 1.4142135623730951
499, 23, 469, 127, 468, 129, 1, -2, -1.1071487177940904, 2.23606797749979
499, 38, 446, 227, 446, 231, 0, -4, -1.5707963267948966, 4.0
499, 39, 44, 292, 43, 293, 1, -1, -0.7853981633974483, 1.4142135623730951
499, 53, 392, 261, 391, 263, 1, -2, -1.1071487177940904, 2.23606797749979
499, 63, 327, 394, 326, 395, 1, -1, -0.7853981633974483, 1.4142135623730951
499, 68, 146, 194, 145, 195, 1, -1, -0.7853981633974483, 1.4142135623730951
500, 9, 91, 376, 90, 377, 1, -1, -0.7853981633974483, 1.4142135623730951
500, 11, 602, 277, 601, 275, 1, 2, 1.1071487177940904, 2.23606797749979
500, 26, 363, 321, 362, 323, 1, -2, -1.1071487177940904, 2.23606797749979
500, 30, 110, 363, 109, 364, 1, -1, -0.7853981633974483, 1.4142135623730951
500, 31, 400, 326, 398, 329, 2, -3, -0.982793723247329, 3.605551275463989
500, 43, 54, 379, 53, 380, 1, -1, -0.7853981633974483, 1.4142135623730951
500, 44, 6, 178, 5, 179, 1, -1, -0.7853981633974483, 1.4142135623730951
500, 49, 468, 153, 467, 155, 1, -2, -1.1071487177940904, 2.23606797749979
500, 50, 446, 234, 446, 236, 0, -2, -1.5707963267948966, 2.0
500, 53, 519, 152, 518, 151, 1, 1, 0.7853981633974483, 1.4142135623730951
500, 54, 208, 403, 207, 404, 1, -1, -0.7853981633974483, 1.4142135623730951
500, 55, 20, 212, 19, 213, 1, -1, -0.7853981633974483, 1.4142135623730951
500, 57, 46, 191, 45, 192, 1, -1, -0.7853981633974483, 1.4142135623730951
500, 66, 428, 199, 428, 202, 0, -3, -1.5707963267948966, 3.0
500, 67, 467, 128, 465, 130, 2, -2, -0.7853981633974483, 2.8284271247461903
500, 68, 392, 266, 392, 268, 0, -2, -1.5707963267948966, 2.0
500, 75, 342, 347, 339, 349, 3, -2, -0.5880026035475675, 3.605551275463989
500, 77, 326, 393, 325, 394, 1, -1, -0.7853981633974483, 1.4142135623730951
500, 83, 38, 354, 37, 355, 1, -1, -0.7853981633974483, 1.4142135623730951
501, 1, 228, 297, 226, 298, 2, -1, -0.4636476090008061, 2.23606797749979
501, 13, 82, 335, 81, 336, 1, -1, -0.7853981633974483, 1.4142135623730951
501, 19, 87, 413, 86, 414, 1, -1, -0.7853981633974483, 1.4142135623730951
501, 20, 205, 409, 204, 410, 1, -1, -0.7853981633974483, 1.4142135623730951
501, 27, 403, 322, 400, 326, 3, -4, -0.9272952180016122, 5.0
501, 39, 8, 178, 6, 178, 2, 0, 0.0, 2.0
501, 44, 469, 152, 468, 153, 1, -1, -0.7853981633974483, 1.4142135623730951
501, 45, 446, 231, 446, 234, 0, -3, -1.5707963267948966, 3.0
501, 48, 520, 153, 519, 152, 1, 1, 0.7853981633974483, 1.4142135623730951
501, 59, 478, 152, 477, 153, 1, -1, -0.7853981633974483, 1.4142135623730951
501, 61, 429, 196, 428, 199, 1, -3, -1.2490457723982544, 3.1622776601683795
501, 62, 470, 126, 467, 128, 3, -2, -0.5880026035475675, 3.605551275463989
501, 63, 393, 263, 392, 266, 1, -3, -1.2490457723982544, 3.1622776601683795
501, 67, 91, 217, 89, 217, 2, 0, 0.0, 2.0
501, 70, 346, 344, 342, 347, 4, -3, -0.6435011087932844, 5.0
501, 72, 327, 392, 326, 393, 1, -1, -0.7853981633974483, 1.4142135623730951
501, 74, 72, 398, 71, 399, 1, -1, -0.7853981633974483, 1.4142135623730951
502, 6, 255, 308, 255, 310, 0, -2, -1.5707963267948966, 2.0
502, 10, 603, 280, 602, 278, 1, 2, 1.1071487177940904, 2.23606797749979
502, 11, 149, 191, 148, 192, 1, -1, -0.7853981633974483, 1.4142135623730951
502, 23, 364, 318, 363, 320, 1, -2, -1.1071487177940904, 2.23606797749979
502, 24, 61, 401, 60, 402, 1, -1, -0.7853981633974483, 1.4142135623730951
502, 27, 405, 319, 403, 322, 2, -3, -0.982793723247329, 3.605551275463989
502, 39, 9, 179, 8, 178, 1, 1, 0.7853981633974483, 1.4142135623730951
502, 44, 470, 151, 469, 152, 1, -1, -0.7853981633974483, 1.4142135623730951
502, 45, 446, 229, 446, 231, 0, -2, -1.5707963267948966, 2.0
502, 49, 210, 402, 209, 403, 1, -1, -0.7853981633974483, 1.4142135623730951
502, 50, 22, 213, 20, 213, 2, 0, 0.0, 2.0
502, 58, 479, 151, 478, 152, 1, -1, -0.7853981633974483, 1.4142135623730951
502, 60, 430, 192, 429, 196, 1, -4, -1.3258176636680326, 4.123105625617661
502, 61, 475, 127, 470, 126, 5, 1, 0.19739555984988075, 5.0990195135927845
502, 62, 393, 260, 393, 263, 0, -3, -1.5707963267948966, 3.0
502, 69, 348, 342, 346, 344, 2, -2, -0.7853981633974483, 2.8284271247461903
502, 70, 328, 391, 327, 392, 1, -1, -0.7853981633974483, 1.4142135623730951
502, 74, 237, 365, 236, 366, 1, -1, -0.7853981633974483, 1.4142135623730951
502, 75, 193, 362, 195, 362, -2, 0, 3.141592653589793, 2.0
502, 76, 41, 354, 39, 354, 2, 0, 0.0, 2.0
503, 5, 11, 385, 11, 387, 0, -2, -1.5707963267948966, 2.0
503, 10, 604, 282, 603, 280, 1, 2, 1.1071487177940904, 2.23606797749979
503, 15, 228, 323, 228, 325, 0, -2, -1.5707963267948966, 2.0
503, 25, 173, 344, 174, 346, -1, -2, -2.0344439357957027, 2.23606797749979
503, 27, 407, 316, 405, 319, 2, -3, -0.982793723247329, 3.605551275463989
503, 29, 83, 192, 82, 193, 1, -1, -0.7853981633974483, 1.4142135623730951
503, 30, 92, 230, 92, 232, 0, -2, -1.5707963267948966, 2.0
503, 34, 257, 296, 256, 298, 1, -2, -1.1071487177940904, 2.23606797749979
503, 44, 472, 151, 470, 151, 2, 0, 0.0, 2.0
503, 45, 447, 227, 446, 229, 1, -2, -1.1071487177940904, 2.23606797749979
503, 48, 521, 155, 520, 154, 1, 1, 0.7853981633974483, 1.4142135623730951
503, 53, 140, 189, 139, 192, 1, -3, -1.2490457723982544, 3.1622776601683795
503, 58, 480, 150, 479, 151, 1, -1, -0.7853981633974483, 1.4142135623730951
503, 60, 431, 188, 430, 192, 1, -4, -1.3258176636680326, 4.123105625617661
503, 61, 478, 128, 475, 127, 3, 1, 0.3217505543966422, 3.1622776601683795
503, 62, 393, 258, 393, 260, 0, -2, -1.5707963267948966, 2.0
503, 69, 350, 340, 348, 342, 2, -2, -0.7853981633974483, 2.8284271247461903
503, 70, 329, 390, 328, 391, 1, -1, -0.7853981633974483, 1.4142135623730951
503, 71, 218, 211, 216, 211, 2, 0, 0.0, 2.0
503, 72, 74, 397, 73, 398, 1, -1, -0.7853981633974483, 1.4142135623730951
503, 76, 43, 354, 41, 354, 2, 0, 0.0, 2.0
504, 0, 290, 215, 289, 216, 1, -1, -0.7853981633974483, 1.4142135623730951
504, 3, 157, 261, 156, 263, 1, -2, -1.1071487177940904, 2.23606797749979
504, 10, 605, 285, 604, 282, 1, 3, 1.2490457723982544, 3.1622776601683795
504, 20, 207, 407, 206, 408, 1, -1, -0.7853981633974483, 1.4142135623730951
504, 23, 365, 315, 364, 317, 1, -2, -1.1071487177940904, 2.23606797749979
504, 27, 409, 314, 407, 316, 2, -2, -0.7853981633974483, 2.8284271247461903
504, 43, 473, 149, 472, 151, 1, -2, -1.1071487177940904, 2.23606797749979
504, 44, 447, 225, 447, 227, 0, -2, -1.5707963267948966, 2.0
504, 45, 111, 200, 110, 201, 1, -1, -0.7853981633974483, 1.4142135623730951
504, 48, 211, 400, 210, 401, 1, -1, -0.7853981633974483, 1.4142135623730951
504, 55, 481, 149, 480, 150, 1, -1, -0.7853981633974483, 1.4142135623730951
504, 57, 433, 185, 431, 188, 2, -3, -0.982793723247329, 3.605551275463989
504, 59, 393, 255, 393, 258, 0, -3, -1.5707963267948966, 3.0
504, 64, 120, 273, 121, 275, -1, -2, -2.0344439357957027, 2.23606797749979
504, 65, 353, 338, 350, 340, 3, -2, -0.5880026035475675, 3.605551275463989
504, 66, 330, 389, 329, 390, 1, -1, -0.7853981633974483, 1.4142135623730951
504, 67, 220, 211, 218, 211, 2, 0, 0.0, 2.0
505, 6, 607, 283, 605, 281, 2, 2, 0.7853981633974483, 2.8284271247461903
505, 11, 366, 317, 365, 318, 1, -1, -0.7853981633974483, 1.4142135623730951
505, 18, 126, 226, 126, 228, 0, -2, -1.5707963267948966, 2.0
505, 25, 63, 401, 62, 402, 1, -1, -0.7853981633974483, 1.4142135623730951
505, 31, 147, 220, 147, 222, 0, -2, -1.5707963267948966, 2.0
505, 35, 303, 386, 302, 387, 1, -1, -0.7853981633974483, 1.4142135623730951
505, 37, 207, 410, 206, 411, 1, -1, -0.7853981633974483, 1.4142135623730951
505, 42, 545, 195, 545, 193, 0, 2, 1.5707963267948966, 2.0
505, 46, 454, 176, 454, 178, 0, -2, -1.5707963267948966, 2.0
505, 52, 8, 412, 7, 413, 1, -1, -0.7853981633974483, 1.4142135623730951
505, 54, 435, 171, 435, 173, 0, -2, -1.5707963267948966, 2.0
505, 55, 37, 270, 37, 272, 0, -2, -1.5707963267948966, 2.0
505, 58, 489, 130, 487, 131, 2, -1, -0.4636476090008061, 2.23606797749979
505, 59, 481, 152, 480, 153, 1, -1, -0.7853981633974483, 1.4142135623730951
505, 65, 359, 383, 358, 384, 1, -1, -0.7853981633974483, 1.4142135623730951
505, 66, 461, 170, 461, 172, 0, -2, -1.5707963267948966, 2.0
505, 69, 446, 225, 446, 227, 0, -2, -1.5707963267948966, 2.0
505, 78, 566, 228, 565, 226, 1, 2, 1.1071487177940904, 2.23606797749979
505, 81, 394, 260, 394, 262, 0, -2, -1.5707963267948966, 2.0
506, 5, 608, 284, 607, 283, 1, 1, 0.7853981633974483, 1.4142135623730951
506, 9, 14, 383, 13, 384, 1, -1, -0.7853981633974483, 1.4142135623730951
506, 10, 366, 315, 366, 317, 0, -2, -1.5707963267948966, 2.0
506, 26, 128, 169, 127, 170, 1, -1, -0.7853981633974483, 1.4142135623730951
506, 32, 84, 192, 83, 193, 1, -1, -0.7853981633974483, 1.4142135623730951
506, 41, 7, 238, 6, 239, 1, -1, -0.7853981633974483, 1.4142135623730951
506, 49, 435, 169, 435, 171, 0, -2, -1.5707963267948966, 2.0
506, 53, 491, 129, 489, 130, 2, -1, -0.4636476090008061, 2.23606797749979
506, 54, 482, 151, 481, 152, 1, -1, -0.7853981633974483, 1.4142135623730951
506, 55, 181, 394, 180, 395, 1, -1, -0.7853981633974483, 1.4142135623730951
506, 59, 212, 405, 211, 406, 1, -1, -0.7853981633974483, 1.4142135623730951
506, 60, 359, 381, 359, 383, 0, -2, -1.5707963267948966, 2.0
506, 63, 446, 223, 446, 225, 0, -2, -1.5707963267948966, 2.0
506, 68, 328, 369, 327, 370, 1, -1, -0.7853981633974483, 1.4142135623730951
506, 71, 567, 230, 566, 228, 1, 2, 1.1071487177940904, 2.23606797749979
506, 74, 395, 257, 394, 260, 1, -3, -1.2490457723982544, 3.1622776601683795
507, 5, 609, 286, 608, 284, 1, 2, 1.1071487177940904, 2.23606797749979
507, 10, 367, 313, 366, 315, 1, -2, -1.1071487177940904, 2.23606797749979
507, 16, 124, 251, 123, 250, 1, 1, 0.7853981633974483, 1.4142135623730951
507, 20, 90, 413, 89, 414, 1, -1, -0.7853981633974483, 1.4142135623730951
507, 21, 154, 196, 153, 197, 1, -1, -0.7853981633974483, 1.4142135623730951
507, 33, 12, 290, 14, 290, -2, 0, 3.141592653589793, 2.0
507, 37, 543, 197, 544, 195, -1, 2, 2.0344439357957027, 2.23606797749979
507, 41, 454, 173, 454, 175, 0, -2, -1.5707963267948966, 2.0
507, 48, 435, 167, 435, 169, 0, -2, -1.5707963267948966, 2.0
507, 53, 483, 150, 482, 151, 1, -1, -0.7853981633974483, 1.4142135623730951
507, 54, 181, 396, 181, 394, 0, 2, 1.5707963267948966, 2.0
507, 58, 360, 380, 359, 381, 1, -1, -0.7853981633974483, 1.4142135623730951
507, 61, 446, 220, 446, 223, 0, -3, -1.5707963267948966, 3.0
507, 65, 329, 368, 328, 369, 1, -1, -0.7853981633974483, 1.4142135623730951
507, 67, 568, 232, 567, 230, 1, 2, 1.1071487177940904, 2.23606797749979
507, 68, 60, 192, 61, 194, -1, -2, -2.0344439357957027, 2.23606797749979
507, 70, 396, 255, 395, 257, 1, -2, -1.1071487177940904, 2.23606797749979
508, 5, 609, 288, 609, 286, 0, 2, 1.5707963267948966, 2.0
508, 17, 258, 296, 259, 295, -1, 1, 2.356194490192345, 1.4142135623730951
508, 18, 91, 412, 90, 413, 1, -1, -0.7853981633974483, 1.4142135623730951
508, 20, 66, 399, 64, 400, 2, -1, -0.4636476090008061, 2.23606797749979
508, 24, 129, 168, 128, 169, 1, -1, -0.7853981633974483, 1.4142135623730951
508, 27, 346, 322, 345, 324, 1, -2, -1.1071487177940904, 2.23606797749979
508, 28, 305, 384, 304, 385, 1, -1, -0.7853981633974483, 1.4142135623730951
508, 34, 540, 198, 543, 197, -3, 1, 2.819842099193151, 3.1622776601683795
508, 37, 8, 236, 7, 237, 1, -1, -0.7853981633974483, 1.4142135623730951
508, 38, 454, 171, 454, 173, 0, -2, -1.5707963267948966, 2.0
508, 39, 113, 361, 112, 362, 1, -1, -0.7853981633974483, 1.4142135623730951
508, 48, 491, 130, 490, 129, 1, 1, 0.7853981633974483, 1.4142135623730951
508, 49, 486, 148, 483, 150, 3, -2, -0.5880026035475675, 3.605551275463989
508, 54, 361, 378, 360, 380, 1, -2, -1.1071487177940904, 2.23606797749979
508, 57, 445, 217, 446, 220, -1, -3, -1.892546881191539, 3.1622776601683795
508, 61, 330, 367, 329, 368, 1, -1, -0.7853981633974483, 1.4142135623730951
508, 65, 183, 190, 184, 192, -1, -2, -2.0344439357957027, 2.23606797749979
508, 66, 397, 253, 396, 255, 1, -2, -1.1071487177940904, 2.23606797749979
509, 3, 69, 241, 68, 242, 1, -1, -0.7853981633974483, 1.4142135623730951
509, 8, 263, 326, 265, 327, -2, -1, -2.677945044588987, 2.23606797749979
509, 10, 367, 310, 367, 312, 0, -2, -1.5707963267948966, 2.0
509, 18, 92, 411, 91, 412, 1, -1, -0.7853981633974483, 1.4142135623730951
509, 19, 155, 194, 154, 195, 1, -1, -0.7853981633974483, 1.4142135623730951
509, 34, 540, 200, 540, 198, 0, 2, 1.5707963267948966, 2.0
509, 38, 454, 169, 454, 171, 0, -2, -1.5707963267948966, 2.0
509, 39, 114, 360, 113, 361, 1, -1, -0.7853981633974483, 1.4142135623730951
509, 42, 11, 410, 10, 411, 1, -1, -0.7853981633974483, 1.4142135623730951
509, 44, 435, 164, 435, 166, 0, -2, -1.5707963267948966, 2.0
509, 46, 404, 323, 403, 325, 1, -2, -1.1071487177940904, 2.23606797749979
509, 49, 487, 147, 486, 148, 1, -1, -0.7853981633974483, 1.4142135623730951
509, 54, 362, 376, 361, 378, 1, -2, -1.1071487177940904, 2.23606797749979
509, 56, 215, 188, 214, 187, 1, 1, 0.7853981633974483, 1.4142135623730951
509, 57, 444, 215, 445, 217, -1, -2, -2.0344439357957027, 2.23606797749979
509, 63, 569, 235, 568, 233, 1, 2, 1.1071487177940904, 2.23606797749979
509, 66, 397, 250, 397, 253, 0, -3, -1.5707963267948966, 3.0
510, 7, 608, 289, 608, 287, 0, 2, 1.5707963267948966, 2.0
510, 9, 72, 243, 71, 244, 1, -1, -0.7853981633974483, 1.4142135623730951
510, 13, 369, 312, 368, 314, 1, -2, -1.1071487177940904, 2.23606797749979
510, 14, 54, 334, 56, 335, -2, -1, -2.677945044588987, 2.23606797749979
510, 16, 570, 241, 570, 239, 0, 2, 1.5707963267948966, 2.0
510, 26, 10, 236, 9, 237, 1, -1, -0.7853981633974483, 1.4142135623730951
510, 30, 22, 403, 20, 403, 2, 0, 0.0, 2.0
510, 32, 124, 250, 123, 251, 1, -1, -0.7853981633974483, 1.4142135623730951
510, 43, 306, 386, 305, 387, 1, -1, -0.7853981633974483, 1.4142135623730951
510, 47, 407, 326, 406, 328, 1, -2, -1.1071487177940904, 2.23606797749979
510, 51, 486, 149, 485, 150, 1, -1, -0.7853981633974483, 1.4142135623730951
511, 6, 608, 291, 608, 289, 0, 2, 1.5707963267948966, 2.0
511, 10, 157, 195, 156, 196, 1, -1, -0.7853981633974483, 1.4142135623730951
511, 11, 369, 310, 369, 312, 0, -2, -1.5707963267948966, 2.0
511, 12, 55, 335, 54, 334, 1, 1, 0.7853981633974483, 1.4142135623730951
511, 25, 57, 198, 53, 198, 4, 0, 0.0, 4.0
511, 28, 24, 402, 22, 403, 2, -1, -0.4636476090008061, 2.23606797749979
511, 29, 165, 314, 164, 315, 1, -1, -0.7853981633974483, 1.4142135623730951
511, 35, 8, 369, 5, 370, 3, -1, -0.3217505543966422, 3.1622776601683795
511, 36, 61, 269, 60, 268, 1, 1, 0.7853981633974483, 1.4142135623730951
511, 40, 31, 226, 28, 226, 3, 0, 0.0, 3.0
511, 45, 409, 323, 407, 326, 2, -3, -0.982793723247329, 3.605551275463989
511, 48, 255, 410, 254, 411, 1, -1, -0.7853981633974483, 1.4142135623730951
511, 49, 487, 148, 486, 149, 1, -1, -0.7853981633974483, 1.4142135623730951
512, 6, 609, 293, 608, 291, 1, 2, 1.1071487177940904, 2.23606797749979
512, 11, 369, 308, 369, 310, 0, -2, -1.5707963267948966, 2.0
512, 26, 26, 401, 24, 402, 2, -1, -0.4636476090008061, 2.23606797749979
512, 39, 307, 384, 306, 385, 1, -1, -0.7853981633974483, 1.4142135623730951
512, 42, 208, 284, 206, 283, 2, 1, 0.4636476090008061, 2.23606797749979
512, 43, 410, 319, 409, 323, 1, -4, -1.3258176636680326, 4.123105625617661
512, 46, 256, 409, 255, 410, 1, -1, -0.7853981633974483, 1.4142135623730951
512, 47, 488, 147, 487, 148, 1, -1, -0.7853981633974483, 1.4142135623730951
513, 6, 611, 296, 609, 293, 2, 3, 0.982793723247329, 3.605551275463989
513, 11, 370, 306, 369, 308, 1, -2, -1.1071487177940904, 2.23606797749979
513, 13, 569, 243, 570, 242, -1, 1, 2.356194490192345, 1.4142135623730951
513, 18, 93, 411, 92, 412, 1, -1, -0.7853981633974483, 1.4142135623730951
513, 38, 308, 383, 307, 384, 1, -1, -0.7853981633974483, 1.4142135623730951
513, 41, 410, 317, 410, 319, 0, -2, -1.5707963267948966, 2.0
513, 45, 489, 146, 488, 147, 1, -1, -0.7853981633974483, 1.4142135623730951
514, 9, 370, 303, 370, 306, 0, -3, -1.5707963267948966, 3.0
514, 10, 345, 317, 346, 319, -1, -2, -2.0344439357957027, 2.23606797749979
514, 11, 568, 244, 569, 243, -1, 1, 2.356194490192345, 1.4142135623730951
514, 16, 94, 410, 93, 411, 1, -1, -0.7853981633974483, 1.4142135623730951
514, 23, 29, 401, 27, 401, 2, 0, 0.0, 2.0
514, 24, 166, 312, 165, 313, 1, -1, -0.7853981633974483, 1.4142135623730951
514, 32, 69, 402, 68, 403, 1, -1, -0.7853981633974483, 1.4142135623730951
514, 39, 411, 314, 410, 317, 1, -3, -1.2490457723982544, 3.1622776601683795
514, 43, 490, 145, 489, 146, 1, -1, -0.7853981633974483, 1.4142135623730951
514, 44, 190, 191, 189, 192, 1, -1, -0.7853981633974483, 1.4142135623730951
515, 4, 611, 297, 611, 295, 0, 2, 1.5707963267948966, 2.0
515, 8, 498, 134, 496, 136, 2, -2, -0.7853981633974483, 2.8284271247461903
515, 14, 370, 307, 370, 309, 0, -2, -1.5707963267948966, 2.0
515, 25, 94, 411, 93, 412, 1, -1, -0.7853981633974483, 1.4142135623730951
515, 28, 338, 392, 337, 393, 1, -1, -0.7853981633974483, 1.4142135623730951
515, 31, 70, 402, 69, 403, 1, -1, -0.7853981633974483, 1.4142135623730951
515, 32, 418, 215, 417, 217, 1, -2, -1.1071487177940904, 2.23606797749979
515, 33, 547, 206, 546, 207, 1, -1, -0.7853981633974483, 1.4142135623730951
515, 37, 302, 386, 301, 387, 1, -1, -0.7853981633974483, 1.4142135623730951
515, 47, 491, 148, 490, 149, 1, -1, -0.7853981633974483, 1.4142135623730951
515, 51, 17, 411, 15, 412, 2, -1, -0.4636476090008061, 2.23606797749979
515, 61, 490, 129, 490, 131, 0, -2, -1.5707963267948966, 2.0
515, 63, 91, 194, 90, 195, 1, -1, -0.7853981633974483, 1.4142135623730951
515, 66, 461, 163, 461, 165, 0, -2, -1.5707963267948966, 2.0
516, 4, 611, 299, 611, 297, 0, 2, 1.5707963267948966, 2.0
516, 8, 499, 132, 498, 134, 1, -2, -1.1071487177940904, 2.23606797749979
516, 13, 370, 304, 370, 307, 0, -3, -1.5707963267948966, 3.0
516, 24, 95, 410, 94, 411, 1, -1, -0.7853981633974483, 1.4142135623730951
516, 27, 339, 391, 338, 392, 1, -1, -0.7853981633974483, 1.4142135623730951
516, 30, 71, 401, 70, 402, 1, -1, -0.7853981633974483, 1.4142135623730951
516, 31, 418, 213, 418, 215, 0, -2, -1.5707963267948966, 2.0
516, 35, 303, 385, 302, 386, 1, -1, -0.7853981633974483, 1.4142135623730951
516, 43, 217, 408, 215, 408, 2, 0, 0.0, 2.0
516, 44, 492, 147, 491, 148, 1, -1, -0.7853981633974483, 1.4142135623730951
516, 48, 18, 409, 17, 411, 1, -2, -1.1071487177940904, 2.23606797749979
516, 55, 530, 165, 529, 164, 1, 1, 0.7853981633974483, 1.4142135623730951
516, 58, 491, 128, 490, 129, 1, -1, -0.7853981633974483, 1.4142135623730951
516, 62, 461, 161, 461, 163, 0, -2, -1.5707963267948966, 2.0
517, 4, 612, 301, 611, 299, 1, 2, 1.1071487177940904, 2.23606797749979
517, 12, 370, 302, 370, 304, 0, -2, -1.5707963267948966, 2.0
517, 13, 30, 310, 32, 310, -2, 0, 3.141592653589793, 2.0
517, 25, 340, 390, 339, 391, 1, -1, -0.7853981633974483, 1.4142135623730951
517, 29, 418, 211, 418, 213, 0, -2, -1.5707963267948966, 2.0
517, 35, 220, 189, 219, 190, 1, -1, -0.7853981633974483, 1.4142135623730951
517, 37, 218, 407, 217, 408, 1, -1, -0.7853981633974483, 1.4142135623730951
517, 38, 493, 146, 492, 147, 1, -1, -0.7853981633974483, 1.4142135623730951
517, 42, 19, 408, 18, 409, 1, -1, -0.7853981633974483, 1.4142135623730951
517, 51, 493, 127, 491, 128, 2, -1, -0.4636476090008061, 2.23606797749979
517, 55, 460, 159, 461, 161, -1, -2, -2.0344439357957027, 2.23606797749979
518, 4, 613, 303, 612, 301, 1, 2, 1.1071487177940904, 2.23606797749979
518, 6, 90, 331, 89, 332, 1, -1, -0.7853981633974483, 1.4142135623730951
518, 8, 499, 130, 499, 132, 0, -2, -1.5707963267948966, 2.0
518, 12, 371, 300, 370, 302, 1, -2, -1.1071487177940904, 2.23606797749979
518, 25, 341, 389, 340, 390, 1, -1, -0.7853981633974483, 1.4142135623730951
518, 27, 18, 379, 19, 378, -1, 1, 2.356194490192345, 1.4142135623730951
518, 29, 418, 209, 418, 211, 0, -2, -1.5707963267948966, 2.0
518, 38, 494, 145, 493, 146, 1, -1, -0.7853981633974483, 1.4142135623730951
518, 47, 531, 167, 530, 166, 1, 1, 0.7853981633974483, 1.4142135623730951
518, 49, 496, 127, 493, 127, 3, 0, 0.0, 3.0
518, 51, 92, 193, 91, 194, 1, -1, -0.7853981633974483, 1.4142135623730951
518, 53, 460, 156, 460, 159, 0, -3, -1.5707963267948966, 3.0
519, 4, 614, 304, 613, 303, 1, 1, 0.7853981633974483, 1.4142135623730951
519, 7, 19, 384, 18, 385, 1, -1, -0.7853981633974483, 1.4142135623730951
519, 12, 371, 298, 371, 300, 0, -2, -1.5707963267948966, 2.0
519, 16, 273, 282, 275, 284, -2, -2, -2.356194490192345, 2.8284271247461903
519, 21, 96, 374, 95, 375, 1, -1, -0.7853981633974483, 1.4142135623730951
519, 25, 342, 388, 341, 389, 1, -1, -0.7853981633974483, 1.4142135623730951
519, 29, 420, 207, 418, 209, 2, -2, -0.7853981633974483, 2.8284271247461903
519, 37, 220, 406, 218, 406, 2, 0, 0.0, 2.0
519, 38, 495, 144, 494, 145, 1, -1, -0.7853981633974483, 1.4142135623730951
519, 40, 20, 406, 19, 407, 1, -1, -0.7853981633974483, 1.4142135623730951
519, 42, 120, 200, 119, 201, 1, -1, -0.7853981633974483, 1.4142135623730951
519, 47, 533, 168, 531, 167, 2, 1, 0.4636476090008061, 2.23606797749979
519, 52, 460, 154, 460, 156, 0, -2, -1.5707963267948966, 2.0
520, 11, 614, 301, 613, 300, 1, 1, 0.7853981633974483, 1.4142135623730951
520, 17, 135, 171, 134, 172, 1, -1, -0.7853981633974483, 1.4142135623730951
520, 26, 493, 126, 493, 129, 0, -3, -1.5707963267948966, 3.0
520, 45, 402, 247, 402, 249, 0, -2, -1.5707963267948966, 2.0
520, 46, 419, 211, 419, 213, 0, -2, -1.5707963267948966, 2.0
520, 50, 555, 209, 554, 207, 1, 2, 1.1071487177940904, 2.23606797749979
520, 54, 464, 142, 464, 144, 0, -2, -1.5707963267948966, 2.0
520, 57, 342, 391, 341, 392, 1, -1, -0.7853981633974483, 1.4142135623730951
520, 61, 454, 215, 454, 217, 0, -2, -1.5707963267948966, 2.0
520, 70, 313, 377, 312, 378, 1, -1, -0.7853981633974483, 1.4142135623730951
520, 80, 79, 197, 78, 196, 1, 1, 0.7853981633974483, 1.4142135623730951
520, 83, 5, 388, 4, 389, 1, -1, -0.7853981633974483, 1.4142135623730951
521, 9, 615, 303, 614, 301, 1, 2, 1.1071487177940904, 2.23606797749979
521, 24, 493, 124, 493, 126, 0, -2, -1.5707963267948966, 2.0
521, 32, 188, 399, 186, 398, 2, 1, 0.4636476090008061, 2.23606797749979
521, 41, 20, 410, 19, 411, 1, -1, -0.7853981633974483, 1.4142135623730951
521, 42, 121, 366, 120, 367, 1, -1, -0.7853981633974483, 1.4142135623730951
521, 43, 403, 245, 402, 247, 1, -2, -1.1071487177940904, 2.23606797749979
521, 44, 420, 210, 419, 211, 1, -1, -0.7853981633974483, 1.4142135623730951
521, 48, 557, 212, 555, 209, 2, 3, 0.982793723247329, 3.605551275463989
521, 52, 465, 140, 464, 142, 1, -2, -1.1071487177940904, 2.23606797749979
521, 55, 343, 389, 342, 391, 1, -2, -1.1071487177940904, 2.23606797749979
521, 59, 454, 213, 454, 215, 0, -2, -1.5707963267948966, 2.0
521, 60, 10, 395, 9, 396, 1, -1, -0.7853981633974483, 1.4142135623730951
521, 68, 314, 376, 313, 377, 1, -1, -0.7853981633974483, 1.4142135623730951
521, 78, 77, 197, 79, 197, -2, 0, 3.141592653589793, 2.0
521, 79, 52, 225, 53, 224, -1, 1, 2.356194490192345, 1.4142135623730951
521, 82, 333, 343, 332, 344, 1, -1, -0.7853981633974483, 1.4142135623730951
522, 9, 616, 305, 615, 303, 1, 2, 1.1071487177940904, 2.23606797749979
522, 23, 491, 121, 493, 124, -2, -3, -2.158798930342464, 3.605551275463989
522, 29, 185, 338, 189, 337, -4, 1, 2.896613990462929, 4.123105625617661
522, 31, 189, 398, 188, 399, 1, -1, -0.7853981633974483, 1.4142135623730951
522, 38, 64, 198, 62, 199, 2, -1, -0.4636476090008061, 2.23606797749979
522, 39, 21, 409, 20, 410, 1, -1, -0.7853981633974483, 1.4142135623730951
522, 41, 404, 243, 403, 245, 1, -2, -1.1071487177940904, 2.23606797749979
522, 42, 420, 208, 420, 210, 0, -2, -1.5707963267948966, 2.0
522, 44, 33, 226, 32, 227, 1, -1, -0.7853981633974483, 1.4142135623730951
522, 46, 557, 214, 557, 212, 0, 2, 1.5707963267948966, 2.0
522, 50, 464, 138, 465, 140, -1, -2, -2.0344439357957027, 2.23606797749979
522, 53, 344, 388, 343, 389, 1, -1, -0.7853981633974483, 1.4142135623730951
522, 57, 454, 211, 454, 213, 0, -2, -1.5707963267948966, 2.0
522, 59, 73, 400, 72, 401, 1, -1, -0.7853981633974483, 1.4142135623730951
522, 66, 315, 375, 314, 376, 1, -1, -0.7853981633974483, 1.4142135623730951
522, 77, 6, 387, 5, 388, 1, -1, -0.7853981633974483, 1.4142135623730951
522, 79, 227, 400, 226, 401, 1, -1, -0.7853981633974483, 1.4142135623730951
523, 9, 616, 308, 616, 305, 0, 3, 1.5707963267948966, 3.0
523, 13, 14, 293, 16, 294, -2, -1, -2.677945044588987, 2.23606797749979
523, 25, 98, 411, 97, 412, 1, -1, -0.7853981633974483, 1.4142135623730951
523, 26, 19, 385, 18, 386, 1, -1, -0.7853981633974483, 1.4142135623730951
523, 31, 190, 399, 189, 398, 1, 1, 0.7853981633974483, 1.4142135623730951
523, 35, 66, 189, 65, 190, 1, -1, -0.7853981633974483, 1.4142135623730951
523, 38, 65, 197, 64, 198, 1, -1, -0.7853981633974483, 1.4142135623730951
523, 41, 404, 241, 404, 243, 0, -2, -1.5707963267948966, 2.0
523, 42, 421, 206, 420, 208, 1, -2, -1.1071487177940904, 2.23606797749979
523, 46, 556, 215, 557, 214, -1, 1, 2.356194490192345, 1.4142135623730951
523, 48, 465, 137, 464, 138, 1, -1, -0.7853981633974483, 1.4142135623730951
523, 55, 11, 394, 10, 395, 1, -1, -0.7853981633974483, 1.4142135623730951
523, 63, 317, 374, 315, 375, 2, -1, -0.4636476090008061, 2.23606797749979
523, 69, 350, 312, 350, 314, 0, -2, -1.5707963267948966, 2.0
523, 75, 335, 342, 334, 343, 1, -1, -0.7853981633974483, 1.4142135623730951
524, 9, 616, 310, 616, 308, 0, 2, 1.5707963267948966, 2.0
524, 15, 150, 188, 149, 189, 1, -1, -0.7853981633974483, 1.4142135623730951
524, 23, 489, 119, 491, 121, -2, -2, -2.356194490192345, 2.8284271247461903
524, 28, 260, 406, 259, 407, 1, -1, -0.7853981633974483, 1.4142135623730951
524, 30, 191, 400, 190, 399, 1, 1, 0.7853981633974483, 1.4142135623730951
524, 39, 405, 239, 404, 241, 1, -2, -1.1071487177940904, 2.23606797749979
524, 40, 421, 204, 421, 206, 0, -2, -1.5707963267948966, 2.0
524, 42, 34, 224, 33, 225, 1, -1, -0.7853981633974483, 1.4142135623730951
524, 46, 467, 135, 465, 137, 2, -2, -0.7853981633974483, 2.8284271247461903
524, 51, 8, 343, 6, 344, 2, -1, -0.4636476090008061, 2.23606797749979
524, 54, 74, 399, 73, 400, 1, -1, -0.7853981633974483, 1.4142135623730951
524, 58, 70, 249, 68, 248, 2, 1, 0.4636476090008061, 2.23606797749979
524, 62, 224, 405, 223, 406, 1, -1, -0.7853981633974483, 1.4142135623730951
524, 72, 7, 386, 6, 387, 1, -1, -0.7853981633974483, 1.4142135623730951
524, 73, 336, 341, 335, 342, 1, -1, -0.7853981633974483, 1.4142135623730951
525, 8, 616, 309, 616, 307, 0, 2, 1.5707963267948966, 2.0
525, 11, 42, 298, 41, 299, 1, -1, -0.7853981633974483, 1.4142135623730951
525, 14, 165, 191, 164, 192, 1, -1, -0.7853981633974483, 1.4142135623730951
525, 16, 68, 188, 67, 189, 1, -1, -0.7853981633974483, 1.4142135623730951
525, 21, 21, 389, 20, 390, 1, -1, -0.7853981633974483, 1.4142135623730951
525, 28, 374, 297, 374, 299, 0, -2, -1.5707963267948966, 2.0
525, 39, 316, 381, 315, 382, 1, -1, -0.7853981633974483, 1.4142135623730951
525, 49, 407, 240, 406, 243, 1, -3, -1.2490457723982544, 3.1622776601683795
525, 53, 494, 154, 492, 154, 2, 0, 0.0, 2.0
525, 63, 343, 394, 342, 395, 1, -1, -0.7853981633974483, 1.4142135623730951
525, 66, 554, 214, 556, 214, -2, 0, 3.141592653589793, 2.0
525, 75, 156, 274, 155, 273, 1, 1, 0.7853981633974483, 1.4142135623730951
525, 81, 336, 343, 335, 344, 1, -1, -0.7853981633974483, 1.4142135623730951
525, 83, 356, 318, 355, 320, 1, -2, -1.1071487177940904, 2.23606797749979
525, 85, 469, 157, 468, 158, 1, -1, -0.7853981633974483, 1.4142135623730951
525, 89, 152, 192, 151, 193, 1, -1, -0.7853981633974483, 1.4142135623730951
526, 8, 616, 311, 616, 309, 0, 2, 1.5707963267948966, 2.0
526, 27, 374, 295, 374, 297, 0, -2, -1.5707963267948966, 2.0
526, 37, 24, 410, 23, 411, 1, -1, -0.7853981633974483, 1.4142135623730951
526, 47, 407, 238, 407, 240, 0, -2, -1.5707963267948966, 2.0
526, 51, 496, 154, 494, 154, 2, 0, 0.0, 2.0
526, 58, 72, 309, 70, 311, 2, -2, -0.7853981633974483, 2.8284271247461903
526, 61, 344, 393, 343, 394, 1, -1, -0.7853981633974483, 1.4142135623730951
526, 67, 572, 246, 571, 242, 1, 4, 1.3258176636680326, 4.123105625617661
526, 73, 158, 274, 156, 274, 2, 0, 0.0, 2.0
526, 80, 357, 316, 356, 318, 1, -2, -1.1071487177940904, 2.23606797749979
526, 86, 153, 191, 152, 192, 1, -1, -0.7853981633974483, 1.4142135623730951
527, 8, 616, 313, 616, 311, 0, 2, 1.5707963267948966, 2.0
527, 13, 165, 189, 165, 191, 0, -2, -1.5707963267948966, 2.0
527, 17, 224, 406, 223, 407, 1, -1, -0.7853981633974483, 1.4142135623730951
527, 27, 375, 293, 374, 295, 1, -2, -1.1071487177940904, 2.23606797749979
527, 38, 317, 379, 316, 380, 1, -1, -0.7853981633974483, 1.4142135623730951
527, 47, 407, 235, 407, 238, 0, -3, -1.5707963267948966, 3.0
527, 61, 345, 392, 344, 393, 1, -1, -0.7853981633974483, 1.4142135623730951
527, 62, 34, 403, 33, 404, 1, -1, -0.7853981633974483, 1.4142135623730951
527, 64, 554, 217, 554, 215, 0, 2, 1.5707963267948966, 2.0
527, 65, 73, 201, 72, 202, 1, -1, -0.7853981633974483, 1.4142135623730951
527, 67, 576, 244, 572, 246, 4, -2, -0.4636476090008061, 4.47213595499958
527, 78, 337, 341, 336, 342, 1, -1, -0.7853981633974483, 1.4142135623730951
527, 80, 358, 314, 357, 316, 1, -2, -1.1071487177940904, 2.23606797749979
527, 82, 470, 155, 469, 156, 1, -1, -0.7853981633974483, 1.4142135623730951
527, 85, 43, 228, 42, 229, 1, -1, -0.7853981633974483, 1.4142135623730951
527, 86, 153, 189, 153, 191, 0, -2, -1.5707963267948966, 2.0
528, 6, 74, 290, 74, 292, 0, -2, -1.5707963267948966, 2.0
528, 7, 616, 315, 616, 313, 0, 2, 1.5707963267948966, 2.0
528, 14, 70, 188, 68, 188, 2, 0, 0.0, 2.0
528, 24, 39, 216, 38, 217, 1, -1, -0.7853981633974483, 1.4142135623730951
528, 26, 375, 291, 375, 293, 0, -2, -1.5707963267948966, 2.0
528, 27, 77, 401, 76, 402, 1, -1, -0.7853981633974483, 1.4142135623730951
528, 32, 38, 332, 37, 331, 1, 1, 0.7853981633974483, 1.4142135623730951
528, 37, 318, 378, 317, 379, 1, -1, -0.7853981633974483, 1.4142135623730951
528, 46, 407, 233, 407, 235, 0, -2, -1.5707963267948966, 2.0
528, 48, 99, 195, 98, 194, 1, 1, 0.7853981633974483, 1.4142135623730951
528, 60, 346, 391, 345, 392, 1, -1, -0.7853981633974483, 1.4142135623730951
528, 63, 555, 220, 554, 217, 1, 3, 1.2490457723982544, 3.1622776601683795
528, 64, 75, 200, 73, 201, 2, -1, -0.4636476090008061, 2.23606797749979
528, 66, 577, 246, 576, 244, 1, 2, 1.1071487177940904, 2.23606797749979
528, 78, 359, 313, 358, 314, 1, -1, -0.7853981633974483, 1.4142135623730951
528, 84, 154, 188, 153, 189, 1, -1, -0.7853981633974483, 1.4142135623730951
529, 6, 617, 317, 616, 315, 1, 2, 1.1071487177940904, 2.23606797749979
529, 12, 72, 187, 70, 188, 2, -1, -0.4636476090008061, 2.23606797749979
529, 14, 225, 404, 224, 405, 1, -1, -0.7853981633974483, 1.4142135623730951
529, 24, 375, 289, 375, 291, 0, -2, -1.5707963267948966, 2.0
529, 30, 40, 332, 38, 332, 2, 0, 0.0, 2.0
529, 36, 65, 196, 64, 197, 1, -1, -0.7853981633974483, 1.4142135623730951
529, 44, 408, 231, 407, 233, 1, -2, -1.1071487177940904, 2.23606797749979
529, 57, 347, 390, 346, 391, 1, -1, -0.7853981633974483, 1.4142135623730951
529, 58, 35, 402, 34, 403, 1, -1, -0.7853981633974483, 1.4142135623730951
529, 60, 556, 224, 555, 220, 1, 4, 1.3258176636680326, 4.123105625617661
529, 64, 13, 360, 12, 361, 1, -1, -0.7853981633974483, 1.4142135623730951
529, 73, 339, 340, 338, 341, 1, -1, -0.7853981633974483, 1.4142135623730951
529, 75, 360, 312, 359, 313, 1, -1, -0.7853981633974483, 1.4142135623730951
530, 6, 619, 315, 618, 313, 1, 2, 1.1071487177940904, 2.23606797749979
530, 13, 377, 291, 377, 294, 0, -3, -1.5707963267948966, 3.0
530, 15, 557, 225, 554, 223, 3, 2, 0.5880026035475675, 3.605551275463989
530, 19, 178, 314, 177, 315, 1, -1, -0.7853981633974483, 1.4142135623730951
530, 20, 473, 138, 471, 140, 2, -2, -0.7853981633974483, 2.8284271247461903
530, 22, 511, 136, 507, 136, 4, 0, 0.0, 4.0
530, 26, 541, 179, 539, 178, 2, 1, 0.4636476090008061, 2.23606797749979
530, 30, 494, 155, 492, 155, 2, 0, 0.0, 2.0
530, 34, 586, 265, 586, 263, 0, 2, 1.5707963267948966, 2.0
530, 40, 503, 127, 504, 129, -1, -2, -2.0344439357957027, 2.23606797749979
530, 48, 41, 219, 40, 220, 1, -1, -0.7853981633974483, 1.4142135623730951
530, 49, 229, 407, 228, 408, 1, -1, -0.7853981633974483, 1.4142135623730951
530, 52, 582, 257, 581, 256, 1, 1, 0.7853981633974483, 1.4142135623730951
530, 65, 416, 303, 416, 305, 0, -2, -1.5707963267948966, 2.0
530, 70, 30, 211, 29, 212, 1, -1, -0.7853981633974483, 1.4142135623730951
531, 5, 619, 317, 619, 315, 0, 2, 1.5707963267948966, 2.0
531, 6, 163, 189, 163, 191, 0, -2, -1.5707963267948966, 2.0
531, 12, 378, 288, 377, 291, 1, -3, -1.2490457723982544, 3.1622776601683795
531, 13, 559, 224, 557, 225, 2, -1, -0.4636476090008061, 2.23606797749979
531, 17, 473, 136, 473, 138, 0, -2, -1.5707963267948966, 2.0
531, 19, 514, 136, 511, 136, 3, 0, 0.0, 3.0
531, 22, 211, 290, 210, 291, 1, -1, -0.7853981633974483, 1.4142135623730951
531, 24, 71, 190, 70, 191, 1, -1, -0.7853981633974483, 1.4142135623730951
531, 27, 496, 155, 494, 155, 2, 0, 0.0, 2.0
531, 31, 584, 267, 586, 265, -2, 2, 2.356194490192345, 2.8284271247461903
531, 36, 501, 124, 503, 127, -2, -3, -2.158798930342464, 3.605551275463989
531, 40, 189, 412, 188, 413, 1, -1, -0.7853981633974483, 1.4142135623730951
531, 42, 27, 410, 26, 411, 1, -1, -0.7853981633974483, 1.4142135623730951
531, 48, 582, 259, 582, 257, 0, 2, 1.5707963267948966, 2.0
531, 61, 417, 301, 416, 303, 1, -2, -1.1071487177940904, 2.23606797749979
532, 0, 158, 267, 159, 266, -1, 1, 2.356194490192345, 1.4142135623730951
532, 4, 619, 319, 619, 317, 0, 2, 1.5707963267948966, 2.0
532, 11, 378, 285, 378, 288, 0, -3, -1.5707963267948966, 3.0
532, 12, 560, 223, 559, 224, 1, -1, -0.7853981633974483, 1.4142135623730951
532, 18, 516, 136, 514, 136, 2, 0, 0.0, 2.0
532, 22, 542, 181, 541, 180, 1, 1, 0.7853981633974483, 1.4142135623730951
532, 30, 583, 268, 584, 267, -1, 1, 2.356194490192345, 1.4142135623730951
532, 35, 501, 121, 501, 124, 0, -3, -1.5707963267948966, 3.0
532, 40, 28, 409, 27, 410, 1, -1, -0.7853981633974483, 1.4142135623730951
532, 41, 13, 180, 12, 181, 1, -1, -0.7853981633974483, 1.4142135623730951
532, 46, 582, 261, 582, 259, 0, 2, 1.5707963267948966, 2.0
532, 59, 418, 298, 417, 301, 1, -3, -1.2490457723982544, 3.1622776601683795
532, 66, 318, 380, 317, 381, 1, -1, -0.7853981633974483, 1.4142135623730951
532, 67, 79, 224, 81, 225, -2, -1, -2.677945044588987, 2.23606797749979
532, 70, 42, 334, 41, 335, 1, -1, -0.7853981633974483, 1.4142135623730951
533, 3, 620, 320, 619, 319, 1, 1, 0.7853981633974483, 1.4142135623730951
533, 10, 378, 283, 378, 285, 0, -2, -1.5707963267948966, 2.0
533, 12, 106, 411, 103, 414, 3, -3, -0.7853981633974483, 4.242640687119285
533, 13, 155, 186, 154, 187, 1, -1, -0.7853981633974483, 1.4142135623730951
533, 18, 97, 374, 98, 372, -1, 2, 2.0344439357957027, 2.23606797749979
533, 19, 271, 373, 270, 374, 1, -1, -0.7853981633974483, 1.4142135623730951
533, 20, 212, 289, 211, 290, 1, -1, -0.7853981633974483, 1.4142135623730951
533, 28, 13, 396, 11, 396, 2, 0, 0.0, 2.0
533, 31, 164, 293, 161, 294, 3, -1, -0.3217505543966422, 3.1622776601683795
533, 33, 503, 119, 501, 121, 2, -2, -0.7853981633974483, 2.8284271247461903
533, 42, 28, 296, 25, 297, 3, -1, -0.3217505543966422, 3.1622776601683795
533, 57, 420, 301, 418, 298, 2, 3, 0.982793723247329, 3.605551275463989
533, 60, 88, 381, 88, 379, 0, 2, 1.5707963267948966, 2.0
533, 63, 319, 378, 318, 380, 1, -2, -1.1071487177940904, 2.23606797749979
533, 64, 77, 223, 79, 224, -2, -1, -2.677945044588987, 2.23606797749979
533, 68, 127, 360, 124, 362, 3, -2, -0.5880026035475675, 3.605551275463989
534, 3, 621, 322, 620, 320, 1, 2, 1.1071487177940904, 2.23606797749979
534, 5, 92, 330, 91, 331, 1, -1, -0.7853981633974483, 1.4142135623730951
534, 10, 377, 281, 378, 283, -1, -2, -2.0344439357957027, 2.23606797749979
534, 15, 474, 133, 473, 134, 1, -1, -0.7853981633974483, 1.4142135623730951
534, 16, 220, 273, 219, 274, 1, -1, -0.7853981633974483, 1.4142135623730951
534, 17, 518, 135, 517, 136, 1, -1, -0.7853981633974483, 1.4142135623730951
534, 21, 543, 183, 542, 182, 1, 1, 0.7853981633974483, 1.4142135623730951
534, 37, 29, 408, 28, 409, 1, -1, -0.7853981633974483, 1.4142135623730951
534, 42, 583, 264, 582, 262, 1, 2, 1.1071487177940904, 2.23606797749979
534, 48, 196, 194, 195, 195, 1, -1, -0.7853981633974483, 1.4142135623730951
535, 4, 621, 320, 620, 319, 1, 1, 0.7853981633974483, 1.4142135623730951
535, 10, 167, 194, 166, 195, 1, -1, -0.7853981633974483, 1.4142135623730951
535, 15, 512, 133, 513, 136, -1, -3, -1.892546881191539, 3.1622776601683795
535, 23, 509, 126, 506, 126, 3, 0, 0.0, 3.0
535, 27, 375, 289, 375, 291, 0, -2, -1.5707963267948966, 2.0
535, 37, 30, 411, 29, 412, 1, -1, -0.7853981633974483, 1.4142135623730951
535, 45, 343, 340, 342, 341, 1, -1, -0.7853981633974483, 1.4142135623730951
535, 49, 422, 289, 421, 290, 1, -1, -0.7853981633974483, 1.4142135623730951
535, 55, 559, 216, 557, 213, 2, 3, 0.982793723247329, 3.605551275463989
535, 57, 584, 265, 583, 264, 1, 1, 0.7853981633974483, 1.4142135623730951
535, 63, 411, 232, 410, 234, 1, -2, -1.1071487177940904, 2.23606797749979
535, 69, 147, 218, 148, 220, -1, -2, -2.0344439357957027, 2.23606797749979
535, 78, 381, 362, 380, 364, 1, -2, -1.1071487177940904, 2.23606797749979
535, 79, 17, 394, 16, 395, 1, -1, -0.7853981633974483, 1.4142135623730951
535, 85, 87, 400, 86, 401, 1, -1, -0.7853981633974483, 1.4142135623730951
536, 4, 623, 322, 621, 320, 2, 2, 0.7853981633974483, 2.8284271247461903
536, 15, 509, 131, 512, 133, -3, -2, -2.5535900500422257, 3.605551275463989
536, 23, 511, 128, 509, 126, 2, 2, 0.7853981633974483, 2.8284271247461903
536, 27, 375, 286, 375, 289, 0, -3, -1.5707963267948966, 3.0
536, 41, 294, 400, 292, 400, 2, 0, 0.0, 2.0
536, 43, 344, 339, 343, 340, 1, -1, -0.7853981633974483, 1.4142135623730951
536, 46, 423, 287, 422, 289, 1, -2, -1.1071487177940904, 2.23606797749979
536, 49, 508, 155, 507, 154, 1, 1, 0.7853981633974483, 1.4142135623730951
536, 52, 562, 219, 559, 216, 3, 3, 0.7853981633974483, 4.242640687119285
536, 60, 411, 230, 411, 232, 0, -2, -1.5707963267948966, 2.0
536, 64, 231, 196, 229, 194, 2, 2, 0.7853981633974483, 2.8284271247461903
536, 73, 382, 361, 381, 362, 1, -1, -0.7853981633974483, 1.4142135623730951
536, 80, 543, 184, 542, 183, 1, 1, 0.7853981633974483, 1.4142135623730951
536, 81, 348, 360, 347, 361, 1, -1, -0.7853981633974483, 1.4142135623730951
537, 4, 624, 324, 623, 322, 1, 2, 1.1071487177940904, 2.23606797749979
537, 10, 168, 192, 167, 193, 1, -1, -0.7853981633974483, 1.4142135623730951
537, 13, 195, 401, 194, 402, 1, -1, -0.7853981633974483, 1.4142135623730951
537, 15, 510, 128, 509, 131, 1, -3, -1.2490457723982544, 3.1622776601683795
537, 17, 20, 291, 22, 291, -2, 0, 3.141592653589793, 2.0
537, 19, 234, 223, 233, 225, 1, -2, -1.1071487177940904, 2.23606797749979
537, 23, 513, 132, 511, 128, 2, 4, 1.1071487177940904, 4.47213595499958
537, 32, 323, 377, 322, 378, 1, -1, -0.7853981633974483, 1.4142135623730951
537, 36, 31, 410, 30, 411, 1, -1, -0.7853981633974483, 1.4142135623730951
537, 39, 196, 413, 194, 413, 2, 0, 0.0, 2.0
537, 59, 412, 228, 411, 230, 1, -2, -1.1071487177940904, 2.23606797749979
537, 67, 22, 299, 25, 299, -3, 0, 3.141592653589793, 3.0
537, 72, 383, 359, 382, 361, 1, -2, -1.1071487177940904, 2.23606797749979
537, 79, 545, 186, 543, 184, 2, 2, 0.7853981633974483, 2.8284271247461903
538, 3, 75, 243, 74, 244, 1, -1, -0.7853981633974483, 1.4142135623730951
538, 4, 626, 326, 624, 324, 2, 2, 0.7853981633974483, 2.8284271247461903
538, 14, 509, 126, 510, 128, -1, -2, -2.0344439357957027, 2.23606797749979
538, 22, 512, 130, 513, 132, -1, -2, -2.0344439357957027, 2.23606797749979
538, 26, 375, 283, 375, 285, 0, -2, -1.5707963267948966, 2.0
538, 40, 296, 401, 295, 400, 1, 1, 0.7853981633974483, 1.4142135623730951
538, 42, 345, 337, 344, 338, 1, -1, -0.7853981633974483, 1.4142135623730951
538, 45, 425, 285, 424, 287, 1, -2, -1.1071487177940904, 2.23606797749979
538, 56, 413, 226, 412, 228, 1, -2, -1.1071487177940904, 2.23606797749979
538, 66, 364, 338, 363, 339, 1, -1, -0.7853981633974483, 1.4142135623730951
538, 69, 384, 357, 383, 359, 1, -2, -1.1071487177940904, 2.23606797749979
538, 72, 246, 270, 245, 271, 1, -1, -0.7853981633974483, 1.4142135623730951
538, 76, 547, 187, 545, 186, 2, 1, 0.4636476090008061, 2.23606797749979
538, 77, 349, 358, 348, 359, 1, -1, -0.7853981633974483, 1.4142135623730951
538, 78, 196, 386, 195, 387, 1, -1, -0.7853981633974483, 1.4142135623730951
539, 4, 627, 327, 626, 326, 1, 1, 0.7853981633974483, 1.4142135623730951
539, 12, 196, 400, 195, 401, 1, -1, -0.7853981633974483, 1.4142135623730951
539, 14, 509, 124, 509, 126, 0, -2, -1.5707963267948966, 2.0
539, 20, 421, 297, 420, 299, 1, -2, -1.1071487177940904, 2.23606797749979
539, 22, 511, 128, 512, 130, -1, -2, -2.0344439357957027, 2.23606797749979
539, 25, 106, 409, 105, 410, 1, -1, -0.7853981633974483, 1.4142135623730951
539, 26, 375, 280, 375, 283, 0, -3, -1.5707963267948966, 3.0
539, 31, 325, 375, 323, 376, 2, -1, -0.4636476090008061, 2.23606797749979
539, 32, 157, 183, 156, 184, 1, -1, -0.7853981633974483, 1.4142135623730951
539, 38, 198, 412, 197, 413, 1, -1, -0.7853981633974483, 1.4142135623730951
539, 40, 297, 400, 296, 401, 1, -1, -0.7853981633974483, 1.4142135623730951
539, 42, 346, 336, 345, 337, 1, -1, -0.7853981633974483, 1.4142135623730951
539, 45, 64, 380, 65, 379, -1, 1, 2.356194490192345, 1.4142135623730951
539, 47, 510, 156, 509, 155, 1, 1, 0.7853981633974483, 1.4142135623730951
539, 48, 563, 222, 562, 220, 1, 2, 1.1071487177940904, 2.23606797749979
539, 49, 225, 217, 224, 218, 1, -1, -0.7853981633974483, 1.4142135623730951
539, 54, 413, 224, 413, 226, 0, -2, -1.5707963267948966, 2.0
539, 63, 13, 368, 12, 369, 1, -1, -0.7853981633974483, 1.4142135623730951
539, 64, 366, 338, 364, 338, 2, 0, 0.0, 2.0
539, 67, 385, 355, 384, 357, 1, -2, -1.1071487177940904, 2.23606797749979
539, 69, 233, 400, 232, 401, 1, -1, -0.7853981633974483, 1.4142135623730951
539, 70, 247, 269, 246, 270, 1, -1, -0.7853981633974483, 1.4142135623730951
540, 6, 28, 382, 27, 383, 1, -1, -0.7853981633974483, 1.4142135623730951
540, 10, 624, 326, 624, 324, 0, 2, 1.5707963267948966, 2.0
540, 11, 509, 130, 511, 132, -2, -2, -2.356194490192345, 2.8284271247461903
540, 20, 377, 283, 377, 286, 0, -3, -1.5707963267948966, 3.0
540, 26, 228, 331, 229, 333, -1, -2, -2.0344439357957027, 2.23606797749979
540, 33, 414, 227, 413, 229, 1, -2, -1.1071487177940904, 2.23606797749979
540, 43, 201, 196, 200, 197, 1, -1, -0.7853981633974483, 1.4142135623730951
540, 46, 568, 232, 569, 231, -1, 1, 2.356194490192345, 1.4142135623730951
540, 48, 33, 411, 32, 412, 1, -1, -0.7853981633974483, 1.4142135623730951
540, 59, 423, 300, 421, 303, 2, -3, -0.982793723247329, 3.605551275463989
540, 63, 39, 227, 38, 228, 1, -1, -0.7853981633974483, 1.4142135623730951
540, 66, 283, 319, 281, 319, 2, 0, 0.0, 2.0
540, 68, 485, 134, 484, 135, 1, -1, -0.7853981633974483, 1.4142135623730951
541, 6, 29, 381, 28, 382, 1, -1, -0.7853981633974483, 1.4142135623730951
541, 7, 98, 331, 97, 332, 1, -1, -0.7853981633974483, 1.4142135623730951
541, 20, 377, 280, 377, 283, 0, -3, -1.5707963267948966, 3.0
541, 33, 414, 225, 414, 227, 0, -2, -1.5707963267948966, 2.0
541, 35, 26, 238, 28, 238, -2, 0, 3.141592653589793, 2.0
541, 37, 262, 311, 261, 313, 1, -2, -1.1071487177940904, 2.23606797749979
541, 38, 65, 338, 66, 340, -1, -2, -2.0344439357957027, 2.23606797749979
541, 43, 202, 195, 201, 196, 1, -1, -0.7853981633974483, 1.4142135623730951
541, 45, 568, 235, 568, 232, 0, 3, 1.5707963267948966, 3.0
541, 46, 289, 325, 289, 323, 0, 2, 1.5707963267948966, 2.0
541, 51, 108, 350, 107, 351, 1, -1, -0.7853981633974483, 1.4142135623730951
541, 54, 85, 401, 84, 402, 1, -1, -0.7853981633974483, 1.4142135623730951
541, 58, 425, 297, 423, 300, 2, -3, -0.982793723247329, 3.605551275463989
541, 60, 74, 191, 73, 192, 1, -1, -0.7853981633974483, 1.4142135623730951
542, 10, 511, 131, 509, 130, 2, 1, 0.4636476090008061, 2.23606797749979
542, 12, 270, 305, 269, 304, 1, 1, 0.7853981633974483, 1.4142135623730951
542, 18, 378, 277, 377, 280, 1, -3, -1.2490457723982544, 3.1622776601683795
542, 45, 233, 407, 232, 409, 1, -2, -1.1071487177940904, 2.23606797749979
542, 53, 425, 294, 425, 297, 0, -3, -1.5707963267948966, 3.0
542, 58, 198, 414, 197, 415, 1, -1, -0.7853981633974483, 1.4142135623730951
542, 61, 486, 132, 485, 133, 1, -1, -0.7853981633974483, 1.4142135623730951
543, 8, 625, 330, 624, 328, 1, 2, 1.1071487177940904, 2.23606797749979
543, 9, 513, 133, 511, 131, 2, 2, 0.7853981633974483, 2.8284271247461903
543, 12, 23, 236, 22, 237, 1, -1, -0.7853981633974483, 1.4142135623730951
543, 16, 378, 274, 378, 277, 0, -3, -1.5707963267948966, 3.0
543, 27, 414, 222, 414, 224, 0, -2, -1.5707963267948966, 2.0
543, 31, 62, 336, 65, 337, -3, -1, -2.819842099193151, 3.1622776601683795
543, 37, 565, 235, 568, 234, -3, 1, 2.819842099193151, 3.1622776601683795
543, 42, 234, 406, 233, 407, 1, -1, -0.7853981633974483, 1.4142135623730951
543, 45, 209, 209, 208, 210, 1, -1, -0.7853981633974483, 1.4142135623730951
543, 50, 426, 291, 425, 294, 1, -3, -1.2490457723982544, 3.1622776601683795
543, 52, 75, 189, 74, 190, 1, -1, -0.7853981633974483, 1.4142135623730951
543, 55, 199, 413, 198, 414, 1, -1, -0.7853981633974483, 1.4142135623730951
543, 58, 487, 131, 486, 132, 1, -1, -0.7853981633974483, 1.4142135623730951
544, 8, 626, 332, 625, 330, 1, 2, 1.1071487177940904, 2.23606797749979
544, 9, 514, 134, 513, 133, 1, 1, 0.7853981633974483, 1.4142135623730951
544, 16, 380, 270, 378, 274, 2, -4, -1.1071487177940904, 4.47213595499958
544, 27, 413, 220, 414, 222, -1, -2, -2.0344439357957027, 2.23606797749979
544, 31, 60, 336, 62, 336, -2, 0, 3.141592653589793, 2.0
544, 37, 565, 237, 565, 235, 0, 2, 1.5707963267948966, 2.0
544, 48, 427, 290, 426, 291, 1, -1, -0.7853981633974483, 1.4142135623730951
545, 6, 632, 331, 628, 329, 4, 2, 0.4636476090008061, 4.47213595499958
545, 10, 383, 279, 383, 281, 0, -2, -1.5707963267948966, 2.0
545, 14, 248, 277, 247, 278, 1, -1, -0.7853981633974483, 1.4142135623730951
545, 15, 173, 184, 172, 185, 1, -1, -0.7853981633974483, 1.4142135623730951
545, 32, 225, 331, 227, 331, -2, 0, 3.141592653589793, 2.0
545, 39, 207, 291, 206, 292, 1, -1, -0.7853981633974483, 1.4142135623730951
545, 50, 329, 379, 328, 381, 1, -2, -1.1071487177940904, 2.23606797749979
545, 52, 295, 286, 296, 285, -1, 1, 2.356194490192345, 1.4142135623730951
545, 54, 549, 195, 548, 193, 1, 2, 1.1071487177940904, 2.23606797749979
545, 55, 360, 382, 359, 384, 1, -2, -1.1071487177940904, 2.23606797749979
545, 57, 363, 297, 363, 299, 0, -2, -1.5707963267948966, 2.0
545, 62, 467, 170, 467, 172, 0, -2, -1.5707963267948966, 2.0
545, 65, 109, 197, 108, 198, 1, -1, -0.7853981633974483, 1.4142135623730951
545, 68, 585, 263, 584, 262, 1, 1, 0.7853981633974483, 1.4142135623730951
545, 71, 390, 353, 389, 355, 1, -2, -1.1071487177940904, 2.23606797749979
545, 73, 480, 136, 478, 136, 2, 0, 0.0, 2.0
545, 74, 214, 285, 212, 285, 2, 0, 0.0, 2.0
545, 77, 588, 276, 587, 277, 1, -1, -0.7853981633974483, 1.4142135623730951
545, 79, 275, 406, 274, 407, 1, -1, -0.7853981633974483, 1.4142135623730951
546, 5, 633, 333, 632, 331, 1, 2, 1.1071487177940904, 2.23606797749979
546, 9, 383, 276, 383, 279, 0, -3, -1.5707963267948966, 3.0
546, 30, 222, 330, 225, 331, -3, -1, -2.819842099193151, 3.1622776601683795
546, 38, 324, 382, 322, 382, 2, 0, 0.0, 2.0
546, 44, 181, 309, 180, 310, 1, -1, -0.7853981633974483, 1.4142135623730951
546, 47, 330, 378, 329, 379, 1, -1, -0.7853981633974483, 1.4142135623730951
546, 49, 294, 287, 295, 286, -1, 1, 2.356194490192345, 1.4142135623730951
546, 50, 286, 275, 288, 275, -2, 0, 3.141592653589793, 2.0
546, 52, 361, 381, 360, 382, 1, -1, -0.7853981633974483, 1.4142135623730951
546, 54, 363, 295, 363, 297, 0, -2, -1.5707963267948966, 2.0
546, 58, 357, 353, 356, 355, 1, -2, -1.1071487177940904, 2.23606797749979
546, 59, 467, 168, 467, 170, 0, -2, -1.5707963267948966, 2.0
546, 60, 37, 311, 39, 311, -2, 0, 3.141592653589793, 2.0
546, 61, 87, 402, 86, 403, 1, -1, -0.7853981633974483, 1.4142135623730951
546, 68, 390, 350, 390, 353, 0, -3, -1.5707963267948966, 3.0
546, 70, 482, 136, 480, 136, 2, 0, 0.0, 2.0
546, 71, 216, 285, 214, 285, 2, 0, 0.0, 2.0
546, 75, 276, 405, 275, 406, 1, -1, -0.7853981633974483, 1.4142135623730951
547, 5, 634, 334, 633, 333, 1, 1, 0.7853981633974483, 1.4142135623730951
547, 9, 384, 273, 383, 276, 1, -3, -1.2490457723982544, 3.1622776601683795
547, 12, 113, 232, 112, 231, 1, 1, 0.7853981633974483, 1.4142135623730951
547, 14, 174, 182, 173, 183, 1, -1, -0.7853981633974483, 1.4142135623730951
547, 30, 220, 327, 222, 330, -2, -3, -2.158798930342464, 3.605551275463989
547, 38, 325, 381, 324, 382, 1, -1, -0.7853981633974483, 1.4142135623730951
547, 49, 550, 197, 549, 196, 1, 1, 0.7853981633974483, 1.4142135623730951
547, 50, 362, 379, 361, 381, 1, -2, -1.1071487177940904, 2.23606797749979
547, 51, 528, 140, 524, 140, 4, 0, 0.0, 4.0
547, 52, 364, 293, 363, 295, 1, -2, -1.1071487177940904, 2.23606797749979
547, 56, 358, 352, 357, 353, 1, -1, -0.7853981633974483, 1.4142135623730951
547, 57, 35, 310, 37, 311, -2, -1, -2.677945044588987, 2.23606797749979
547, 62, 585, 267, 585, 264, 0, 3, 1.5707963267948966, 3.0
547, 63, 116, 317, 116, 319, 0, -2, -1.5707963267948966, 2.0
547, 65, 391, 347, 390, 350, 1, -3, -1.2490457723982544, 3.1622776601683795
547, 67, 483, 135, 482, 136, 1, -1, -0.7853981633974483, 1.4142135623730951
547, 68, 217, 286, 216, 285, 1, 1, 0.7853981633974483, 1.4142135623730951
547, 72, 277, 404, 276, 405, 1, -1, -0.7853981633974483, 1.4142135623730951
548, 5, 635, 335, 634, 334, 1, 1, 0.7853981633974483, 1.4142135623730951
548, 9, 385, 270, 384, 273, 1, -3, -1.2490457723982544, 3.1622776601683795
548, 12, 113, 230, 113, 232, 0, -2, -1.5707963267948966, 2.0
548, 17, 282, 320, 284, 321, -2, -1, -2.677945044588987, 2.23606797749979
548, 18, 174, 313, 173, 314, 1, -1, -0.7853981633974483, 1.4142135623730951
548, 20, 143, 359, 145, 359, -2, 0, 3.141592653589793, 2.0
548, 32, 239, 405, 238, 406, 1, -1, -0.7853981633974483, 1.4142135623730951
548, 38, 327, 380, 325, 381, 2, -1, -0.4636476090008061, 2.23606797749979
548, 45, 331, 376, 330, 377, 1, -1, -0.7853981633974483, 1.4142135623730951
548, 48, 285, 278, 285, 275, 0, 3, 1.5707963267948966, 3.0
548, 50, 363, 378, 362, 379, 1, -1, -0.7853981633974483, 1.4142135623730951
548, 51, 530, 141, 528, 140, 2, 1, 0.4636476090008061, 2.23606797749979
548, 52, 364, 291, 364, 293, 0, -2, -1.5707963267948966, 2.0
548, 56, 359, 351, 358, 352, 1, -1, -0.7853981633974483, 1.4142135623730951
548, 60, 31, 210, 34, 212, -3, -2, -2.5535900500422257, 3.605551275463989
548, 65, 392, 344, 391, 347, 1, -3, -1.2490457723982544, 3.1622776601683795
548, 67, 484, 134, 483, 135, 1, -1, -0.7853981633974483, 1.4142135623730951
548, 68, 218, 287, 217, 286, 1, 1, 0.7853981633974483, 1.4142135623730951
549, 9, 387, 267, 385, 270, 2, -3, -0.982793723247329, 3.605551275463989
549, 13, 175, 180, 174, 181, 1, -1, -0.7853981633974483, 1.4142135623730951
549, 17, 237, 194, 236, 195, 1, -1, -0.7853981633974483, 1.4142135623730951
549, 41, 331, 374, 331, 376, 0, -2, -1.5707963267948966, 2.0
549, 44, 284, 279, 285, 278, -1, 1, 2.356194490192345, 1.4142135623730951
549, 45, 551, 199, 550, 198, 1, 1, 0.7853981633974483, 1.4142135623730951
549, 46, 364, 376, 363, 378, 1, -2, -1.1071487177940904, 2.23606797749979
549, 47, 532, 143, 530, 141, 2, 2, 0.7853981633974483, 2.8284271247461903
549, 48, 365, 289, 364, 291, 1, -2, -1.1071487177940904, 2.23606797749979
549, 52, 360, 349, 359, 351, 1, -2, -1.1071487177940904, 2.23606797749979
549, 59, 116, 316, 115, 317, 1, -1, -0.7853981633974483, 1.4142135623730951
549, 61, 393, 341, 392, 344, 1, -3, -1.2490457723982544, 3.1622776601683795
549, 63, 485, 132, 484, 134, 1, -2, -1.1071487177940904, 2.23606797749979
549, 67, 278, 402, 277, 403, 1, -1, -0.7853981633974483, 1.4142135623730951
550, 7, 530, 146, 529, 147, 1, -1, -0.7853981633974483, 1.4142135623730951
550, 17, 521, 131, 520, 133, 1, -2, -1.1071487177940904, 2.23606797749979
550, 24, 44, 270, 45, 272, -1, -2, -2.0344439357957027, 2.23606797749979
550, 28, 597, 288, 596, 286, 1, 2, 1.1071487177940904, 2.23606797749979
550, 36, 568, 239, 568, 241, 0, -2, -1.5707963267948966, 2.0
550, 42, 386, 273, 386, 275, 0, -2, -1.5707963267948966, 2.0
550, 48, 420, 221, 418, 223, 2, -2, -0.7853981633974483, 2.8284271247461903
550, 49, 205, 414, 204, 415, 1, -1, -0.7853981633974483, 1.4142135623730951
550, 68, 210, 402, 209, 403, 1, -1, -0.7853981633974483, 1.4142135623730951
550, 72, 332, 371, 331, 372, 1, -1, -0.7853981633974483, 1.4142135623730951
550, 75, 476, 155, 475, 156, 1, -1, -0.7853981633974483, 1.4142135623730951
550, 79, 413, 250, 413, 252, 0, -2, -1.5707963267948966, 2.0
550, 89, 354, 333, 353, 335, 1, -2, -1.1071487177940904, 2.23606797749979
550, 92, 367, 296, 367, 298, 0, -2, -1.5707963267948966, 2.0
551, 4, 634, 333, 632, 333, 2, 0, 0.0, 2.0
551, 7, 529, 144, 530, 146, -1, -2, -2.0344439357957027, 2.23606797749979
551, 9, 24, 241, 23, 242, 1, -1, -0.7853981633974483, 1.4142135623730951
551, 16, 525, 133, 521, 131, 4, 2, 0.4636476090008061, 4.47213595499958
551, 27, 597, 291, 597, 288, 0, 3, 1.5707963267948966, 3.0
551, 40, 387, 271, 386, 273, 1, -2, -1.1071487177940904, 2.23606797749979
551, 45, 420, 219, 420, 221, 0, -2, -1.5707963267948966, 2.0
551, 53, 334, 379, 333, 380, 1, -1, -0.7853981633974483, 1.4142135623730951
551, 59, 83, 191, 82, 192, 1, -1, -0.7853981633974483, 1.4142135623730951
551, 64, 211, 401, 210, 402, 1, -1, -0.7853981633974483, 1.4142135623730951
551, 68, 333, 370, 332, 371, 1, -1, -0.7853981633974483, 1.4142135623730951
551, 70, 290, 324, 289, 323, 1, 1, 0.7853981633974483, 1.4142135623730951
551, 71, 477, 154, 476, 155, 1, -1, -0.7853981633974483, 1.4142135623730951
551, 75, 414, 248, 413, 250, 1, -2, -1.1071487177940904, 2.23606797749979
551, 80, 60, 226, 62, 226, -2, 0, 3.141592653589793, 2.0
551, 85, 355, 331, 354, 333, 1, -2, -1.1071487177940904, 2.23606797749979
551, 86, 26, 182, 25, 183, 1, -1, -0.7853981633974483, 1.4142135623730951
551, 88, 368, 293, 367, 296, 1, -3, -1.2490457723982544, 3.1622776601683795
552, 3, 635, 334, 634, 333, 1, 1, 0.7853981633974483, 1.4142135623730951
552, 6, 528, 142, 529, 144, -1, -2, -2.0344439357957027, 2.23606797749979
552, 8, 25, 240, 24, 241, 1, -1, -0.7853981633974483, 1.4142135623730951
552, 9, 176, 183, 175, 184, 1, -1, -0.7853981633974483, 1.4142135623730951
552, 15, 528, 135, 525, 133, 3, 2, 0.5880026035475675, 3.605551275463989
552, 25, 595, 291, 597, 291, -2, 0, 3.141592653589793, 2.0
552, 37, 387, 269, 387, 271, 0, -2, -1.5707963267948966, 2.0
552, 42, 421, 217, 420, 219, 1, -2, -1.1071487177940904, 2.23606797749979
552, 43, 207, 413, 206, 414, 1, -1, -0.7853981633974483, 1.4142135623730951
552, 44, 163, 185, 162, 186, 1, -1, -0.7853981633974483, 1.4142135623730951
552, 47, 154, 220, 154, 222, 0, -2, -1.5707963267948966, 2.0
552, 49, 335, 377, 334, 379, 1, -2, -1.1071487177940904, 2.23606797749979
552, 57, 10, 346, 12, 347, -2, -1, -2.677945044588987, 2.23606797749979
552, 60, 213, 399, 211, 401, 2, -2, -0.7853981633974483, 2.8284271247461903
552, 64, 335, 369, 333, 370, 2, -1, -0.4636476090008061, 2.23606797749979
552, 70, 287, 279, 288, 278, -1, 1, 2.356194490192345, 1.4142135623730951
552, 71, 414, 246, 414, 248, 0, -2, -1.5707963267948966, 2.0
552, 74, 78, 194, 77, 195, 1, -1, -0.7853981633974483, 1.4142135623730951
552, 75, 57, 225, 60, 226, -3, -1, -2.819842099193151, 3.1622776601683795
552, 79, 356, 329, 355, 331, 1, -2, -1.1071487177940904, 2.23606797749979
552, 82, 368, 291, 368, 293, 0, -2, -1.5707963267948966, 2.0
553, 6, 526, 140, 528, 142, -2, -2, -2.356194490192345, 2.8284271247461903
553, 15, 529, 138, 528, 135, 1, 3, 1.2490457723982544, 3.1622776601683795
553, 22, 113, 410, 112, 411, 1, -1, -0.7853981633974483, 1.4142135623730951
553, 23, 516, 171, 515, 170, 1, 1, 0.7853981633974483, 1.4142135623730951
553, 25, 592, 290, 595, 291, -3, -1, -2.819842099193151, 3.1622776601683795
553, 29, 291, 263, 289, 260, 2, 3, 0.982793723247329, 3.605551275463989
553, 31, 133, 230, 132, 231, 1, -1, -0.7853981633974483, 1.4142135623730951
553, 37, 388, 267, 387, 269, 1, -2, -1.1071487177940904, 2.23606797749979
553, 41, 90, 402, 89, 403, 1, -1, -0.7853981633974483, 1.4142135623730951
553, 42, 421, 215, 421, 217, 0, -2, -1.5707963267948966, 2.0
553, 43, 211, 411, 207, 413, 4, -2, -0.4636476090008061, 4.47213595499958
553, 56, 428, 188, 427, 190, 1, -2, -1.1071487177940904, 2.23606797749979
553, 60, 212, 400, 213, 399, -1, 1, 2.356194490192345, 1.4142135623730951
553, 64, 336, 368, 335, 369, 1, -1, -0.7853981633974483, 1.4142135623730951
553, 70, 413, 244, 414, 246, -1, -2, -2.0344439357957027, 2.23606797749979
553, 72, 310, 314, 310, 310, 0, 4, 1.5707963267948966, 4.0
553, 73, 79, 193, 78, 194, 1, -1, -0.7853981633974483, 1.4142135623730951
553, 78, 357, 327, 356, 329, 1, -2, -1.1071487177940904, 2.23606797749979
553, 81, 368, 289, 368, 291, 0, -2, -1.5707963267948966, 2.0
554, 5, 526, 137, 526, 140, 0, -3, -1.5707963267948966, 3.0
554, 22, 517, 172, 516, 171, 1, 1, 0.7853981633974483, 1.4142135623730951
554, 24, 590, 289, 592, 290, -2, -1, -2.677945044588987, 2.23606797749979
554, 35, 208, 388, 207, 389, 1, -1, -0.7853981633974483, 1.4142135623730951
554, 36, 389, 265, 388, 267, 1, -2, -1.1071487177940904, 2.23606797749979
554, 38, 278, 371, 277, 372, 1, -1, -0.7853981633974483, 1.4142135623730951
554, 41, 421, 213, 421, 215, 0, -2, -1.5707963267948966, 2.0
554, 42, 212, 410, 211, 411, 1, -1, -0.7853981633974483, 1.4142135623730951
554, 43, 164, 183, 163, 184, 1, -1, -0.7853981633974483, 1.4142135623730951
554, 48, 336, 376, 335, 377, 1, -1, -0.7853981633974483, 1.4142135623730951
554, 56, 12, 346, 10, 346, 2, 0, 0.0, 2.0
554, 59, 213, 399, 212, 400, 1, -1, -0.7853981633974483, 1.4142135623730951
554, 68, 413, 241, 413, 244, 0, -3, -1.5707963267948966, 3.0
554, 75, 357, 325, 357, 327, 0, -2, -1.5707963267948966, 2.0
554, 78, 369, 288, 368, 289, 1, -1, -0.7853981633974483, 1.4142135623730951
555, 11, 526, 140, 527, 142, -1, -2, -2.0344439357957027, 2.23606797749979
555, 15, 115, 411, 114, 412, 1, -1, -0.7853981633974483, 1.4142135623730951
555, 18, 177, 184, 176, 185, 1, -1, -0.7853981633974483, 1.4142135623730951
555, 25, 166, 185, 165, 186, 1, -1, -0.7853981633974483, 1.4142135623730951
555, 26, 336, 373, 335, 374, 1, -1, -0.7853981633974483, 1.4142135623730951
555, 27, 368, 379, 367, 380, 1, -1, -0.7853981633974483, 1.4142135623730951
555, 28, 210, 414, 209, 415, 1, -1, -0.7853981633974483, 1.4142135623730951
555, 34, 34, 241, 33, 242, 1, -1, -0.7853981633974483, 1.4142135623730951
555, 48, 578, 250, 577, 247, 1, 3, 1.2490457723982544, 3.1622776601683795
555, 52, 428, 189, 428, 191, 0, -2, -1.5707963267948966, 2.0
555, 62, 28, 317, 27, 318, 1, -1, -0.7853981633974483, 1.4142135623730951
555, 73, 519, 173, 518, 171, 1, 2, 1.1071487177940904, 2.23606797749979
555, 77, 501, 134, 499, 134, 2, 0, 0.0, 2.0
556, 10, 524, 138, 526, 140, -2, -2, -2.356194490192345, 2.8284271247461903
556, 24, 167, 184, 166, 185, 1, -1, -0.7853981633974483, 1.4142135623730951
556, 26, 369, 378, 368, 379, 1, -1, -0.7853981633974483, 1.4142135623730951
556, 27, 211, 413, 210, 414, 1, -1, -0.7853981633974483, 1.4142135623730951
556, 29, 285, 334, 284, 333, 1, 1, 0.7853981633974483, 1.4142135623730951
556, 32, 32, 240, 34, 241, -2, -1, -2.677945044588987, 2.23606797749979
556, 34, 386, 264, 386, 266, 0, -2, -1.5707963267948966, 2.0
556, 51, 596, 288, 595, 287, 1, 1, 0.7853981633974483, 1.4142135623730951
556, 58, 421, 216, 421, 218, 0, -2, -1.5707963267948966, 2.0
556, 65, 217, 402, 215, 402, 2, 0, 0.0, 2.0
556, 70, 520, 174, 519, 173, 1, 1, 0.7853981633974483, 1.4142135623730951
557, 10, 523, 136, 524, 138, -1, -2, -2.0344439357957027, 2.23606797749979
557, 23, 168, 183, 167, 184, 1, -1, -0.7853981633974483, 1.4142135623730951
557, 24, 337, 372, 336, 373, 1, -1, -0.7853981633974483, 1.4142135623730951
557, 25, 370, 377, 369, 378, 1, -1, -0.7853981633974483, 1.4142135623730951
557, 43, 46, 218, 45, 219, 1, -1, -0.7853981633974483, 1.4142135623730951
557, 54, 92, 401, 91, 402, 1, -1, -0.7853981633974483, 1.4142135623730951
557, 55, 422, 215, 421, 216, 1, -1, -0.7853981633974483, 1.4142135623730951
557, 62, 218, 403, 217, 402, 1, 1, 0.7853981633974483, 1.4142135623730951
557, 63, 114, 199, 113, 198, 1, 1, 0.7853981633974483, 1.4142135623730951
557, 65, 426, 199, 424, 200, 2, -1, -0.4636476090008061, 2.23606797749979
557, 70, 513, 161, 512, 162, 1, -1, -0.7853981633974483, 1.4142135623730951
558, 22, 371, 376, 370, 377, 1, -1, -0.7853981633974483, 1.4142135623730951
558, 23, 213, 412, 212, 413, 1, -1, -0.7853981633974483, 1.4142135623730951
558, 39, 577, 253, 578, 252, -1, 1, 2.356194490192345, 1.4142135623730951
558, 47, 81, 193, 80, 194, 1, -1, -0.7853981633974483, 1.4142135623730951
558, 50, 422, 213, 422, 215, 0, -2, -1.5707963267948966, 2.0
558, 57, 220, 402, 218, 403, 2, -1, -0.4636476090008061, 2.23606797749979
558, 60, 427, 198, 426, 199, 1, -1, -0.7853981633974483, 1.4142135623730951
558, 62, 521, 176, 520, 175, 1, 1, 0.7853981633974483, 1.4142135623730951
559, 8, 526, 139, 522, 136, 4, 3, 0.6435011087932844, 5.0
559, 10, 40, 318, 40, 320, 0, -2, -1.5707963267948966, 2.0
559, 13, 179, 185, 177, 182, 2, 3, 0.982793723247329, 3.605551275463989
559, 18, 168, 181, 168, 183, 0, -2, -1.5707963267948966, 2.0
559, 21, 214, 411, 213, 412, 1, -1, -0.7853981633974483, 1.4142135623730951
559, 28, 102, 231, 102, 233, 0, -2, -1.5707963267948966, 2.0
559, 32, 273, 305, 273, 307, 0, -2, -1.5707963267948966, 2.0
559, 36, 575, 253, 577, 253, -2, 0, 3.141592653589793, 2.0
559, 43, 82, 192, 81, 193, 1, -1, -0.7853981633974483, 1.4142135623730951
559, 47, 28, 312, 28, 314, 0, -2, -1.5707963267948966, 2.0
559, 52, 221, 401, 220, 402, 1, -1, -0.7853981633974483, 1.4142135623730951
559, 55, 428, 196, 427, 198, 1, -2, -1.1071487177940904, 2.23606797749979
559, 60, 514, 164, 514, 161, 0, 3, 1.5707963267948966, 3.0
560, 10, 393, 263, 392, 265, 1, -2, -1.1071487177940904, 2.23606797749979
560, 22, 86, 189, 85, 190, 1, -1, -0.7853981633974483, 1.4142135623730951
560, 25, 18, 369, 17, 370, 1, -1, -0.7853981633974483, 1.4142135623730951
560, 28, 214, 413, 213, 414, 1, -1, -0.7853981633974483, 1.4142135623730951
560, 40, 47, 183, 45, 184, 2, -1, -0.4636476090008061, 2.23606797749979
560, 41, 430, 275, 430, 278, 0, -3, -1.5707963267948966, 3.0
560, 44, 271, 311, 274, 308, -3, 3, 2.356194490192345, 4.242640687119285
560, 47, 372, 288, 371, 290, 1, -2, -1.1071487177940904, 2.23606797749979
560, 54, 461, 190, 461, 192, 0, -2, -1.5707963267948966, 2.0
560, 60, 381, 315, 379, 319, 2, -4, -1.1071487177940904, 4.47213595499958
560, 65, 109, 212, 108, 214, 1, -2, -1.1071487177940904, 2.23606797749979
560, 66, 560, 208, 559, 207, 1, 1, 0.7853981633974483, 1.4142135623730951
560, 68, 526, 174, 525, 173, 1, 1, 0.7853981633974483, 1.4142135623730951
560, 71, 371, 374, 370, 376, 1, -2, -1.1071487177940904, 2.23606797749979
560, 73, 400, 344, 399, 345, 1, -1, -0.7853981633974483, 1.4142135623730951
561, 9, 393, 261, 393, 263, 0, -2, -1.5707963267948966, 2.0
561, 19, 179, 189, 178, 190, 1, -1, -0.7853981633974483, 1.4142135623730951
561, 21, 87, 188, 86, 189, 1, -1, -0.7853981633974483, 1.4142135623730951
561, 26, 215, 412, 214, 413, 1, -1, -0.7853981633974483, 1.4142135623730951
561, 29, 308, 235, 310, 234, -2, 1, 2.677945044588987, 2.23606797749979
561, 32, 294, 264, 295, 263, -1, 1, 2.356194490192345, 1.4142135623730951
561, 38, 48, 184, 47, 183, 1, 1, 0.7853981633974483, 1.4142135623730951
561, 39, 431, 271, 430, 275, 1, -4, -1.3258176636680326, 4.123105625617661
561, 45, 372, 286, 372, 288, 0, -2, -1.5707963267948966, 2.0
561, 52, 460, 188, 461, 190, -1, -2, -2.0344439357957027, 2.23606797749979
561, 58, 383, 312, 381, 315, 2, -3, -0.982793723247329, 3.605551275463989
561, 63, 110, 213, 109, 212, 1, 1, 0.7853981633974483, 1.4142135623730951
561, 69, 372, 373, 371, 374, 1, -1, -0.7853981633974483, 1.4142135623730951
561, 71, 402, 343, 400, 344, 2, -1, -0.4636476090008061, 2.23606797749979
562, 8, 394, 258, 393, 261, 1, -3, -1.2490457723982544, 3.1622776601683795
562, 13, 169, 181, 168, 182, 1, -1, -0.7853981633974483, 1.4142135623730951
562, 24, 216, 411, 215, 412, 1, -1, -0.7853981633974483, 1.4142135623730951
562, 29, 293, 265, 294, 264, -1, 1, 2.356194490192345, 1.4142135623730951
562, 36, 432, 266, 431, 271, 1, -5, -1.373400766945016, 5.0990195135927845
562, 38, 28, 319, 27, 320, 1, -1, -0.7853981633974483, 1.4142135623730951
562, 42, 373, 284, 372, 286, 1, -2, -1.1071487177940904, 2.23606797749979
562, 43, 213, 192, 212, 193, 1, -1, -0.7853981633974483, 1.4142135623730951
562, 49, 459, 186, 460, 188, -1, -2, -2.0344439357957027, 2.23606797749979
562, 55, 384, 310, 383, 312, 1, -2, -1.1071487177940904, 2.23606797749979
562, 61, 561, 210, 560, 209, 1, 1, 0.7853981633974483, 1.4142135623730951
562, 63, 527, 177, 526, 175, 1, 2, 1.1071487177940904, 2.23606797749979
562, 66, 373, 372, 372, 373, 1, -1, -0.7853981633974483, 1.4142135623730951
562, 68, 403, 341, 402, 343, 1, -2, -1.1071487177940904, 2.23606797749979
563, 7, 394, 256, 394, 258, 0, -2, -1.5707963267948966, 2.0
563, 10, 103, 373, 100, 374, 3, -1, -0.3217505543966422, 3.1622776601683795
563, 16, 180, 187, 179, 188, 1, -1, -0.7853981633974483, 1.4142135623730951
563, 18, 226, 276, 225, 278, 1, -2, -1.1071487177940904, 2.23606797749979
563, 22, 217, 410, 216, 411, 1, -1, -0.7853981633974483, 1.4142135623730951
563, 34, 434, 262, 432, 266, 2, -4, -1.1071487177940904, 4.47213595499958
563, 35, 90, 382, 90, 385, 0, -3, -1.5707963267948966, 3.0
563, 39, 374, 282, 373, 284, 1, -2, -1.1071487177940904, 2.23606797749979
563, 51, 387, 307, 384, 310, 3, -3, -0.7853981633974483, 4.242640687119285
563, 55, 33, 183, 32, 184, 1, -1, -0.7853981633974483, 1.4142135623730951
563, 57, 561, 212, 561, 210, 0, 2, 1.5707963267948966, 2.0
563, 58, 213, 213, 212, 214, 1, -1, -0.7853981633974483, 1.4142135623730951
563, 59, 527, 179, 527, 177, 0, 2, 1.5707963267948966, 2.0
563, 62, 374, 371, 373, 372, 1, -1, -0.7853981633974483, 1.4142135623730951
563, 63, 404, 340, 403, 341, 1, -1, -0.7853981633974483, 1.4142135623730951
564, 6, 393, 253, 394, 256, -1, -3, -1.892546881191539, 3.1622776601683795
564, 11, 170, 180, 169, 181, 1, -1, -0.7853981633974483, 1.4142135623730951
564, 15, 181, 186, 180, 187, 1, -1, -0.7853981633974483, 1.4142135623730951
564, 32, 436, 258, 434, 262, 2, -4, -1.1071487177940904, 4.47213595499958
564, 37, 376, 280, 374, 282, 2, -2, -0.7853981633974483, 2.8284271247461903
564, 43, 459, 183, 459, 185, 0, -2, -1.5707963267948966, 2.0
564, 49, 389, 304, 387, 307, 2, -3, -0.982793723247329, 3.605551275463989
564, 52, 34, 182, 33, 183, 1, -1, -0.7853981633974483, 1.4142135623730951
564, 53, 562, 213, 561, 212, 1, 1, 0.7853981633974483, 1.4142135623730951
564, 55, 528, 181, 527, 179, 1, 2, 1.1071487177940904, 2.23606797749979
564, 58, 375, 370, 374, 371, 1, -1, -0.7853981633974483, 1.4142135623730951
564, 59, 405, 337, 404, 340, 1, -3, -1.2490457723982544, 3.1622776601683795
565, 14, 182, 188, 181, 189, 1, -1, -0.7853981633974483, 1.4142135623730951
565, 16, 542, 159, 540, 158, 2, 1, 0.4636476090008061, 2.23606797749979
565, 18, 535, 144, 536, 146, -1, -2, -2.0344439357957027, 2.23606797749979
565, 20, 507, 141, 506, 143, 1, -2, -1.1071487177940904, 2.23606797749979
565, 21, 178, 316, 177, 318, 1, -2, -1.1071487177940904, 2.23606797749979
565, 22, 394, 257, 394, 261, 0, -4, -1.5707963267948966, 4.0
565, 24, 285, 377, 284, 378, 1, -1, -0.7853981633974483, 1.4142135623730951
565, 25, 580, 259, 578, 260, 2, -1, -0.4636476090008061, 2.23606797749979
565, 42, 212, 291, 211, 293, 1, -2, -1.1071487177940904, 2.23606797749979
565, 43, 219, 411, 218, 412, 1, -1, -0.7853981633974483, 1.4142135623730951
565, 46, 312, 347, 311, 346, 1, 1, 0.7853981633974483, 1.4142135623730951
566, 14, 544, 158, 542, 159, 2, -1, -0.4636476090008061, 2.23606797749979
566, 16, 535, 142, 535, 144, 0, -2, -1.5707963267948966, 2.0
566, 18, 507, 139, 507, 141, 0, -2, -1.5707963267948966, 2.0
566, 20, 394, 255, 394, 257, 0, -2, -1.5707963267948966, 2.0
566, 31, 172, 182, 171, 183, 1, -1, -0.7853981633974483, 1.4142135623730951
567, 13, 183, 186, 182, 187, 1, -1, -0.7853981633974483, 1.4142135623730951
567, 16, 538, 142, 535, 142, 3, 0, 0.0, 3.0
567, 18, 506, 137, 507, 139, -1, -2, -2.0344439357957027, 2.23606797749979
567, 20, 395, 253, 394, 255, 1, -2, -1.1071487177940904, 2.23606797749979
567, 30, 173, 181, 172, 182, 1, -1, -0.7853981633974483, 1.4142135623730951
567, 33, 42, 349, 45, 347, -3, 2, 2.5535900500422257, 3.605551275463989
567, 37, 265, 334, 265, 332, 0, 2, 1.5707963267948966, 2.0
567, 43, 434, 276, 433, 277, 1, -1, -0.7853981633974483, 1.4142135623730951
568, 3, 107, 333, 106, 334, 1, -1, -0.7853981633974483, 1.4142135623730951
568, 11, 130, 257, 130, 259, 0, -2, -1.5707963267948966, 2.0
568, 15, 540, 144, 538, 142, 2, 2, 0.7853981633974483, 2.8284271247461903
568, 18, 179, 315, 178, 316, 1, -1, -0.7853981633974483, 1.4142135623730951
568, 19, 396, 251, 395, 253, 1, -2, -1.1071487177940904, 2.23606797749979
568, 22, 582, 258, 581, 259, 1, -1, -0.7853981633974483, 1.4142135623730951
568, 39, 222, 410, 221, 411, 1, -1, -0.7853981633974483, 1.4142135623730951
568, 41, 316, 346, 314, 347, 2, -1, -0.4636476090008061, 2.23606797749979
568, 42, 435, 275, 434, 276, 1, -1, -0.7853981633974483, 1.4142135623730951
569, 12, 543, 145, 540, 144, 3, 1, 0.3217505543966422, 3.1622776601683795
569, 14, 505, 133, 506, 136, -1, -3, -1.892546881191539, 3.1622776601683795
569, 16, 397, 247, 396, 251, 1, -4, -1.3258176636680326, 4.123105625617661
569, 18, 287, 375, 286, 376, 1, -1, -0.7853981633974483, 1.4142135623730951
569, 26, 174, 180, 173, 181, 1, -1, -0.7853981633974483, 1.4142135623730951
569, 36, 224, 409, 222, 410, 2, -1, -0.4636476090008061, 2.23606797749979
569, 37, 384, 315, 383, 317, 1, -2, -1.1071487177940904, 2.23606797749979
569, 39, 435, 273, 435, 275, 0, -2, -1.5707963267948966, 2.0
570, 18, 540, 154, 541, 156, -1, -2, -2.0344439357957027, 2.23606797749979
570, 21, 122, 412, 121, 413, 1, -1, -0.7853981633974483, 1.4142135623730951
570, 25, 174, 183, 173, 184, 1, -1, -0.7853981633974483, 1.4142135623730951
570, 28, 527, 190, 525, 187, 2, 3, 0.982793723247329, 3.605551275463989
570, 29, 542, 151, 541, 148, 1, 3, 1.2490457723982544, 3.1622776601683795
570, 35, 139, 233, 138, 234, 1, -1, -0.7853981633974483, 1.4142135623730951
570, 44, 89, 194, 87, 195, 2, -1, -0.4636476090008061, 2.23606797749979
570, 45, 397, 253, 396, 256, 1, -3, -1.2490457723982544, 3.1622776601683795
570, 47, 387, 314, 385, 317, 2, -3, -0.982793723247329, 3.605551275463989
570, 64, 39, 185, 37, 185, 2, 0, 0.0, 2.0
570, 65, 407, 338, 406, 340, 1, -2, -1.1071487177940904, 2.23606797749979
570, 66, 381, 275, 380, 278, 1, -3, -1.2490457723982544, 3.1622776601683795
570, 68, 462, 181, 462, 183, 0, -2, -1.5707963267948966, 2.0
571, 22, 175, 182, 174, 183, 1, -1, -0.7853981633974483, 1.4142135623730951
571, 25, 529, 191, 527, 190, 2, 1, 0.4636476090008061, 2.23606797749979
571, 26, 541, 152, 542, 151, -1, 1, 2.356194490192345, 1.4142135623730951
571, 41, 397, 251, 397, 253, 0, -2, -1.5707963267948966, 2.0
571, 43, 389, 311, 387, 314, 2, -3, -0.982793723247329, 3.605551275463989
571, 60, 408, 335, 407, 338, 1, -3, -1.2490457723982544, 3.1622776601683795
571, 61, 381, 273, 381, 275, 0, -2, -1.5707963267948966, 2.0
571, 63, 461, 179, 462, 181, -1, -2, -2.0344439357957027, 2.23606797749979
572, 11, 511, 154, 509, 155, 2, -1, -0.4636476090008061, 2.23606797749979
572, 24, 531, 192, 529, 191, 2, 1, 0.4636476090008061, 2.23606797749979
572, 25, 541, 150, 541, 152, 0, -2, -1.5707963267948966, 2.0
572, 30, 140, 232, 139, 233, 1, -1, -0.7853981633974483, 1.4142135623730951
572, 38, 90, 192, 89, 193, 1, -1, -0.7853981633974483, 1.4142135623730951
572, 39, 398, 249, 397, 251, 1, -2, -1.1071487177940904, 2.23606797749979
572, 40, 425, 204, 425, 206, 0, -2, -1.5707963267948966, 2.0
572, 41, 389, 309, 389, 311, 0, -2, -1.5707963267948966, 2.0
572, 46, 505, 132, 506, 134, -1, -2, -2.0344439357957027, 2.23606797749979
572, 55, 40, 184, 39, 185, 1, -1, -0.7853981633974483, 1.4142135623730951
572, 56, 408, 333, 408, 335, 0, -2, -1.5707963267948966, 2.0
572, 57, 381, 271, 381, 273, 0, -2, -1.5707963267948966, 2.0
572, 59, 461, 177, 461, 179, 0, -2, -1.5707963267948966, 2.0
573, 8, 512, 155, 511, 154, 1, 1, 0.7853981633974483, 1.4142135623730951
573, 16, 65, 381, 67, 381, -2, 0, 3.141592653589793, 2.0
573, 21, 539, 148, 541, 150, -2, -2, -2.356194490192345, 2.8284271247461903
573, 34, 390, 307, 389, 309, 1, -2, -1.1071487177940904, 2.23606797749979
573, 39, 504, 130, 505, 132, -1, -2, -2.0344439357957027, 2.23606797749979
573, 49, 409, 331, 408, 333, 1, -2, -1.1071487177940904, 2.23606797749979
573, 50, 381, 269, 381, 271, 0, -2, -1.5707963267948966, 2.0
573, 52, 460, 175, 461, 177, -1, -2, -2.0344439357957027, 2.23606797749979
574, 5, 50, 276, 49, 275, 1, 1, 0.7853981633974483, 1.4142135623730951
574, 8, 514, 155, 512, 155, 2, 0, 0.0, 2.0
574, 12, 186, 184, 184, 185, 2, -1, -0.4636476090008061, 2.23606797749979
574, 16, 63, 381, 65, 381, -2, 0, 3.141592653589793, 2.0
574, 26, 99, 374, 101, 373, -2, 1, 2.677945044588987, 2.23606797749979
574, 31, 398, 246, 398, 248, 0, -2, -1.5707963267948966, 2.0
574, 41, 22, 361, 21, 362, 1, -1, -0.7853981633974483, 1.4142135623730951
574, 47, 409, 329, 409, 331, 0, -2, -1.5707963267948966, 2.0
574, 48, 381, 267, 381, 269, 0, -2, -1.5707963267948966, 2.0
575, 24, 342, 373, 341, 374, 1, -1, -0.7853981633974483, 1.4142135623730951
575, 29, 216, 387, 215, 390, 1, -3, -1.2490457723982544, 3.1622776601683795
575, 34, 94, 194, 90, 194, 4, 0, 0.0, 4.0
575, 35, 327, 401, 326, 402, 1, -1, -0.7853981633974483, 1.4142135623730951
575, 39, 26, 369, 23, 371, 3, -2, -0.5880026035475675, 3.605551275463989
575, 41, 53, 230, 50, 230, 3, 0, 0.0, 3.0
575, 43, 514, 157, 513, 156, 1, 1, 0.7853981633974483, 1.4142135623730951
575, 45, 297, 399, 296, 400, 1, -1, -0.7853981633974483, 1.4142135623730951
575, 48, 383, 367, 382, 369, 1, -2, -1.1071487177940904, 2.23606797749979
575, 52, 530, 193, 529, 192, 1, 1, 0.7853981633974483, 1.4142135623730951
575, 58, 589, 271, 590, 270, -1, 1, 2.356194490192345, 1.4142135623730951
575, 65, 428, 185, 428, 187, 0, -2, -1.5707963267948966, 2.0
575, 72, 498, 156, 496, 156, 2, 0, 0.0, 2.0
575, 77, 254, 402, 253, 403, 1, -1, -0.7853981633974483, 1.4142135623730951
575, 80, 550, 167, 551, 165, -1, 2, 2.0344439357957027, 2.23606797749979
576, 3, 169, 267, 168, 268, 1, -1, -0.7853981633974483, 1.4142135623730951
576, 10, 153, 360, 155, 360, -2, 0, 3.141592653589793, 2.0
576, 21, 399, 248, 399, 250, 0, -2, -1.5707963267948966, 2.0
576, 22, 539, 156, 538, 152, 1, 4, 1.3258176636680326, 4.123105625617661
576, 23, 344, 372, 342, 373, 2, -1, -0.4636476090008061, 2.23606797749979
576, 34, 328, 400, 327, 401, 1, -1, -0.7853981633974483, 1.4142135623730951
576, 39, 218, 196, 217, 197, 1, -1, -0.7853981633974483, 1.4142135623730951
576, 44, 298, 398, 297, 399, 1, -1, -0.7853981633974483, 1.4142135623730951
576, 45, 249, 410, 248, 411, 1, -1, -0.7853981633974483, 1.4142135623730951
576, 47, 384, 366, 383, 367, 1, -1, -0.7853981633974483, 1.4142135623730951
576, 49, 152, 175, 151, 176, 1, -1, -0.7853981633974483, 1.4142135623730951
576, 51, 531, 195, 530, 193, 1, 2, 1.1071487177940904, 2.23606797749979
576, 54, 111, 215, 113, 216, -2, -1, -2.677945044588987, 2.23606797749979
576, 63, 428, 183, 428, 185, 0, -2, -1.5707963267948966, 2.0
576, 75, 396, 301, 396, 304, 0, -3, -1.5707963267948966, 3.0
576, 77, 548, 166, 550, 167, -2, -1, -2.677945044588987, 2.23606797749979
577, 15, 286, 376, 285, 377, 1, -1, -0.7853981633974483, 1.4142135623730951
577, 19, 400, 246, 399, 248, 1, -2, -1.1071487177940904, 2.23606797749979
577, 20, 540, 159, 539, 156, 1, 3, 1.2490457723982544, 3.1622776601683795
577, 31, 329, 399, 328, 400, 1, -1, -0.7853981633974483, 1.4142135623730951
577, 36, 219, 195, 218, 196, 1, -1, -0.7853981633974483, 1.4142135623730951
577, 39, 517, 159, 515, 157, 2, 2, 0.7853981633974483, 2.8284271247461903
577, 41, 299, 397, 298, 398, 1, -1, -0.7853981633974483, 1.4142135623730951
577, 44, 385, 364, 384, 366, 1, -2, -1.1071487177940904, 2.23606797749979
577, 48, 532, 196, 531, 195, 1, 1, 0.7853981633974483, 1.4142135623730951
577, 52, 586, 272, 588, 271, -2, 1, 2.677945044588987, 2.23606797749979
577, 58, 428, 180, 428, 183, 0, -3, -1.5707963267948966, 3.0
577, 63, 8, 402, 10, 402, -2, 0, 3.141592653589793, 2.0
577, 69, 398, 297, 396, 301, 2, -4, -1.1071487177940904, 4.47213595499958
577, 70, 604, 312, 605, 311, -1, 1, 2.356194490192345, 1.4142135623730951
577, 71, 546, 165, 548, 166, -2, -1, -2.677945044588987, 2.23606797749979
578, 7, 178, 350, 180, 349, -2, 1, 2.677945044588987, 2.23606797749979
578, 19, 400, 243, 400, 246, 0, -3, -1.5707963267948966, 3.0
578, 20, 540, 161, 540, 159, 0, 2, 1.5707963267948966, 2.0
578, 22, 180, 182, 179, 183, 1, -1, -0.7853981633974483, 1.4142135623730951
578, 31, 330, 398, 329, 399, 1, -1, -0.7853981633974483, 1.4142135623730951
578, 38, 518, 160, 517, 159, 1, 1, 0.7853981633974483, 1.4142135623730951
578, 50, 586, 274, 586, 272, 0, 2, 1.5707963267948966, 2.0
578, 56, 429, 177, 428, 180, 1, -3, -1.2490457723982544, 3.1622776601683795
578, 67, 399, 294, 398, 297, 1, -3, -1.2490457723982544, 3.1622776601683795
578, 69, 547, 166, 546, 165, 1, 1, 0.7853981633974483, 1.4142135623730951
579, 1, 242, 302, 243, 301, -1, 1, 2.356194490192345, 1.4142135623730951
579, 10, 239, 334, 240, 332, -1, 2, 2.0344439357957027, 2.23606797749979
579, 16, 402, 241, 400, 243, 2, -2, -0.7853981633974483, 2.8284271247461903
579, 17, 545, 159, 540, 161, 5, -2, -0.3805063771123649, 5.385164807134504
579, 18, 346, 370, 345, 371, 1, -1, -0.7853981633974483, 1.4142135623730951
579, 28, 331, 397, 330, 398, 1, -1, -0.7853981633974483, 1.4142135623730951
579, 38, 250, 408, 249, 409, 1, -1, -0.7853981633974483, 1.4142135623730951
579, 40, 385, 361, 385, 363, 0, -2, -1.5707963267948966, 2.0
579, 46, 585, 276, 586, 274, -1, 2, 2.0344439357957027, 2.23606797749979
579, 50, 429, 174, 429, 177, 0, -3, -1.5707963267948966, 3.0
579, 61, 400, 291, 399, 294, 1, -3, -1.2490457723982544, 3.1622776601683795
579, 63, 545, 167, 547, 166, -2, 1, 2.677945044588987, 2.23606797749979
580, 6, 547, 162, 546, 163, 1, -1, -0.7853981633974483, 1.4142135623730951
580, 11, 403, 244, 402, 247, 1, -3, -1.2490457723982544, 3.1622776601683795
580, 18, 386, 364, 385, 366, 1, -2, -1.1071487177940904, 2.23606797749979
580, 24, 181, 182, 180, 183, 1, -1, -0.7853981633974483, 1.4142135623730951
580, 25, 297, 339, 296, 340, 1, -1, -0.7853981633974483, 1.4142135623730951
580, 35, 215, 293, 214, 295, 1, -2, -1.1071487177940904, 2.23606797749979
580, 36, 428, 202, 428, 204, 0, -2, -1.5707963267948966, 2.0
580, 45, 382, 334, 381, 336, 1, -2, -1.1071487177940904, 2.23606797749979
580, 46, 255, 319, 254, 318, 1, 1, 0.7853981633974483, 1.4142135623730951
580, 50, 350, 363, 348, 363, 2, 0, 0.0, 2.0
580, 57, 187, 311, 186, 312, 1, -1, -0.7853981633974483, 1.4142135623730951
580, 61, 429, 228, 428, 229, 1, -1, -0.7853981633974483, 1.4142135623730951
580, 63, 522, 147, 517, 145, 5, 2, 0.3805063771123649, 5.385164807134504
580, 65, 384, 268, 384, 270, 0, -2, -1.5707963267948966, 2.0
580, 66, 515, 160, 514, 159, 1, 1, 0.7853981633974483, 1.4142135623730951
580, 67, 331, 399, 330, 400, 1, -1, -0.7853981633974483, 1.4142135623730951
580, 68, 65, 405, 64, 406, 1, -1, -0.7853981633974483, 1.4142135623730951
580, 75, 538, 196, 537, 193, 1, 3, 1.2490457723982544, 3.1622776601683795
580, 80, 515, 136, 516, 138, -1, -2, -2.0344439357957027, 2.23606797749979
580, 81, 298, 376, 297, 377, 1, -1, -0.7853981633974483, 1.4142135623730951
580, 82, 269, 394, 268, 395, 1, -1, -0.7853981633974483, 1.4142135623730951
580, 84, 396, 244, 395, 247, 1, -3, -1.2490457723982544, 3.1622776601683795
580, 86, 570, 228, 570, 226, 0, 2, 1.5707963267948966, 2.0
580, 89, 371, 308, 370, 310, 1, -2, -1.1071487177940904, 2.23606797749979
580, 92, 553, 169, 553, 166, 0, 3, 1.5707963267948966, 3.0
581, 6, 546, 160, 547, 162, -1, -2, -2.0344439357957027, 2.23606797749979
581, 10, 6, 328, 5, 329, 1, -1, -0.7853981633974483, 1.4142135623730951
581, 11, 403, 242, 403, 244, 0, -2, -1.5707963267948966, 2.0
581, 18, 387, 362, 386, 364, 1, -2, -1.1071487177940904, 2.23606797749979
581, 21, 104, 405, 102, 406, 2, -1, -0.4636476090008061, 2.23606797749979
581, 24, 182, 181, 181, 182, 1, -1, -0.7853981633974483, 1.4142135623730951
581, 30, 248, 199, 247, 200, 1, -1, -0.7853981633974483, 1.4142135623730951
581, 36, 429, 201, 428, 202, 1, -1, -0.7853981633974483, 1.4142135623730951
581, 45, 384, 332, 382, 334, 2, -2, -0.7853981633974483, 2.8284271247461903
581, 50, 351, 362, 350, 363, 1, -1, -0.7853981633974483, 1.4142135623730951
581, 56, 63, 331, 61, 331, 2, 0, 0.0, 2.0
581, 58, 43, 184, 42, 185, 1, -1, -0.7853981633974483, 1.4142135623730951
581, 60, 429, 226, 429, 228, 0, -2, -1.5707963267948966, 2.0
581, 62, 524, 147, 522, 147, 2, 0, 0.0, 2.0
581, 64, 383, 266, 384, 268, -1, -2, -2.0344439357957027, 2.23606797749979
581, 65, 516, 162, 515, 160, 1, 2, 1.1071487177940904, 2.23606797749979
581, 66, 332, 398, 331, 399, 1, -1, -0.7853981633974483, 1.4142135623730951
581, 67, 67, 404, 65, 405, 2, -1, -0.4636476090008061, 2.23606797749979
581, 68, 109, 235, 108, 236, 1, -1, -0.7853981633974483, 1.4142135623730951
581, 78, 514, 134, 515, 136, -1, -2, -2.0344439357957027, 2.23606797749979
581, 82, 397, 241, 396, 244, 1, -3, -1.2490457723982544, 3.1622776601683795
581, 84, 571, 229, 570, 228, 1, 1, 0.7853981633974483, 1.4142135623730951
581, 87, 372, 306, 371, 308, 1, -2, -1.1071487177940904, 2.23606797749979
581, 89, 555, 171, 553, 169, 2, 2, 0.7853981633974483, 2.8284271247461903
582, 6, 545, 158, 546, 160, -1, -2, -2.0344439357957027, 2.23606797749979
582, 11, 403, 239, 403, 242, 0, -3, -1.5707963267948966, 3.0
582, 13, 293, 371, 292, 372, 1, -1, -0.7853981633974483, 1.4142135623730951
582, 18, 387, 360, 387, 362, 0, -2, -1.5707963267948966, 2.0
582, 24, 183, 180, 182, 181, 1, -1, -0.7853981633974483, 1.4142135623730951
582, 25, 298, 337, 297, 338, 1, -1, -0.7853981633974483, 1.4142135623730951
582, 26, 254, 410, 253, 411, 1, -1, -0.7853981633974483, 1.4142135623730951
582, 32, 507, 155, 504, 154, 3, 1, 0.3217505543966422, 3.1622776601683795
582, 35, 429, 199, 429, 201, 0, -2, -1.5707963267948966, 2.0
582, 42, 385, 329, 384, 332, 1, -3, -1.2490457723982544, 3.1622776601683795
582, 47, 353, 361, 351, 362, 2, -1, -0.4636476090008061, 2.23606797749979
582, 58, 335, 322, 334, 323, 1, -1, -0.7853981633974483, 1.4142135623730951
582, 59, 526, 147, 524, 147, 2, 0, 0.0, 2.0
582, 61, 383, 264, 383, 266, 0, -2, -1.5707963267948966, 2.0
582, 62, 517, 163, 516, 162, 1, 1, 0.7853981633974483, 1.4142135623730951
582, 63, 333, 397, 332, 398, 1, -1, -0.7853981633974483, 1.4142135623730951
582, 64, 68, 403, 67, 404, 1, -1, -0.7853981633974483, 1.4142135623730951
582, 70, 539, 198, 538, 197, 1, 1, 0.7853981633974483, 1.4142135623730951
582, 73, 296, 330, 294, 331, 2, -1, -0.4636476090008061, 2.23606797749979
582, 74, 513, 132, 514, 134, -1, -2, -2.0344439357957027, 2.23606797749979
582, 75, 299, 374, 298, 375, 1, -1, -0.7853981633974483, 1.4142135623730951
582, 76, 270, 393, 269, 394, 1, -1, -0.7853981633974483, 1.4142135623730951
582, 78, 398, 238, 397, 241, 1, -3, -1.2490457723982544, 3.1622776601683795
582, 83, 373, 304, 372, 306, 1, -2, -1.1071487177940904, 2.23606797749979
582, 85, 557, 172, 555, 171, 2, 1, 0.4636476090008061, 2.23606797749979
583, 3, 91, 242, 90, 243, 1, -1, -0.7853981633974483, 1.4142135623730951
583, 5, 544, 155, 545, 158, -1, -3, -1.892546881191539, 3.1622776601683795
583, 9, 403, 236, 403, 239, 0, -3, -1.5707963267948966, 3.0
583, 11, 294, 370, 293, 371, 1, -1, -0.7853981633974483, 1.4142135623730951
583, 18, 195, 182, 194, 183, 1, -1, -0.7853981633974483, 1.4142135623730951
583, 21, 184, 179, 183, 180, 1, -1, -0.7853981633974483, 1.4142135623730951
583, 26, 179, 314, 179, 316, 0, -2, -1.5707963267948966, 2.0
583, 29, 509, 156, 507, 155, 2, 1, 0.4636476090008061, 2.23606797749979
583, 37, 142, 231, 141, 232, 1, -1, -0.7853981633974483, 1.4142135623730951
583, 39, 385, 327, 385, 329, 0, -2, -1.5707963267948966, 2.0
583, 44, 354, 360, 353, 361, 1, -1, -0.7853981633974483, 1.4142135623730951
583, 51, 185, 312, 188, 311, -3, 1, 2.819842099193151, 3.1622776601683795
583, 52, 44, 183, 43, 184, 1, -1, -0.7853981633974483, 1.4142135623730951
583, 55, 338, 321, 335, 322, 3, -1, -0.3217505543966422, 3.1622776601683795
583, 56, 528, 147, 526, 147, 2, 0, 0.0, 2.0
583, 58, 384, 262, 383, 264, 1, -2, -1.1071487177940904, 2.23606797749979
583, 59, 518, 165, 517, 163, 1, 2, 1.1071487177940904, 2.23606797749979
583, 60, 334, 396, 333, 397, 1, -1, -0.7853981633974483, 1.4142135623730951
583, 61, 70, 403, 68, 403, 2, 0, 0.0, 2.0
583, 64, 303, 398, 302, 399, 1, -1, -0.7853981633974483, 1.4142135623730951
583, 70, 298, 330, 296, 330, 2, 0, 0.0, 2.0
583, 71, 514, 130, 513, 132, 1, -2, -1.1071487177940904, 2.23606797749979
583, 75, 398, 234, 398, 238, 0, -4, -1.5707963267948966, 4.0
583, 77, 572, 231, 571, 230, 1, 1, 0.7853981633974483, 1.4142135623730951
583, 80, 374, 302, 373, 304, 1, -2, -1.1071487177940904, 2.23606797749979
583, 82, 559, 174, 557, 172, 2, 2, 0.7853981633974483, 2.8284271247461903
584, 5, 546, 156, 544, 155, 2, 1, 0.4636476090008061, 2.23606797749979
584, 9, 405, 233, 403, 236, 2, -3, -0.982793723247329, 3.605551275463989
584, 16, 387, 357, 387, 359, 0, -2, -1.5707963267948966, 2.0
584, 21, 185, 178, 184, 179, 1, -1, -0.7853981633974483, 1.4142135623730951
584, 31, 428, 196, 429, 198, -1, -2, -2.0344439357957027, 2.23606797749979
584, 32, 99, 189, 98, 190, 1, -1, -0.7853981633974483, 1.4142135623730951
584, 38, 385, 325, 385, 327, 0, -2, -1.5707963267948966, 2.0
584, 41, 355, 359, 354, 360, 1, -1, -0.7853981633974483, 1.4142135623730951
584, 51, 429, 222, 429, 224, 0, -2, -1.5707963267948966, 2.0
584, 52, 340, 320, 338, 321, 2, -1, -0.4636476090008061, 2.23606797749979
584, 53, 529, 146, 528, 147, 1, -1, -0.7853981633974483, 1.4142135623730951
584, 55, 385, 260, 384, 262, 1, -2, -1.1071487177940904, 2.23606797749979
584, 56, 519, 167, 518, 165, 1, 2, 1.1071487177940904, 2.23606797749979
584, 61, 304, 397, 303, 398, 1, -1, -0.7853981633974483, 1.4142135623730951
584, 63, 540, 200, 539, 199, 1, 1, 0.7853981633974483, 1.4142135623730951
584, 71, 398, 232, 398, 234, 0, -2, -1.5707963267948966, 2.0
584, 73, 573, 232, 572, 231, 1, 1, 0.7853981633974483, 1.4142135623730951
584, 76, 375, 300, 374, 302, 1, -2, -1.1071487177940904, 2.23606797749979
584, 78, 560, 175, 559, 174, 1, 1, 0.7853981633974483, 1.4142135623730951
585, 8, 405, 240, 404, 242, 1, -2, -1.1071487177940904, 2.23606797749979
585, 10, 554, 172, 554, 174, 0, -2, -1.5707963267948966, 2.0
585, 11, 235, 398, 234, 399, 1, -1, -0.7853981633974483, 1.4142135623730951
585, 12, 143, 233, 142, 234, 1, -1, -0.7853981633974483, 1.4142135623730951
585, 16, 101, 183, 100, 184, 1, -1, -0.7853981633974483, 1.4142135623730951
585, 21, 552, 161, 549, 158, 3, 3, 0.7853981633974483, 4.242640687119285
585, 41, 42, 239, 41, 241, 1, -2, -1.1071487177940904, 2.23606797749979
585, 46, 355, 364, 354, 365, 1, -1, -0.7853981633974483, 1.4142135623730951
585, 52, 523, 144, 524, 146, -1, -2, -2.0344439357957027, 2.23606797749979
585, 53, 212, 382, 213, 381, -1, 1, 2.356194490192345, 1.4142135623730951
585, 57, 336, 397, 335, 398, 1, -1, -0.7853981633974483, 1.4142135623730951
585, 69, 436, 172, 436, 174, 0, -2, -1.5707963267948966, 2.0
585, 70, 384, 265, 384, 267, 0, -2, -1.5707963267948966, 2.0
585, 71, 62, 186, 61, 187, 1, -1, -0.7853981633974483, 1.4142135623730951
585, 74, 537, 198, 536, 197, 1, 1, 0.7853981633974483, 1.4142135623730951
585, 82, 233, 409, 232, 410, 1, -1, -0.7853981633974483, 1.4142135623730951
585, 84, 564, 169, 565, 168, -1, 1, 2.356194490192345, 1.4142135623730951
585, 86, 328, 374, 327, 375, 1, -1, -0.7853981633974483, 1.4142135623730951
585, 87, 461, 172, 461, 174, 0, -2, -1.5707963267948966, 2.0
585, 89, 283, 241, 284, 243, -1, -2, -2.0344439357957027, 2.23606797749979
585, 92, 419, 323, 418, 325, 1, -2, -1.1071487177940904, 2.23606797749979
585, 95, 270, 363, 269, 364, 1, -1, -0.7853981633974483, 1.4142135623730951
585, 97, 194, 286, 193, 287, 1, -1, -0.7853981633974483, 1.4142135623730951
585, 106, 328, 359, 326, 359, 2, 0, 0.0, 2.0
586, 8, 405, 237, 405, 240, 0, -3, -1.5707963267948966, 3.0
586, 10, 553, 170, 554, 172, -1, -2, -2.0344439357957027, 2.23606797749979
586, 14, 172, 354, 171, 353, 1, 1, 0.7853981633974483, 1.4142135623730951
586, 21, 554, 164, 552, 161, 2, 3, 0.982793723247329, 3.605551275463989
586, 38, 256, 409, 255, 410, 1, -1, -0.7853981633974483, 1.4142135623730951
586, 39, 185, 181, 184, 182, 1, -1, -0.7853981633974483, 1.4142135623730951
586, 46, 98, 191, 97, 192, 1, -1, -0.7853981633974483, 1.4142135623730951
586, 48, 523, 142, 523, 144, 0, -2, -1.5707963267948966, 2.0
586, 57, 106, 406, 105, 407, 1, -1, -0.7853981633974483, 1.4142135623730951
586, 59, 430, 199, 430, 201, 0, -2, -1.5707963267948966, 2.0
586, 61, 587, 274, 588, 276, -1, -2, -2.0344439357957027, 2.23606797749979
586, 65, 385, 263, 384, 265, 1, -2, -1.1071487177940904, 2.23606797749979
586, 66, 63, 185, 62, 186, 1, -1, -0.7853981633974483, 1.4142135623730951
586, 74, 225, 330, 225, 334, 0, -4, -1.5707963267948966, 4.0
586, 77, 234, 407, 233, 409, 1, -2, -1.1071487177940904, 2.23606797749979
586, 81, 329, 373, 328, 374, 1, -1, -0.7853981633974483, 1.4142135623730951
586, 82, 461, 170, 461, 172, 0, -2, -1.5707963267948966, 2.0
586, 86, 419, 321, 419, 323, 0, -2, -1.5707963267948966, 2.0
586, 97, 395, 290, 397, 292, -2, -2, -2.356194490192345, 2.8284271247461903
587, 2, 172, 271, 171, 270, 1, 1, 0.7853981633974483, 1.4142135623730951
587, 5, 109, 337, 108, 336, 1, 1, 0.7853981633974483, 1.4142135623730951
587, 8, 405, 234, 405, 237, 0, -3, -1.5707963267948966, 3.0
587, 10, 551, 169, 553, 170, -2, -1, -2.677945044588987, 2.23606797749979
587, 20, 556, 169, 554, 164, 2, 5, 1.1902899496825317, 5.385164807134504
587, 37, 186, 180, 185, 181, 1, -1, -0.7853981633974483, 1.4142135623730951
587, 40, 192, 188, 191, 189, 1, -1, -0.7853981633974483, 1.4142135623730951
587, 44, 99, 190, 98, 191, 1, -1, -0.7853981633974483, 1.4142135623730951
587, 51, 338, 396, 337, 397, 1, -1, -0.7853981633974483, 1.4142135623730951
587, 62, 385, 261, 385, 263, 0, -2, -1.5707963267948966, 2.0
587, 63, 66, 185, 63, 185, 3, 0, 0.0, 3.0
587, 66, 538, 201, 537, 199, 1, 2, 1.1071487177940904, 2.23606797749979
587, 71, 56, 410, 55, 411, 1, -1, -0.7853981633974483, 1.4142135623730951
587, 75, 565, 172, 564, 170, 1, 2, 1.1071487177940904, 2.23606797749979
587, 77, 330, 372, 329, 373, 1, -1, -0.7853981633974483, 1.4142135623730951
587, 78, 461, 168, 461, 170, 0, -2, -1.5707963267948966, 2.0
587, 92, 396, 287, 395, 290, 1, -3, -1.2490457723982544, 3.1622776601683795
588, 2, 173, 270, 172, 271, 1, -1, -0.7853981633974483, 1.4142135623730951
588, 4, 92, 243, 91, 244, 1, -1, -0.7853981633974483, 1.4142135623730951
588, 8, 406, 232, 405, 234, 1, -2, -1.1071487177940904, 2.23606797749979
588, 10, 550, 167, 551, 169, -1, -2, -2.0344439357957027, 2.23606797749979
588, 22, 298, 373, 297, 374, 1, -1, -0.7853981633974483, 1.4142135623730951
588, 43, 100, 189, 99, 190, 1, -1, -0.7853981633974483, 1.4142135623730951
588, 45, 524, 139, 523, 141, 1, -2, -1.1071487177940904, 2.23606797749979
588, 46, 47, 183, 46, 184, 1, -1, -0.7853981633974483, 1.4142135623730951
588, 48, 339, 395, 338, 396, 1, -1, -0.7853981633974483, 1.4142135623730951
588, 50, 158, 175, 157, 176, 1, -1, -0.7853981633974483, 1.4142135623730951
588, 52, 107, 405, 106, 406, 1, -1, -0.7853981633974483, 1.4142135623730951
588, 54, 430, 196, 430, 198, 0, -2, -1.5707963267948966, 2.0
588, 58, 436, 168, 436, 170, 0, -2, -1.5707963267948966, 2.0
588, 59, 386, 259, 385, 261, 1, -2, -1.1071487177940904, 2.23606797749979
588, 63, 538, 204, 538, 201, 0, 3, 1.5707963267948966, 3.0
588, 65, 26, 200, 28, 201, -2, -1, -2.677945044588987, 2.23606797749979
588, 72, 566, 174, 565, 172, 1, 2, 1.1071487177940904, 2.23606797749979
588, 75, 460, 166, 461, 168, -1, -2, -2.0344439357957027, 2.23606797749979
588, 79, 420, 319, 419, 320, 1, -1, -0.7853981633974483, 1.4142135623730951
588, 89, 397, 285, 396, 287, 1, -2, -1.1071487177940904, 2.23606797749979
588, 90, 329, 358, 328, 359, 1, -1, -0.7853981633974483, 1.4142135623730951
589, 7, 406, 229, 406, 232, 0, -3, -1.5707963267948966, 3.0
589, 9, 549, 165, 550, 167, -1, -2, -2.0344439357957027, 2.23606797749979
589, 10, 238, 397, 237, 398, 1, -1, -0.7853981633974483, 1.4142135623730951
589, 21, 299, 372, 298, 373, 1, -1, -0.7853981633974483, 1.4142135623730951
589, 23, 339, 321, 338, 322, 1, -1, -0.7853981633974483, 1.4142135623730951
589, 25, 196, 181, 195, 182, 1, -1, -0.7853981633974483, 1.4142135623730951
589, 33, 258, 408, 257, 409, 1, -1, -0.7853981633974483, 1.4142135623730951
589, 40, 101, 188, 100, 189, 1, -1, -0.7853981633974483, 1.4142135623730951
589, 45, 340, 394, 339, 395, 1, -1, -0.7853981633974483, 1.4142135623730951
589, 51, 431, 195, 430, 196, 1, -1, -0.7853981633974483, 1.4142135623730951
589, 55, 436, 166, 436, 168, 0, -2, -1.5707963267948966, 2.0
589, 59, 58, 220, 59, 219, -1, 1, 2.356194490192345, 1.4142135623730951
589, 60, 539, 207, 538, 204, 1, 3, 1.2490457723982544, 3.1622776601683795
589, 66, 236, 406, 235, 407, 1, -1, -0.7853981633974483, 1.4142135623730951
589, 67, 459, 199, 459, 201, 0, -2, -1.5707963267948966, 2.0
589, 68, 566, 176, 566, 174, 0, 2, 1.5707963267948966, 2.0
589, 70, 331, 370, 330, 371, 1, -1, -0.7853981633974483, 1.4142135623730951
589, 71, 460, 164, 460, 166, 0, -2, -1.5707963267948966, 2.0
589, 75, 421, 317, 420, 319, 1, -2, -1.1071487177940904, 2.23606797749979
589, 85, 398, 283, 397, 285, 1, -2, -1.1071487177940904, 2.23606797749979
589, 86, 331, 357, 329, 358, 2, -1, -0.4636476090008061, 2.23606797749979
590, 7, 133, 414, 132, 415, 1, -1, -0.7853981633974483, 1.4142135623730951
590, 8, 522, 178, 521, 176, 1, 2, 1.1071487177940904, 2.23606797749979
590, 16, 551, 167, 552, 169, -1, -2, -2.0344439357957027, 2.23606797749979
590, 23, 299, 373, 298, 374, 1, -1, -0.7853981633974483, 1.4142135623730951
590, 27, 258, 410, 257, 411, 1, -1, -0.7853981633974483, 1.4142135623730951
590, 31, 395, 291, 394, 294, 1, -3, -1.2490457723982544, 3.1622776601683795
590, 32, 442, 247, 441, 251, 1, -4, -1.3258176636680326, 4.123105625617661
590, 37, 537, 207, 536, 204, 1, 3, 1.2490457723982544, 3.1622776601683795
590, 38, 623, 334, 622, 332, 1, 2, 1.1071487177940904, 2.23606797749979
590, 44, 64, 184, 62, 185, 2, -1, -0.4636476090008061, 2.23606797749979
590, 46, 386, 260, 386, 263, 0, -3, -1.5707963267948966, 3.0
590, 47, 385, 328, 384, 330, 1, -2, -1.1071487177940904, 2.23606797749979
590, 57, 437, 170, 437, 172, 0, -2, -1.5707963267948966, 2.0
590, 60, 109, 404, 108, 405, 1, -1, -0.7853981633974483, 1.4142135623730951
590, 61, 359, 366, 358, 367, 1, -1, -0.7853981633974483, 1.4142135623730951
590, 62, 533, 152, 533, 150, 0, 2, 1.5707963267948966, 2.0
590, 66, 36, 295, 35, 297, 1, -2, -1.1071487177940904, 2.23606797749979
590, 70, 563, 176, 562, 175, 1, 1, 0.7853981633974483, 1.4142135623730951
591, 1, 207, 240, 207, 242, 0, -2, -1.5707963267948966, 2.0
591, 18, 405, 233, 405, 235, 0, -2, -1.5707963267948966, 2.0
591, 22, 103, 182, 102, 183, 1, -1, -0.7853981633974483, 1.4142135623730951
591, 26, 397, 287, 395, 291, 2, -4, -1.1071487177940904, 4.47213595499958
591, 27, 443, 240, 442, 247, 1, -7, -1.4288992721907328, 7.0710678118654755
591, 32, 538, 209, 537, 207, 1, 2, 1.1071487177940904, 2.23606797749979
591, 37, 116, 214, 117, 213, -1, 1, 2.356194490192345, 1.4142135623730951
591, 40, 596, 286, 597, 285, -1, 1, 2.356194490192345, 1.4142135623730951
591, 41, 386, 258, 386, 260, 0, -2, -1.5707963267948966, 2.0
591, 42, 386, 326, 385, 328, 1, -2, -1.1071487177940904, 2.23606797749979
591, 49, 332, 370, 331, 371, 1, -1, -0.7853981633974483, 1.4142135623730951
591, 52, 437, 168, 437, 170, 0, -2, -1.5707963267948966, 2.0
591, 55, 110, 403, 109, 404, 1, -1, -0.7853981633974483, 1.4142135623730951
591, 56, 360, 365, 359, 366, 1, -1, -0.7853981633974483, 1.4142135623730951
591, 61, 510, 168, 511, 167, -1, 1, 2.356194490192345, 1.4142135623730951
592, 8, 521, 180, 522, 179, -1, 1, 2.356194490192345, 1.4142135623730951
592, 15, 200, 188, 199, 189, 1, -1, -0.7853981633974483, 1.4142135623730951
592, 18, 405, 231, 405, 233, 0, -2, -1.5707963267948966, 2.0
592, 22, 104, 181, 103, 182, 1, -1, -0.7853981633974483, 1.4142135623730951
592, 23, 259, 409, 258, 410, 1, -1, -0.7853981633974483, 1.4142135623730951
592, 25, 104, 188, 103, 189, 1, -1, -0.7853981633974483, 1.4142135623730951
592, 26, 399, 284, 397, 287, 2, -3, -0.982793723247329, 3.605551275463989
592, 27, 442, 237, 443, 240, -1, -3, -1.892546881191539, 3.1622776601683795
592, 30, 60, 220, 59, 221, 1, -1, -0.7853981633974483, 1.4142135623730951
592, 32, 540, 210, 538, 209, 2, 1, 0.4636476090008061, 2.23606797749979
592, 33, 622, 334, 623, 333, -1, 1, 2.356194490192345, 1.4142135623730951
592, 38, 182, 351, 183, 353, -1, -2, -2.0344439357957027, 2.23606797749979
592, 40, 595, 287, 596, 286, -1, 1, 2.356194490192345, 1.4142135623730951
592, 41, 387, 256, 386, 258, 1, -2, -1.1071487177940904, 2.23606797749979
592, 42, 386, 324, 386, 326, 0, -2, -1.5707963267948966, 2.0
592, 49, 333, 369, 332, 370, 1, -1, -0.7853981633974483, 1.4142135623730951
592, 57, 532, 153, 533, 152, -1, 1, 2.356194490192345, 1.4142135623730951
592, 60, 222, 337, 223, 339, -1, -2, -2.0344439357957027, 2.23606797749979
592, 61, 510, 170, 510, 168, 0, 2, 1.5707963267948966, 2.0
592, 63, 562, 178, 563, 177, -1, 1, 2.356194490192345, 1.4142135623730951
593, 7, 138, 412, 134, 414, 4, -2, -0.4636476090008061, 4.47213595499958
593, 15, 201, 187, 200, 188, 1, -1, -0.7853981633974483, 1.4142135623730951
593, 18, 406, 229, 405, 231, 1, -2, -1.1071487177940904, 2.23606797749979
593, 19, 300, 372, 299, 373, 1, -1, -0.7853981633974483, 1.4142135623730951
593, 22, 106, 181, 104, 181, 2, 0, 0.0, 2.0
593, 26, 400, 281, 399, 284, 1, -3, -1.2490457723982544, 3.1622776601683795
593, 27, 443, 232, 442, 237, 1, -5, -1.373400766945016, 5.0990195135927845
593, 28, 61, 231, 60, 232, 1, -1, -0.7853981633974483, 1.4142135623730951
593, 32, 542, 211, 540, 210, 2, 1, 0.4636476090008061, 2.23606797749979
593, 40, 593, 289, 595, 287, -2, 2, 2.356194490192345, 2.8284271247461903
593, 41, 388, 254, 387, 256, 1, -2, -1.1071487177940904, 2.23606797749979
593, 42, 387, 321, 386, 324, 1, -3, -1.2490457723982544, 3.1622776601683795
593, 44, 162, 175, 160, 176, 2, -1, -0.4636476090008061, 2.23606797749979
593, 48, 334, 368, 333, 369, 1, -1, -0.7853981633974483, 1.4142135623730951
593, 55, 361, 361, 360, 364, 1, -3, -1.2490457723982544, 3.1622776601683795
593, 56, 529, 154, 532, 153, -3, 1, 2.819842099193151, 3.1622776601683795
593, 60, 509, 172, 510, 170, -1, 2, 2.0344439357957027, 2.23606797749979
593, 62, 560, 179, 562, 178, -2, 1, 2.677945044588987, 2.23606797749979
594, 8, 519, 181, 521, 181, -2, 0, 3.141592653589793, 2.0
594, 12, 111, 335, 110, 336, 1, -1, -0.7853981633974483, 1.4142135623730951
594, 21, 109, 181, 106, 181, 3, 0, 0.0, 3.0
594, 22, 260, 408, 259, 409, 1, -1, -0.7853981633974483, 1.4142135623730951
594, 24, 106, 187, 105, 188, 1, -1, -0.7853981633974483, 1.4142135623730951
594, 25, 401, 278, 400, 281, 1, -3, -1.2490457723982544, 3.1622776601683795
594, 26, 441, 230, 443, 232, -2, -2, -2.356194490192345, 2.8284271247461903
594, 29, 63, 220, 61, 220, 2, 0, 0.0, 2.0
594, 30, 53, 211, 51, 211, 2, 0, 0.0, 2.0
594, 32, 620, 333, 622, 334, -2, -1, -2.677945044588987, 2.23606797749979
594, 36, 117, 213, 116, 214, 1, -1, -0.7853981633974483, 1.4142135623730951
594, 39, 593, 292, 593, 289, 0, 3, 1.5707963267948966, 3.0
594, 40, 389, 252, 388, 254, 1, -2, -1.1071487177940904, 2.23606797749979
594, 41, 387, 319, 387, 321, 0, -2, -1.5707963267948966, 2.0
594, 43, 163, 174, 162, 175, 1, -1, -0.7853981633974483, 1.4142135623730951
594, 52, 111, 401, 110, 402, 1, -1, -0.7853981633974483, 1.4142135623730951
594, 54, 530, 155, 529, 154, 1, 1, 0.7853981633974483, 1.4142135623730951
594, 60, 558, 179, 560, 179, -2, 0, 3.141592653589793, 2.0
595, 2, 176, 270, 175, 271, 1, -1, -0.7853981633974483, 1.4142135623730951
595, 15, 408, 230, 407, 232, 1, -2, -1.1071487177940904, 2.23606797749979
595, 21, 513, 173, 512, 172, 1, 1, 0.7853981633974483, 1.4142135623730951
595, 24, 163, 176, 162, 177, 1, -1, -0.7853981633974483, 1.4142135623730951
595, 31, 62, 224, 61, 225, 1, -1, -0.7853981633974483, 1.4142135623730951
595, 39, 389, 256, 389, 258, 0, -2, -1.5707963267948966, 2.0
595, 56, 494, 149, 492, 149, 2, 0, 0.0, 2.0
595, 61, 563, 183, 561, 181, 2, 2, 0.7853981633974483, 2.8284271247461903
596, 3, 273, 323, 273, 325, 0, -2, -1.5707963267948966, 2.0
596, 15, 408, 228, 408, 230, 0, -2, -1.5707963267948966, 2.0
596, 21, 513, 176, 513, 173, 0, 3, 1.5707963267948966, 3.0
596, 23, 261, 409, 260, 410, 1, -1, -0.7853981633974483, 1.4142135623730951
596, 32, 111, 405, 110, 406, 1, -1, -0.7853981633974483, 1.4142135623730951
596, 34, 545, 215, 543, 213, 2, 2, 0.7853981633974483, 2.8284271247461903
596, 39, 390, 254, 389, 256, 1, -2, -1.1071487177940904, 2.23606797749979
596, 42, 181, 353, 183, 353, -2, 0, 3.141592653589793, 2.0
596, 48, 252, 203, 250, 201, 2, 2, 0.7853981633974483, 2.8284271247461903
596, 55, 496, 149, 494, 149, 2, 0, 0.0, 2.0
596, 59, 565, 185, 563, 183, 2, 2, 0.7853981633974483, 2.8284271247461903
597, 11, 409, 226, 408, 228, 1, -2, -1.1071487177940904, 2.23606797749979
597, 13, 106, 183, 105, 184, 1, -1, -0.7853981633974483, 1.4142135623730951
597, 15, 140, 414, 139, 415, 1, -1, -0.7853981633974483, 1.4142135623730951
597, 19, 164, 175, 163, 176, 1, -1, -0.7853981633974483, 1.4142135623730951
597, 28, 547, 216, 545, 215, 2, 1, 0.4636476090008061, 2.23606797749979
597, 33, 390, 252, 390, 254, 0, -2, -1.5707963267948966, 2.0
597, 34, 355, 360, 354, 361, 1, -1, -0.7853981633974483, 1.4142135623730951
597, 50, 565, 187, 565, 185, 0, 2, 1.5707963267948966, 2.0
598, 9, 409, 224, 409, 226, 0, -2, -1.5707963267948966, 2.0
598, 10, 40, 382, 40, 384, 0, -2, -1.5707963267948966, 2.0
598, 11, 107, 182, 106, 183, 1, -1, -0.7853981633974483, 1.4142135623730951
598, 12, 30, 392, 29, 393, 1, -1, -0.7853981633974483, 1.4142135623730951
598, 13, 141, 413, 140, 414, 1, -1, -0.7853981633974483, 1.4142135623730951
598, 23, 112, 404, 111, 405, 1, -1, -0.7853981633974483, 1.4142135623730951
598, 25, 548, 218, 547, 216, 1, 2, 1.1071487177940904, 2.23606797749979
598, 29, 230, 191, 229, 192, 1, -1, -0.7853981633974483, 1.4142135623730951
598, 30, 390, 250, 390, 252, 0, -2, -1.5707963267948966, 2.0
598, 31, 356, 359, 355, 360, 1, -1, -0.7853981633974483, 1.4142135623730951
598, 33, 400, 289, 399, 290, 1, -1, -0.7853981633974483, 1.4142135623730951
598, 43, 167, 306, 166, 307, 1, -1, -0.7853981633974483, 1.4142135623730951
598, 46, 568, 189, 565, 187, 3, 2, 0.5880026035475675, 3.605551275463989
599, 1, 246, 304, 247, 303, -1, 1, 2.356194490192345, 1.4142135623730951
599, 9, 409, 222, 409, 224, 0, -2, -1.5707963267948966, 2.0
599, 12, 142, 412, 141, 413, 1, -1, -0.7853981633974483, 1.4142135623730951
599, 24, 549, 219, 548, 218, 1, 1, 0.7853981633974483, 1.4142135623730951
599, 28, 391, 248, 390, 250, 1, -2, -1.1071487177940904, 2.23606797749979
599, 29, 357, 358, 356, 359, 1, -1, -0.7853981633974483, 1.4142135623730951
599, 31, 401, 287, 400, 289, 1, -2, -1.1071487177940904, 2.23606797749979
599, 44, 570, 190, 568, 189, 2, 1, 0.4636476090008061, 2.23606797749979
600, 14, 411, 226, 411, 228, 0, -2, -1.5707963267948966, 2.0
600, 21, 560, 173, 560, 175, 0, -2, -1.5707963267948966, 2.0
600, 25, 309, 341, 308, 342, 1, -1, -0.7853981633974483, 1.4142135623730951
600, 38, 142, 415, 141, 416, 1, -1, -0.7853981633974483, 1.4142135623730951
600, 39, 537, 159, 536, 160, 1, -1, -0.7853981633974483, 1.4142135623730951
600, 46, 525, 190, 523, 189, 2, 1, 0.4636476090008061, 2.23606797749979
600, 47, 165, 176, 164, 177, 1, -1, -0.7853981633974483, 1.4142135623730951
600, 49, 550, 217, 550, 215, 0, 2, 1.5707963267948966, 2.0
600, 56, 429, 303, 428, 306, 1, -3, -1.2490457723982544, 3.1622776601683795
600, 57, 54, 276, 54, 278, 0, -2, -1.5707963267948966, 2.0
600, 58, 351, 395, 350, 396, 1, -1, -0.7853981633974483, 1.4142135623730951
600, 61, 55, 185, 53, 186, 2, -1, -0.4636476090008061, 2.23606797749979
600, 66, 507, 131, 505, 131, 2, 0, 0.0, 2.0
600, 70, 584, 248, 582, 247, 2, 1, 0.4636476090008061, 2.23606797749979
600, 72, 466, 162, 466, 164, 0, -2, -1.5707963267948966, 2.0
601, 9, 308, 332, 309, 331, -1, 1, 2.356194490192345, 1.4142135623730951
601, 11, 412, 224, 411, 226, 1, -2, -1.1071487177940904, 2.23606797749979
601, 18, 563, 174, 560, 173, 3, 1, 0.3217505543966422, 3.1622776601683795
601, 22, 310, 342, 309, 341, 1, 1, 0.7853981633974483, 1.4142135623730951
601, 24, 566, 189, 565, 190, 1, -1, -0.7853981633974483, 1.4142135623730951
601, 27, 263, 408, 262, 409, 1, -1, -0.7853981633974483, 1.4142135623730951
601, 32, 143, 414, 142, 415, 1, -1, -0.7853981633974483, 1.4142135623730951
601, 41, 433, 190, 433, 192, 0, -2, -1.5707963267948966, 2.0
601, 42, 551, 218, 550, 217, 1, 1, 0.7853981633974483, 1.4142135623730951
601, 45, 74, 233, 76, 233, -2, 0, 3.141592653589793, 2.0
601, 49, 429, 300, 429, 303, 0, -3, -1.5707963267948966, 3.0
601, 54, 56, 184, 55, 185, 1, -1, -0.7853981633974483, 1.4142135623730951
601, 63, 466, 160, 466, 162, 0, -2, -1.5707963267948966, 2.0
602, 9, 413, 222, 412, 224, 1, -2, -1.1071487177940904, 2.23606797749979
602, 11, 197, 183, 196, 184, 1, -1, -0.7853981633974483, 1.4142135623730951
602, 16, 565, 177, 563, 174, 2, 3, 0.982793723247329, 3.605551275463989
602, 22, 521, 177, 518, 176, 3, 1, 0.3217505543966422, 3.1622776601683795
602, 24, 263, 406, 263, 408, 0, -2, -1.5707963267948966, 2.0
602, 28, 144, 413, 143, 414, 1, -1, -0.7853981633974483, 1.4142135623730951
602, 29, 595, 292, 596, 294, -1, -2, -2.0344439357957027, 2.23606797749979
602, 35, 166, 174, 165, 175, 1, -1, -0.7853981633974483, 1.4142135623730951
602, 37, 552, 220, 551, 218, 1, 2, 1.1071487177940904, 2.23606797749979
602, 44, 353, 393, 352, 395, 1, -2, -1.1071487177940904, 2.23606797749979
602, 54, 585, 250, 584, 249, 1, 1, 0.7853981633974483, 1.4142135623730951
602, 56, 467, 158, 466, 160, 1, -2, -1.1071487177940904, 2.23606797749979
603, 8, 414, 219, 413, 222, 1, -3, -1.2490457723982544, 3.1622776601683795
603, 15, 566, 179, 565, 177, 1, 2, 1.1071487177940904, 2.23606797749979
603, 17, 312, 341, 311, 342, 1, -1, -0.7853981633974483, 1.4142135623730951
603, 19, 566, 186, 566, 188, 0, -2, -1.5707963267948966, 2.0
603, 20, 522, 179, 521, 177, 1, 2, 1.1071487177940904, 2.23606797749979
603, 21, 141, 258, 140, 259, 1, -1, -0.7853981633974483, 1.4142135623730951
603, 22, 264, 405, 263, 406, 1, -1, -0.7853981633974483, 1.4142135623730951
603, 25, 145, 412, 144, 413, 1, -1, -0.7853981633974483, 1.4142135623730951
603, 26, 595, 290, 595, 292, 0, -2, -1.5707963267948966, 2.0
603, 33, 433, 187, 433, 189, 0, -2, -1.5707963267948966, 2.0
603, 34, 553, 221, 552, 220, 1, 1, 0.7853981633974483, 1.4142135623730951
603, 37, 134, 208, 133, 209, 1, -1, -0.7853981633974483, 1.4142135623730951
603, 41, 354, 392, 353, 393, 1, -1, -0.7853981633974483, 1.4142135623730951
603, 47, 511, 131, 509, 131, 2, 0, 0.0, 2.0
603, 49, 222, 388, 221, 389, 1, -1, -0.7853981633974483, 1.4142135623730951
603, 50, 587, 252, 585, 250, 2, 2, 0.7853981633974483, 2.8284271247461903
604, 7, 414, 216, 414, 219, 0, -3, -1.5707963267948966, 3.0
604, 14, 568, 183, 566, 179, 2, 4, 1.1071487177940904, 4.47213595499958
604, 15, 7, 224, 6, 225, 1, -1, -0.7853981633974483, 1.4142135623730951
604, 16, 313, 340, 312, 341, 1, -1, -0.7853981633974483, 1.4142135623730951
604, 17, 169, 217, 168, 218, 1, -1, -0.7853981633974483, 1.4142135623730951
604, 18, 564, 184, 566, 186, -2, -2, -2.356194490192345, 2.8284271247461903
604, 19, 523, 181, 522, 179, 1, 2, 1.1071487177940904, 2.23606797749979
604, 30, 523, 189, 525, 189, -2, 0, 3.141592653589793, 2.0
604, 31, 167, 172, 166, 173, 1, -1, -0.7853981633974483, 1.4142135623730951
604, 32, 554, 223, 553, 221, 1, 2, 1.1071487177940904, 2.23606797749979
604, 39, 355, 391, 354, 392, 1, -1, -0.7853981633974483, 1.4142135623730951
604, 41, 57, 181, 56, 182, 1, -1, -0.7853981633974483, 1.4142135623730951
604, 45, 512, 132, 511, 131, 1, 1, 0.7853981633974483, 1.4142135623730951
604, 48, 588, 254, 587, 252, 1, 2, 1.1071487177940904, 2.23606797749979
604, 49, 468, 155, 467, 157, 1, -2, -1.1071487177940904, 2.23606797749979
604, 51, 43, 236, 45, 237, -2, -1, -2.677945044588987, 2.23606797749979
605, 6, 184, 352, 185, 351, -1, 1, 2.356194490192345, 1.4142135623730951
605, 16, 362, 364, 361, 365, 1, -1, -0.7853981633974483, 1.4142135623730951
605, 17, 355, 395, 354, 396, 1, -1, -0.7853981633974483, 1.4142135623730951
605, 22, 145, 414, 144, 415, 1, -1, -0.7853981633974483, 1.4142135623730951
605, 30, 58, 213, 57, 214, 1, -1, -0.7853981633974483, 1.4142135623730951
605, 36, 546, 163, 543, 161, 3, 2, 0.5880026035475675, 3.605551275463989
605, 39, 534, 187, 533, 186, 1, 1, 0.7853981633974483, 1.4142135623730951
605, 40, 268, 408, 267, 409, 1, -1, -0.7853981633974483, 1.4142135623730951
605, 42, 396, 312, 394, 317, 2, -5, -1.1902899496825317, 5.385164807134504
605, 45, 431, 301, 429, 306, 2, -5, -1.1902899496825317, 5.385164807134504
605, 47, 505, 148, 503, 148, 2, 0, 0.0, 2.0
605, 52, 162, 197, 161, 198, 1, -1, -0.7853981633974483, 1.4142135623730951
605, 55, 405, 227, 405, 229, 0, -2, -1.5707963267948966, 2.0
605, 60, 458, 143, 456, 144, 2, -1, -0.4636476090008061, 2.23606797749979
605, 61, 413, 218, 413, 220, 0, -2, -1.5707963267948966, 2.0
605, 68, 604, 303, 603, 301, 1, 2, 1.1071487177940904, 2.23606797749979
605, 70, 111, 336, 110, 337, 1, -1, -0.7853981633974483, 1.4142135623730951
605, 71, 89, 223, 85, 222, 4, 1, 0.24497866312686414, 4.123105625617661
606, 10, 563, 183, 564, 185, -1, -2, -2.0344439357957027, 2.23606797749979
606, 14, 364, 363, 362, 364, 2, -1, -0.4636476090008061, 2.23606797749979
606, 15, 356, 394, 355, 395, 1, -1, -0.7853981633974483, 1.4142135623730951
606, 20, 146, 413, 145, 414, 1, -1, -0.7853981633974483, 1.4142135623730951
606, 21, 313, 342, 312, 343, 1, -1, -0.7853981633974483, 1.4142135623730951
606, 30, 305, 375, 303, 375, 2, 0, 0.0, 2.0
606, 33, 548, 165, 546, 163, 2, 2, 0.7853981633974483, 2.8284271247461903
606, 36, 534, 189, 534, 187, 0, 2, 1.5707963267948966, 2.0
606, 38, 198, 183, 197, 184, 1, -1, -0.7853981633974483, 1.4142135623730951
606, 39, 397, 311, 396, 312, 1, -1, -0.7853981633974483, 1.4142135623730951
606, 42, 433, 298, 431, 301, 2, -3, -0.982793723247329, 3.605551275463989
606, 44, 507, 148, 505, 148, 2, 0, 0.0, 2.0
606, 57, 460, 141, 458, 143, 2, -2, -0.7853981633974483, 2.8284271247461903
606, 58, 413, 216, 413, 218, 0, -2, -1.5707963267948966, 2.0
606, 63, 604, 305, 604, 303, 0, 2, 1.5707963267948966, 2.0
607, 10, 561, 181, 563, 183, -2, -2, -2.356194490192345, 2.8284271247461903
607, 13, 365, 361, 364, 363, 1, -2, -1.1071487177940904, 2.23606797749979
607, 14, 357, 393, 356, 394, 1, -1, -0.7853981633974483, 1.4142135623730951
607, 18, 147, 412, 146, 413, 1, -1, -0.7853981633974483, 1.4142135623730951
607, 19, 314, 341, 313, 342, 1, -1, -0.7853981633974483, 1.4142135623730951
607, 26, 56, 211, 58, 212, -2, -1, -2.677945044588987, 2.23606797749979
607, 28, 307, 375, 305, 375, 2, 0, 0.0, 2.0
607, 34, 535, 190, 534, 189, 1, 1, 0.7853981633974483, 1.4142135623730951
607, 35, 269, 406, 268, 407, 1, -1, -0.7853981633974483, 1.4142135623730951
607, 37, 398, 309, 397, 311, 1, -2, -1.1071487177940904, 2.23606797749979
607, 40, 434, 296, 433, 298, 1, -2, -1.1071487177940904, 2.23606797749979
607, 41, 34, 300, 37, 299, -3, 1, 2.819842099193151, 3.1622776601683795
607, 42, 508, 147, 507, 148, 1, -1, -0.7853981633974483, 1.4142135623730951
607, 50, 405, 224, 405, 226, 0, -2, -1.5707963267948966, 2.0
607, 54, 461, 139, 460, 141, 1, -2, -1.1071487177940904, 2.23606797749979
607, 56, 42, 210, 41, 211, 1, -1, -0.7853981633974483, 1.4142135623730951
607, 59, 24, 402, 26, 402, -2, 0, 3.141592653589793, 2.0
607, 60, 603, 306, 604, 305, -1, 1, 2.356194490192345, 1.4142135623730951
607, 62, 113, 335, 112, 336, 1, -1, -0.7853981633974483, 1.4142135623730951
607, 63, 91, 222, 89, 222, 2, 0, 0.0, 2.0
607, 64, 545, 219, 545, 217, 0, 2, 1.5707963267948966, 2.0
607, 65, 274, 321, 273, 322, 1, -1, -0.7853981633974483, 1.4142135623730951
608, 11, 366, 360, 365, 361, 1, -1, -0.7853981633974483, 1.4142135623730951
608, 12, 358, 392, 357, 393, 1, -1, -0.7853981633974483, 1.4142135623730951
608, 16, 148, 411, 147, 412, 1, -1, -0.7853981633974483, 1.4142135623730951
608, 25, 308, 374, 307, 375, 1, -1, -0.7853981633974483, 1.4142135623730951
608, 28, 548, 168, 548, 166, 0, 2, 1.5707963267948966, 2.0
608, 31, 535, 192, 535, 190, 0, 2, 1.5707963267948966, 2.0
608, 33, 199, 182, 198, 183, 1, -1, -0.7853981633974483, 1.4142135623730951
608, 34, 399, 307, 398, 309, 1, -2, -1.1071487177940904, 2.23606797749979
608, 39, 510, 148, 508, 147, 2, 1, 0.4636476090008061, 2.23606797749979
608, 47, 405, 221, 405, 224, 0, -3, -1.5707963267948966, 3.0
608, 51, 462, 137, 461, 139, 1, -2, -1.1071487177940904, 2.23606797749979
608, 52, 412, 213, 413, 215, -1, -2, -2.0344439357957027, 2.23606797749979
608, 57, 601, 307, 603, 306, -2, 1, 2.677945044588987, 2.23606797749979
608, 61, 546, 221, 545, 219, 1, 2, 1.1071487177940904, 2.23606797749979
609, 10, 367, 359, 366, 360, 1, -1, -0.7853981633974483, 1.4142135623730951
609, 11, 359, 391, 358, 392, 1, -1, -0.7853981633974483, 1.4142135623730951
609, 12, 161, 362, 163, 362, -2, 0, 3.141592653589793, 2.0
609, 16, 317, 340, 315, 341, 2, -1, -0.4636476090008061, 2.23606797749979
609, 30, 536, 194, 535, 192, 1, 2, 1.1071487177940904, 2.23606797749979
609, 32, 200, 181, 199, 182, 1, -1, -0.7853981633974483, 1.4142135623730951
609, 33, 399, 305, 399, 307, 0, -2, -1.5707963267948966, 2.0
609, 36, 436, 292, 434, 295, 2, -3, -0.982793723247329, 3.605551275463989
609, 46, 405, 219, 405, 221, 0, -2, -1.5707963267948966, 2.0
609, 50, 411, 214, 412, 213, -1, 1, 2.356194490192345, 1.4142135623730951
609, 55, 599, 307, 601, 307, -2, 0, 3.141592653589793, 2.0
609, 59, 547, 224, 546, 221, 1, 3, 1.2490457723982544, 3.1622776601683795
609, 62, 122, 403, 121, 404, 1, -1, -0.7853981633974483, 1.4142135623730951
610, 6, 268, 260, 267, 261, 1, -1, -0.7853981633974483, 1.4142135623730951
610, 8, 534, 199, 534, 197, 0, 2, 1.5707963267948966, 2.0
610, 10, 415, 218, 415, 220, 0, -2, -1.5707963267948966, 2.0
610, 21, 263, 325, 264, 324, -1, 1, 2.356194490192345, 1.4142135623730951
610, 24, 319, 342, 317, 343, 2, -1, -0.4636476090008061, 2.23606797749979
610, 29, 566, 196, 570, 194, -4, 2, 2.677945044588987, 4.47213595499958
610, 33, 436, 187, 436, 189, 0, -2, -1.5707963267948966, 2.0
610, 36, 197, 287, 196, 288, 1, -1, -0.7853981633974483, 1.4142135623730951
610, 39, 123, 406, 122, 407, 1, -1, -0.7853981633974483, 1.4142135623730951
610, 43, 381, 278, 381, 281, 0, -3, -1.5707963267948966, 3.0
610, 50, 444, 210, 443, 211, 1, -1, -0.7853981633974483, 1.4142135623730951
610, 52, 274, 404, 273, 405, 1, -1, -0.7853981633974483, 1.4142135623730951
610, 60, 313, 336, 311, 337, 2, -1, -0.4636476090008061, 2.23606797749979
610, 63, 345, 323, 344, 324, 1, -1, -0.7853981633974483, 1.4142135623730951
610, 64, 165, 345, 164, 346, 1, -1, -0.7853981633974483, 1.4142135623730951
610, 66, 359, 392, 358, 393, 1, -1, -0.7853981633974483, 1.4142135623730951
610, 69, 64, 219, 62, 220, 2, -1, -0.4636476090008061, 2.23606797749979
610, 70, 369, 351, 368, 352, 1, -1, -0.7853981633974483, 1.4142135623730951
610, 72, 187, 249, 186, 250, 1, -1, -0.7853981633974483, 1.4142135623730951
610, 87, 404, 341, 404, 343, 0, -2, -1.5707963267948966, 2.0
610, 89, 102, 387, 101, 388, 1, -1, -0.7853981633974483, 1.4142135623730951
610, 94, 589, 258, 588, 257, 1, 1, 0.7853981633974483, 1.4142135623730951
610, 97, 288, 392, 287, 393, 1, -1, -0.7853981633974483, 1.4142135623730951
611, 8, 533, 200, 534, 199, -1, 1, 2.356194490192345, 1.4142135623730951
611, 9, 415, 216, 415, 218, 0, -2, -1.5707963267948966, 2.0
611, 23, 321, 342, 319, 342, 2, 0, 0.0, 2.0
611, 24, 9, 225, 8, 226, 1, -1, -0.7853981633974483, 1.4142135623730951
611, 25, 544, 169, 545, 167, -1, 2, 2.0344439357957027, 2.23606797749979
611, 28, 564, 197, 566, 196, -2, 1, 2.677945044588987, 2.23606797749979
611, 32, 436, 185, 436, 187, 0, -2, -1.5707963267948966, 2.0
611, 42, 382, 276, 381, 278, 1, -2, -1.1071487177940904, 2.23606797749979
611, 47, 113, 189, 112, 190, 1, -1, -0.7853981633974483, 1.4142135623730951
611, 50, 275, 403, 274, 404, 1, -1, -0.7853981633974483, 1.4142135623730951
611, 51, 149, 414, 148, 415, 1, -1, -0.7853981633974483, 1.4142135623730951
611, 52, 314, 369, 312, 370, 2, -1, -0.4636476090008061, 2.23606797749979
611, 54, 517, 138, 516, 137, 1, 1, 0.7853981633974483, 1.4142135623730951
611, 64, 361, 391, 359, 392, 2, -1, -0.4636476090008061, 2.23606797749979
611, 66, 471, 134, 470, 136, 1, -2, -1.1071487177940904, 2.23606797749979
611, 67, 65, 218, 64, 219, 1, -1, -0.7853981633974483, 1.4142135623730951
611, 68, 370, 350, 369, 351, 1, -1, -0.7853981633974483, 1.4142135623730951
611, 74, 61, 183, 60, 184, 1, -1, -0.7853981633974483, 1.4142135623730951
611, 76, 287, 291, 288, 289, -1, 2, 2.0344439357957027, 2.23606797749979
611, 78, 35, 180, 32, 179, 3, 1, 0.3217505543966422, 3.1622776601683795
611, 80, 401, 280, 403, 280, -2, 0, 3.141592653589793, 2.0
611, 85, 405, 339, 404, 341, 1, -2, -1.1071487177940904, 2.23606797749979
611, 88, 162, 363, 164, 363, -2, 0, 3.141592653589793, 2.0
611, 91, 590, 259, 589, 258, 1, 1, 0.7853981633974483, 1.4142135623730951
612, 9, 415, 214, 415, 216, 0, -2, -1.5707963267948966, 2.0
612, 14, 184, 354, 185, 353, -1, 1, 2.356194490192345, 1.4142135623730951
612, 24, 544, 171, 544, 169, 0, 2, 1.5707963267948966, 2.0
612, 27, 562, 197, 564, 197, -2, 0, 3.141592653589793, 2.0
612, 40, 382, 273, 382, 276, 0, -3, -1.5707963267948966, 3.0
612, 48, 276, 402, 275, 403, 1, -1, -0.7853981633974483, 1.4142135623730951
612, 49, 150, 413, 149, 414, 1, -1, -0.7853981633974483, 1.4142135623730951
612, 50, 315, 368, 314, 369, 1, -1, -0.7853981633974483, 1.4142135623730951
612, 52, 519, 138, 517, 138, 2, 0, 0.0, 2.0
612, 56, 316, 335, 314, 336, 2, -1, -0.4636476090008061, 2.23606797749979
612, 59, 362, 390, 361, 391, 1, -1, -0.7853981633974483, 1.4142135623730951
612, 61, 472, 133, 471, 134, 1, -1, -0.7853981633974483, 1.4142135623730951
612, 62, 65, 216, 65, 218, 0, -2, -1.5707963267948966, 2.0
612, 63, 371, 349, 370, 350, 1, -1, -0.7853981633974483, 1.4142135623730951
612, 73, 401, 278, 401, 280, 0, -2, -1.5707963267948966, 2.0
612, 78, 405, 337, 405, 339, 0, -2, -1.5707963267948966, 2.0
612, 84, 591, 260, 590, 259, 1, 1, 0.7853981633974483, 1.4142135623730951
612, 87, 290, 391, 289, 392, 1, -1, -0.7853981633974483, 1.4142135623730951
613, 6, 532, 201, 533, 200, -1, 1, 2.356194490192345, 1.4142135623730951
613, 7, 415, 212, 415, 214, 0, -2, -1.5707963267948966, 2.0
613, 18, 324, 342, 322, 342, 2, 0, 0.0, 2.0
613, 20, 544, 174, 544, 171, 0, 3, 1.5707963267948966, 3.0
613, 23, 564, 194, 562, 197, 2, -3, -0.982793723247329, 3.605551275463989
613, 26, 436, 182, 436, 184, 0, -2, -1.5707963267948966, 2.0
613, 35, 382, 271, 382, 273, 0, -2, -1.5707963267948966, 2.0
613, 39, 322, 331, 321, 332, 1, -1, -0.7853981633974483, 1.4142135623730951
613, 42, 184, 404, 183, 405, 1, -1, -0.7853981633974483, 1.4142135623730951
613, 45, 316, 367, 315, 368, 1, -1, -0.7853981633974483, 1.4142135623730951
613, 47, 521, 138, 519, 138, 2, 0, 0.0, 2.0
613, 48, 237, 196, 236, 197, 1, -1, -0.7853981633974483, 1.4142135623730951
613, 54, 363, 389, 362, 390, 1, -1, -0.7853981633974483, 1.4142135623730951
613, 56, 473, 131, 472, 133, 1, -2, -1.1071487177940904, 2.23606797749979
613, 57, 64, 214, 65, 216, -1, -2, -2.0344439357957027, 2.23606797749979
613, 58, 372, 347, 371, 349, 1, -2, -1.1071487177940904, 2.23606797749979
613, 61, 249, 326, 248, 327, 1, -1, -0.7853981633974483, 1.4142135623730951
613, 68, 400, 276, 401, 278, -1, -2, -2.0344439357957027, 2.23606797749979
613, 71, 405, 335, 405, 337, 0, -2, -1.5707963267948966, 2.0
613, 77, 591, 262, 591, 260, 0, 2, 1.5707963267948966, 2.0
613, 80, 291, 390, 290, 391, 1, -1, -0.7853981633974483, 1.4142135623730951
613, 81, 448, 239, 448, 241, 0, -2, -1.5707963267948966, 2.0
614, 7, 415, 209, 415, 212, 0, -3, -1.5707963267948966, 3.0
614, 10, 216, 185, 215, 184, 1, 1, 0.7853981633974483, 1.4142135623730951
614, 17, 325, 341, 324, 342, 1, -1, -0.7853981633974483, 1.4142135623730951
614, 19, 546, 178, 544, 174, 2, 4, 1.1071487177940904, 4.47213595499958
614, 22, 567, 195, 564, 194, 3, 1, 0.3217505543966422, 3.1622776601683795
614, 33, 173, 174, 172, 175, 1, -1, -0.7853981633974483, 1.4142135623730951
614, 34, 382, 268, 382, 271, 0, -3, -1.5707963267948966, 3.0
614, 39, 555, 228, 554, 227, 1, 1, 0.7853981633974483, 1.4142135623730951
614, 41, 277, 401, 276, 402, 1, -1, -0.7853981633974483, 1.4142135623730951
614, 43, 317, 366, 316, 367, 1, -1, -0.7853981633974483, 1.4142135623730951
614, 45, 238, 195, 237, 196, 1, -1, -0.7853981633974483, 1.4142135623730951
614, 48, 319, 334, 317, 335, 2, -1, -0.4636476090008061, 2.23606797749979
614, 49, 33, 368, 32, 369, 1, -1, -0.7853981633974483, 1.4142135623730951
614, 51, 364, 387, 363, 389, 1, -2, -1.1071487177940904, 2.23606797749979
614, 53, 474, 130, 473, 131, 1, -1, -0.7853981633974483, 1.4142135623730951
614, 55, 373, 345, 372, 347, 1, -2, -1.1071487177940904, 2.23606797749979
614, 64, 399, 274, 400, 276, -1, -2, -2.0344439357957027, 2.23606797749979
614, 67, 405, 333, 405, 335, 0, -2, -1.5707963267948966, 2.0
614, 76, 447, 236, 448, 239, -1, -3, -1.892546881191539, 3.1622776601683795
615, 8, 572, 205, 570, 202, 2, 3, 0.982793723247329, 3.605551275463989
615, 9, 45, 242, 44, 243, 1, -1, -0.7853981633974483, 1.4142135623730951
615, 12, 253, 331, 253, 333, 0, -2, -1.5707963267948966, 2.0
615, 14, 570, 193, 571, 195, -1, -2, -2.0344439357957027, 2.23606797749979
615, 16, 152, 413, 151, 414, 1, -1, -0.7853981633974483, 1.4142135623730951
615, 18, 120, 239, 119, 241, 1, -2, -1.1071487177940904, 2.23606797749979
615, 19, 213, 185, 211, 187, 2, -2, -0.7853981633974483, 2.8284271247461903
615, 21, 417, 212, 417, 215, 0, -3, -1.5707963267948966, 3.0
615, 23, 60, 323, 60, 325, 0, -2, -1.5707963267948966, 2.0
615, 25, 154, 368, 153, 369, 1, -1, -0.7853981633974483, 1.4142135623730951
615, 31, 373, 351, 372, 352, 1, -1, -0.7853981633974483, 1.4142135623730951
615, 33, 116, 380, 114, 378, 2, 2, 0.7853981633974483, 2.8284271247461903
615, 35, 475, 137, 472, 139, 3, -2, -0.5880026035475675, 3.605551275463989
615, 37, 250, 395, 249, 396, 1, -1, -0.7853981633974483, 1.4142135623730951
615, 38, 555, 234, 555, 232, 0, 2, 1.5707963267948966, 2.0
615, 40, 602, 316, 600, 313, 2, 3, 0.982793723247329, 3.605551275463989
615, 41, 319, 368, 318, 369, 1, -1, -0.7853981633974483, 1.4142135623730951
615, 42, 174, 176, 173, 177, 1, -1, -0.7853981633974483, 1.4142135623730951
615, 43, 45, 384, 46, 386, -1, -2, -2.0344439357957027, 2.23606797749979
615, 45, 322, 335, 321, 338, 1, -3, -1.2490457723982544, 3.1622776601683795
615, 46, 103, 388, 104, 390, -1, -2, -2.0344439357957027, 2.23606797749979
615, 47, 188, 317, 187, 318, 1, -1, -0.7853981633974483, 1.4142135623730951
615, 51, 527, 196, 525, 194, 2, 2, 0.7853981633974483, 2.8284271247461903
615, 53, 364, 391, 363, 392, 1, -1, -0.7853981633974483, 1.4142135623730951
615, 54, 364, 298, 363, 300, 1, -2, -1.1071487177940904, 2.23606797749979
615, 55, 408, 338, 407, 340, 1, -2, -1.1071487177940904, 2.23606797749979
615, 57, 115, 383, 116, 385, -1, -2, -2.0344439357957027, 2.23606797749979
615, 59, 546, 177, 544, 175, 2, 2, 0.7853981633974483, 2.8284271247461903
615, 61, 543, 198, 542, 196, 1, 2, 1.1071487177940904, 2.23606797749979
615, 62, 79, 403, 77, 404, 2, -1, -0.4636476090008061, 2.23606797749979
615, 64, 327, 395, 326, 396, 1, -1, -0.7853981633974483, 1.4142135623730951
615, 70, 384, 273, 384, 275, 0, -2, -1.5707963267948966, 2.0
615, 72, 277, 323, 276, 324, 1, -1, -0.7853981633974483, 1.4142135623730951
615, 82, 339, 367, 338, 368, 1, -1, -0.7853981633974483, 1.4142135623730951
615, 93, 70, 412, 69, 413, 1, -1, -0.7853981633974483, 1.4142135623730951
615, 94, 402, 237, 402, 239, 0, -2, -1.5707963267948966, 2.0
615, 100, 526, 136, 524, 136, 2, 0, 0.0, 2.0
615, 103, 105, 224, 106, 226, -1, -2, -2.0344439357957027, 2.23606797749979
615, 107, 592, 263, 591, 262, 1, 1, 0.7853981633974483, 1.4142135623730951
616, 8, 574, 209, 572, 205, 2, 4, 1.1071487177940904, 4.47213595499958
616, 9, 46, 241, 45, 242, 1, -1, -0.7853981633974483, 1.4142135623730951
616, 11, 167, 367, 166, 368, 1, -1, -0.7853981633974483, 1.4142135623730951
616, 12, 254, 330, 253, 331, 1, -1, -0.7853981633974483, 1.4142135623730951
616, 14, 569, 191, 570, 193, -1, -2, -2.0344439357957027, 2.23606797749979
616, 20, 417, 210, 417, 212, 0, -2, -1.5707963267948966, 2.0
616, 22, 61, 322, 60, 323, 1, -1, -0.7853981633974483, 1.4142135623730951
616, 23, 220, 295, 219, 296, 1, -1, -0.7853981633974483, 1.4142135623730951
616, 30, 374, 350, 373, 351, 1, -1, -0.7853981633974483, 1.4142135623730951
616, 34, 476, 135, 475, 137, 1, -2, -1.1071487177940904, 2.23606797749979
616, 35, 276, 405, 275, 406, 1, -1, -0.7853981633974483, 1.4142135623730951
616, 39, 604, 317, 602, 316, 2, 1, 0.4636476090008061, 2.23606797749979
616, 40, 320, 367, 319, 368, 1, -1, -0.7853981633974483, 1.4142135623730951
616, 48, 317, 317, 316, 316, 1, 1, 0.7853981633974483, 1.4142135623730951
616, 51, 366, 389, 364, 391, 2, -2, -0.7853981633974483, 2.8284271247461903
616, 52, 364, 296, 364, 298, 0, -2, -1.5707963267948966, 2.0
616, 53, 408, 336, 408, 338, 0, -2, -1.5707963267948966, 2.0
616, 57, 548, 177, 546, 177, 2, 0, 0.0, 2.0
616, 59, 544, 199, 543, 198, 1, 1, 0.7853981633974483, 1.4142135623730951
616, 60, 81, 403, 79, 403, 2, 0, 0.0, 2.0
616, 61, 330, 393, 327, 395, 3, -2, -0.5880026035475675, 3.605551275463989
616, 65, 127, 188, 126, 189, 1, -1, -0.7853981633974483, 1.4142135623730951
616, 67, 385, 271, 384, 273, 1, -2, -1.1071487177940904, 2.23606797749979
616, 68, 346, 367, 345, 368, 1, -1, -0.7853981633974483, 1.4142135623730951
616, 76, 180, 360, 179, 362, 1, -2, -1.1071487177940904, 2.23606797749979
616, 81, 118, 185, 117, 186, 1, -1, -0.7853981633974483, 1.4142135623730951
616, 87, 402, 235, 402, 237, 0, -2, -1.5707963267948966, 2.0
616, 101, 249, 407, 246, 409, 3, -2, -0.5880026035475675, 3.605551275463989
616, 107, 37, 180, 35, 180, 2, 0, 0.0, 2.0
616, 108, 293, 304, 291, 301, 2, 3, 0.982793723247329, 3.605551275463989
617, 8, 576, 210, 574, 209, 2, 1, 0.4636476090008061, 2.23606797749979
617, 14, 568, 189, 569, 191, -1, -2, -2.0344439357957027, 2.23606797749979
617, 20, 417, 207, 417, 210, 0, -3, -1.5707963267948966, 3.0
617, 31, 179, 354, 178, 355, 1, -1, -0.7853981633974483, 1.4142135623730951
617, 33, 192, 346, 192, 350, 0, -4, -1.5707963267948966, 4.0
617, 34, 476, 133, 476, 135, 0, -2, -1.5707963267948966, 2.0
617, 35, 277, 404, 276, 405, 1, -1, -0.7853981633974483, 1.4142135623730951
617, 36, 251, 395, 250, 394, 1, 1, 0.7853981633974483, 1.4142135623730951
617, 37, 556, 236, 555, 235, 1, 1, 0.7853981633974483, 1.4142135623730951
617, 39, 605, 316, 604, 317, 1, -1, -0.7853981633974483, 1.4142135623730951
617, 44, 325, 334, 323, 335, 2, -1, -0.4636476090008061, 2.23606797749979
617, 49, 367, 388, 366, 389, 1, -1, -0.7853981633974483, 1.4142135623730951
617, 50, 364, 294, 364, 296, 0, -2, -1.5707963267948966, 2.0
617, 51, 409, 333, 408, 336, 1, -3, -1.2490457723982544, 3.1622776601683795
617, 55, 549, 176, 548, 177, 1, -1, -0.7853981633974483, 1.4142135623730951
617, 57, 544, 201, 544, 199, 0, 2, 1.5707963267948966, 2.0
617, 58, 83, 403, 81, 403, 2, 0, 0.0, 2.0
617, 63, 128, 187, 127, 188, 1, -1, -0.7853981633974483, 1.4142135623730951
617, 65, 385, 269, 385, 271, 0, -2, -1.5707963267948966, 2.0
617, 67, 278, 322, 277, 323, 1, -1, -0.7853981633974483, 1.4142135623730951
617, 68, 438, 182, 438, 184, 0, -2, -1.5707963267948966, 2.0
617, 72, 180, 358, 180, 360, 0, -2, -1.5707963267948966, 2.0
617, 77, 119, 184, 118, 185, 1, -1, -0.7853981633974483, 1.4142135623730951
617, 81, 71, 410, 70, 411, 1, -1, -0.7853981633974483, 1.4142135623730951
617, 82, 402, 233, 402, 235, 0, -2, -1.5707963267948966, 2.0
617, 85, 223, 380, 225, 380, -2, 0, 3.141592653589793, 2.0
617, 88, 529, 136, 527, 136, 2, 0, 0.0, 2.0
617, 91, 282, 364, 281, 365, 1, -1, -0.7853981633974483, 1.4142135623730951
617, 94, 594, 265, 592, 264, 2, 1, 0.4636476090008061, 2.23606797749979
618, 10, 11, 223, 10, 224, 1, -1, -0.7853981633974483, 1.4142135623730951
618, 14, 571, 189, 568, 189, 3, 0, 0.0, 3.0
618, 18, 215, 184, 214, 185, 1, -1, -0.7853981633974483, 1.4142135623730951
618, 20, 417, 204, 417, 207, 0, -3, -1.5707963267948966, 3.0
618, 33, 477, 132, 476, 133, 1, -1, -0.7853981633974483, 1.4142135623730951
618, 36, 557, 238, 556, 236, 1, 2, 1.1071487177940904, 2.23606797749979
618, 39, 321, 365, 320, 366, 1, -1, -0.7853981633974483, 1.4142135623730951
618, 48, 368, 387, 367, 388, 1, -1, -0.7853981633974483, 1.4142135623730951
618, 49, 364, 292, 364, 294, 0, -2, -1.5707963267948966, 2.0
618, 50, 410, 331, 409, 333, 1, -2, -1.1071487177940904, 2.23606797749979
618, 56, 545, 203, 544, 201, 1, 2, 1.1071487177940904, 2.23606797749979
618, 58, 331, 392, 330, 393, 1, -1, -0.7853981633974483, 1.4142135623730951
618, 62, 120, 192, 119, 193, 1, -1, -0.7853981633974483, 1.4142135623730951
618, 63, 386, 267, 385, 269, 1, -2, -1.1071487177940904, 2.23606797749979
618, 66, 439, 181, 438, 182, 1, -1, -0.7853981633974483, 1.4142135623730951
618, 75, 120, 183, 119, 184, 1, -1, -0.7853981633974483, 1.4142135623730951
618, 79, 72, 409, 71, 410, 1, -1, -0.7853981633974483, 1.4142135623730951
618, 80, 401, 231, 402, 233, -1, -2, -2.0344439357957027, 2.23606797749979
618, 85, 530, 137, 529, 136, 1, 1, 0.7853981633974483, 1.4142135623730951
618, 89, 117, 212, 118, 211, -1, 1, 2.356194490192345, 1.4142135623730951
618, 90, 595, 267, 594, 265, 1, 2, 1.1071487177940904, 2.23606797749979
618, 91, 124, 314, 123, 315, 1, -1, -0.7853981633974483, 1.4142135623730951
618, 96, 38, 179, 37, 180, 1, -1, -0.7853981633974483, 1.4142135623730951
619, 7, 578, 209, 577, 210, 1, -1, -0.7853981633974483, 1.4142135623730951
619, 13, 572, 194, 571, 189, 1, 5, 1.373400766945016, 5.0990195135927845
619, 14, 156, 412, 155, 413, 1, -1, -0.7853981633974483, 1.4142135623730951
619, 19, 419, 200, 417, 204, 2, -4, -1.1071487177940904, 4.47213595499958
619, 20, 59, 274, 58, 275, 1, -1, -0.7853981633974483, 1.4142135623730951
619, 34, 254, 394, 252, 395, 2, -1, -0.4636476090008061, 2.23606797749979
619, 35, 558, 239, 557, 238, 1, 1, 0.7853981633974483, 1.4142135623730951
619, 37, 603, 314, 604, 316, -1, -2, -2.0344439357957027, 2.23606797749979
619, 47, 370, 386, 368, 387, 2, -1, -0.4636476090008061, 2.23606797749979
619, 48, 364, 290, 364, 292, 0, -2, -1.5707963267948966, 2.0
619, 49, 411, 329, 410, 331, 1, -2, -1.1071487177940904, 2.23606797749979
619, 54, 545, 205, 545, 203, 0, 2, 1.5707963267948966, 2.0
619, 61, 386, 265, 386, 267, 0, -2, -1.5707963267948966, 2.0
619, 76, 73, 408, 72, 409, 1, -1, -0.7853981633974483, 1.4142135623730951
619, 77, 402, 230, 401, 231, 1, -1, -0.7853981633974483, 1.4142135623730951
619, 87, 596, 269, 595, 267, 1, 2, 1.1071487177940904, 2.23606797749979
619, 89, 251, 405, 250, 406, 1, -1, -0.7853981633974483, 1.4142135623730951
620, 6, 418, 207, 418, 210, 0, -3, -1.5707963267948966, 3.0
620, 29, 122, 183, 121, 184, 1, -1, -0.7853981633974483, 1.4142135623730951
620, 34, 218, 190, 216, 191, 2, -1, -0.4636476090008061, 2.23606797749979
620, 39, 322, 367, 321, 368, 1, -1, -0.7853981633974483, 1.4142135623730951
620, 40, 453, 225, 453, 229, 0, -4, -1.5707963267948966, 4.0
620, 43, 232, 386, 231, 387, 1, -1, -0.7853981633974483, 1.4142135623730951
620, 45, 137, 329, 138, 328, -1, 1, 2.356194490192345, 1.4142135623730951
620, 46, 121, 192, 120, 193, 1, -1, -0.7853981633974483, 1.4142135623730951
620, 55, 410, 265, 409, 268, 1, -3, -1.2490457723982544, 3.1622776601683795
620, 60, 463, 180, 463, 182, 0, -2, -1.5707963267948966, 2.0
620, 63, 475, 153, 474, 154, 1, -1, -0.7853981633974483, 1.4142135623730951
620, 64, 242, 336, 243, 335, -1, 1, 2.356194490192345, 1.4142135623730951
620, 66, 539, 207, 538, 205, 1, 2, 1.1071487177940904, 2.23606797749979
620, 69, 443, 203, 443, 205, 0, -2, -1.5707963267948966, 2.0
620, 78, 36, 398, 33, 399, 3, -1, -0.3217505543966422, 3.1622776601683795
620, 81, 73, 411, 72, 412, 1, -1, -0.7853981633974483, 1.4142135623730951
621, 5, 418, 205, 418, 207, 0, -2, -1.5707963267948966, 2.0
621, 24, 377, 347, 377, 349, 0, -2, -1.5707963267948966, 2.0
621, 27, 123, 182, 122, 183, 1, -1, -0.7853981633974483, 1.4142135623730951
621, 28, 576, 204, 577, 206, -1, -2, -2.0344439357957027, 2.23606797749979
621, 30, 556, 238, 557, 237, -1, 1, 2.356194490192345, 1.4142135623730951
621, 32, 325, 342, 324, 343, 1, -1, -0.7853981633974483, 1.4142135623730951
621, 37, 454, 220, 453, 225, 1, -5, -1.373400766945016, 5.0990195135927845
621, 45, 68, 222, 67, 223, 1, -1, -0.7853981633974483, 1.4142135623730951
621, 49, 532, 194, 530, 194, 2, 0, 0.0, 2.0
621, 52, 411, 263, 410, 265, 1, -2, -1.1071487177940904, 2.23606797749979
621, 57, 462, 178, 463, 180, -1, -2, -2.0344439357957027, 2.23606797749979
621, 60, 476, 152, 475, 153, 1, -1, -0.7853981633974483, 1.4142135623730951
621, 63, 539, 209, 539, 207, 0, 2, 1.5707963267948966, 2.0
621, 68, 129, 195, 127, 195, 2, 0, 0.0, 2.0
621, 74, 39, 397, 36, 398, 3, -1, -0.3217505543966422, 3.1622776601683795
621, 75, 527, 141, 526, 140, 1, 1, 0.7853981633974483, 1.4142135623730951
622, 3, 419, 203, 418, 205, 1, -2, -1.1071487177940904, 2.23606797749979
622, 21, 378, 346, 377, 347, 1, -1, -0.7853981633974483, 1.4142135623730951
622, 34, 455, 215, 454, 220, 1, -5, -1.373400766945016, 5.0990195135927845
622, 37, 233, 384, 232, 385, 1, -1, -0.7853981633974483, 1.4142135623730951
622, 40, 123, 191, 122, 192, 1, -1, -0.7853981633974483, 1.4142135623730951
622, 42, 69, 221, 68, 222, 1, -1, -0.7853981633974483, 1.4142135623730951
622, 46, 534, 196, 532, 194, 2, 2, 0.7853981633974483, 2.8284271247461903
622, 49, 413, 262, 411, 263, 2, -1, -0.4636476090008061, 2.23606797749979
622, 57, 477, 151, 476, 152, 1, -1, -0.7853981633974483, 1.4142135623730951
622, 58, 240, 335, 242, 336, -2, -1, -2.677945044588987, 2.23606797749979
622, 60, 539, 211, 539, 209, 0, 2, 1.5707963267948966, 2.0
622, 62, 443, 200, 443, 202, 0, -2, -1.5707963267948966, 2.0
622, 68, 35, 360, 34, 361, 1, -1, -0.7853981633974483, 1.4142135623730951
622, 69, 41, 396, 39, 397, 2, -1, -0.4636476090008061, 2.23606797749979
622, 70, 528, 142, 527, 141, 1, 1, 0.7853981633974483, 1.4142135623730951
623, 2, 419, 201, 419, 203, 0, -2, -1.5707963267948966, 2.0
623, 19, 64, 209, 63, 210, 1, -1, -0.7853981633974483, 1.4142135623730951
623, 23, 127, 182, 124, 182, 3, 0, 0.0, 3.0
623, 24, 576, 201, 576, 203, 0, -2, -1.5707963267948966, 2.0
623, 32, 456, 211, 455, 215, 1, -4, -1.3258176636680326, 4.123105625617661
623, 34, 78, 183, 77, 184, 1, -1, -0.7853981633974483, 1.4142135623730951
623, 38, 124, 190, 123, 191, 1, -1, -0.7853981633974483, 1.4142135623730951
623, 39, 70, 220, 69, 221, 1, -1, -0.7853981633974483, 1.4142135623730951
623, 43, 536, 198, 534, 196, 2, 2, 0.7853981633974483, 2.8284271247461903
623, 46, 414, 260, 413, 262, 1, -2, -1.1071487177940904, 2.23606797749979
623, 55, 238, 336, 240, 335, -2, 1, 2.677945044588987, 2.23606797749979
623, 61, 130, 193, 129, 194, 1, -1, -0.7853981633974483, 1.4142135623730951
623, 67, 529, 144, 528, 142, 1, 2, 1.1071487177940904, 2.23606797749979
624, 16, 65, 210, 64, 209, 1, 1, 0.7853981633974483, 1.4142135623730951
624, 17, 377, 343, 378, 345, -1, -2, -2.0344439357957027, 2.23606797749979
624, 20, 129, 182, 127, 182, 2, 0, 0.0, 2.0
624, 21, 575, 199, 576, 201, -1, -2, -2.0344439357957027, 2.23606797749979
624, 24, 329, 341, 327, 342, 2, -1, -0.4636476090008061, 2.23606797749979
624, 31, 134, 331, 137, 329, -3, 2, 2.5535900500422257, 3.605551275463989
624, 33, 72, 219, 70, 220, 2, -1, -0.4636476090008061, 2.23606797749979
624, 37, 535, 199, 536, 198, -1, 1, 2.356194490192345, 1.4142135623730951
624, 39, 416, 258, 414, 260, 2, -2, -0.7853981633974483, 2.8284271247461903
624, 45, 478, 149, 477, 150, 1, -1, -0.7853981633974483, 1.4142135623730951
624, 46, 236, 336, 238, 336, -2, 0, 3.141592653589793, 2.0
624, 48, 535, 211, 538, 211, -3, 0, 3.141592653589793, 3.0
624, 50, 444, 198, 443, 199, 1, -1, -0.7853981633974483, 1.4142135623730951
624, 56, 37, 358, 36, 360, 1, -2, -1.1071487177940904, 2.23606797749979
624, 58, 530, 145, 529, 144, 1, 1, 0.7853981633974483, 1.4142135623730951
625, 4, 105, 245, 104, 246, 1, -1, -0.7853981633974483, 1.4142135623730951
625, 5, 420, 204, 420, 206, 0, -2, -1.5707963267948966, 2.0
625, 26, 374, 347, 373, 348, 1, -1, -0.7853981633974483, 1.4142135623730951
625, 39, 416, 211, 415, 213, 1, -2, -1.1071487177940904, 2.23606797749979
625, 43, 536, 203, 536, 200, 0, 3, 1.5707963267948966, 3.0
625, 49, 616, 329, 615, 328, 1, 1, 0.7853981633974483, 1.4142135623730951
625, 56, 49, 241, 48, 242, 1, -1, -0.7853981633974483, 1.4142135623730951
625, 64, 261, 352, 260, 353, 1, -1, -0.7853981633974483, 1.4142135623730951
625, 67, 230, 380, 229, 382, 1, -2, -1.1071487177940904, 2.23606797749979
625, 69, 600, 274, 598, 272, 2, 2, 0.7853981633974483, 2.8284271247461903
625, 79, 389, 263, 388, 266, 1, -3, -1.2490457723982544, 3.1622776601683795
625, 84, 403, 230, 402, 232, 1, -2, -1.1071487177940904, 2.23606797749979
625, 86, 406, 294, 405, 295, 1, -1, -0.7853981633974483, 1.4142135623730951
626, 16, 160, 415, 159, 416, 1, -1, -0.7853981633974483, 1.4142135623730951
626, 30, 13, 327, 14, 331, -1, -4, -1.8157749899217608, 4.123105625617661
626, 31, 374, 385, 373, 387, 1, -2, -1.1071487177940904, 2.23606797749979
626, 34, 416, 209, 416, 211, 0, -2, -1.5707963267948966, 2.0
626, 40, 323, 366, 322, 367, 1, -1, -0.7853981633974483, 1.4142135623730951
626, 47, 440, 177, 440, 179, 0, -2, -1.5707963267948966, 2.0
626, 60, 232, 379, 230, 380, 2, -1, -0.4636476090008061, 2.23606797749979
626, 62, 599, 276, 600, 274, -1, 2, 2.0344439357957027, 2.23606797749979
626, 66, 488, 132, 487, 133, 1, -1, -0.7853981633974483, 1.4142135623730951
626, 69, 470, 155, 469, 156, 1, -1, -0.7853981633974483, 1.4142135623730951
626, 72, 389, 261, 389, 263, 0, -2, -1.5707963267948966, 2.0
626, 77, 403, 228, 403, 230, 0, -2, -1.5707963267948966, 2.0
626, 79, 407, 293, 406, 294, 1, -1, -0.7853981633974483, 1.4142135623730951
627, 4, 421, 201, 420, 203, 1, -2, -1.1071487177940904, 2.23606797749979
627, 22, 375, 345, 374, 346, 1, -1, -0.7853981633974483, 1.4142135623730951
627, 26, 282, 401, 281, 402, 1, -1, -0.7853981633974483, 1.4142135623730951
627, 28, 375, 383, 374, 385, 1, -2, -1.1071487177940904, 2.23606797749979
627, 29, 138, 330, 140, 330, -2, 0, 3.141592653589793, 2.0
627, 31, 418, 208, 416, 209, 2, -1, -0.4636476090008061, 2.23606797749979
627, 36, 23, 409, 22, 410, 1, -1, -0.7853981633974483, 1.4142135623730951
627, 43, 14, 218, 15, 217, -1, 1, 2.356194490192345, 1.4142135623730951
627, 46, 188, 249, 187, 250, 1, -1, -0.7853981633974483, 1.4142135623730951
627, 54, 233, 378, 232, 379, 1, -1, -0.7853981633974483, 1.4142135623730951
627, 56, 600, 277, 599, 276, 1, 1, 0.7853981633974483, 1.4142135623730951
627, 66, 389, 258, 389, 261, 0, -3, -1.5707963267948966, 3.0
627, 70, 34, 286, 32, 286, 2, 0, 0.0, 2.0
627, 71, 404, 226, 403, 228, 1, -2, -1.1071487177940904, 2.23606797749979
627, 73, 407, 290, 407, 293, 0, -3, -1.5707963267948966, 3.0
628, 17, 27, 383, 29, 383, -2, 0, 3.141592653589793, 2.0
628, 19, 333, 342, 332, 343, 1, -1, -0.7853981633974483, 1.4142135623730951
628, 20, 376, 344, 375, 345, 1, -1, -0.7853981633974483, 1.4142135623730951
628, 26, 377, 382, 375, 383, 2, -1, -0.4636476090008061, 2.23606797749979
628, 27, 136, 329, 138, 330, -2, -1, -2.677945044588987, 2.23606797749979
628, 32, 537, 203, 536, 204, 1, -1, -0.7853981633974483, 1.4142135623730951
628, 37, 613, 330, 615, 329, -2, 1, 2.677945044588987, 2.23606797749979
628, 49, 234, 377, 233, 378, 1, -1, -0.7853981633974483, 1.4142135623730951
628, 51, 600, 279, 600, 277, 0, 2, 1.5707963267948966, 2.0
628, 55, 491, 131, 489, 132, 2, -1, -0.4636476090008061, 2.23606797749979
628, 61, 389, 255, 389, 258, 0, -3, -1.5707963267948966, 3.0
628, 64, 36, 286, 34, 286, 2, 0, 0.0, 2.0
628, 65, 404, 224, 404, 226, 0, -2, -1.5707963267948966, 2.0
628, 67, 408, 288, 407, 290, 1, -2, -1.1071487177940904, 2.23606797749979
629, 3, 422, 199, 421, 200, 1, -1, -0.7853981633974483, 1.4142135623730951
629, 13, 557, 240, 557, 238, 0, 2, 1.5707963267948966, 2.0
629, 14, 162, 414, 161, 415, 1, -1, -0.7853981633974483, 1.4142135623730951
629, 17, 28, 382, 27, 383, 1, -1, -0.7853981633974483, 1.4142135623730951
629, 26, 377, 380, 377, 382, 0, -2, -1.5707963267948966, 2.0
629, 27, 134, 328, 136, 329, -2, -1, -2.677945044588987, 2.23606797749979
629, 29, 419, 206, 418, 207, 1, -1, -0.7853981633974483, 1.4142135623730951
629, 33, 24, 407, 23, 408, 1, -1, -0.7853981633974483, 1.4142135623730951
629, 54, 142, 210, 141, 211, 1, -1, -0.7853981633974483, 1.4142135623730951
629, 55, 493, 130, 491, 131, 2, -1, -0.4636476090008061, 2.23606797749979
629, 58, 472, 153, 471, 154, 1, -1, -0.7853981633974483, 1.4142135623730951
629, 61, 389, 253, 389, 255, 0, -2, -1.5707963267948966, 2.0
629, 63, 63, 370, 62, 371, 1, -1, -0.7853981633974483, 1.4142135623730951
629, 64, 39, 285, 36, 286, 3, -1, -0.3217505543966422, 3.1622776601683795
629, 65, 405, 222, 404, 224, 1, -2, -1.1071487177940904, 2.23606797749979
629, 67, 410, 286, 408, 288, 2, -2, -0.7853981633974483, 2.8284271247461903
630, 12, 512, 172, 512, 169, 0, 3, 1.5707963267948966, 3.0
630, 23, 546, 220, 546, 218, 0, 2, 1.5707963267948966, 2.0
630, 29, 578, 214, 576, 211, 2, 3, 0.982793723247329, 3.605551275463989
630, 31, 161, 415, 160, 416, 1, -1, -0.7853981633974483, 1.4142135623730951
630, 33, 333, 343, 332, 344, 1, -1, -0.7853981633974483, 1.4142135623730951
630, 39, 169, 196, 168, 197, 1, -1, -0.7853981633974483, 1.4142135623730951
630, 41, 141, 256, 142, 258, -1, -2, -2.0344439357957027, 2.23606797749979
630, 47, 50, 236, 51, 238, -1, -2, -2.0344439357957027, 2.23606797749979
630, 48, 156, 374, 158, 373, -2, 1, 2.677945044588987, 2.23606797749979
630, 57, 85, 404, 84, 405, 1, -1, -0.7853981633974483, 1.4142135623730951
630, 59, 407, 226, 406, 228, 1, -2, -1.1071487177940904, 2.23606797749979
630, 60, 125, 315, 125, 317, 0, -2, -1.5707963267948966, 2.0
630, 65, 7, 344, 6, 345, 1, -1, -0.7853981633974483, 1.4142135623730951
630, 66, 484, 134, 482, 135, 2, -1, -0.4636476090008061, 2.23606797749979
630, 67, 379, 384, 377, 386, 2, -2, -0.7853981633974483, 2.8284271247461903
630, 69, 536, 149, 535, 148, 1, 1, 0.7853981633974483, 1.4142135623730951
631, 9, 512, 174, 512, 172, 0, 2, 1.5707963267948966, 2.0
631, 19, 424, 199, 423, 201, 1, -2, -1.1071487177940904, 2.23606797749979
631, 20, 545, 221, 546, 220, -1, 1, 2.356194490192345, 1.4142135623730951
631, 27, 162, 414, 161, 415, 1, -1, -0.7853981633974483, 1.4142135623730951
631, 29, 335, 343, 333, 343, 2, 0, 0.0, 2.0
631, 32, 261, 327, 260, 328, 1, -1, -0.7853981633974483, 1.4142135623730951
631, 34, 16, 226, 15, 227, 1, -1, -0.7853981633974483, 1.4142135623730951
631, 44, 186, 176, 185, 177, 1, -1, -0.7853981633974483, 1.4142135623730951
631, 51, 407, 223, 407, 226, 0, -3, -1.5707963267948966, 3.0
631, 58, 486, 133, 484, 134, 2, -1, -0.4636476090008061, 2.23606797749979
631, 59, 380, 383, 379, 384, 1, -1, -0.7853981633974483, 1.4142135623730951
631, 61, 537, 150, 536, 149, 1, 1, 0.7853981633974483, 1.4142135623730951
631, 64, 69, 183, 68, 184, 1, -1, -0.7853981633974483, 1.4142135623730951
631, 68, 233, 384, 232, 385, 1, -1, -0.7853981633974483, 1.4142135623730951
632, 19, 544, 222, 545, 221, -1, 1, 2.356194490192345, 1.4142135623730951
632, 23, 128, 410, 127, 411, 1, -1, -0.7853981633974483, 1.4142135623730951
632, 25, 163, 413, 162, 414, 1, -1, -0.7853981633974483, 1.4142135623730951
632, 27, 336, 342, 335, 343, 1, -1, -0.7853981633974483, 1.4142135623730951
632, 33, 170, 195, 169, 196, 1, -1, -0.7853981633974483, 1.4142135623730951
632, 55, 8, 343, 7, 344, 1, -1, -0.7853981633974483, 1.4142135623730951
632, 56, 488, 132, 486, 133, 2, -1, -0.4636476090008061, 2.23606797749979
632, 57, 381, 382, 380, 383, 1, -1, -0.7853981633974483, 1.4142135623730951
632, 64, 32, 353, 34, 352, -2, 1, 2.677945044588987, 2.23606797749979
633, 4, 157, 235, 155, 236, 2, -1, -0.4636476090008061, 2.23606797749979
633, 7, 512, 179, 512, 175, 0, 4, 1.5707963267948966, 4.0
633, 12, 335, 331, 334, 332, 1, -1, -0.7853981633974483, 1.4142135623730951
633, 17, 425, 196, 424, 198, 1, -2, -1.1071487177940904, 2.23606797749979
633, 18, 543, 223, 544, 222, -1, 1, 2.356194490192345, 1.4142135623730951
633, 35, 78, 411, 77, 412, 1, -1, -0.7853981633974483, 1.4142135623730951
633, 47, 408, 220, 407, 222, 1, -2, -1.1071487177940904, 2.23606797749979
633, 54, 489, 131, 488, 132, 1, -1, -0.7853981633974483, 1.4142135623730951
633, 55, 383, 380, 381, 382, 2, -2, -0.7853981633974483, 2.8284271247461903
633, 65, 263, 350, 262, 351, 1, -1, -0.7853981633974483, 1.4142135623730951
634, 7, 513, 183, 512, 179, 1, 4, 1.3258176636680326, 4.123105625617661
634, 17, 425, 194, 425, 196, 0, -2, -1.5707963267948966, 2.0
634, 19, 204, 343, 203, 342, 1, 1, 0.7853981633974483, 1.4142135623730951
634, 24, 164, 412, 163, 413, 1, -1, -0.7853981633974483, 1.4142135623730951
634, 42, 132, 186, 131, 187, 1, -1, -0.7853981633974483, 1.4142135623730951
634, 46, 408, 218, 408, 220, 0, -2, -1.5707963267948966, 2.0
634, 52, 491, 131, 489, 131, 2, 0, 0.0, 2.0
634, 53, 384, 379, 383, 380, 1, -1, -0.7853981633974483, 1.4142135623730951
634, 60, 29, 353, 31, 353, -2, 0, 3.141592653589793, 2.0
635, 10, 252, 339, 254, 338, -2, 1, 2.677945044588987, 2.23606797749979
635, 15, 583, 210, 581, 209, 2, 1, 0.4636476090008061, 2.23606797749979
635, 16, 425, 197, 425, 199, 0, -2, -1.5707963267948966, 2.0
635, 18, 19, 226, 18, 227, 1, -1, -0.7853981633974483, 1.4142135623730951
635, 22, 383, 347, 382, 349, 1, -2, -1.1071487177940904, 2.23606797749979
635, 25, 332, 337, 331, 338, 1, -1, -0.7853981633974483, 1.4142135623730951
635, 27, 382, 381, 381, 383, 1, -2, -1.1071487177940904, 2.23606797749979
635, 28, 338, 344, 337, 345, 1, -1, -0.7853981633974483, 1.4142135623730951
635, 36, 324, 369, 323, 370, 1, -1, -0.7853981633974483, 1.4142135623730951
635, 37, 165, 414, 164, 415, 1, -1, -0.7853981633974483, 1.4142135623730951
635, 38, 288, 401, 287, 402, 1, -1, -0.7853981633974483, 1.4142135623730951
635, 41, 229, 299, 227, 299, 2, 0, 0.0, 2.0
635, 45, 487, 149, 485, 150, 2, -1, -0.4636476090008061, 2.23606797749979
635, 48, 567, 253, 565, 252, 2, 1, 0.4636476090008061, 2.23606797749979
635, 53, 258, 327, 262, 329, -4, -2, -2.677945044588987, 4.47213595499958
635, 57, 537, 216, 536, 214, 1, 2, 1.1071487177940904, 2.23606797749979
635, 67, 454, 196, 454, 198, 0, -2, -1.5707963267948966, 2.0
635, 77, 554, 219, 553, 218, 1, 1, 0.7853981633974483, 1.4142135623730951
635, 84, 483, 155, 481, 156, 2, -1, -0.4636476090008061, 2.23606797749979
635, 89, 445, 271, 445, 274, 0, -3, -1.5707963267948966, 3.0
635, 90, 418, 319, 418, 321, 0, -2, -1.5707963267948966, 2.0
635, 91, 262, 396, 261, 397, 1, -1, -0.7853981633974483, 1.4142135623730951
635, 95, 391, 255, 391, 257, 0, -2, -1.5707963267948966, 2.0
636, 6, 583, 222, 583, 224, 0, -2, -1.5707963267948966, 2.0
636, 8, 216, 186, 215, 187, 1, -1, -0.7853981633974483, 1.4142135623730951
636, 12, 584, 213, 583, 210, 1, 3, 1.2490457723982544, 3.1622776601683795
636, 13, 424, 193, 425, 197, -1, -4, -1.8157749899217608, 4.123105625617661
636, 19, 385, 345, 383, 347, 2, -2, -0.7853981633974483, 2.8284271247461903
636, 22, 333, 336, 332, 337, 1, -1, -0.7853981633974483, 1.4142135623730951
636, 23, 383, 379, 382, 381, 1, -2, -1.1071487177940904, 2.23606797749979
636, 24, 339, 343, 338, 344, 1, -1, -0.7853981633974483, 1.4142135623730951
636, 30, 325, 368, 324, 369, 1, -1, -0.7853981633974483, 1.4142135623730951
636, 31, 166, 413, 165, 414, 1, -1, -0.7853981633974483, 1.4142135623730951
636, 32, 289, 400, 288, 401, 1, -1, -0.7853981633974483, 1.4142135623730951
636, 33, 74, 280, 73, 281, 1, -1, -0.7853981633974483, 1.4142135623730951
636, 35, 226, 298, 229, 299, -3, -1, -2.819842099193151, 3.1622776601683795
636, 39, 488, 148, 487, 149, 1, -1, -0.7853981633974483, 1.4142135623730951
636, 43, 340, 332, 339, 333, 1, -1, -0.7853981633974483, 1.4142135623730951
636, 47, 441, 171, 441, 173, 0, -2, -1.5707963267948966, 2.0
636, 48, 123, 380, 122, 381, 1, -1, -0.7853981633974483, 1.4142135623730951
636, 49, 540, 217, 537, 216, 3, 1, 0.3217505543966422, 3.1622776601683795
636, 50, 139, 351, 141, 351, -2, 0, 3.141592653589793, 2.0
636, 59, 455, 195, 454, 196, 1, -1, -0.7853981633974483, 1.4142135623730951
636, 68, 555, 220, 554, 219, 1, 1, 0.7853981633974483, 1.4142135623730951
636, 75, 485, 154, 483, 155, 2, -1, -0.4636476090008061, 2.23606797749979
636, 79, 195, 407, 194, 408, 1, -1, -0.7853981633974483, 1.4142135623730951
636, 80, 445, 268, 445, 271, 0, -3, -1.5707963267948966, 3.0
636, 81, 418, 317, 418, 319, 0, -2, -1.5707963267948966, 2.0
636, 83, 492, 132, 493, 134, -1, -2, -2.0344439357957027, 2.23606797749979
636, 84, 340, 384, 339, 385, 1, -1, -0.7853981633974483, 1.4142135623730951
636, 85, 81, 408, 80, 412, 1, -4, -1.3258176636680326, 4.123105625617661
636, 86, 392, 253, 391, 255, 1, -2, -1.1071487177940904, 2.23606797749979
637, 6, 582, 220, 583, 222, -1, -2, -2.0344439357957027, 2.23606797749979
637, 12, 585, 216, 584, 213, 1, 3, 1.2490457723982544, 3.1622776601683795
637, 13, 425, 191, 424, 193, 1, -2, -1.1071487177940904, 2.23606797749979
637, 19, 386, 343, 385, 345, 1, -2, -1.1071487177940904, 2.23606797749979
637, 22, 334, 335, 333, 336, 1, -1, -0.7853981633974483, 1.4142135623730951
637, 23, 384, 377, 383, 379, 1, -2, -1.1071487177940904, 2.23606797749979
637, 24, 340, 341, 339, 343, 1, -2, -1.1071487177940904, 2.23606797749979
637, 30, 327, 367, 325, 368, 2, -1, -0.4636476090008061, 2.23606797749979
637, 31, 167, 412, 166, 413, 1, -1, -0.7853981633974483, 1.4142135623730951
637, 39, 490, 147, 488, 148, 2, -1, -0.4636476090008061, 2.23606797749979
637, 41, 567, 256, 567, 254, 0, 2, 1.5707963267948966, 2.0
637, 43, 341, 331, 340, 332, 1, -1, -0.7853981633974483, 1.4142135623730951
637, 46, 441, 169, 441, 171, 0, -2, -1.5707963267948966, 2.0
637, 49, 354, 368, 353, 369, 1, -1, -0.7853981633974483, 1.4142135623730951
637, 56, 455, 193, 455, 195, 0, -2, -1.5707963267948966, 2.0
637, 64, 555, 222, 555, 220, 0, 2, 1.5707963267948966, 2.0
637, 70, 486, 153, 485, 154, 1, -1, -0.7853981633974483, 1.4142135623730951
637, 73, 189, 171, 187, 172, 2, -1, -0.4636476090008061, 2.23606797749979
637, 75, 445, 266, 445, 268, 0, -2, -1.5707963267948966, 2.0
637, 76, 419, 314, 418, 317, 1, -3, -1.2490457723982544, 3.1622776601683795
637, 78, 341, 383, 340, 384, 1, -1, -0.7853981633974483, 1.4142135623730951
637, 80, 392, 251, 392, 253, 0, -2, -1.5707963267948966, 2.0
638, 6, 581, 217, 582, 220, -1, -3, -1.892546881191539, 3.1622776601683795
638, 11, 585, 219, 585, 216, 0, 3, 1.5707963267948966, 3.0
638, 12, 425, 189, 425, 191, 0, -2, -1.5707963267948966, 2.0
638, 16, 137, 189, 136, 190, 1, -1, -0.7853981633974483, 1.4142135623730951
638, 18, 387, 342, 386, 343, 1, -1, -0.7853981633974483, 1.4142135623730951
638, 20, 101, 318, 102, 317, -1, 1, 2.356194490192345, 1.4142135623730951
638, 21, 336, 334, 334, 335, 2, -1, -0.4636476090008061, 2.23606797749979
638, 22, 385, 375, 384, 377, 1, -2, -1.1071487177940904, 2.23606797749979
638, 23, 341, 339, 340, 341, 1, -2, -1.1071487177940904, 2.23606797749979
638, 25, 130, 411, 129, 412, 1, -1, -0.7853981633974483, 1.4142135623730951
638, 30, 168, 411, 167, 412, 1, -1, -0.7853981633974483, 1.4142135623730951
638, 31, 291, 399, 290, 400, 1, -1, -0.7853981633974483, 1.4142135623730951
638, 36, 266, 350, 265, 351, 1, -1, -0.7853981633974483, 1.4142135623730951
638, 40, 568, 258, 567, 256, 1, 2, 1.1071487177940904, 2.23606797749979
638, 41, 31, 379, 33, 380, -2, -1, -2.677945044588987, 2.23606797749979
638, 43, 458, 222, 459, 221, -1, 1, 2.356194490192345, 1.4142135623730951
638, 48, 355, 367, 354, 368, 1, -1, -0.7853981633974483, 1.4142135623730951
638, 54, 59, 238, 61, 238, -2, 0, 3.141592653589793, 2.0
638, 62, 211, 372, 210, 373, 1, -1, -0.7853981633974483, 1.4142135623730951
638, 63, 555, 224, 555, 222, 0, 2, 1.5707963267948966, 2.0
638, 73, 196, 406, 195, 407, 1, -1, -0.7853981633974483, 1.4142135623730951
638, 75, 420, 312, 419, 314, 1, -2, -1.1071487177940904, 2.23606797749979
638, 77, 342, 381, 341, 383, 1, -2, -1.1071487177940904, 2.23606797749979
638, 79, 392, 249, 392, 251, 0, -2, -1.5707963267948966, 2.0
639, 5, 228, 188, 227, 187, 1, 1, 0.7853981633974483, 1.4142135623730951
639, 6, 581, 215, 581, 217, 0, -2, -1.5707963267948966, 2.0
639, 16, 140, 189, 137, 189, 3, 0, 0.0, 3.0
639, 18, 388, 340, 387, 342, 1, -2, -1.1071487177940904, 2.23606797749979
639, 20, 338, 332, 336, 334, 2, -2, -0.7853981633974483, 2.8284271247461903
639, 21, 386, 372, 385, 375, 1, -3, -1.2490457723982544, 3.1622776601683795
639, 22, 342, 338, 341, 339, 1, -1, -0.7853981633974483, 1.4142135623730951
639, 29, 169, 410, 168, 411, 1, -1, -0.7853981633974483, 1.4142135623730951
639, 30, 292, 398, 291, 399, 1, -1, -0.7853981633974483, 1.4142135623730951
639, 34, 43, 367, 39, 368, 4, -1, -0.24497866312686414, 4.123105625617661
639, 35, 267, 349, 266, 350, 1, -1, -0.7853981633974483, 1.4142135623730951
639, 37, 493, 146, 491, 147, 2, -1, -0.4636476090008061, 2.23606797749979
639, 39, 569, 259, 568, 258, 1, 1, 0.7853981633974483, 1.4142135623730951
639, 44, 439, 167, 441, 168, -2, -1, -2.677945044588987, 2.23606797749979
639, 47, 356, 365, 355, 367, 1, -2, -1.1071487177940904, 2.23606797749979
639, 49, 78, 227, 75, 227, 3, 0, 0.0, 3.0
639, 52, 53, 348, 50, 349, 3, -1, -0.3217505543966422, 3.1622776601683795
639, 53, 60, 239, 59, 238, 1, 1, 0.7853981633974483, 1.4142135623730951
639, 62, 555, 226, 555, 224, 0, 2, 1.5707963267948966, 2.0
639, 68, 487, 151, 486, 152, 1, -1, -0.7853981633974483, 1.4142135623730951
639, 73, 421, 310, 420, 312, 1, -2, -1.1071487177940904, 2.23606797749979
639, 75, 343, 380, 342, 381, 1, -1, -0.7853981633974483, 1.4142135623730951
639, 77, 392, 247, 392, 249, 0, -2, -1.5707963267948966, 2.0
640, 0, 301, 220, 299, 221, 2, -1, -0.4636476090008061, 2.23606797749979
640, 14, 427, 194, 426, 195, 1, -1, -0.7853981633974483, 1.4142135623730951
640, 20, 582, 219, 583, 221, -1, -2, -2.0344439357957027, 2.23606797749979
640, 21, 291, 403, 290, 404, 1, -1, -0.7853981633974483, 1.4142135623730951
640, 22, 141, 330, 143, 331, -2, -1, -2.677945044588987, 2.23606797749979
640, 23, 168, 414, 167, 415, 1, -1, -0.7853981633974483, 1.4142135623730951
640, 25, 343, 341, 342, 342, 1, -1, -0.7853981633974483, 1.4142135623730951
640, 38, 338, 336, 336, 337, 2, -1, -0.4636476090008061, 2.23606797749979
640, 51, 132, 412, 131, 413, 1, -1, -0.7853981633974483, 1.4142135623730951
640, 55, 442, 170, 442, 172, 0, -2, -1.5707963267948966, 2.0
640, 58, 448, 269, 448, 271, 0, -2, -1.5707963267948966, 2.0
640, 59, 395, 249, 395, 252, 0, -3, -1.5707963267948966, 3.0
640, 64, 386, 376, 385, 378, 1, -2, -1.1071487177940904, 2.23606797749979
640, 65, 390, 335, 388, 337, 2, -2, -0.7853981633974483, 2.8284271247461903
640, 68, 569, 199, 567, 197, 2, 2, 0.7853981633974483, 2.8284271247461903
640, 71, 453, 146, 453, 148, 0, -2, -1.5707963267948966, 2.0
640, 72, 346, 390, 345, 391, 1, -1, -0.7853981633974483, 1.4142135623730951
640, 73, 342, 331, 341, 332, 1, -1, -0.7853981633974483, 1.4142135623730951
641, 19, 581, 217, 582, 219, -1, -2, -2.0344439357957027, 2.23606797749979
641, 21, 138, 329, 141, 330, -3, -1, -2.819842099193151, 3.1622776601683795
641, 24, 344, 340, 343, 341, 1, -1, -0.7853981633974483, 1.4142135623730951
641, 37, 340, 335, 338, 336, 2, -1, -0.4636476090008061, 2.23606797749979
641, 41, 493, 148, 491, 149, 2, -1, -0.4636476090008061, 2.23606797749979
641, 45, 22, 225, 21, 226, 1, -1, -0.7853981633974483, 1.4142135623730951
641, 46, 546, 228, 547, 227, -1, 1, 2.356194490192345, 1.4142135623730951
641, 54, 442, 168, 442, 170, 0, -2, -1.5707963267948966, 2.0
641, 57, 447, 266, 448, 269, -1, -3, -1.892546881191539, 3.1622776601683795
641, 58, 396, 247, 395, 249, 1, -2, -1.1071487177940904, 2.23606797749979
641, 63, 387, 375, 386, 376, 1, -1, -0.7853981633974483, 1.4142135623730951
641, 64, 391, 333, 390, 335, 1, -2, -1.1071487177940904, 2.23606797749979
641, 72, 343, 330, 342, 331, 1, -1, -0.7853981633974483, 1.4142135623730951
642, 11, 427, 191, 427, 193, 0, -2, -1.5707963267948966, 2.0
642, 16, 580, 215, 581, 217, -1, -2, -2.0344439357957027, 2.23606797749979
642, 18, 169, 413, 168, 414, 1, -1, -0.7853981633974483, 1.4142135623730951
642, 22, 454, 189, 454, 191, 0, -2, -1.5707963267948966, 2.0
642, 28, 56, 210, 55, 211, 1, -1, -0.7853981633974483, 1.4142135623730951
642, 31, 341, 334, 340, 335, 1, -1, -0.7853981633974483, 1.4142135623730951
642, 35, 494, 147, 493, 148, 1, -1, -0.7853981633974483, 1.4142135623730951
642, 44, 133, 411, 132, 412, 1, -1, -0.7853981633974483, 1.4142135623730951
642, 48, 442, 166, 442, 168, 0, -2, -1.5707963267948966, 2.0
642, 51, 449, 263, 447, 266, 2, -3, -0.982793723247329, 3.605551275463989
642, 52, 397, 244, 396, 247, 1, -3, -1.2490457723982544, 3.1622776601683795
642, 53, 191, 175, 190, 176, 1, -1, -0.7853981633974483, 1.4142135623730951
642, 57, 388, 373, 387, 375, 1, -2, -1.1071487177940904, 2.23606797749979
642, 58, 392, 330, 391, 333, 1, -3, -1.2490457723982544, 3.1622776601683795
642, 61, 568, 202, 569, 200, -1, 2, 2.0344439357957027, 2.23606797749979
642, 64, 454, 143, 453, 145, 1, -2, -1.1071487177940904, 2.23606797749979
642, 65, 347, 388, 346, 389, 1, -1, -0.7853981633974483, 1.4142135623730951
642, 66, 344, 331, 343, 330, 1, 1, 0.7853981633974483, 1.4142135623730951
643, 12, 271, 328, 270, 327, 1, 1, 0.7853981633974483, 1.4142135623730951
643, 17, 170, 412, 169, 413, 1, -1, -0.7853981633974483, 1.4142135623730951
643, 19, 345, 338, 344, 339, 1, -1, -0.7853981633974483, 1.4142135623730951
643, 30, 342, 332, 341, 334, 1, -2, -1.1071487177940904, 2.23606797749979
643, 48, 449, 261, 449, 263, 0, -2, -1.5707963267948966, 2.0
643, 49, 397, 241, 397, 244, 0, -3, -1.5707963267948966, 3.0
643, 53, 389, 371, 388, 373, 1, -2, -1.1071487177940904, 2.23606797749979
643, 54, 393, 327, 392, 330, 1, -3, -1.2490457723982544, 3.1622776601683795
643, 60, 348, 387, 347, 388, 1, -1, -0.7853981633974483, 1.4142135623730951
643, 61, 345, 329, 344, 331, 1, -2, -1.1071487177940904, 2.23606797749979
644, 11, 427, 188, 427, 190, 0, -2, -1.5707963267948966, 2.0
644, 14, 126, 239, 125, 240, 1, -1, -0.7853981633974483, 1.4142135623730951
644, 15, 580, 220, 580, 215, 0, 5, 1.5707963267948966, 5.0
644, 19, 346, 336, 345, 338, 1, -2, -1.1071487177940904, 2.23606797749979
644, 44, 441, 163, 442, 165, -1, -2, -2.0344439357957027, 2.23606797749979
644, 46, 451, 259, 449, 261, 2, -2, -0.7853981633974483, 2.8284271247461903
644, 51, 390, 369, 389, 371, 1, -2, -1.1071487177940904, 2.23606797749979
644, 52, 394, 325, 393, 327, 1, -2, -1.1071487177940904, 2.23606797749979
644, 57, 455, 140, 454, 142, 1, -2, -1.1071487177940904, 2.23606797749979
644, 59, 346, 328, 345, 329, 1, -1, -0.7853981633974483, 1.4142135623730951
645, 11, 171, 414, 170, 415, 1, -1, -0.7853981633974483, 1.4142135623730951
645, 15, 57, 242, 56, 243, 1, -1, -0.7853981633974483, 1.4142135623730951
645, 22, 346, 338, 345, 339, 1, -1, -0.7853981633974483, 1.4142135623730951
645, 27, 294, 400, 293, 401, 1, -1, -0.7853981633974483, 1.4142135623730951
645, 35, 396, 332, 395, 334, 1, -2, -1.1071487177940904, 2.23606797749979
645, 36, 25, 226, 24, 227, 1, -1, -0.7853981633974483, 1.4142135623730951
645, 40, 548, 160, 547, 159, 1, 1, 0.7853981633974483, 1.4142135623730951
645, 41, 225, 298, 224, 300, 1, -2, -1.1071487177940904, 2.23606797749979
645, 42, 591, 232, 592, 234, -1, -2, -2.0344439357957027, 2.23606797749979
645, 45, 177, 216, 176, 219, 1, -3, -1.2490457723982544, 3.1622776601683795
645, 54, 496, 149, 495, 150, 1, -1, -0.7853981633974483, 1.4142135623730951
645, 55, 348, 389, 347, 390, 1, -1, -0.7853981633974483, 1.4142135623730951
645, 59, 377, 273, 376, 275, 1, -2, -1.1071487177940904, 2.23606797749979
645, 61, 193, 174, 192, 175, 1, -1, -0.7853981633974483, 1.4142135623730951
645, 64, 9, 204, 8, 205, 1, -1, -0.7853981633974483, 1.4142135623730951
645, 78, 426, 310, 425, 313, 1, -3, -1.2490457723982544, 3.1622776601683795
645, 83, 14, 352, 13, 353, 1, -1, -0.7853981633974483, 1.4142135623730951
645, 85, 420, 194, 419, 197, 1, -3, -1.2490457723982544, 3.1622776601683795
645, 86, 558, 230, 557, 229, 1, 1, 0.7853981633974483, 1.4142135623730951
646, 11, 172, 413, 171, 414, 1, -1, -0.7853981633974483, 1.4142135623730951
646, 22, 347, 337, 346, 338, 1, -1, -0.7853981633974483, 1.4142135623730951
646, 31, 285, 323, 284, 324, 1, -1, -0.7853981633974483, 1.4142135623730951
646, 34, 397, 330, 396, 332, 1, -2, -1.1071487177940904, 2.23606797749979
646, 38, 390, 373, 389, 374, 1, -1, -0.7853981633974483, 1.4142135623730951
646, 41, 592, 234, 591, 232, 1, 2, 1.1071487177940904, 2.23606797749979
646, 54, 349, 388, 348, 389, 1, -1, -0.7853981633974483, 1.4142135623730951
646, 63, 9, 202, 9, 204, 0, -2, -1.5707963267948966, 2.0
646, 71, 456, 141, 455, 142, 1, -1, -0.7853981633974483, 1.4142135623730951
646, 72, 441, 165, 442, 167, -1, -2, -2.0344439357957027, 2.23606797749979
646, 75, 427, 308, 426, 310, 1, -2, -1.1071487177940904, 2.23606797749979
646, 81, 420, 192, 420, 194, 0, -2, -1.5707963267948966, 2.0
646, 82, 558, 232, 558, 230, 0, 2, 1.5707963267948966, 2.0
647, 13, 58, 240, 57, 241, 1, -1, -0.7853981633974483, 1.4142135623730951
647, 18, 428, 188, 428, 190, 0, -2, -1.5707963267948966, 2.0
647, 20, 348, 335, 347, 337, 1, -2, -1.1071487177940904, 2.23606797749979
647, 25, 295, 398, 294, 399, 1, -1, -0.7853981633974483, 1.4142135623730951
647, 32, 397, 328, 397, 330, 0, -2, -1.5707963267948966, 2.0
647, 33, 26, 225, 25, 226, 1, -1, -0.7853981633974483, 1.4142135623730951
647, 36, 391, 371, 390, 373, 1, -2, -1.1071487177940904, 2.23606797749979
647, 37, 549, 162, 548, 161, 1, 1, 0.7853981633974483, 1.4142135623730951
647, 39, 593, 236, 592, 234, 1, 2, 1.1071487177940904, 2.23606797749979
647, 55, 377, 270, 377, 272, 0, -2, -1.5707963267948966, 2.0
647, 57, 194, 172, 193, 173, 1, -1, -0.7853981633974483, 1.4142135623730951
647, 63, 545, 223, 547, 224, -2, -1, -2.677945044588987, 2.23606797749979
647, 67, 457, 139, 456, 141, 1, -2, -1.1071487177940904, 2.23606797749979
647, 69, 484, 147, 483, 148, 1, -1, -0.7853981633974483, 1.4142135623730951
647, 71, 427, 305, 427, 308, 0, -3, -1.5707963267948966, 3.0
647, 75, 15, 351, 14, 352, 1, -1, -0.7853981633974483, 1.4142135623730951
647, 77, 419, 190, 420, 192, -1, -2, -2.0344439357957027, 2.23606797749979
647, 78, 559, 233, 558, 232, 1, 1, 0.7853981633974483, 1.4142135623730951
648, 10, 173, 412, 172, 413, 1, -1, -0.7853981633974483, 1.4142135623730951
648, 13, 59, 239, 58, 240, 1, -1, -0.7853981633974483, 1.4142135623730951
648, 18, 427, 186, 428, 188, -1, -2, -2.0344439357957027, 2.23606797749979
648, 23, 149, 258, 148, 259, 1, -1, -0.7853981633974483, 1.4142135623730951
648, 29, 286, 324, 285, 323, 1, 1, 0.7853981633974483, 1.4142135623730951
648, 32, 397, 325, 397, 328, 0, -3, -1.5707963267948966, 3.0
648, 36, 392, 370, 391, 371, 1, -1, -0.7853981633974483, 1.4142135623730951
648, 37, 550, 163, 549, 162, 1, 1, 0.7853981633974483, 1.4142135623730951
648, 38, 593, 238, 593, 236, 0, 2, 1.5707963267948966, 2.0
648, 54, 378, 268, 377, 270, 1, -2, -1.1071487177940904, 2.23606797749979
648, 67, 441, 162, 441, 164, 0, -2, -1.5707963267948966, 2.0
648, 68, 486, 146, 484, 147, 2, -1, -0.4636476090008061, 2.23606797749979
648, 70, 427, 302, 427, 305, 0, -3, -1.5707963267948966, 3.0
648, 74, 15, 349, 15, 351, 0, -2, -1.5707963267948966, 2.0
648, 76, 419, 188, 419, 190, 0, -2, -1.5707963267948966, 2.0
649, 11, 125, 380, 124, 381, 1, -1, -0.7853981633974483, 1.4142135623730951
649, 14, 143, 183, 142, 184, 1, -1, -0.7853981633974483, 1.4142135623730951
649, 24, 296, 396, 295, 397, 1, -1, -0.7853981633974483, 1.4142135623730951
649, 25, 142, 192, 141, 193, 1, -1, -0.7853981633974483, 1.4142135623730951
649, 28, 287, 323, 286, 324, 1, -1, -0.7853981633974483, 1.4142135623730951
649, 31, 397, 323, 397, 325, 0, -2, -1.5707963267948966, 2.0
649, 32, 27, 224, 26, 225, 1, -1, -0.7853981633974483, 1.4142135623730951
649, 35, 393, 369, 392, 370, 1, -1, -0.7853981633974483, 1.4142135623730951
649, 37, 593, 241, 593, 238, 0, 3, 1.5707963267948966, 3.0
649, 46, 499, 148, 498, 149, 1, -1, -0.7853981633974483, 1.4142135623730951
649, 51, 379, 266, 378, 268, 1, -2, -1.1071487177940904, 2.23606797749979
649, 58, 543, 221, 545, 222, -2, -1, -2.677945044588987, 2.23606797749979
649, 62, 458, 136, 457, 138, 1, -2, -1.1071487177940904, 2.23606797749979
649, 64, 489, 146, 486, 146, 3, 0, 0.0, 3.0
649, 65, 245, 215, 244, 216, 1, -1, -0.7853981633974483, 1.4142135623730951
649, 66, 427, 300, 427, 302, 0, -2, -1.5707963267948966, 2.0
649, 71, 420, 185, 419, 188, 1, -3, -1.2490457723982544, 3.1622776601683795
649, 72, 560, 235, 559, 234, 1, 1, 0.7853981633974483, 1.4142135623730951
650, 12, 592, 244, 590, 241, 2, 3, 0.982793723247329, 3.605551275463989
650, 16, 557, 240, 557, 238, 0, 2, 1.5707963267948966, 2.0
650, 18, 174, 414, 173, 415, 1, -1, -0.7853981633974483, 1.4142135623730951
650, 22, 17, 323, 16, 324, 1, -1, -0.7853981633974483, 1.4142135623730951
650, 25, 350, 336, 349, 337, 1, -1, -0.7853981633974483, 1.4142135623730951
650, 26, 59, 239, 58, 240, 1, -1, -0.7853981633974483, 1.4142135623730951
650, 35, 589, 227, 590, 229, -1, -2, -2.0344439357957027, 2.23606797749979
650, 36, 273, 401, 272, 402, 1, -1, -0.7853981633974483, 1.4142135623730951
650, 37, 285, 330, 284, 331, 1, -1, -0.7853981633974483, 1.4142135623730951
650, 38, 429, 187, 429, 189, 0, -2, -1.5707963267948966, 2.0
650, 42, 511, 140, 509, 141, 2, -1, -0.4636476090008061, 2.23606797749979
650, 50, 421, 243, 420, 245, 1, -2, -1.1071487177940904, 2.23606797749979
650, 51, 294, 403, 293, 404, 1, -1, -0.7853981633974483, 1.4142135623730951
650, 52, 144, 329, 145, 328, -1, 1, 2.356194490192345, 1.4142135623730951
650, 54, 87, 275, 86, 276, 1, -1, -0.7853981633974483, 1.4142135623730951
650, 59, 98, 402, 97, 403, 1, -1, -0.7853981633974483, 1.4142135623730951
650, 60, 351, 328, 351, 330, 0, -2, -1.5707963267948966, 2.0
650, 65, 568, 211, 566, 211, 2, 0, 0.0, 2.0
650, 68, 457, 209, 458, 213, -1, -4, -1.8157749899217608, 4.123105625617661
650, 80, 394, 370, 393, 372, 1, -2, -1.1071487177940904, 2.23606797749979
650, 81, 429, 301, 429, 303, 0, -2, -1.5707963267948966, 2.0
650, 85, 251, 201, 250, 202, 1, -1, -0.7853981633974483, 1.4142135623730951
650, 87, 572, 262, 572, 260, 0, 2, 1.5707963267948966, 2.0
650, 91, 328, 359, 328, 361, 0, -2, -1.5707963267948966, 2.0
650, 94, 420, 269, 420, 271, 0, -2, -1.5707963267948966, 2.0
650, 95, 611, 300, 610, 298, 1, 2, 1.1071487177940904, 2.23606797749979
651, 12, 593, 245, 592, 244, 1, 1, 0.7853981633974483, 1.4142135623730951
651, 16, 556, 241, 557, 240, -1, 1, 2.356194490192345, 1.4142135623730951
651, 21, 18, 322, 17, 323, 1, -1, -0.7853981633974483, 1.4142135623730951
651, 33, 588, 225, 589, 227, -1, -2, -2.0344439357957027, 2.23606797749979
651, 40, 512, 139, 511, 140, 1, -1, -0.7853981633974483, 1.4142135623730951
651, 43, 136, 219, 135, 218, 1, 1, 0.7853981633974483, 1.4142135623730951
651, 48, 422, 240, 421, 243, 1, -3, -1.2490457723982544, 3.1622776601683795
651, 49, 295, 402, 294, 403, 1, -1, -0.7853981633974483, 1.4142135623730951
651, 50, 145, 328, 144, 329, 1, -1, -0.7853981633974483, 1.4142135623730951
651, 54, 258, 334, 258, 337, 0, -3, -1.5707963267948966, 3.0
651, 57, 99, 401, 98, 402, 1, -1, -0.7853981633974483, 1.4142135623730951
651, 65, 456, 206, 457, 209, -1, -3, -1.892546881191539, 3.1622776601683795
651, 67, 461, 137, 460, 139, 1, -2, -1.1071487177940904, 2.23606797749979
651, 68, 398, 326, 398, 328, 0, -2, -1.5707963267948966, 2.0
651, 83, 573, 265, 572, 262, 1, 3, 1.2490457723982544, 3.1622776601683795
651, 87, 329, 357, 328, 359, 1, -2, -1.1071487177940904, 2.23606797749979
651, 89, 420, 267, 420, 269, 0, -2, -1.5707963267948966, 2.0
651, 90, 611, 302, 611, 300, 0, 2, 1.5707963267948966, 2.0
652, 16, 176, 413, 175, 414, 1, -1, -0.7853981633974483, 1.4142135623730951
652, 20, 19, 321, 18, 322, 1, -1, -0.7853981633974483, 1.4142135623730951
652, 22, 351, 334, 350, 335, 1, -1, -0.7853981633974483, 1.4142135623730951
652, 27, 146, 190, 145, 191, 1, -1, -0.7853981633974483, 1.4142135623730951
652, 32, 590, 226, 588, 225, 2, 1, 0.4636476090008061, 2.23606797749979
652, 35, 429, 184, 429, 186, 0, -2, -1.5707963267948966, 2.0
652, 39, 336, 360, 336, 362, 0, -2, -1.5707963267948966, 2.0
652, 45, 423, 238, 422, 240, 1, -2, -1.1071487177940904, 2.23606797749979
652, 54, 100, 400, 99, 401, 1, -1, -0.7853981633974483, 1.4142135623730951
652, 55, 351, 325, 351, 327, 0, -2, -1.5707963267948966, 2.0
652, 60, 196, 176, 194, 176, 2, 0, 0.0, 2.0
652, 61, 456, 202, 456, 206, 0, -4, -1.5707963267948966, 4.0
652, 63, 462, 136, 461, 137, 1, -1, -0.7853981633974483, 1.4142135623730951
652, 64, 398, 324, 398, 326, 0, -2, -1.5707963267948966, 2.0
652, 72, 395, 368, 394, 369, 1, -1, -0.7853981633974483, 1.4142135623730951
652, 73, 428, 298, 429, 300, -1, -2, -2.0344439357957027, 2.23606797749979
652, 79, 574, 269, 573, 265, 1, 4, 1.3258176636680326, 4.123105625617661
652, 83, 330, 356, 329, 357, 1, -1, -0.7853981633974483, 1.4142135623730951
652, 85, 420, 265, 420, 267, 0, -2, -1.5707963267948966, 2.0
652, 86, 612, 303, 611, 302, 1, 1, 0.7853981633974483, 1.4142135623730951
653, 11, 593, 242, 593, 244, 0, -2, -1.5707963267948966, 2.0
653, 15, 558, 242, 556, 242, 2, 0, 0.0, 2.0
653, 18, 145, 181, 144, 182, 1, -1, -0.7853981633974483, 1.4142135623730951
653, 20, 20, 320, 19, 321, 1, -1, -0.7853981633974483, 1.4142135623730951
653, 22, 352, 333, 351, 334, 1, -1, -0.7853981633974483, 1.4142135623730951
653, 30, 77, 277, 76, 278, 1, -1, -0.7853981633974483, 1.4142135623730951
653, 32, 592, 230, 590, 226, 2, 4, 1.1071487177940904, 4.47213595499958
653, 33, 276, 400, 275, 401, 1, -1, -0.7853981633974483, 1.4142135623730951
653, 34, 285, 328, 284, 329, 1, -1, -0.7853981633974483, 1.4142135623730951
653, 35, 429, 182, 429, 184, 0, -2, -1.5707963267948966, 2.0
653, 37, 96, 186, 94, 185, 2, 1, 0.4636476090008061, 2.23606797749979
653, 45, 424, 237, 423, 238, 1, -1, -0.7853981633974483, 1.4142135623730951
653, 46, 296, 401, 295, 402, 1, -1, -0.7853981633974483, 1.4142135623730951
653, 47, 146, 328, 145, 329, 1, -1, -0.7853981633974483, 1.4142135623730951
653, 49, 91, 275, 89, 275, 2, 0, 0.0, 2.0
653, 54, 101, 399, 100, 400, 1, -1, -0.7853981633974483, 1.4142135623730951
653, 59, 198, 175, 196, 176, 2, -1, -0.4636476090008061, 2.23606797749979
653, 60, 456, 200, 456, 202, 0, -2, -1.5707963267948966, 2.0
653, 62, 463, 134, 462, 136, 1, -2, -1.1071487177940904, 2.23606797749979
653, 63, 398, 322, 398, 324, 0, -2, -1.5707963267948966, 2.0
653, 70, 76, 209, 74, 209, 2, 0, 0.0, 2.0
653, 71, 396, 366, 395, 368, 1, -2, -1.1071487177940904, 2.23606797749979
653, 72, 429, 296, 428, 298, 1, -2, -1.1071487177940904, 2.23606797749979
653, 78, 575, 271, 574, 269, 1, 2, 1.1071487177940904, 2.23606797749979
653, 82, 331, 355, 330, 356, 1, -1, -0.7853981633974483, 1.4142135623730951
653, 84, 613, 304, 612, 303, 1, 1, 0.7853981633974483, 1.4142135623730951
654, 8, 136, 242, 138, 242, -2, 0, 3.141592653589793, 2.0
654, 11, 593, 240, 593, 242, 0, -2, -1.5707963267948966, 2.0
654, 15, 559, 243, 558, 242, 1, 1, 0.7853981633974483, 1.4142135623730951
654, 16, 179, 411, 176, 413, 3, -2, -0.5880026035475675, 3.605551275463989
654, 18, 144, 182, 145, 181, -1, 1, 2.356194490192345, 1.4142135623730951
654, 22, 353, 331, 352, 333, 1, -2, -1.1071487177940904, 2.23606797749979
654, 29, 506, 152, 503, 151, 3, 1, 0.3217505543966422, 3.1622776601683795
654, 32, 594, 232, 592, 230, 2, 2, 0.7853981633974483, 2.8284271247461903
654, 33, 277, 399, 276, 400, 1, -1, -0.7853981633974483, 1.4142135623730951
654, 34, 429, 180, 429, 182, 0, -2, -1.5707963267948966, 2.0
654, 37, 141, 412, 138, 413, 3, -1, -0.3217505543966422, 3.1622776601683795
654, 38, 336, 356, 336, 360, 0, -4, -1.5707963267948966, 4.0
654, 44, 425, 235, 424, 237, 1, -2, -1.1071487177940904, 2.23606797749979
654, 52, 103, 399, 101, 399, 2, 0, 0.0, 2.0
654, 53, 352, 323, 351, 324, 1, -1, -0.7853981633974483, 1.4142135623730951
654, 60, 467, 131, 463, 134, 4, -3, -0.6435011087932844, 5.0
654, 69, 397, 364, 396, 366, 1, -2, -1.1071487177940904, 2.23606797749979
654, 70, 431, 294, 429, 296, 2, -2, -0.7853981633974483, 2.8284271247461903
654, 76, 576, 274, 575, 271, 1, 3, 1.2490457723982544, 3.1622776601683795
654, 81, 613, 306, 613, 304, 0, 2, 1.5707963267948966, 2.0
655, 18, 430, 184, 430, 186, 0, -2, -1.5707963267948966, 2.0
655, 21, 9, 328, 8, 329, 1, -1, -0.7853981633974483, 1.4142135623730951
655, 22, 592, 239, 593, 241, -1, -2, -2.0344439357957027, 2.23606797749979
655, 28, 354, 333, 353, 335, 1, -2, -1.1071487177940904, 2.23606797749979
655, 38, 398, 366, 397, 368, 1, -2, -1.1071487177940904, 2.23606797749979
655, 47, 147, 183, 146, 184, 1, -1, -0.7853981633974483, 1.4142135623730951
655, 58, 394, 326, 393, 328, 1, -2, -1.1071487177940904, 2.23606797749979
655, 60, 443, 160, 443, 162, 0, -2, -1.5707963267948966, 2.0
655, 62, 297, 402, 296, 403, 1, -1, -0.7853981633974483, 1.4142135623730951
655, 67, 401, 235, 401, 238, 0, -3, -1.5707963267948966, 3.0
655, 68, 239, 256, 240, 255, -1, 1, 2.356194490192345, 1.4142135623730951
655, 69, 504, 155, 503, 154, 1, 1, 0.7853981633974483, 1.4142135623730951
656, 17, 430, 182, 430, 184, 0, -2, -1.5707963267948966, 2.0
656, 21, 592, 237, 592, 239, 0, -2, -1.5707963267948966, 2.0
656, 24, 27, 225, 26, 226, 1, -1, -0.7853981633974483, 1.4142135623730951
656, 34, 59, 341, 58, 342, 1, -1, -0.7853981633974483, 1.4142135623730951
656, 37, 400, 361, 398, 366, 2, -5, -1.1902899496825317, 5.385164807134504
656, 55, 81, 216, 80, 217, 1, -1, -0.7853981633974483, 1.4142135623730951
656, 57, 89, 409, 88, 410, 1, -1, -0.7853981633974483, 1.4142135623730951
656, 58, 443, 158, 443, 160, 0, -2, -1.5707963267948966, 2.0
656, 59, 369, 359, 368, 360, 1, -1, -0.7853981633974483, 1.4142135623730951
656, 65, 401, 233, 401, 235, 0, -2, -1.5707963267948966, 2.0
657, 13, 144, 330, 146, 330, -2, 0, 3.141592653589793, 2.0
657, 17, 430, 180, 430, 182, 0, -2, -1.5707963267948966, 2.0
657, 21, 591, 235, 592, 237, -1, -2, -2.0344439357957027, 2.23606797749979
657, 23, 577, 272, 578, 271, -1, 1, 2.356194490192345, 1.4142135623730951
657, 24, 201, 347, 203, 348, -2, -1, -2.677945044588987, 2.23606797749979
657, 25, 356, 330, 354, 332, 2, -2, -0.7853981633974483, 2.8284271247461903
657, 27, 149, 193, 148, 194, 1, -1, -0.7853981633974483, 1.4142135623730951
657, 32, 60, 340, 59, 341, 1, -1, -0.7853981633974483, 1.4142135623730951
657, 35, 401, 359, 400, 361, 1, -2, -1.1071487177940904, 2.23606797749979
657, 42, 220, 220, 220, 218, 0, 2, 1.5707963267948966, 2.0
657, 43, 181, 413, 180, 414, 1, -1, -0.7853981633974483, 1.4142135623730951
657, 56, 370, 358, 369, 359, 1, -1, -0.7853981633974483, 1.4142135623730951
657, 57, 299, 401, 298, 402, 1, -1, -0.7853981633974483, 1.4142135623730951
657, 62, 401, 230, 401, 233, 0, -3, -1.5707963267948966, 3.0
658, 5, 288, 325, 288, 327, 0, -2, -1.5707963267948966, 2.0
658, 13, 141, 330, 144, 330, -3, 0, 3.141592653589793, 3.0
658, 17, 429, 178, 430, 180, -1, -2, -2.0344439357957027, 2.23606797749979
658, 21, 590, 232, 591, 235, -1, -3, -1.892546881191539, 3.1622776601683795
658, 24, 356, 328, 356, 330, 0, -2, -1.5707963267948966, 2.0
658, 34, 401, 357, 401, 359, 0, -2, -1.5707963267948966, 2.0
658, 37, 334, 354, 333, 355, 1, -1, -0.7853981633974483, 1.4142135623730951
658, 42, 182, 412, 181, 413, 1, -1, -0.7853981633974483, 1.4142135623730951
658, 43, 150, 182, 148, 183, 2, -1, -0.4636476090008061, 2.23606797749979
658, 51, 82, 215, 81, 216, 1, -1, -0.7853981633974483, 1.4142135623730951
658, 54, 371, 357, 370, 358, 1, -1, -0.7853981633974483, 1.4142135623730951
658, 56, 249, 383, 248, 384, 1, -1, -0.7853981633974483, 1.4142135623730951
658, 60, 402, 228, 401, 230, 1, -2, -1.1071487177940904, 2.23606797749979
659, 14, 193, 318, 195, 318, -2, 0, 3.141592653589793, 2.0
659, 21, 588, 231, 590, 232, -2, -1, -2.677945044588987, 2.23606797749979
659, 22, 578, 275, 577, 273, 1, 2, 1.1071487177940904, 2.23606797749979
659, 23, 198, 347, 200, 347, -2, 0, 3.141592653589793, 2.0
659, 24, 357, 326, 356, 328, 1, -2, -1.1071487177940904, 2.23606797749979
659, 31, 62, 339, 61, 340, 1, -1, -0.7853981633974483, 1.4142135623730951
659, 34, 401, 355, 401, 357, 0, -2, -1.5707963267948966, 2.0
659, 54, 300, 399, 299, 400, 1, -1, -0.7853981633974483, 1.4142135623730951
659, 59, 403, 224, 402, 228, 1, -4, -1.3258176636680326, 4.123105625617661
660, 9, 356, 331, 355, 333, 1, -2, -1.1071487177940904, 2.23606797749979
660, 14, 431, 181, 431, 183, 0, -2, -1.5707963267948966, 2.0
660, 21, 581, 278, 580, 277, 1, 1, 0.7853981633974483, 1.4142135623730951
660, 29, 152, 261, 152, 263, 0, -2, -1.5707963267948966, 2.0
660, 30, 144, 413, 143, 414, 1, -1, -0.7853981633974483, 1.4142135623730951
660, 36, 576, 218, 577, 217, -1, 1, 2.356194490192345, 1.4142135623730951
660, 39, 402, 361, 401, 363, 1, -2, -1.1071487177940904, 2.23606797749979
660, 43, 187, 363, 189, 364, -2, -1, -2.677945044588987, 2.23606797749979
660, 50, 522, 144, 522, 142, 0, 2, 1.5707963267948966, 2.0
660, 57, 182, 412, 181, 413, 1, -1, -0.7853981633974483, 1.4142135623730951
660, 64, 553, 233, 552, 234, 1, -1, -0.7853981633974483, 1.4142135623730951
660, 69, 297, 343, 299, 342, -2, 1, 2.677945044588987, 2.23606797749979
660, 70, 461, 138, 460, 139, 1, -1, -0.7853981633974483, 1.4142135623730951
660, 81, 12, 216, 11, 217, 1, -1, -0.7853981633974483, 1.4142135623730951
660, 84, 351, 383, 350, 384, 1, -1, -0.7853981633974483, 1.4142135623730951
660, 85, 44, 389, 43, 390, 1, -1, -0.7853981633974483, 1.4142135623730951
661, 0, 300, 221, 303, 221, -3, 0, 3.141592653589793, 3.0
661, 9, 357, 329, 356, 331, 1, -2, -1.1071487177940904, 2.23606797749979
661, 21, 582, 280, 581, 278, 1, 2, 1.1071487177940904, 2.23606797749979
661, 27, 351, 320, 351, 322, 0, -2, -1.5707963267948966, 2.0
661, 36, 574, 219, 576, 218, -2, 1, 2.677945044588987, 2.23606797749979
661, 47, 591, 241, 591, 237, 0, 4, 1.5707963267948966, 4.0
661, 49, 520, 146, 522, 144, -2, 2, 2.356194490192345, 2.8284271247461903
661, 56, 183, 411, 182, 412, 1, -1, -0.7853981633974483, 1.4142135623730951
661, 60, 146, 191, 145, 192, 1, -1, -0.7853981633974483, 1.4142135623730951
661, 62, 371, 360, 370, 361, 1, -1, -0.7853981633974483, 1.4142135623730951
661, 63, 555, 235, 553, 233, 2, 2, 0.7853981633974483, 2.8284271247461903
661, 68, 295, 342, 297, 343, -2, -1, -2.677945044588987, 2.23606797749979
661, 69, 462, 137, 461, 138, 1, -1, -0.7853981633974483, 1.4142135623730951
661, 70, 176, 192, 175, 193, 1, -1, -0.7853981633974483, 1.4142135623730951
661, 71, 477, 154, 476, 155, 1, -1, -0.7853981633974483, 1.4142135623730951
661, 81, 77, 341, 79, 341, -2, 0, 3.141592653589793, 2.0
661, 82, 352, 381, 351, 383, 1, -2, -1.1071487177940904, 2.23606797749979
662, 3, 215, 238, 213, 241, 2, -3, -0.982793723247329, 3.605551275463989
662, 4, 109, 248, 108, 249, 1, -1, -0.7853981633974483, 1.4142135623730951
662, 9, 358, 328, 357, 329, 1, -1, -0.7853981633974483, 1.4142135623730951
662, 29, 157, 241, 159, 240, -2, 1, 2.677945044588987, 2.23606797749979
662, 37, 403, 357, 402, 360, 1, -3, -1.2490457723982544, 3.1622776601683795
662, 44, 591, 243, 591, 241, 0, 2, 1.5707963267948966, 2.0
662, 46, 521, 147, 520, 146, 1, 1, 0.7853981633974483, 1.4142135623730951
662, 51, 419, 201, 419, 203, 0, -2, -1.5707963267948966, 2.0
662, 52, 184, 410, 183, 411, 1, -1, -0.7853981633974483, 1.4142135623730951
662, 59, 557, 236, 555, 235, 2, 1, 0.4636476090008061, 2.23606797749979
662, 62, 211, 406, 210, 407, 1, -1, -0.7853981633974483, 1.4142135623730951
662, 63, 293, 343, 295, 342, -2, 1, 2.677945044588987, 2.23606797749979
662, 64, 462, 135, 462, 137, 0, -2, -1.5707963267948966, 2.0
662, 65, 177, 191, 176, 192, 1, -1, -0.7853981633974483, 1.4142135623730951
662, 66, 477, 152, 477, 154, 0, -2, -1.5707963267948966, 2.0
662, 73, 13, 215, 12, 216, 1, -1, -0.7853981633974483, 1.4142135623730951
662, 75, 75, 341, 77, 341, -2, 0, 3.141592653589793, 2.0
662, 77, 45, 388, 44, 389, 1, -1, -0.7853981633974483, 1.4142135623730951
663, 9, 358, 326, 358, 328, 0, -2, -1.5707963267948966, 2.0
663, 27, 146, 412, 145, 413, 1, -1, -0.7853981633974483, 1.4142135623730951
663, 33, 575, 223, 574, 220, 1, 3, 1.2490457723982544, 3.1622776601683795
663, 36, 403, 355, 403, 357, 0, -2, -1.5707963267948966, 2.0
663, 42, 593, 243, 591, 243, 2, 0, 0.0, 2.0
663, 44, 520, 148, 521, 147, -1, 1, 2.356194490192345, 1.4142135623730951
663, 50, 185, 409, 184, 410, 1, -1, -0.7853981633974483, 1.4142135623730951
663, 57, 559, 239, 557, 236, 2, 3, 0.982793723247329, 3.605551275463989
663, 61, 463, 133, 462, 135, 1, -2, -1.1071487177940904, 2.23606797749979
663, 62, 178, 190, 177, 191, 1, -1, -0.7853981633974483, 1.4142135623730951
663, 63, 478, 151, 477, 152, 1, -1, -0.7853981633974483, 1.4142135623730951
663, 64, 306, 396, 305, 398, 1, -2, -1.1071487177940904, 2.23606797749979
663, 72, 353, 378, 352, 380, 1, -2, -1.1071487177940904, 2.23606797749979
664, 9, 358, 324, 358, 326, 0, -2, -1.5707963267948966, 2.0
664, 11, 150, 183, 149, 184, 1, -1, -0.7853981633974483, 1.4142135623730951
664, 30, 502, 154, 501, 153, 1, 1, 0.7853981633974483, 1.4142135623730951
664, 33, 574, 226, 575, 223, -1, 3, 1.892546881191539, 3.1622776601683795
664, 35, 404, 354, 403, 355, 1, -1, -0.7853981633974483, 1.4142135623730951
664, 41, 592, 248, 593, 243, -1, 5, 1.7681918866447774, 5.0990195135927845
664, 43, 523, 152, 520, 148, 3, 4, 0.9272952180016122, 5.0
664, 54, 372, 356, 371, 358, 1, -2, -1.1071487177940904, 2.23606797749979
664, 55, 558, 240, 559, 239, -1, 1, 2.356194490192345, 1.4142135623730951
664, 58, 464, 131, 463, 133, 1, -2, -1.1071487177940904, 2.23606797749979
664, 60, 479, 150, 478, 151, 1, -1, -0.7853981633974483, 1.4142135623730951
664, 68, 72, 341, 74, 341, -2, 0, 3.141592653589793, 2.0
664, 69, 354, 376, 353, 378, 1, -2, -1.1071487177940904, 2.23606797749979
665, 9, 358, 328, 358, 330, 0, -2, -1.5707963267948966, 2.0
665, 10, 129, 244, 129, 246, 0, -2, -1.5707963267948966, 2.0
665, 11, 598, 250, 597, 251, 1, -1, -0.7853981633974483, 1.4142135623730951
665, 13, 149, 330, 149, 332, 0, -2, -1.5707963267948966, 2.0
665, 26, 184, 412, 183, 413, 1, -1, -0.7853981633974483, 1.4142135623730951
665, 29, 404, 357, 404, 359, 0, -2, -1.5707963267948966, 2.0
665, 47, 524, 144, 522, 144, 2, 0, 0.0, 2.0
665, 49, 404, 324, 402, 326, 2, -2, -0.7853981633974483, 2.8284271247461903
665, 56, 356, 318, 355, 320, 1, -2, -1.1071487177940904, 2.23606797749979
665, 73, 561, 179, 560, 178, 1, 1, 0.7853981633974483, 1.4142135623730951
665, 84, 421, 200, 421, 202, 0, -2, -1.5707963267948966, 2.0
665, 86, 100, 242, 102, 243, -2, -1, -2.677945044588987, 2.23606797749979
665, 94, 119, 225, 121, 226, -2, -1, -2.677945044588987, 2.23606797749979
665, 99, 439, 291, 438, 293, 1, -2, -1.1071487177940904, 2.23606797749979
665, 100, 328, 382, 327, 383, 1, -1, -0.7853981633974483, 1.4142135623730951
666, 8, 359, 325, 358, 328, 1, -3, -1.2490457723982544, 3.1622776601683795
666, 22, 66, 239, 65, 240, 1, -1, -0.7853981633974483, 1.4142135623730951
666, 27, 406, 354, 404, 357, 2, -3, -0.982793723247329, 3.605551275463989
666, 33, 59, 385, 58, 386, 1, -1, -0.7853981633974483, 1.4142135623730951
666, 36, 558, 244, 559, 243, -1, 1, 2.356194490192345, 1.4142135623730951
666, 40, 70, 239, 72, 239, -2, 0, 3.141592653589793, 2.0
666, 46, 405, 322, 404, 324, 1, -2, -1.1071487177940904, 2.23606797749979
666, 53, 356, 316, 356, 318, 0, -2, -1.5707963267948966, 2.0
666, 54, 373, 358, 372, 359, 1, -1, -0.7853981633974483, 1.4142135623730951
666, 57, 340, 359, 339, 360, 1, -1, -0.7853981633974483, 1.4142135623730951
666, 64, 619, 318, 618, 316, 1, 2, 1.1071487177940904, 2.23606797749979
666, 65, 458, 210, 459, 209, -1, 1, 2.356194490192345, 1.4142135623730951
666, 68, 274, 401, 273, 402, 1, -1, -0.7853981633974483, 1.4142135623730951
666, 69, 562, 180, 561, 179, 1, 1, 0.7853981633974483, 1.4142135623730951
666, 74, 144, 350, 146, 350, -2, 0, 3.141592653589793, 2.0
666, 78, 421, 198, 421, 200, 0, -2, -1.5707963267948966, 2.0
666, 80, 97, 240, 100, 242, -3, -2, -2.5535900500422257, 3.605551275463989
666, 87, 117, 224, 119, 225, -2, -1, -2.677945044588987, 2.23606797749979
666, 89, 333, 325, 332, 326, 1, -1, -0.7853981633974483, 1.4142135623730951
666, 90, 38, 379, 40, 379, -2, 0, 3.141592653589793, 2.0
666, 91, 50, 403, 52, 402, -2, 1, 2.677945044588987, 2.23606797749979
666, 92, 440, 288, 439, 291, 1, -3, -1.2490457723982544, 3.1622776601683795
666, 93, 329, 381, 328, 382, 1, -1, -0.7853981633974483, 1.4142135623730951
667, 8, 359, 322, 359, 325, 0, -3, -1.5707963267948966, 3.0
667, 11, 149, 327, 149, 329, 0, -2, -1.5707963267948966, 2.0
667, 23, 185, 410, 184, 411, 1, -1, -0.7853981633974483, 1.4142135623730951
667, 26, 406, 352, 406, 354, 0, -2, -1.5707963267948966, 2.0
667, 42, 527, 144, 525, 144, 2, 0, 0.0, 2.0
667, 44, 406, 320, 405, 322, 1, -2, -1.1071487177940904, 2.23606797749979
667, 48, 507, 156, 506, 155, 1, 1, 0.7853981633974483, 1.4142135623730951
667, 52, 374, 357, 373, 358, 1, -1, -0.7853981633974483, 1.4142135623730951
667, 55, 342, 358, 340, 359, 2, -1, -0.4636476090008061, 2.23606797749979
667, 63, 457, 211, 458, 210, -1, 1, 2.356194490192345, 1.4142135623730951
667, 68, 155, 187, 156, 189, -1, -2, -2.0344439357957027, 2.23606797749979
667, 70, 124, 332, 125, 334, -1, -2, -2.0344439357957027, 2.23606797749979
667, 74, 250, 379, 249, 380, 1, -1, -0.7853981633974483, 1.4142135623730951
667, 78, 96, 238, 97, 240, -1, -2, -2.0344439357957027, 2.23606797749979
667, 79, 148, 216, 150, 215, -2, 1, 2.677945044588987, 2.23606797749979
667, 82, 301, 368, 300, 369, 1, -1, -0.7853981633974483, 1.4142135623730951
667, 88, 51, 402, 50, 403, 1, -1, -0.7853981633974483, 1.4142135623730951
667, 89, 440, 286, 440, 288, 0, -2, -1.5707963267948966, 2.0
667, 90, 330, 379, 329, 381, 1, -2, -1.1071487177940904, 2.23606797749979
668, 7, 267, 265, 268, 264, -1, 1, 2.356194490192345, 1.4142135623730951
668, 8, 359, 320, 359, 322, 0, -2, -1.5707963267948966, 2.0
668, 11, 434, 176, 433, 178, 1, -2, -1.1071487177940904, 2.23606797749979
668, 21, 186, 409, 185, 410, 1, -1, -0.7853981633974483, 1.4142135623730951
668, 24, 406, 350, 406, 352, 0, -2, -1.5707963267948966, 2.0
668, 40, 528, 145, 527, 144, 1, 1, 0.7853981633974483, 1.4142135623730951
668, 42, 408, 318, 406, 320, 2, -2, -0.7853981633974483, 2.8284271247461903
668, 47, 375, 356, 374, 357, 1, -1, -0.7853981633974483, 1.4142135623730951
668, 50, 343, 356, 342, 358, 1, -2, -1.1071487177940904, 2.23606797749979
668, 57, 620, 320, 619, 319, 1, 1, 0.7853981633974483, 1.4142135623730951
668, 58, 456, 212, 457, 211, -1, 1, 2.356194490192345, 1.4142135623730951
668, 59, 576, 220, 574, 219, 2, 1, 0.4636476090008061, 2.23606797749979
668, 62, 565, 181, 563, 180, 2, 1, 0.4636476090008061, 2.23606797749979
668, 65, 123, 333, 124, 332, -1, 1, 2.356194490192345, 1.4142135623730951
668, 71, 422, 196, 421, 197, 1, -1, -0.7853981633974483, 1.4142135623730951
668, 78, 83, 366, 81, 366, 2, 0, 0.0, 2.0
668, 83, 440, 284, 440, 286, 0, -2, -1.5707963267948966, 2.0
668, 84, 331, 378, 330, 379, 1, -1, -0.7853981633974483, 1.4142135623730951
669, 3, 216, 235, 215, 236, 1, -1, -0.7853981633974483, 1.4142135623730951
669, 8, 359, 318, 359, 320, 0, -2, -1.5707963267948966, 2.0
669, 20, 187, 408, 186, 409, 1, -1, -0.7853981633974483, 1.4142135623730951
669, 23, 407, 348, 406, 350, 1, -2, -1.1071487177940904, 2.23606797749979
669, 32, 555, 242, 557, 243, -2, -1, -2.677945044588987, 2.23606797749979
669, 40, 408, 316, 408, 318, 0, -2, -1.5707963267948966, 2.0
669, 48, 344, 355, 343, 356, 1, -1, -0.7853981633974483, 1.4142135623730951
669, 53, 622, 321, 620, 320, 2, 1, 0.4636476090008061, 2.23606797749979
669, 54, 455, 213, 456, 212, -1, 1, 2.356194490192345, 1.4142135623730951
669, 55, 576, 222, 576, 220, 0, 2, 1.5707963267948966, 2.0
669, 61, 121, 333, 123, 333, -2, 0, 3.141592653589793, 2.0
669, 72, 303, 367, 302, 368, 1, -1, -0.7853981633974483, 1.4142135623730951
669, 77, 439, 281, 440, 284, -1, -3, -1.892546881191539, 3.1622776601683795
669, 78, 332, 377, 331, 378, 1, -1, -0.7853981633974483, 1.4142135623730951
670, 4, 136, 334, 135, 335, 1, -1, -0.7853981633974483, 1.4142135623730951
670, 5, 360, 319, 360, 321, 0, -2, -1.5707963267948966, 2.0
670, 13, 89, 280, 90, 282, -1, -2, -2.0344439357957027, 2.23606797749979
670, 23, 435, 176, 435, 178, 0, -2, -1.5707963267948966, 2.0
670, 27, 27, 326, 26, 327, 1, -1, -0.7853981633974483, 1.4142135623730951
670, 31, 189, 414, 188, 415, 1, -1, -0.7853981633974483, 1.4142135623730951
670, 37, 439, 286, 438, 289, 1, -3, -1.2490457723982544, 3.1622776601683795
670, 39, 203, 321, 202, 322, 1, -1, -0.7853981633974483, 1.4142135623730951
670, 40, 406, 222, 406, 224, 0, -2, -1.5707963267948966, 2.0
670, 45, 149, 413, 148, 414, 1, -1, -0.7853981633974483, 1.4142135623730951
670, 52, 471, 135, 468, 136, 3, -1, -0.3217505543966422, 3.1622776601683795
670, 53, 447, 152, 446, 153, 1, -1, -0.7853981633974483, 1.4142135623730951
670, 55, 463, 174, 464, 176, -1, -2, -2.0344439357957027, 2.23606797749979
670, 57, 601, 248, 600, 245, 1, 3, 1.2490457723982544, 3.1622776601683795
670, 59, 135, 379, 136, 378, -1, 1, 2.356194490192345, 1.4142135623730951
670, 64, 568, 260, 569, 258, -1, 2, 2.0344439357957027, 2.23606797749979
670, 65, 332, 380, 331, 381, 1, -1, -0.7853981633974483, 1.4142135623730951
670, 67, 45, 286, 47, 286, -2, 0, 3.141592653589793, 2.0
670, 70, 376, 356, 375, 358, 1, -2, -1.1071487177940904, 2.23606797749979
670, 72, 409, 309, 408, 311, 1, -2, -1.1071487177940904, 2.23606797749979
670, 78, 59, 380, 61, 381, -2, -1, -2.677945044588987, 2.23606797749979
670, 79, 284, 397, 283, 398, 1, -1, -0.7853981633974483, 1.4142135623730951
670, 84, 621, 321, 620, 320, 1, 1, 0.7853981633974483, 1.4142135623730951
671, 5, 359, 316, 360, 319, -1, -3, -1.892546881191539, 3.1622776601683795
671, 8, 113, 253, 112, 252, 1, 1, 0.7853981633974483, 1.4142135623730951
671, 12, 601, 257, 601, 259, 0, -2, -1.5707963267948966, 2.0
671, 21, 61, 385, 62, 387, -1, -2, -2.0344439357957027, 2.23606797749979
671, 22, 231, 190, 230, 192, 1, -2, -1.1071487177940904, 2.23606797749979
671, 26, 120, 389, 121, 391, -1, -2, -2.0344439357957027, 2.23606797749979
671, 28, 200, 357, 201, 359, -1, -2, -2.0344439357957027, 2.23606797749979
671, 31, 190, 413, 189, 414, 1, -1, -0.7853981633974483, 1.4142135623730951
671, 36, 408, 351, 407, 353, 1, -2, -1.1071487177940904, 2.23606797749979
671, 37, 440, 284, 439, 286, 1, -2, -1.1071487177940904, 2.23606797749979
671, 40, 407, 220, 406, 222, 1, -2, -1.1071487177940904, 2.23606797749979
671, 48, 54, 384, 55, 386, -1, -2, -2.0344439357957027, 2.23606797749979
671, 49, 268, 328, 267, 329, 1, -1, -0.7853981633974483, 1.4142135623730951
671, 52, 474, 134, 471, 135, 3, -1, -0.3217505543966422, 3.1622776601683795
671, 53, 447, 150, 447, 152, 0, -2, -1.5707963267948966, 2.0
671, 57, 602, 252, 601, 248, 1, 4, 1.3258176636680326, 4.123105625617661
671, 59, 133, 380, 135, 379, -2, 1, 2.677945044588987, 2.23606797749979
671, 63, 349, 351, 348, 353, 1, -2, -1.1071487177940904, 2.23606797749979
671, 64, 567, 261, 568, 260, -1, 1, 2.356194490192345, 1.4142135623730951
671, 65, 333, 379, 332, 380, 1, -1, -0.7853981633974483, 1.4142135623730951
671, 68, 577, 223, 578, 225, -1, -2, -2.0344439357957027, 2.23606797749979
671, 69, 377, 354, 376, 356, 1, -2, -1.1071487177940904, 2.23606797749979
671, 71, 409, 307, 409, 309, 0, -2, -1.5707963267948966, 2.0
671, 82, 622, 322, 621, 321, 1, 1, 0.7853981633974483, 1.4142135623730951
672, 5, 359, 314, 359, 316, 0, -2, -1.5707963267948966, 2.0
672, 12, 600, 254, 601, 257, -1, -3, -1.892546881191539, 3.1622776601683795
672, 15, 14, 329, 13, 330, 1, -1, -0.7853981633974483, 1.4142135623730951
672, 23, 436, 174, 435, 175, 1, -1, -0.7853981633974483, 1.4142135623730951
672, 29, 530, 144, 529, 145, 1, -1, -0.7853981633974483, 1.4142135623730951
672, 33, 35, 227, 34, 228, 1, -1, -0.7853981633974483, 1.4142135623730951
672, 34, 409, 350, 408, 351, 1, -1, -0.7853981633974483, 1.4142135623730951
672, 35, 440, 282, 440, 284, 0, -2, -1.5707963267948966, 2.0
672, 38, 407, 218, 407, 220, 0, -2, -1.5707963267948966, 2.0
672, 50, 476, 133, 474, 134, 2, -1, -0.4636476090008061, 2.23606797749979
672, 51, 447, 148, 447, 150, 0, -2, -1.5707963267948966, 2.0
672, 53, 463, 171, 463, 173, 0, -2, -1.5707963267948966, 2.0
672, 61, 350, 350, 349, 351, 1, -1, -0.7853981633974483, 1.4142135623730951
672, 63, 334, 378, 333, 379, 1, -1, -0.7853981633974483, 1.4142135623730951
672, 67, 378, 353, 377, 354, 1, -1, -0.7853981633974483, 1.4142135623730951
672, 68, 411, 303, 409, 307, 2, -4, -1.1071487177940904, 4.47213595499958
672, 74, 286, 396, 285, 397, 1, -1, -0.7853981633974483, 1.4142135623730951
672, 78, 623, 323, 622, 322, 1, 1, 0.7853981633974483, 1.4142135623730951
673, 1, 192, 279, 191, 278, 1, 1, 0.7853981633974483, 1.4142135623730951
673, 5, 359, 312, 359, 314, 0, -2, -1.5707963267948966, 2.0
673, 7, 114, 254, 113, 253, 1, 1, 0.7853981633974483, 1.4142135623730951
673, 20, 436, 172, 436, 174, 0, -2, -1.5707963267948966, 2.0
673, 26, 531, 143, 530, 144, 1, -1, -0.7853981633974483, 1.4142135623730951
673, 27, 192, 412, 191, 413, 1, -1, -0.7853981633974483, 1.4142135623730951
673, 31, 410, 348, 409, 350, 1, -2, -1.1071487177940904, 2.23606797749979
673, 32, 441, 280, 440, 282, 1, -2, -1.1071487177940904, 2.23606797749979
673, 35, 407, 216, 407, 218, 0, -2, -1.5707963267948966, 2.0
673, 41, 55, 383, 54, 384, 1, -1, -0.7853981633974483, 1.4142135623730951
673, 45, 477, 132, 476, 133, 1, -1, -0.7853981633974483, 1.4142135623730951
673, 54, 350, 348, 350, 350, 0, -2, -1.5707963267948966, 2.0
673, 55, 568, 264, 567, 262, 1, 2, 1.1071487177940904, 2.23606797749979
673, 56, 335, 377, 334, 378, 1, -1, -0.7853981633974483, 1.4142135623730951
673, 59, 379, 352, 378, 353, 1, -1, -0.7853981633974483, 1.4142135623730951
673, 60, 410, 298, 411, 303, -1, -5, -1.7681918866447774, 5.0990195135927845
673, 66, 287, 395, 286, 396, 1, -1, -0.7853981633974483, 1.4142135623730951
673, 70, 624, 324, 623, 323, 1, 1, 0.7853981633974483, 1.4142135623730951
674, 5, 359, 309, 359, 312, 0, -3, -1.5707963267948966, 3.0
674, 9, 599, 251, 600, 253, -1, -2, -2.0344439357957027, 2.23606797749979
674, 26, 193, 411, 192, 412, 1, -1, -0.7853981633974483, 1.4142135623730951
674, 29, 410, 346, 410, 348, 0, -2, -1.5707963267948966, 2.0
674, 30, 442, 278, 441, 280, 1, -2, -1.1071487177940904, 2.23606797749979
674, 33, 408, 214, 407, 216, 1, -2, -1.1071487177940904, 2.23606797749979
674, 42, 478, 131, 477, 132, 1, -1, -0.7853981633974483, 1.4142135623730951
674, 43, 448, 145, 447, 147, 1, -2, -1.1071487177940904, 2.23606797749979
674, 46, 601, 250, 602, 252, -1, -2, -2.0344439357957027, 2.23606797749979
674, 51, 351, 346, 350, 348, 1, -2, -1.1071487177940904, 2.23606797749979
674, 52, 571, 265, 568, 264, 3, 1, 0.3217505543966422, 3.1622776601683795
674, 53, 336, 376, 335, 377, 1, -1, -0.7853981633974483, 1.4142135623730951
674, 56, 380, 350, 379, 352, 1, -2, -1.1071487177940904, 2.23606797749979
674, 62, 286, 396, 287, 395, -1, 1, 2.356194490192345, 1.4142135623730951
674, 63, 98, 409, 97, 410, 1, -1, -0.7853981633974483, 1.4142135623730951
675, 9, 362, 318, 362, 320, 0, -2, -1.5707963267948966, 2.0
675, 16, 314, 394, 313, 395, 1, -1, -0.7853981633974483, 1.4142135623730951
675, 22, 513, 171, 512, 170, 1, 1, 0.7853981633974483, 1.4142135623730951
675, 25, 599, 253, 600, 255, -1, -2, -2.0344439357957027, 2.23606797749979
675, 26, 414, 347, 411, 351, 3, -4, -0.9272952180016122, 5.0
675, 29, 438, 175, 437, 176, 1, -1, -0.7853981633974483, 1.4142135623730951
675, 33, 351, 346, 350, 347, 1, -1, -0.7853981633974483, 1.4142135623730951
675, 37, 414, 304, 414, 306, 0, -2, -1.5707963267948966, 2.0
675, 42, 283, 329, 282, 328, 1, 1, 0.7853981633974483, 1.4142135623730951
675, 44, 562, 256, 560, 255, 2, 1, 0.4636476090008061, 2.23606797749979
675, 49, 540, 153, 539, 152, 1, 1, 0.7853981633974483, 1.4142135623730951
675, 57, 450, 150, 449, 151, 1, -1, -0.7853981633974483, 1.4142135623730951
675, 60, 609, 267, 608, 266, 1, 1, 0.7853981633974483, 1.4142135623730951
675, 69, 287, 397, 286, 398, 1, -1, -0.7853981633974483, 1.4142135623730951
675, 70, 300, 346, 302, 347, -2, -1, -2.677945044588987, 2.23606797749979
675, 71, 483, 149, 482, 151, 1, -2, -1.1071487177940904, 2.23606797749979
675, 73, 587, 292, 586, 290, 1, 2, 1.1071487177940904, 2.23606797749979
675, 74, 368, 380, 367, 381, 1, -1, -0.7853981633974483, 1.4142135623730951
675, 83, 408, 218, 408, 220, 0, -2, -1.5707963267948966, 2.0
675, 85, 481, 129, 480, 131, 1, -2, -1.1071487177940904, 2.23606797749979
675, 87, 518, 166, 517, 165, 1, 1, 0.7853981633974483, 1.4142135623730951
675, 92, 81, 240, 82, 242, -1, -2, -2.0344439357957027, 2.23606797749979
675, 93, 567, 188, 567, 186, 0, 2, 1.5707963267948966, 2.0
675, 103, 438, 280, 439, 282, -1, -2, -2.0344439357957027, 2.23606797749979
675, 105, 306, 368, 305, 369, 1, -1, -0.7853981633974483, 1.4142135623730951
676, 9, 363, 316, 362, 318, 1, -2, -1.1071487177940904, 2.23606797749979
676, 19, 193, 412, 192, 413, 1, -1, -0.7853981633974483, 1.4142135623730951
676, 21, 514, 172, 513, 171, 1, 1, 0.7853981633974483, 1.4142135623730951
676, 24, 598, 251, 599, 253, -1, -2, -2.0344439357957027, 2.23606797749979
676, 25, 415, 345, 414, 347, 1, -2, -1.1071487177940904, 2.23606797749979
676, 27, 438, 173, 438, 175, 0, -2, -1.5707963267948966, 2.0
676, 35, 415, 302, 414, 304, 1, -2, -1.1071487177940904, 2.23606797749979
676, 42, 563, 255, 562, 256, 1, -1, -0.7853981633974483, 1.4142135623730951
676, 57, 608, 269, 609, 267, -1, 2, 2.0344439357957027, 2.23606797749979
676, 67, 485, 148, 483, 149, 2, -1, -0.4636476090008061, 2.23606797749979
676, 69, 588, 293, 587, 292, 1, 1, 0.7853981633974483, 1.4142135623730951
676, 70, 369, 378, 368, 380, 1, -2, -1.1071487177940904, 2.23606797749979
676, 76, 435, 253, 434, 254, 1, -1, -0.7853981633974483, 1.4142135623730951
676, 78, 408, 216, 408, 218, 0, -2, -1.5707963267948966, 2.0
676, 80, 482, 127, 481, 129, 1, -2, -1.1071487177940904, 2.23606797749979
676, 82, 519, 167, 518, 166, 1, 1, 0.7853981633974483, 1.4142135623730951
676, 86, 79, 240, 81, 240, -2, 0, 3.141592653589793, 2.0
676, 87, 568, 190, 567, 188, 1, 2, 1.1071487177940904, 2.23606797749979
676, 93, 541, 221, 544, 223, -3, -2, -2.5535900500422257, 3.605551275463989
676, 96, 439, 278, 438, 280, 1, -2, -1.1071487177940904, 2.23606797749979
676, 100, 587, 237, 588, 236, -1, 1, 2.356194490192345, 1.4142135623730951
677, 9, 364, 314, 363, 316, 1, -2, -1.1071487177940904, 2.23606797749979
677, 15, 315, 392, 314, 393, 1, -1, -0.7853981633974483, 1.4142135623730951
677, 21, 516, 173, 514, 172, 2, 1, 0.4636476090008061, 2.23606797749979
677, 25, 415, 343, 415, 345, 0, -2, -1.5707963267948966, 2.0
677, 31, 352, 344, 351, 345, 1, -1, -0.7853981633974483, 1.4142135623730951
677, 35, 415, 300, 415, 302, 0, -2, -1.5707963267948966, 2.0
677, 54, 606, 269, 608, 269, -2, 0, 3.141592653589793, 2.0
677, 62, 337, 326, 336, 327, 1, -1, -0.7853981633974483, 1.4142135623730951
677, 63, 288, 396, 287, 397, 1, -1, -0.7853981633974483, 1.4142135623730951
677, 64, 486, 147, 485, 148, 1, -1, -0.7853981633974483, 1.4142135623730951
677, 66, 589, 294, 588, 293, 1, 1, 0.7853981633974483, 1.4142135623730951
677, 72, 436, 251, 435, 253, 1, -2, -1.1071487177940904, 2.23606797749979
677, 75, 219, 403, 218, 404, 1, -1, -0.7853981633974483, 1.4142135623730951
677, 76, 483, 126, 482, 127, 1, -1, -0.7853981633974483, 1.4142135623730951
677, 78, 520, 168, 519, 167, 1, 1, 0.7853981633974483, 1.4142135623730951
677, 82, 569, 191, 568, 190, 1, 1, 0.7853981633974483, 1.4142135623730951
677, 86, 336, 378, 335, 379, 1, -1, -0.7853981633974483, 1.4142135623730951
677, 91, 441, 276, 439, 278, 2, -2, -0.7853981633974483, 2.8284271247461903
677, 93, 307, 367, 306, 368, 1, -1, -0.7853981633974483, 1.4142135623730951
678, 1, 304, 221, 303, 223, 1, -2, -1.1071487177940904, 2.23606797749979
678, 5, 88, 301, 89, 303, -1, -2, -2.0344439357957027, 2.23606797749979
678, 9, 364, 311, 364, 314, 0, -3, -1.5707963267948966, 3.0
678, 15, 316, 391, 315, 392, 1, -1, -0.7853981633974483, 1.4142135623730951
678, 21, 515, 174, 516, 173, -1, 1, 2.356194490192345, 1.4142135623730951
678, 24, 597, 255, 597, 251, 0, 4, 1.5707963267948966, 4.0
678, 25, 416, 341, 415, 343, 1, -2, -1.1071487177940904, 2.23606797749979
678, 31, 352, 342, 352, 344, 0, -2, -1.5707963267948966, 2.0
678, 35, 415, 298, 415, 300, 0, -2, -1.5707963267948966, 2.0
678, 43, 150, 215, 151, 214, -1, 1, 2.356194490192345, 1.4142135623730951
678, 51, 451, 147, 450, 148, 1, -1, -0.7853981633974483, 1.4142135623730951
678, 53, 605, 267, 606, 269, -1, -2, -2.0344439357957027, 2.23606797749979
678, 57, 39, 227, 38, 228, 1, -1, -0.7853981633974483, 1.4142135623730951
678, 62, 290, 395, 288, 396, 2, -1, -0.4636476090008061, 2.23606797749979
678, 63, 487, 146, 486, 147, 1, -1, -0.7853981633974483, 1.4142135623730951
678, 65, 588, 295, 589, 294, -1, 1, 2.356194490192345, 1.4142135623730951
678, 66, 370, 376, 369, 377, 1, -1, -0.7853981633974483, 1.4142135623730951
678, 73, 408, 213, 408, 215, 0, -2, -1.5707963267948966, 2.0
678, 75, 485, 125, 483, 126, 2, -1, -0.4636476090008061, 2.23606797749979
678, 77, 521, 169, 520, 168, 1, 1, 0.7853981633974483, 1.4142135623730951
678, 81, 569, 194, 569, 191, 0, 3, 1.5707963267948966, 3.0
678, 85, 337, 377, 336, 378, 1, -1, -0.7853981633974483, 1.4142135623730951
678, 87, 539, 219, 541, 220, -2, -1, -2.677945044588987, 2.23606797749979
678, 89, 441, 273, 441, 276, 0, -3, -1.5707963267948966, 3.0
678, 93, 585, 238, 587, 238, -2, 0, 3.141592653589793, 2.0
679, 9, 364, 309, 364, 311, 0, -2, -1.5707963267948966, 2.0
679, 21, 516, 175, 515, 174, 1, 1, 0.7853981633974483, 1.4142135623730951
679, 24, 599, 256, 597, 255, 2, 1, 0.4636476090008061, 2.23606797749979
679, 25, 416, 339, 416, 341, 0, -2, -1.5707963267948966, 2.0
679, 34, 276, 349, 275, 351, 1, -2, -1.1071487177940904, 2.23606797749979
679, 45, 284, 294, 282, 293, 2, 1, 0.4636476090008061, 2.23606797749979
679, 46, 297, 324, 295, 325, 2, -1, -0.4636476090008061, 2.23606797749979
679, 49, 452, 145, 451, 147, 1, -2, -1.1071487177940904, 2.23606797749979
679, 51, 603, 267, 605, 267, -2, 0, 3.141592653589793, 2.0
679, 53, 302, 304, 301, 305, 1, -1, -0.7853981633974483, 1.4142135623730951
679, 59, 289, 396, 290, 395, -1, 1, 2.356194490192345, 1.4142135623730951
679, 60, 488, 145, 487, 146, 1, -1, -0.7853981633974483, 1.4142135623730951
679, 62, 589, 297, 588, 295, 1, 2, 1.1071487177940904, 2.23606797749979
679, 63, 370, 371, 370, 376, 0, -5, -1.5707963267948966, 5.0
679, 67, 437, 249, 436, 250, 1, -1, -0.7853981633974483, 1.4142135623730951
679, 69, 408, 211, 408, 213, 0, -2, -1.5707963267948966, 2.0
679, 77, 569, 196, 569, 194, 0, 2, 1.5707963267948966, 2.0
679, 81, 338, 375, 337, 377, 1, -2, -1.1071487177940904, 2.23606797749979
679, 83, 537, 218, 539, 219, -2, -1, -2.677945044588987, 2.23606797749979
679, 85, 442, 271, 441, 273, 1, -2, -1.1071487177940904, 2.23606797749979
679, 89, 585, 241, 585, 238, 0, 3, 1.5707963267948966, 3.0
680, 10, 163, 239, 162, 240, 1, -1, -0.7853981633974483, 1.4142135623730951
680, 22, 365, 312, 364, 314, 1, -2, -1.1071487177940904, 2.23606797749979
680, 23, 417, 299, 417, 301, 0, -2, -1.5707963267948966, 2.0
680, 31, 354, 343, 353, 345, 1, -2, -1.1071487177940904, 2.23606797749979
680, 34, 110, 192, 109, 191, 1, 1, 0.7853981633974483, 1.4142135623730951
680, 43, 7, 357, 5, 358, 2, -1, -0.4636476090008061, 2.23606797749979
680, 48, 628, 331, 627, 330, 1, 1, 0.7853981633974483, 1.4142135623730951
680, 49, 451, 145, 451, 147, 0, -2, -1.5707963267948966, 2.0
680, 52, 518, 176, 517, 175, 1, 1, 0.7853981633974483, 1.4142135623730951
680, 53, 481, 128, 480, 129, 1, -1, -0.7853981633974483, 1.4142135623730951
680, 56, 591, 299, 590, 297, 1, 2, 1.1071487177940904, 2.23606797749979
680, 62, 384, 345, 383, 347, 1, -2, -1.1071487177940904, 2.23606797749979
680, 64, 154, 413, 153, 414, 1, -1, -0.7853981633974483, 1.4142135623730951
680, 67, 463, 230, 463, 232, 0, -2, -1.5707963267948966, 2.0
680, 70, 80, 205, 82, 206, -2, -1, -2.677945044588987, 2.23606797749979
680, 71, 291, 397, 290, 398, 1, -1, -0.7853981633974483, 1.4142135623730951
680, 72, 84, 222, 83, 223, 1, -1, -0.7853981633974483, 1.4142135623730951
680, 75, 93, 218, 94, 220, -1, -2, -2.0344439357957027, 2.23606797749979
680, 76, 259, 386, 258, 387, 1, -1, -0.7853981633974483, 1.4142135623730951
680, 85, 24, 202, 25, 204, -1, -2, -2.0344439357957027, 2.23606797749979
680, 86, 570, 195, 570, 193, 0, 2, 1.5707963267948966, 2.0
680, 89, 231, 228, 230, 227, 1, 1, 0.7853981633974483, 1.4142135623730951
680, 90, 51, 290, 49, 291, 2, -1, -0.4636476090008061, 2.23606797749979
681, 12, 71, 238, 70, 239, 1, -1, -0.7853981633974483, 1.4142135623730951
681, 14, 251, 223, 250, 224, 1, -1, -0.7853981633974483, 1.4142135623730951
681, 21, 365, 309, 365, 312, 0, -3, -1.5707963267948966, 3.0
681, 22, 417, 297, 417, 299, 0, -2, -1.5707963267948966, 2.0
681, 24, 415, 342, 415, 344, 0, -2, -1.5707963267948966, 2.0
681, 32, 439, 171, 439, 173, 0, -2, -1.5707963267948966, 2.0
681, 35, 197, 412, 196, 413, 1, -1, -0.7853981633974483, 1.4142135623730951
681, 46, 629, 332, 628, 331, 1, 1, 0.7853981633974483, 1.4142135623730951
681, 47, 453, 143, 451, 145, 2, -2, -0.7853981633974483, 2.8284271247461903
681, 50, 519, 178, 518, 176, 1, 2, 1.1071487177940904, 2.23606797749979
681, 51, 482, 127, 481, 128, 1, -1, -0.7853981633974483, 1.4142135623730951
681, 54, 592, 300, 591, 299, 1, 1, 0.7853981633974483, 1.4142135623730951
681, 55, 6, 198, 4, 198, 2, 0, 0.0, 2.0
681, 59, 385, 343, 384, 345, 1, -2, -1.1071487177940904, 2.23606797749979
681, 61, 155, 412, 154, 413, 1, -1, -0.7853981633974483, 1.4142135623730951
681, 64, 463, 228, 463, 230, 0, -2, -1.5707963267948966, 2.0
681, 68, 292, 395, 291, 397, 1, -2, -1.1071487177940904, 2.23606797749979
681, 82, 571, 196, 570, 195, 1, 1, 0.7853981633974483, 1.4142135623730951
681, 83, 152, 346, 150, 346, 2, 0, 0.0, 2.0
682, 6, 119, 251, 118, 252, 1, -1, -0.7853981633974483, 1.4142135623730951
682, 17, 366, 306, 365, 309, 1, -3, -1.2490457723982544, 3.1622776601683795
682, 20, 416, 340, 415, 342, 1, -2, -1.1071487177940904, 2.23606797749979
682, 26, 354, 340, 354, 342, 0, -2, -1.5707963267948966, 2.0
682, 28, 439, 169, 439, 171, 0, -2, -1.5707963267948966, 2.0
682, 41, 631, 332, 629, 332, 2, 0, 0.0, 2.0
682, 42, 454, 141, 453, 143, 1, -2, -1.1071487177940904, 2.23606797749979
682, 46, 483, 126, 482, 127, 1, -1, -0.7853981633974483, 1.4142135623730951
682, 54, 385, 341, 385, 343, 0, -2, -1.5707963267948966, 2.0
682, 56, 156, 411, 155, 412, 1, -1, -0.7853981633974483, 1.4142135623730951
682, 58, 462, 226, 463, 228, -1, -2, -2.0344439357957027, 2.23606797749979
682, 62, 294, 394, 292, 395, 2, -1, -0.4636476090008061, 2.23606797749979
682, 77, 153, 347, 152, 346, 1, 1, 0.7853981633974483, 1.4142135623730951
682, 83, 369, 367, 368, 368, 1, -1, -0.7853981633974483, 1.4142135623730951
682, 84, 605, 273, 605, 271, 0, 2, 1.5707963267948966, 2.0
683, 15, 366, 303, 366, 306, 0, -3, -1.5707963267948966, 3.0
683, 18, 417, 337, 416, 340, 1, -3, -1.2490457723982544, 3.1622776601683795
683, 27, 198, 411, 197, 412, 1, -1, -0.7853981633974483, 1.4142135623730951
683, 28, 198, 322, 197, 323, 1, -1, -0.7853981633974483, 1.4142135623730951
683, 37, 633, 332, 631, 332, 2, 0, 0.0, 2.0
683, 38, 456, 140, 454, 141, 2, -1, -0.4636476090008061, 2.23606797749979
683, 42, 484, 125, 483, 126, 1, -1, -0.7853981633974483, 1.4142135623730951
683, 45, 592, 301, 591, 300, 1, 1, 0.7853981633974483, 1.4142135623730951
683, 54, 462, 224, 462, 226, 0, -2, -1.5707963267948966, 2.0
683, 57, 295, 393, 294, 394, 1, -1, -0.7853981633974483, 1.4142135623730951
683, 69, 572, 198, 571, 197, 1, 1, 0.7853981633974483, 1.4142135623730951
683, 70, 152, 348, 153, 347, -1, 1, 2.356194490192345, 1.4142135623730951
683, 73, 51, 287, 51, 289, 0, -2, -1.5707963267948966, 2.0
683, 76, 369, 365, 369, 367, 0, -2, -1.5707963267948966, 2.0
683, 77, 605, 277, 605, 273, 0, 4, 1.5707963267948966, 4.0
684, 15, 367, 300, 366, 303, 1, -3, -1.2490457723982544, 3.1622776601683795
684, 16, 416, 293, 417, 295, -1, -2, -2.0344439357957027, 2.23606797749979
684, 18, 417, 335, 417, 337, 0, -2, -1.5707963267948966, 2.0
684, 22, 353, 337, 354, 339, -1, -2, -2.0344439357957027, 2.23606797749979
684, 24, 439, 166, 439, 168, 0, -2, -1.5707963267948966, 2.0
684, 25, 112, 193, 111, 192, 1, 1, 0.7853981633974483, 1.4142135623730951
684, 37, 635, 332, 633, 332, 2, 0, 0.0, 2.0
684, 38, 457, 138, 456, 140, 1, -2, -1.1071487177940904, 2.23606797749979
684, 42, 486, 124, 484, 125, 2, -1, -0.4636476090008061, 2.23606797749979
684, 45, 591, 302, 592, 301, -1, 1, 2.356194490192345, 1.4142135623730951
684, 48, 103, 409, 102, 410, 1, -1, -0.7853981633974483, 1.4142135623730951
684, 49, 251, 382, 250, 383, 1, -1, -0.7853981633974483, 1.4142135623730951
684, 50, 386, 338, 385, 340, 1, -2, -1.1071487177940904, 2.23606797749979
684, 52, 158, 410, 157, 411, 1, -1, -0.7853981633974483, 1.4142135623730951
684, 54, 460, 222, 462, 224, -2, -2, -2.356194490192345, 2.8284271247461903
684, 57, 297, 391, 295, 393, 2, -2, -0.7853981633974483, 2.8284271247461903
684, 65, 212, 173, 211, 174, 1, -1, -0.7853981633974483, 1.4142135623730951
684, 76, 372, 361, 369, 365, 3, -4, -0.9272952180016122, 5.0
684, 77, 606, 280, 605, 277, 1, 3, 1.2490457723982544, 3.1622776601683795
685, 13, 366, 307, 366, 310, 0, -3, -1.5707963267948966, 3.0
685, 14, 440, 169, 440, 171, 0, -2, -1.5707963267948966, 2.0
685, 23, 417, 337, 417, 339, 0, -2, -1.5707963267948966, 2.0
685, 46, 66, 342, 65, 343, 1, -1, -0.7853981633974483, 1.4142135623730951
685, 47, 419, 299, 418, 301, 1, -2, -1.1071487177940904, 2.23606797749979
685, 50, 481, 124, 479, 126, 2, -2, -0.7853981633974483, 2.8284271247461903
685, 51, 601, 263, 606, 263, -5, 0, 3.141592653589793, 5.0
685, 54, 231, 225, 232, 227, -1, -2, -2.0344439357957027, 2.23606797749979
685, 63, 297, 400, 296, 401, 1, -1, -0.7853981633974483, 1.4142135623730951
685, 65, 571, 264, 570, 263, 1, 1, 0.7853981633974483, 1.4142135623730951
685, 67, 410, 209, 410, 211, 0, -2, -1.5707963267948966, 2.0
685, 69, 525, 177, 524, 175, 1, 2, 1.1071487177940904, 2.23606797749979
685, 74, 575, 198, 574, 197, 1, 1, 0.7853981633974483, 1.4142135623730951
686, 12, 366, 305, 366, 307, 0, -2, -1.5707963267948966, 2.0
686, 13, 440, 167, 440, 169, 0, -2, -1.5707963267948966, 2.0
686, 20, 418, 335, 417, 337, 1, -2, -1.1071487177940904, 2.23606797749979
686, 38, 252, 225, 251, 226, 1, -1, -0.7853981633974483, 1.4142135623730951
686, 39, 9, 198, 8, 199, 1, -1, -0.7853981633974483, 1.4142135623730951
686, 41, 420, 297, 419, 299, 1, -2, -1.1071487177940904, 2.23606797749979
686, 42, 491, 130, 490, 131, 1, -1, -0.7853981633974483, 1.4142135623730951
686, 44, 482, 123, 481, 124, 1, -1, -0.7853981633974483, 1.4142135623730951
686, 46, 604, 279, 606, 278, -2, 1, 2.677945044588987, 2.23606797749979
686, 56, 298, 399, 297, 400, 1, -1, -0.7853981633974483, 1.4142135623730951
686, 57, 86, 212, 85, 213, 1, -1, -0.7853981633974483, 1.4142135623730951
686, 59, 260, 386, 259, 387, 1, -1, -0.7853981633974483, 1.4142135623730951
686, 60, 410, 207, 410, 209, 0, -2, -1.5707963267948966, 2.0
686, 61, 496, 145, 495, 146, 1, -1, -0.7853981633974483, 1.4142135623730951
686, 62, 526, 179, 525, 177, 1, 2, 1.1071487177940904, 2.23606797749979
686, 68, 585, 241, 586, 243, -1, -2, -2.0344439357957027, 2.23606797749979
687, 12, 366, 303, 366, 305, 0, -2, -1.5707963267948966, 2.0
687, 13, 440, 165, 440, 167, 0, -2, -1.5707963267948966, 2.0
687, 18, 200, 322, 199, 323, 1, -1, -0.7853981633974483, 1.4142135623730951
687, 20, 419, 332, 418, 335, 1, -3, -1.2490457723982544, 3.1622776601683795
687, 34, 162, 193, 161, 194, 1, -1, -0.7853981633974483, 1.4142135623730951
687, 40, 68, 341, 67, 342, 1, -1, -0.7853981633974483, 1.4142135623730951
687, 41, 420, 295, 420, 297, 0, -2, -1.5707963267948966, 2.0
687, 42, 493, 129, 491, 130, 2, -1, -0.4636476090008061, 2.23606797749979
687, 44, 484, 123, 482, 123, 2, 0, 0.0, 2.0
687, 50, 162, 183, 160, 184, 2, -1, -0.4636476090008061, 2.23606797749979
687, 60, 410, 205, 410, 207, 0, -2, -1.5707963267948966, 2.0
687, 62, 527, 181, 526, 179, 1, 2, 1.1071487177940904, 2.23606797749979
687, 63, 542, 159, 543, 161, -1, -2, -2.0344439357957027, 2.23606797749979
687, 67, 576, 200, 575, 199, 1, 1, 0.7853981633974483, 1.4142135623730951
688, 11, 366, 301, 366, 303, 0, -2, -1.5707963267948966, 2.0
688, 12, 441, 163, 440, 165, 1, -2, -1.1071487177940904, 2.23606797749979
688, 19, 419, 330, 419, 332, 0, -2, -1.5707963267948966, 2.0
688, 36, 105, 408, 104, 409, 1, -1, -0.7853981633974483, 1.4142135623730951
688, 39, 69, 340, 68, 341, 1, -1, -0.7853981633974483, 1.4142135623730951
688, 40, 421, 293, 420, 295, 1, -2, -1.1071487177940904, 2.23606797749979
688, 41, 494, 128, 493, 129, 1, -1, -0.7853981633974483, 1.4142135623730951
688, 42, 485, 124, 484, 123, 1, 1, 0.7853981633974483, 1.4142135623730951
688, 43, 601, 266, 600, 264, 1, 2, 1.1071487177940904, 2.23606797749979
688, 54, 572, 266, 571, 265, 1, 1, 0.7853981633974483, 1.4142135623730951
688, 55, 261, 384, 260, 385, 1, -1, -0.7853981633974483, 1.4142135623730951
688, 56, 410, 203, 410, 205, 0, -2, -1.5707963267948966, 2.0
688, 58, 528, 183, 527, 181, 1, 2, 1.1071487177940904, 2.23606797749979
688, 59, 542, 157, 542, 159, 0, -2, -1.5707963267948966, 2.0
688, 63, 586, 239, 585, 240, 1, -1, -0.7853981633974483, 1.4142135623730951
689, 11, 366, 298, 366, 301, 0, -3, -1.5707963267948966, 3.0
689, 12, 440, 161, 441, 163, -1, -2, -2.0344439357957027, 2.23606797749979
689, 19, 419, 328, 419, 330, 0, -2, -1.5707963267948966, 2.0
689, 21, 89, 340, 91, 340, -2, 0, 3.141592653589793, 2.0
689, 39, 70, 339, 69, 340, 1, -1, -0.7853981633974483, 1.4142135623730951
689, 40, 421, 291, 421, 293, 0, -2, -1.5707963267948966, 2.0
689, 43, 601, 270, 601, 266, 0, 4, 1.5707963267948966, 4.0
689, 48, 164, 184, 163, 183, 1, 1, 0.7853981633974483, 1.4142135623730951
689, 55, 410, 200, 410, 203, 0, -3, -1.5707963267948966, 3.0
689, 56, 499, 144, 497, 144, 2, 0, 0.0, 2.0
689, 57, 527, 185, 528, 183, -1, 2, 2.0344439357957027, 2.23606797749979
689, 58, 543, 155, 542, 157, 1, -2, -1.1071487177940904, 2.23606797749979
689, 61, 577, 202, 576, 201, 1, 1, 0.7853981633974483, 1.4142135623730951
689, 62, 586, 237, 586, 239, 0, -2, -1.5707963267948966, 2.0
690, 8, 366, 303, 368, 306, -2, -3, -2.158798930342464, 3.605551275463989
690, 24, 442, 164, 442, 166, 0, -2, -1.5707963267948966, 2.0
690, 28, 553, 166, 550, 164, 3, 2, 0.5880026035475675, 3.605551275463989
690, 31, 459, 141, 458, 142, 1, -1, -0.7853981633974483, 1.4142135623730951
690, 33, 422, 334, 421, 336, 1, -2, -1.1071487177940904, 2.23606797749979
690, 40, 496, 127, 494, 128, 2, -1, -0.4636476090008061, 2.23606797749979
690, 42, 72, 342, 71, 343, 1, -1, -0.7853981633974483, 1.4142135623730951
690, 45, 203, 413, 202, 414, 1, -1, -0.7853981633974483, 1.4142135623730951
690, 48, 584, 279, 583, 277, 1, 2, 1.1071487177940904, 2.23606797749979
690, 59, 357, 341, 357, 343, 0, -2, -1.5707963267948966, 2.0
690, 60, 389, 341, 389, 343, 0, -2, -1.5707963267948966, 2.0
690, 61, 383, 335, 381, 338, 2, -3, -0.982793723247329, 3.605551275463989
691, 8, 367, 301, 366, 303, 1, -2, -1.1071487177940904, 2.23606797749979
691, 12, 21, 328, 20, 329, 1, -1, -0.7853981633974483, 1.4142135623730951
691, 24, 442, 162, 442, 164, 0, -2, -1.5707963267948966, 2.0
691, 28, 555, 169, 553, 166, 2, 3, 0.982793723247329, 3.605551275463989
691, 30, 460, 139, 459, 141, 1, -2, -1.1071487177940904, 2.23606797749979
691, 32, 423, 332, 422, 334, 1, -2, -1.1071487177940904, 2.23606797749979
691, 39, 497, 126, 496, 127, 1, -1, -0.7853981633974483, 1.4142135623730951
691, 41, 74, 341, 72, 342, 2, -1, -0.4636476090008061, 2.23606797749979
691, 42, 162, 413, 161, 414, 1, -1, -0.7853981633974483, 1.4142135623730951
691, 47, 585, 281, 584, 279, 1, 2, 1.1071487177940904, 2.23606797749979
691, 52, 41, 184, 40, 185, 1, -1, -0.7853981633974483, 1.4142135623730951
691, 58, 358, 339, 357, 341, 1, -2, -1.1071487177940904, 2.23606797749979
691, 59, 389, 339, 389, 341, 0, -2, -1.5707963267948966, 2.0
691, 60, 383, 333, 383, 335, 0, -2, -1.5707963267948966, 2.0
691, 62, 97, 385, 99, 385, -2, 0, 3.141592653589793, 2.0
691, 64, 17, 228, 16, 229, 1, -1, -0.7853981633974483, 1.4142135623730951
692, 8, 367, 299, 367, 301, 0, -2, -1.5707963267948966, 2.0
692, 17, 158, 331, 157, 332, 1, -1, -0.7853981633974483, 1.4142135623730951
692, 23, 443, 160, 442, 162, 1, -2, -1.1071487177940904, 2.23606797749979
692, 27, 555, 171, 555, 169, 0, 2, 1.5707963267948966, 2.0
692, 31, 424, 330, 423, 332, 1, -2, -1.1071487177940904, 2.23606797749979
692, 38, 498, 125, 497, 126, 1, -1, -0.7853981633974483, 1.4142135623730951
692, 52, 457, 193, 458, 192, -1, 1, 2.356194490192345, 1.4142135623730951
692, 57, 359, 337, 358, 339, 1, -2, -1.1071487177940904, 2.23606797749979
692, 58, 390, 337, 389, 339, 1, -2, -1.1071487177940904, 2.23606797749979
692, 60, 95, 384, 97, 385, -2, -1, -2.677945044588987, 2.23606797749979
692, 66, 594, 307, 594, 303, 0, 4, 1.5707963267948966, 4.0
693, 8, 368, 296, 367, 299, 1, -3, -1.2490457723982544, 3.1622776601683795
693, 17, 158, 329, 158, 331, 0, -2, -1.5707963267948966, 2.0
693, 22, 443, 158, 443, 160, 0, -2, -1.5707963267948966, 2.0
693, 27, 461, 137, 460, 138, 1, -1, -0.7853981633974483, 1.4142135623730951
693, 29, 425, 328, 424, 330, 1, -2, -1.1071487177940904, 2.23606797749979
693, 36, 499, 124, 498, 125, 1, -1, -0.7853981633974483, 1.4142135623730951
693, 44, 586, 283, 585, 282, 1, 1, 0.7853981633974483, 1.4142135623730951
693, 54, 268, 327, 267, 328, 1, -1, -0.7853981633974483, 1.4142135623730951
693, 56, 390, 335, 390, 337, 0, -2, -1.5707963267948966, 2.0
693, 57, 384, 330, 383, 332, 1, -2, -1.1071487177940904, 2.23606797749979
693, 63, 594, 310, 594, 307, 0, 3, 1.5707963267948966, 3.0
694, 7, 368, 294, 368, 296, 0, -2, -1.5707963267948966, 2.0
694, 25, 462, 136, 461, 137, 1, -1, -0.7853981633974483, 1.4142135623730951
694, 27, 425, 326, 425, 328, 0, -2, -1.5707963267948966, 2.0
694, 28, 12, 196, 11, 197, 1, -1, -0.7853981633974483, 1.4142135623730951
694, 34, 500, 123, 499, 124, 1, -1, -0.7853981633974483, 1.4142135623730951
694, 37, 164, 412, 163, 413, 1, -1, -0.7853981633974483, 1.4142135623730951
694, 38, 206, 353, 205, 354, 1, -1, -0.7853981633974483, 1.4142135623730951
694, 42, 587, 284, 586, 283, 1, 1, 0.7853981633974483, 1.4142135623730951
694, 47, 42, 181, 41, 182, 1, -1, -0.7853981633974483, 1.4142135623730951
694, 52, 270, 327, 268, 327, 2, 0, 0.0, 2.0
694, 53, 360, 334, 359, 336, 1, -2, -1.1071487177940904, 2.23606797749979
694, 54, 391, 334, 390, 335, 1, -1, -0.7853981633974483, 1.4142135623730951
694, 55, 385, 328, 384, 330, 1, -2, -1.1071487177940904, 2.23606797749979
694, 61, 595, 314, 594, 310, 1, 4, 1.3258176636680326, 4.123105625617661
695, 15, 371, 295, 370, 298, 1, -3, -1.2490457723982544, 3.1622776601683795
695, 28, 425, 329, 424, 331, 1, -2, -1.1071487177940904, 2.23606797749979
695, 32, 358, 343, 357, 344, 1, -1, -0.7853981633974483, 1.4142135623730951
695, 33, 527, 192, 527, 190, 0, 2, 1.5707963267948966, 2.0
695, 41, 75, 239, 74, 241, 1, -2, -1.1071487177940904, 2.23606797749979
695, 43, 328, 390, 327, 391, 1, -1, -0.7853981633974483, 1.4142135623730951
695, 47, 607, 285, 607, 282, 0, 3, 1.5707963267948966, 3.0
695, 52, 14, 200, 12, 200, 2, 0, 0.0, 2.0
695, 56, 597, 311, 596, 309, 1, 2, 1.1071487177940904, 2.23606797749979
695, 59, 462, 137, 461, 138, 1, -1, -0.7853981633974483, 1.4142135623730951
695, 80, 420, 294, 420, 296, 0, -2, -1.5707963267948966, 2.0
695, 89, 365, 339, 364, 341, 1, -2, -1.1071487177940904, 2.23606797749979
695, 92, 348, 374, 347, 375, 1, -1, -0.7853981633974483, 1.4142135623730951
695, 96, 423, 185, 423, 187, 0, -2, -1.5707963267948966, 2.0
695, 97, 393, 338, 392, 340, 1, -2, -1.1071487177940904, 2.23606797749979
695, 100, 444, 143, 442, 146, 2, -3, -0.982793723247329, 3.605551275463989
695, 109, 99, 213, 99, 215, 0, -2, -1.5707963267948966, 2.0
696, 15, 371, 293, 371, 295, 0, -2, -1.5707963267948966, 2.0
696, 27, 425, 327, 425, 329, 0, -2, -1.5707963267948966, 2.0
696, 31, 360, 341, 358, 343, 2, -2, -0.7853981633974483, 2.8284271247461903
696, 40, 329, 389, 328, 390, 1, -1, -0.7853981633974483, 1.4142135623730951
696, 42, 165, 413, 163, 413, 2, 0, 0.0, 2.0
696, 44, 607, 288, 607, 285, 0, 3, 1.5707963267948966, 3.0
696, 49, 15, 199, 14, 200, 1, -1, -0.7853981633974483, 1.4142135623730951
696, 53, 598, 312, 597, 311, 1, 1, 0.7853981633974483, 1.4142135623730951
696, 74, 421, 292, 420, 294, 1, -2, -1.1071487177940904, 2.23606797749979
696, 82, 311, 346, 310, 347, 1, -1, -0.7853981633974483, 1.4142135623730951
696, 83, 366, 337, 365, 339, 1, -2, -1.1071487177940904, 2.23606797749979
696, 86, 349, 373, 348, 374, 1, -1, -0.7853981633974483, 1.4142135623730951
696, 90, 394, 336, 393, 338, 1, -2, -1.1071487177940904, 2.23606797749979
696, 92, 445, 142, 444, 143, 1, -1, -0.7853981633974483, 1.4142135623730951
696, 98, 97, 387, 98, 386, -1, 1, 2.356194490192345, 1.4142135623730951
697, 9, 442, 160, 442, 162, 0, -2, -1.5707963267948966, 2.0
697, 15, 371, 291, 371, 293, 0, -2, -1.5707963267948966, 2.0
697, 27, 426, 325, 425, 327, 1, -2, -1.1071487177940904, 2.23606797749979
697, 31, 361, 339, 360, 341, 1, -2, -1.1071487177940904, 2.23606797749979
697, 32, 529, 194, 527, 193, 2, 1, 0.4636476090008061, 2.23606797749979
697, 40, 330, 388, 329, 389, 1, -1, -0.7853981633974483, 1.4142135623730951
697, 42, 166, 412, 165, 413, 1, -1, -0.7853981633974483, 1.4142135623730951
697, 44, 607, 292, 607, 288, 0, 4, 1.5707963267948966, 4.0
697, 52, 50, 371, 52, 369, -2, 2, 2.356194490192345, 2.8284271247461903
697, 53, 599, 313, 598, 312, 1, 1, 0.7853981633974483, 1.4142135623730951
697, 55, 463, 136, 462, 137, 1, -1, -0.7853981633974483, 1.4142135623730951
697, 65, 423, 228, 424, 227, -1, 1, 2.356194490192345, 1.4142135623730951
697, 69, 272, 328, 271, 329, 1, -1, -0.7853981633974483, 1.4142135623730951
697, 72, 421, 289, 421, 292, 0, -3, -1.5707963267948966, 3.0
697, 76, 437, 169, 436, 170, 1, -1, -0.7853981633974483, 1.4142135623730951
697, 80, 312, 345, 311, 346, 1, -1, -0.7853981633974483, 1.4142135623730951
697, 81, 367, 335, 366, 337, 1, -2, -1.1071487177940904, 2.23606797749979
697, 84, 350, 372, 349, 373, 1, -1, -0.7853981633974483, 1.4142135623730951
697, 88, 394, 334, 394, 336, 0, -2, -1.5707963267948966, 2.0
697, 95, 297, 394, 296, 395, 1, -1, -0.7853981633974483, 1.4142135623730951
698, 9, 443, 159, 442, 160, 1, -1, -0.7853981633974483, 1.4142135623730951
698, 15, 372, 289, 371, 291, 1, -2, -1.1071487177940904, 2.23606797749979
698, 27, 427, 323, 426, 325, 1, -2, -1.1071487177940904, 2.23606797749979
698, 30, 203, 408, 202, 409, 1, -1, -0.7853981633974483, 1.4142135623730951
698, 31, 362, 337, 361, 339, 1, -2, -1.1071487177940904, 2.23606797749979
698, 32, 530, 195, 529, 194, 1, 1, 0.7853981633974483, 1.4142135623730951
698, 39, 331, 387, 330, 388, 1, -1, -0.7853981633974483, 1.4142135623730951
698, 41, 167, 411, 166, 412, 1, -1, -0.7853981633974483, 1.4142135623730951
698, 43, 607, 294, 607, 292, 0, 2, 1.5707963267948966, 2.0
698, 48, 16, 197, 15, 198, 1, -1, -0.7853981633974483, 1.4142135623730951
698, 52, 600, 314, 599, 313, 1, 1, 0.7853981633974483, 1.4142135623730951
698, 54, 464, 134, 463, 136, 1, -2, -1.1071487177940904, 2.23606797749979
698, 64, 421, 229, 423, 228, -2, 1, 2.677945044588987, 2.23606797749979
698, 69, 422, 286, 421, 289, 1, -3, -1.2490457723982544, 3.1622776601683795
698, 75, 367, 333, 367, 335, 0, -2, -1.5707963267948966, 2.0
698, 76, 457, 197, 458, 196, -1, 1, 2.356194490192345, 1.4142135623730951
698, 78, 352, 371, 350, 372, 2, -1, -0.4636476090008061, 2.23606797749979
698, 79, 96, 341, 95, 342, 1, -1, -0.7853981633974483, 1.4142135623730951
698, 82, 395, 332, 394, 334, 1, -2, -1.1071487177940904, 2.23606797749979
698, 83, 105, 195, 104, 194, 1, 1, 0.7853981633974483, 1.4142135623730951
698, 84, 443, 142, 445, 142, -2, 0, 3.141592653589793, 2.0
698, 88, 299, 392, 297, 394, 2, -2, -0.7853981633974483, 2.8284271247461903
699, 14, 373, 286, 372, 289, 1, -3, -1.2490457723982544, 3.1622776601683795
699, 26, 427, 320, 427, 323, 0, -3, -1.5707963267948966, 3.0
699, 30, 363, 335, 362, 337, 1, -2, -1.1071487177940904, 2.23606797749979
699, 31, 530, 197, 530, 195, 0, 2, 1.5707963267948966, 2.0
699, 38, 332, 386, 331, 387, 1, -1, -0.7853981633974483, 1.4142135623730951
699, 40, 168, 410, 167, 411, 1, -1, -0.7853981633974483, 1.4142135623730951
699, 50, 599, 315, 600, 314, -1, 1, 2.356194490192345, 1.4142135623730951
699, 52, 466, 133, 464, 134, 2, -1, -0.4636476090008061, 2.23606797749979
699, 67, 423, 283, 422, 286, 1, -3, -1.2490457723982544, 3.1622776601683795
699, 70, 437, 166, 437, 168, 0, -2, -1.5707963267948966, 2.0
699, 73, 368, 331, 367, 333, 1, -2, -1.1071487177940904, 2.23606797749979
699, 76, 353, 370, 352, 371, 1, -1, -0.7853981633974483, 1.4142135623730951
699, 80, 395, 330, 395, 332, 0, -2, -1.5707963267948966, 2.0
699, 83, 317, 364, 316, 365, 1, -1, -0.7853981633974483, 1.4142135623730951
699, 85, 300, 391, 299, 392, 1, -1, -0.7853981633974483, 1.4142135623730951
700, 15, 428, 323, 427, 325, 1, -2, -1.1071487177940904, 2.23606797749979
700, 22, 373, 290, 372, 293, 1, -3, -1.2490457723982544, 3.1622776601683795
700, 34, 368, 334, 367, 336, 1, -2, -1.1071487177940904, 2.23606797749979
700, 37, 168, 413, 167, 414, 1, -1, -0.7853981633974483, 1.4142135623730951
700, 40, 556, 178, 554, 178, 2, 0, 0.0, 2.0
700, 41, 467, 134, 466, 136, 1, -2, -1.1071487177940904, 2.23606797749979
700, 44, 354, 321, 353, 323, 1, -2, -1.1071487177940904, 2.23606797749979
700, 46, 332, 389, 331, 390, 1, -1, -0.7853981633974483, 1.4142135623730951
700, 59, 413, 198, 413, 200, 0, -2, -1.5707963267948966, 2.0
700, 64, 594, 263, 593, 262, 1, 1, 0.7853981633974483, 1.4142135623730951
700, 74, 403, 226, 403, 228, 0, -2, -1.5707963267948966, 2.0
700, 79, 427, 179, 427, 181, 0, -2, -1.5707963267948966, 2.0
700, 81, 494, 126, 493, 127, 1, -1, -0.7853981633974483, 1.4142135623730951
700, 84, 528, 197, 526, 196, 2, 1, 0.4636476090008061, 2.23606797749979
700, 88, 440, 166, 439, 168, 1, -2, -1.1071487177940904, 2.23606797749979
700, 90, 353, 371, 352, 372, 1, -1, -0.7853981633974483, 1.4142135623730951
700, 91, 443, 241, 443, 243, 0, -2, -1.5707963267948966, 2.0
700, 94, 393, 329, 393, 331, 0, -2, -1.5707963267948966, 2.0
701, 13, 428, 321, 428, 323, 0, -2, -1.5707963267948966, 2.0
701, 18, 373, 287, 373, 290, 0, -3, -1.5707963267948966, 3.0
701, 33, 169, 412, 168, 413, 1, -1, -0.7853981633974483, 1.4142135623730951
701, 36, 558, 178, 556, 178, 2, 0, 0.0, 2.0
701, 37, 468, 133, 467, 134, 1, -1, -0.7853981633974483, 1.4142135623730951
701, 40, 354, 319, 354, 321, 0, -2, -1.5707963267948966, 2.0
701, 42, 333, 388, 332, 389, 1, -1, -0.7853981633974483, 1.4142135623730951
701, 54, 413, 196, 413, 198, 0, -2, -1.5707963267948966, 2.0
701, 55, 320, 365, 319, 366, 1, -1, -0.7853981633974483, 1.4142135623730951
701, 59, 596, 263, 594, 263, 2, 0, 0.0, 2.0
701, 68, 88, 177, 86, 178, 2, -1, -0.4636476090008061, 2.23606797749979
701, 69, 403, 224, 403, 226, 0, -2, -1.5707963267948966, 2.0
701, 73, 427, 177, 427, 179, 0, -2, -1.5707963267948966, 2.0
701, 78, 528, 199, 528, 197, 0, 2, 1.5707963267948966, 2.0
701, 82, 440, 164, 440, 166, 0, -2, -1.5707963267948966, 2.0
701, 84, 355, 370, 353, 371, 2, -1, -0.4636476090008061, 2.23606797749979
701, 86, 583, 289, 585, 289, -2, 0, 3.141592653589793, 2.0
701, 88, 394, 327, 393, 329, 1, -2, -1.1071487177940904, 2.23606797749979
702, 11, 428, 319, 428, 321, 0, -2, -1.5707963267948966, 2.0
702, 12, 445, 157, 445, 159, 0, -2, -1.5707963267948966, 2.0
702, 16, 371, 285, 373, 287, -2, -2, -2.356194490192345, 2.8284271247461903
702, 28, 369, 331, 368, 333, 1, -2, -1.1071487177940904, 2.23606797749979
702, 34, 559, 177, 558, 178, 1, -1, -0.7853981633974483, 1.4142135623730951
702, 35, 469, 131, 468, 133, 1, -2, -1.1071487177940904, 2.23606797749979
702, 37, 355, 316, 354, 319, 1, -3, -1.2490457723982544, 3.1622776601683795
702, 39, 334, 387, 333, 388, 1, -1, -0.7853981633974483, 1.4142135623730951
702, 51, 413, 194, 413, 196, 0, -2, -1.5707963267948966, 2.0
702, 60, 602, 315, 601, 314, 1, 1, 0.7853981633974483, 1.4142135623730951
702, 64, 299, 397, 298, 398, 1, -1, -0.7853981633974483, 1.4142135623730951
702, 65, 89, 176, 88, 177, 1, -1, -0.7853981633974483, 1.4142135623730951
702, 66, 403, 222, 403, 224, 0, -2, -1.5707963267948966, 2.0
702, 70, 427, 175, 427, 177, 0, -2, -1.5707963267948966, 2.0
702, 72, 496, 125, 494, 125, 2, 0, 0.0, 2.0
702, 75, 529, 200, 528, 199, 1, 1, 0.7853981633974483, 1.4142135623730951
702, 76, 248, 320, 247, 321, 1, -1, -0.7853981633974483, 1.4142135623730951
702, 81, 356, 369, 355, 370, 1, -1, -0.7853981633974483, 1.4142135623730951
702, 83, 581, 289, 583, 289, -2, 0, 3.141592653589793, 2.0
702, 85, 395, 326, 394, 327, 1, -1, -0.7853981633974483, 1.4142135623730951
703, 11, 428, 317, 428, 319, 0, -2, -1.5707963267948966, 2.0
703, 16, 371, 283, 371, 285, 0, -2, -1.5707963267948966, 2.0
703, 28, 370, 329, 369, 331, 1, -2, -1.1071487177940904, 2.23606797749979
703, 31, 171, 411, 170, 412, 1, -1, -0.7853981633974483, 1.4142135623730951
703, 35, 470, 130, 469, 131, 1, -1, -0.7853981633974483, 1.4142135623730951
703, 39, 335, 386, 334, 387, 1, -1, -0.7853981633974483, 1.4142135623730951
703, 41, 167, 194, 164, 193, 3, 1, 0.3217505543966422, 3.1622776601683795
703, 49, 97, 215, 94, 215, 3, 0, 0.0, 3.0
703, 51, 414, 192, 413, 194, 1, -2, -1.1071487177940904, 2.23606797749979
703, 52, 321, 363, 320, 364, 1, -1, -0.7853981633974483, 1.4142135623730951
703, 63, 300, 396, 299, 397, 1, -1, -0.7853981633974483, 1.4142135623730951
703, 75, 249, 319, 248, 320, 1, -1, -0.7853981633974483, 1.4142135623730951
703, 76, 172, 327, 171, 328, 1, -1, -0.7853981633974483, 1.4142135623730951
703, 80, 358, 367, 356, 369, 2, -2, -0.7853981633974483, 2.8284271247461903
703, 84, 395, 324, 395, 326, 0, -2, -1.5707963267948966, 2.0
704, 10, 429, 316, 428, 317, 1, -1, -0.7853981633974483, 1.4142135623730951
704, 11, 445, 154, 445, 156, 0, -2, -1.5707963267948966, 2.0
704, 15, 372, 280, 371, 283, 1, -3, -1.2490457723982544, 3.1622776601683795
704, 19, 276, 208, 279, 209, -3, -1, -2.819842099193151, 3.1622776601683795
704, 25, 208, 410, 207, 411, 1, -1, -0.7853981633974483, 1.4142135623730951
704, 27, 371, 327, 370, 329, 1, -2, -1.1071487177940904, 2.23606797749979
704, 30, 172, 410, 171, 411, 1, -1, -0.7853981633974483, 1.4142135623730951
704, 31, 580, 218, 579, 217, 1, 1, 0.7853981633974483, 1.4142135623730951
704, 33, 560, 177, 559, 178, 1, -1, -0.7853981633974483, 1.4142135623730951
704, 34, 470, 128, 470, 130, 0, -2, -1.5707963267948966, 2.0
704, 36, 356, 313, 355, 315, 1, -2, -1.1071487177940904, 2.23606797749979
704, 57, 603, 317, 602, 316, 1, 1, 0.7853981633974483, 1.4142135623730951
704, 61, 91, 175, 90, 176, 1, -1, -0.7853981633974483, 1.4142135623730951
704, 68, 499, 126, 497, 125, 2, 1, 0.4636476090008061, 2.23606797749979
704, 71, 530, 203, 529, 201, 1, 2, 1.1071487177940904, 2.23606797749979
704, 72, 250, 318, 249, 319, 1, -1, -0.7853981633974483, 1.4142135623730951
704, 81, 396, 322, 395, 324, 1, -2, -1.1071487177940904, 2.23606797749979
705, 15, 373, 286, 373, 288, 0, -2, -1.5707963267948966, 2.0
705, 23, 293, 330, 292, 329, 1, 1, 0.7853981633974483, 1.4142135623730951
705, 29, 429, 279, 429, 281, 0, -2, -1.5707963267948966, 2.0
705, 32, 211, 324, 210, 325, 1, -1, -0.7853981633974483, 1.4142135623730951
705, 37, 172, 411, 171, 412, 1, -1, -0.7853981633974483, 1.4142135623730951
705, 45, 501, 129, 498, 128, 3, 1, 0.3217505543966422, 3.1622776601683795
705, 55, 612, 286, 612, 282, 0, 4, 1.5707963267948966, 4.0
705, 56, 581, 284, 581, 282, 0, 2, 1.5707963267948966, 2.0
705, 57, 555, 174, 556, 176, -1, -2, -2.0344439357957027, 2.23606797749979
705, 59, 430, 319, 430, 321, 0, -2, -1.5707963267948966, 2.0
705, 60, 300, 402, 299, 403, 1, -1, -0.7853981633974483, 1.4142135623730951
705, 64, 19, 198, 18, 199, 1, -1, -0.7853981633974483, 1.4142135623730951
705, 68, 461, 259, 460, 260, 1, -1, -0.7853981633974483, 1.4142135623730951
705, 77, 428, 177, 428, 179, 0, -2, -1.5707963267948966, 2.0
705, 83, 357, 369, 356, 370, 1, -1, -0.7853981633974483, 1.4142135623730951
705, 84, 365, 288, 365, 291, 0, -3, -1.5707963267948966, 3.0
706, 11, 26, 329, 25, 331, 1, -2, -1.1071487177940904, 2.23606797749979
706, 14, 374, 284, 373, 286, 1, -2, -1.1071487177940904, 2.23606797749979
706, 18, 446, 154, 446, 158, 0, -4, -1.5707963267948966, 4.0
706, 28, 430, 277, 429, 279, 1, -2, -1.1071487177940904, 2.23606797749979
706, 31, 209, 324, 211, 324, -2, 0, 3.141592653589793, 2.0
706, 33, 471, 131, 470, 133, 1, -2, -1.1071487177940904, 2.23606797749979
706, 36, 173, 410, 172, 411, 1, -1, -0.7853981633974483, 1.4142135623730951
706, 44, 503, 129, 501, 129, 2, 0, 0.0, 2.0
706, 54, 612, 289, 612, 286, 0, 3, 1.5707963267948966, 3.0
706, 55, 580, 286, 581, 284, -1, 2, 2.0344439357957027, 2.23606797749979
706, 58, 430, 317, 430, 319, 0, -2, -1.5707963267948966, 2.0
706, 59, 302, 401, 300, 402, 2, -1, -0.4636476090008061, 2.23606797749979
706, 63, 22, 199, 19, 198, 3, 1, 0.3217505543966422, 3.1622776601683795
706, 64, 354, 312, 353, 314, 1, -2, -1.1071487177940904, 2.23606797749979
706, 67, 462, 257, 461, 259, 1, -2, -1.1071487177940904, 2.23606797749979
706, 68, 370, 326, 369, 327, 1, -1, -0.7853981633974483, 1.4142135623730951
706, 75, 428, 175, 428, 177, 0, -2, -1.5707963267948966, 2.0
706, 79, 335, 387, 334, 388, 1, -1, -0.7853981633974483, 1.4142135623730951
706, 81, 358, 368, 357, 369, 1, -1, -0.7853981633974483, 1.4142135623730951
706, 82, 366, 285, 365, 288, 1, -3, -1.2490457723982544, 3.1622776601683795
706, 83, 22, 268, 23, 267, -1, 1, 2.356194490192345, 1.4142135623730951
707, 9, 120, 256, 120, 258, 0, -2, -1.5707963267948966, 2.0
707, 13, 607, 290, 608, 292, -1, -2, -2.0344439357957027, 2.23606797749979
707, 14, 374, 282, 374, 284, 0, -2, -1.5707963267948966, 2.0
707, 18, 447, 152, 446, 154, 1, -2, -1.1071487177940904, 2.23606797749979
707, 27, 430, 275, 430, 277, 0, -2, -1.5707963267948966, 2.0
707, 32, 472, 130, 471, 131, 1, -1, -0.7853981633974483, 1.4142135623730951
707, 34, 174, 409, 173, 410, 1, -1, -0.7853981633974483, 1.4142135623730951
707, 40, 505, 129, 503, 129, 2, 0, 0.0, 2.0
707, 47, 244, 202, 243, 203, 1, -1, -0.7853981633974483, 1.4142135623730951
707, 53, 432, 313, 430, 317, 2, -4, -1.1071487177940904, 4.47213595499958
707, 63, 531, 201, 531, 203, 0, -2, -1.5707963267948966, 2.0
707, 66, 13, 377, 12, 378, 1, -1, -0.7853981633974483, 1.4142135623730951
707, 72, 336, 386, 335, 387, 1, -1, -0.7853981633974483, 1.4142135623730951
707, 75, 366, 281, 366, 285, 0, -4, -1.5707963267948966, 4.0
708, 14, 375, 280, 374, 282, 1, -2, -1.1071487177940904, 2.23606797749979
708, 26, 430, 272, 430, 275, 0, -3, -1.5707963267948966, 3.0
708, 31, 473, 128, 472, 130, 1, -2, -1.1071487177940904, 2.23606797749979
708, 33, 175, 408, 174, 409, 1, -1, -0.7853981633974483, 1.4142135623730951
708, 39, 507, 130, 505, 129, 2, 1, 0.4636476090008061, 2.23606797749979
708, 50, 433, 311, 432, 313, 1, -2, -1.1071487177940904, 2.23606797749979
708, 54, 284, 351, 283, 352, 1, -1, -0.7853981633974483, 1.4142135623730951
708, 55, 24, 198, 23, 199, 1, -1, -0.7853981633974483, 1.4142135623730951
708, 59, 370, 323, 370, 325, 0, -2, -1.5707963267948966, 2.0
708, 67, 322, 364, 321, 365, 1, -1, -0.7853981633974483, 1.4142135623730951
708, 69, 337, 385, 336, 386, 1, -1, -0.7853981633974483, 1.4142135623730951
708, 70, 359, 366, 358, 367, 1, -1, -0.7853981633974483, 1.4142135623730951
708, 71, 366, 278, 366, 281, 0, -3, -1.5707963267948966, 3.0
709, 12, 375, 277, 375, 280, 0, -3, -1.5707963267948966, 3.0
709, 15, 447, 149, 447, 151, 0, -2, -1.5707963267948966, 2.0
709, 18, 295, 329, 294, 330, 1, -1, -0.7853981633974483, 1.4142135623730951
709, 29, 474, 127, 473, 128, 1, -1, -0.7853981633974483, 1.4142135623730951
709, 31, 176, 407, 175, 408, 1, -1, -0.7853981633974483, 1.4142135623730951
709, 46, 283, 328, 282, 329, 1, -1, -0.7853981633974483, 1.4142135623730951
709, 47, 435, 309, 433, 311, 2, -2, -0.7853981633974483, 2.8284271247461903
709, 50, 37, 387, 36, 388, 1, -1, -0.7853981633974483, 1.4142135623730951
709, 55, 463, 253, 462, 255, 1, -2, -1.1071487177940904, 2.23606797749979
709, 65, 338, 384, 337, 385, 1, -1, -0.7853981633974483, 1.4142135623730951
709, 66, 360, 365, 359, 366, 1, -1, -0.7853981633974483, 1.4142135623730951
709, 67, 366, 276, 366, 278, 0, -2, -1.5707963267948966, 2.0
710, 1, 256, 309, 257, 308, -1, 1, 2.356194490192345, 1.4142135623730951
710, 16, 377, 281, 376, 283, 1, -2, -1.1071487177940904, 2.23606797749979
710, 22, 311, 391, 310, 392, 1, -1, -0.7853981633974483, 1.4142135623730951
710, 30, 475, 131, 474, 132, 1, -1, -0.7853981633974483, 1.4142135623730951
710, 32, 607, 289, 608, 291, -1, -2, -2.0344439357957027, 2.23606797749979
710, 35, 433, 273, 432, 275, 1, -2, -1.1071487177940904, 2.23606797749979
710, 36, 372, 324, 372, 326, 0, -2, -1.5707963267948966, 2.0
710, 37, 434, 314, 434, 316, 0, -2, -1.5707963267948966, 2.0
710, 55, 175, 412, 174, 413, 1, -1, -0.7853981633974483, 1.4142135623730951
710, 57, 357, 308, 357, 310, 0, -2, -1.5707963267948966, 2.0
710, 62, 46, 206, 43, 206, 3, 0, 0.0, 3.0
710, 80, 128, 198, 126, 197, 2, 1, 0.4636476090008061, 2.23606797749979
710, 83, 455, 180, 456, 184, -1, -4, -1.8157749899217608, 4.123105625617661
710, 84, 59, 411, 58, 412, 1, -1, -0.7853981633974483, 1.4142135623730951
711, 1, 257, 308, 256, 309, 1, -1, -0.7853981633974483, 1.4142135623730951
711, 9, 449, 152, 448, 154, 1, -2, -1.1071487177940904, 2.23606797749979
711, 15, 378, 278, 377, 281, 1, -3, -1.2490457723982544, 3.1622776601683795
711, 21, 312, 389, 311, 391, 1, -2, -1.1071487177940904, 2.23606797749979
711, 25, 187, 216, 186, 218, 1, -2, -1.1071487177940904, 2.23606797749979
711, 27, 5, 403, 4, 404, 1, -1, -0.7853981633974483, 1.4142135623730951
711, 28, 161, 261, 161, 263, 0, -2, -1.5707963267948966, 2.0
711, 29, 476, 129, 475, 131, 1, -2, -1.1071487177940904, 2.23606797749979
711, 33, 433, 271, 433, 273, 0, -2, -1.5707963267948966, 2.0
711, 35, 434, 312, 434, 314, 0, -2, -1.5707963267948966, 2.0
711, 41, 88, 203, 86, 203, 2, 0, 0.0, 2.0
711, 44, 24, 199, 23, 200, 1, -1, -0.7853981633974483, 1.4142135623730951
711, 49, 536, 204, 535, 203, 1, 1, 0.7853981633974483, 1.4142135623730951
711, 51, 222, 175, 221, 176, 1, -1, -0.7853981633974483, 1.4142135623730951
711, 54, 357, 306, 357, 308, 0, -2, -1.5707963267948966, 2.0
711, 56, 156, 330, 160, 329, -4, 1, 2.896613990462929, 4.123105625617661
711, 77, 130, 199, 128, 198, 2, 1, 0.4636476090008061, 2.23606797749979
711, 80, 454, 176, 455, 180, -1, -4, -1.8157749899217608, 4.123105625617661
712, 1, 200, 282, 199, 283, 1, -1, -0.7853981633974483, 1.4142135623730951
712, 14, 378, 276, 378, 278, 0, -2, -1.5707963267948966, 2.0
712, 19, 313, 393, 312, 389, 1, 4, 1.3258176636680326, 4.123105625617661
712, 21, 511, 131, 509, 132, 2, -1, -0.4636476090008061, 2.23606797749979
712, 27, 478, 128, 476, 129, 2, -1, -0.4636476090008061, 2.23606797749979
712, 32, 372, 321, 372, 323, 0, -2, -1.5707963267948966, 2.0
712, 33, 434, 309, 434, 312, 0, -3, -1.5707963267948966, 3.0
712, 39, 89, 204, 88, 203, 1, 1, 0.7853981633974483, 1.4142135623730951
712, 40, 604, 325, 604, 323, 0, 2, 1.5707963267948966, 2.0
712, 47, 537, 205, 536, 204, 1, 1, 0.7853981633974483, 1.4142135623730951
712, 55, 46, 204, 46, 206, 0, -2, -1.5707963267948966, 2.0
712, 57, 276, 384, 275, 385, 1, -1, -0.7853981633974483, 1.4142135623730951
712, 72, 132, 200, 130, 199, 2, 1, 0.4636476090008061, 2.23606797749979
712, 75, 454, 173, 454, 176, 0, -3, -1.5707963267948966, 3.0
712, 76, 60, 410, 59, 411, 1, -1, -0.7853981633974483, 1.4142135623730951
713, 7, 450, 150, 449, 151, 1, -1, -0.7853981633974483, 1.4142135623730951
713, 12, 378, 273, 378, 276, 0, -3, -1.5707963267948966, 3.0
713, 16, 315, 392, 313, 393, 2, -1, -0.4636476090008061, 2.23606797749979
713, 17, 512, 130, 511, 131, 1, -1, -0.7853981633974483, 1.4142135623730951
713, 22, 479, 127, 478, 128, 1, -1, -0.7853981633974483, 1.4142135623730951
713, 34, 606, 328, 604, 325, 2, 3, 0.982793723247329, 3.605551275463989
713, 36, 25, 198, 24, 199, 1, -1, -0.7853981633974483, 1.4142135623730951
713, 41, 537, 207, 537, 205, 0, 2, 1.5707963267948966, 2.0
713, 46, 153, 329, 155, 330, -2, -1, -2.677945044588987, 2.23606797749979
713, 59, 163, 370, 164, 372, -1, -2, -2.0344439357957027, 2.23606797749979
713, 65, 170, 354, 172, 354, -2, 0, 3.141592653589793, 2.0
713, 69, 454, 169, 454, 173, 0, -4, -1.5707963267948966, 4.0
714, 10, 216, 411, 213, 413, 3, -2, -0.5880026035475675, 3.605551275463989
714, 11, 378, 271, 378, 273, 0, -2, -1.5707963267948966, 2.0
714, 15, 317, 391, 315, 392, 2, -1, -0.4636476090008061, 2.23606797749979
714, 21, 481, 125, 479, 127, 2, -2, -0.7853981633974483, 2.8284271247461903
714, 24, 434, 266, 433, 269, 1, -3, -1.2490457723982544, 3.1622776601683795
714, 26, 434, 305, 434, 308, 0, -3, -1.5707963267948966, 3.0
714, 32, 86, 204, 88, 204, -2, 0, 3.141592653589793, 2.0
714, 33, 608, 332, 606, 328, 2, 4, 1.1071487177940904, 4.47213595499958
714, 40, 538, 210, 537, 207, 1, 3, 1.2490457723982544, 3.1622776601683795
714, 42, 177, 409, 176, 410, 1, -1, -0.7853981633974483, 1.4142135623730951
714, 45, 151, 328, 153, 329, -2, -1, -2.677945044588987, 2.23606797749979
714, 50, 277, 382, 276, 383, 1, -1, -0.7853981633974483, 1.4142135623730951
714, 68, 454, 167, 454, 169, 0, -2, -1.5707963267948966, 2.0
715, 1, 201, 282, 200, 283, 1, -1, -0.7853981633974483, 1.4142135623730951
715, 8, 378, 278, 378, 280, 0, -2, -1.5707963267948966, 2.0
715, 12, 5, 406, 4, 407, 1, -1, -0.7853981633974483, 1.4142135623730951
715, 29, 452, 152, 451, 153, 1, -1, -0.7853981633974483, 1.4142135623730951
715, 30, 480, 127, 479, 128, 1, -1, -0.7853981633974483, 1.4142135623730951
715, 37, 369, 323, 368, 324, 1, -1, -0.7853981633974483, 1.4142135623730951
715, 39, 426, 275, 425, 277, 1, -2, -1.1071487177940904, 2.23606797749979
715, 44, 465, 251, 465, 253, 0, -2, -1.5707963267948966, 2.0
715, 45, 404, 315, 404, 317, 0, -2, -1.5707963267948966, 2.0
715, 46, 609, 329, 607, 328, 2, 1, 0.4636476090008061, 2.23606797749979
715, 47, 536, 211, 534, 208, 2, 3, 0.982793723247329, 3.605551275463989
715, 54, 279, 382, 278, 383, 1, -1, -0.7853981633974483, 1.4142135623730951
715, 56, 435, 309, 435, 311, 0, -2, -1.5707963267948966, 2.0
715, 68, 329, 362, 328, 364, 1, -2, -1.1071487177940904, 2.23606797749979
715, 73, 319, 394, 318, 395, 1, -1, -0.7853981633974483, 1.4142135623730951
715, 76, 459, 250, 458, 251, 1, -1, -0.7853981633974483, 1.4142135623730951
715, 77, 589, 231, 589, 229, 0, 2, 1.5707963267948966, 2.0
715, 81, 540, 214, 540, 212, 0, 2, 1.5707963267948966, 2.0
715, 86, 604, 278, 605, 277, -1, 1, 2.356194490192345, 1.4142135623730951
715, 89, 339, 390, 338, 391, 1, -1, -0.7853981633974483, 1.4142135623730951
716, 7, 379, 276, 378, 278, 1, -2, -1.1071487177940904, 2.23606797749979
716, 22, 515, 134, 513, 134, 2, 0, 0.0, 2.0
716, 27, 482, 126, 480, 127, 2, -1, -0.4636476090008061, 2.23606797749979
716, 36, 426, 273, 426, 275, 0, -2, -1.5707963267948966, 2.0
716, 41, 466, 250, 465, 251, 1, -1, -0.7853981633974483, 1.4142135623730951
716, 42, 404, 313, 404, 315, 0, -2, -1.5707963267948966, 2.0
716, 43, 611, 331, 609, 329, 2, 2, 0.7853981633974483, 2.8284271247461903
716, 44, 538, 214, 536, 211, 2, 3, 0.982793723247329, 3.605551275463989
716, 53, 436, 306, 435, 309, 1, -3, -1.2490457723982544, 3.1622776601683795
716, 56, 134, 386, 135, 388, -1, -2, -2.0344439357957027, 2.23606797749979
716, 58, 434, 270, 434, 272, 0, -2, -1.5707963267948966, 2.0
716, 61, 294, 352, 293, 353, 1, -1, -0.7853981633974483, 1.4142135623730951
716, 65, 330, 361, 329, 362, 1, -1, -0.7853981633974483, 1.4142135623730951
716, 66, 415, 187, 415, 189, 0, -2, -1.5707963267948966, 2.0
716, 69, 320, 393, 319, 394, 1, -1, -0.7853981633974483, 1.4142135623730951
716, 70, 375, 319, 375, 321, 0, -2, -1.5707963267948966, 2.0
716, 77, 540, 216, 540, 214, 0, 2, 1.5707963267948966, 2.0
716, 84, 340, 389, 339, 390, 1, -1, -0.7853981633974483, 1.4142135623730951
717, 7, 379, 273, 379, 276, 0, -3, -1.5707963267948966, 3.0
717, 16, 311, 329, 310, 330, 1, -1, -0.7853981633974483, 1.4142135623730951
717, 26, 453, 149, 452, 151, 1, -2, -1.1071487177940904, 2.23606797749979
717, 27, 483, 125, 482, 126, 1, -1, -0.7853981633974483, 1.4142135623730951
717, 34, 370, 321, 369, 322, 1, -1, -0.7853981633974483, 1.4142135623730951
717, 41, 404, 311, 404, 313, 0, -2, -1.5707963267948966, 2.0
717, 42, 612, 332, 611, 331, 1, 1, 0.7853981633974483, 1.4142135623730951
717, 43, 539, 216, 538, 214, 1, 2, 1.1071487177940904, 2.23606797749979
717, 52, 436, 304, 436, 306, 0, -2, -1.5707963267948966, 2.0
717, 57, 435, 268, 434, 270, 1, -2, -1.1071487177940904, 2.23606797749979
717, 58, 604, 291, 606, 290, -2, 1, 2.677945044588987, 2.23606797749979
717, 64, 330, 359, 330, 361, 0, -2, -1.5707963267948966, 2.0
717, 65, 415, 185, 415, 187, 0, -2, -1.5707963267948966, 2.0
717, 67, 320, 391, 320, 393, 0, -2, -1.5707963267948966, 2.0
717, 68, 375, 317, 375, 319, 0, -2, -1.5707963267948966, 2.0
717, 70, 460, 248, 459, 249, 1, -1, -0.7853981633974483, 1.4142135623730951
717, 71, 590, 233, 589, 232, 1, 1, 0.7853981633974483, 1.4142135623730951
717, 75, 541, 218, 540, 216, 1, 2, 1.1071487177940904, 2.23606797749979
717, 81, 341, 388, 340, 389, 1, -1, -0.7853981633974483, 1.4142135623730951
718, 7, 379, 271, 379, 273, 0, -2, -1.5707963267948966, 2.0
718, 26, 484, 124, 483, 125, 1, -1, -0.7853981633974483, 1.4142135623730951
718, 33, 371, 320, 370, 321, 1, -1, -0.7853981633974483, 1.4142135623730951
718, 35, 426, 271, 427, 273, -1, -2, -2.0344439357957027, 2.23606797749979
718, 39, 466, 247, 466, 249, 0, -2, -1.5707963267948966, 2.0
718, 40, 404, 309, 404, 311, 0, -2, -1.5707963267948966, 2.0
718, 41, 613, 334, 612, 332, 1, 2, 1.1071487177940904, 2.23606797749979
718, 42, 541, 216, 539, 216, 2, 0, 0.0, 2.0
718, 51, 436, 302, 436, 304, 0, -2, -1.5707963267948966, 2.0
718, 56, 435, 266, 435, 268, 0, -2, -1.5707963267948966, 2.0
718, 64, 415, 183, 415, 185, 0, -2, -1.5707963267948966, 2.0
718, 67, 376, 315, 375, 317, 1, -2, -1.1071487177940904, 2.23606797749979
718, 70, 591, 234, 590, 233, 1, 1, 0.7853981633974483, 1.4142135623730951
718, 74, 543, 219, 541, 218, 2, 1, 0.4636476090008061, 2.23606797749979
718, 77, 600, 278, 602, 278, -2, 0, 3.141592653589793, 2.0
718, 79, 342, 387, 341, 388, 1, -1, -0.7853981633974483, 1.4142135623730951
719, 6, 379, 269, 379, 271, 0, -2, -1.5707963267948966, 2.0
719, 10, 6, 404, 5, 405, 1, -1, -0.7853981633974483, 1.4142135623730951
719, 22, 454, 146, 453, 148, 1, -2, -1.1071487177940904, 2.23606797749979
719, 23, 485, 123, 484, 124, 1, -1, -0.7853981633974483, 1.4142135623730951
719, 30, 371, 318, 371, 320, 0, -2, -1.5707963267948966, 2.0
719, 32, 427, 269, 426, 271, 1, -2, -1.1071487177940904, 2.23606797749979
719, 36, 467, 246, 466, 247, 1, -1, -0.7853981633974483, 1.4142135623730951
719, 37, 405, 307, 404, 309, 1, -2, -1.1071487177940904, 2.23606797749979
719, 38, 614, 335, 613, 334, 1, 1, 0.7853981633974483, 1.4142135623730951
719, 46, 280, 378, 279, 379, 1, -1, -0.7853981633974483, 1.4142135623730951
719, 48, 436, 299, 436, 302, 0, -3, -1.5707963267948966, 3.0
719, 53, 434, 264, 435, 266, -1, -2, -2.0344439357957027, 2.23606797749979
719, 54, 602, 297, 604, 292, -2, 5, 1.9513027039072615, 5.385164807134504
719, 58, 332, 358, 330, 359, 2, -1, -0.4636476090008061, 2.23606797749979
719, 62, 377, 312, 376, 315, 1, -3, -1.2490457723982544, 3.1622776601683795
719, 69, 544, 221, 543, 219, 1, 2, 1.1071487177940904, 2.23606797749979
719, 71, 232, 225, 231, 226, 1, -1, -0.7853981633974483, 1.4142135623730951
719, 72, 598, 278, 600, 278, -2, 0, 3.141592653589793, 2.0
719, 74, 343, 386, 342, 387, 1, -1, -0.7853981633974483, 1.4142135623730951
720, 11, 164, 333, 163, 334, 1, -1, -0.7853981633974483, 1.4142135623730951
720, 13, 380, 272, 380, 275, 0, -3, -1.5707963267948966, 3.0
720, 15, 454, 148, 453, 150, 1, -2, -1.1071487177940904, 2.23606797749979
720, 26, 438, 303, 437, 305, 1, -2, -1.1071487177940904, 2.23606797749979
720, 33, 485, 127, 484, 128, 1, -1, -0.7853981633974483, 1.4142135623730951
720, 40, 541, 220, 542, 219, -1, 1, 2.356194490192345, 1.4142135623730951
720, 47, 408, 314, 408, 316, 0, -2, -1.5707963267948966, 2.0
720, 49, 468, 251, 468, 253, 0, -2, -1.5707963267948966, 2.0
720, 58, 367, 363, 366, 364, 1, -1, -0.7853981633974483, 1.4142135623730951
720, 62, 432, 263, 431, 265, 1, -2, -1.1071487177940904, 2.23606797749979
720, 64, 218, 413, 217, 414, 1, -1, -0.7853981633974483, 1.4142135623730951
721, 10, 164, 331, 164, 333, 0, -2, -1.5707963267948966, 2.0
721, 12, 380, 270, 380, 272, 0, -2, -1.5707963267948966, 2.0
721, 25, 439, 301, 438, 303, 1, -2, -1.1071487177940904, 2.23606797749979
721, 32, 486, 126, 485, 127, 1, -1, -0.7853981633974483, 1.4142135623730951
721, 33, 210, 327, 209, 328, 1, -1, -0.7853981633974483, 1.4142135623730951
721, 35, 608, 307, 609, 306, -1, 1, 2.356194490192345, 1.4142135623730951
721, 39, 543, 221, 541, 220, 2, 1, 0.4636476090008061, 2.23606797749979
721, 41, 282, 381, 281, 382, 1, -1, -0.7853981633974483, 1.4142135623730951
721, 42, 101, 278, 100, 279, 1, -1, -0.7853981633974483, 1.4142135623730951
721, 46, 408, 312, 408, 314, 0, -2, -1.5707963267948966, 2.0
721, 49, 99, 206, 98, 207, 1, -1, -0.7853981633974483, 1.4142135623730951
721, 57, 368, 362, 367, 363, 1, -1, -0.7853981633974483, 1.4142135623730951
721, 58, 77, 343, 76, 344, 1, -1, -0.7853981633974483, 1.4142135623730951
721, 61, 432, 261, 432, 263, 0, -2, -1.5707963267948966, 2.0
722, 12, 380, 268, 380, 270, 0, -2, -1.5707963267948966, 2.0
722, 14, 455, 145, 454, 147, 1, -2, -1.1071487177940904, 2.23606797749979
722, 25, 439, 299, 439, 301, 0, -2, -1.5707963267948966, 2.0
722, 28, 26, 344, 25, 345, 1, -1, -0.7853981633974483, 1.4142135623730951
722, 32, 487, 125, 486, 126, 1, -1, -0.7853981633974483, 1.4142135623730951
722, 39, 543, 223, 543, 221, 0, 2, 1.5707963267948966, 2.0
722, 40, 283, 380, 282, 381, 1, -1, -0.7853981633974483, 1.4142135623730951
722, 45, 408, 310, 408, 312, 0, -2, -1.5707963267948966, 2.0
722, 56, 78, 341, 77, 343, 1, -2, -1.1071487177940904, 2.23606797749979
722, 59, 432, 259, 432, 261, 0, -2, -1.5707963267948966, 2.0
722, 61, 219, 411, 218, 412, 1, -1, -0.7853981633974483, 1.4142135623730951
723, 9, 164, 328, 164, 330, 0, -2, -1.5707963267948966, 2.0
723, 11, 380, 266, 380, 268, 0, -2, -1.5707963267948966, 2.0
723, 12, 8, 402, 6, 404, 2, -2, -0.7853981633974483, 2.8284271247461903
723, 13, 456, 143, 455, 145, 1, -2, -1.1071487177940904, 2.23606797749979
723, 31, 488, 124, 487, 125, 1, -1, -0.7853981633974483, 1.4142135623730951
723, 37, 545, 225, 543, 223, 2, 2, 0.7853981633974483, 2.8284271247461903
723, 43, 408, 308, 408, 310, 0, -2, -1.5707963267948966, 2.0
723, 45, 468, 247, 468, 249, 0, -2, -1.5707963267948966, 2.0
723, 52, 369, 360, 368, 361, 1, -1, -0.7853981633974483, 1.4142135623730951
723, 53, 79, 340, 78, 341, 1, -1, -0.7853981633974483, 1.4142135623730951
723, 56, 433, 257, 432, 259, 1, -2, -1.1071487177940904, 2.23606797749979
724, 10, 380, 264, 380, 266, 0, -2, -1.5707963267948966, 2.0
724, 19, 30, 327, 29, 328, 1, -1, -0.7853981633974483, 1.4142135623730951
724, 22, 440, 295, 439, 298, 1, -3, -1.2490457723982544, 3.1622776601683795
724, 28, 489, 123, 488, 124, 1, -1, -0.7853981633974483, 1.4142135623730951
724, 31, 607, 310, 608, 309, -1, 1, 2.356194490192345, 1.4142135623730951
724, 35, 284, 378, 283, 379, 1, -1, -0.7853981633974483, 1.4142135623730951
724, 36, 103, 277, 102, 278, 1, -1, -0.7853981633974483, 1.4142135623730951
724, 37, 257, 325, 256, 326, 1, -1, -0.7853981633974483, 1.4142135623730951
724, 40, 409, 306, 408, 308, 1, -2, -1.1071487177940904, 2.23606797749979
724, 42, 467, 245, 468, 247, -1, -2, -2.0344439357957027, 2.23606797749979
724, 43, 97, 205, 99, 205, -2, 0, 3.141592653589793, 2.0
724, 49, 370, 359, 369, 360, 1, -1, -0.7853981633974483, 1.4142135623730951
724, 50, 80, 339, 79, 340, 1, -1, -0.7853981633974483, 1.4142135623730951
725, 6, 319, 389, 318, 390, 1, -1, -0.7853981633974483, 1.4142135623730951
725, 17, 456, 145, 456, 147, 0, -2, -1.5707963267948966, 2.0
725, 25, 442, 299, 442, 301, 0, -2, -1.5707963267948966, 2.0
725, 26, 382, 267, 382, 269, 0, -2, -1.5707963267948966, 2.0
725, 35, 489, 125, 488, 126, 1, -1, -0.7853981633974483, 1.4142135623730951
725, 36, 221, 413, 220, 414, 1, -1, -0.7853981633974483, 1.4142135623730951
725, 52, 214, 356, 213, 357, 1, -1, -0.7853981633974483, 1.4142135623730951
725, 56, 372, 360, 371, 362, 1, -2, -1.1071487177940904, 2.23606797749979
725, 57, 619, 330, 617, 330, 2, 0, 0.0, 2.0
725, 65, 250, 401, 249, 402, 1, -1, -0.7853981633974483, 1.4142135623730951
725, 73, 594, 240, 594, 238, 0, 2, 1.5707963267948966, 2.0
725, 75, 402, 305, 402, 307, 0, -2, -1.5707963267948966, 2.0
726, 10, 78, 283, 78, 285, 0, -2, -1.5707963267948966, 2.0
726, 15, 458, 143, 456, 145, 2, -2, -0.7853981633974483, 2.8284271247461903
726, 23, 443, 297, 442, 299, 1, -2, -1.1071487177940904, 2.23606797749979
726, 24, 383, 264, 382, 267, 1, -3, -1.2490457723982544, 3.1622776601683795
726, 33, 491, 124, 489, 125, 2, -1, -0.4636476090008061, 2.23606797749979
726, 43, 163, 329, 165, 330, -2, -1, -2.677945044588987, 2.23606797749979
726, 44, 67, 286, 65, 287, 2, -1, -0.4636476090008061, 2.23606797749979
726, 45, 378, 321, 376, 323, 2, -2, -0.7853981633974483, 2.8284271247461903
726, 53, 373, 359, 372, 360, 1, -1, -0.7853981633974483, 1.4142135623730951
726, 54, 621, 330, 619, 330, 2, 0, 0.0, 2.0
726, 56, 548, 226, 547, 225, 1, 1, 0.7853981633974483, 1.4142135623730951
726, 57, 31, 197, 30, 198, 1, -1, -0.7853981633974483, 1.4142135623730951
726, 70, 594, 242, 594, 240, 0, 2, 1.5707963267948966, 2.0
726, 72, 403, 303, 402, 305, 1, -2, -1.1071487177940904, 2.23606797749979
727, 12, 131, 406, 130, 407, 1, -1, -0.7853981633974483, 1.4142135623730951
727, 15, 458, 141, 458, 143, 0, -2, -1.5707963267948966, 2.0
727, 20, 443, 295, 443, 297, 0, -2, -1.5707963267948966, 2.0
727, 21, 381, 262, 383, 264, -2, -2, -2.356194490192345, 2.8284271247461903
727, 27, 280, 337, 281, 339, -1, -2, -2.0344439357957027, 2.23606797749979
727, 30, 492, 123, 491, 124, 1, -1, -0.7853981633974483, 1.4142135623730951
727, 31, 223, 412, 222, 413, 1, -1, -0.7853981633974483, 1.4142135623730951
727, 39, 160, 328, 163, 329, -3, -1, -2.819842099193151, 3.1622776601683795
727, 41, 379, 319, 378, 321, 1, -2, -1.1071487177940904, 2.23606797749979
727, 42, 14, 402, 13, 403, 1, -1, -0.7853981633974483, 1.4142135623730951
727, 44, 214, 352, 214, 356, 0, -4, -1.5707963267948966, 4.0
727, 48, 374, 358, 373, 359, 1, -1, -0.7853981633974483, 1.4142135623730951
727, 49, 623, 330, 621, 330, 2, 0, 0.0, 2.0
727, 51, 547, 227, 548, 226, -1, 1, 2.356194490192345, 1.4142135623730951
727, 67, 404, 300, 403, 303, 1, -3, -1.2490457723982544, 3.1622776601683795
728, 3, 87, 327, 88, 326, -1, 1, 2.356194490192345, 1.4142135623730951
728, 5, 321, 387, 319, 387, 2, 0, 0.0, 2.0
728, 14, 459, 140, 458, 141, 1, -1, -0.7853981633974483, 1.4142135623730951
728, 19, 444, 293, 443, 295, 1, -2, -1.1071487177940904, 2.23606797749979
728, 20, 382, 260, 381, 262, 1, -2, -1.1071487177940904, 2.23606797749979
728, 26, 185, 413, 183, 414, 2, -1, -0.4636476090008061, 2.23606797749979
728, 27, 493, 122, 492, 123, 1, -1, -0.7853981633974483, 1.4142135623730951
728, 28, 224, 411, 223, 412, 1, -1, -0.7853981633974483, 1.4142135623730951
728, 36, 381, 318, 379, 319, 2, -1, -0.4636476090008061, 2.23606797749979
728, 43, 375, 357, 374, 358, 1, -1, -0.7853981633974483, 1.4142135623730951
728, 44, 625, 331, 623, 330, 2, 1, 0.4636476090008061, 2.23606797749979
728, 61, 406, 297, 404, 300, 2, -3, -0.982793723247329, 3.605551275463989
729, 5, 322, 386, 321, 387, 1, -1, -0.7853981633974483, 1.4142135623730951
729, 13, 460, 138, 459, 140, 1, -2, -1.1071487177940904, 2.23606797749979
729, 18, 444, 291, 444, 293, 0, -2, -1.5707963267948966, 2.0
729, 19, 382, 258, 382, 260, 0, -2, -1.5707963267948966, 2.0
729, 26, 495, 122, 493, 122, 2, 0, 0.0, 2.0
729, 27, 225, 410, 224, 411, 1, -1, -0.7853981633974483, 1.4142135623730951
729, 35, 381, 316, 381, 318, 0, -2, -1.5707963267948966, 2.0
729, 42, 376, 356, 375, 357, 1, -1, -0.7853981633974483, 1.4142135623730951
729, 58, 594, 246, 594, 244, 0, 2, 1.5707963267948966, 2.0
729, 59, 407, 294, 406, 297, 1, -3, -1.2490457723982544, 3.1622776601683795
730, 5, 383, 261, 383, 263, 0, -2, -1.5707963267948966, 2.0
730, 24, 461, 140, 460, 142, 1, -2, -1.1071487177940904, 2.23606797749979
730, 26, 494, 124, 493, 125, 1, -1, -0.7853981633974483, 1.4142135623730951
730, 35, 412, 305, 412, 308, 0, -3, -1.5707963267948966, 3.0
730, 45, 375, 360, 374, 361, 1, -1, -0.7853981633974483, 1.4142135623730951
730, 48, 325, 386, 324, 387, 1, -1, -0.7853981633974483, 1.4142135623730951
730, 58, 583, 309, 582, 307, 1, 2, 1.1071487177940904, 2.23606797749979
731, 5, 384, 259, 383, 261, 1, -2, -1.1071487177940904, 2.23606797749979
731, 24, 462, 139, 461, 140, 1, -1, -0.7853981633974483, 1.4142135623730951
731, 34, 413, 303, 412, 305, 1, -2, -1.1071487177940904, 2.23606797749979
731, 38, 186, 414, 185, 415, 1, -1, -0.7853981633974483, 1.4142135623730951
731, 44, 376, 359, 375, 360, 1, -1, -0.7853981633974483, 1.4142135623730951
731, 46, 420, 178, 419, 180, 1, -2, -1.1071487177940904, 2.23606797749979
731, 47, 326, 384, 325, 386, 1, -2, -1.1071487177940904, 2.23606797749979
731, 49, 226, 414, 225, 415, 1, -1, -0.7853981633974483, 1.4142135623730951
731, 57, 585, 313, 583, 309, 2, 4, 1.1071487177940904, 4.47213595499958
732, 5, 384, 257, 384, 259, 0, -2, -1.5707963267948966, 2.0
732, 22, 463, 137, 462, 139, 1, -2, -1.1071487177940904, 2.23606797749979
732, 24, 496, 123, 495, 124, 1, -1, -0.7853981633974483, 1.4142135623730951
732, 30, 413, 301, 413, 303, 0, -2, -1.5707963267948966, 2.0
732, 38, 319, 324, 318, 325, 1, -1, -0.7853981633974483, 1.4142135623730951
732, 40, 377, 357, 376, 359, 1, -2, -1.1071487177940904, 2.23606797749979
732, 41, 420, 176, 420, 178, 0, -2, -1.5707963267948966, 2.0
732, 43, 227, 413, 226, 414, 1, -1, -0.7853981633974483, 1.4142135623730951
732, 51, 586, 314, 585, 313, 1, 1, 0.7853981633974483, 1.4142135623730951
733, 5, 384, 255, 384, 257, 0, -2, -1.5707963267948966, 2.0
733, 16, 269, 267, 268, 268, 1, -1, -0.7853981633974483, 1.4142135623730951
733, 22, 464, 136, 463, 137, 1, -1, -0.7853981633974483, 1.4142135623730951
733, 29, 414, 299, 413, 301, 1, -2, -1.1071487177940904, 2.23606797749979
733, 38, 378, 355, 377, 357, 1, -2, -1.1071487177940904, 2.23606797749979
733, 39, 420, 174, 420, 176, 0, -2, -1.5707963267948966, 2.0
733, 40, 329, 383, 327, 384, 2, -1, -0.4636476090008061, 2.23606797749979
733, 41, 228, 412, 227, 413, 1, -1, -0.7853981633974483, 1.4142135623730951
733, 43, 603, 286, 603, 288, 0, -2, -1.5707963267948966, 2.0
733, 45, 547, 226, 545, 224, 2, 2, 0.7853981633974483, 2.8284271247461903
734, 5, 384, 253, 384, 255, 0, -2, -1.5707963267948966, 2.0
734, 21, 465, 134, 464, 136, 1, -2, -1.1071487177940904, 2.23606797749979
734, 28, 414, 297, 414, 299, 0, -2, -1.5707963267948966, 2.0
734, 31, 187, 413, 186, 414, 1, -1, -0.7853981633974483, 1.4142135623730951
734, 37, 379, 354, 378, 355, 1, -1, -0.7853981633974483, 1.4142135623730951
734, 38, 421, 173, 420, 174, 1, -1, -0.7853981633974483, 1.4142135623730951
734, 40, 229, 411, 228, 412, 1, -1, -0.7853981633974483, 1.4142135623730951
734, 43, 548, 229, 547, 226, 1, 3, 1.2490457723982544, 3.1622776601683795
735, 10, 386, 257, 385, 259, 1, -2, -1.1071487177940904, 2.23606797749979
735, 13, 230, 410, 229, 411, 1, -1, -0.7853981633974483, 1.4142135623730951
735, 19, 465, 139, 464, 140, 1, -1, -0.7853981633974483, 1.4142135623730951
735, 27, 390, 303, 389, 305, 1, -2, -1.1071487177940904, 2.23606797749979
735, 35, 628, 342, 626, 341, 2, 1, 0.4636476090008061, 2.23606797749979
735, 42, 446, 289, 446, 291, 0, -2, -1.5707963267948966, 2.0
735, 44, 549, 233, 547, 229, 2, 4, 1.1071487177940904, 4.47213595499958
735, 48, 441, 252, 441, 254, 0, -2, -1.5707963267948966, 2.0
735, 55, 457, 147, 456, 148, 1, -1, -0.7853981633974483, 1.4142135623730951
735, 63, 421, 177, 421, 179, 0, -2, -1.5707963267948966, 2.0
735, 66, 321, 393, 320, 394, 1, -1, -0.7853981633974483, 1.4142135623730951
736, 7, 607, 316, 609, 317, -2, -1, -2.677945044588987, 2.23606797749979
736, 9, 386, 254, 386, 257, 0, -3, -1.5707963267948966, 3.0
736, 12, 231, 409, 230, 410, 1, -1, -0.7853981633974483, 1.4142135623730951
736, 18, 466, 138, 465, 139, 1, -1, -0.7853981633974483, 1.4142135623730951
736, 23, 390, 301, 390, 303, 0, -2, -1.5707963267948966, 2.0
736, 25, 499, 125, 498, 126, 1, -1, -0.7853981633974483, 1.4142135623730951
736, 31, 631, 342, 628, 342, 3, 0, 0.0, 3.0
736, 32, 36, 197, 35, 198, 1, -1, -0.7853981633974483, 1.4142135623730951
736, 38, 447, 287, 446, 289, 1, -2, -1.1071487177940904, 2.23606797749979
736, 39, 189, 413, 188, 414, 1, -1, -0.7853981633974483, 1.4142135623730951
736, 40, 551, 236, 549, 233, 2, 3, 0.982793723247329, 3.605551275463989
736, 44, 441, 250, 441, 252, 0, -2, -1.5707963267948966, 2.0
736, 45, 599, 252, 598, 251, 1, 1, 0.7853981633974483, 1.4142135623730951
736, 51, 458, 146, 457, 147, 1, -1, -0.7853981633974483, 1.4142135623730951
736, 54, 379, 356, 378, 357, 1, -1, -0.7853981633974483, 1.4142135623730951
736, 56, 342, 357, 340, 358, 2, -1, -0.4636476090008061, 2.23606797749979
736, 59, 422, 176, 421, 177, 1, -1, -0.7853981633974483, 1.4142135623730951
736, 62, 323, 392, 321, 393, 2, -1, -0.4636476090008061, 2.23606797749979
737, 7, 387, 252, 386, 254, 1, -2, -1.1071487177940904, 2.23606797749979
737, 9, 309, 331, 307, 330, 2, 1, 0.4636476090008061, 2.23606797749979
737, 16, 468, 136, 466, 138, 2, -2, -0.7853981633974483, 2.8284271247461903
737, 21, 390, 299, 390, 301, 0, -2, -1.5707963267948966, 2.0
737, 23, 500, 124, 499, 125, 1, -1, -0.7853981633974483, 1.4142135623730951
737, 33, 447, 285, 447, 287, 0, -2, -1.5707963267948966, 2.0
737, 35, 552, 238, 551, 236, 1, 2, 1.1071487177940904, 2.23606797749979
737, 39, 441, 248, 441, 250, 0, -2, -1.5707963267948966, 2.0
737, 40, 600, 253, 599, 252, 1, 1, 0.7853981633974483, 1.4142135623730951
737, 43, 157, 348, 158, 351, -1, -3, -1.892546881191539, 3.1622776601683795
737, 46, 459, 145, 458, 146, 1, -1, -0.7853981633974483, 1.4142135623730951
737, 49, 380, 355, 379, 356, 1, -1, -0.7853981633974483, 1.4142135623730951
737, 51, 343, 356, 342, 357, 1, -1, -0.7853981633974483, 1.4142135623730951
737, 57, 324, 393, 323, 392, 1, 1, 0.7853981633974483, 1.4142135623730951
738, 7, 388, 250, 387, 252, 1, -2, -1.1071487177940904, 2.23606797749979
738, 10, 233, 408, 232, 409, 1, -1, -0.7853981633974483, 1.4142135623730951
738, 16, 469, 135, 468, 136, 1, -1, -0.7853981633974483, 1.4142135623730951
738, 21, 502, 123, 500, 124, 2, -1, -0.4636476090008061, 2.23606797749979
738, 25, 634, 341, 632, 342, 2, -1, -0.4636476090008061, 2.23606797749979
738, 30, 447, 283, 447, 285, 0, -2, -1.5707963267948966, 2.0
738, 32, 553, 239, 552, 238, 1, 1, 0.7853981633974483, 1.4142135623730951
738, 35, 219, 324, 220, 323, -1, 1, 2.356194490192345, 1.4142135623730951
738, 36, 440, 246, 441, 248, -1, -2, -2.0344439357957027, 2.23606797749979
738, 40, 160, 348, 157, 348, 3, 0, 0.0, 3.0
738, 42, 460, 143, 459, 145, 1, -2, -1.1071487177940904, 2.23606797749979
738, 45, 381, 354, 380, 355, 1, -1, -0.7853981633974483, 1.4142135623730951
738, 47, 343, 354, 343, 356, 0, -2, -1.5707963267948966, 2.0
738, 50, 422, 173, 422, 175, 0, -2, -1.5707963267948966, 2.0
738, 53, 325, 392, 324, 393, 1, -1, -0.7853981633974483, 1.4142135623730951
739, 7, 387, 248, 388, 250, -1, -2, -2.0344439357957027, 2.23606797749979
739, 15, 470, 134, 469, 135, 1, -1, -0.7853981633974483, 1.4142135623730951
739, 20, 503, 122, 502, 123, 1, -1, -0.7853981633974483, 1.4142135623730951
739, 29, 448, 281, 447, 283, 1, -2, -1.1071487177940904, 2.23606797749979
739, 30, 190, 410, 189, 411, 1, -1, -0.7853981633974483, 1.4142135623730951
739, 35, 439, 244, 440, 246, -1, -2, -2.0344439357957027, 2.23606797749979
739, 36, 602, 254, 601, 253, 1, 1, 0.7853981633974483, 1.4142135623730951
739, 39, 163, 347, 160, 348, 3, -1, -0.3217505543966422, 3.1622776601683795
739, 44, 382, 353, 381, 354, 1, -1, -0.7853981633974483, 1.4142135623730951
739, 46, 344, 353, 343, 354, 1, -1, -0.7853981633974483, 1.4142135623730951
740, 19, 233, 412, 232, 413, 1, -1, -0.7853981633974483, 1.4142135623730951
740, 21, 221, 327, 220, 328, 1, -1, -0.7853981633974483, 1.4142135623730951
740, 22, 388, 301, 388, 303, 0, -2, -1.5707963267948966, 2.0
740, 24, 470, 136, 468, 138, 2, -2, -0.7853981633974483, 2.8284271247461903
740, 27, 45, 329, 44, 330, 1, -1, -0.7853981633974483, 1.4142135623730951
740, 34, 168, 331, 169, 330, -1, 1, 2.356194490192345, 1.4142135623730951
740, 38, 388, 254, 388, 256, 0, -2, -1.5707963267948966, 2.0
740, 44, 139, 406, 138, 407, 1, -1, -0.7853981633974483, 1.4142135623730951
740, 49, 449, 284, 449, 286, 0, -2, -1.5707963267948966, 2.0
740, 52, 94, 203, 93, 202, 1, 1, 0.7853981633974483, 1.4142135623730951
740, 55, 332, 383, 331, 384, 1, -1, -0.7853981633974483, 1.4142135623730951
741, 2, 213, 283, 212, 284, 1, -1, -0.7853981633974483, 1.4142135623730951
741, 16, 234, 411, 233, 412, 1, -1, -0.7853981633974483, 1.4142135623730951
741, 18, 222, 326, 221, 327, 1, -1, -0.7853981633974483, 1.4142135623730951
741, 19, 388, 299, 388, 301, 0, -2, -1.5707963267948966, 2.0
741, 20, 471, 135, 470, 136, 1, -1, -0.7853981633974483, 1.4142135623730951
741, 24, 503, 124, 502, 125, 1, -1, -0.7853981633974483, 1.4142135623730951
741, 28, 155, 333, 154, 334, 1, -1, -0.7853981633974483, 1.4142135623730951
741, 30, 166, 331, 168, 331, -2, 0, 3.141592653589793, 2.0
741, 34, 389, 252, 388, 254, 1, -2, -1.1071487177940904, 2.23606797749979
741, 42, 450, 281, 449, 284, 1, -3, -1.2490457723982544, 3.1622776601683795
741, 48, 333, 381, 332, 383, 1, -2, -1.1071487177940904, 2.23606797749979
741, 59, 231, 177, 230, 176, 1, 1, 0.7853981633974483, 1.4142135623730951
741, 61, 631, 339, 632, 341, -1, -2, -2.0344439357957027, 2.23606797749979
742, 5, 6, 270, 5, 271, 1, -1, -0.7853981633974483, 1.4142135623730951
742, 16, 235, 410, 234, 411, 1, -1, -0.7853981633974483, 1.4142135623730951
742, 19, 388, 297, 388, 299, 0, -2, -1.5707963267948966, 2.0
742, 20, 472, 134, 471, 135, 1, -1, -0.7853981633974483, 1.4142135623730951
742, 23, 505, 123, 503, 124, 2, -1, -0.4636476090008061, 2.23606797749979
742, 29, 164, 330, 166, 331, -2, -1, -2.677945044588987, 2.23606797749979
742, 33, 389, 250, 389, 252, 0, -2, -1.5707963267948966, 2.0
742, 40, 450, 279, 450, 281, 0, -2, -1.5707963267948966, 2.0
742, 44, 138, 385, 140, 385, -2, 0, 3.141592653589793, 2.0
742, 48, 70, 285, 67, 286, 3, -1, -0.3217505543966422, 3.1622776601683795
742, 52, 191, 412, 190, 413, 1, -1, -0.7853981633974483, 1.4142135623730951
743, 19, 474, 133, 472, 134, 2, -1, -0.4636476090008061, 2.23606797749979
743, 22, 507, 122, 505, 123, 2, -1, -0.4636476090008061, 2.23606797749979
743, 28, 162, 330, 164, 330, -2, 0, 3.141592653589793, 2.0
743, 32, 390, 248, 389, 250, 1, -2, -1.1071487177940904, 2.23606797749979
743, 35, 186, 288, 185, 289, 1, -1, -0.7853981633974483, 1.4142135623730951
743, 39, 451, 277, 450, 279, 1, -2, -1.1071487177940904, 2.23606797749979
743, 43, 136, 385, 138, 385, -2, 0, 3.141592653589793, 2.0
743, 44, 491, 150, 490, 151, 1, -1, -0.7853981633974483, 1.4142135623730951
743, 45, 334, 381, 333, 382, 1, -1, -0.7853981633974483, 1.4142135623730951
744, 14, 237, 409, 236, 410, 1, -1, -0.7853981633974483, 1.4142135623730951
744, 17, 387, 294, 388, 296, -1, -2, -2.0344439357957027, 2.23606797749979
744, 18, 475, 132, 474, 133, 1, -1, -0.7853981633974483, 1.4142135623730951
744, 21, 508, 121, 507, 122, 1, -1, -0.7853981633974483, 1.4142135623730951
744, 26, 160, 329, 162, 330, -2, -1, -2.677945044588987, 2.23606797749979
744, 35, 451, 275, 451, 277, 0, -2, -1.5707963267948966, 2.0
744, 38, 96, 205, 95, 204, 1, 1, 0.7853981633974483, 1.4142135623730951
744, 41, 336, 379, 334, 381, 2, -2, -0.7853981633974483, 2.8284271247461903
744, 52, 633, 338, 632, 339, 1, -1, -0.7853981633974483, 1.4142135623730951
744, 53, 168, 257, 167, 258, 1, -1, -0.7853981633974483, 1.4142135623730951
745, 11, 602, 294, 602, 292, 0, 2, 1.5707963267948966, 2.0
745, 14, 558, 247, 558, 245, 0, 2, 1.5707963267948966, 2.0
745, 15, 390, 250, 390, 252, 0, -2, -1.5707963267948966, 2.0
745, 20, 474, 135, 473, 136, 1, -1, -0.7853981633974483, 1.4142135623730951
745, 24, 507, 125, 506, 126, 1, -1, -0.7853981633974483, 1.4142135623730951
745, 29, 339, 383, 338, 385, 1, -2, -1.1071487177940904, 2.23606797749979
745, 46, 129, 396, 128, 397, 1, -1, -0.7853981633974483, 1.4142135623730951
745, 54, 452, 280, 452, 282, 0, -2, -1.5707963267948966, 2.0
745, 55, 463, 138, 462, 140, 1, -2, -1.1071487177940904, 2.23606797749979
745, 62, 545, 185, 545, 183, 0, 2, 1.5707963267948966, 2.0
746, 10, 602, 296, 602, 294, 0, 2, 1.5707963267948966, 2.0
746, 14, 390, 248, 390, 250, 0, -2, -1.5707963267948966, 2.0
746, 15, 193, 220, 195, 220, -2, 0, 3.141592653589793, 2.0
746, 19, 475, 134, 474, 135, 1, -1, -0.7853981633974483, 1.4142135623730951
746, 25, 533, 150, 532, 149, 1, 1, 0.7853981633974483, 1.4142135623730951
746, 27, 340, 381, 339, 383, 1, -2, -1.1071487177940904, 2.23606797749979
746, 35, 584, 225, 586, 225, -2, 0, 3.141592653589793, 2.0
746, 41, 235, 405, 234, 406, 1, -1, -0.7853981633974483, 1.4142135623730951
746, 42, 128, 397, 129, 396, -1, 1, 2.356194490192345, 1.4142135623730951
746, 49, 453, 278, 452, 280, 1, -2, -1.1071487177940904, 2.23606797749979
746, 53, 295, 378, 294, 379, 1, -1, -0.7853981633974483, 1.4142135623730951
746, 55, 546, 186, 545, 185, 1, 1, 0.7853981633974483, 1.4142135623730951
746, 57, 15, 403, 14, 404, 1, -1, -0.7853981633974483, 1.4142135623730951
747, 12, 390, 246, 390, 248, 0, -2, -1.5707963267948966, 2.0
747, 17, 476, 133, 475, 134, 1, -1, -0.7853981633974483, 1.4142135623730951
747, 25, 342, 379, 340, 381, 2, -2, -0.7853981633974483, 2.8284271247461903
747, 32, 585, 227, 584, 225, 1, 2, 1.1071487177940904, 2.23606797749979
747, 46, 464, 135, 463, 137, 1, -2, -1.1071487177940904, 2.23606797749979
747, 51, 549, 190, 546, 186, 3, 4, 0.9272952180016122, 5.0
748, 2, 153, 333, 152, 334, 1, -1, -0.7853981633974483, 1.4142135623730951
748, 14, 477, 132, 476, 133, 1, -1, -0.7853981633974483, 1.4142135623730951
748, 20, 534, 152, 533, 151, 1, 1, 0.7853981633974483, 1.4142135623730951
748, 22, 343, 377, 342, 379, 1, -2, -1.1071487177940904, 2.23606797749979
748, 28, 20, 408, 19, 409, 1, -1, -0.7853981633974483, 1.4142135623730951
748, 29, 586, 230, 585, 227, 1, 3, 1.2490457723982544, 3.1622776601683795
748, 30, 194, 411, 193, 412, 1, -1, -0.7853981633974483, 1.4142135623730951
748, 41, 454, 275, 453, 277, 1, -2, -1.1071487177940904, 2.23606797749979
748, 42, 465, 134, 464, 135, 1, -1, -0.7853981633974483, 1.4142135623730951
749, 8, 603, 299, 602, 298, 1, 1, 0.7853981633974483, 1.4142135623730951
749, 10, 390, 243, 390, 245, 0, -2, -1.5707963267948966, 2.0
749, 12, 202, 364, 199, 366, 3, -2, -0.5880026035475675, 3.605551275463989
749, 14, 478, 130, 477, 132, 1, -2, -1.1071487177940904, 2.23606797749979
749, 20, 535, 153, 534, 152, 1, 1, 0.7853981633974483, 1.4142135623730951
749, 26, 511, 156, 510, 155, 1, 1, 0.7853981633974483, 1.4142135623730951
749, 28, 584, 232, 586, 230, -2, 2, 2.356194490192345, 2.8284271247461903
749, 38, 24, 225, 23, 223, 1, 2, 1.1071487177940904, 2.23606797749979
749, 40, 455, 273, 454, 275, 1, -2, -1.1071487177940904, 2.23606797749979
749, 41, 467, 133, 465, 134, 2, -1, -0.4636476090008061, 2.23606797749979
749, 46, 551, 192, 549, 191, 2, 1, 0.4636476090008061, 2.23606797749979
749, 48, 14, 404, 14, 402, 0, 2, 1.5707963267948966, 2.0
750, 14, 478, 134, 477, 135, 1, -1, -0.7853981633974483, 1.4142135623730951
750, 15, 389, 246, 390, 248, -1, -2, -2.0344439357957027, 2.23606797749979
750, 20, 291, 343, 290, 344, 1, -1, -0.7853981633974483, 1.4142135623730951
750, 25, 22, 410, 21, 411, 1, -1, -0.7853981633974483, 1.4142135623730951
750, 28, 107, 217, 106, 218, 1, -1, -0.7853981633974483, 1.4142135623730951
750, 29, 291, 322, 290, 323, 1, -1, -0.7853981633974483, 1.4142135623730951
750, 41, 447, 151, 447, 153, 0, -2, -1.5707963267948966, 2.0
750, 48, 296, 377, 295, 378, 1, -1, -0.7853981633974483, 1.4142135623730951
750, 51, 454, 276, 453, 278, 1, -2, -1.1071487177940904, 2.23606797749979
750, 52, 84, 344, 83, 345, 1, -1, -0.7853981633974483, 1.4142135623730951
750, 53, 499, 156, 497, 155, 2, 1, 0.4636476090008061, 2.23606797749979
750, 54, 344, 383, 343, 384, 1, -1, -0.7853981633974483, 1.4142135623730951
750, 55, 268, 396, 267, 397, 1, -1, -0.7853981633974483, 1.4142135623730951
750, 58, 180, 188, 179, 189, 1, -1, -0.7853981633974483, 1.4142135623730951
750, 61, 241, 411, 240, 412, 1, -1, -0.7853981633974483, 1.4142135623730951
750, 64, 288, 334, 287, 335, 1, -1, -0.7853981633974483, 1.4142135623730951
750, 66, 53, 358, 55, 358, -2, 0, 3.141592653589793, 2.0
750, 67, 583, 228, 582, 226, 1, 2, 1.1071487177940904, 2.23606797749979
750, 71, 425, 165, 425, 167, 0, -2, -1.5707963267948966, 2.0
750, 74, 424, 287, 424, 289, 0, -2, -1.5707963267948966, 2.0
750, 75, 107, 344, 108, 343, -1, 1, 2.356194490192345, 1.4142135623730951
750, 76, 413, 285, 413, 288, 0, -3, -1.5707963267948966, 3.0
750, 77, 213, 364, 213, 366, 0, -2, -1.5707963267948966, 2.0
751, 3, 6, 327, 6, 325, 0, 2, 1.5707963267948966, 2.0
751, 13, 479, 133, 478, 134, 1, -1, -0.7853981633974483, 1.4142135623730951
751, 14, 389, 243, 389, 246, 0, -3, -1.5707963267948966, 3.0
751, 19, 292, 342, 291, 343, 1, -1, -0.7853981633974483, 1.4142135623730951
751, 23, 182, 198, 181, 199, 1, -1, -0.7853981633974483, 1.4142135623730951
751, 25, 173, 332, 173, 334, 0, -2, -1.5707963267948966, 2.0
751, 26, 512, 124, 511, 125, 1, -1, -0.7853981633974483, 1.4142135623730951
751, 35, 220, 358, 219, 359, 1, -1, -0.7853981633974483, 1.4142135623730951
751, 36, 604, 297, 603, 296, 1, 1, 0.7853981633974483, 1.4142135623730951
751, 39, 448, 149, 447, 151, 1, -2, -1.1071487177940904, 2.23606797749979
751, 40, 536, 155, 535, 154, 1, 1, 0.7853981633974483, 1.4142135623730951
751, 41, 108, 207, 106, 208, 2, -1, -0.4636476090008061, 2.23606797749979
751, 42, 332, 385, 331, 386, 1, -1, -0.7853981633974483, 1.4142135623730951
751, 44, 22, 252, 21, 253, 1, -1, -0.7853981633974483, 1.4142135623730951
751, 45, 296, 375, 296, 377, 0, -2, -1.5707963267948966, 2.0
751, 48, 454, 274, 454, 276, 0, -2, -1.5707963267948966, 2.0
751, 49, 85, 343, 84, 344, 1, -1, -0.7853981633974483, 1.4142135623730951
751, 50, 501, 156, 499, 156, 2, 0, 0.0, 2.0
751, 51, 344, 381, 344, 383, 0, -2, -1.5707963267948966, 2.0
751, 55, 181, 189, 180, 188, 1, 1, 0.7853981633974483, 1.4142135623730951
751, 58, 242, 410, 241, 411, 1, -1, -0.7853981633974483, 1.4142135623730951
751, 61, 289, 333, 288, 334, 1, -1, -0.7853981633974483, 1.4142135623730951
751, 62, 604, 266, 604, 264, 0, 2, 1.5707963267948966, 2.0
751, 63, 51, 357, 53, 358, -2, -1, -2.677945044588987, 2.23606797749979
751, 64, 584, 231, 583, 228, 1, 3, 1.2490457723982544, 3.1622776601683795
751, 68, 425, 163, 425, 165, 0, -2, -1.5707963267948966, 2.0
751, 71, 424, 284, 424, 287, 0, -3, -1.5707963267948966, 3.0
751, 73, 414, 282, 413, 285, 1, -3, -1.2490457723982544, 3.1622776601683795
752, 11, 480, 132, 479, 133, 1, -1, -0.7853981633974483, 1.4142135623730951
752, 21, 23, 409, 22, 410, 1, -1, -0.7853981633974483, 1.4142135623730951
752, 37, 334, 383, 332, 385, 2, -2, -0.7853981633974483, 2.8284271247461903
752, 43, 455, 272, 454, 274, 1, -2, -1.1071487177940904, 2.23606797749979
752, 46, 344, 379, 344, 381, 0, -2, -1.5707963267948966, 2.0
752, 50, 183, 188, 181, 189, 2, -1, -0.4636476090008061, 2.23606797749979
752, 53, 243, 409, 242, 410, 1, -1, -0.7853981633974483, 1.4142135623730951
752, 57, 604, 268, 604, 266, 0, 2, 1.5707963267948966, 2.0
752, 58, 49, 356, 51, 357, -2, -1, -2.677945044588987, 2.23606797749979
752, 59, 586, 231, 584, 231, 2, 0, 0.0, 2.0
752, 63, 425, 161, 425, 163, 0, -2, -1.5707963267948966, 2.0
752, 66, 425, 282, 424, 284, 1, -2, -1.1071487177940904, 2.23606797749979
752, 67, 104, 343, 106, 344, -2, -1, -2.677945044588987, 2.23606797749979
752, 68, 414, 280, 414, 282, 0, -2, -1.5707963267948966, 2.0
752, 69, 209, 363, 212, 364, -3, -1, -2.819842099193151, 3.1622776601683795
752, 70, 236, 280, 235, 281, 1, -1, -0.7853981633974483, 1.4142135623730951
753, 10, 481, 131, 480, 132, 1, -1, -0.7853981633974483, 1.4142135623730951
753, 11, 389, 239, 389, 242, 0, -3, -1.5707963267948966, 3.0
753, 21, 513, 123, 512, 124, 1, -1, -0.7853981633974483, 1.4142135623730951
753, 23, 289, 324, 291, 322, -2, 2, 2.356194490192345, 2.8284271247461903
753, 29, 222, 357, 221, 358, 1, -1, -0.7853981633974483, 1.4142135623730951
753, 32, 449, 147, 448, 148, 1, -1, -0.7853981633974483, 1.4142135623730951
753, 41, 456, 270, 455, 272, 1, -2, -1.1071487177940904, 2.23606797749979
753, 42, 87, 342, 86, 343, 1, -1, -0.7853981633974483, 1.4142135623730951
753, 43, 503, 156, 501, 156, 2, 0, 0.0, 2.0
753, 57, 587, 230, 586, 231, 1, -1, -0.7853981633974483, 1.4142135623730951
753, 63, 425, 280, 425, 282, 0, -2, -1.5707963267948966, 2.0
753, 64, 102, 342, 104, 343, -2, -1, -2.677945044588987, 2.23606797749979
753, 65, 413, 278, 414, 280, -1, -2, -2.0344439357957027, 2.23606797749979
753, 66, 207, 363, 209, 363, -2, 0, 3.141592653589793, 2.0
753, 68, 116, 342, 115, 343, 1, -1, -0.7853981633974483, 1.4142135623730951
754, 10, 483, 130, 481, 131, 2, -1, -0.4636476090008061, 2.23606797749979
754, 11, 389, 237, 389, 239, 0, -2, -1.5707963267948966, 2.0
754, 29, 449, 145, 449, 147, 0, -2, -1.5707963267948966, 2.0
754, 30, 537, 158, 536, 157, 1, 1, 0.7853981633974483, 1.4142135623730951
754, 32, 335, 381, 334, 382, 1, -1, -0.7853981633974483, 1.4142135623730951
754, 37, 456, 268, 456, 270, 0, -2, -1.5707963267948966, 2.0
754, 38, 89, 341, 87, 342, 2, -1, -0.4636476090008061, 2.23606797749979
754, 39, 505, 155, 503, 156, 2, -1, -0.4636476090008061, 2.23606797749979
754, 45, 244, 407, 243, 408, 1, -1, -0.7853981633974483, 1.4142135623730951
754, 49, 603, 270, 604, 269, -1, 1, 2.356194490192345, 1.4142135623730951
754, 56, 425, 278, 425, 280, 0, -2, -1.5707963267948966, 2.0
754, 57, 99, 342, 102, 342, -3, 0, 3.141592653589793, 3.0
754, 58, 413, 276, 413, 278, 0, -2, -1.5707963267948966, 2.0
754, 59, 205, 364, 207, 363, -2, 1, 2.677945044588987, 2.23606797749979
754, 60, 237, 278, 236, 279, 1, -1, -0.7853981633974483, 1.4142135623730951
755, 5, 98, 303, 98, 305, 0, -2, -1.5707963267948966, 2.0
755, 14, 483, 132, 482, 133, 1, -1, -0.7853981633974483, 1.4142135623730951
755, 15, 242, 409, 241, 410, 1, -1, -0.7853981633974483, 1.4142135623730951
755, 31, 457, 273, 456, 274, 1, -1, -0.7853981633974483, 1.4142135623730951
755, 32, 514, 126, 513, 125, 1, 1, 0.7853981633974483, 1.4142135623730951
755, 34, 392, 242, 392, 244, 0, -2, -1.5707963267948966, 2.0
755, 36, 374, 368, 373, 370, 1, -2, -1.1071487177940904, 2.23606797749979
755, 39, 538, 158, 537, 157, 1, 1, 0.7853981633974483, 1.4142135623730951
755, 45, 414, 323, 413, 325, 1, -2, -1.1071487177940904, 2.23606797749979
755, 48, 144, 405, 143, 406, 1, -1, -0.7853981633974483, 1.4142135623730951
755, 50, 393, 347, 392, 348, 1, -1, -0.7853981633974483, 1.4142135623730951
755, 53, 296, 371, 295, 372, 1, -1, -0.7853981633974483, 1.4142135623730951
755, 55, 427, 162, 426, 164, 1, -2, -1.1071487177940904, 2.23606797749979
756, 1, 263, 311, 264, 309, -1, 2, 2.0344439357957027, 2.23606797749979
756, 12, 485, 131, 483, 132, 2, -1, -0.4636476090008061, 2.23606797749979
756, 13, 243, 408, 242, 409, 1, -1, -0.7853981633974483, 1.4142135623730951
756, 17, 185, 192, 184, 193, 1, -1, -0.7853981633974483, 1.4142135623730951
756, 30, 109, 278, 108, 279, 1, -1, -0.7853981633974483, 1.4142135623730951
756, 31, 392, 240, 392, 242, 0, -2, -1.5707963267948966, 2.0
756, 33, 375, 367, 374, 368, 1, -1, -0.7853981633974483, 1.4142135623730951
756, 36, 539, 159, 538, 158, 1, 1, 0.7853981633974483, 1.4142135623730951
756, 40, 415, 321, 414, 323, 1, -2, -1.1071487177940904, 2.23606797749979
756, 41, 271, 309, 271, 307, 0, 2, 1.5707963267948966, 2.0
756, 43, 145, 404, 144, 405, 1, -1, -0.7853981633974483, 1.4142135623730951
756, 45, 394, 345, 393, 347, 1, -2, -1.1071487177940904, 2.23606797749979
756, 46, 448, 146, 448, 148, 0, -2, -1.5707963267948966, 2.0
756, 52, 199, 412, 198, 413, 1, -1, -0.7853981633974483, 1.4142135623730951
756, 55, 298, 381, 297, 382, 1, -1, -0.7853981633974483, 1.4142135623730951
757, 11, 487, 130, 485, 131, 2, -1, -0.4636476090008061, 2.23606797749979
757, 17, 222, 366, 221, 367, 1, -1, -0.7853981633974483, 1.4142135623730951
757, 22, 244, 234, 246, 235, -2, -1, -2.677945044588987, 2.23606797749979
757, 26, 222, 330, 221, 331, 1, -1, -0.7853981633974483, 1.4142135623730951
757, 27, 457, 270, 457, 272, 0, -2, -1.5707963267948966, 2.0
757, 29, 111, 278, 109, 278, 2, 0, 0.0, 2.0
757, 30, 392, 238, 392, 240, 0, -2, -1.5707963267948966, 2.0
757, 31, 187, 290, 186, 291, 1, -1, -0.7853981633974483, 1.4142135623730951
757, 32, 376, 366, 375, 367, 1, -1, -0.7853981633974483, 1.4142135623730951
757, 35, 540, 160, 539, 159, 1, 1, 0.7853981633974483, 1.4142135623730951
757, 42, 147, 402, 145, 404, 2, -2, -0.7853981633974483, 2.8284271247461903
757, 45, 449, 145, 448, 146, 1, -1, -0.7853981633974483, 1.4142135623730951
757, 49, 428, 159, 427, 161, 1, -2, -1.1071487177940904, 2.23606797749979
758, 7, 333, 320, 332, 321, 1, -1, -0.7853981633974483, 1.4142135623730951
758, 11, 489, 129, 487, 130, 2, -1, -0.4636476090008061, 2.23606797749979
758, 12, 244, 406, 243, 407, 1, -1, -0.7853981633974483, 1.4142135623730951
758, 27, 457, 268, 457, 270, 0, -2, -1.5707963267948966, 2.0
758, 28, 517, 127, 516, 126, 1, 1, 0.7853981633974483, 1.4142135623730951
758, 32, 377, 365, 376, 366, 1, -1, -0.7853981633974483, 1.4142135623730951
758, 35, 541, 161, 540, 160, 1, 1, 0.7853981633974483, 1.4142135623730951
758, 39, 416, 319, 415, 320, 1, -1, -0.7853981633974483, 1.4142135623730951
758, 42, 148, 401, 147, 402, 1, -1, -0.7853981633974483, 1.4142135623730951
758, 44, 395, 343, 394, 344, 1, -1, -0.7853981633974483, 1.4142135623730951
758, 49, 428, 157, 428, 159, 0, -2, -1.5707963267948966, 2.0
758, 50, 201, 411, 200, 412, 1, -1, -0.7853981633974483, 1.4142135623730951
759, 9, 491, 128, 489, 129, 2, -1, -0.4636476090008061, 2.23606797749979
759, 15, 604, 305, 605, 304, -1, 1, 2.356194490192345, 1.4142135623730951
759, 24, 457, 266, 457, 268, 0, -2, -1.5707963267948966, 2.0
759, 27, 393, 235, 392, 237, 1, -2, -1.1071487177940904, 2.23606797749979
759, 36, 417, 317, 416, 319, 1, -2, -1.1071487177940904, 2.23606797749979
759, 41, 396, 341, 395, 343, 1, -2, -1.1071487177940904, 2.23606797749979
759, 42, 450, 143, 449, 144, 1, -1, -0.7853981633974483, 1.4142135623730951
759, 46, 428, 155, 428, 157, 0, -2, -1.5707963267948966, 2.0
759, 50, 299, 378, 298, 379, 1, -1, -0.7853981633974483, 1.4142135623730951
760, 15, 517, 127, 516, 126, 1, 1, 0.7853981633974483, 1.4142135623730951
760, 16, 139, 248, 139, 250, 0, -2, -1.5707963267948966, 2.0
760, 19, 567, 262, 566, 261, 1, 1, 0.7853981633974483, 1.4142135623730951
760, 23, 131, 263, 130, 262, 1, 1, 0.7853981633974483, 1.4142135623730951
760, 25, 394, 239, 394, 241, 0, -2, -1.5707963267948966, 2.0
760, 31, 491, 132, 489, 133, 2, -1, -0.4636476090008061, 2.23606797749979
760, 34, 224, 330, 223, 331, 1, -1, -0.7853981633974483, 1.4142135623730951
760, 40, 398, 344, 396, 346, 2, -2, -0.7853981633974483, 2.8284271247461903
760, 42, 376, 365, 376, 367, 0, -2, -1.5707963267948966, 2.0
760, 44, 608, 307, 608, 305, 0, 2, 1.5707963267948966, 2.0
760, 46, 346, 375, 344, 376, 2, -1, -0.4636476090008061, 2.23606797749979
760, 48, 422, 305, 421, 308, 1, -3, -1.2490457723982544, 3.1622776601683795
760, 52, 244, 236, 245, 235, -1, 1, 2.356194490192345, 1.4142135623730951
760, 53, 427, 281, 427, 283, 0, -2, -1.5707963267948966, 2.0
760, 65, 592, 335, 591, 334, 1, 1, 0.7853981633974483, 1.4142135623730951
760, 69, 452, 146, 451, 147, 1, -1, -0.7853981633974483, 1.4142135623730951
761, 21, 248, 407, 247, 408, 1, -1, -0.7853981633974483, 1.4142135623730951
761, 39, 399, 342, 398, 344, 1, -2, -1.1071487177940904, 2.23606797749979
761, 41, 377, 363, 376, 365, 1, -2, -1.1071487177940904, 2.23606797749979
761, 45, 348, 373, 346, 375, 2, -2, -0.7853981633974483, 2.8284271247461903
761, 46, 422, 302, 422, 305, 0, -3, -1.5707963267948966, 3.0
761, 67, 453, 144, 452, 146, 1, -2, -1.1071487177940904, 2.23606797749979
762, 14, 519, 128, 518, 127, 1, 1, 0.7853981633974483, 1.4142135623730951
762, 20, 249, 406, 248, 407, 1, -1, -0.7853981633974483, 1.4142135623730951
762, 24, 395, 236, 394, 238, 1, -2, -1.1071487177940904, 2.23606797749979
762, 29, 493, 131, 492, 132, 1, -1, -0.7853981633974483, 1.4142135623730951
762, 36, 400, 340, 399, 342, 1, -2, -1.1071487177940904, 2.23606797749979
762, 40, 607, 309, 608, 308, -1, 1, 2.356194490192345, 1.4142135623730951
762, 42, 349, 371, 348, 373, 1, -2, -1.1071487177940904, 2.23606797749979
762, 47, 427, 277, 427, 280, 0, -3, -1.5707963267948966, 3.0
762, 50, 57, 412, 56, 413, 1, -1, -0.7853981633974483, 1.4142135623730951
762, 59, 454, 143, 453, 144, 1, -1, -0.7853981633974483, 1.4142135623730951
763, 17, 250, 405, 249, 406, 1, -1, -0.7853981633974483, 1.4142135623730951
763, 21, 395, 233, 395, 236, 0, -3, -1.5707963267948966, 3.0
763, 22, 175, 257, 174, 259, 1, -2, -1.1071487177940904, 2.23606797749979
763, 24, 92, 283, 93, 282, -1, 1, 2.356194490192345, 1.4142135623730951
763, 26, 495, 130, 493, 131, 2, -1, -0.4636476090008061, 2.23606797749979
763, 30, 513, 156, 511, 156, 2, 0, 0.0, 2.0
763, 33, 401, 338, 400, 340, 1, -2, -1.1071487177940904, 2.23606797749979
763, 44, 428, 276, 427, 277, 1, -1, -0.7853981633974483, 1.4142135623730951
763, 45, 148, 336, 150, 337, -2, -1, -2.677945044588987, 2.23606797749979
763, 56, 455, 141, 454, 143, 1, -2, -1.1071487177940904, 2.23606797749979
764, 13, 569, 267, 567, 265, 2, 2, 0.7853981633974483, 2.8284271247461903
764, 14, 28, 409, 27, 410, 1, -1, -0.7853981633974483, 1.4142135623730951
764, 22, 89, 283, 92, 283, -3, 0, 3.141592653589793, 3.0
764, 24, 496, 129, 495, 130, 1, -1, -0.7853981633974483, 1.4142135623730951
764, 27, 515, 159, 513, 156, 2, 3, 0.982793723247329, 3.605551275463989
764, 29, 401, 336, 401, 338, 0, -2, -1.5707963267948966, 2.0
764, 36, 543, 165, 542, 163, 1, 2, 1.1071487177940904, 2.23606797749979
764, 39, 428, 274, 428, 276, 0, -2, -1.5707963267948966, 2.0
764, 40, 146, 336, 148, 336, -2, 0, 3.141592653589793, 2.0
764, 42, 58, 410, 57, 411, 1, -1, -0.7853981633974483, 1.4142135623730951
764, 44, 183, 188, 182, 189, 1, -1, -0.7853981633974483, 1.4142135623730951
764, 48, 591, 336, 592, 335, -1, 1, 2.356194490192345, 1.4142135623730951
764, 51, 455, 139, 455, 141, 0, -2, -1.5707963267948966, 2.0
765, 0, 309, 218, 308, 219, 1, -1, -0.7853981633974483, 1.4142135623730951
765, 5, 11, 271, 11, 273, 0, -2, -1.5707963267948966, 2.0
765, 20, 396, 236, 396, 238, 0, -2, -1.5707963267948966, 2.0
765, 29, 571, 269, 570, 267, 1, 2, 1.1071487177940904, 2.23606797749979
765, 32, 250, 407, 249, 408, 1, -1, -0.7853981633974483, 1.4142135623730951
765, 33, 107, 344, 109, 345, -2, -1, -2.677945044588987, 2.23606797749979
765, 59, 424, 300, 424, 304, 0, -4, -1.5707963267948966, 4.0
765, 64, 402, 278, 402, 280, 0, -2, -1.5707963267948966, 2.0
765, 69, 380, 363, 379, 365, 1, -2, -1.1071487177940904, 2.23606797749979
765, 82, 431, 153, 430, 155, 1, -2, -1.1071487177940904, 2.23606797749979
765, 84, 383, 261, 383, 263, 0, -2, -1.5707963267948966, 2.0
765, 85, 401, 339, 401, 341, 0, -2, -1.5707963267948966, 2.0
765, 88, 365, 342, 364, 344, 1, -2, -1.1071487177940904, 2.23606797749979
765, 89, 524, 165, 523, 163, 1, 2, 1.1071487177940904, 2.23606797749979
766, 18, 397, 234, 396, 236, 1, -2, -1.1071487177940904, 2.23606797749979
766, 20, 460, 265, 460, 267, 0, -2, -1.5707963267948966, 2.0
766, 29, 251, 406, 250, 407, 1, -1, -0.7853981633974483, 1.4142135623730951
766, 30, 105, 343, 107, 344, -2, -1, -2.677945044588987, 2.23606797749979
766, 34, 467, 231, 467, 233, 0, -2, -1.5707963267948966, 2.0
766, 42, 55, 297, 54, 299, 1, -2, -1.1071487177940904, 2.23606797749979
766, 48, 206, 414, 205, 415, 1, -1, -0.7853981633974483, 1.4142135623730951
766, 57, 589, 236, 589, 238, 0, -2, -1.5707963267948966, 2.0
766, 59, 319, 341, 318, 342, 1, -1, -0.7853981633974483, 1.4142135623730951
766, 60, 402, 276, 402, 278, 0, -2, -1.5707963267948966, 2.0
766, 61, 607, 310, 607, 308, 0, 2, 1.5707963267948966, 2.0
766, 63, 346, 382, 345, 384, 1, -2, -1.1071487177940904, 2.23606797749979
766, 65, 381, 362, 380, 363, 1, -1, -0.7853981633974483, 1.4142135623730951
766, 68, 160, 197, 159, 198, 1, -1, -0.7853981633974483, 1.4142135623730951
766, 69, 84, 207, 83, 208, 1, -1, -0.7853981633974483, 1.4142135623730951
766, 77, 432, 152, 431, 153, 1, -1, -0.7853981633974483, 1.4142135623730951
766, 78, 626, 333, 628, 333, -2, 0, 3.141592653589793, 2.0
766, 79, 383, 259, 383, 261, 0, -2, -1.5707963267948966, 2.0
766, 80, 402, 338, 401, 339, 1, -1, -0.7853981633974483, 1.4142135623730951
766, 83, 366, 340, 365, 342, 1, -2, -1.1071487177940904, 2.23606797749979
767, 4, 6, 413, 5, 414, 1, -1, -0.7853981633974483, 1.4142135623730951
767, 9, 133, 263, 132, 264, 1, -1, -0.7853981633974483, 1.4142135623730951
767, 10, 484, 137, 482, 137, 2, 0, 0.0, 2.0
767, 15, 397, 232, 397, 234, 0, -2, -1.5707963267948966, 2.0
767, 17, 461, 264, 460, 265, 1, -1, -0.7853981633974483, 1.4142135623730951
767, 30, 138, 394, 137, 395, 1, -1, -0.7853981633974483, 1.4142135623730951
767, 34, 91, 351, 87, 353, 4, -2, -0.4636476090008061, 4.47213595499958
767, 37, 522, 130, 521, 129, 1, 1, 0.7853981633974483, 1.4142135623730951
767, 43, 207, 413, 206, 414, 1, -1, -0.7853981633974483, 1.4142135623730951
767, 44, 189, 198, 186, 197, 3, 1, 0.3217505543966422, 3.1622776601683795
767, 47, 67, 367, 64, 368, 3, -1, -0.3217505543966422, 3.1622776601683795
767, 50, 426, 297, 424, 299, 2, -2, -0.7853981633974483, 2.8284271247461903
767, 54, 401, 274, 402, 276, -1, -2, -2.0344439357957027, 2.23606797749979
767, 58, 382, 361, 381, 362, 1, -1, -0.7853981633974483, 1.4142135623730951
767, 70, 433, 151, 432, 152, 1, -1, -0.7853981633974483, 1.4142135623730951
767, 73, 368, 338, 366, 340, 2, -2, -0.7853981633974483, 2.8284271247461903
767, 74, 525, 167, 524, 165, 1, 2, 1.1071487177940904, 2.23606797749979
767, 75, 15, 205, 12, 206, 3, -1, -0.3217505543966422, 3.1622776601683795
768, 4, 7, 412, 6, 413, 1, -1, -0.7853981633974483, 1.4142135623730951
768, 6, 105, 301, 104, 302, 1, -1, -0.7853981633974483, 1.4142135623730951
768, 9, 486, 138, 484, 137, 2, 1, 0.4636476090008061, 2.23606797749979
768, 14, 396, 230, 397, 232, -1, -2, -2.0344439357957027, 2.23606797749979
768, 16, 461, 262, 461, 264, 0, -2, -1.5707963267948966, 2.0
768, 22, 571, 272, 571, 270, 0, 2, 1.5707963267948966, 2.0
768, 26, 102, 344, 105, 344, -3, 0, 3.141592653589793, 3.0
768, 30, 466, 228, 467, 230, -1, -2, -2.0344439357957027, 2.23606797749979
768, 37, 242, 305, 240, 305, 2, 0, 0.0, 2.0
768, 49, 400, 272, 401, 274, -1, -2, -2.0344439357957027, 2.23606797749979
768, 51, 348, 381, 347, 382, 1, -1, -0.7853981633974483, 1.4142135623730951
768, 65, 434, 150, 433, 151, 1, -1, -0.7853981633974483, 1.4142135623730951
768, 66, 383, 256, 383, 258, 0, -2, -1.5707963267948966, 2.0
768, 70, 18, 205, 15, 205, 3, 0, 0.0, 3.0
769, 4, 8, 411, 7, 412, 1, -1, -0.7853981633974483, 1.4142135623730951
769, 8, 134, 261, 133, 262, 1, -1, -0.7853981633974483, 1.4142135623730951
769, 14, 398, 229, 396, 230, 2, -1, -0.4636476090008061, 2.23606797749979
769, 32, 524, 131, 523, 130, 1, 1, 0.7853981633974483, 1.4142135623730951
769, 36, 209, 412, 208, 413, 1, -1, -0.7853981633974483, 1.4142135623730951
769, 46, 350, 381, 348, 381, 2, 0, 0.0, 2.0
769, 48, 382, 358, 382, 360, 0, -2, -1.5707963267948966, 2.0
769, 59, 434, 148, 434, 150, 0, -2, -1.5707963267948966, 2.0
769, 60, 384, 255, 383, 256, 1, -1, -0.7853981633974483, 1.4142135623730951
769, 61, 403, 334, 402, 336, 1, -2, -1.1071487177940904, 2.23606797749979
769, 62, 369, 335, 368, 337, 1, -2, -1.1071487177940904, 2.23606797749979
769, 64, 19, 204, 18, 205, 1, -1, -0.7853981633974483, 1.4142135623730951
770, 31, 468, 230, 468, 232, 0, -2, -1.5707963267948966, 2.0
770, 34, 327, 323, 326, 324, 1, -1, -0.7853981633974483, 1.4142135623730951
770, 44, 610, 314, 609, 313, 1, 1, 0.7853981633974483, 1.4142135623730951
770, 54, 209, 413, 208, 414, 1, -1, -0.7853981633974483, 1.4142135623730951
770, 63, 10, 233, 11, 235, -1, -2, -2.0344439357957027, 2.23606797749979
770, 64, 404, 337, 404, 339, 0, -2, -1.5707963267948966, 2.0
770, 66, 350, 320, 348, 323, 2, -3, -0.982793723247329, 3.605551275463989
770, 68, 433, 153, 432, 155, 1, -2, -1.1071487177940904, 2.23606797749979
770, 70, 569, 262, 569, 264, 0, -2, -1.5707963267948966, 2.0
771, 31, 398, 232, 398, 234, 0, -2, -1.5707963267948966, 2.0
771, 32, 526, 132, 524, 131, 2, 1, 0.4636476090008061, 2.23606797749979
771, 43, 401, 274, 401, 277, 0, -3, -1.5707963267948966, 3.0
771, 45, 210, 412, 209, 413, 1, -1, -0.7853981633974483, 1.4142135623730951
771, 52, 252, 402, 251, 403, 1, -1, -0.7853981633974483, 1.4142135623730951
771, 55, 404, 335, 404, 337, 0, -2, -1.5707963267948966, 2.0
771, 57, 351, 317, 350, 320, 1, -3, -1.2490457723982544, 3.1622776601683795
771, 59, 433, 151, 433, 153, 0, -2, -1.5707963267948966, 2.0
771, 62, 96, 395, 95, 396, 1, -1, -0.7853981633974483, 1.4142135623730951
772, 13, 390, 228, 390, 230, 0, -2, -1.5707963267948966, 2.0
772, 24, 505, 133, 503, 133, 2, 0, 0.0, 2.0
772, 28, 399, 231, 398, 232, 1, -1, -0.7853981633974483, 1.4142135623730951
772, 39, 211, 411, 210, 412, 1, -1, -0.7853981633974483, 1.4142135623730951
772, 48, 8, 230, 10, 232, -2, -2, -2.356194490192345, 2.8284271247461903
772, 49, 404, 333, 404, 335, 0, -2, -1.5707963267948966, 2.0
772, 52, 433, 149, 433, 151, 0, -2, -1.5707963267948966, 2.0
773, 15, 227, 331, 226, 332, 1, -1, -0.7853981633974483, 1.4142135623730951
773, 19, 8, 411, 7, 412, 1, -1, -0.7853981633974483, 1.4142135623730951
773, 25, 399, 229, 399, 231, 0, -2, -1.5707963267948966, 2.0
773, 26, 528, 133, 527, 132, 1, 1, 0.7853981633974483, 1.4142135623730951
773, 36, 212, 410, 211, 411, 1, -1, -0.7853981633974483, 1.4142135623730951
773, 41, 253, 401, 252, 402, 1, -1, -0.7853981633974483, 1.4142135623730951
773, 43, 405, 331, 404, 333, 1, -2, -1.1071487177940904, 2.23606797749979
773, 46, 434, 147, 433, 149, 1, -2, -1.1071487177940904, 2.23606797749979
773, 50, 593, 242, 593, 245, 0, -3, -1.5707963267948966, 3.0
774, 12, 390, 225, 390, 227, 0, -2, -1.5707963267948966, 2.0
774, 25, 399, 227, 399, 229, 0, -2, -1.5707963267948966, 2.0
774, 26, 529, 134, 528, 133, 1, 1, 0.7853981633974483, 1.4142135623730951
774, 34, 194, 296, 191, 296, 3, 0, 0.0, 3.0
774, 35, 213, 409, 212, 410, 1, -1, -0.7853981633974483, 1.4142135623730951
774, 41, 405, 329, 405, 331, 0, -2, -1.5707963267948966, 2.0
774, 44, 434, 144, 434, 147, 0, -3, -1.5707963267948966, 3.0
774, 47, 593, 240, 593, 242, 0, -2, -1.5707963267948966, 2.0
775, 17, 8, 412, 7, 413, 1, -1, -0.7853981633974483, 1.4142135623730951
775, 28, 529, 135, 528, 134, 1, 1, 0.7853981633974483, 1.4142135623730951
775, 39, 396, 278, 395, 279, 1, -1, -0.7853981633974483, 1.4142135623730951
775, 42, 496, 142, 495, 141, 1, 1, 0.7853981633974483, 1.4142135623730951
775, 43, 214, 411, 212, 412, 2, -1, -0.4636476090008061, 2.23606797749979
775, 47, 513, 140, 512, 139, 1, 1, 0.7853981633974483, 1.4142135623730951
775, 48, 435, 147, 435, 150, 0, -3, -1.5707963267948966, 3.0
775, 54, 604, 339, 601, 338, 3, 1, 0.3217505543966422, 3.1622776601683795
775, 62, 465, 261, 464, 263, 1, -2, -1.1071487177940904, 2.23606797749979
775, 67, 453, 142, 452, 143, 1, -1, -0.7853981633974483, 1.4142135623730951
775, 72, 359, 368, 358, 370, 1, -2, -1.1071487177940904, 2.23606797749979
776, 26, 530, 136, 529, 135, 1, 1, 0.7853981633974483, 1.4142135623730951
776, 30, 399, 229, 399, 231, 0, -2, -1.5707963267948966, 2.0
776, 36, 397, 276, 396, 278, 1, -2, -1.1071487177940904, 2.23606797749979
776, 40, 215, 410, 214, 411, 1, -1, -0.7853981633974483, 1.4142135623730951
776, 44, 514, 141, 513, 140, 1, 1, 0.7853981633974483, 1.4142135623730951
776, 45, 435, 145, 435, 147, 0, -2, -1.5707963267948966, 2.0
776, 49, 325, 341, 324, 342, 1, -1, -0.7853981633974483, 1.4142135623730951
776, 54, 518, 172, 517, 171, 1, 1, 0.7853981633974483, 1.4142135623730951
776, 59, 466, 258, 465, 261, 1, -3, -1.2490457723982544, 3.1622776601683795
776, 63, 454, 141, 453, 142, 1, -1, -0.7853981633974483, 1.4142135623730951
776, 65, 48, 190, 47, 192, 1, -2, -1.1071487177940904, 2.23606797749979
776, 68, 360, 366, 359, 368, 1, -2, -1.1071487177940904, 2.23606797749979
776, 74, 602, 254, 601, 253, 1, 1, 0.7853981633974483, 1.4142135623730951
776, 77, 7, 210, 6, 211, 1, -1, -0.7853981633974483, 1.4142135623730951
777, 13, 9, 411, 8, 412, 1, -1, -0.7853981633974483, 1.4142135623730951
777, 15, 508, 135, 504, 136, 4, -1, -0.24497866312686414, 4.123105625617661
777, 25, 399, 227, 399, 229, 0, -2, -1.5707963267948966, 2.0
777, 26, 40, 332, 39, 334, 1, -2, -1.1071487177940904, 2.23606797749979
777, 29, 228, 330, 226, 332, 2, -2, -0.7853981633974483, 2.8284271247461903
777, 31, 397, 274, 397, 276, 0, -2, -1.5707963267948966, 2.0
777, 35, 216, 409, 215, 410, 1, -1, -0.7853981633974483, 1.4142135623730951
777, 39, 515, 143, 514, 141, 1, 2, 1.1071487177940904, 2.23606797749979
777, 40, 435, 143, 435, 145, 0, -2, -1.5707963267948966, 2.0
777, 44, 326, 340, 325, 341, 1, -1, -0.7853981633974483, 1.4142135623730951
777, 49, 520, 172, 518, 172, 2, 0, 0.0, 2.0
777, 51, 156, 408, 155, 409, 1, -1, -0.7853981633974483, 1.4142135623730951
777, 54, 467, 256, 466, 258, 1, -2, -1.1071487177940904, 2.23606797749979
777, 58, 455, 140, 454, 141, 1, -1, -0.7853981633974483, 1.4142135623730951
777, 63, 361, 364, 360, 366, 1, -2, -1.1071487177940904, 2.23606797749979
777, 69, 601, 256, 602, 254, -1, 2, 2.0344439357957027, 2.23606797749979
777, 72, 8, 209, 7, 210, 1, -1, -0.7853981633974483, 1.4142135623730951
777, 75, 258, 403, 257, 404, 1, -1, -0.7853981633974483, 1.4142135623730951
778, 22, 531, 138, 530, 137, 1, 1, 0.7853981633974483, 1.4142135623730951
778, 23, 199, 222, 196, 221, 3, 1, 0.3217505543966422, 3.1622776601683795
778, 33, 217, 408, 216, 409, 1, -1, -0.7853981633974483, 1.4142135623730951
778, 38, 436, 141, 435, 143, 1, -2, -1.1071487177940904, 2.23606797749979
778, 44, 608, 339, 606, 339, 2, 0, 0.0, 2.0
778, 56, 457, 140, 455, 140, 2, 0, 0.0, 2.0
778, 61, 362, 362, 361, 364, 1, -2, -1.1071487177940904, 2.23606797749979
778, 67, 601, 259, 601, 256, 0, 3, 1.5707963267948966, 3.0
778, 70, 9, 208, 8, 209, 1, -1, -0.7853981633974483, 1.4142135623730951
779, 3, 36, 411, 35, 412, 1, -1, -0.7853981633974483, 1.4142135623730951
779, 5, 209, 364, 208, 365, 1, -1, -0.7853981633974483, 1.4142135623730951
779, 12, 510, 136, 509, 135, 1, 1, 0.7853981633974483, 1.4142135623730951
779, 16, 301, 344, 300, 345, 1, -1, -0.7853981633974483, 1.4142135623730951
779, 18, 532, 139, 531, 138, 1, 1, 0.7853981633974483, 1.4142135623730951
779, 19, 398, 223, 399, 226, -1, -3, -1.892546881191539, 3.1622776601683795
779, 24, 397, 271, 397, 273, 0, -2, -1.5707963267948966, 2.0
779, 28, 218, 407, 217, 408, 1, -1, -0.7853981633974483, 1.4142135623730951
779, 32, 436, 139, 436, 141, 0, -2, -1.5707963267948966, 2.0
779, 35, 158, 238, 157, 239, 1, -1, -0.7853981633974483, 1.4142135623730951
779, 37, 610, 339, 608, 339, 2, 0, 0.0, 2.0
779, 40, 523, 170, 521, 172, 2, -2, -0.7853981633974483, 2.8284271247461903
779, 45, 467, 253, 467, 255, 0, -2, -1.5707963267948966, 2.0
779, 49, 458, 139, 457, 140, 1, -1, -0.7853981633974483, 1.4142135623730951
779, 54, 363, 360, 362, 362, 1, -2, -1.1071487177940904, 2.23606797749979
779, 55, 227, 361, 226, 362, 1, -1, -0.7853981633974483, 1.4142135623730951
779, 58, 599, 259, 601, 259, -2, 0, 3.141592653589793, 2.0
779, 64, 259, 401, 258, 402, 1, -1, -0.7853981633974483, 1.4142135623730951
780, 21, 161, 332, 160, 333, 1, -1, -0.7853981633974483, 1.4142135623730951
780, 24, 231, 371, 230, 372, 1, -1, -0.7853981633974483, 1.4142135623730951
780, 25, 499, 145, 497, 145, 2, 0, 0.0, 2.0
780, 26, 554, 177, 552, 177, 2, 0, 0.0, 2.0
780, 28, 401, 225, 400, 227, 1, -2, -1.1071487177940904, 2.23606797749979
780, 29, 218, 412, 217, 413, 1, -1, -0.7853981633974483, 1.4142135623730951
780, 30, 466, 228, 467, 230, -1, -2, -2.0344439357957027, 2.23606797749979
780, 38, 366, 366, 366, 369, 0, -3, -1.5707963267948966, 3.0
780, 40, 410, 330, 409, 332, 1, -2, -1.1071487177940904, 2.23606797749979
780, 46, 578, 284, 577, 282, 1, 2, 1.1071487177940904, 2.23606797749979
780, 50, 436, 144, 436, 147, 0, -3, -1.5707963267948966, 3.0
780, 51, 532, 138, 531, 137, 1, 1, 0.7853981633974483, 1.4142135623730951
780, 59, 499, 137, 498, 138, 1, -1, -0.7853981633974483, 1.4142135623730951
781, 21, 501, 145, 499, 145, 2, 0, 0.0, 2.0
781, 24, 401, 223, 401, 225, 0, -2, -1.5707963267948966, 2.0
781, 25, 219, 411, 218, 412, 1, -1, -0.7853981633974483, 1.4142135623730951
781, 36, 342, 322, 341, 324, 1, -2, -1.1071487177940904, 2.23606797749979
781, 38, 580, 285, 578, 284, 2, 1, 0.4636476090008061, 2.23606797749979
781, 42, 437, 142, 436, 144, 1, -2, -1.1071487177940904, 2.23606797749979
781, 43, 533, 139, 532, 138, 1, 1, 0.7853981633974483, 1.4142135623730951
781, 49, 248, 257, 248, 260, 0, -3, -1.5707963267948966, 3.0
781, 51, 500, 136, 499, 137, 1, -1, -0.7853981633974483, 1.4142135623730951
782, 19, 401, 220, 401, 223, 0, -3, -1.5707963267948966, 3.0
782, 20, 220, 410, 219, 411, 1, -1, -0.7853981633974483, 1.4142135623730951
782, 24, 366, 363, 366, 365, 0, -2, -1.5707963267948966, 2.0
782, 26, 411, 327, 410, 329, 1, -2, -1.1071487177940904, 2.23606797749979
782, 34, 437, 140, 437, 142, 0, -2, -1.5707963267948966, 2.0
782, 35, 534, 140, 533, 139, 1, 1, 0.7853981633974483, 1.4142135623730951
782, 43, 74, 289, 77, 289, -3, 0, 3.141592653589793, 3.0
783, 14, 304, 345, 305, 347, -1, -2, -2.0344439357957027, 2.23606797749979
783, 15, 230, 369, 231, 371, -1, -2, -2.0344439357957027, 2.23606797749979
783, 19, 399, 218, 401, 220, -2, -2, -2.356194490192345, 2.8284271247461903
783, 20, 221, 409, 220, 410, 1, -1, -0.7853981633974483, 1.4142135623730951
783, 26, 412, 326, 411, 327, 1, -1, -0.7853981633974483, 1.4142135623730951
783, 31, 579, 287, 580, 286, -1, 1, 2.356194490192345, 1.4142135623730951
783, 35, 535, 141, 534, 140, 1, 1, 0.7853981633974483, 1.4142135623730951
783, 42, 229, 361, 229, 363, 0, -2, -1.5707963267948966, 2.0
784, 6, 11, 411, 10, 412, 1, -1, -0.7853981633974483, 1.4142135623730951
784, 7, 40, 407, 37, 409, 3, -2, -0.5880026035475675, 3.605551275463989
784, 18, 399, 216, 399, 218, 0, -2, -1.5707963267948966, 2.0
784, 19, 222, 408, 221, 409, 1, -1, -0.7853981633974483, 1.4142135623730951
784, 24, 412, 324, 412, 326, 0, -2, -1.5707963267948966, 2.0
784, 30, 192, 191, 192, 188, 0, 3, 1.5707963267948966, 3.0
784, 31, 437, 137, 437, 139, 0, -2, -1.5707963267948966, 2.0
784, 32, 536, 142, 535, 141, 1, 1, 0.7853981633974483, 1.4142135623730951
784, 36, 92, 340, 91, 341, 1, -1, -0.7853981633974483, 1.4142135623730951
785, 25, 511, 140, 510, 139, 1, 1, 0.7853981633974483, 1.4142135623730951
785, 26, 29, 380, 26, 384, 3, -4, -0.9272952180016122, 5.0
785, 30, 367, 363, 367, 365, 0, -2, -1.5707963267948966, 2.0
785, 37, 414, 326, 413, 329, 1, -3, -1.2490457723982544, 3.1622776601683795
785, 52, 470, 134, 470, 136, 0, -2, -1.5707963267948966, 2.0
785, 53, 93, 344, 92, 345, 1, -1, -0.7853981633974483, 1.4142135623730951
785, 67, 558, 183, 557, 181, 1, 2, 1.1071487177940904, 2.23606797749979
785, 69, 605, 348, 604, 346, 1, 2, 1.1071487177940904, 2.23606797749979
785, 70, 317, 369, 316, 370, 1, -1, -0.7853981633974483, 1.4142135623730951
785, 82, 242, 179, 244, 178, -2, 1, 2.677945044588987, 2.23606797749979
785, 87, 222, 411, 221, 412, 1, -1, -0.7853981633974483, 1.4142135623730951
786, 20, 41, 411, 40, 412, 1, -1, -0.7853981633974483, 1.4142135623730951
786, 25, 367, 361, 367, 363, 0, -2, -1.5707963267948966, 2.0
786, 28, 502, 139, 501, 138, 1, 1, 0.7853981633974483, 1.4142135623730951
786, 32, 415, 324, 414, 326, 1, -2, -1.1071487177940904, 2.23606797749979
786, 35, 401, 220, 401, 222, 0, -2, -1.5707963267948966, 2.0
786, 38, 262, 403, 261, 404, 1, -1, -0.7853981633974483, 1.4142135623730951
786, 39, 115, 206, 114, 207, 1, -1, -0.7853981633974483, 1.4142135623730951
786, 45, 471, 133, 470, 134, 1, -1, -0.7853981633974483, 1.4142135623730951
786, 46, 94, 343, 93, 344, 1, -1, -0.7853981633974483, 1.4142135623730951
786, 50, 582, 291, 581, 290, 1, 1, 0.7853981633974483, 1.4142135623730951
786, 55, 70, 357, 69, 358, 1, -1, -0.7853981633974483, 1.4142135623730951
786, 59, 560, 184, 558, 183, 2, 1, 0.4636476090008061, 2.23606797749979
786, 61, 607, 349, 605, 348, 2, 1, 0.4636476090008061, 2.23606797749979
786, 62, 318, 368, 317, 369, 1, -1, -0.7853981633974483, 1.4142135623730951
786, 64, 27, 362, 29, 361, -2, 1, 2.677945044588987, 2.23606797749979
786, 71, 580, 284, 579, 283, 1, 1, 0.7853981633974483, 1.4142135623730951
786, 77, 223, 410, 222, 411, 1, -1, -0.7853981633974483, 1.4142135623730951
787, 8, 14, 412, 13, 413, 1, -1, -0.7853981633974483, 1.4142135623730951
787, 19, 42, 410, 41, 411, 1, -1, -0.7853981633974483, 1.4142135623730951
787, 22, 513, 141, 512, 140, 1, 1, 0.7853981633974483, 1.4142135623730951
787, 27, 504, 139, 502, 139, 2, 0, 0.0, 2.0
787, 29, 536, 144, 535, 143, 1, 1, 0.7853981633974483, 1.4142135623730951
787, 30, 416, 323, 415, 324, 1, -1, -0.7853981633974483, 1.4142135623730951
787, 33, 401, 218, 401, 220, 0, -2, -1.5707963267948966, 2.0
787, 36, 263, 402, 262, 403, 1, -1, -0.7853981633974483, 1.4142135623730951
787, 42, 472, 132, 471, 133, 1, -1, -0.7853981633974483, 1.4142135623730951
787, 43, 95, 342, 94, 343, 1, -1, -0.7853981633974483, 1.4142135623730951
787, 47, 581, 292, 582, 291, -1, 1, 2.356194490192345, 1.4142135623730951
787, 55, 561, 186, 560, 184, 1, 2, 1.1071487177940904, 2.23606797749979
787, 57, 609, 349, 607, 349, 2, 0, 0.0, 2.0
787, 58, 318, 366, 318, 368, 0, -2, -1.5707963267948966, 2.0
787, 67, 581, 286, 580, 284, 1, 2, 1.1071487177940904, 2.23606797749979
787, 71, 53, 385, 52, 386, 1, -1, -0.7853981633974483, 1.4142135623730951
788, 1, 266, 312, 267, 311, -1, 1, 2.356194490192345, 1.4142135623730951
788, 15, 504, 147, 503, 148, 1, -1, -0.7853981633974483, 1.4142135623730951
788, 24, 16, 232, 18, 233, -2, -1, -2.677945044588987, 2.23606797749979
788, 25, 505, 140, 504, 139, 1, 1, 0.7853981633974483, 1.4142135623730951
788, 27, 537, 145, 536, 144, 1, 1, 0.7853981633974483, 1.4142135623730951
788, 28, 416, 321, 416, 323, 0, -2, -1.5707963267948966, 2.0
788, 34, 264, 401, 263, 402, 1, -1, -0.7853981633974483, 1.4142135623730951
788, 36, 198, 245, 200, 244, -2, 1, 2.677945044588987, 2.23606797749979
788, 47, 613, 326, 611, 325, 2, 1, 0.4636476090008061, 2.23606797749979
788, 48, 71, 356, 70, 357, 1, -1, -0.7853981633974483, 1.4142135623730951
788, 51, 562, 188, 561, 186, 1, 2, 1.1071487177940904, 2.23606797749979
788, 53, 613, 349, 609, 349, 4, 0, 0.0, 4.0
788, 54, 319, 365, 318, 366, 1, -1, -0.7853981633974483, 1.4142135623730951
788, 65, 225, 409, 224, 410, 1, -1, -0.7853981633974483, 1.4142135623730951
789, 6, 15, 411, 14, 412, 1, -1, -0.7853981633974483, 1.4142135623730951
789, 15, 44, 409, 43, 410, 1, -1, -0.7853981633974483, 1.4142135623730951
789, 18, 515, 142, 514, 141, 1, 1, 0.7853981633974483, 1.4142135623730951
789, 23, 506, 141, 505, 140, 1, 1, 0.7853981633974483, 1.4142135623730951
789, 25, 538, 146, 537, 145, 1, 1, 0.7853981633974483, 1.4142135623730951
789, 26, 418, 319, 416, 321, 2, -2, -0.7853981633974483, 2.8284271247461903
789, 32, 265, 400, 264, 401, 1, -1, -0.7853981633974483, 1.4142135623730951
789, 37, 473, 130, 472, 131, 1, -1, -0.7853981633974483, 1.4142135623730951
789, 38, 97, 341, 96, 342, 1, -1, -0.7853981633974483, 1.4142135623730951
789, 45, 614, 327, 613, 326, 1, 1, 0.7853981633974483, 1.4142135623730951
789, 51, 618, 349, 613, 349, 5, 0, 0.0, 5.0
789, 55, 69, 385, 68, 386, 1, -1, -0.7853981633974483, 1.4142135623730951
789, 62, 226, 408, 225, 409, 1, -1, -0.7853981633974483, 1.4142135623730951
790, 8, 17, 413, 16, 414, 1, -1, -0.7853981633974483, 1.4142135623730951
790, 13, 402, 218, 402, 220, 0, -2, -1.5707963267948966, 2.0
790, 30, 541, 148, 539, 146, 2, 2, 0.7853981633974483, 2.8284271247461903
790, 42, 418, 323, 417, 325, 1, -2, -1.1071487177940904, 2.23606797749979
790, 43, 365, 363, 365, 365, 0, -2, -1.5707963267948966, 2.0
790, 48, 476, 133, 475, 134, 1, -1, -0.7853981633974483, 1.4142135623730951
790, 64, 211, 365, 212, 367, -1, -2, -2.0344439357957027, 2.23606797749979
791, 4, 15, 325, 14, 326, 1, -1, -0.7853981633974483, 1.4142135623730951
791, 13, 403, 217, 402, 218, 1, -1, -0.7853981633974483, 1.4142135623730951
791, 28, 543, 149, 541, 148, 2, 1, 0.4636476090008061, 2.23606797749979
791, 32, 55, 328, 54, 329, 1, -1, -0.7853981633974483, 1.4142135623730951
791, 39, 418, 321, 418, 323, 0, -2, -1.5707963267948966, 2.0
791, 40, 366, 362, 365, 363, 1, -1, -0.7853981633974483, 1.4142135623730951
791, 42, 12, 204, 11, 205, 1, -1, -0.7853981633974483, 1.4142135623730951
791, 45, 477, 132, 476, 133, 1, -1, -0.7853981633974483, 1.4142135623730951
791, 47, 267, 403, 266, 404, 1, -1, -0.7853981633974483, 1.4142135623730951
791, 50, 162, 403, 161, 404, 1, -1, -0.7853981633974483, 1.4142135623730951
791, 54, 56, 187, 55, 188, 1, -1, -0.7853981633974483, 1.4142135623730951
792, 10, 403, 215, 403, 217, 0, -2, -1.5707963267948966, 2.0
792, 23, 544, 150, 543, 149, 1, 1, 0.7853981633974483, 1.4142135623730951
792, 27, 56, 327, 55, 328, 1, -1, -0.7853981633974483, 1.4142135623730951
792, 34, 419, 319, 418, 321, 1, -2, -1.1071487177940904, 2.23606797749979
792, 35, 367, 361, 366, 362, 1, -1, -0.7853981633974483, 1.4142135623730951
792, 37, 13, 203, 12, 204, 1, -1, -0.7853981633974483, 1.4142135623730951
792, 40, 478, 131, 477, 132, 1, -1, -0.7853981633974483, 1.4142135623730951
792, 45, 163, 402, 162, 403, 1, -1, -0.7853981633974483, 1.4142135623730951
793, 5, 516, 142, 515, 141, 1, 1, 0.7853981633974483, 1.4142135623730951
793, 9, 403, 213, 403, 215, 0, -2, -1.5707963267948966, 2.0
793, 21, 545, 151, 544, 150, 1, 1, 0.7853981633974483, 1.4142135623730951
793, 32, 420, 317, 419, 319, 1, -2, -1.1071487177940904, 2.23606797749979
793, 33, 368, 358, 367, 361, 1, -3, -1.2490457723982544, 3.1622776601683795
793, 40, 268, 401, 267, 402, 1, -1, -0.7853981633974483, 1.4142135623730951
793, 43, 164, 400, 163, 402, 1, -2, -1.1071487177940904, 2.23606797749979
794, 8, 404, 211, 403, 213, 1, -2, -1.1071487177940904, 2.23606797749979
794, 9, 45, 409, 44, 410, 1, -1, -0.7853981633974483, 1.4142135623730951
794, 18, 199, 195, 198, 194, 1, 1, 0.7853981633974483, 1.4142135623730951
794, 19, 546, 152, 545, 151, 1, 1, 0.7853981633974483, 1.4142135623730951
794, 29, 421, 315, 420, 317, 1, -2, -1.1071487177940904, 2.23606797749979
794, 30, 369, 356, 368, 358, 1, -2, -1.1071487177940904, 2.23606797749979
794, 35, 480, 130, 479, 131, 1, -1, -0.7853981633974483, 1.4142135623730951
794, 40, 165, 398, 164, 400, 1, -2, -1.1071487177940904, 2.23606797749979
794, 42, 117, 239, 119, 240, -2, -1, -2.677945044588987, 2.23606797749979
795, 13, 518, 145, 517, 144, 1, 1, 0.7853981633974483, 1.4142135623730951
795, 32, 479, 132, 478, 133, 1, -1, -0.7853981633974483, 1.4142135623730951
795, 33, 403, 215, 403, 217, 0, -2, -1.5707963267948966, 2.0
795, 37, 443, 231, 443, 233, 0, -2, -1.5707963267948966, 2.0
795, 40, 536, 195, 536, 192, 0, 3, 1.5707963267948966, 3.0
795, 46, 270, 404, 269, 405, 1, -1, -0.7853981633974483, 1.4142135623730951
795, 49, 234, 407, 233, 408, 1, -1, -0.7853981633974483, 1.4142135623730951
795, 52, 543, 152, 542, 151, 1, 1, 0.7853981633974483, 1.4142135623730951
795, 59, 420, 318, 420, 320, 0, -2, -1.5707963267948966, 2.0
795, 62, 410, 258, 410, 260, 0, -2, -1.5707963267948966, 2.0
795, 86, 323, 363, 322, 364, 1, -1, -0.7853981633974483, 1.4142135623730951
796, 7, 19, 412, 18, 413, 1, -1, -0.7853981633974483, 1.4142135623730951
796, 12, 519, 146, 518, 145, 1, 1, 0.7853981633974483, 1.4142135623730951
796, 26, 239, 327, 238, 326, 1, 1, 0.7853981633974483, 1.4142135623730951
796, 30, 480, 131, 479, 132, 1, -1, -0.7853981633974483, 1.4142135623730951
796, 31, 403, 213, 403, 215, 0, -2, -1.5707963267948966, 2.0
796, 47, 235, 406, 234, 407, 1, -1, -0.7853981633974483, 1.4142135623730951
796, 56, 420, 316, 420, 318, 0, -2, -1.5707963267948966, 2.0
796, 59, 410, 256, 410, 258, 0, -2, -1.5707963267948966, 2.0
796, 70, 19, 233, 18, 234, 1, -1, -0.7853981633974483, 1.4142135623730951
797, 6, 20, 411, 19, 412, 1, -1, -0.7853981633974483, 1.4142135623730951
797, 28, 481, 130, 480, 131, 1, -1, -0.7853981633974483, 1.4142135623730951
797, 29, 403, 211, 403, 213, 0, -2, -1.5707963267948966, 2.0
797, 35, 537, 198, 536, 196, 1, 2, 1.1071487177940904, 2.23606797749979
797, 46, 544, 155, 543, 153, 1, 2, 1.1071487177940904, 2.23606797749979
797, 49, 443, 133, 443, 135, 0, -2, -1.5707963267948966, 2.0
797, 51, 421, 314, 420, 316, 1, -2, -1.1071487177940904, 2.23606797749979
797, 63, 585, 301, 586, 300, -1, 1, 2.356194490192345, 1.4142135623730951
797, 67, 33, 205, 30, 205, 3, 0, 0.0, 3.0
797, 69, 260, 326, 259, 325, 1, 1, 0.7853981633974483, 1.4142135623730951
797, 76, 615, 335, 614, 334, 1, 1, 0.7853981633974483, 1.4142135623730951
797, 77, 324, 361, 323, 362, 1, -1, -0.7853981633974483, 1.4142135623730951
798, 5, 21, 410, 20, 411, 1, -1, -0.7853981633974483, 1.4142135623730951
798, 10, 520, 147, 519, 146, 1, 1, 0.7853981633974483, 1.4142135623730951
798, 27, 482, 129, 481, 130, 1, -1, -0.7853981633974483, 1.4142135623730951
798, 28, 403, 209, 403, 211, 0, -2, -1.5707963267948966, 2.0
798, 31, 310, 347, 309, 348, 1, -1, -0.7853981633974483, 1.4142135623730951
798, 33, 536, 199, 537, 198, -1, 1, 2.356194490192345, 1.4142135623730951
798, 44, 544, 157, 544, 155, 0, 2, 1.5707963267948966, 2.0
798, 47, 444, 131, 443, 133, 1, -2, -1.1071487177940904, 2.23606797749979
798, 49, 421, 312, 421, 314, 0, -2, -1.5707963267948966, 2.0
798, 52, 410, 253, 410, 255, 0, -2, -1.5707963267948966, 2.0
798, 58, 236, 360, 238, 359, -2, 1, 2.677945044588987, 2.23606797749979
798, 64, 36, 205, 33, 205, 3, 0, 0.0, 3.0
799, 5, 22, 409, 21, 410, 1, -1, -0.7853981633974483, 1.4142135623730951
799, 25, 483, 128, 482, 129, 1, -1, -0.7853981633974483, 1.4142135623730951
799, 26, 403, 207, 403, 209, 0, -2, -1.5707963267948966, 2.0
799, 27, 196, 296, 199, 296, -3, 0, 3.141592653589793, 3.0
799, 31, 537, 200, 536, 199, 1, 1, 0.7853981633974483, 1.4142135623730951
799, 40, 237, 405, 236, 406, 1, -1, -0.7853981633974483, 1.4142135623730951
799, 44, 444, 129, 444, 131, 0, -2, -1.5707963267948966, 2.0
799, 46, 421, 309, 421, 312, 0, -3, -1.5707963267948966, 3.0
799, 49, 410, 251, 410, 253, 0, -2, -1.5707963267948966, 2.0
799, 57, 20, 231, 19, 232, 1, -1, -0.7853981633974483, 1.4142135623730951
800, 6, 522, 149, 521, 148, 1, 1, 0.7853981633974483, 1.4142135623730951
800, 24, 372, 363, 370, 365, 2, -2, -0.7853981633974483, 2.8284271247461903
800, 35, 404, 211, 405, 213, -1, -2, -2.0344439357957027, 2.23606797749979
800, 37, 564, 196, 562, 194, 2, 2, 0.7853981633974483, 2.8284271247461903
800, 38, 548, 155, 547, 154, 1, 1, 0.7853981633974483, 1.4142135623730951
800, 42, 446, 133, 445, 134, 1, -1, -0.7853981633974483, 1.4142135623730951
800, 50, 484, 131, 483, 132, 1, -1, -0.7853981633974483, 1.4142135623730951
800, 58, 439, 175, 439, 178, 0, -3, -1.5707963267948966, 3.0
800, 65, 239, 407, 238, 408, 1, -1, -0.7853981633974483, 1.4142135623730951
800, 81, 20, 231, 19, 233, 1, -2, -1.1071487177940904, 2.23606797749979
800, 83, 275, 380, 274, 381, 1, -1, -0.7853981633974483, 1.4142135623730951
800, 86, 16, 203, 15, 204, 1, -1, -0.7853981633974483, 1.4142135623730951
800, 88, 594, 301, 594, 299, 0, 2, 1.5707963267948966, 2.0
800, 96, 611, 281, 611, 279, 0, 2, 1.5707963267948966, 2.0
801, 5, 523, 150, 522, 149, 1, 1, 0.7853981633974483, 1.4142135623730951
801, 22, 374, 363, 372, 363, 2, 0, 0.0, 2.0
801, 28, 349, 318, 349, 320, 0, -2, -1.5707963267948966, 2.0
801, 32, 404, 209, 404, 211, 0, -2, -1.5707963267948966, 2.0
801, 34, 566, 198, 564, 196, 2, 2, 0.7853981633974483, 2.8284271247461903
801, 35, 548, 157, 548, 155, 0, 2, 1.5707963267948966, 2.0
801, 37, 411, 252, 411, 254, 0, -2, -1.5707963267948966, 2.0
801, 38, 344, 329, 342, 330, 2, -1, -0.4636476090008061, 2.23606797749979
801, 39, 446, 131, 446, 133, 0, -2, -1.5707963267948966, 2.0
801, 47, 487, 131, 484, 131, 3, 0, 0.0, 3.0
801, 54, 128, 345, 127, 346, 1, -1, -0.7853981633974483, 1.4142135623730951
801, 55, 440, 173, 439, 175, 1, -2, -1.1071487177940904, 2.23606797749979
801, 64, 466, 216, 467, 218, -1, -2, -2.0344439357957027, 2.23606797749979
801, 73, 617, 313, 618, 312, -1, 1, 2.356194490192345, 1.4142135623730951
801, 80, 276, 379, 275, 380, 1, -1, -0.7853981633974483, 1.4142135623730951
801, 84, 58, 386, 57, 387, 1, -1, -0.7853981633974483, 1.4142135623730951
801, 85, 594, 304, 594, 301, 0, 3, 1.5707963267948966, 3.0
801, 86, 80, 214, 78, 214, 2, 0, 0.0, 2.0
801, 88, 310, 320, 309, 319, 1, 1, 0.7853981633974483, 1.4142135623730951
801, 93, 611, 284, 611, 281, 0, 3, 1.5707963267948966, 3.0
802, 5, 524, 151, 523, 150, 1, 1, 0.7853981633974483, 1.4142135623730951
802, 12, 38, 347, 37, 348, 1, -1, -0.7853981633974483, 1.4142135623730951
802, 20, 375, 362, 374, 363, 1, -1, -0.7853981633974483, 1.4142135623730951
802, 30, 404, 207, 404, 209, 0, -2, -1.5707963267948966, 2.0
802, 32, 549, 158, 548, 157, 1, 1, 0.7853981633974483, 1.4142135623730951
802, 35, 345, 327, 344, 329, 1, -2, -1.1071487177940904, 2.23606797749979
802, 36, 447, 129, 446, 131, 1, -2, -1.1071487177940904, 2.23606797749979
802, 43, 488, 130, 487, 131, 1, -1, -0.7853981633974483, 1.4142135623730951
802, 49, 441, 170, 440, 173, 1, -3, -1.2490457723982544, 3.1622776601683795
802, 52, 301, 390, 300, 391, 1, -1, -0.7853981633974483, 1.4142135623730951
802, 56, 240, 406, 239, 407, 1, -1, -0.7853981633974483, 1.4142135623730951
802, 66, 616, 314, 617, 313, -1, 1, 2.356194490192345, 1.4142135623730951
802, 71, 18, 229, 20, 230, -2, -1, -2.677945044588987, 2.23606797749979
802, 78, 593, 305, 594, 304, -1, 1, 2.356194490192345, 1.4142135623730951
802, 81, 311, 321, 310, 320, 1, 1, 0.7853981633974483, 1.4142135623730951
802, 86, 610, 286, 611, 284, -1, 2, 2.0344439357957027, 2.23606797749979
803, 29, 404, 205, 404, 207, 0, -2, -1.5707963267948966, 2.0
803, 30, 568, 199, 567, 198, 1, 1, 0.7853981633974483, 1.4142135623730951
803, 31, 549, 160, 549, 158, 0, 2, 1.5707963267948966, 2.0
803, 34, 346, 326, 345, 327, 1, -1, -0.7853981633974483, 1.4142135623730951
803, 47, 442, 168, 441, 170, 1, -2, -1.1071487177940904, 2.23606797749979
803, 68, 17, 227, 18, 229, -1, -2, -2.0344439357957027, 2.23606797749979
803, 82, 609, 287, 610, 286, -1, 1, 2.356194490192345, 1.4142135623730951
804, 5, 525, 153, 524, 152, 1, 1, 0.7853981633974483, 1.4142135623730951
804, 7, 22, 407, 21, 408, 1, -1, -0.7853981633974483, 1.4142135623730951
804, 14, 48, 410, 47, 411, 1, -1, -0.7853981633974483, 1.4142135623730951
804, 17, 376, 360, 375, 361, 1, -1, -0.7853981633974483, 1.4142135623730951
804, 23, 349, 314, 349, 316, 0, -2, -1.5707963267948966, 2.0
804, 27, 567, 200, 568, 199, -1, 1, 2.356194490192345, 1.4142135623730951
804, 31, 347, 327, 346, 326, 1, 1, 0.7853981633974483, 1.4142135623730951
804, 32, 448, 126, 447, 128, 1, -2, -1.1071487177940904, 2.23606797749979
804, 45, 302, 388, 301, 389, 1, -1, -0.7853981633974483, 1.4142135623730951
804, 66, 246, 173, 245, 174, 1, -1, -0.7853981633974483, 1.4142135623730951
804, 70, 594, 307, 593, 306, 1, 1, 0.7853981633974483, 1.4142135623730951
804, 73, 312, 320, 311, 321, 1, -1, -0.7853981633974483, 1.4142135623730951
805, 24, 404, 207, 405, 209, -1, -2, -2.0344439357957027, 2.23606797749979
805, 27, 550, 160, 549, 159, 1, 1, 0.7853981633974483, 1.4142135623730951
805, 29, 378, 349, 377, 351, 1, -2, -1.1071487177940904, 2.23606797749979
805, 38, 406, 254, 406, 257, 0, -3, -1.5707963267948966, 3.0
805, 39, 568, 202, 567, 200, 1, 2, 1.1071487177940904, 2.23606797749979
805, 43, 243, 406, 242, 407, 1, -1, -0.7853981633974483, 1.4142135623730951
805, 46, 443, 272, 443, 274, 0, -2, -1.5707963267948966, 2.0
805, 51, 238, 411, 237, 412, 1, -1, -0.7853981633974483, 1.4142135623730951
805, 57, 426, 311, 425, 313, 1, -2, -1.1071487177940904, 2.23606797749979
805, 58, 172, 307, 169, 306, 3, 1, 0.3217505543966422, 3.1622776601683795
805, 67, 160, 409, 159, 410, 1, -1, -0.7853981633974483, 1.4142135623730951
805, 68, 394, 231, 394, 236, 0, -5, -1.5707963267948966, 5.0
805, 69, 20, 208, 19, 209, 1, -1, -0.7853981633974483, 1.4142135623730951
805, 81, 307, 391, 306, 392, 1, -1, -0.7853981633974483, 1.4142135623730951
805, 84, 216, 369, 216, 371, 0, -2, -1.5707963267948966, 2.0
805, 91, 607, 285, 609, 285, -2, 0, 3.141592653589793, 2.0
805, 93, 326, 359, 325, 360, 1, -1, -0.7853981633974483, 1.4142135623730951
805, 95, 352, 318, 351, 320, 1, -2, -1.1071487177940904, 2.23606797749979
805, 98, 407, 338, 406, 340, 1, -2, -1.1071487177940904, 2.23606797749979
805, 106, 629, 345, 628, 346, 1, -1, -0.7853981633974483, 1.4142135623730951
805, 109, 14, 227, 18, 229, -4, -2, -2.677945044588987, 4.47213595499958
805, 113, 433, 157, 432, 158, 1, -1, -0.7853981633974483, 1.4142135623730951
805, 115, 83, 194, 81, 194, 2, 0, 0.0, 2.0
806, 22, 403, 204, 404, 207, -1, -3, -1.892546881191539, 3.1622776601683795
806, 24, 552, 162, 550, 160, 2, 2, 0.7853981633974483, 2.8284271247461903
806, 26, 380, 347, 378, 349, 2, -2, -0.7853981633974483, 2.8284271247461903
806, 35, 407, 253, 406, 254, 1, -1, -0.7853981633974483, 1.4142135623730951
806, 36, 570, 203, 568, 202, 2, 1, 0.4636476090008061, 2.23606797749979
806, 52, 448, 127, 448, 129, 0, -2, -1.5707963267948966, 2.0
806, 53, 426, 309, 426, 311, 0, -2, -1.5707963267948966, 2.0
806, 64, 21, 207, 20, 208, 1, -1, -0.7853981633974483, 1.4142135623730951
806, 73, 471, 161, 470, 162, 1, -1, -0.7853981633974483, 1.4142135623730951
806, 74, 414, 251, 413, 253, 1, -2, -1.1071487177940904, 2.23606797749979
806, 75, 308, 390, 307, 391, 1, -1, -0.7853981633974483, 1.4142135623730951
806, 83, 77, 294, 76, 295, 1, -1, -0.7853981633974483, 1.4142135623730951
806, 85, 120, 244, 119, 245, 1, -1, -0.7853981633974483, 1.4142135623730951
806, 86, 353, 314, 352, 318, 1, -4, -1.3258176636680326, 4.123105625617661
806, 89, 407, 336, 407, 338, 0, -2, -1.5707963267948966, 2.0
806, 90, 465, 213, 466, 215, -1, -2, -2.0344439357957027, 2.23606797749979
806, 93, 59, 385, 58, 386, 1, -1, -0.7853981633974483, 1.4142135623730951
806, 97, 631, 345, 629, 345, 2, 0, 0.0, 2.0
807, 8, 525, 153, 524, 152, 1, 1, 0.7853981633974483, 1.4142135623730951
807, 21, 402, 201, 403, 204, -1, -3, -1.892546881191539, 3.1622776601683795
807, 23, 554, 164, 552, 162, 2, 2, 0.7853981633974483, 2.8284271247461903
807, 25, 382, 345, 380, 347, 2, -2, -0.7853981633974483, 2.8284271247461903
807, 35, 571, 204, 570, 203, 1, 1, 0.7853981633974483, 1.4142135623730951
807, 52, 427, 307, 426, 309, 1, -2, -1.1071487177940904, 2.23606797749979
807, 54, 67, 186, 63, 186, 4, 0, 0.0, 4.0
807, 55, 237, 364, 236, 365, 1, -1, -0.7853981633974483, 1.4142135623730951
807, 58, 93, 201, 92, 202, 1, -1, -0.7853981633974483, 1.4142135623730951
807, 63, 309, 340, 308, 341, 1, -1, -0.7853981633974483, 1.4142135623730951
807, 69, 413, 249, 414, 251, -1, -2, -2.0344439357957027, 2.23606797749979
807, 70, 309, 389, 308, 390, 1, -1, -0.7853981633974483, 1.4142135623730951
807, 72, 139, 200, 138, 201, 1, -1, -0.7853981633974483, 1.4142135623730951
807, 74, 279, 342, 278, 341, 1, 1, 0.7853981633974483, 1.4142135623730951
807, 79, 327, 357, 326, 358, 1, -1, -0.7853981633974483, 1.4142135623730951
807, 80, 117, 242, 120, 244, -3, -2, -2.5535900500422257, 3.605551275463989
807, 81, 354, 312, 353, 314, 1, -2, -1.1071487177940904, 2.23606797749979
807, 84, 408, 334, 407, 336, 1, -2, -1.1071487177940904, 2.23606797749979
807, 87, 112, 365, 113, 364, -1, 1, 2.356194490192345, 1.4142135623730951
807, 92, 634, 345, 631, 345, 3, 0, 0.0, 3.0
807, 95, 15, 224, 14, 226, 1, -2, -1.1071487177940904, 2.23606797749979
807, 98, 433, 153, 433, 156, 0, -3, -1.5707963267948966, 3.0
807, 100, 81, 192, 84, 194, -3, -2, -2.5535900500422257, 3.605551275463989
807, 104, 197, 353, 202, 354, -5, -1, -2.9441970937399127, 5.0990195135927845
808, 6, 526, 154, 525, 153, 1, 1, 0.7853981633974483, 1.4142135623730951
808, 19, 401, 199, 402, 201, -1, -2, -2.0344439357957027, 2.23606797749979
808, 20, 556, 166, 554, 164, 2, 2, 0.7853981633974483, 2.8284271247461903
808, 22, 381, 342, 382, 345, -1, -3, -1.892546881191539, 3.1622776601683795
808, 24, 276, 401, 275, 402, 1, -1, -0.7853981633974483, 1.4142135623730951
808, 29, 572, 205, 571, 204, 1, 1, 0.7853981633974483, 1.4142135623730951
808, 31, 480, 128, 479, 130, 1, -2, -1.1071487177940904, 2.23606797749979
808, 44, 448, 124, 448, 126, 0, -2, -1.5707963267948966, 2.0
808, 45, 427, 305, 427, 307, 0, -2, -1.5707963267948966, 2.0
808, 53, 22, 205, 21, 206, 1, -1, -0.7853981633974483, 1.4142135623730951
808, 55, 310, 339, 309, 340, 1, -1, -0.7853981633974483, 1.4142135623730951
808, 60, 413, 247, 413, 249, 0, -2, -1.5707963267948966, 2.0
808, 61, 309, 387, 309, 389, 0, -2, -1.5707963267948966, 2.0
808, 71, 118, 241, 117, 242, 1, -1, -0.7853981633974483, 1.4142135623730951
808, 72, 354, 310, 354, 312, 0, -2, -1.5707963267948966, 2.0
808, 75, 409, 333, 408, 334, 1, -1, -0.7853981633974483, 1.4142135623730951
808, 77, 110, 365, 112, 365, -2, 0, 3.141592653589793, 2.0
808, 83, 330, 364, 329, 365, 1, -1, -0.7853981633974483, 1.4142135623730951
808, 88, 433, 151, 433, 153, 0, -2, -1.5707963267948966, 2.0
808, 90, 82, 191, 81, 192, 1, -1, -0.7853981633974483, 1.4142135623730951
809, 19, 557, 168, 556, 166, 1, 2, 1.1071487177940904, 2.23606797749979
809, 29, 481, 127, 480, 128, 1, -1, -0.7853981633974483, 1.4142135623730951
809, 30, 245, 403, 244, 404, 1, -1, -0.7853981633974483, 1.4142135623730951
809, 38, 241, 409, 240, 410, 1, -1, -0.7853981633974483, 1.4142135623730951
809, 42, 448, 122, 448, 124, 0, -2, -1.5707963267948966, 2.0
809, 43, 427, 303, 427, 305, 0, -2, -1.5707963267948966, 2.0
809, 53, 311, 338, 310, 339, 1, -1, -0.7853981633974483, 1.4142135623730951
809, 58, 414, 245, 413, 247, 1, -2, -1.1071487177940904, 2.23606797749979
809, 59, 310, 386, 309, 387, 1, -1, -0.7853981633974483, 1.4142135623730951
809, 68, 329, 356, 328, 357, 1, -1, -0.7853981633974483, 1.4142135623730951
809, 70, 354, 308, 354, 310, 0, -2, -1.5707963267948966, 2.0
809, 73, 409, 331, 409, 333, 0, -2, -1.5707963267948966, 2.0
809, 79, 331, 363, 330, 364, 1, -1, -0.7853981633974483, 1.4142135623730951
809, 81, 19, 223, 15, 224, 4, -1, -0.24497866312686414, 4.123105625617661
809, 84, 432, 149, 433, 151, -1, -2, -2.0344439357957027, 2.23606797749979
810, 4, 527, 157, 526, 155, 1, 2, 1.1071487177940904, 2.23606797749979
810, 6, 388, 347, 387, 349, 1, -2, -1.1071487177940904, 2.23606797749979
810, 7, 361, 315, 360, 317, 1, -2, -1.1071487177940904, 2.23606797749979
810, 38, 555, 166, 555, 164, 0, 2, 1.5707963267948966, 2.0
810, 40, 405, 203, 405, 205, 0, -2, -1.5707963267948966, 2.0
810, 52, 186, 379, 185, 380, 1, -1, -0.7853981633974483, 1.4142135623730951
810, 57, 70, 185, 68, 186, 2, -1, -0.4636476090008061, 2.23606797749979
810, 58, 397, 310, 396, 312, 1, -2, -1.1071487177940904, 2.23606797749979
810, 71, 281, 343, 280, 342, 1, 1, 0.7853981633974483, 1.4142135623730951
810, 94, 70, 359, 69, 360, 1, -1, -0.7853981633974483, 1.4142135623730951
811, 6, 388, 345, 388, 347, 0, -2, -1.5707963267948966, 2.0
811, 7, 361, 313, 361, 315, 0, -2, -1.5707963267948966, 2.0
811, 50, 71, 184, 70, 185, 1, -1, -0.7853981633974483, 1.4142135623730951
811, 51, 397, 308, 397, 310, 0, -2, -1.5707963267948966, 2.0
811, 63, 466, 213, 467, 215, -1, -2, -2.0344439357957027, 2.23606797749979
811, 72, 514, 161, 515, 160, -1, 1, 2.356194490192345, 1.4142135623730951
811, 73, 334, 369, 333, 370, 1, -1, -0.7853981633974483, 1.4142135623730951
812, 4, 528, 160, 527, 158, 1, 2, 1.1071487177940904, 2.23606797749979
812, 7, 361, 310, 361, 313, 0, -3, -1.5707963267948966, 3.0
812, 20, 192, 234, 194, 234, -2, 0, 3.141592653589793, 2.0
812, 32, 556, 168, 555, 167, 1, 1, 0.7853981633974483, 1.4142135623730951
812, 48, 398, 306, 397, 308, 1, -2, -1.1071487177940904, 2.23606797749979
812, 55, 15, 224, 17, 225, -2, -1, -2.677945044588987, 2.23606797749979
812, 63, 245, 407, 244, 408, 1, -1, -0.7853981633974483, 1.4142135623730951
812, 68, 515, 163, 514, 161, 1, 2, 1.1071487177940904, 2.23606797749979
812, 69, 335, 368, 334, 369, 1, -1, -0.7853981633974483, 1.4142135623730951
812, 78, 70, 356, 70, 358, 0, -2, -1.5707963267948966, 2.0
812, 82, 11, 298, 13, 298, -2, 0, 3.141592653589793, 2.0
813, 6, 388, 342, 388, 344, 0, -2, -1.5707963267948966, 2.0
813, 7, 360, 308, 361, 310, -1, -2, -2.0344439357957027, 2.23606797749979
813, 40, 187, 378, 186, 379, 1, -1, -0.7853981633974483, 1.4142135623730951
813, 42, 339, 338, 338, 339, 1, -1, -0.7853981633974483, 1.4142135623730951
813, 45, 73, 184, 71, 185, 2, -1, -0.4636476090008061, 2.23606797749979
813, 46, 398, 304, 398, 306, 0, -2, -1.5707963267948966, 2.0
813, 47, 202, 199, 201, 201, 1, -2, -1.1071487177940904, 2.23606797749979
813, 53, 13, 223, 15, 224, -2, -1, -2.677945044588987, 2.23606797749979
813, 64, 517, 165, 515, 163, 2, 2, 0.7853981633974483, 2.8284271247461903
813, 65, 336, 367, 335, 368, 1, -1, -0.7853981633974483, 1.4142135623730951
814, 2, 529, 163, 528, 161, 1, 2, 1.1071487177940904, 2.23606797749979
814, 5, 360, 306, 360, 308, 0, -2, -1.5707963267948966, 2.0
814, 27, 557, 170, 556, 169, 1, 1, 0.7853981633974483, 1.4142135623730951
814, 41, 398, 302, 398, 304, 0, -2, -1.5707963267948966, 2.0
814, 53, 173, 244, 175, 244, -2, 0, 3.141592653589793, 2.0
814, 58, 518, 167, 517, 165, 1, 2, 1.1071487177940904, 2.23606797749979
814, 59, 336, 365, 336, 367, 0, -2, -1.5707963267948966, 2.0
814, 69, 578, 301, 579, 299, -1, 2, 2.0344439357957027, 2.23606797749979
815, 3, 270, 313, 270, 315, 0, -2, -1.5707963267948966, 2.0
815, 11, 361, 310, 362, 312, -1, -2, -2.0344439357957027, 2.23606797749979
815, 19, 389, 344, 389, 346, 0, -2, -1.5707963267948966, 2.0
815, 28, 558, 170, 557, 168, 1, 2, 1.1071487177940904, 2.23606797749979
815, 34, 406, 199, 406, 201, 0, -2, -1.5707963267948966, 2.0
815, 41, 412, 331, 411, 333, 1, -2, -1.1071487177940904, 2.23606797749979
815, 50, 520, 171, 518, 169, 2, 2, 0.7853981633974483, 2.8284271247461903
815, 54, 119, 209, 118, 210, 1, -1, -0.7853981633974483, 1.4142135623730951
815, 62, 120, 218, 119, 219, 1, -1, -0.7853981633974483, 1.4142135623730951
815, 68, 500, 155, 499, 156, 1, -1, -0.7853981633974483, 1.4142135623730951
815, 71, 487, 132, 484, 132, 3, 0, 0.0, 3.0
815, 72, 277, 401, 276, 402, 1, -1, -0.7853981633974483, 1.4142135623730951
816, 9, 361, 308, 361, 310, 0, -2, -1.5707963267948966, 2.0
816, 25, 559, 172, 558, 170, 1, 2, 1.1071487177940904, 2.23606797749979
816, 34, 437, 127, 435, 129, 2, -2, -0.7853981633974483, 2.8284271247461903
816, 35, 412, 329, 412, 331, 0, -2, -1.5707963267948966, 2.0
816, 43, 521, 173, 520, 171, 1, 2, 1.1071487177940904, 2.23606797749979
816, 44, 545, 162, 541, 162, 4, 0, 0.0, 4.0
816, 49, 188, 379, 187, 380, 1, -1, -0.7853981633974483, 1.4142135623730951
816, 62, 490, 132, 487, 132, 3, 0, 0.0, 3.0
816, 63, 279, 401, 277, 401, 2, 0, 0.0, 2.0
817, 8, 328, 323, 327, 324, 1, -1, -0.7853981633974483, 1.4142135623730951
817, 17, 53, 408, 52, 409, 1, -1, -0.7853981633974483, 1.4142135623730951
817, 24, 560, 173, 559, 172, 1, 1, 0.7853981633974483, 1.4142135623730951
817, 33, 439, 126, 437, 127, 2, -1, -0.4636476090008061, 2.23606797749979
817, 34, 413, 327, 412, 329, 1, -2, -1.1071487177940904, 2.23606797749979
817, 36, 341, 337, 341, 339, 0, -2, -1.5707963267948966, 2.0
817, 42, 571, 207, 571, 205, 0, 2, 1.5707963267948966, 2.0
817, 48, 244, 409, 243, 411, 1, -2, -1.1071487177940904, 2.23606797749979
817, 58, 492, 132, 490, 132, 2, 0, 0.0, 2.0
817, 59, 281, 401, 279, 401, 2, 0, 0.0, 2.0
818, 3, 28, 410, 27, 411, 1, -1, -0.7853981633974483, 1.4142135623730951
818, 7, 359, 308, 361, 307, -2, 1, 2.677945044588987, 2.23606797749979
818, 22, 560, 175, 560, 173, 0, 2, 1.5707963267948966, 2.0
818, 30, 151, 383, 148, 386, 3, -3, -0.7853981633974483, 4.242640687119285
818, 31, 444, 125, 439, 126, 5, -1, -0.19739555984988075, 5.0990195135927845
818, 32, 413, 325, 413, 327, 0, -2, -1.5707963267948966, 2.0
818, 34, 342, 336, 341, 337, 1, -1, -0.7853981633974483, 1.4142135623730951
818, 40, 572, 212, 571, 207, 1, 5, 1.373400766945016, 5.0990195135927845
818, 41, 121, 208, 120, 209, 1, -1, -0.7853981633974483, 1.4142135623730951
818, 56, 494, 132, 492, 132, 2, 0, 0.0, 2.0
819, 2, 530, 165, 529, 164, 1, 1, 0.7853981633974483, 1.4142135623730951
819, 9, 244, 312, 245, 311, -1, 1, 2.356194490192345, 1.4142135623730951
819, 22, 561, 176, 560, 175, 1, 1, 0.7853981633974483, 1.4142135623730951
819, 30, 445, 124, 444, 125, 1, -1, -0.7853981633974483, 1.4142135623730951
819, 31, 413, 323, 413, 325, 0, -2, -1.5707963267948966, 2.0
819, 36, 633, 353, 635, 354, -2, -1, -2.677945044588987, 2.23606797749979
819, 38, 573, 216, 572, 212, 1, 4, 1.3258176636680326, 4.123105625617661
819, 52, 503, 154, 502, 155, 1, -1, -0.7853981633974483, 1.4142135623730951
819, 54, 283, 400, 282, 401, 1, -1, -0.7853981633974483, 1.4142135623730951
820, 14, 387, 344, 387, 346, 0, -2, -1.5707963267948966, 2.0
820, 30, 496, 136, 494, 136, 2, 0, 0.0, 2.0
820, 33, 95, 237, 95, 239, 0, -2, -1.5707963267948966, 2.0
820, 41, 523, 164, 522, 163, 1, 1, 0.7853981633974483, 1.4142135623730951
820, 43, 590, 318, 590, 316, 0, 2, 1.5707963267948966, 2.0
820, 47, 414, 326, 413, 328, 1, -2, -1.1071487177940904, 2.23606797749979
820, 50, 298, 316, 297, 317, 1, -1, -0.7853981633974483, 1.4142135623730951
820, 56, 80, 213, 79, 214, 1, -1, -0.7853981633974483, 1.4142135623730951
820, 59, 436, 298, 435, 300, 1, -2, -1.1071487177940904, 2.23606797749979
820, 62, 396, 198, 397, 202, -1, -4, -1.8157749899217608, 4.123105625617661
820, 68, 400, 300, 399, 302, 1, -2, -1.1071487177940904, 2.23606797749979
821, 6, 40, 349, 42, 347, -2, 2, 2.356194490192345, 2.8284271247461903
821, 12, 385, 343, 387, 344, -2, -1, -2.677945044588987, 2.23606797749979
821, 21, 455, 123, 454, 124, 1, -1, -0.7853981633974483, 1.4142135623730951
821, 24, 407, 194, 407, 196, 0, -2, -1.5707963267948966, 2.0
821, 25, 28, 359, 29, 357, -1, 2, 2.0344439357957027, 2.23606797749979
821, 27, 498, 136, 496, 136, 2, 0, 0.0, 2.0
821, 34, 157, 271, 158, 270, -1, 1, 2.356194490192345, 1.4142135623730951
821, 37, 524, 166, 523, 164, 1, 2, 1.1071487177940904, 2.23606797749979
821, 39, 591, 320, 590, 318, 1, 2, 1.1071487177940904, 2.23606797749979
821, 40, 98, 198, 97, 199, 1, -1, -0.7853981633974483, 1.4142135623730951
821, 42, 414, 324, 414, 326, 0, -2, -1.5707963267948966, 2.0
821, 54, 436, 296, 436, 298, 0, -2, -1.5707963267948966, 2.0
821, 57, 396, 194, 396, 198, 0, -4, -1.5707963267948966, 4.0
821, 63, 400, 298, 400, 300, 0, -2, -1.5707963267948966, 2.0
821, 64, 288, 401, 286, 402, 2, -1, -0.4636476090008061, 2.23606797749979
822, 7, 89, 386, 89, 384, 0, 2, 1.5707963267948966, 2.0
822, 13, 30, 411, 29, 412, 1, -1, -0.7853981633974483, 1.4142135623730951
822, 15, 561, 177, 560, 176, 1, 1, 0.7853981633974483, 1.4142135623730951
822, 20, 407, 192, 407, 194, 0, -2, -1.5707963267948966, 2.0
822, 23, 500, 136, 498, 136, 2, 0, 0.0, 2.0
822, 34, 592, 321, 591, 320, 1, 1, 0.7853981633974483, 1.4142135623730951
822, 37, 414, 322, 414, 324, 0, -2, -1.5707963267948966, 2.0
822, 48, 437, 294, 436, 296, 1, -2, -1.1071487177940904, 2.23606797749979
822, 51, 396, 191, 396, 194, 0, -3, -1.5707963267948966, 3.0
822, 53, 31, 208, 29, 208, 2, 0, 0.0, 2.0
822, 57, 400, 296, 400, 298, 0, -2, -1.5707963267948966, 2.0
822, 58, 289, 400, 288, 401, 1, -1, -0.7853981633974483, 1.4142135623730951
823, 1, 532, 168, 531, 167, 1, 1, 0.7853981633974483, 1.4142135623730951
823, 8, 388, 342, 386, 343, 2, -1, -0.4636476090008061, 2.23606797749979
823, 14, 563, 179, 561, 177, 2, 2, 0.7853981633974483, 2.8284271247461903
823, 21, 501, 135, 500, 136, 1, -1, -0.7853981633974483, 1.4142135623730951
823, 27, 158, 272, 157, 271, 1, 1, 0.7853981633974483, 1.4142135623730951
823, 30, 525, 169, 524, 167, 1, 2, 1.1071487177940904, 2.23606797749979
823, 32, 593, 322, 592, 321, 1, 1, 0.7853981633974483, 1.4142135623730951
823, 33, 99, 197, 98, 198, 1, -1, -0.7853981633974483, 1.4142135623730951
823, 41, 97, 306, 98, 305, -1, 1, 2.356194490192345, 1.4142135623730951
823, 48, 396, 188, 396, 191, 0, -3, -1.5707963267948966, 3.0
823, 55, 290, 399, 289, 400, 1, -1, -0.7853981633974483, 1.4142135623730951
824, 8, 390, 339, 388, 342, 2, -3, -0.982793723247329, 3.605551275463989
824, 12, 564, 181, 563, 179, 1, 2, 1.1071487177940904, 2.23606797749979
824, 16, 407, 189, 407, 191, 0, -2, -1.5707963267948966, 2.0
824, 19, 503, 134, 501, 135, 2, -1, -0.4636476090008061, 2.23606797749979
824, 24, 241, 330, 240, 331, 1, -1, -0.7853981633974483, 1.4142135623730951
824, 30, 594, 323, 593, 322, 1, 1, 0.7853981633974483, 1.4142135623730951
824, 33, 414, 319, 414, 321, 0, -2, -1.5707963267948966, 2.0
824, 36, 301, 316, 299, 316, 2, 0, 0.0, 2.0
824, 41, 164, 172, 163, 173, 1, -1, -0.7853981633974483, 1.4142135623730951
824, 43, 437, 291, 437, 293, 0, -2, -1.5707963267948966, 2.0
824, 46, 395, 186, 396, 188, -1, -2, -2.0344439357957027, 2.23606797749979
824, 52, 400, 293, 400, 295, 0, -2, -1.5707963267948966, 2.0
825, 2, 228, 292, 228, 294, 0, -2, -1.5707963267948966, 2.0
825, 7, 534, 171, 533, 169, 1, 2, 1.1071487177940904, 2.23606797749979
825, 22, 565, 180, 564, 179, 1, 1, 0.7853981633974483, 1.4142135623730951
825, 24, 363, 315, 361, 316, 2, -1, -0.4636476090008061, 2.23606797749979
825, 40, 418, 235, 418, 237, 0, -2, -1.5707963267948966, 2.0
825, 43, 408, 192, 408, 194, 0, -2, -1.5707963267948966, 2.0
825, 47, 292, 401, 291, 402, 1, -1, -0.7853981633974483, 1.4142135623730951
825, 58, 392, 336, 391, 338, 1, -2, -1.1071487177940904, 2.23606797749979
825, 61, 415, 323, 415, 325, 0, -2, -1.5707963267948966, 2.0
826, 22, 566, 181, 565, 180, 1, 1, 0.7853981633974483, 1.4142135623730951
826, 24, 364, 313, 363, 315, 1, -2, -1.1071487177940904, 2.23606797749979
826, 27, 504, 136, 502, 136, 2, 0, 0.0, 2.0
826, 41, 408, 190, 408, 192, 0, -2, -1.5707963267948966, 2.0
826, 51, 264, 310, 263, 308, 1, 2, 1.1071487177940904, 2.23606797749979
826, 55, 393, 335, 392, 336, 1, -1, -0.7853981633974483, 1.4142135623730951
826, 58, 415, 321, 415, 323, 0, -2, -1.5707963267948966, 2.0
827, 6, 535, 174, 534, 172, 1, 2, 1.1071487177940904, 2.23606797749979
827, 7, 30, 410, 30, 412, 0, -2, -1.5707963267948966, 2.0
827, 21, 364, 311, 364, 313, 0, -2, -1.5707963267948966, 2.0
827, 31, 47, 205, 46, 206, 1, -1, -0.7853981633974483, 1.4142135623730951
827, 33, 417, 232, 418, 234, -1, -2, -2.0344439357957027, 2.23606797749979
827, 35, 408, 188, 408, 190, 0, -2, -1.5707963267948966, 2.0
827, 38, 316, 340, 318, 340, -2, 0, 3.141592653589793, 2.0
827, 49, 395, 332, 393, 335, 2, -3, -0.982793723247329, 3.605551275463989
828, 5, 536, 176, 535, 174, 1, 2, 1.1071487177940904, 2.23606797749979
828, 15, 567, 183, 566, 182, 1, 1, 0.7853981633974483, 1.4142135623730951
828, 17, 365, 309, 364, 311, 1, -2, -1.1071487177940904, 2.23606797749979
828, 26, 49, 205, 47, 205, 2, 0, 0.0, 2.0
828, 28, 417, 230, 417, 232, 0, -2, -1.5707963267948966, 2.0
828, 30, 408, 186, 408, 188, 0, -2, -1.5707963267948966, 2.0
828, 44, 416, 318, 415, 320, 1, -2, -1.1071487177940904, 2.23606797749979
828, 49, 143, 392, 142, 393, 1, -1, -0.7853981633974483, 1.4142135623730951
829, 14, 568, 184, 567, 183, 1, 1, 0.7853981633974483, 1.4142135623730951
829, 16, 366, 308, 365, 309, 1, -1, -0.7853981633974483, 1.4142135623730951
829, 25, 52, 205, 49, 205, 3, 0, 0.0, 3.0
829, 26, 242, 331, 241, 332, 1, -1, -0.7853981633974483, 1.4142135623730951
829, 29, 410, 186, 408, 186, 2, 0, 0.0, 2.0
829, 37, 265, 309, 264, 310, 1, -1, -0.7853981633974483, 1.4142135623730951
829, 40, 396, 331, 395, 333, 1, -2, -1.1071487177940904, 2.23606797749979
829, 43, 417, 316, 416, 318, 1, -2, -1.1071487177940904, 2.23606797749979
830, 5, 536, 177, 536, 174, 0, 3, 1.5707963267948966, 3.0
830, 11, 392, 346, 391, 347, 1, -1, -0.7853981633974483, 1.4142135623730951
830, 24, 409, 190, 409, 192, 0, -2, -1.5707963267948966, 2.0
830, 27, 293, 403, 292, 404, 1, -1, -0.7853981633974483, 1.4142135623730951
830, 35, 459, 122, 458, 123, 1, -1, -0.7853981633974483, 1.4142135623730951
830, 41, 308, 252, 309, 251, -1, 1, 2.356194490192345, 1.4142135623730951
830, 42, 374, 299, 373, 301, 1, -2, -1.1071487177940904, 2.23606797749979
830, 43, 78, 364, 79, 366, -1, -2, -2.0344439357957027, 2.23606797749979
830, 55, 211, 371, 210, 372, 1, -1, -0.7853981633974483, 1.4142135623730951
830, 64, 479, 156, 478, 157, 1, -1, -0.7853981633974483, 1.4142135623730951
830, 68, 352, 334, 351, 335, 1, -1, -0.7853981633974483, 1.4142135623730951
830, 81, 33, 208, 32, 209, 1, -1, -0.7853981633974483, 1.4142135623730951
830, 83, 395, 333, 395, 335, 0, -2, -1.5707963267948966, 2.0
830, 86, 124, 216, 122, 216, 2, 0, 0.0, 2.0
831, 2, 268, 317, 270, 316, -2, 1, 2.677945044588987, 2.23606797749979
831, 10, 394, 345, 392, 346, 2, -1, -0.4636476090008061, 2.23606797749979
831, 23, 409, 188, 409, 190, 0, -2, -1.5707963267948966, 2.0
831, 34, 460, 121, 459, 122, 1, -1, -0.7853981633974483, 1.4142135623730951
831, 35, 509, 137, 507, 137, 2, 0, 0.0, 2.0
831, 39, 459, 259, 460, 261, -1, -2, -2.0344439357957027, 2.23606797749979
831, 41, 375, 297, 374, 299, 1, -2, -1.1071487177940904, 2.23606797749979
831, 45, 419, 232, 419, 234, 0, -2, -1.5707963267948966, 2.0
831, 50, 567, 187, 566, 185, 1, 2, 1.1071487177940904, 2.23606797749979
831, 63, 501, 128, 499, 129, 2, -1, -0.4636476090008061, 2.23606797749979
831, 66, 352, 332, 352, 334, 0, -2, -1.5707963267948966, 2.0
831, 67, 309, 321, 308, 320, 1, 1, 0.7853981633974483, 1.4142135623730951
832, 10, 396, 343, 394, 345, 2, -2, -0.7853981633974483, 2.8284271247461903
832, 27, 302, 326, 301, 327, 1, -1, -0.7853981633974483, 1.4142135623730951
832, 28, 245, 332, 244, 333, 1, -1, -0.7853981633974483, 1.4142135623730951
832, 33, 461, 120, 460, 121, 1, -1, -0.7853981633974483, 1.4142135623730951
832, 39, 374, 295, 375, 297, -1, -2, -2.0344439357957027, 2.23606797749979
832, 41, 37, 226, 37, 228, 0, -2, -1.5707963267948966, 2.0
832, 46, 567, 189, 567, 187, 0, 2, 1.5707963267948966, 2.0
832, 57, 479, 153, 479, 155, 0, -2, -1.5707963267948966, 2.0
832, 58, 503, 128, 501, 128, 2, 0, 0.0, 2.0
832, 59, 466, 204, 467, 206, -1, -2, -2.0344439357957027, 2.23606797749979
832, 61, 353, 331, 352, 332, 1, -1, -0.7853981633974483, 1.4142135623730951
833, 1, 225, 295, 227, 293, -2, 2, 2.356194490192345, 2.8284271247461903
833, 5, 536, 181, 536, 179, 0, 2, 1.5707963267948966, 2.0
833, 10, 397, 342, 396, 343, 1, -1, -0.7853981633974483, 1.4142135623730951
833, 22, 408, 185, 409, 187, -1, -2, -2.0344439357957027, 2.23606797749979
833, 31, 462, 119, 461, 120, 1, -1, -0.7853981633974483, 1.4142135623730951
833, 36, 373, 293, 374, 295, -1, -2, -2.0344439357957027, 2.23606797749979
833, 42, 568, 190, 567, 189, 1, 1, 0.7853981633974483, 1.4142135623730951
833, 52, 480, 152, 479, 153, 1, -1, -0.7853981633974483, 1.4142135623730951
833, 53, 504, 129, 503, 128, 1, 1, 0.7853981633974483, 1.4142135623730951
833, 55, 353, 329, 353, 331, 0, -2, -1.5707963267948966, 2.0
833, 63, 101, 195, 100, 196, 1, -1, -0.7853981633974483, 1.4142135623730951
833, 69, 595, 318, 593, 317, 2, 1, 0.4636476090008061, 2.23606797749979
834, 5, 537, 182, 536, 181, 1, 1, 0.7853981633974483, 1.4142135623730951
834, 10, 399, 340, 397, 342, 2, -2, -0.7853981633974483, 2.8284271247461903
834, 14, 33, 409, 32, 410, 1, -1, -0.7853981633974483, 1.4142135623730951
834, 23, 298, 400, 296, 403, 2, -3, -0.982793723247329, 3.605551275463989
834, 29, 463, 118, 462, 119, 1, -1, -0.7853981633974483, 1.4142135623730951
834, 30, 512, 138, 511, 137, 1, 1, 0.7853981633974483, 1.4142135623730951
834, 35, 97, 234, 97, 236, 0, -2, -1.5707963267948966, 2.0
834, 39, 569, 192, 568, 190, 1, 2, 1.1071487177940904, 2.23606797749979
834, 44, 45, 226, 42, 226, 3, 0, 0.0, 3.0
834, 48, 480, 150, 480, 152, 0, -2, -1.5707963267948966, 2.0
834, 49, 505, 130, 504, 129, 1, 1, 0.7853981633974483, 1.4142135623730951
834, 50, 196, 381, 193, 383, 3, -2, -0.5880026035475675, 3.605551275463989
834, 51, 353, 327, 353, 329, 0, -2, -1.5707963267948966, 2.0
834, 64, 396, 330, 395, 331, 1, -1, -0.7853981633974483, 1.4142135623730951
834, 65, 596, 319, 595, 318, 1, 1, 0.7853981633974483, 1.4142135623730951
835, 11, 539, 180, 538, 179, 1, 1, 0.7853981633974483, 1.4142135623730951
835, 18, 250, 307, 253, 309, -3, -2, -2.5535900500422257, 3.605551275463989
835, 22, 409, 186, 409, 188, 0, -2, -1.5707963267948966, 2.0
835, 28, 369, 291, 373, 295, -4, -4, -2.356194490192345, 5.656854249492381
835, 35, 323, 352, 322, 353, 1, -1, -0.7853981633974483, 1.4142135623730951
835, 42, 318, 345, 317, 346, 1, -1, -0.7853981633974483, 1.4142135623730951
835, 48, 397, 330, 397, 332, 0, -2, -1.5707963267948966, 2.0
835, 57, 355, 330, 355, 332, 0, -2, -1.5707963267948966, 2.0
835, 59, 103, 218, 103, 220, 0, -2, -1.5707963267948966, 2.0
835, 61, 400, 214, 400, 216, 0, -2, -1.5707963267948966, 2.0
835, 67, 42, 209, 40, 210, 2, -1, -0.4636476090008061, 2.23606797749979
835, 70, 328, 388, 327, 389, 1, -1, -0.7853981633974483, 1.4142135623730951
835, 73, 606, 307, 608, 308, -2, -1, -2.677945044588987, 2.23606797749979
836, 6, 23, 329, 23, 327, 0, 2, 1.5707963267948966, 2.0
836, 20, 409, 183, 409, 186, 0, -3, -1.5707963267948966, 3.0
836, 25, 370, 289, 369, 291, 1, -2, -1.1071487177940904, 2.23606797749979
836, 36, 570, 192, 570, 190, 0, 2, 1.5707963267948966, 2.0
836, 39, 319, 344, 318, 345, 1, -1, -0.7853981633974483, 1.4142135623730951
836, 45, 398, 328, 397, 330, 1, -2, -1.1071487177940904, 2.23606797749979
836, 46, 120, 410, 119, 411, 1, -1, -0.7853981633974483, 1.4142135623730951
836, 51, 81, 183, 80, 184, 1, -1, -0.7853981633974483, 1.4142135623730951
836, 52, 355, 328, 355, 330, 0, -2, -1.5707963267948966, 2.0
836, 54, 104, 217, 103, 218, 1, -1, -0.7853981633974483, 1.4142135623730951
836, 62, 43, 208, 42, 209, 1, -1, -0.7853981633974483, 1.4142135623730951
837, 11, 540, 182, 539, 181, 1, 1, 0.7853981633974483, 1.4142135623730951
837, 17, 409, 181, 409, 183, 0, -2, -1.5707963267948966, 2.0
837, 21, 467, 262, 466, 263, 1, -1, -0.7853981633974483, 1.4142135623730951
837, 22, 371, 288, 370, 289, 1, -1, -0.7853981633974483, 1.4142135623730951
837, 35, 320, 343, 319, 344, 1, -1, -0.7853981633974483, 1.4142135623730951
837, 41, 399, 327, 398, 328, 1, -1, -0.7853981633974483, 1.4142135623730951
837, 48, 355, 326, 355, 328, 0, -2, -1.5707963267948966, 2.0
837, 52, 245, 366, 244, 367, 1, -1, -0.7853981633974483, 1.4142135623730951
837, 58, 330, 387, 328, 387, 2, 0, 0.0, 2.0
838, 10, 541, 183, 540, 182, 1, 1, 0.7853981633974483, 1.4142135623730951
838, 15, 410, 179, 409, 181, 1, -2, -1.1071487177940904, 2.23606797749979
838, 19, 372, 285, 371, 288, 1, -3, -1.2490457723982544, 3.1622776601683795
838, 29, 571, 194, 570, 193, 1, 1, 0.7853981633974483, 1.4142135623730951
838, 31, 321, 342, 320, 343, 1, -1, -0.7853981633974483, 1.4142135623730951
838, 37, 401, 323, 399, 327, 2, -4, -1.1071487177940904, 4.47213595499958
838, 45, 105, 215, 104, 216, 1, -1, -0.7853981633974483, 1.4142135623730951
838, 50, 104, 194, 103, 195, 1, -1, -0.7853981633974483, 1.4142135623730951
838, 54, 331, 386, 330, 387, 1, -1, -0.7853981633974483, 1.4142135623730951
839, 9, 542, 185, 541, 183, 1, 2, 1.1071487177940904, 2.23606797749979
839, 14, 410, 177, 410, 179, 0, -2, -1.5707963267948966, 2.0
839, 18, 371, 281, 372, 285, -1, -4, -1.8157749899217608, 4.123105625617661
839, 24, 246, 371, 247, 373, -1, -2, -2.0344439357957027, 2.23606797749979
839, 27, 571, 196, 571, 194, 0, 2, 1.5707963267948966, 2.0
839, 29, 322, 341, 321, 342, 1, -1, -0.7853981633974483, 1.4142135623730951
839, 32, 307, 324, 307, 326, 0, -2, -1.5707963267948966, 2.0
839, 35, 401, 320, 401, 323, 0, -3, -1.5707963267948966, 3.0
839, 41, 356, 323, 355, 325, 1, -2, -1.1071487177940904, 2.23606797749979
839, 42, 106, 214, 105, 215, 1, -1, -0.7853981633974483, 1.4142135623730951
839, 43, 245, 363, 245, 366, 0, -3, -1.5707963267948966, 3.0
839, 44, 583, 229, 582, 225, 1, 4, 1.3258176636680326, 4.123105625617661
839, 48, 9, 262, 7, 262, 2, 0, 0.0, 2.0
840, 15, 406, 327, 405, 329, 1, -2, -1.1071487177940904, 2.23606797749979
840, 21, 154, 385, 153, 386, 1, -1, -0.7853981633974483, 1.4142135623730951
840, 33, 574, 196, 573, 194, 1, 2, 1.1071487177940904, 2.23606797749979
840, 39, 378, 290, 378, 292, 0, -2, -1.5707963267948966, 2.0
840, 51, 483, 152, 482, 153, 1, -1, -0.7853981633974483, 1.4142135623730951
840, 57, 407, 287, 407, 289, 0, -2, -1.5707963267948966, 2.0
840, 59, 512, 134, 510, 132, 2, 2, 0.7853981633974483, 2.8284271247461903
840, 73, 422, 227, 422, 229, 0, -2, -1.5707963267948966, 2.0
840, 77, 486, 134, 485, 135, 1, -1, -0.7853981633974483, 1.4142135623730951
840, 81, 426, 311, 425, 313, 1, -2, -1.1071487177940904, 2.23606797749979
840, 88, 443, 283, 443, 285, 0, -2, -1.5707963267948966, 2.0
841, 3, 271, 316, 271, 319, 0, -3, -1.5707963267948966, 3.0
841, 6, 148, 275, 149, 274, -1, 1, 2.356194490192345, 1.4142135623730951
841, 7, 36, 410, 35, 411, 1, -1, -0.7853981633974483, 1.4142135623730951
841, 13, 543, 186, 542, 185, 1, 1, 0.7853981633974483, 1.4142135623730951
841, 15, 407, 325, 406, 327, 1, -2, -1.1071487177940904, 2.23606797749979
841, 18, 469, 261, 468, 262, 1, -1, -0.7853981633974483, 1.4142135623730951
841, 31, 125, 206, 124, 207, 1, -1, -0.7853981633974483, 1.4142135623730951
841, 32, 576, 198, 574, 196, 2, 2, 0.7853981633974483, 2.8284271247461903
841, 36, 465, 120, 464, 121, 1, -1, -0.7853981633974483, 1.4142135623730951
841, 38, 378, 288, 378, 290, 0, -2, -1.5707963267948966, 2.0
841, 55, 407, 285, 407, 287, 0, -2, -1.5707963267948966, 2.0
841, 64, 353, 359, 352, 361, 1, -2, -1.1071487177940904, 2.23606797749979
841, 74, 487, 133, 486, 134, 1, -1, -0.7853981633974483, 1.4142135623730951
841, 78, 426, 309, 426, 311, 0, -2, -1.5707963267948966, 2.0
842, 3, 270, 317, 271, 316, -1, 1, 2.356194490192345, 1.4142135623730951
842, 14, 407, 323, 407, 325, 0, -2, -1.5707963267948966, 2.0
842, 17, 469, 259, 469, 261, 0, -2, -1.5707963267948966, 2.0
842, 30, 577, 200, 576, 198, 1, 2, 1.1071487177940904, 2.23606797749979
842, 36, 378, 286, 378, 288, 0, -2, -1.5707963267948966, 2.0
842, 37, 261, 411, 260, 412, 1, -1, -0.7853981633974483, 1.4142135623730951
842, 39, 512, 170, 512, 168, 0, 2, 1.5707963267948966, 2.0
842, 40, 409, 179, 409, 181, 0, -2, -1.5707963267948966, 2.0
842, 47, 484, 150, 483, 151, 1, -1, -0.7853981633974483, 1.4142135623730951
842, 53, 407, 283, 407, 285, 0, -2, -1.5707963267948966, 2.0
842, 54, 513, 133, 512, 134, 1, -1, -0.7853981633974483, 1.4142135623730951
842, 69, 488, 132, 487, 133, 1, -1, -0.7853981633974483, 1.4142135623730951
842, 73, 427, 307, 426, 309, 1, -2, -1.1071487177940904, 2.23606797749979
843, 12, 544, 189, 543, 187, 1, 2, 1.1071487177940904, 2.23606797749979
843, 16, 469, 257, 469, 259, 0, -2, -1.5707963267948966, 2.0
843, 29, 578, 202, 577, 200, 1, 2, 1.1071487177940904, 2.23606797749979
843, 34, 378, 284, 378, 286, 0, -2, -1.5707963267948966, 2.0
843, 35, 262, 410, 261, 411, 1, -1, -0.7853981633974483, 1.4142135623730951
843, 36, 39, 205, 38, 206, 1, -1, -0.7853981633974483, 1.4142135623730951
843, 44, 485, 149, 484, 150, 1, -1, -0.7853981633974483, 1.4142135623730951
843, 49, 407, 281, 407, 283, 0, -2, -1.5707963267948966, 2.0
843, 56, 354, 356, 353, 358, 1, -2, -1.1071487177940904, 2.23606797749979
843, 64, 490, 131, 488, 132, 2, -1, -0.4636476090008061, 2.23606797749979
843, 68, 428, 306, 427, 307, 1, -1, -0.7853981633974483, 1.4142135623730951
843, 74, 444, 279, 443, 281, 1, -2, -1.1071487177940904, 2.23606797749979
844, 2, 230, 294, 229, 295, 1, -1, -0.7853981633974483, 1.4142135623730951
844, 17, 64, 408, 62, 409, 2, -1, -0.4636476090008061, 2.23606797749979
844, 28, 578, 204, 578, 202, 0, 2, 1.5707963267948966, 2.0
844, 36, 511, 173, 512, 171, -1, 2, 2.0344439357957027, 2.23606797749979
844, 48, 407, 279, 407, 281, 0, -2, -1.5707963267948966, 2.0
844, 52, 38, 378, 37, 380, 1, -2, -1.1071487177940904, 2.23606797749979
844, 55, 355, 355, 354, 356, 1, -1, -0.7853981633974483, 1.4142135623730951
844, 65, 428, 304, 428, 306, 0, -2, -1.5707963267948966, 2.0
845, 9, 544, 191, 544, 189, 0, 2, 1.5707963267948966, 2.0
845, 10, 407, 323, 407, 325, 0, -2, -1.5707963267948966, 2.0
845, 15, 380, 284, 380, 286, 0, -2, -1.5707963267948966, 2.0
845, 17, 336, 326, 335, 327, 1, -1, -0.7853981633974483, 1.4142135623730951
845, 19, 512, 174, 512, 172, 0, 2, 1.5707963267948966, 2.0
845, 29, 253, 195, 251, 197, 2, -2, -0.7853981633974483, 2.8284271247461903
845, 36, 469, 257, 470, 259, -1, -2, -2.0344439357957027, 2.23606797749979
845, 53, 400, 185, 400, 188, 0, -3, -1.5707963267948966, 3.0
845, 54, 576, 202, 576, 200, 0, 2, 1.5707963267948966, 2.0
845, 57, 358, 327, 357, 328, 1, -1, -0.7853981633974483, 1.4142135623730951
845, 58, 445, 281, 445, 283, 0, -2, -1.5707963267948966, 2.0
845, 65, 267, 407, 266, 408, 1, -1, -0.7853981633974483, 1.4142135623730951
845, 74, 408, 280, 408, 283, 0, -3, -1.5707963267948966, 3.0
845, 75, 479, 127, 476, 128, 3, -1, -0.3217505543966422, 3.1622776601683795
845, 77, 13, 265, 15, 266, -2, -1, -2.677945044588987, 2.23606797749979
846, 5, 40, 411, 38, 412, 2, -1, -0.4636476090008061, 2.23606797749979
846, 9, 545, 193, 544, 191, 1, 2, 1.1071487177940904, 2.23606797749979
846, 13, 146, 277, 146, 275, 0, 2, 1.5707963267948966, 2.0
846, 15, 380, 282, 380, 284, 0, -2, -1.5707963267948966, 2.0
846, 19, 512, 177, 512, 174, 0, 3, 1.5707963267948966, 3.0
846, 51, 400, 181, 400, 185, 0, -4, -1.5707963267948966, 4.0
846, 55, 358, 325, 358, 327, 0, -2, -1.5707963267948966, 2.0
846, 56, 445, 279, 445, 281, 0, -2, -1.5707963267948966, 2.0
846, 63, 268, 406, 267, 407, 1, -1, -0.7853981633974483, 1.4142135623730951
846, 72, 408, 278, 408, 280, 0, -2, -1.5707963267948966, 2.0
846, 73, 482, 127, 479, 127, 3, 0, 0.0, 3.0
847, 19, 513, 179, 512, 177, 1, 2, 1.1071487177940904, 2.23606797749979
847, 31, 66, 409, 65, 410, 1, -1, -0.7853981633974483, 1.4142135623730951
847, 34, 469, 255, 469, 257, 0, -2, -1.5707963267948966, 2.0
847, 43, 525, 143, 524, 142, 1, 1, 0.7853981633974483, 1.4142135623730951
847, 44, 303, 403, 301, 403, 2, 0, 0.0, 2.0
847, 48, 400, 178, 400, 181, 0, -3, -1.5707963267948966, 3.0
847, 52, 358, 323, 358, 325, 0, -2, -1.5707963267948966, 2.0
847, 58, 252, 332, 250, 335, 2, -3, -0.982793723247329, 3.605551275463989
847, 59, 269, 405, 268, 406, 1, -1, -0.7853981633974483, 1.4142135623730951
847, 66, 469, 121, 468, 122, 1, -1, -0.7853981633974483, 1.4142135623730951
847, 67, 485, 127, 482, 127, 3, 0, 0.0, 3.0
847, 68, 10, 264, 12, 265, -2, -1, -2.677945044588987, 2.23606797749979
848, 5, 41, 410, 40, 411, 1, -1, -0.7853981633974483, 1.4142135623730951
848, 16, 336, 324, 336, 326, 0, -2, -1.5707963267948966, 2.0
848, 41, 526, 144, 525, 143, 1, 1, 0.7853981633974483, 1.4142135623730951
848, 42, 304, 402, 303, 403, 1, -1, -0.7853981633974483, 1.4142135623730951
848, 43, 165, 405, 164, 407, 1, -2, -1.1071487177940904, 2.23606797749979
848, 45, 400, 174, 400, 178, 0, -4, -1.5707963267948966, 4.0
848, 46, 576, 206, 576, 204, 0, 2, 1.5707963267948966, 2.0
848, 48, 288, 350, 290, 350, -2, 0, 3.141592653589793, 2.0
848, 49, 358, 321, 358, 323, 0, -2, -1.5707963267948966, 2.0
848, 50, 446, 276, 445, 278, 1, -2, -1.1071487177940904, 2.23606797749979
848, 57, 353, 354, 352, 356, 1, -2, -1.1071487177940904, 2.23606797749979
848, 64, 489, 128, 485, 127, 4, 1, 0.24497866312686414, 4.123105625617661
848, 65, 8, 263, 10, 264, -2, -1, -2.677945044588987, 2.23606797749979
849, 9, 545, 198, 545, 195, 0, 3, 1.5707963267948966, 3.0
849, 29, 67, 408, 66, 409, 1, -1, -0.7853981633974483, 1.4142135623730951
849, 39, 527, 145, 526, 144, 1, 1, 0.7853981633974483, 1.4142135623730951
849, 40, 305, 401, 304, 402, 1, -1, -0.7853981633974483, 1.4142135623730951
849, 41, 164, 406, 165, 405, -1, 1, 2.356194490192345, 1.4142135623730951
849, 45, 518, 141, 516, 139, 2, 2, 0.7853981633974483, 2.8284271247461903
849, 46, 286, 351, 288, 350, -2, 1, 2.677945044588987, 2.23606797749979
849, 48, 446, 274, 446, 276, 0, -2, -1.5707963267948966, 2.0
849, 54, 271, 404, 270, 405, 1, -1, -0.7853981633974483, 1.4142135623730951
849, 55, 354, 353, 353, 354, 1, -1, -0.7853981633974483, 1.4142135623730951
850, 10, 546, 197, 546, 195, 0, 2, 1.5707963267948966, 2.0
850, 22, 469, 256, 470, 258, -1, -2, -2.0344439357957027, 2.23606797749979
850, 28, 536, 203, 535, 201, 1, 2, 1.1071487177940904, 2.23606797749979
850, 29, 127, 203, 126, 204, 1, -1, -0.7853981633974483, 1.4142135623730951
850, 40, 379, 281, 380, 283, -1, -2, -2.0344439357957027, 2.23606797749979
850, 41, 357, 360, 356, 361, 1, -1, -0.7853981633974483, 1.4142135623730951
850, 43, 311, 402, 310, 403, 1, -1, -0.7853981633974483, 1.4142135623730951
850, 52, 49, 206, 48, 207, 1, -1, -0.7853981633974483, 1.4142135623730951
850, 56, 471, 121, 470, 122, 1, -1, -0.7853981633974483, 1.4142135623730951
850, 59, 604, 337, 603, 336, 1, 1, 0.7853981633974483, 1.4142135623730951
850, 62, 259, 195, 260, 194, -1, 1, 2.356194490192345, 1.4142135623730951
850, 67, 413, 280, 413, 282, 0, -2, -1.5707963267948966, 2.0
850, 70, 310, 328, 309, 329, 1, -1, -0.7853981633974483, 1.4142135623730951
850, 71, 593, 238, 592, 237, 1, 1, 0.7853981633974483, 1.4142135623730951
850, 79, 173, 171, 172, 172, 1, -1, -0.7853981633974483, 1.4142135623730951
850, 82, 350, 354, 348, 356, 2, -2, -0.7853981633974483, 2.8284271247461903
850, 87, 431, 302, 431, 304, 0, -2, -1.5707963267948966, 2.0
851, 22, 405, 318, 405, 320, 0, -2, -1.5707963267948966, 2.0
851, 33, 378, 278, 379, 281, -1, -3, -1.892546881191539, 3.1622776601683795
851, 36, 312, 401, 311, 402, 1, -1, -0.7853981633974483, 1.4142135623730951
851, 43, 579, 208, 578, 206, 1, 2, 1.1071487177940904, 2.23606797749979
851, 46, 413, 177, 413, 179, 0, -2, -1.5707963267948966, 2.0
851, 47, 566, 199, 563, 197, 3, 2, 0.5880026035475675, 3.605551275463989
851, 51, 605, 338, 604, 337, 1, 1, 0.7853981633974483, 1.4142135623730951
851, 59, 413, 278, 413, 280, 0, -2, -1.5707963267948966, 2.0
851, 64, 518, 143, 516, 142, 2, 1, 0.4636476090008061, 2.23606797749979
851, 70, 174, 170, 173, 171, 1, -1, -0.7853981633974483, 1.4142135623730951
851, 73, 350, 352, 350, 354, 0, -2, -1.5707963267948966, 2.0
851, 74, 313, 251, 314, 250, -1, 1, 2.356194490192345, 1.4142135623730951
851, 78, 431, 300, 431, 302, 0, -2, -1.5707963267948966, 2.0
851, 87, 112, 189, 111, 190, 1, -1, -0.7853981633974483, 1.4142135623730951
852, 3, 228, 240, 227, 242, 1, -2, -1.1071487177940904, 2.23606797749979
852, 5, 25, 327, 26, 329, -1, -2, -2.0344439357957027, 2.23606797749979
852, 9, 115, 309, 115, 311, 0, -2, -1.5707963267948966, 2.0
852, 22, 156, 386, 155, 387, 1, -1, -0.7853981633974483, 1.4142135623730951
852, 26, 378, 276, 378, 278, 0, -2, -1.5707963267948966, 2.0
852, 29, 313, 400, 312, 401, 1, -1, -0.7853981633974483, 1.4142135623730951
852, 39, 414, 176, 413, 177, 1, -1, -0.7853981633974483, 1.4142135623730951
852, 44, 606, 339, 605, 338, 1, 1, 0.7853981633974483, 1.4142135623730951
852, 45, 591, 246, 592, 245, -1, 1, 2.356194490192345, 1.4142135623730951
852, 50, 604, 311, 605, 313, -1, -2, -2.0344439357957027, 2.23606797749979
852, 52, 413, 276, 413, 278, 0, -2, -1.5707963267948966, 2.0
852, 54, 178, 326, 179, 328, -1, -2, -2.0344439357957027, 2.23606797749979
852, 56, 594, 240, 593, 239, 1, 1, 0.7853981633974483, 1.4142135623730951
852, 57, 519, 145, 518, 143, 1, 2, 1.1071487177940904, 2.23606797749979
852, 66, 351, 351, 350, 352, 1, -1, -0.7853981633974483, 1.4142135623730951
852, 69, 432, 298, 431, 300, 1, -2, -1.1071487177940904, 2.23606797749979
852, 70, 268, 406, 267, 407, 1, -1, -0.7853981633974483, 1.4142135623730951
853, 8, 547, 200, 546, 199, 1, 1, 0.7853981633974483, 1.4142135623730951
853, 18, 405, 315, 405, 317, 0, -2, -1.5707963267948966, 2.0
853, 26, 378, 274, 378, 276, 0, -2, -1.5707963267948966, 2.0
853, 29, 314, 399, 313, 400, 1, -1, -0.7853981633974483, 1.4142135623730951
853, 33, 579, 211, 579, 209, 0, 2, 1.5707963267948966, 2.0
853, 36, 564, 197, 565, 199, -1, -2, -2.0344439357957027, 2.23606797749979
853, 37, 474, 120, 473, 121, 1, -1, -0.7853981633974483, 1.4142135623730951
853, 40, 608, 340, 606, 339, 2, 1, 0.4636476090008061, 2.23606797749979
853, 48, 179, 325, 178, 326, 1, -1, -0.7853981633974483, 1.4142135623730951
853, 50, 596, 239, 594, 240, 2, -1, -0.4636476090008061, 2.23606797749979
853, 51, 519, 143, 519, 145, 0, -2, -1.5707963267948966, 2.0
853, 57, 175, 168, 174, 169, 1, -1, -0.7853981633974483, 1.4142135623730951
853, 60, 353, 348, 351, 351, 2, -3, -0.982793723247329, 3.605551275463989
853, 63, 431, 296, 432, 298, -1, -2, -2.0344439357957027, 2.23606797749979
853, 64, 269, 405, 268, 406, 1, -1, -0.7853981633974483, 1.4142135623730951
854, 8, 548, 201, 547, 200, 1, 1, 0.7853981633974483, 1.4142135623730951
854, 13, 42, 410, 41, 411, 1, -1, -0.7853981633974483, 1.4142135623730951
854, 18, 406, 312, 405, 315, 1, -3, -1.2490457723982544, 3.1622776601683795
854, 26, 377, 271, 378, 274, -1, -3, -1.892546881191539, 3.1622776601683795
854, 27, 358, 356, 357, 357, 1, -1, -0.7853981633974483, 1.4142135623730951
854, 29, 315, 398, 314, 399, 1, -1, -0.7853981633974483, 1.4142135623730951
854, 36, 563, 198, 564, 197, -1, 1, 2.356194490192345, 1.4142135623730951
854, 40, 610, 341, 608, 340, 2, 1, 0.4636476090008061, 2.23606797749979
854, 59, 354, 347, 353, 348, 1, -1, -0.7853981633974483, 1.4142135623730951
854, 63, 270, 404, 269, 405, 1, -1, -0.7853981633974483, 1.4142135623730951
855, 14, 45, 349, 46, 351, -1, -2, -2.0344439357957027, 2.23606797749979
855, 21, 413, 174, 413, 176, 0, -2, -1.5707963267948966, 2.0
855, 27, 407, 315, 406, 317, 1, -2, -1.1071487177940904, 2.23606797749979
855, 33, 313, 398, 312, 399, 1, -1, -0.7853981633974483, 1.4142135623730951
855, 34, 340, 323, 339, 324, 1, -1, -0.7853981633974483, 1.4142135623730951
855, 37, 582, 210, 581, 209, 1, 1, 0.7853981633974483, 1.4142135623730951
855, 48, 345, 385, 344, 386, 1, -1, -0.7853981633974483, 1.4142135623730951
855, 50, 161, 381, 160, 382, 1, -1, -0.7853981633974483, 1.4142135623730951
855, 51, 360, 358, 359, 359, 1, -1, -0.7853981633974483, 1.4142135623730951
855, 58, 258, 363, 257, 364, 1, -1, -0.7853981633974483, 1.4142135623730951
855, 63, 532, 148, 531, 146, 1, 2, 1.1071487177940904, 2.23606797749979
855, 66, 229, 368, 228, 369, 1, -1, -0.7853981633974483, 1.4142135623730951
855, 69, 380, 275, 379, 277, 1, -2, -1.1071487177940904, 2.23606797749979
855, 74, 50, 342, 51, 345, -1, -3, -1.892546881191539, 3.1622776601683795
855, 81, 124, 193, 123, 194, 1, -1, -0.7853981633974483, 1.4142135623730951
856, 7, 549, 201, 548, 200, 1, 1, 0.7853981633974483, 1.4142135623730951
856, 8, 44, 410, 43, 411, 1, -1, -0.7853981633974483, 1.4142135623730951
856, 12, 272, 265, 271, 267, 1, -2, -1.1071487177940904, 2.23606797749979
856, 18, 413, 172, 413, 174, 0, -2, -1.5707963267948966, 2.0
856, 22, 409, 313, 407, 315, 2, -2, -0.7853981633974483, 2.8284271247461903
856, 27, 475, 123, 474, 124, 1, -1, -0.7853981633974483, 1.4142135623730951
856, 28, 314, 396, 313, 398, 1, -2, -1.1071487177940904, 2.23606797749979
856, 32, 583, 211, 582, 210, 1, 1, 0.7853981633974483, 1.4142135623730951
856, 50, 492, 148, 491, 149, 1, -1, -0.7853981633974483, 1.4142135623730951
856, 58, 533, 149, 532, 148, 1, 1, 0.7853981633974483, 1.4142135623730951
856, 64, 381, 273, 380, 275, 1, -2, -1.1071487177940904, 2.23606797749979
856, 74, 191, 307, 190, 309, 1, -2, -1.1071487177940904, 2.23606797749979
857, 7, 550, 203, 549, 201, 1, 2, 1.1071487177940904, 2.23606797749979
857, 17, 336, 355, 335, 356, 1, -1, -0.7853981633974483, 1.4142135623730951
857, 27, 476, 122, 475, 123, 1, -1, -0.7853981633974483, 1.4142135623730951
857, 28, 315, 395, 314, 396, 1, -1, -0.7853981633974483, 1.4142135623730951
857, 32, 584, 213, 583, 211, 1, 2, 1.1071487177940904, 2.23606797749979
857, 46, 361, 355, 360, 357, 1, -2, -1.1071487177940904, 2.23606797749979
857, 53, 259, 361, 258, 362, 1, -1, -0.7853981633974483, 1.4142135623730951
857, 56, 122, 411, 123, 410, -1, 1, 2.356194490192345, 1.4142135623730951
857, 58, 534, 150, 533, 149, 1, 1, 0.7853981633974483, 1.4142135623730951
857, 59, 299, 380, 298, 381, 1, -1, -0.7853981633974483, 1.4142135623730951
857, 62, 278, 407, 277, 408, 1, -1, -0.7853981633974483, 1.4142135623730951
857, 63, 382, 271, 381, 273, 1, -2, -1.1071487177940904, 2.23606797749979
857, 65, 98, 213, 97, 214, 1, -1, -0.7853981633974483, 1.4142135623730951
857, 74, 125, 191, 124, 192, 1, -1, -0.7853981633974483, 1.4142135623730951
858, 5, 551, 205, 550, 203, 1, 2, 1.1071487177940904, 2.23606797749979
858, 20, 411, 312, 410, 313, 1, -1, -0.7853981633974483, 1.4142135623730951
858, 26, 316, 394, 315, 395, 1, -1, -0.7853981633974483, 1.4142135623730951
858, 30, 585, 215, 584, 213, 1, 2, 1.1071487177940904, 2.23606797749979
858, 33, 265, 313, 266, 315, -1, -2, -2.0344439357957027, 2.23606797749979
858, 40, 347, 383, 347, 385, 0, -2, -1.5707963267948966, 2.0
858, 46, 494, 147, 492, 147, 2, 0, 0.0, 2.0
858, 53, 535, 151, 534, 150, 1, 1, 0.7853981633974483, 1.4142135623730951
858, 58, 383, 269, 382, 271, 1, -2, -1.1071487177940904, 2.23606797749979
858, 67, 329, 358, 328, 357, 1, 1, 0.7853981633974483, 1.4142135623730951
858, 69, 127, 191, 125, 191, 2, 0, 0.0, 2.0
859, 5, 552, 206, 551, 205, 1, 1, 0.7853981633974483, 1.4142135623730951
859, 20, 412, 311, 411, 312, 1, -1, -0.7853981633974483, 1.4142135623730951
859, 25, 317, 393, 316, 394, 1, -1, -0.7853981633974483, 1.4142135623730951
859, 28, 331, 343, 330, 344, 1, -1, -0.7853981633974483, 1.4142135623730951
859, 29, 586, 217, 585, 215, 1, 2, 1.1071487177940904, 2.23606797749979
859, 38, 348, 382, 347, 383, 1, -1, -0.7853981633974483, 1.4142135623730951
859, 41, 362, 352, 361, 354, 1, -2, -1.1071487177940904, 2.23606797749979
859, 46, 260, 360, 259, 361, 1, -1, -0.7853981633974483, 1.4142135623730951
859, 49, 536, 152, 535, 151, 1, 1, 0.7853981633974483, 1.4142135623730951
859, 50, 300, 378, 299, 379, 1, -1, -0.7853981633974483, 1.4142135623730951
859, 53, 280, 406, 279, 407, 1, -1, -0.7853981633974483, 1.4142135623730951
859, 54, 384, 268, 383, 269, 1, -1, -0.7853981633974483, 1.4142135623730951
859, 65, 130, 191, 127, 191, 3, 0, 0.0, 3.0
860, 11, 553, 207, 552, 205, 1, 2, 1.1071487177940904, 2.23606797749979
860, 27, 315, 329, 314, 330, 1, -1, -0.7853981633974483, 1.4142135623730951
860, 28, 317, 397, 316, 398, 1, -1, -0.7853981633974483, 1.4142135623730951
860, 29, 408, 323, 407, 325, 1, -2, -1.1071487177940904, 2.23606797749979
860, 38, 414, 172, 414, 174, 0, -2, -1.5707963267948966, 2.0
860, 59, 410, 311, 410, 313, 0, -2, -1.5707963267948966, 2.0
860, 62, 411, 181, 409, 183, 2, -2, -0.7853981633974483, 2.8284271247461903
860, 64, 497, 149, 495, 149, 2, 0, 0.0, 2.0
860, 81, 523, 181, 522, 180, 1, 1, 0.7853981633974483, 1.4142135623730951
860, 82, 283, 363, 282, 364, 1, -1, -0.7853981633974483, 1.4142135623730951
860, 85, 296, 380, 295, 381, 1, -1, -0.7853981633974483, 1.4142135623730951
861, 26, 316, 328, 315, 329, 1, -1, -0.7853981633974483, 1.4142135623730951
861, 28, 409, 322, 408, 323, 1, -1, -0.7853981633974483, 1.4142135623730951
861, 36, 414, 170, 414, 172, 0, -2, -1.5707963267948966, 2.0
861, 38, 45, 228, 44, 229, 1, -1, -0.7853981633974483, 1.4142135623730951
861, 40, 585, 218, 584, 216, 1, 2, 1.1071487177940904, 2.23606797749979
861, 55, 411, 310, 410, 311, 1, -1, -0.7853981633974483, 1.4142135623730951
861, 57, 412, 179, 411, 181, 1, -2, -1.1071487177940904, 2.23606797749979
861, 65, 251, 368, 250, 369, 1, -1, -0.7853981633974483, 1.4142135623730951
861, 80, 297, 379, 296, 380, 1, -1, -0.7853981633974483, 1.4142135623730951
862, 4, 174, 336, 173, 337, 1, -1, -0.7853981633974483, 1.4142135623730951
862, 8, 253, 194, 252, 195, 1, -1, -0.7853981633974483, 1.4142135623730951
862, 9, 553, 210, 553, 208, 0, 2, 1.5707963267948966, 2.0
862, 11, 338, 352, 337, 354, 1, -2, -1.1071487177940904, 2.23606797749979
862, 20, 380, 282, 379, 283, 1, -1, -0.7853981633974483, 1.4142135623730951
862, 25, 409, 320, 409, 322, 0, -2, -1.5707963267948966, 2.0
862, 28, 203, 195, 205, 194, -2, 1, 2.677945044588987, 2.23606797749979
862, 29, 481, 122, 480, 123, 1, -1, -0.7853981633974483, 1.4142135623730951
862, 33, 414, 168, 414, 170, 0, -2, -1.5707963267948966, 2.0
862, 54, 412, 177, 412, 179, 0, -2, -1.5707963267948966, 2.0
862, 56, 498, 147, 497, 148, 1, -1, -0.7853981633974483, 1.4142135623730951
862, 60, 338, 323, 337, 324, 1, -1, -0.7853981633974483, 1.4142135623730951
862, 61, 252, 367, 251, 368, 1, -1, -0.7853981633974483, 1.4142135623730951
862, 63, 333, 346, 332, 348, 1, -2, -1.1071487177940904, 2.23606797749979
863, 20, 381, 281, 380, 282, 1, -1, -0.7853981633974483, 1.4142135623730951
863, 23, 318, 327, 317, 328, 1, -1, -0.7853981633974483, 1.4142135623730951
863, 24, 318, 396, 317, 397, 1, -1, -0.7853981633974483, 1.4142135623730951
863, 25, 410, 318, 409, 320, 1, -2, -1.1071487177940904, 2.23606797749979
863, 33, 413, 166, 414, 168, -1, -2, -2.0344439357957027, 2.23606797749979
863, 35, 45, 224, 45, 227, 0, -3, -1.5707963267948966, 3.0
863, 37, 586, 220, 585, 219, 1, 1, 0.7853981633974483, 1.4142135623730951
863, 51, 412, 308, 411, 309, 1, -1, -0.7853981633974483, 1.4142135623730951
863, 53, 412, 175, 412, 177, 0, -2, -1.5707963267948966, 2.0
863, 55, 499, 146, 498, 147, 1, -1, -0.7853981633974483, 1.4142135623730951
863, 58, 594, 251, 595, 250, -1, 1, 2.356194490192345, 1.4142135623730951
863, 60, 253, 366, 252, 367, 1, -1, -0.7853981633974483, 1.4142135623730951
863, 62, 334, 345, 333, 346, 1, -1, -0.7853981633974483, 1.4142135623730951
864, 17, 382, 279, 381, 281, 1, -2, -1.1071487177940904, 2.23606797749979
864, 20, 319, 326, 318, 327, 1, -1, -0.7853981633974483, 1.4142135623730951
864, 22, 411, 316, 410, 318, 1, -2, -1.1071487177940904, 2.23606797749979
864, 26, 484, 121, 482, 122, 2, -1, -0.4636476090008061, 2.23606797749979
864, 30, 414, 165, 413, 166, 1, -1, -0.7853981633974483, 1.4142135623730951
864, 49, 411, 173, 412, 175, -1, -2, -2.0344439357957027, 2.23606797749979
864, 58, 335, 344, 334, 345, 1, -1, -0.7853981633974483, 1.4142135623730951
864, 66, 522, 185, 523, 184, -1, 1, 2.356194490192345, 1.4142135623730951
865, 7, 553, 212, 553, 210, 0, 2, 1.5707963267948966, 2.0
865, 35, 415, 168, 415, 170, 0, -2, -1.5707963267948966, 2.0
865, 38, 412, 319, 411, 321, 1, -2, -1.1071487177940904, 2.23606797749979
865, 43, 512, 175, 512, 173, 0, 2, 1.5707963267948966, 2.0
865, 46, 336, 345, 335, 346, 1, -1, -0.7853981633974483, 1.4142135623730951
865, 49, 383, 281, 382, 282, 1, -1, -0.7853981633974483, 1.4142135623730951
865, 51, 261, 328, 259, 328, 2, 0, 0.0, 2.0
865, 59, 587, 220, 587, 218, 0, 2, 1.5707963267948966, 2.0
865, 61, 528, 152, 527, 153, 1, -1, -0.7853981633974483, 1.4142135623730951
865, 63, 465, 192, 466, 194, -1, -2, -2.0344439357957027, 2.23606797749979
865, 75, 176, 399, 175, 400, 1, -1, -0.7853981633974483, 1.4142135623730951
865, 80, 283, 406, 282, 407, 1, -1, -0.7853981633974483, 1.4142135623730951
865, 83, 541, 210, 540, 208, 1, 2, 1.1071487177940904, 2.23606797749979
865, 84, 497, 147, 496, 148, 1, -1, -0.7853981633974483, 1.4142135623730951
865, 86, 278, 411, 277, 412, 1, -1, -0.7853981633974483, 1.4142135623730951
865, 90, 87, 184, 86, 185, 1, -1, -0.7853981633974483, 1.4142135623730951
866, 34, 415, 166, 415, 168, 0, -2, -1.5707963267948966, 2.0
866, 37, 413, 317, 412, 319, 1, -2, -1.1071487177940904, 2.23606797749979
866, 41, 413, 307, 413, 309, 0, -2, -1.5707963267948966, 2.0
866, 42, 512, 177, 512, 175, 0, 2, 1.5707963267948966, 2.0
866, 47, 383, 278, 383, 281, 0, -3, -1.5707963267948966, 3.0
866, 57, 588, 222, 587, 220, 1, 2, 1.1071487177940904, 2.23606797749979
866, 58, 4, 321, 4, 323, 0, -2, -1.5707963267948966, 2.0
866, 63, 503, 136, 502, 137, 1, -1, -0.7853981633974483, 1.4142135623730951
866, 75, 322, 397, 321, 398, 1, -1, -0.7853981633974483, 1.4142135623730951
866, 77, 284, 405, 283, 406, 1, -1, -0.7853981633974483, 1.4142135623730951
866, 86, 116, 186, 115, 187, 1, -1, -0.7853981633974483, 1.4142135623730951
867, 6, 553, 215, 553, 213, 0, 2, 1.5707963267948966, 2.0
867, 30, 415, 164, 415, 166, 0, -2, -1.5707963267948966, 2.0
867, 34, 486, 121, 485, 122, 1, -1, -0.7853981633974483, 1.4142135623730951
867, 37, 413, 305, 413, 307, 0, -2, -1.5707963267948966, 2.0
867, 38, 513, 180, 512, 177, 1, 3, 1.2490457723982544, 3.1622776601683795
867, 43, 383, 276, 383, 278, 0, -2, -1.5707963267948966, 2.0
867, 53, 589, 224, 588, 222, 1, 2, 1.1071487177940904, 2.23606797749979
867, 55, 526, 150, 527, 152, -1, -2, -2.0344439357957027, 2.23606797749979
867, 59, 203, 378, 202, 379, 1, -1, -0.7853981633974483, 1.4142135623730951
867, 69, 323, 396, 322, 397, 1, -1, -0.7853981633974483, 1.4142135623730951
867, 71, 285, 404, 284, 405, 1, -1, -0.7853981633974483, 1.4142135623730951
867, 75, 346, 323, 345, 324, 1, -1, -0.7853981633974483, 1.4142135623730951
867, 76, 280, 410, 279, 411, 1, -1, -0.7853981633974483, 1.4142135623730951
868, 3, 149, 282, 150, 281, -1, 1, 2.356194490192345, 1.4142135623730951
868, 6, 555, 217, 553, 215, 2, 2, 0.7853981633974483, 2.8284271247461903
868, 22, 342, 350, 340, 351, 2, -1, -0.4636476090008061, 2.23606797749979
868, 29, 415, 162, 415, 164, 0, -2, -1.5707963267948966, 2.0
868, 36, 415, 307, 413, 305, 2, 2, 0.7853981633974483, 2.8284271247461903
868, 37, 514, 183, 513, 180, 1, 3, 1.2490457723982544, 3.1622776601683795
868, 41, 384, 277, 383, 276, 1, 1, 0.7853981633974483, 1.4142135623730951
868, 49, 534, 161, 533, 160, 1, 1, 0.7853981633974483, 1.4142135623730951
868, 51, 590, 225, 589, 224, 1, 1, 0.7853981633974483, 1.4142135623730951
868, 64, 284, 185, 283, 186, 1, -1, -0.7853981633974483, 1.4142135623730951
868, 65, 172, 406, 171, 408, 1, -2, -1.1071487177940904, 2.23606797749979
868, 68, 286, 403, 285, 404, 1, -1, -0.7853981633974483, 1.4142135623730951
868, 73, 281, 409, 280, 410, 1, -1, -0.7853981633974483, 1.4142135623730951
868, 76, 117, 185, 116, 186, 1, -1, -0.7853981633974483, 1.4142135623730951
869, 24, 293, 315, 292, 313, 1, 2, 1.1071487177940904, 2.23606797749979
869, 29, 415, 315, 414, 316, 1, -1, -0.7853981633974483, 1.4142135623730951
869, 30, 488, 120, 487, 121, 1, -1, -0.7853981633974483, 1.4142135623730951
869, 31, 307, 263, 307, 259, 0, 4, 1.5707963267948966, 4.0
869, 33, 415, 303, 415, 307, 0, -4, -1.5707963267948966, 4.0
869, 34, 514, 186, 514, 183, 0, 3, 1.5707963267948966, 3.0
869, 36, 336, 345, 337, 344, -1, 1, 2.356194490192345, 1.4142135623730951
869, 37, 287, 290, 288, 288, -1, 2, 2.0344439357957027, 2.23606797749979
869, 38, 384, 275, 384, 277, 0, -2, -1.5707963267948966, 2.0
869, 44, 46, 223, 49, 225, -3, -2, -2.5535900500422257, 3.605551275463989
869, 46, 535, 162, 534, 161, 1, 1, 0.7853981633974483, 1.4142135623730951
869, 48, 590, 227, 590, 225, 0, 2, 1.5707963267948966, 2.0
869, 51, 597, 258, 597, 256, 0, 2, 1.5707963267948966, 2.0
869, 52, 504, 133, 503, 134, 1, -1, -0.7853981633974483, 1.4142135623730951
869, 55, 198, 338, 196, 339, 2, -1, -0.4636476090008061, 2.23606797749979
869, 62, 173, 405, 172, 406, 1, -1, -0.7853981633974483, 1.4142135623730951
869, 68, 500, 146, 499, 147, 1, -1, -0.7853981633974483, 1.4142135623730951
869, 69, 348, 322, 346, 323, 2, -1, -0.4636476090008061, 2.23606797749979
869, 70, 282, 408, 281, 409, 1, -1, -0.7853981633974483, 1.4142135623730951
869, 73, 118, 184, 117, 185, 1, -1, -0.7853981633974483, 1.4142135623730951
870, 8, 557, 217, 557, 215, 0, 2, 1.5707963267948966, 2.0
870, 14, 154, 254, 153, 255, 1, -1, -0.7853981633974483, 1.4142135623730951
870, 32, 589, 227, 589, 225, 0, 2, 1.5707963267948966, 2.0
870, 36, 237, 336, 236, 337, 1, -1, -0.7853981633974483, 1.4142135623730951
870, 37, 417, 165, 417, 167, 0, -2, -1.5707963267948966, 2.0
870, 43, 546, 220, 546, 218, 0, 2, 1.5707963267948966, 2.0
870, 49, 293, 360, 292, 361, 1, -1, -0.7853981633974483, 1.4142135623730951
870, 51, 195, 354, 197, 355, -2, -1, -2.677945044588987, 2.23606797749979
870, 59, 174, 408, 173, 409, 1, -1, -0.7853981633974483, 1.4142135623730951
870, 72, 286, 406, 285, 407, 1, -1, -0.7853981633974483, 1.4142135623730951
870, 74, 100, 185, 102, 186, -2, -1, -2.677945044588987, 2.23606797749979
871, 8, 557, 219, 557, 217, 0, 2, 1.5707963267948966, 2.0
871, 21, 165, 384, 164, 385, 1, -1, -0.7853981633974483, 1.4142135623730951
871, 42, 547, 222, 546, 220, 1, 2, 1.1071487177940904, 2.23606797749979
871, 50, 193, 353, 195, 354, -2, -1, -2.677945044588987, 2.23606797749979
871, 55, 488, 122, 487, 123, 1, -1, -0.7853981633974483, 1.4142135623730951
871, 65, 371, 347, 370, 349, 1, -2, -1.1071487177940904, 2.23606797749979
871, 70, 287, 405, 286, 406, 1, -1, -0.7853981633974483, 1.4142135623730951
872, 28, 590, 229, 589, 228, 1, 1, 0.7853981633974483, 1.4142135623730951
872, 32, 238, 334, 237, 335, 1, -1, -0.7853981633974483, 1.4142135623730951
872, 33, 417, 162, 417, 164, 0, -2, -1.5707963267948966, 2.0
872, 62, 371, 345, 371, 347, 0, -2, -1.5707963267948966, 2.0
873, 29, 417, 160, 417, 162, 0, -2, -1.5707963267948966, 2.0
873, 42, 190, 352, 192, 353, -2, -1, -2.677945044588987, 2.23606797749979
873, 57, 372, 343, 371, 345, 1, -2, -1.1071487177940904, 2.23606797749979
873, 62, 289, 404, 288, 405, 1, -1, -0.7853981633974483, 1.4142135623730951
874, 6, 558, 223, 557, 221, 1, 2, 1.1071487177940904, 2.23606797749979
874, 20, 591, 231, 590, 230, 1, 1, 0.7853981633974483, 1.4142135623730951
874, 34, 293, 356, 293, 358, 0, -2, -1.5707963267948966, 2.0
874, 36, 188, 353, 190, 352, -2, 1, 2.677945044588987, 2.23606797749979
874, 49, 373, 342, 372, 343, 1, -1, -0.7853981633974483, 1.4142135623730951
874, 53, 290, 403, 289, 404, 1, -1, -0.7853981633974483, 1.4142135623730951
875, 6, 559, 222, 558, 221, 1, 1, 0.7853981633974483, 1.4142135623730951
875, 7, 527, 200, 525, 196, 2, 4, 1.1071487177940904, 4.47213595499958
875, 15, 422, 302, 422, 304, 0, -2, -1.5707963267948966, 2.0
875, 25, 347, 353, 346, 354, 1, -1, -0.7853981633974483, 1.4142135623730951
875, 29, 551, 218, 549, 216, 2, 2, 0.7853981633974483, 2.8284271247461903
875, 34, 593, 230, 592, 229, 1, 1, 0.7853981633974483, 1.4142135623730951
875, 35, 351, 320, 351, 322, 0, -2, -1.5707963267948966, 2.0
875, 43, 419, 162, 418, 163, 1, -1, -0.7853981633974483, 1.4142135623730951
875, 46, 273, 294, 275, 294, -2, 0, 3.141592653589793, 2.0
875, 57, 421, 269, 420, 270, 1, -1, -0.7853981633974483, 1.4142135623730951
875, 60, 407, 165, 407, 169, 0, -4, -1.5707963267948966, 4.0
875, 71, 113, 220, 112, 221, 1, -1, -0.7853981633974483, 1.4142135623730951
875, 78, 323, 399, 321, 399, 2, 0, 0.0, 2.0
875, 83, 475, 123, 473, 123, 2, 0, 0.0, 2.0
875, 84, 294, 288, 295, 287, -1, 1, 2.356194490192345, 1.4142135623730951
876, 5, 559, 224, 559, 222, 0, 2, 1.5707963267948966, 2.0
876, 6, 528, 201, 527, 200, 1, 1, 0.7853981633974483, 1.4142135623730951
876, 14, 422, 300, 422, 302, 0, -2, -1.5707963267948966, 2.0
876, 25, 551, 220, 551, 218, 0, 2, 1.5707963267948966, 2.0
876, 30, 594, 231, 593, 230, 1, 1, 0.7853981633974483, 1.4142135623730951
876, 33, 510, 148, 508, 147, 2, 1, 0.4636476090008061, 2.23606797749979
876, 45, 494, 123, 492, 123, 2, 0, 0.0, 2.0
876, 56, 408, 161, 407, 165, 1, -4, -1.3258176636680326, 4.123105625617661
876, 73, 324, 398, 323, 399, 1, -1, -0.7853981633974483, 1.4142135623730951
876, 78, 478, 123, 475, 123, 3, 0, 0.0, 3.0
877, 5, 560, 225, 559, 224, 1, 1, 0.7853981633974483, 1.4142135623730951
877, 6, 529, 202, 528, 201, 1, 1, 0.7853981633974483, 1.4142135623730951
877, 19, 349, 352, 348, 353, 1, -1, -0.7853981633974483, 1.4142135623730951
877, 23, 550, 222, 551, 220, -1, 2, 2.0344439357957027, 2.23606797749979
877, 27, 595, 233, 594, 231, 1, 2, 1.1071487177940904, 2.23606797749979
877, 34, 420, 159, 419, 161, 1, -2, -1.1071487177940904, 2.23606797749979
877, 37, 271, 293, 273, 293, -2, 0, 3.141592653589793, 2.0
877, 40, 495, 122, 494, 123, 1, -1, -0.7853981633974483, 1.4142135623730951
877, 51, 409, 157, 408, 161, 1, -4, -1.3258176636680326, 4.123105625617661
877, 56, 238, 331, 237, 332, 1, -1, -0.7853981633974483, 1.4142135623730951
877, 62, 39, 396, 41, 396, -2, 0, 3.141592653589793, 2.0
877, 64, 325, 397, 324, 398, 1, -1, -0.7853981633974483, 1.4142135623730951
877, 65, 511, 133, 510, 134, 1, -1, -0.7853981633974483, 1.4142135623730951
877, 69, 481, 124, 478, 123, 3, 1, 0.3217505543966422, 3.1622776601683795
878, 5, 561, 226, 560, 225, 1, 1, 0.7853981633974483, 1.4142135623730951
878, 6, 530, 203, 529, 202, 1, 1, 0.7853981633974483, 1.4142135623730951
878, 18, 350, 351, 349, 352, 1, -1, -0.7853981633974483, 1.4142135623730951
878, 26, 594, 235, 595, 233, -1, 2, 2.0344439357957027, 2.23606797749979
878, 29, 260, 330, 261, 329, -1, 1, 2.356194490192345, 1.4142135623730951
878, 33, 420, 157, 420, 159, 0, -2, -1.5707963267948966, 2.0
878, 39, 496, 123, 495, 122, 1, 1, 0.7853981633974483, 1.4142135623730951
878, 45, 422, 266, 421, 267, 1, -1, -0.7853981633974483, 1.4142135623730951
878, 48, 410, 155, 409, 157, 1, -2, -1.1071487177940904, 2.23606797749979
878, 51, 135, 202, 133, 202, 2, 0, 0.0, 2.0
878, 55, 113, 350, 112, 351, 1, -1, -0.7853981633974483, 1.4142135623730951
878, 61, 327, 396, 325, 397, 2, -1, -0.4636476090008061, 2.23606797749979
878, 65, 110, 343, 109, 344, 1, -1, -0.7853981633974483, 1.4142135623730951
878, 66, 484, 125, 481, 124, 3, 1, 0.3217505543966422, 3.1622776601683795
879, 5, 562, 227, 561, 226, 1, 1, 0.7853981633974483, 1.4142135623730951
879, 12, 316, 319, 316, 317, 0, 2, 1.5707963267948966, 2.0
879, 24, 513, 149, 512, 148, 1, 1, 0.7853981633974483, 1.4142135623730951
879, 34, 325, 327, 324, 328, 1, -1, -0.7853981633974483, 1.4142135623730951
879, 39, 169, 273, 171, 273, -2, 0, 3.141592653589793, 2.0
879, 43, 411, 151, 410, 155, 1, -4, -1.3258176636680326, 4.123105625617661
879, 54, 37, 396, 39, 396, -2, 0, 3.141592653589793, 2.0
879, 60, 487, 126, 484, 125, 3, 1, 0.3217505543966422, 3.1622776601683795
880, 10, 563, 228, 562, 226, 1, 2, 1.1071487177940904, 2.23606797749979
880, 34, 333, 395, 332, 396, 1, -1, -0.7853981633974483, 1.4142135623730951
880, 46, 422, 160, 421, 162, 1, -2, -1.1071487177940904, 2.23606797749979
880, 57, 526, 185, 524, 184, 2, 1, 0.4636476090008061, 2.23606797749979
880, 66, 368, 298, 368, 300, 0, -2, -1.5707963267948966, 2.0
880, 67, 294, 404, 293, 405, 1, -1, -0.7853981633974483, 1.4142135623730951
880, 77, 346, 342, 345, 343, 1, -1, -0.7853981633974483, 1.4142135623730951
880, 80, 377, 343, 376, 344, 1, -1, -0.7853981633974483, 1.4142135623730951
880, 82, 289, 353, 289, 355, 0, -2, -1.5707963267948966, 2.0
880, 89, 367, 337, 366, 340, 1, -3, -1.2490457723982544, 3.1622776601683795
880, 93, 310, 378, 309, 379, 1, -1, -0.7853981633974483, 1.4142135623730951
880, 95, 635, 341, 638, 341, -3, 0, 3.141592653589793, 3.0
881, 10, 564, 229, 563, 228, 1, 1, 0.7853981633974483, 1.4142135623730951
881, 40, 350, 352, 349, 353, 1, -1, -0.7853981633974483, 1.4142135623730951
881, 42, 595, 237, 595, 235, 0, 2, 1.5707963267948966, 2.0
881, 43, 422, 158, 422, 160, 0, -2, -1.5707963267948966, 2.0
881, 45, 634, 349, 632, 349, 2, 0, 0.0, 2.0
881, 51, 345, 322, 344, 323, 1, -1, -0.7853981633974483, 1.4142135623730951
881, 52, 529, 187, 526, 185, 3, 2, 0.5880026035475675, 3.605551275463989
881, 55, 119, 188, 118, 189, 1, -1, -0.7853981633974483, 1.4142135623730951
881, 58, 369, 296, 368, 298, 1, -2, -1.1071487177940904, 2.23606797749979
881, 59, 295, 403, 294, 404, 1, -1, -0.7853981633974483, 1.4142135623730951
881, 61, 131, 408, 130, 409, 1, -1, -0.7853981633974483, 1.4142135623730951
881, 62, 423, 264, 422, 265, 1, -1, -0.7853981633974483, 1.4142135623730951
881, 70, 180, 409, 179, 410, 1, -1, -0.7853981633974483, 1.4142135623730951
881, 71, 377, 341, 377, 343, 0, -2, -1.5707963267948966, 2.0
881, 73, 291, 352, 289, 353, 2, -1, -0.4636476090008061, 2.23606797749979
881, 79, 369, 335, 367, 337, 2, -2, -0.7853981633974483, 2.8284271247461903
882, 10, 565, 230, 564, 229, 1, 1, 0.7853981633974483, 1.4142135623730951
882, 29, 392, 259, 392, 261, 0, -2, -1.5707963267948966, 2.0
882, 30, 334, 393, 333, 394, 1, -1, -0.7853981633974483, 1.4142135623730951
882, 50, 346, 321, 345, 322, 1, -1, -0.7853981633974483, 1.4142135623730951
882, 57, 369, 294, 369, 296, 0, -2, -1.5707963267948966, 2.0
882, 58, 296, 402, 295, 403, 1, -1, -0.7853981633974483, 1.4142135623730951
882, 69, 377, 339, 377, 341, 0, -2, -1.5707963267948966, 2.0
882, 71, 293, 350, 291, 352, 2, -2, -0.7853981633974483, 2.8284271247461903
882, 76, 370, 332, 369, 335, 1, -3, -1.2490457723982544, 3.1622776601683795
882, 80, 311, 377, 310, 378, 1, -1, -0.7853981633974483, 1.4142135623730951
882, 82, 634, 341, 635, 340, -1, 1, 2.356194490192345, 1.4142135623730951
883, 11, 54, 409, 53, 411, 1, -2, -1.1071487177940904, 2.23606797749979
883, 28, 393, 258, 392, 259, 1, -1, -0.7853981633974483, 1.4142135623730951
883, 29, 335, 391, 334, 393, 1, -2, -1.1071487177940904, 2.23606797749979
883, 37, 351, 350, 350, 351, 1, -1, -0.7853981633974483, 1.4142135623730951
883, 39, 596, 240, 595, 238, 1, 2, 1.1071487177940904, 2.23606797749979
883, 47, 616, 271, 617, 270, -1, 1, 2.356194490192345, 1.4142135623730951
883, 49, 531, 191, 529, 188, 2, 3, 0.982793723247329, 3.605551275463989
883, 50, 326, 328, 325, 329, 1, -1, -0.7853981633974483, 1.4142135623730951
883, 55, 369, 292, 369, 294, 0, -2, -1.5707963267948966, 2.0
883, 56, 298, 401, 296, 402, 2, -1, -0.4636476090008061, 2.23606797749979
883, 66, 377, 337, 377, 339, 0, -2, -1.5707963267948966, 2.0
883, 68, 294, 349, 293, 350, 1, -1, -0.7853981633974483, 1.4142135623730951
883, 73, 372, 329, 370, 332, 2, -3, -0.982793723247329, 3.605551275463989
883, 79, 632, 342, 634, 341, -2, 1, 2.677945044588987, 2.23606797749979
884, 5, 566, 232, 565, 231, 1, 1, 0.7853981633974483, 1.4142135623730951
884, 22, 394, 257, 393, 258, 1, -1, -0.7853981633974483, 1.4142135623730951
884, 23, 336, 390, 335, 391, 1, -1, -0.7853981633974483, 1.4142135623730951
884, 33, 597, 241, 596, 240, 1, 1, 0.7853981633974483, 1.4142135623730951
884, 43, 532, 193, 531, 191, 1, 2, 1.1071487177940904, 2.23606797749979
884, 48, 370, 290, 369, 292, 1, -2, -1.1071487177940904, 2.23606797749979
884, 49, 299, 400, 298, 401, 1, -1, -0.7853981633974483, 1.4142135623730951
884, 52, 58, 405, 57, 406, 1, -1, -0.7853981633974483, 1.4142135623730951
884, 59, 378, 335, 377, 337, 1, -2, -1.1071487177940904, 2.23606797749979
884, 61, 296, 348, 294, 349, 2, -1, -0.4636476090008061, 2.23606797749979
884, 65, 373, 327, 372, 329, 1, -2, -1.1071487177940904, 2.23606797749979
885, 23, 546, 177, 545, 175, 1, 2, 1.1071487177940904, 2.23606797749979
885, 28, 352, 352, 351, 353, 1, -1, -0.7853981633974483, 1.4142135623730951
885, 32, 270, 300, 271, 299, -1, 1, 2.356194490192345, 1.4142135623730951
885, 46, 350, 341, 349, 342, 1, -1, -0.7853981633974483, 1.4142135623730951
885, 66, 369, 292, 369, 295, 0, -3, -1.5707963267948966, 3.0
885, 67, 245, 332, 247, 332, -2, 0, 3.141592653589793, 2.0
885, 73, 366, 373, 365, 374, 1, -1, -0.7853981633974483, 1.4142135623730951
886, 15, 418, 299, 418, 301, 0, -2, -1.5707963267948966, 2.0
886, 18, 267, 197, 268, 196, -1, 1, 2.356194490192345, 1.4142135623730951
886, 23, 548, 178, 546, 177, 2, 1, 0.4636476090008061, 2.23606797749979
886, 28, 353, 351, 352, 352, 1, -1, -0.7853981633974483, 1.4142135623730951
886, 30, 527, 197, 529, 198, -2, -1, -2.677945044588987, 2.23606797749979
886, 40, 336, 393, 335, 394, 1, -1, -0.7853981633974483, 1.4142135623730951
886, 45, 351, 340, 350, 341, 1, -1, -0.7853981633974483, 1.4142135623730951
886, 52, 168, 200, 168, 202, 0, -2, -1.5707963267948966, 2.0
886, 65, 369, 290, 369, 292, 0, -2, -1.5707963267948966, 2.0
886, 72, 367, 372, 366, 373, 1, -1, -0.7853981633974483, 1.4142135623730951
887, 14, 419, 298, 418, 299, 1, -1, -0.7853981633974483, 1.4142135623730951
887, 21, 549, 179, 548, 178, 1, 1, 0.7853981633974483, 1.4142135623730951
887, 28, 269, 301, 270, 300, -1, 1, 2.356194490192345, 1.4142135623730951
887, 36, 337, 392, 336, 393, 1, -1, -0.7853981633974483, 1.4142135623730951
887, 59, 369, 288, 369, 290, 0, -2, -1.5707963267948966, 2.0
887, 65, 368, 371, 367, 372, 1, -1, -0.7853981633974483, 1.4142135623730951
887, 69, 416, 165, 415, 166, 1, -1, -0.7853981633974483, 1.4142135623730951
888, 6, 565, 235, 565, 233, 0, 2, 1.5707963267948966, 2.0
888, 11, 288, 213, 289, 212, -1, 1, 2.356194490192345, 1.4142135623730951
888, 24, 328, 328, 327, 329, 1, -1, -0.7853981633974483, 1.4142135623730951
888, 25, 354, 349, 353, 350, 1, -1, -0.7853981633974483, 1.4142135623730951
888, 26, 504, 127, 502, 127, 2, 0, 0.0, 2.0
888, 38, 353, 339, 352, 340, 1, -1, -0.7853981633974483, 1.4142135623730951
888, 44, 170, 201, 169, 200, 1, 1, 0.7853981633974483, 1.4142135623730951
888, 58, 305, 335, 303, 335, 2, 0, 0.0, 2.0
888, 65, 417, 164, 416, 165, 1, -1, -0.7853981633974483, 1.4142135623730951
889, 6, 565, 237, 565, 235, 0, 2, 1.5707963267948966, 2.0
889, 13, 420, 295, 419, 297, 1, -2, -1.1071487177940904, 2.23606797749979
889, 20, 550, 181, 549, 180, 1, 1, 0.7853981633974483, 1.4142135623730951
889, 26, 506, 127, 504, 127, 2, 0, 0.0, 2.0
889, 32, 446, 277, 445, 278, 1, -1, -0.7853981633974483, 1.4142135623730951
889, 35, 423, 153, 423, 155, 0, -2, -1.5707963267948966, 2.0
889, 42, 135, 212, 138, 213, -3, -1, -2.819842099193151, 3.1622776601683795
889, 54, 184, 409, 183, 410, 1, -1, -0.7853981633974483, 1.4142135623730951
889, 58, 370, 370, 369, 371, 1, -1, -0.7853981633974483, 1.4142135623730951
889, 62, 418, 163, 417, 164, 1, -1, -0.7853981633974483, 1.4142135623730951
889, 68, 349, 313, 349, 315, 0, -2, -1.5707963267948966, 2.0
890, 10, 567, 238, 567, 236, 0, 2, 1.5707963267948966, 2.0
890, 23, 355, 351, 354, 353, 1, -2, -1.1071487177940904, 2.23606797749979
890, 27, 506, 127, 504, 127, 2, 0, 0.0, 2.0
890, 32, 600, 246, 599, 244, 1, 2, 1.1071487177940904, 2.23606797749979
890, 38, 419, 164, 418, 166, 1, -2, -1.1071487177940904, 2.23606797749979
890, 53, 552, 183, 551, 181, 1, 2, 1.1071487177940904, 2.23606797749979
890, 56, 340, 392, 339, 393, 1, -1, -0.7853981633974483, 1.4142135623730951
890, 58, 539, 205, 538, 204, 1, 1, 0.7853981633974483, 1.4142135623730951
890, 59, 118, 190, 116, 189, 2, 1, 0.4636476090008061, 2.23606797749979
890, 73, 381, 336, 380, 338, 1, -2, -1.1071487177940904, 2.23606797749979
890, 75, 444, 279, 443, 280, 1, -1, -0.7853981633974483, 1.4142135623730951
890, 76, 354, 341, 353, 342, 1, -1, -0.7853981633974483, 1.4142135623730951
890, 80, 422, 291, 422, 293, 0, -2, -1.5707963267948966, 2.0
890, 86, 308, 376, 306, 378, 2, -2, -0.7853981633974483, 2.8284271247461903
890, 89, 370, 289, 370, 291, 0, -2, -1.5707963267948966, 2.0
890, 90, 350, 347, 349, 348, 1, -1, -0.7853981633974483, 1.4142135623730951
890, 92, 7, 220, 6, 221, 1, -1, -0.7853981633974483, 1.4142135623730951
890, 98, 296, 360, 295, 361, 1, -1, -0.7853981633974483, 1.4142135623730951
890, 105, 357, 312, 356, 313, 1, -1, -0.7853981633974483, 1.4142135623730951
891, 9, 568, 239, 567, 238, 1, 1, 0.7853981633974483, 1.4142135623730951
891, 20, 356, 350, 355, 351, 1, -1, -0.7853981633974483, 1.4142135623730951
891, 24, 508, 127, 506, 127, 2, 0, 0.0, 2.0
891, 26, 265, 374, 264, 375, 1, -1, -0.7853981633974483, 1.4142135623730951
891, 29, 601, 249, 600, 246, 1, 3, 1.2490457723982544, 3.1622776601683795
891, 30, 420, 301, 420, 303, 0, -2, -1.5707963267948966, 2.0
891, 35, 420, 162, 419, 164, 1, -2, -1.1071487177940904, 2.23606797749979
891, 49, 553, 184, 552, 183, 1, 1, 0.7853981633974483, 1.4142135623730951
891, 53, 540, 207, 539, 205, 1, 2, 1.1071487177940904, 2.23606797749979
891, 68, 382, 334, 381, 336, 1, -2, -1.1071487177940904, 2.23606797749979
891, 74, 423, 289, 422, 291, 1, -2, -1.1071487177940904, 2.23606797749979
891, 77, 516, 161, 516, 158, 0, 3, 1.5707963267948966, 3.0
891, 83, 370, 287, 370, 289, 0, -2, -1.5707963267948966, 2.0
891, 84, 351, 346, 350, 347, 1, -1, -0.7853981633974483, 1.4142135623730951
891, 95, 424, 153, 424, 155, 0, -2, -1.5707963267948966, 2.0
892, 20, 357, 348, 356, 350, 1, -2, -1.1071487177940904, 2.23606797749979
892, 24, 510, 127, 508, 127, 2, 0, 0.0, 2.0
892, 29, 603, 250, 601, 249, 2, 1, 0.4636476090008061, 2.23606797749979
892, 35, 421, 160, 420, 162, 1, -2, -1.1071487177940904, 2.23606797749979
892, 51, 341, 390, 340, 391, 1, -1, -0.7853981633974483, 1.4142135623730951
892, 59, 621, 280, 620, 279, 1, 1, 0.7853981633974483, 1.4142135623730951
892, 65, 97, 186, 96, 187, 1, -1, -0.7853981633974483, 1.4142135623730951
892, 66, 383, 332, 382, 334, 1, -2, -1.1071487177940904, 2.23606797749979
892, 73, 517, 162, 516, 161, 1, 1, 0.7853981633974483, 1.4142135623730951
892, 79, 370, 285, 370, 287, 0, -2, -1.5707963267948966, 2.0
892, 82, 8, 218, 7, 219, 1, -1, -0.7853981633974483, 1.4142135623730951
892, 84, 547, 169, 546, 170, 1, -1, -0.7853981633974483, 1.4142135623730951
892, 91, 425, 151, 424, 153, 1, -2, -1.1071487177940904, 2.23606797749979
892, 93, 358, 310, 357, 311, 1, -1, -0.7853981633974483, 1.4142135623730951
893, 3, 274, 323, 273, 324, 1, -1, -0.7853981633974483, 1.4142135623730951
893, 17, 358, 346, 357, 348, 1, -2, -1.1071487177940904, 2.23606797749979
893, 21, 512, 127, 510, 127, 2, 0, 0.0, 2.0
893, 26, 604, 251, 603, 250, 1, 1, 0.7853981633974483, 1.4142135623730951
893, 27, 421, 300, 420, 301, 1, -1, -0.7853981633974483, 1.4142135623730951
893, 32, 422, 159, 421, 160, 1, -1, -0.7853981633974483, 1.4142135623730951
893, 44, 552, 185, 553, 184, -1, 1, 2.356194490192345, 1.4142135623730951
893, 46, 169, 399, 168, 400, 1, -1, -0.7853981633974483, 1.4142135623730951
893, 47, 342, 389, 341, 390, 1, -1, -0.7853981633974483, 1.4142135623730951
893, 61, 384, 330, 383, 332, 1, -2, -1.1071487177940904, 2.23606797749979
893, 63, 184, 408, 183, 409, 1, -1, -0.7853981633974483, 1.4142135623730951
893, 74, 370, 283, 370, 285, 0, -2, -1.5707963267948966, 2.0
893, 75, 353, 344, 351, 345, 2, -1, -0.4636476090008061, 2.23606797749979
893, 78, 330, 324, 328, 324, 2, 0, 0.0, 2.0
893, 79, 549, 170, 547, 169, 2, 1, 0.4636476090008061, 2.23606797749979
893, 81, 262, 366, 261, 367, 1, -1, -0.7853981633974483, 1.4142135623730951
893, 85, 425, 149, 425, 151, 0, -2, -1.5707963267948966, 2.0
894, 8, 569, 242, 568, 241, 1, 1, 0.7853981633974483, 1.4142135623730951
894, 17, 358, 344, 358, 346, 0, -2, -1.5707963267948966, 2.0
894, 21, 513, 128, 512, 127, 1, 1, 0.7853981633974483, 1.4142135623730951
894, 26, 604, 253, 604, 251, 0, 2, 1.5707963267948966, 2.0
894, 27, 423, 299, 421, 300, 2, -1, -0.4636476090008061, 2.23606797749979
894, 28, 389, 266, 388, 268, 1, -2, -1.1071487177940904, 2.23606797749979
894, 48, 539, 210, 540, 209, -1, 1, 2.356194490192345, 1.4142135623730951
894, 53, 92, 361, 88, 363, 4, -2, -0.4636476090008061, 4.47213595499958
894, 56, 119, 350, 116, 351, 3, -1, -0.3217505543966422, 3.1622776601683795
894, 60, 385, 326, 384, 330, 1, -4, -1.3258176636680326, 4.123105625617661
894, 67, 519, 164, 518, 162, 1, 2, 1.1071487177940904, 2.23606797749979
894, 72, 371, 280, 370, 283, 1, -3, -1.2490457723982544, 3.1622776601683795
894, 73, 354, 342, 353, 344, 1, -2, -1.1071487177940904, 2.23606797749979
894, 75, 9, 216, 8, 217, 1, -1, -0.7853981633974483, 1.4142135623730951
894, 79, 262, 364, 262, 366, 0, -2, -1.5707963267948966, 2.0
894, 82, 425, 147, 425, 149, 0, -2, -1.5707963267948966, 2.0
895, 10, 265, 195, 264, 197, 1, -2, -1.1071487177940904, 2.23606797749979
895, 12, 269, 365, 269, 368, 0, -3, -1.5707963267948966, 3.0
895, 14, 357, 341, 358, 344, -1, -3, -1.892546881191539, 3.1622776601683795
895, 16, 168, 255, 167, 257, 1, -2, -1.1071487177940904, 2.23606797749979
895, 17, 165, 394, 166, 396, -1, -2, -2.0344439357957027, 2.23606797749979
895, 23, 159, 255, 159, 257, 0, -2, -1.5707963267948966, 2.0
895, 24, 423, 301, 423, 303, 0, -2, -1.5707963267948966, 2.0
895, 35, 85, 387, 86, 389, -1, -2, -2.0344439357957027, 2.23606797749979
895, 36, 98, 381, 97, 380, 1, 1, 0.7853981633974483, 1.4142135623730951
895, 40, 267, 374, 268, 376, -1, -2, -2.0344439357957027, 2.23606797749979
895, 42, 175, 388, 175, 390, 0, -2, -1.5707963267948966, 2.0
895, 48, 356, 322, 355, 323, 1, -1, -0.7853981633974483, 1.4142135623730951
895, 55, 213, 373, 211, 376, 2, -3, -0.982793723247329, 3.605551275463989
895, 59, 604, 251, 603, 250, 1, 1, 0.7853981633974483, 1.4142135623730951
895, 61, 332, 333, 332, 335, 0, -2, -1.5707963267948966, 2.0
895, 66, 59, 228, 56, 229, 3, -1, -0.3217505543966422, 3.1622776601683795
895, 67, 394, 265, 392, 267, 2, -2, -0.7853981633974483, 2.8284271247461903
895, 71, 561, 239, 560, 237, 1, 2, 1.1071487177940904, 2.23606797749979
895, 74, 343, 391, 341, 394, 2, -3, -0.982793723247329, 3.605551275463989
895, 85, 334, 324, 333, 326, 1, -2, -1.1071487177940904, 2.23606797749979
895, 86, 539, 213, 540, 212, -1, 1, 2.356194490192345, 1.4142135623730951
895, 89, 490, 148, 489, 149, 1, -1, -0.7853981633974483, 1.4142135623730951
895, 97, 458, 235, 460, 236, -2, -1, -2.677945044588987, 2.23606797749979
895, 99, 424, 203, 424, 207, 0, -4, -1.5707963267948966, 4.0
895, 104, 71, 204, 70, 205, 1, -1, -0.7853981633974483, 1.4142135623730951
895, 105, 338, 387, 340, 387, -2, 0, 3.141592653589793, 2.0
895, 108, 69, 229, 71, 230, -2, -1, -2.677945044588987, 2.23606797749979
895, 111, 424, 288, 424, 290, 0, -2, -1.5707963267948966, 2.0
895, 112, 386, 328, 386, 330, 0, -2, -1.5707963267948966, 2.0
895, 116, 622, 284, 622, 282, 0, 2, 1.5707963267948966, 2.0
895, 118, 448, 195, 449, 199, -1, -4, -1.8157749899217608, 4.123105625617661
896, 6, 570, 244, 569, 242, 1, 2, 1.1071487177940904, 2.23606797749979
896, 12, 358, 340, 357, 341, 1, -1, -0.7853981633974483, 1.4142135623730951
896, 14, 167, 257, 168, 255, -1, 2, 2.0344439357957027, 2.23606797749979
896, 21, 157, 256, 159, 255, -2, 1, 2.677945044588987, 2.23606797749979
896, 22, 424, 299, 423, 301, 1, -2, -1.1071487177940904, 2.23606797749979
896, 28, 100, 241, 101, 240, -1, 1, 2.356194490192345, 1.4142135623730951
896, 37, 268, 373, 267, 374, 1, -1, -0.7853981633974483, 1.4142135623730951
896, 45, 357, 320, 356, 322, 1, -2, -1.1071487177940904, 2.23606797749979
896, 60, 212, 199, 214, 199, -2, 0, 3.141592653589793, 2.0
896, 85, 135, 408, 134, 409, 1, -1, -0.7853981633974483, 1.4142135623730951
896, 89, 69, 197, 68, 198, 1, -1, -0.7853981633974483, 1.4142135623730951
896, 96, 160, 172, 159, 173, 1, -1, -0.7853981633974483, 1.4142135623730951
896, 97, 72, 203, 71, 204, 1, -1, -0.7853981633974483, 1.4142135623730951
896, 105, 387, 327, 386, 328, 1, -1, -0.7853981633974483, 1.4142135623730951
897, 6, 571, 245, 570, 244, 1, 1, 0.7853981633974483, 1.4142135623730951
897, 29, 512, 130, 510, 129, 2, 1, 0.4636476090008061, 2.23606797749979
897, 40, 100, 187, 99, 188, 1, -1, -0.7853981633974483, 1.4142135623730951
897, 43, 358, 318, 357, 320, 1, -2, -1.1071487177940904, 2.23606797749979
897, 54, 417, 209, 416, 210, 1, -1, -0.7853981633974483, 1.4142135623730951
897, 57, 394, 262, 394, 264, 0, -2, -1.5707963267948966, 2.0
897, 60, 560, 242, 561, 240, -1, 2, 2.0344439357957027, 2.23606797749979
897, 65, 285, 215, 285, 213, 0, 2, 1.5707963267948966, 2.0
897, 67, 260, 333, 259, 334, 1, -1, -0.7853981633974483, 1.4142135623730951
897, 69, 269, 275, 268, 272, 1, 3, 1.2490457723982544, 3.1622776601683795
897, 76, 492, 147, 491, 148, 1, -1, -0.7853981633974483, 1.4142135623730951
897, 79, 160, 201, 158, 199, 2, 2, 0.7853981633974483, 2.8284271247461903
897, 80, 553, 176, 552, 175, 1, 1, 0.7853981633974483, 1.4142135623730951
897, 87, 193, 399, 193, 401, 0, -2, -1.5707963267948966, 2.0
897, 96, 388, 325, 387, 327, 1, -2, -1.1071487177940904, 2.23606797749979
898, 6, 572, 246, 571, 245, 1, 1, 0.7853981633974483, 1.4142135623730951
898, 10, 270, 362, 269, 363, 1, -1, -0.7853981633974483, 1.4142135623730951
898, 12, 359, 338, 358, 339, 1, -1, -0.7853981633974483, 1.4142135623730951
898, 22, 424, 296, 424, 298, 0, -2, -1.5707963267948966, 2.0
898, 28, 100, 238, 100, 240, 0, -2, -1.5707963267948966, 2.0
898, 29, 513, 129, 512, 130, 1, -1, -0.7853981633974483, 1.4142135623730951
898, 55, 394, 260, 394, 262, 0, -2, -1.5707963267948966, 2.0
898, 61, 345, 390, 344, 391, 1, -1, -0.7853981633974483, 1.4142135623730951
898, 65, 262, 332, 260, 333, 2, -1, -0.4636476090008061, 2.23606797749979
898, 68, 471, 157, 471, 159, 0, -2, -1.5707963267948966, 2.0
898, 73, 493, 146, 492, 147, 1, -1, -0.7853981633974483, 1.4142135623730951
898, 77, 551, 176, 553, 176, -2, 0, 3.141592653589793, 2.0
898, 83, 423, 200, 423, 202, 0, -2, -1.5707963267948966, 2.0
898, 84, 194, 398, 193, 399, 1, -1, -0.7853981633974483, 1.4142135623730951
898, 86, 73, 201, 72, 202, 1, -1, -0.7853981633974483, 1.4142135623730951
898, 96, 87, 401, 89, 401, -2, 0, 3.141592653589793, 2.0
899, 6, 573, 247, 572, 246, 1, 1, 0.7853981633974483, 1.4142135623730951
899, 29, 514, 130, 513, 129, 1, 1, 0.7853981633974483, 1.4142135623730951
899, 39, 101, 185, 100, 186, 1, -1, -0.7853981633974483, 1.4142135623730951
899, 55, 395, 259, 394, 260, 1, -1, -0.7853981633974483, 1.4142135623730951
899, 56, 189, 407, 188, 408, 1, -1, -0.7853981633974483, 1.4142135623730951
899, 61, 346, 389, 345, 390, 1, -1, -0.7853981633974483, 1.4142135623730951
899, 65, 264, 332, 262, 332, 2, 0, 0.0, 2.0
899, 68, 471, 155, 471, 157, 0, -2, -1.5707963267948966, 2.0
899, 70, 534, 213, 536, 213, -2, 0, 3.141592653589793, 2.0
899, 73, 494, 145, 493, 146, 1, -1, -0.7853981633974483, 1.4142135623730951
899, 77, 551, 174, 551, 176, 0, -2, -1.5707963267948966, 2.0
899, 79, 455, 235, 457, 235, -2, 0, 3.141592653589793, 2.0
899, 81, 196, 398, 194, 398, 2, 0, 0.0, 2.0
899, 89, 388, 322, 388, 324, 0, -2, -1.5707963267948966, 2.0
900, 9, 574, 248, 573, 246, 1, 2, 1.1071487177940904, 2.23606797749979
900, 18, 362, 347, 361, 348, 1, -1, -0.7853981633974483, 1.4142135623730951
900, 43, 329, 323, 328, 324, 1, -1, -0.7853981633974483, 1.4142135623730951
900, 52, 417, 153, 417, 155, 0, -2, -1.5707963267948966, 2.0
900, 55, 360, 336, 359, 338, 1, -2, -1.1071487177940904, 2.23606797749979
900, 61, 428, 256, 428, 258, 0, -2, -1.5707963267948966, 2.0
900, 65, 377, 278, 377, 280, 0, -2, -1.5707963267948966, 2.0
900, 75, 57, 221, 59, 223, -2, -2, -2.356194490192345, 2.8284271247461903
900, 79, 377, 367, 376, 368, 1, -1, -0.7853981633974483, 1.4142135623730951
900, 88, 146, 385, 145, 386, 1, -1, -0.7853981633974483, 1.4142135623730951
901, 8, 575, 250, 574, 248, 1, 2, 1.1071487177940904, 2.23606797749979
901, 26, 339, 331, 338, 332, 1, -1, -0.7853981633974483, 1.4142135623730951
901, 37, 331, 322, 329, 323, 2, -1, -0.4636476090008061, 2.23606797749979
901, 38, 190, 408, 189, 409, 1, -1, -0.7853981633974483, 1.4142135623730951
901, 45, 418, 150, 417, 153, 1, -3, -1.2490457723982544, 3.1622776601683795
901, 47, 216, 376, 215, 377, 1, -1, -0.7853981633974483, 1.4142135623730951
901, 50, 243, 331, 244, 333, -1, -2, -2.0344439357957027, 2.23606797749979
901, 57, 377, 275, 377, 278, 0, -3, -1.5707963267948966, 3.0
901, 70, 378, 365, 377, 367, 1, -2, -1.1071487177940904, 2.23606797749979
902, 6, 245, 372, 243, 373, 2, -1, -0.4636476090008061, 2.23606797749979
902, 7, 575, 252, 575, 250, 0, 2, 1.5707963267948966, 2.0
902, 14, 363, 345, 362, 346, 1, -1, -0.7853981633974483, 1.4142135623730951
902, 36, 333, 321, 331, 322, 2, -1, -0.4636476090008061, 2.23606797749979
902, 37, 191, 407, 190, 408, 1, -1, -0.7853981633974483, 1.4142135623730951
902, 43, 418, 148, 418, 150, 0, -2, -1.5707963267948966, 2.0
902, 50, 428, 253, 428, 255, 0, -2, -1.5707963267948966, 2.0
902, 54, 377, 272, 377, 275, 0, -3, -1.5707963267948966, 3.0
902, 61, 101, 187, 100, 188, 1, -1, -0.7853981633974483, 1.4142135623730951
902, 65, 378, 363, 378, 365, 0, -2, -1.5707963267948966, 2.0
903, 6, 247, 372, 245, 372, 2, 0, 0.0, 2.0
903, 7, 576, 253, 575, 252, 1, 1, 0.7853981633974483, 1.4142135623730951
903, 14, 364, 343, 363, 345, 1, -2, -1.1071487177940904, 2.23606797749979
903, 23, 341, 330, 340, 331, 1, -1, -0.7853981633974483, 1.4142135623730951
903, 33, 334, 320, 333, 321, 1, -1, -0.7853981633974483, 1.4142135623730951
903, 40, 420, 144, 418, 148, 2, -4, -1.1071487177940904, 4.47213595499958
903, 44, 291, 187, 292, 189, -1, -2, -2.0344439357957027, 2.23606797749979
903, 48, 516, 133, 514, 132, 2, 1, 0.4636476090008061, 2.23606797749979
903, 49, 377, 270, 377, 272, 0, -2, -1.5707963267948966, 2.0
903, 50, 459, 235, 459, 237, 0, -2, -1.5707963267948966, 2.0
903, 52, 429, 146, 428, 147, 1, -1, -0.7853981633974483, 1.4142135623730951
903, 66, 134, 182, 133, 183, 1, -1, -0.7853981633974483, 1.4142135623730951
904, 4, 59, 410, 58, 411, 1, -1, -0.7853981633974483, 1.4142135623730951
904, 14, 365, 342, 364, 343, 1, -1, -0.7853981633974483, 1.4142135623730951
904, 21, 273, 360, 272, 361, 1, -1, -0.7853981633974483, 1.4142135623730951
904, 23, 342, 329, 341, 330, 1, -1, -0.7853981633974483, 1.4142135623730951
904, 40, 421, 143, 420, 144, 1, -1, -0.7853981633974483, 1.4142135623730951
904, 43, 361, 332, 360, 333, 1, -1, -0.7853981633974483, 1.4142135623730951
904, 45, 429, 251, 428, 252, 1, -1, -0.7853981633974483, 1.4142135623730951
904, 48, 460, 234, 459, 235, 1, -1, -0.7853981633974483, 1.4142135623730951
904, 57, 379, 360, 378, 362, 1, -2, -1.1071487177940904, 2.23606797749979
905, 8, 541, 223, 539, 220, 2, 3, 0.982793723247329, 3.605551275463989
905, 13, 575, 253, 575, 251, 0, 2, 1.5707963267948966, 2.0
905, 24, 495, 152, 492, 153, 3, -1, -0.3217505543966422, 3.1622776601683795
905, 26, 368, 303, 368, 305, 0, -2, -1.5707963267948966, 2.0
905, 28, 87, 409, 85, 411, 2, -2, -0.7853981633974483, 2.8284271247461903
905, 31, 339, 331, 338, 332, 1, -1, -0.7853981633974483, 1.4142135623730951
905, 36, 365, 344, 364, 345, 1, -1, -0.7853981633974483, 1.4142135623730951
905, 40, 518, 133, 517, 132, 1, 1, 0.7853981633974483, 1.4142135623730951
905, 45, 193, 408, 192, 409, 1, -1, -0.7853981633974483, 1.4142135623730951
905, 50, 404, 247, 404, 249, 0, -2, -1.5707963267948966, 2.0
905, 53, 427, 254, 427, 256, 0, -2, -1.5707963267948966, 2.0
905, 58, 318, 397, 317, 398, 1, -1, -0.7853981633974483, 1.4142135623730951
905, 67, 361, 334, 360, 336, 1, -2, -1.1071487177940904, 2.23606797749979
905, 68, 85, 359, 83, 360, 2, -1, -0.4636476090008061, 2.23606797749979
905, 71, 465, 183, 466, 185, -1, -2, -2.0344439357957027, 2.23606797749979
905, 72, 431, 145, 430, 147, 1, -2, -1.1071487177940904, 2.23606797749979
905, 81, 392, 321, 391, 323, 1, -2, -1.1071487177940904, 2.23606797749979
905, 86, 503, 131, 502, 130, 1, 1, 0.7853981633974483, 1.4142135623730951
905, 87, 344, 393, 343, 394, 1, -1, -0.7853981633974483, 1.4142135623730951
906, 4, 430, 282, 430, 284, 0, -2, -1.5707963267948966, 2.0
906, 7, 543, 226, 541, 223, 2, 3, 0.982793723247329, 3.605551275463989
906, 25, 368, 301, 368, 303, 0, -2, -1.5707963267948966, 2.0
906, 29, 340, 330, 339, 331, 1, -1, -0.7853981633974483, 1.4142135623730951
906, 34, 366, 342, 365, 344, 1, -2, -1.1071487177940904, 2.23606797749979
906, 38, 520, 133, 518, 133, 2, 0, 0.0, 2.0
906, 41, 56, 217, 58, 217, -2, 0, 3.141592653589793, 2.0
906, 49, 512, 170, 512, 168, 0, 2, 1.5707963267948966, 2.0
906, 52, 319, 396, 318, 397, 1, -1, -0.7853981633974483, 1.4142135623730951
906, 71, 392, 319, 392, 321, 0, -2, -1.5707963267948966, 2.0
906, 72, 81, 380, 82, 382, -1, -2, -2.0344439357957027, 2.23606797749979
906, 74, 504, 133, 503, 131, 1, 2, 1.1071487177940904, 2.23606797749979
906, 75, 345, 392, 344, 393, 1, -1, -0.7853981633974483, 1.4142135623730951
907, 3, 429, 280, 430, 282, -1, -2, -2.0344439357957027, 2.23606797749979
907, 6, 544, 227, 543, 226, 1, 1, 0.7853981633974483, 1.4142135623730951
907, 11, 575, 256, 575, 254, 0, 2, 1.5707963267948966, 2.0
907, 21, 367, 299, 368, 301, -1, -2, -2.0344439357957027, 2.23606797749979
907, 27, 564, 195, 563, 194, 1, 1, 0.7853981633974483, 1.4142135623730951
907, 30, 367, 341, 366, 342, 1, -1, -0.7853981633974483, 1.4142135623730951
907, 33, 521, 134, 520, 133, 1, 1, 0.7853981633974483, 1.4142135623730951
907, 36, 54, 216, 56, 217, -2, -1, -2.677945044588987, 2.23606797749979
907, 47, 320, 395, 319, 396, 1, -1, -0.7853981633974483, 1.4142135623730951
907, 52, 362, 331, 361, 333, 1, -2, -1.1071487177940904, 2.23606797749979
907, 55, 432, 143, 431, 144, 1, -1, -0.7853981633974483, 1.4142135623730951
907, 63, 392, 317, 392, 319, 0, -2, -1.5707963267948966, 2.0
907, 66, 507, 135, 504, 133, 3, 2, 0.5880026035475675, 3.605551275463989
907, 67, 346, 391, 345, 392, 1, -1, -0.7853981633974483, 1.4142135623730951
908, 6, 545, 228, 544, 227, 1, 1, 0.7853981633974483, 1.4142135623730951
908, 11, 575, 258, 575, 256, 0, 2, 1.5707963267948966, 2.0
908, 23, 342, 329, 340, 330, 2, -1, -0.4636476090008061, 2.23606797749979
908, 27, 271, 369, 270, 370, 1, -1, -0.7853981633974483, 1.4142135623730951
908, 28, 368, 339, 367, 341, 1, -2, -1.1071487177940904, 2.23606797749979
908, 37, 403, 244, 403, 246, 0, -2, -1.5707963267948966, 2.0
908, 42, 101, 234, 103, 236, -2, -2, -2.356194490192345, 2.8284271247461903
908, 43, 321, 394, 320, 395, 1, -1, -0.7853981633974483, 1.4142135623730951
908, 47, 363, 329, 362, 331, 1, -2, -1.1071487177940904, 2.23606797749979
908, 56, 392, 315, 392, 317, 0, -2, -1.5707963267948966, 2.0
908, 59, 508, 137, 507, 135, 1, 2, 1.1071487177940904, 2.23606797749979
908, 60, 348, 391, 346, 391, 2, 0, 0.0, 2.0
909, 10, 575, 260, 575, 258, 0, 2, 1.5707963267948966, 2.0
909, 19, 88, 406, 87, 407, 1, -1, -0.7853981633974483, 1.4142135623730951
909, 21, 343, 328, 342, 329, 1, -1, -0.7853981633974483, 1.4142135623730951
909, 25, 369, 337, 368, 339, 1, -2, -1.1071487177940904, 2.23606797749979
909, 37, 168, 393, 167, 394, 1, -1, -0.7853981633974483, 1.4142135623730951
909, 43, 364, 326, 363, 329, 1, -3, -1.2490457723982544, 3.1622776601683795
909, 45, 433, 141, 432, 142, 1, -1, -0.7853981633974483, 1.4142135623730951
909, 55, 350, 391, 348, 391, 2, 0, 0.0, 2.0
910, 11, 580, 258, 577, 256, 3, 2, 0.5880026035475675, 3.605551275463989
910, 17, 363, 330, 363, 332, 0, -2, -1.5707963267948966, 2.0
910, 20, 568, 258, 567, 257, 1, 1, 0.7853981633974483, 1.4142135623730951
910, 27, 274, 372, 273, 373, 1, -1, -0.7853981633974483, 1.4142135623730951
910, 34, 369, 341, 368, 342, 1, -1, -0.7853981633974483, 1.4142135623730951
910, 37, 524, 136, 522, 135, 2, 1, 0.4636476090008061, 2.23606797749979
910, 42, 344, 330, 343, 331, 1, -1, -0.7853981633974483, 1.4142135623730951
910, 65, 528, 181, 527, 179, 1, 2, 1.1071487177940904, 2.23606797749979
910, 72, 20, 217, 19, 218, 1, -1, -0.7853981633974483, 1.4142135623730951
910, 78, 431, 251, 430, 254, 1, -3, -1.2490457723982544, 3.1622776601683795
911, 9, 580, 260, 580, 258, 0, 2, 1.5707963267948966, 2.0
911, 14, 364, 328, 363, 330, 1, -2, -1.1071487177940904, 2.23606797749979
911, 17, 569, 259, 568, 258, 1, 1, 0.7853981633974483, 1.4142135623730951
911, 28, 566, 202, 564, 200, 2, 2, 0.7853981633974483, 2.8284271247461903
911, 30, 412, 165, 412, 167, 0, -2, -1.5707963267948966, 2.0
911, 31, 370, 339, 369, 341, 1, -2, -1.1071487177940904, 2.23606797749979
911, 35, 542, 211, 539, 209, 3, 2, 0.5880026035475675, 3.605551275463989
911, 39, 345, 329, 344, 330, 1, -1, -0.7853981633974483, 1.4142135623730951
911, 53, 631, 328, 629, 328, 2, 0, 0.0, 2.0
911, 59, 465, 178, 465, 180, 0, -2, -1.5707963267948966, 2.0
911, 68, 324, 374, 323, 375, 1, -1, -0.7853981633974483, 1.4142135623730951
911, 69, 21, 216, 20, 217, 1, -1, -0.7853981633974483, 1.4142135623730951
911, 70, 424, 151, 425, 153, -1, -2, -2.0344439357957027, 2.23606797749979
911, 75, 541, 153, 539, 153, 2, 0, 0.0, 2.0
912, 9, 580, 262, 580, 260, 0, 2, 1.5707963267948966, 2.0
912, 14, 365, 327, 364, 328, 1, -1, -0.7853981633974483, 1.4142135623730951
912, 17, 570, 260, 569, 259, 1, 1, 0.7853981633974483, 1.4142135623730951
912, 27, 567, 203, 566, 202, 1, 1, 0.7853981633974483, 1.4142135623730951
912, 29, 411, 163, 412, 165, -1, -2, -2.0344439357957027, 2.23606797749979
912, 30, 371, 337, 370, 339, 1, -2, -1.1071487177940904, 2.23606797749979
912, 32, 526, 137, 525, 136, 1, 1, 0.7853981633974483, 1.4142135623730951
912, 33, 544, 213, 542, 211, 2, 2, 0.7853981633974483, 2.8284271247461903
912, 47, 453, 272, 453, 274, 0, -2, -1.5707963267948966, 2.0
912, 48, 632, 327, 631, 328, 1, -1, -0.7853981633974483, 1.4142135623730951
912, 54, 194, 356, 194, 358, 0, -2, -1.5707963267948966, 2.0
912, 55, 529, 184, 528, 182, 1, 2, 1.1071487177940904, 2.23606797749979
912, 61, 325, 373, 324, 374, 1, -1, -0.7853981633974483, 1.4142135623730951
912, 63, 424, 149, 424, 151, 0, -2, -1.5707963267948966, 2.0
912, 64, 92, 352, 91, 353, 1, -1, -0.7853981633974483, 1.4142135623730951
912, 66, 265, 337, 266, 336, -1, 1, 2.356194490192345, 1.4142135623730951
912, 68, 544, 154, 541, 153, 3, 1, 0.3217505543966422, 3.1622776601683795
913, 8, 579, 263, 580, 262, -1, 1, 2.356194490192345, 1.4142135623730951
913, 11, 249, 315, 250, 314, -1, 1, 2.356194490192345, 1.4142135623730951
913, 13, 366, 324, 365, 327, 1, -3, -1.2490457723982544, 3.1622776601683795
913, 15, 570, 262, 570, 260, 0, 2, 1.5707963267948966, 2.0
913, 25, 568, 204, 567, 203, 1, 1, 0.7853981633974483, 1.4142135623730951
913, 26, 275, 358, 274, 359, 1, -1, -0.7853981633974483, 1.4142135623730951
913, 27, 411, 161, 411, 163, 0, -2, -1.5707963267948966, 2.0
913, 28, 372, 336, 371, 337, 1, -1, -0.7853981633974483, 1.4142135623730951
913, 31, 546, 216, 544, 213, 2, 3, 0.982793723247329, 3.605551275463989
913, 34, 346, 327, 345, 329, 1, -2, -1.1071487177940904, 2.23606797749979
913, 42, 395, 314, 394, 316, 1, -2, -1.1071487177940904, 2.23606797749979
913, 46, 634, 325, 632, 327, 2, -2, -0.7853981633974483, 2.8284271247461903
913, 51, 196, 356, 194, 356, 2, 0, 0.0, 2.0
913, 59, 424, 147, 424, 149, 0, -2, -1.5707963267948966, 2.0
913, 60, 93, 351, 92, 352, 1, -1, -0.7853981633974483, 1.4142135623730951
913, 61, 434, 141, 433, 142, 1, -1, -0.7853981633974483, 1.4142135623730951
913, 63, 539, 156, 544, 154, -5, 2, 2.761086276477428, 5.385164807134504
914, 13, 367, 323, 366, 324, 1, -1, -0.7853981633974483, 1.4142135623730951
914, 27, 373, 334, 372, 336, 1, -2, -1.1071487177940904, 2.23606797749979
914, 29, 528, 138, 527, 137, 1, 1, 0.7853981633974483, 1.4142135623730951
914, 30, 549, 220, 546, 216, 3, 4, 0.9272952180016122, 5.0
914, 33, 347, 326, 346, 327, 1, -1, -0.7853981633974483, 1.4142135623730951
914, 40, 395, 311, 395, 314, 0, -3, -1.5707963267948966, 3.0
914, 44, 635, 323, 634, 325, 1, -2, -1.1071487177940904, 2.23606797749979
914, 50, 530, 187, 529, 185, 1, 2, 1.1071487177940904, 2.23606797749979
914, 52, 164, 204, 166, 204, -2, 0, 3.141592653589793, 2.0
914, 54, 22, 213, 21, 214, 1, -1, -0.7853981633974483, 1.4142135623730951
914, 59, 538, 153, 539, 156, -1, -3, -1.892546881191539, 3.1622776601683795
914, 62, 197, 409, 196, 410, 1, -1, -0.7853981633974483, 1.4142135623730951
915, 12, 426, 152, 425, 153, 1, -1, -0.7853981633974483, 1.4142135623730951
915, 15, 348, 330, 348, 332, 0, -2, -1.5707963267948966, 2.0
915, 17, 581, 264, 580, 262, 1, 2, 1.1071487177940904, 2.23606797749979
915, 19, 372, 335, 372, 337, 0, -2, -1.5707963267948966, 2.0
915, 39, 341, 324, 341, 326, 0, -2, -1.5707963267948966, 2.0
915, 40, 386, 313, 386, 315, 0, -2, -1.5707963267948966, 2.0
915, 49, 358, 387, 357, 388, 1, -1, -0.7853981633974483, 1.4142135623730951
915, 53, 391, 224, 390, 227, 1, -3, -1.2490457723982544, 3.1622776601683795
915, 61, 613, 300, 613, 298, 0, 2, 1.5707963267948966, 2.0
915, 66, 364, 298, 365, 300, -1, -2, -2.0344439357957027, 2.23606797749979
915, 67, 369, 326, 367, 328, 2, -2, -0.7853981633974483, 2.8284271247461903
915, 71, 571, 258, 570, 256, 1, 2, 1.1071487177940904, 2.23606797749979
916, 1, 234, 298, 232, 300, 2, -2, -0.7853981633974483, 2.8284271247461903
916, 11, 428, 151, 426, 152, 2, -1, -0.4636476090008061, 2.23606797749979
916, 14, 349, 329, 348, 330, 1, -1, -0.7853981633974483, 1.4142135623730951
916, 18, 372, 333, 372, 335, 0, -2, -1.5707963267948966, 2.0
916, 38, 342, 323, 341, 324, 1, -1, -0.7853981633974483, 1.4142135623730951
916, 39, 388, 311, 386, 313, 2, -2, -0.7853981633974483, 2.8284271247461903
916, 44, 46, 378, 45, 381, 1, -3, -1.2490457723982544, 3.1622776601683795
916, 46, 21, 218, 20, 219, 1, -1, -0.7853981633974483, 1.4142135623730951
916, 48, 359, 386, 358, 387, 1, -1, -0.7853981633974483, 1.4142135623730951
916, 50, 435, 140, 435, 142, 0, -2, -1.5707963267948966, 2.0
916, 51, 24, 299, 26, 300, -2, -1, -2.677945044588987, 2.23606797749979
916, 52, 392, 220, 391, 224, 1, -4, -1.3258176636680326, 4.123105625617661
916, 53, 203, 407, 202, 408, 1, -1, -0.7853981633974483, 1.4142135623730951
916, 58, 528, 140, 527, 139, 1, 1, 0.7853981633974483, 1.4142135623730951
916, 59, 613, 302, 613, 300, 0, 2, 1.5707963267948966, 2.0
916, 61, 237, 294, 238, 296, -1, -2, -2.0344439357957027, 2.23606797749979
916, 68, 572, 260, 571, 258, 1, 2, 1.1071487177940904, 2.23606797749979
916, 71, 396, 315, 396, 317, 0, -2, -1.5707963267948966, 2.0
917, 11, 430, 150, 428, 151, 2, -1, -0.4636476090008061, 2.23606797749979
917, 14, 350, 327, 349, 329, 1, -2, -1.1071487177940904, 2.23606797749979
917, 16, 582, 267, 581, 265, 1, 2, 1.1071487177940904, 2.23606797749979
917, 18, 373, 331, 372, 333, 1, -2, -1.1071487177940904, 2.23606797749979
917, 37, 389, 308, 388, 311, 1, -3, -1.2490457723982544, 3.1622776601683795
917, 41, 22, 217, 21, 218, 1, -1, -0.7853981633974483, 1.4142135623730951
917, 43, 360, 385, 359, 386, 1, -1, -0.7853981633974483, 1.4142135623730951
917, 47, 392, 217, 392, 220, 0, -3, -1.5707963267948966, 3.0
917, 51, 530, 141, 528, 140, 2, 1, 0.4636476090008061, 2.23606797749979
917, 52, 612, 304, 613, 302, -1, 2, 2.0344439357957027, 2.23606797749979
917, 56, 370, 323, 369, 325, 1, -2, -1.1071487177940904, 2.23606797749979
917, 57, 146, 408, 145, 409, 1, -1, -0.7853981633974483, 1.4142135623730951
917, 60, 573, 262, 572, 260, 1, 2, 1.1071487177940904, 2.23606797749979
917, 62, 396, 313, 396, 315, 0, -2, -1.5707963267948966, 2.0
918, 3, 269, 274, 271, 275, -2, -1, -2.677945044588987, 2.23606797749979
918, 6, 63, 409, 64, 412, -1, -3, -1.892546881191539, 3.1622776601683795
918, 10, 431, 148, 430, 150, 1, -2, -1.1071487177940904, 2.23606797749979
918, 13, 351, 325, 350, 327, 1, -2, -1.1071487177940904, 2.23606797749979
918, 14, 583, 268, 582, 267, 1, 1, 0.7853981633974483, 1.4142135623730951
918, 16, 373, 329, 373, 331, 0, -2, -1.5707963267948966, 2.0
918, 23, 251, 314, 250, 316, 1, -2, -1.1071487177940904, 2.23606797749979
918, 30, 343, 321, 342, 322, 1, -1, -0.7853981633974483, 1.4142135623730951
918, 31, 390, 306, 389, 308, 1, -2, -1.1071487177940904, 2.23606797749979
918, 37, 361, 384, 360, 385, 1, -1, -0.7853981633974483, 1.4142135623730951
918, 39, 436, 137, 435, 139, 1, -2, -1.1071487177940904, 2.23606797749979
918, 41, 393, 213, 392, 217, 1, -4, -1.3258176636680326, 4.123105625617661
918, 44, 62, 401, 64, 402, -2, -1, -2.677945044588987, 2.23606797749979
918, 45, 531, 142, 530, 141, 1, 1, 0.7853981633974483, 1.4142135623730951
918, 54, 396, 311, 396, 313, 0, -2, -1.5707963267948966, 2.0
919, 9, 432, 146, 431, 148, 1, -2, -1.1071487177940904, 2.23606797749979
919, 11, 351, 323, 351, 325, 0, -2, -1.5707963267948966, 2.0
919, 14, 373, 327, 373, 329, 0, -2, -1.5707963267948966, 2.0
919, 28, 391, 303, 390, 306, 1, -3, -1.2490457723982544, 3.1622776601683795
919, 36, 436, 135, 436, 137, 0, -2, -1.5707963267948966, 2.0
919, 38, 394, 208, 393, 213, 1, -5, -1.373400766945016, 5.0990195135927845
919, 41, 60, 401, 62, 401, -2, 0, 3.141592653589793, 2.0
919, 42, 532, 143, 531, 142, 1, 1, 0.7853981633974483, 1.4142135623730951
919, 43, 611, 306, 612, 305, -1, 1, 2.356194490192345, 1.4142135623730951
919, 46, 147, 407, 146, 408, 1, -1, -0.7853981633974483, 1.4142135623730951
919, 49, 573, 265, 573, 263, 0, 2, 1.5707963267948966, 2.0
920, 19, 375, 332, 374, 334, 1, -2, -1.1071487177940904, 2.23606797749979
920, 24, 351, 324, 350, 326, 1, -2, -1.1071487177940904, 2.23606797749979
920, 27, 584, 268, 583, 267, 1, 1, 0.7853981633974483, 1.4142135623730951
920, 35, 362, 384, 361, 385, 1, -1, -0.7853981633974483, 1.4142135623730951
920, 39, 261, 252, 261, 250, 0, 2, 1.5707963267948966, 2.0
920, 46, 436, 147, 435, 149, 1, -2, -1.1071487177940904, 2.23606797749979
920, 50, 274, 362, 273, 364, 1, -2, -1.1071487177940904, 2.23606797749979
920, 51, 427, 282, 427, 284, 0, -2, -1.5707963267948966, 2.0
920, 62, 613, 304, 614, 303, -1, 1, 2.356194490192345, 1.4142135623730951
920, 69, 270, 342, 269, 343, 1, -1, -0.7853981633974483, 1.4142135623730951
920, 73, 397, 314, 397, 316, 0, -2, -1.5707963267948966, 2.0
921, 17, 376, 330, 375, 332, 1, -2, -1.1071487177940904, 2.23606797749979
921, 24, 585, 270, 584, 268, 1, 2, 1.1071487177940904, 2.23606797749979
921, 32, 533, 143, 532, 142, 1, 1, 0.7853981633974483, 1.4142135623730951
921, 36, 182, 395, 183, 394, -1, 1, 2.356194490192345, 1.4142135623730951
921, 43, 275, 361, 274, 362, 1, -1, -0.7853981633974483, 1.4142135623730951
921, 47, 573, 209, 572, 208, 1, 1, 0.7853981633974483, 1.4142135623730951
921, 53, 148, 409, 147, 410, 1, -1, -0.7853981633974483, 1.4142135623730951
921, 54, 612, 305, 613, 304, -1, 1, 2.356194490192345, 1.4142135623730951
921, 55, 465, 174, 466, 176, -1, -2, -2.0344439357957027, 2.23606797749979
921, 58, 371, 322, 370, 324, 1, -2, -1.1071487177940904, 2.23606797749979
921, 59, 271, 341, 270, 342, 1, -1, -0.7853981633974483, 1.4142135623730951
921, 63, 398, 312, 397, 314, 1, -2, -1.1071487177940904, 2.23606797749979
922, 13, 55, 348, 55, 350, 0, -2, -1.5707963267948966, 2.0
922, 16, 377, 328, 376, 330, 1, -2, -1.1071487177940904, 2.23606797749979
922, 20, 352, 321, 351, 323, 1, -2, -1.1071487177940904, 2.23606797749979
922, 23, 585, 272, 585, 270, 0, 2, 1.5707963267948966, 2.0
922, 41, 325, 370, 324, 371, 1, -1, -0.7853981633974483, 1.4142135623730951
922, 42, 276, 360, 275, 361, 1, -1, -0.7853981633974483, 1.4142135623730951
922, 43, 426, 279, 427, 281, -1, -2, -2.0344439357957027, 2.23606797749979
922, 46, 573, 211, 573, 209, 0, 2, 1.5707963267948966, 2.0
922, 54, 465, 172, 465, 174, 0, -2, -1.5707963267948966, 2.0
922, 60, 398, 310, 398, 312, 0, -2, -1.5707963267948966, 2.0
923, 7, 350, 314, 350, 316, 0, -2, -1.5707963267948966, 2.0
923, 14, 87, 410, 86, 411, 1, -1, -0.7853981633974483, 1.4142135623730951
923, 16, 378, 326, 377, 328, 1, -2, -1.1071487177940904, 2.23606797749979
923, 20, 352, 319, 352, 321, 0, -2, -1.5707963267948966, 2.0
923, 25, 252, 316, 253, 315, -1, 1, 2.356194490192345, 1.4142135623730951
923, 29, 363, 381, 362, 382, 1, -1, -0.7853981633974483, 1.4142135623730951
923, 30, 535, 144, 534, 143, 1, 1, 0.7853981633974483, 1.4142135623730951
923, 40, 426, 277, 426, 279, 0, -2, -1.5707963267948966, 2.0
923, 43, 574, 214, 573, 211, 1, 3, 1.2490457723982544, 3.1622776601683795
923, 45, 433, 246, 433, 248, 0, -2, -1.5707963267948966, 2.0
923, 49, 149, 408, 148, 409, 1, -1, -0.7853981633974483, 1.4142135623730951
923, 51, 463, 170, 465, 172, -2, -2, -2.356194490192345, 2.8284271247461903
923, 53, 372, 320, 371, 322, 1, -2, -1.1071487177940904, 2.23606797749979
923, 54, 271, 340, 270, 341, 1, -1, -0.7853981633974483, 1.4142135623730951
923, 57, 398, 308, 398, 310, 0, -2, -1.5707963267948966, 2.0
924, 13, 379, 324, 378, 326, 1, -2, -1.1071487177940904, 2.23606797749979
924, 16, 352, 317, 352, 319, 0, -2, -1.5707963267948966, 2.0
924, 19, 586, 275, 585, 273, 1, 2, 1.1071487177940904, 2.23606797749979
924, 26, 537, 145, 535, 144, 2, 1, 0.4636476090008061, 2.23606797749979
924, 36, 427, 275, 426, 277, 1, -2, -1.1071487177940904, 2.23606797749979
924, 39, 574, 216, 574, 214, 0, 2, 1.5707963267948966, 2.0
924, 45, 150, 407, 149, 408, 1, -1, -0.7853981633974483, 1.4142135623730951
924, 46, 611, 307, 612, 305, -1, 2, 2.0344439357957027, 2.23606797749979
925, 12, 430, 286, 429, 287, 1, -1, -0.7853981633974483, 1.4142135623730951
925, 16, 355, 323, 354, 324, 1, -1, -0.7853981633974483, 1.4142135623730951
925, 23, 379, 328, 378, 329, 1, -1, -0.7853981633974483, 1.4142135623730951
925, 27, 538, 146, 536, 145, 2, 1, 0.4636476090008061, 2.23606797749979
925, 34, 368, 297, 367, 299, 1, -2, -1.1071487177940904, 2.23606797749979
925, 39, 264, 213, 266, 213, -2, 0, 3.141592653589793, 2.0
925, 54, 398, 311, 399, 313, -1, -2, -2.0344439357957027, 2.23606797749979
925, 56, 142, 188, 141, 189, 1, -1, -0.7853981633974483, 1.4142135623730951
925, 60, 366, 384, 365, 385, 1, -1, -0.7853981633974483, 1.4142135623730951
925, 64, 557, 175, 556, 173, 1, 2, 1.1071487177940904, 2.23606797749979
925, 66, 371, 285, 371, 287, 0, -2, -1.5707963267948966, 2.0
925, 67, 486, 149, 485, 150, 1, -1, -0.7853981633974483, 1.4142135623730951
925, 70, 400, 250, 399, 252, 1, -2, -1.1071487177940904, 2.23606797749979
925, 72, 358, 383, 357, 384, 1, -1, -0.7853981633974483, 1.4142135623730951
925, 77, 82, 193, 81, 194, 1, -1, -0.7853981633974483, 1.4142135623730951
926, 11, 431, 285, 430, 286, 1, -1, -0.7853981633974483, 1.4142135623730951
926, 15, 355, 321, 355, 323, 0, -2, -1.5707963267948966, 2.0
926, 21, 380, 326, 379, 328, 1, -2, -1.1071487177940904, 2.23606797749979
926, 22, 178, 396, 177, 397, 1, -1, -0.7853981633974483, 1.4142135623730951
926, 25, 540, 148, 538, 146, 2, 2, 0.7853981633974483, 2.8284271247461903
926, 29, 575, 268, 574, 267, 1, 1, 0.7853981633974483, 1.4142135623730951
926, 31, 369, 296, 368, 297, 1, -1, -0.7853981633974483, 1.4142135623730951
926, 36, 263, 214, 264, 213, -1, 1, 2.356194490192345, 1.4142135623730951
926, 48, 398, 309, 398, 311, 0, -2, -1.5707963267948966, 2.0
926, 49, 553, 239, 554, 238, -1, 1, 2.356194490192345, 1.4142135623730951
926, 50, 143, 187, 142, 188, 1, -1, -0.7853981633974483, 1.4142135623730951
926, 52, 577, 215, 576, 214, 1, 1, 0.7853981633974483, 1.4142135623730951
926, 58, 558, 176, 557, 175, 1, 1, 0.7853981633974483, 1.4142135623730951
926, 61, 487, 148, 486, 149, 1, -1, -0.7853981633974483, 1.4142135623730951
926, 63, 311, 359, 310, 360, 1, -1, -0.7853981633974483, 1.4142135623730951
926, 65, 77, 228, 76, 229, 1, -1, -0.7853981633974483, 1.4142135623730951
926, 71, 83, 192, 82, 193, 1, -1, -0.7853981633974483, 1.4142135623730951
927, 11, 432, 283, 431, 285, 1, -2, -1.1071487177940904, 2.23606797749979
927, 14, 356, 319, 355, 321, 1, -2, -1.1071487177940904, 2.23606797749979
927, 20, 380, 324, 380, 326, 0, -2, -1.5707963267948966, 2.0
927, 24, 542, 149, 540, 148, 2, 1, 0.4636476090008061, 2.23606797749979
927, 27, 575, 270, 575, 268, 0, 2, 1.5707963267948966, 2.0
927, 29, 370, 294, 369, 296, 1, -2, -1.1071487177940904, 2.23606797749979
927, 44, 399, 307, 398, 309, 1, -2, -1.1071487177940904, 2.23606797749979
927, 45, 551, 239, 553, 239, -2, 0, 3.141592653589793, 2.0
927, 50, 367, 382, 366, 383, 1, -1, -0.7853981633974483, 1.4142135623730951
927, 54, 557, 177, 558, 176, -1, 1, 2.356194490192345, 1.4142135623730951
927, 56, 370, 282, 371, 284, -1, -2, -2.0344439357957027, 2.23606797749979
927, 57, 488, 147, 487, 148, 1, -1, -0.7853981633974483, 1.4142135623730951
927, 60, 401, 249, 400, 250, 1, -1, -0.7853981633974483, 1.4142135623730951
927, 61, 78, 229, 77, 228, 1, 1, 0.7853981633974483, 1.4142135623730951
927, 63, 301, 381, 300, 382, 1, -1, -0.7853981633974483, 1.4142135623730951
928, 2, 280, 324, 279, 325, 1, -1, -0.7853981633974483, 1.4142135623730951
928, 3, 186, 341, 186, 339, 0, 2, 1.5707963267948966, 2.0
928, 11, 282, 359, 281, 360, 1, -1, -0.7853981633974483, 1.4142135623730951
928, 12, 357, 317, 356, 319, 1, -2, -1.1071487177940904, 2.23606797749979
928, 17, 381, 322, 380, 324, 1, -2, -1.1071487177940904, 2.23606797749979
928, 19, 585, 277, 585, 275, 0, 2, 1.5707963267948966, 2.0
928, 21, 543, 150, 542, 149, 1, 1, 0.7853981633974483, 1.4142135623730951
928, 24, 576, 272, 575, 270, 1, 2, 1.1071487177940904, 2.23606797749979
928, 26, 371, 292, 370, 294, 1, -2, -1.1071487177940904, 2.23606797749979
928, 41, 399, 305, 399, 307, 0, -2, -1.5707963267948966, 2.0
928, 42, 550, 240, 551, 239, -1, 1, 2.356194490192345, 1.4142135623730951
928, 45, 578, 216, 577, 215, 1, 1, 0.7853981633974483, 1.4142135623730951
928, 47, 368, 381, 367, 382, 1, -1, -0.7853981633974483, 1.4142135623730951
928, 51, 557, 179, 557, 177, 0, 2, 1.5707963267948966, 2.0
928, 52, 371, 280, 370, 282, 1, -2, -1.1071487177940904, 2.23606797749979
928, 55, 312, 358, 311, 359, 1, -1, -0.7853981633974483, 1.4142135623730951
928, 56, 402, 248, 401, 249, 1, -1, -0.7853981633974483, 1.4142135623730951
928, 59, 302, 380, 301, 381, 1, -1, -0.7853981633974483, 1.4142135623730951
929, 8, 432, 280, 432, 282, 0, -2, -1.5707963267948966, 2.0
929, 10, 283, 358, 282, 359, 1, -1, -0.7853981633974483, 1.4142135623730951
929, 11, 357, 315, 357, 317, 0, -2, -1.5707963267948966, 2.0
929, 16, 382, 320, 381, 322, 1, -2, -1.1071487177940904, 2.23606797749979
929, 23, 577, 273, 576, 272, 1, 1, 0.7853981633974483, 1.4142135623730951
929, 25, 372, 290, 371, 292, 1, -2, -1.1071487177940904, 2.23606797749979
929, 40, 399, 303, 399, 305, 0, -2, -1.5707963267948966, 2.0
929, 46, 369, 380, 368, 381, 1, -1, -0.7853981633974483, 1.4142135623730951
929, 49, 556, 180, 557, 179, -1, 1, 2.356194490192345, 1.4142135623730951
929, 51, 489, 145, 488, 146, 1, -1, -0.7853981633974483, 1.4142135623730951
929, 54, 402, 246, 402, 248, 0, -2, -1.5707963267948966, 2.0
929, 56, 360, 381, 359, 382, 1, -1, -0.7853981633974483, 1.4142135623730951
929, 61, 83, 188, 83, 190, 0, -2, -1.5707963267948966, 2.0
930, 2, 234, 301, 235, 300, -1, 1, 2.356194490192345, 1.4142135623730951
930, 16, 382, 323, 381, 325, 1, -2, -1.1071487177940904, 2.23606797749979
930, 27, 429, 137, 428, 139, 1, -2, -1.1071487177940904, 2.23606797749979
930, 29, 379, 315, 379, 317, 0, -2, -1.5707963267948966, 2.0
930, 33, 255, 375, 254, 376, 1, -1, -0.7853981633974483, 1.4142135623730951
930, 40, 441, 133, 440, 134, 1, -1, -0.7853981633974483, 1.4142135623730951
930, 44, 549, 236, 548, 233, 1, 3, 1.2490457723982544, 3.1622776601683795
930, 67, 541, 151, 540, 150, 1, 1, 0.7853981633974483, 1.4142135623730951
930, 74, 544, 200, 542, 198, 2, 2, 0.7853981633974483, 2.8284271247461903
930, 76, 356, 311, 355, 313, 1, -2, -1.1071487177940904, 2.23606797749979
930, 83, 207, 361, 209, 361, -2, 0, 3.141592653589793, 2.0
930, 84, 490, 147, 488, 148, 2, -1, -0.4636476090008061, 2.23606797749979
930, 86, 333, 386, 332, 387, 1, -1, -0.7853981633974483, 1.4142135623730951
930, 87, 15, 356, 17, 357, -2, -1, -2.677945044588987, 2.23606797749979
930, 89, 511, 166, 512, 164, -1, 2, 2.0344439357957027, 2.23606797749979
930, 92, 391, 305, 391, 307, 0, -2, -1.5707963267948966, 2.0
930, 94, 336, 372, 335, 373, 1, -1, -0.7853981633974483, 1.4142135623730951
930, 102, 401, 305, 401, 307, 0, -2, -1.5707963267948966, 2.0
931, 12, 357, 318, 356, 320, 1, -2, -1.1071487177940904, 2.23606797749979
931, 15, 383, 321, 382, 323, 1, -2, -1.1071487177940904, 2.23606797749979
931, 19, 587, 280, 587, 278, 0, 2, 1.5707963267948966, 2.0
931, 24, 430, 135, 429, 137, 1, -2, -1.1071487177940904, 2.23606797749979
931, 36, 578, 274, 577, 272, 1, 2, 1.1071487177940904, 2.23606797749979
931, 39, 550, 237, 549, 236, 1, 1, 0.7853981633974483, 1.4142135623730951
931, 44, 467, 227, 468, 229, -1, -2, -2.0344439357957027, 2.23606797749979
931, 55, 579, 224, 578, 222, 1, 2, 1.1071487177940904, 2.23606797749979
931, 58, 91, 196, 93, 198, -2, -2, -2.356194490192345, 2.8284271247461903
931, 61, 228, 317, 227, 318, 1, -1, -0.7853981633974483, 1.4142135623730951
931, 69, 356, 309, 356, 311, 0, -2, -1.5707963267948966, 2.0
931, 77, 336, 386, 333, 386, 3, 0, 0.0, 3.0
931, 80, 511, 169, 511, 166, 0, 3, 1.5707963267948966, 3.0
931, 83, 392, 303, 391, 305, 1, -2, -1.1071487177940904, 2.23606797749979
931, 85, 337, 371, 336, 372, 1, -1, -0.7853981633974483, 1.4142135623730951
931, 86, 466, 168, 466, 171, 0, -3, -1.5707963267948966, 3.0
931, 92, 401, 303, 401, 305, 0, -2, -1.5707963267948966, 2.0
931, 93, 512, 160, 512, 158, 0, 2, 1.5707963267948966, 2.0
932, 2, 235, 302, 234, 301, 1, 1, 0.7853981633974483, 1.4142135623730951
932, 12, 358, 316, 357, 318, 1, -2, -1.1071487177940904, 2.23606797749979
932, 15, 384, 319, 383, 321, 1, -2, -1.1071487177940904, 2.23606797749979
932, 19, 588, 281, 587, 280, 1, 1, 0.7853981633974483, 1.4142135623730951
932, 24, 431, 133, 430, 135, 1, -2, -1.1071487177940904, 2.23606797749979
932, 30, 271, 225, 270, 223, 1, 2, 1.1071487177940904, 2.23606797749979
932, 35, 442, 131, 441, 132, 1, -1, -0.7853981633974483, 1.4142135623730951
932, 36, 578, 276, 578, 274, 0, 2, 1.5707963267948966, 2.0
932, 39, 211, 403, 210, 404, 1, -1, -0.7853981633974483, 1.4142135623730951
932, 43, 466, 223, 467, 227, -1, -4, -1.8157749899217608, 4.123105625617661
932, 47, 182, 235, 181, 236, 1, -1, -0.7853981633974483, 1.4142135623730951
932, 54, 580, 225, 579, 224, 1, 1, 0.7853981633974483, 1.4142135623730951
932, 58, 53, 217, 50, 217, 3, 0, 0.0, 3.0
932, 59, 543, 152, 542, 151, 1, 1, 0.7853981633974483, 1.4142135623730951
932, 64, 466, 201, 466, 203, 0, -2, -1.5707963267948966, 2.0
932, 66, 545, 202, 544, 200, 1, 2, 1.1071487177940904, 2.23606797749979
932, 71, 475, 120, 474, 122, 1, -2, -1.1071487177940904, 2.23606797749979
932, 73, 491, 145, 490, 146, 1, -1, -0.7853981633974483, 1.4142135623730951
932, 75, 338, 387, 336, 386, 2, 1, 0.4636476090008061, 2.23606797749979
932, 78, 511, 171, 511, 169, 0, 2, 1.5707963267948966, 2.0
932, 83, 338, 370, 337, 371, 1, -1, -0.7853981633974483, 1.4142135623730951
932, 90, 401, 301, 401, 303, 0, -2, -1.5707963267948966, 2.0
933, 12, 358, 314, 358, 316, 0, -2, -1.5707963267948966, 2.0
933, 15, 385, 317, 384, 319, 1, -2, -1.1071487177940904, 2.23606797749979
933, 23, 432, 131, 431, 133, 1, -2, -1.1071487177940904, 2.23606797749979
933, 30, 270, 343, 269, 344, 1, -1, -0.7853981633974483, 1.4142135623730951
933, 34, 443, 130, 442, 131, 1, -1, -0.7853981633974483, 1.4142135623730951
933, 52, 581, 226, 580, 225, 1, 1, 0.7853981633974483, 1.4142135623730951
933, 56, 544, 154, 543, 152, 1, 2, 1.1071487177940904, 2.23606797749979
933, 62, 547, 203, 545, 202, 2, 1, 0.4636476090008061, 2.23606797749979
933, 69, 492, 144, 491, 145, 1, -1, -0.7853981633974483, 1.4142135623730951
933, 73, 510, 173, 511, 171, -1, 2, 2.0344439357957027, 2.23606797749979
933, 77, 395, 297, 394, 299, 1, -2, -1.1071487177940904, 2.23606797749979
933, 79, 466, 165, 466, 167, 0, -2, -1.5707963267948966, 2.0
933, 84, 511, 161, 512, 160, -1, 1, 2.356194490192345, 1.4142135623730951
934, 8, 359, 312, 358, 314, 1, -2, -1.1071487177940904, 2.23606797749979
934, 11, 384, 314, 385, 317, -1, -3, -1.892546881191539, 3.1622776601683795
934, 12, 66, 410, 65, 411, 1, -1, -0.7853981633974483, 1.4142135623730951
934, 14, 589, 283, 588, 282, 1, 1, 0.7853981633974483, 1.4142135623730951
934, 18, 285, 358, 284, 359, 1, -1, -0.7853981633974483, 1.4142135623730951
934, 33, 212, 401, 211, 402, 1, -1, -0.7853981633974483, 1.4142135623730951
934, 50, 545, 155, 544, 154, 1, 1, 0.7853981633974483, 1.4142135623730951
934, 56, 548, 205, 547, 203, 1, 2, 1.1071487177940904, 2.23606797749979
934, 59, 476, 118, 475, 119, 1, -1, -0.7853981633974483, 1.4142135623730951
934, 61, 494, 143, 492, 144, 2, -1, -0.4636476090008061, 2.23606797749979
934, 63, 340, 387, 338, 387, 2, 0, 0.0, 2.0
934, 65, 510, 176, 510, 173, 0, 3, 1.5707963267948966, 3.0
934, 68, 395, 295, 395, 297, 0, -2, -1.5707963267948966, 2.0
934, 69, 340, 369, 339, 370, 1, -1, -0.7853981633974483, 1.4142135623730951
935, 9, 557, 250, 556, 248, 1, 2, 1.1071487177940904, 2.23606797749979
935, 18, 439, 268, 438, 270, 1, -2, -1.1071487177940904, 2.23606797749979
935, 20, 359, 317, 359, 319, 0, -2, -1.5707963267948966, 2.0
935, 34, 380, 313, 380, 315, 0, -2, -1.5707963267948966, 2.0
935, 37, 546, 154, 545, 153, 1, 1, 0.7853981633974483, 1.4142135623730951
935, 38, 512, 165, 512, 162, 0, 3, 1.5707963267948966, 3.0
935, 42, 274, 337, 273, 338, 1, -1, -0.7853981633974483, 1.4142135623730951
935, 48, 386, 319, 385, 321, 1, -2, -1.1071487177940904, 2.23606797749979
935, 51, 369, 382, 369, 384, 0, -2, -1.5707963267948966, 2.0
935, 52, 459, 267, 458, 269, 1, -2, -1.1071487177940904, 2.23606797749979
935, 55, 179, 393, 178, 394, 1, -1, -0.7853981633974483, 1.4142135623730951
935, 59, 88, 356, 90, 356, -2, 0, 3.141592653589793, 2.0
935, 63, 445, 132, 444, 133, 1, -1, -0.7853981633974483, 1.4142135623730951
935, 64, 340, 371, 339, 372, 1, -1, -0.7853981633974483, 1.4142135623730951
936, 7, 558, 251, 557, 250, 1, 1, 0.7853981633974483, 1.4142135623730951
936, 14, 590, 283, 589, 282, 1, 1, 0.7853981633974483, 1.4142135623730951
936, 18, 360, 315, 359, 317, 1, -2, -1.1071487177940904, 2.23606797749979
936, 32, 547, 155, 546, 154, 1, 1, 0.7853981633974483, 1.4142135623730951
936, 36, 275, 336, 274, 337, 1, -1, -0.7853981633974483, 1.4142135623730951
936, 41, 387, 317, 386, 319, 1, -2, -1.1071487177940904, 2.23606797749979
936, 44, 370, 381, 369, 382, 1, -1, -0.7853981633974483, 1.4142135623730951
936, 45, 459, 264, 459, 267, 0, -3, -1.5707963267948966, 3.0
936, 52, 86, 356, 88, 356, -2, 0, 3.141592653589793, 2.0
936, 53, 533, 152, 531, 150, 2, 2, 0.7853981633974483, 2.8284271247461903
936, 55, 320, 352, 319, 353, 1, -1, -0.7853981633974483, 1.4142135623730951
936, 56, 446, 131, 445, 132, 1, -1, -0.7853981633974483, 1.4142135623730951
936, 57, 341, 370, 340, 371, 1, -1, -0.7853981633974483, 1.4142135623730951
936, 58, 422, 179, 422, 181, 0, -2, -1.5707963267948966, 2.0
937, 13, 439, 265, 439, 267, 0, -2, -1.5707963267948966, 2.0
937, 15, 361, 313, 360, 315, 1, -2, -1.1071487177940904, 2.23606797749979
937, 20, 274, 344, 273, 345, 1, -1, -0.7853981633974483, 1.4142135623730951
937, 21, 228, 374, 227, 375, 1, -1, -0.7853981633974483, 1.4142135623730951
937, 27, 264, 379, 263, 380, 1, -1, -0.7853981633974483, 1.4142135623730951
937, 28, 548, 157, 547, 155, 1, 2, 1.1071487177940904, 2.23606797749979
937, 33, 93, 409, 92, 410, 1, -1, -0.7853981633974483, 1.4142135623730951
937, 37, 387, 315, 387, 317, 0, -2, -1.5707963267948966, 2.0
937, 40, 371, 380, 370, 381, 1, -1, -0.7853981633974483, 1.4142135623730951
937, 41, 460, 262, 459, 264, 1, -2, -1.1071487177940904, 2.23606797749979
937, 42, 274, 192, 276, 191, -2, 1, 2.677945044588987, 2.23606797749979
937, 47, 83, 357, 86, 356, -3, 1, 2.819842099193151, 3.1622776601683795
937, 48, 534, 151, 533, 152, 1, -1, -0.7853981633974483, 1.4142135623730951
937, 52, 342, 369, 341, 370, 1, -1, -0.7853981633974483, 1.4142135623730951
938, 1, 311, 228, 310, 229, 1, -1, -0.7853981633974483, 1.4142135623730951
938, 4, 187, 336, 187, 339, 0, -3, -1.5707963267948966, 3.0
938, 5, 560, 252, 559, 251, 1, 1, 0.7853981633974483, 1.4142135623730951
938, 7, 214, 255, 215, 254, -1, 1, 2.356194490192345, 1.4142135623730951
938, 10, 591, 285, 590, 284, 1, 1, 0.7853981633974483, 1.4142135623730951
938, 13, 361, 311, 361, 313, 0, -2, -1.5707963267948966, 2.0
938, 23, 381, 309, 380, 311, 1, -2, -1.1071487177940904, 2.23606797749979
938, 25, 549, 158, 548, 157, 1, 1, 0.7853981633974483, 1.4142135623730951
938, 28, 278, 336, 276, 336, 2, 0, 0.0, 2.0
938, 33, 388, 313, 387, 315, 1, -2, -1.1071487177940904, 2.23606797749979
938, 36, 372, 378, 371, 380, 1, -2, -1.1071487177940904, 2.23606797749979
938, 37, 460, 260, 460, 262, 0, -2, -1.5707963267948966, 2.0
938, 45, 447, 129, 446, 130, 1, -1, -0.7853981633974483, 1.4142135623730951
938, 46, 343, 368, 342, 369, 1, -1, -0.7853981633974483, 1.4142135623730951
938, 47, 586, 321, 588, 322, -2, -1, -2.677945044588987, 2.23606797749979
939, 8, 68, 408, 67, 409, 1, -1, -0.7853981633974483, 1.4142135623730951
939, 9, 592, 286, 591, 285, 1, 1, 0.7853981633974483, 1.4142135623730951
939, 11, 361, 308, 361, 311, 0, -3, -1.5707963267948966, 3.0
939, 20, 382, 307, 381, 309, 1, -2, -1.1071487177940904, 2.23606797749979
939, 21, 264, 376, 264, 378, 0, -2, -1.5707963267948966, 2.0
939, 22, 550, 159, 549, 158, 1, 1, 0.7853981633974483, 1.4142135623730951
939, 26, 94, 408, 93, 409, 1, -1, -0.7853981633974483, 1.4142135623730951
939, 29, 389, 311, 388, 313, 1, -2, -1.1071487177940904, 2.23606797749979
939, 31, 373, 376, 372, 378, 1, -2, -1.1071487177940904, 2.23606797749979
939, 32, 460, 258, 460, 260, 0, -2, -1.5707963267948966, 2.0
939, 34, 180, 390, 179, 392, 1, -2, -1.1071487177940904, 2.23606797749979
939, 37, 321, 349, 320, 350, 1, -1, -0.7853981633974483, 1.4142135623730951
939, 38, 448, 128, 447, 129, 1, -1, -0.7853981633974483, 1.4142135623730951
939, 39, 344, 367, 343, 368, 1, -1, -0.7853981633974483, 1.4142135623730951
939, 41, 208, 385, 207, 386, 1, -1, -0.7853981633974483, 1.4142135623730951
940, 16, 362, 313, 361, 315, 1, -2, -1.1071487177940904, 2.23606797749979
940, 19, 380, 272, 380, 274, 0, -2, -1.5707963267948966, 2.0
940, 24, 593, 287, 592, 286, 1, 1, 0.7853981633974483, 1.4142135623730951
940, 25, 550, 158, 549, 157, 1, 1, 0.7853981633974483, 1.4142135623730951
940, 26, 388, 318, 388, 320, 0, -2, -1.5707963267948966, 2.0
940, 42, 556, 237, 554, 235, 2, 2, 0.7853981633974483, 2.8284271247461903
940, 48, 183, 396, 182, 397, 1, -1, -0.7853981633974483, 1.4142135623730951
940, 50, 405, 299, 405, 301, 0, -2, -1.5707963267948966, 2.0
940, 51, 437, 138, 437, 140, 0, -2, -1.5707963267948966, 2.0
940, 52, 496, 130, 495, 131, 1, -1, -0.7853981633974483, 1.4142135623730951
940, 68, 406, 335, 406, 338, 0, -3, -1.5707963267948966, 3.0
940, 73, 344, 370, 343, 371, 1, -1, -0.7853981633974483, 1.4142135623730951
940, 83, 198, 192, 197, 194, 1, -2, -1.1071487177940904, 2.23606797749979
940, 87, 256, 256, 258, 256, -2, 0, 3.141592653589793, 2.0
940, 88, 87, 194, 86, 195, 1, -1, -0.7853981633974483, 1.4142135623730951
941, 8, 69, 410, 68, 411, 1, -1, -0.7853981633974483, 1.4142135623730951
941, 14, 362, 311, 362, 313, 0, -2, -1.5707963267948966, 2.0
941, 17, 380, 270, 380, 272, 0, -2, -1.5707963267948966, 2.0
941, 23, 552, 159, 550, 158, 2, 1, 0.4636476090008061, 2.23606797749979
941, 24, 389, 317, 388, 318, 1, -1, -0.7853981633974483, 1.4142135623730951
941, 26, 382, 308, 381, 310, 1, -2, -1.1071487177940904, 2.23606797749979
941, 39, 555, 238, 556, 237, -1, 1, 2.356194490192345, 1.4142135623730951
941, 43, 190, 382, 189, 383, 1, -1, -0.7853981633974483, 1.4142135623730951
941, 47, 405, 297, 405, 299, 0, -2, -1.5707963267948966, 2.0
941, 49, 497, 129, 496, 130, 1, -1, -0.7853981633974483, 1.4142135623730951
941, 59, 356, 303, 356, 305, 0, -2, -1.5707963267948966, 2.0
941, 61, 149, 185, 148, 186, 1, -1, -0.7853981633974483, 1.4142135623730951
941, 65, 406, 333, 406, 335, 0, -2, -1.5707963267948966, 2.0
941, 67, 98, 351, 97, 352, 1, -1, -0.7853981633974483, 1.4142135623730951
941, 70, 345, 368, 344, 370, 1, -2, -1.1071487177940904, 2.23606797749979
941, 72, 5, 243, 4, 244, 1, -1, -0.7853981633974483, 1.4142135623730951
941, 80, 503, 141, 501, 141, 2, 0, 0.0, 2.0
942, 1, 287, 324, 286, 325, 1, -1, -0.7853981633974483, 1.4142135623730951
942, 8, 69, 408, 69, 410, 0, -2, -1.5707963267948966, 2.0
942, 12, 363, 309, 362, 311, 1, -2, -1.1071487177940904, 2.23606797749979
942, 19, 554, 160, 552, 159, 2, 1, 0.4636476090008061, 2.23606797749979
942, 20, 389, 315, 389, 317, 0, -2, -1.5707963267948966, 2.0
942, 22, 383, 306, 382, 308, 1, -2, -1.1071487177940904, 2.23606797749979
942, 28, 512, 166, 511, 164, 1, 2, 1.1071487177940904, 2.23606797749979
942, 31, 513, 174, 514, 176, -1, -2, -2.0344439357957027, 2.23606797749979
942, 35, 557, 241, 555, 238, 2, 3, 0.982793723247329, 3.605551275463989
942, 41, 437, 135, 437, 137, 0, -2, -1.5707963267948966, 2.0
942, 42, 498, 128, 497, 129, 1, -1, -0.7853981633974483, 1.4142135623730951
942, 48, 436, 236, 436, 238, 0, -2, -1.5707963267948966, 2.0
942, 51, 357, 301, 356, 303, 1, -2, -1.1071487177940904, 2.23606797749979
942, 57, 407, 330, 406, 333, 1, -3, -1.2490457723982544, 3.1622776601683795
942, 59, 99, 350, 98, 351, 1, -1, -0.7853981633974483, 1.4142135623730951
942, 62, 130, 350, 129, 351, 1, -1, -0.7853981633974483, 1.4142135623730951
942, 73, 212, 385, 211, 386, 1, -1, -0.7853981633974483, 1.4142135623730951
943, 12, 363, 307, 363, 309, 0, -2, -1.5707963267948966, 2.0
943, 19, 556, 162, 554, 160, 2, 2, 0.7853981633974483, 2.8284271247461903
943, 20, 390, 314, 389, 315, 1, -1, -0.7853981633974483, 1.4142135623730951
943, 22, 384, 305, 383, 306, 1, -1, -0.7853981633974483, 1.4142135623730951
943, 28, 513, 169, 512, 166, 1, 3, 1.2490457723982544, 3.1622776601683795
943, 33, 559, 243, 557, 241, 2, 2, 0.7853981633974483, 2.8284271247461903
943, 39, 438, 134, 437, 135, 1, -1, -0.7853981633974483, 1.4142135623730951
943, 40, 499, 127, 498, 128, 1, -1, -0.7853981633974483, 1.4142135623730951
943, 43, 583, 228, 583, 225, 0, 3, 1.5707963267948966, 3.0
943, 46, 437, 235, 436, 236, 1, -1, -0.7853981633974483, 1.4142135623730951
943, 49, 358, 299, 357, 301, 1, -2, -1.1071487177940904, 2.23606797749979
943, 55, 407, 327, 407, 330, 0, -3, -1.5707963267948966, 3.0
943, 57, 101, 349, 99, 350, 2, -1, -0.4636476090008061, 2.23606797749979
943, 59, 346, 366, 345, 367, 1, -1, -0.7853981633974483, 1.4142135623730951
944, 11, 364, 305, 363, 307, 1, -2, -1.1071487177940904, 2.23606797749979
944, 18, 558, 163, 556, 162, 2, 1, 0.4636476090008061, 2.23606797749979
944, 19, 390, 312, 390, 314, 0, -2, -1.5707963267948966, 2.0
944, 21, 386, 303, 384, 305, 2, -2, -0.7853981633974483, 2.8284271247461903
944, 26, 514, 170, 513, 169, 1, 1, 0.7853981633974483, 1.4142135623730951
944, 31, 560, 246, 559, 243, 1, 3, 1.2490457723982544, 3.1622776601683795
944, 36, 439, 133, 438, 134, 1, -1, -0.7853981633974483, 1.4142135623730951
944, 37, 500, 126, 499, 127, 1, -1, -0.7853981633974483, 1.4142135623730951
944, 39, 213, 296, 212, 298, 1, -2, -1.1071487177940904, 2.23606797749979
944, 40, 584, 231, 583, 228, 1, 3, 1.2490457723982544, 3.1622776601683795
944, 46, 359, 297, 358, 299, 1, -2, -1.1071487177940904, 2.23606797749979
944, 52, 407, 325, 407, 327, 0, -2, -1.5707963267948966, 2.0
944, 53, 103, 348, 101, 349, 2, -1, -0.4636476090008061, 2.23606797749979
944, 55, 347, 364, 346, 366, 1, -2, -1.1071487177940904, 2.23606797749979
944, 56, 131, 348, 130, 349, 1, -1, -0.7853981633974483, 1.4142135623730951
945, 5, 511, 172, 512, 174, -1, -2, -2.0344439357957027, 2.23606797749979
945, 16, 364, 309, 364, 311, 0, -2, -1.5707963267948966, 2.0
945, 19, 442, 139, 439, 139, 3, 0, 0.0, 3.0
945, 20, 555, 163, 554, 162, 1, 1, 0.7853981633974483, 1.4142135623730951
945, 24, 390, 315, 390, 317, 0, -2, -1.5707963267948966, 2.0
945, 33, 379, 376, 378, 377, 1, -1, -0.7853981633974483, 1.4142135623730951
945, 47, 451, 128, 450, 130, 1, -2, -1.1071487177940904, 2.23606797749979
945, 58, 359, 335, 358, 337, 1, -2, -1.1071487177940904, 2.23606797749979
945, 64, 434, 238, 434, 240, 0, -2, -1.5707963267948966, 2.0
945, 73, 184, 393, 183, 394, 1, -1, -0.7853981633974483, 1.4142135623730951
945, 79, 392, 206, 392, 209, 0, -3, -1.5707963267948966, 3.0
945, 80, 523, 178, 523, 176, 0, 2, 1.5707963267948966, 2.0
945, 81, 382, 313, 382, 315, 0, -2, -1.5707963267948966, 2.0
945, 90, 476, 132, 474, 132, 2, 0, 0.0, 2.0
946, 3, 510, 170, 511, 172, -1, -2, -2.0344439357957027, 2.23606797749979
946, 12, 364, 306, 364, 309, 0, -3, -1.5707963267948966, 3.0
946, 15, 445, 139, 442, 139, 3, 0, 0.0, 3.0
946, 16, 555, 165, 555, 163, 0, 2, 1.5707963267948966, 2.0
946, 19, 391, 313, 390, 315, 1, -2, -1.1071487177940904, 2.23606797749979
946, 27, 380, 375, 379, 376, 1, -1, -0.7853981633974483, 1.4142135623730951
946, 29, 287, 369, 286, 370, 1, -1, -0.7853981633974483, 1.4142135623730951
946, 31, 559, 243, 558, 245, 1, -2, -1.1071487177940904, 2.23606797749979
946, 41, 453, 127, 451, 128, 2, -1, -0.4636476090008061, 2.23606797749979
946, 49, 537, 161, 538, 164, -1, -3, -1.892546881191539, 3.1622776601683795
946, 51, 360, 334, 359, 335, 1, -1, -0.7853981633974483, 1.4142135623730951
946, 52, 131, 344, 130, 345, 1, -1, -0.7853981633974483, 1.4142135623730951
946, 63, 627, 319, 626, 318, 1, 1, 0.7853981633974483, 1.4142135623730951
946, 69, 393, 201, 392, 206, 1, -5, -1.373400766945016, 5.0990195135927845
946, 77, 137, 195, 135, 196, 2, -1, -0.4636476090008061, 2.23606797749979
947, 3, 509, 168, 510, 170, -1, -2, -2.0344439357957027, 2.23606797749979
947, 12, 365, 303, 364, 306, 1, -3, -1.2490457723982544, 3.1622776601683795
947, 14, 447, 138, 445, 139, 2, -1, -0.4636476090008061, 2.23606797749979
947, 18, 392, 311, 391, 313, 1, -2, -1.1071487177940904, 2.23606797749979
947, 38, 454, 125, 453, 127, 1, -2, -1.1071487177940904, 2.23606797749979
947, 46, 536, 159, 537, 161, -1, -2, -2.0344439357957027, 2.23606797749979
947, 48, 360, 332, 360, 334, 0, -2, -1.5707963267948966, 2.0
947, 53, 434, 236, 434, 238, 0, -2, -1.5707963267948966, 2.0
947, 61, 185, 391, 184, 392, 1, -1, -0.7853981633974483, 1.4142135623730951
947, 65, 393, 198, 393, 201, 0, -3, -1.5707963267948966, 3.0
947, 67, 382, 310, 382, 312, 0, -2, -1.5707963267948966, 2.0
947, 73, 138, 194, 137, 195, 1, -1, -0.7853981633974483, 1.4142135623730951
947, 76, 478, 130, 477, 132, 1, -2, -1.1071487177940904, 2.23606797749979
948, 6, 74, 409, 73, 410, 1, -1, -0.7853981633974483, 1.4142135623730951
948, 12, 365, 301, 365, 303, 0, -2, -1.5707963267948966, 2.0
948, 14, 450, 137, 447, 138, 3, -1, -0.3217505543966422, 3.1622776601683795
948, 15, 556, 167, 555, 166, 1, 1, 0.7853981633974483, 1.4142135623730951
948, 18, 393, 309, 392, 311, 1, -2, -1.1071487177940904, 2.23606797749979
948, 25, 381, 373, 380, 374, 1, -1, -0.7853981633974483, 1.4142135623730951
948, 26, 288, 367, 287, 368, 1, -1, -0.7853981633974483, 1.4142135623730951
948, 36, 456, 124, 454, 125, 2, -1, -0.4636476090008061, 2.23606797749979
948, 37, 141, 207, 139, 209, 2, -2, -0.7853981633974483, 2.8284271247461903
948, 44, 535, 157, 536, 159, -1, -2, -2.0344439357957027, 2.23606797749979
948, 46, 360, 330, 360, 332, 0, -2, -1.5707963267948966, 2.0
948, 55, 159, 354, 161, 354, -2, 0, 3.141592653589793, 2.0
948, 58, 630, 321, 627, 319, 3, 2, 0.5880026035475675, 3.605551275463989
948, 63, 394, 193, 393, 198, 1, -5, -1.373400766945016, 5.0990195135927845
948, 64, 524, 181, 523, 180, 1, 1, 0.7853981633974483, 1.4142135623730951
948, 65, 383, 308, 382, 310, 1, -2, -1.1071487177940904, 2.23606797749979
948, 70, 285, 361, 284, 362, 1, -1, -0.7853981633974483, 1.4142135623730951
948, 71, 138, 192, 138, 194, 0, -2, -1.5707963267948966, 2.0
949, 3, 508, 170, 508, 168, 0, 2, 1.5707963267948966, 2.0
949, 12, 365, 299, 365, 301, 0, -2, -1.5707963267948966, 2.0
949, 14, 451, 136, 450, 137, 1, -1, -0.7853981633974483, 1.4142135623730951
949, 15, 557, 168, 556, 167, 1, 1, 0.7853981633974483, 1.4142135623730951
949, 18, 393, 307, 393, 309, 0, -2, -1.5707963267948966, 2.0
949, 24, 381, 371, 381, 373, 0, -2, -1.5707963267948966, 2.0
949, 27, 449, 177, 451, 178, -2, -1, -2.677945044588987, 2.23606797749979
949, 34, 457, 123, 456, 124, 1, -1, -0.7853981633974483, 1.4142135623730951
949, 36, 220, 202, 218, 202, 2, 0, 0.0, 2.0
949, 42, 536, 155, 535, 157, 1, -2, -1.1071487177940904, 2.23606797749979
949, 44, 360, 328, 360, 330, 0, -2, -1.5707963267948966, 2.0
949, 59, 395, 188, 394, 193, 1, -5, -1.373400766945016, 5.0990195135927845
949, 60, 524, 183, 524, 181, 0, 2, 1.5707963267948966, 2.0
949, 61, 383, 306, 383, 308, 0, -2, -1.5707963267948966, 2.0
949, 66, 286, 360, 285, 361, 1, -1, -0.7853981633974483, 1.4142135623730951
949, 67, 138, 190, 138, 192, 0, -2, -1.5707963267948966, 2.0
950, 8, 75, 410, 74, 411, 1, -1, -0.7853981633974483, 1.4142135623730951
950, 17, 189, 395, 188, 396, 1, -1, -0.7853981633974483, 1.4142135623730951
950, 32, 366, 301, 366, 304, 0, -3, -1.5707963267948966, 3.0
950, 34, 292, 366, 291, 367, 1, -1, -0.7853981633974483, 1.4142135623730951
950, 36, 597, 297, 596, 295, 1, 2, 1.1071487177940904, 2.23606797749979
950, 41, 361, 331, 360, 333, 1, -2, -1.1071487177940904, 2.23606797749979
950, 48, 286, 359, 285, 360, 1, -1, -0.7853981633974483, 1.4142135623730951
950, 54, 383, 377, 382, 378, 1, -1, -0.7853981633974483, 1.4142135623730951
950, 57, 518, 185, 520, 184, -2, 1, 2.677945044588987, 2.23606797749979
950, 65, 380, 263, 378, 266, 2, -3, -0.982793723247329, 3.605551275463989
950, 68, 136, 194, 138, 195, -2, -1, -2.677945044588987, 2.23606797749979
950, 69, 596, 331, 594, 330, 2, 1, 0.4636476090008061, 2.23606797749979
950, 76, 436, 267, 435, 268, 1, -1, -0.7853981633974483, 1.4142135623730951
950, 78, 385, 237, 385, 239, 0, -2, -1.5707963267948966, 2.0
950, 79, 106, 357, 105, 358, 1, -1, -0.7853981633974483, 1.4142135623730951
950, 82, 173, 204, 173, 206, 0, -2, -1.5707963267948966, 2.0
950, 83, 385, 307, 384, 310, 1, -3, -1.2490457723982544, 3.1622776601683795
950, 90, 511, 177, 511, 173, 0, 4, 1.5707963267948966, 4.0
951, 6, 6, 243, 5, 244, 1, -1, -0.7853981633974483, 1.4142135623730951
951, 8, 60, 352, 61, 354, -1, -2, -2.0344439357957027, 2.23606797749979
951, 16, 467, 220, 468, 222, -1, -2, -2.0344439357957027, 2.23606797749979
951, 18, 104, 334, 104, 336, 0, -2, -1.5707963267948966, 2.0
951, 21, 194, 385, 193, 386, 1, -1, -0.7853981633974483, 1.4142135623730951
951, 23, 111, 385, 111, 387, 0, -2, -1.5707963267948966, 2.0
951, 26, 364, 299, 366, 301, -2, -2, -2.356194490192345, 2.8284271247461903
951, 28, 292, 364, 292, 366, 0, -2, -1.5707963267948966, 2.0
951, 31, 558, 168, 557, 166, 1, 2, 1.1071487177940904, 2.23606797749979
951, 34, 391, 308, 392, 310, -1, -2, -2.0344439357957027, 2.23606797749979
951, 35, 362, 329, 361, 331, 1, -2, -1.1071487177940904, 2.23606797749979
951, 38, 280, 345, 279, 346, 1, -1, -0.7853981633974483, 1.4142135623730951
951, 42, 286, 357, 286, 359, 0, -2, -1.5707963267948966, 2.0
951, 44, 48, 364, 47, 365, 1, -1, -0.7853981633974483, 1.4142135623730951
951, 45, 508, 146, 507, 147, 1, -1, -0.7853981633974483, 1.4142135623730951
951, 53, 348, 387, 347, 388, 1, -1, -0.7853981633974483, 1.4142135623730951
951, 56, 268, 375, 267, 376, 1, -1, -0.7853981633974483, 1.4142135623730951
951, 57, 381, 261, 380, 263, 1, -2, -1.1071487177940904, 2.23606797749979
951, 60, 134, 192, 136, 194, -2, -2, -2.356194490192345, 2.8284271247461903
951, 64, 222, 408, 221, 409, 1, -1, -0.7853981633974483, 1.4142135623730951
951, 69, 385, 235, 385, 237, 0, -2, -1.5707963267948966, 2.0
951, 74, 384, 305, 385, 307, -1, -2, -2.0344439357957027, 2.23606797749979
951, 77, 583, 296, 582, 295, 1, 1, 0.7853981633974483, 1.4142135623730951
951, 79, 511, 180, 511, 177, 0, 3, 1.5707963267948966, 3.0
952, 6, 7, 242, 6, 243, 1, -1, -0.7853981633974483, 1.4142135623730951
952, 26, 365, 296, 364, 299, 1, -3, -1.2490457723982544, 3.1622776601683795
952, 27, 293, 363, 292, 364, 1, -1, -0.7853981633974483, 1.4142135623730951
952, 30, 559, 169, 558, 168, 1, 1, 0.7853981633974483, 1.4142135623730951
952, 33, 391, 306, 391, 308, 0, -2, -1.5707963267948966, 2.0
952, 34, 363, 327, 362, 329, 1, -2, -1.1071487177940904, 2.23606797749979
952, 41, 287, 356, 286, 357, 1, -1, -0.7853981633974483, 1.4142135623730951
952, 44, 510, 147, 508, 146, 2, 1, 0.4636476090008061, 2.23606797749979
952, 46, 384, 375, 383, 376, 1, -1, -0.7853981633974483, 1.4142135623730951
952, 49, 515, 185, 517, 185, -2, 0, 3.141592653589793, 2.0
952, 56, 381, 259, 381, 261, 0, -2, -1.5707963267948966, 2.0
952, 64, 37, 218, 36, 219, 1, -1, -0.7853981633974483, 1.4142135623730951
952, 68, 385, 233, 385, 235, 0, -2, -1.5707963267948966, 2.0
952, 78, 512, 181, 511, 180, 1, 1, 0.7853981633974483, 1.4142135623730951
953, 10, 273, 201, 274, 200, -1, 1, 2.356194490192345, 1.4142135623730951
953, 14, 467, 217, 467, 219, 0, -2, -1.5707963267948966, 2.0
953, 19, 196, 384, 195, 385, 1, -1, -0.7853981633974483, 1.4142135623730951
953, 24, 365, 294, 365, 296, 0, -2, -1.5707963267948966, 2.0
953, 25, 294, 362, 293, 363, 1, -1, -0.7853981633974483, 1.4142135623730951
953, 28, 560, 170, 559, 169, 1, 1, 0.7853981633974483, 1.4142135623730951
953, 31, 392, 305, 391, 306, 1, -1, -0.7853981633974483, 1.4142135623730951
953, 32, 364, 326, 363, 327, 1, -1, -0.7853981633974483, 1.4142135623730951
953, 33, 275, 232, 276, 231, -1, 1, 2.356194490192345, 1.4142135623730951
953, 42, 512, 147, 510, 147, 2, 0, 0.0, 2.0
953, 49, 349, 385, 348, 386, 1, -1, -0.7853981633974483, 1.4142135623730951
953, 53, 382, 258, 381, 259, 1, -1, -0.7853981633974483, 1.4142135623730951
953, 57, 597, 333, 596, 332, 1, 1, 0.7853981633974483, 1.4142135623730951
953, 65, 385, 231, 385, 233, 0, -2, -1.5707963267948966, 2.0
953, 68, 588, 242, 587, 241, 1, 1, 0.7853981633974483, 1.4142135623730951
953, 72, 584, 299, 583, 297, 1, 2, 1.1071487177940904, 2.23606797749979
953, 74, 513, 185, 512, 181, 1, 4, 1.3258176636680326, 4.123105625617661
954, 22, 365, 292, 365, 294, 0, -2, -1.5707963267948966, 2.0
954, 25, 597, 302, 597, 300, 0, 2, 1.5707963267948966, 2.0
954, 26, 561, 172, 560, 170, 1, 2, 1.1071487177940904, 2.23606797749979
954, 29, 365, 324, 364, 326, 1, -2, -1.1071487177940904, 2.23606797749979
954, 41, 385, 373, 384, 374, 1, -1, -0.7853981633974483, 1.4142135623730951
954, 44, 516, 189, 515, 185, 1, 4, 1.3258176636680326, 4.123105625617661
954, 53, 133, 188, 134, 190, -1, -2, -2.0344439357957027, 2.23606797749979
954, 65, 589, 243, 588, 242, 1, 1, 0.7853981633974483, 1.4142135623730951
954, 67, 215, 386, 214, 385, 1, 1, 0.7853981633974483, 1.4142135623730951
954, 69, 584, 301, 584, 299, 0, 2, 1.5707963267948966, 2.0
954, 71, 513, 187, 513, 185, 0, 2, 1.5707963267948966, 2.0
955, 9, 523, 196, 520, 193, 3, 3, 0.7853981633974483, 4.242640687119285
955, 14, 367, 297, 367, 299, 0, -2, -1.5707963267948966, 2.0
955, 26, 584, 302, 584, 300, 0, 2, 1.5707963267948966, 2.0
955, 27, 599, 302, 599, 300, 0, 2, 1.5707963267948966, 2.0
955, 43, 348, 380, 346, 381, 2, -1, -0.4636476090008061, 2.23606797749979
955, 44, 385, 232, 385, 234, 0, -2, -1.5707963267948966, 2.0
955, 45, 569, 265, 570, 264, -1, 1, 2.356194490192345, 1.4142135623730951
955, 46, 446, 128, 445, 129, 1, -1, -0.7853981633974483, 1.4142135623730951
955, 47, 379, 273, 378, 275, 1, -2, -1.1071487177940904, 2.23606797749979
955, 49, 458, 125, 457, 126, 1, -1, -0.7853981633974483, 1.4142135623730951
955, 51, 72, 233, 69, 233, 3, 0, 0.0, 3.0
955, 52, 297, 358, 296, 359, 1, -1, -0.7853981633974483, 1.4142135623730951
955, 56, 399, 287, 399, 290, 0, -3, -1.5707963267948966, 3.0
955, 57, 328, 355, 327, 356, 1, -1, -0.7853981633974483, 1.4142135623730951
955, 59, 518, 179, 519, 181, -1, -2, -2.0344439357957027, 2.23606797749979
955, 60, 4, 243, 6, 244, -2, -1, -2.677945044588987, 2.23606797749979
955, 62, 511, 138, 510, 137, 1, 1, 0.7853981633974483, 1.4142135623730951
955, 67, 215, 301, 212, 300, 3, 1, 0.3217505543966422, 3.1622776601683795
955, 69, 85, 232, 87, 233, -2, -1, -2.677945044588987, 2.23606797749979
955, 73, 406, 290, 406, 292, 0, -2, -1.5707963267948966, 2.0
955, 74, 237, 371, 235, 373, 2, -2, -0.7853981633974483, 2.8284271247461903
956, 8, 525, 198, 523, 196, 2, 2, 0.7853981633974483, 2.8284271247461903
956, 12, 367, 295, 367, 297, 0, -2, -1.5707963267948966, 2.0
956, 19, 562, 172, 561, 171, 1, 1, 0.7853981633974483, 1.4142135623730951
956, 23, 89, 217, 88, 218, 1, -1, -0.7853981633974483, 1.4142135623730951
956, 24, 585, 303, 584, 302, 1, 1, 0.7853981633974483, 1.4142135623730951
956, 31, 327, 322, 326, 323, 1, -1, -0.7853981633974483, 1.4142135623730951
956, 36, 438, 271, 437, 272, 1, -1, -0.7853981633974483, 1.4142135623730951
956, 40, 98, 192, 97, 193, 1, -1, -0.7853981633974483, 1.4142135623730951
956, 42, 385, 230, 385, 232, 0, -2, -1.5707963267948966, 2.0
956, 44, 447, 127, 446, 128, 1, -1, -0.7853981633974483, 1.4142135623730951
956, 46, 459, 124, 458, 125, 1, -1, -0.7853981633974483, 1.4142135623730951
956, 51, 399, 285, 399, 287, 0, -2, -1.5707963267948966, 2.0
956, 52, 329, 354, 328, 355, 1, -1, -0.7853981633974483, 1.4142135623730951
956, 54, 517, 177, 518, 179, -1, -2, -2.0344439357957027, 2.23606797749979
956, 63, 383, 258, 383, 260, 0, -2, -1.5707963267948966, 2.0
956, 65, 405, 288, 406, 290, -1, -2, -2.0344439357957027, 2.23606797749979
957, 11, 368, 293, 367, 295, 1, -2, -1.1071487177940904, 2.23606797749979
957, 14, 395, 306, 394, 307, 1, -1, -0.7853981633974483, 1.4142135623730951
957, 16, 563, 174, 562, 172, 1, 2, 1.1071487177940904, 2.23606797749979
957, 17, 292, 369, 291, 368, 1, 1, 0.7853981633974483, 1.4142135623730951
957, 22, 599, 305, 599, 303, 0, 2, 1.5707963267948966, 2.0
957, 39, 385, 228, 385, 230, 0, -2, -1.5707963267948966, 2.0
957, 40, 566, 265, 568, 265, -2, 0, 3.141592653589793, 2.0
957, 41, 449, 126, 447, 127, 2, -1, -0.4636476090008061, 2.23606797749979
957, 42, 380, 271, 379, 272, 1, -1, -0.7853981633974483, 1.4142135623730951
957, 48, 399, 282, 399, 285, 0, -3, -1.5707963267948966, 3.0
957, 49, 330, 353, 329, 354, 1, -1, -0.7853981633974483, 1.4142135623730951
957, 50, 23, 244, 20, 244, 3, 0, 0.0, 3.0
957, 51, 518, 176, 517, 177, 1, -1, -0.7853981633974483, 1.4142135623730951
957, 52, 5, 241, 4, 242, 1, -1, -0.7853981633974483, 1.4142135623730951
957, 54, 513, 139, 512, 138, 1, 1, 0.7853981633974483, 1.4142135623730951
957, 62, 405, 286, 405, 288, 0, -2, -1.5707963267948966, 2.0
958, 7, 526, 196, 525, 197, 1, -1, -0.7853981633974483, 1.4142135623730951
958, 10, 368, 291, 368, 293, 0, -2, -1.5707963267948966, 2.0
958, 15, 564, 175, 563, 174, 1, 1, 0.7853981633974483, 1.4142135623730951
958, 16, 293, 368, 292, 369, 1, -1, -0.7853981633974483, 1.4142135623730951
958, 21, 598, 306, 599, 305, -1, 1, 2.356194490192345, 1.4142135623730951
958, 29, 136, 349, 133, 351, 3, -2, -0.5880026035475675, 3.605551275463989
958, 31, 380, 363, 379, 365, 1, -2, -1.1071487177940904, 2.23606797749979
958, 32, 439, 269, 438, 270, 1, -1, -0.7853981633974483, 1.4142135623730951
958, 36, 350, 376, 349, 379, 1, -3, -1.2490457723982544, 3.1622776601683795
958, 37, 385, 226, 385, 228, 0, -2, -1.5707963267948966, 2.0
958, 40, 380, 268, 380, 271, 0, -3, -1.5707963267948966, 3.0
958, 45, 146, 208, 143, 208, 3, 0, 0.0, 3.0
958, 47, 332, 351, 330, 353, 2, -2, -0.7853981633974483, 2.8284271247461903
958, 49, 520, 179, 518, 176, 2, 3, 0.982793723247329, 3.605551275463989
958, 52, 515, 140, 513, 139, 2, 1, 0.4636476090008061, 2.23606797749979
958, 59, 406, 282, 405, 286, 1, -4, -1.3258176636680326, 4.123105625617661
958, 61, 107, 357, 104, 359, 3, -2, -0.5880026035475675, 3.605551275463989
959, 3, 290, 324, 289, 325, 1, -1, -0.7853981633974483, 1.4142135623730951
959, 9, 368, 289, 368, 291, 0, -2, -1.5707963267948966, 2.0
959, 12, 396, 304, 395, 305, 1, -1, -0.7853981633974483, 1.4142135623730951
959, 14, 566, 177, 564, 175, 2, 2, 0.7853981633974483, 2.8284271247461903
959, 19, 597, 307, 598, 306, -1, 1, 2.356194490192345, 1.4142135623730951
959, 28, 381, 360, 380, 363, 1, -3, -1.2490457723982544, 3.1622776601683795
959, 29, 440, 267, 439, 269, 1, -2, -1.1071487177940904, 2.23606797749979
959, 33, 385, 224, 385, 226, 0, -2, -1.5707963267948966, 2.0
959, 35, 451, 125, 450, 126, 1, -1, -0.7853981633974483, 1.4142135623730951
959, 36, 380, 266, 380, 268, 0, -2, -1.5707963267948966, 2.0
959, 37, 461, 123, 460, 124, 1, -1, -0.7853981633974483, 1.4142135623730951
959, 43, 333, 350, 332, 351, 1, -1, -0.7853981633974483, 1.4142135623730951
959, 45, 521, 184, 520, 179, 1, 5, 1.373400766945016, 5.0990195135927845
959, 48, 516, 141, 515, 140, 1, 1, 0.7853981633974483, 1.4142135623730951
960, 13, 371, 292, 370, 294, 1, -2, -1.1071487177940904, 2.23606797749979
960, 15, 522, 191, 523, 193, -1, -2, -2.0344439357957027, 2.23606797749979
960, 18, 440, 267, 440, 269, 0, -2, -1.5707963267948966, 2.0
960, 21, 566, 177, 564, 175, 2, 2, 0.7853981633974483, 2.8284271247461903
960, 24, 396, 305, 396, 307, 0, -2, -1.5707963267948966, 2.0
960, 26, 293, 357, 292, 358, 1, -1, -0.7853981633974483, 1.4142135623730951
960, 32, 468, 216, 468, 218, 0, -2, -1.5707963267948966, 2.0
960, 33, 382, 268, 382, 271, 0, -3, -1.5707963267948966, 3.0
960, 38, 190, 235, 189, 236, 1, -1, -0.7853981633974483, 1.4142135623730951
960, 49, 364, 287, 364, 289, 0, -2, -1.5707963267948966, 2.0
960, 52, 147, 202, 147, 204, 0, -2, -1.5707963267948966, 2.0
960, 57, 386, 229, 386, 231, 0, -2, -1.5707963267948966, 2.0
960, 60, 583, 306, 584, 305, -1, 1, 2.356194490192345, 1.4142135623730951
960, 64, 408, 234, 408, 236, 0, -2, -1.5707963267948966, 2.0
960, 68, 248, 403, 247, 404, 1, -1, -0.7853981633974483, 1.4142135623730951
960, 77, 96, 192, 95, 193, 1, -1, -0.7853981633974483, 1.4142135623730951
960, 80, 525, 138, 524, 137, 1, 1, 0.7853981633974483, 1.4142135623730951
960, 82, 358, 360, 357, 362, 1, -2, -1.1071487177940904, 2.23606797749979
960, 85, 43, 219, 42, 220, 1, -1, -0.7853981633974483, 1.4142135623730951
960, 92, 132, 414, 131, 415, 1, -1, -0.7853981633974483, 1.4142135623730951
960, 94, 409, 283, 410, 285, -1, -2, -2.0344439357957027, 2.23606797749979
960, 95, 147, 191, 145, 190, 2, 1, 0.4636476090008061, 2.23606797749979
960, 101, 267, 377, 266, 378, 1, -1, -0.7853981633974483, 1.4142135623730951
960, 104, 579, 207, 579, 204, 0, 3, 1.5707963267948966, 3.0
961, 6, 77, 411, 76, 412, 1, -1, -0.7853981633974483, 1.4142135623730951
961, 12, 371, 289, 371, 292, 0, -3, -1.5707963267948966, 3.0
961, 16, 439, 265, 440, 267, -1, -2, -2.0344439357957027, 2.23606797749979
961, 19, 567, 179, 566, 177, 1, 2, 1.1071487177940904, 2.23606797749979
961, 21, 596, 306, 597, 305, -1, 1, 2.356194490192345, 1.4142135623730951
961, 22, 397, 304, 396, 305, 1, -1, -0.7853981633974483, 1.4142135623730951
961, 24, 295, 357, 293, 357, 2, 0, 0.0, 2.0
961, 30, 382, 266, 382, 268, 0, -2, -1.5707963267948966, 2.0
961, 32, 282, 346, 281, 347, 1, -1, -0.7853981633974483, 1.4142135623730951
961, 34, 106, 239, 106, 241, 0, -2, -1.5707963267948966, 2.0
961, 43, 364, 285, 364, 287, 0, -2, -1.5707963267948966, 2.0
961, 47, 463, 125, 462, 126, 1, -1, -0.7853981633974483, 1.4142135623730951
961, 51, 386, 227, 386, 229, 0, -2, -1.5707963267948966, 2.0
961, 56, 183, 263, 185, 265, -2, -2, -2.356194490192345, 2.8284271247461903
961, 58, 408, 232, 408, 234, 0, -2, -1.5707963267948966, 2.0
961, 66, 92, 287, 94, 288, -2, -1, -2.677945044588987, 2.23606797749979
961, 68, 93, 379, 95, 378, -2, 1, 2.677945044588987, 2.23606797749979
961, 72, 204, 402, 203, 403, 1, -1, -0.7853981633974483, 1.4142135623730951
961, 73, 526, 139, 525, 138, 1, 1, 0.7853981633974483, 1.4142135623730951
961, 78, 44, 218, 43, 219, 1, -1, -0.7853981633974483, 1.4142135623730951
961, 81, 429, 283, 429, 285, 0, -2, -1.5707963267948966, 2.0
961, 92, 392, 299, 391, 300, 1, -1, -0.7853981633974483, 1.4142135623730951
961, 93, 268, 376, 267, 377, 1, -1, -0.7853981633974483, 1.4142135623730951
961, 95, 580, 208, 579, 207, 1, 1, 0.7853981633974483, 1.4142135623730951
962, 9, 371, 286, 371, 289, 0, -3, -1.5707963267948966, 3.0
962, 16, 568, 180, 567, 179, 1, 1, 0.7853981633974483, 1.4142135623730951
962, 21, 296, 356, 295, 357, 1, -1, -0.7853981633974483, 1.4142135623730951
962, 24, 588, 301, 587, 300, 1, 1, 0.7853981633974483, 1.4142135623730951
962, 26, 383, 264, 382, 266, 1, -2, -1.1071487177940904, 2.23606797749979
962, 38, 364, 283, 364, 285, 0, -2, -1.5707963267948966, 2.0
962, 41, 464, 124, 463, 125, 1, -1, -0.7853981633974483, 1.4142135623730951
962, 45, 385, 225, 386, 227, -1, -2, -2.0344439357957027, 2.23606797749979
962, 50, 408, 230, 408, 232, 0, -2, -1.5707963267948966, 2.0
962, 53, 249, 402, 248, 403, 1, -1, -0.7853981633974483, 1.4142135623730951
962, 58, 91, 379, 93, 379, -2, 0, 3.141592653589793, 2.0
962, 59, 466, 160, 467, 162, -1, -2, -2.0344439357957027, 2.23606797749979
962, 62, 527, 140, 526, 139, 1, 1, 0.7853981633974483, 1.4142135623730951
962, 64, 360, 357, 358, 359, 2, -2, -0.7853981633974483, 2.8284271247461903
962, 70, 429, 281, 429, 283, 0, -2, -1.5707963267948966, 2.0
962, 79, 393, 298, 392, 299, 1, -1, -0.7853981633974483, 1.4142135623730951
962, 80, 269, 375, 268, 376, 1, -1, -0.7853981633974483, 1.4142135623730951
963, 3, 78, 410, 77, 411, 1, -1, -0.7853981633974483, 1.4142135623730951
963, 8, 371, 283, 371, 286, 0, -3, -1.5707963267948966, 3.0
963, 18, 398, 302, 397, 303, 1, -1, -0.7853981633974483, 1.4142135623730951
963, 23, 588, 303, 588, 301, 0, 2, 1.5707963267948966, 2.0
963, 28, 191, 233, 190, 234, 1, -1, -0.7853981633974483, 1.4142135623730951
963, 36, 365, 281, 364, 283, 1, -2, -1.1071487177940904, 2.23606797749979
963, 38, 465, 123, 464, 124, 1, -1, -0.7853981633974483, 1.4142135623730951
963, 51, 85, 407, 84, 408, 1, -1, -0.7853981633974483, 1.4142135623730951
963, 57, 97, 190, 96, 191, 1, -1, -0.7853981633974483, 1.4142135623730951
963, 76, 271, 374, 269, 375, 2, -1, -0.4636476090008061, 2.23606797749979
963, 78, 579, 210, 580, 209, -1, 1, 2.356194490192345, 1.4142135623730951
964, 8, 372, 281, 371, 283, 1, -2, -1.1071487177940904, 2.23606797749979
964, 15, 569, 182, 568, 181, 1, 1, 0.7853981633974483, 1.4142135623730951
964, 18, 398, 300, 398, 302, 0, -2, -1.5707963267948966, 2.0
964, 23, 589, 305, 588, 303, 1, 2, 1.1071487177940904, 2.23606797749979
964, 25, 384, 262, 384, 264, 0, -2, -1.5707963267948966, 2.0
964, 29, 296, 366, 295, 367, 1, -1, -0.7853981633974483, 1.4142135623730951
964, 36, 367, 279, 365, 281, 2, -2, -0.7853981633974483, 2.8284271247461903
964, 37, 593, 251, 593, 249, 0, 2, 1.5707963267948966, 2.0
964, 42, 386, 222, 385, 224, 1, -2, -1.1071487177940904, 2.23606797749979
964, 51, 86, 406, 85, 407, 1, -1, -0.7853981633974483, 1.4142135623730951
964, 54, 497, 118, 496, 119, 1, -1, -0.7853981633974483, 1.4142135623730951
964, 56, 466, 157, 466, 159, 0, -2, -1.5707963267948966, 2.0
964, 59, 529, 141, 528, 140, 1, 1, 0.7853981633974483, 1.4142135623730951
964, 61, 362, 355, 361, 357, 1, -2, -1.1071487177940904, 2.23606797749979
964, 64, 45, 215, 44, 216, 1, -1, -0.7853981633974483, 1.4142135623730951
964, 71, 143, 189, 145, 191, -2, -2, -2.356194490192345, 2.8284271247461903
964, 76, 272, 375, 271, 374, 1, 1, 0.7853981633974483, 1.4142135623730951
964, 78, 579, 212, 579, 210, 0, 2, 1.5707963267948966, 2.0
965, 8, 571, 275, 569, 272, 2, 3, 0.982793723247329, 3.605551275463989
965, 11, 8, 240, 7, 242, 1, -2, -1.1071487177940904, 2.23606797749979
965, 12, 372, 287, 371, 290, 1, -3, -1.2490457723982544, 3.1622776601683795
965, 19, 166, 252, 167, 251, -1, 1, 2.356194490192345, 1.4142135623730951
965, 32, 277, 379, 276, 380, 1, -1, -0.7853981633974483, 1.4142135623730951
965, 35, 591, 303, 590, 301, 1, 2, 1.1071487177940904, 2.23606797749979
965, 36, 194, 393, 193, 394, 1, -1, -0.7853981633974483, 1.4142135623730951
965, 37, 399, 304, 398, 305, 1, -1, -0.7853981633974483, 1.4142135623730951
965, 42, 385, 369, 384, 371, 1, -2, -1.1071487177940904, 2.23606797749979
965, 52, 625, 329, 623, 329, 2, 0, 0.0, 2.0
965, 55, 356, 382, 355, 383, 1, -1, -0.7853981633974483, 1.4142135623730951
965, 68, 363, 356, 361, 358, 2, -2, -0.7853981633974483, 2.8284271247461903
965, 70, 102, 186, 101, 187, 1, -1, -0.7853981633974483, 1.4142135623730951
965, 71, 387, 225, 387, 227, 0, -2, -1.5707963267948966, 2.0
965, 84, 515, 158, 514, 156, 1, 2, 1.1071487177940904, 2.23606797749979
965, 85, 600, 258, 600, 256, 0, 2, 1.5707963267948966, 2.0
966, 6, 573, 277, 571, 275, 2, 2, 0.7853981633974483, 2.8284271247461903
966, 9, 9, 239, 8, 240, 1, -1, -0.7853981633974483, 1.4142135623730951
966, 10, 372, 285, 372, 287, 0, -2, -1.5707963267948966, 2.0
966, 20, 108, 409, 105, 411, 3, -2, -0.5880026035475675, 3.605551275463989
966, 29, 278, 378, 277, 379, 1, -1, -0.7853981633974483, 1.4142135623730951
966, 32, 591, 305, 591, 303, 0, 2, 1.5707963267948966, 2.0
966, 34, 399, 302, 399, 304, 0, -2, -1.5707963267948966, 2.0
966, 38, 386, 368, 385, 369, 1, -1, -0.7853981633974483, 1.4142135623730951
966, 50, 357, 381, 356, 382, 1, -1, -0.7853981633974483, 1.4142135623730951
966, 51, 520, 194, 518, 190, 2, 4, 1.1071487177940904, 4.47213595499958
966, 62, 364, 354, 363, 356, 1, -2, -1.1071487177940904, 2.23606797749979
966, 65, 387, 223, 387, 225, 0, -2, -1.5707963267948966, 2.0
966, 70, 445, 255, 446, 257, -1, -2, -2.0344439357957027, 2.23606797749979
966, 77, 516, 159, 515, 158, 1, 1, 0.7853981633974483, 1.4142135623730951
966, 78, 600, 260, 600, 258, 0, 2, 1.5707963267948966, 2.0
967, 5, 574, 278, 573, 277, 1, 1, 0.7853981633974483, 1.4142135623730951
967, 8, 11, 238, 9, 239, 2, -1, -0.4636476090008061, 2.23606797749979
967, 9, 372, 283, 372, 285, 0, -2, -1.5707963267948966, 2.0
967, 24, 92, 233, 94, 234, -2, -1, -2.677945044588987, 2.23606797749979
967, 25, 106, 395, 105, 396, 1, -1, -0.7853981633974483, 1.4142135623730951
967, 27, 279, 377, 278, 378, 1, -1, -0.7853981633974483, 1.4142135623730951
967, 28, 457, 129, 456, 130, 1, -1, -0.7853981633974483, 1.4142135623730951
967, 29, 590, 307, 591, 305, -1, 2, 2.0344439357957027, 2.23606797749979
967, 30, 195, 392, 194, 393, 1, -1, -0.7853981633974483, 1.4142135623730951
967, 35, 386, 366, 386, 368, 0, -2, -1.5707963267948966, 2.0
967, 36, 115, 386, 114, 387, 1, -1, -0.7853981633974483, 1.4142135623730951
967, 38, 468, 213, 468, 215, 0, -2, -1.5707963267948966, 2.0
967, 41, 568, 183, 567, 180, 1, 3, 1.2490457723982544, 3.1622776601683795
967, 47, 358, 380, 357, 381, 1, -1, -0.7853981633974483, 1.4142135623730951
967, 48, 520, 197, 520, 194, 0, 3, 1.5707963267948966, 3.0
967, 58, 365, 352, 364, 354, 1, -2, -1.1071487177940904, 2.23606797749979
967, 61, 387, 221, 387, 223, 0, -2, -1.5707963267948966, 2.0
967, 62, 223, 385, 222, 386, 1, -1, -0.7853981633974483, 1.4142135623730951
967, 64, 502, 120, 500, 120, 2, 0, 0.0, 2.0
967, 68, 285, 346, 284, 347, 1, -1, -0.7853981633974483, 1.4142135623730951
967, 73, 517, 160, 516, 159, 1, 1, 0.7853981633974483, 1.4142135623730951
968, 0, 294, 327, 293, 328, 1, -1, -0.7853981633974483, 1.4142135623730951
968, 8, 13, 237, 11, 238, 2, -1, -0.4636476090008061, 2.23606797749979
968, 9, 372, 281, 372, 283, 0, -2, -1.5707963267948966, 2.0
968, 26, 458, 128, 457, 129, 1, -1, -0.7853981633974483, 1.4142135623730951
968, 27, 589, 308, 590, 307, -1, 1, 2.356194490192345, 1.4142135623730951
968, 29, 400, 299, 399, 301, 1, -2, -1.1071487177940904, 2.23606797749979
968, 33, 388, 365, 386, 366, 2, -1, -0.4636476090008061, 2.23606797749979
968, 37, 91, 215, 91, 217, 0, -2, -1.5707963267948966, 2.0
968, 40, 628, 330, 627, 329, 1, 1, 0.7853981633974483, 1.4142135623730951
968, 42, 359, 379, 358, 380, 1, -1, -0.7853981633974483, 1.4142135623730951
968, 43, 522, 203, 520, 197, 2, 6, 1.2490457723982544, 6.324555320336759
968, 46, 392, 294, 391, 295, 1, -1, -0.7853981633974483, 1.4142135623730951
968, 55, 388, 219, 387, 221, 1, -2, -1.1071487177940904, 2.23606797749979
968, 60, 445, 253, 445, 255, 0, -2, -1.5707963267948966, 2.0
968, 66, 518, 162, 517, 160, 1, 2, 1.1071487177940904, 2.23606797749979
969, 5, 575, 278, 574, 279, 1, -1, -0.7853981633974483, 1.4142135623730951
969, 8, 15, 237, 13, 237, 2, 0, 0.0, 2.0
969, 9, 372, 279, 372, 281, 0, -2, -1.5707963267948966, 2.0
969, 11, 80, 412, 79, 413, 1, -1, -0.7853981633974483, 1.4142135623730951
969, 16, 599, 315, 599, 313, 0, 2, 1.5707963267948966, 2.0
969, 25, 459, 127, 458, 128, 1, -1, -0.7853981633974483, 1.4142135623730951
969, 27, 196, 391, 195, 392, 1, -1, -0.7853981633974483, 1.4142135623730951
969, 29, 198, 381, 199, 380, -1, 1, 2.356194490192345, 1.4142135623730951
969, 31, 388, 363, 388, 365, 0, -2, -1.5707963267948966, 2.0
969, 36, 569, 185, 568, 184, 1, 1, 0.7853981633974483, 1.4142135623730951
969, 38, 629, 332, 628, 330, 1, 2, 1.1071487177940904, 2.23606797749979
969, 40, 360, 378, 359, 379, 1, -1, -0.7853981633974483, 1.4142135623730951
969, 41, 521, 204, 522, 203, -1, 1, 2.356194490192345, 1.4142135623730951
969, 49, 366, 350, 365, 352, 1, -2, -1.1071487177940904, 2.23606797749979
969, 52, 387, 216, 388, 219, -1, -3, -1.892546881191539, 3.1622776601683795
969, 61, 519, 163, 518, 162, 1, 1, 0.7853981633974483, 1.4142135623730951
970, 1, 295, 327, 294, 328, 1, -1, -0.7853981633974483, 1.4142135623730951
970, 8, 85, 411, 84, 412, 1, -1, -0.7853981633974483, 1.4142135623730951
970, 9, 373, 284, 373, 286, 0, -2, -1.5707963267948966, 2.0
970, 11, 470, 213, 470, 215, 0, -2, -1.5707963267948966, 2.0
970, 17, 527, 201, 526, 202, 1, -1, -0.7853981633974483, 1.4142135623730951
970, 21, 570, 186, 570, 184, 0, 2, 1.5707963267948966, 2.0
970, 23, 290, 339, 288, 339, 2, 0, 0.0, 2.0
970, 30, 13, 238, 12, 239, 1, -1, -0.7853981633974483, 1.4142135623730951
970, 39, 5, 394, 4, 395, 1, -1, -0.7853981633974483, 1.4142135623730951
970, 43, 571, 262, 568, 260, 3, 2, 0.5880026035475675, 3.605551275463989
970, 44, 389, 249, 389, 251, 0, -2, -1.5707963267948966, 2.0
970, 49, 394, 294, 393, 295, 1, -1, -0.7853981633974483, 1.4142135623730951
970, 65, 394, 364, 394, 366, 0, -2, -1.5707963267948966, 2.0
970, 66, 92, 218, 91, 219, 1, -1, -0.7853981633974483, 1.4142135623730951
970, 70, 105, 190, 104, 191, 1, -1, -0.7853981633974483, 1.4142135623730951
970, 80, 391, 223, 391, 225, 0, -2, -1.5707963267948966, 2.0
971, 8, 374, 282, 373, 284, 1, -2, -1.1071487177940904, 2.23606797749979
971, 12, 460, 132, 458, 132, 2, 0, 0.0, 2.0
971, 13, 302, 369, 301, 370, 1, -1, -0.7853981633974483, 1.4142135623730951
971, 15, 111, 236, 109, 238, 2, -2, -0.7853981633974483, 2.8284271247461903
971, 16, 401, 301, 400, 302, 1, -1, -0.7853981633974483, 1.4142135623730951
971, 36, 573, 264, 571, 262, 2, 2, 0.7853981633974483, 2.8284271247461903
971, 37, 388, 247, 389, 249, -1, -2, -2.0344439357957027, 2.23606797749979
971, 42, 395, 293, 394, 294, 1, -1, -0.7853981633974483, 1.4142135623730951
971, 56, 394, 362, 394, 364, 0, -2, -1.5707963267948966, 2.0
971, 60, 305, 359, 303, 359, 2, 0, 0.0, 2.0
971, 63, 600, 263, 599, 262, 1, 1, 0.7853981633974483, 1.4142135623730951
971, 71, 391, 221, 391, 223, 0, -2, -1.5707963267948966, 2.0
972, 8, 374, 280, 374, 282, 0, -2, -1.5707963267948966, 2.0
972, 12, 463, 133, 460, 132, 3, 1, 0.3217505543966422, 3.1622776601683795
972, 14, 526, 198, 527, 200, -1, -2, -2.0344439357957027, 2.23606797749979
972, 17, 571, 188, 570, 187, 1, 1, 0.7853981633974483, 1.4142135623730951
972, 21, 601, 317, 601, 315, 0, 2, 1.5707963267948966, 2.0
972, 32, 506, 121, 504, 121, 2, 0, 0.0, 2.0
972, 35, 575, 267, 573, 264, 2, 3, 0.982793723247329, 3.605551275463989
972, 38, 298, 363, 297, 364, 1, -1, -0.7853981633974483, 1.4142135623730951
972, 55, 394, 360, 394, 362, 0, -2, -1.5707963267948966, 2.0
972, 62, 599, 264, 600, 263, -1, 1, 2.356194490192345, 1.4142135623730951
972, 63, 330, 323, 329, 324, 1, -1, -0.7853981633974483, 1.4142135623730951
972, 70, 392, 219, 391, 221, 1, -2, -1.1071487177940904, 2.23606797749979
973, 8, 374, 277, 374, 280, 0, -3, -1.5707963267948966, 3.0
973, 12, 466, 133, 463, 133, 3, 0, 0.0, 3.0
973, 13, 303, 368, 302, 369, 1, -1, -0.7853981633974483, 1.4142135623730951
973, 15, 400, 298, 401, 300, -1, -2, -2.0344439357957027, 2.23606797749979
973, 25, 69, 355, 68, 356, 1, -1, -0.7853981633974483, 1.4142135623730951
973, 26, 233, 300, 235, 301, -2, -1, -2.677945044588987, 2.23606797749979
973, 33, 578, 271, 575, 267, 3, 4, 0.9272952180016122, 5.0
973, 35, 299, 362, 298, 363, 1, -1, -0.7853981633974483, 1.4142135623730951
973, 45, 195, 385, 194, 386, 1, -1, -0.7853981633974483, 1.4142135623730951
973, 48, 395, 359, 394, 360, 1, -1, -0.7853981633974483, 1.4142135623730951
973, 63, 391, 217, 392, 219, -1, -2, -2.0344439357957027, 2.23606797749979
974, 0, 163, 291, 164, 290, -1, 1, 2.356194490192345, 1.4142135623730951
974, 8, 374, 274, 374, 277, 0, -3, -1.5707963267948966, 3.0
974, 12, 468, 133, 466, 133, 2, 0, 0.0, 2.0
974, 16, 572, 190, 571, 189, 1, 1, 0.7853981633974483, 1.4142135623730951
974, 31, 174, 290, 174, 287, 0, 3, 1.5707963267948966, 3.0
974, 32, 576, 272, 578, 271, -2, 1, 2.677945044588987, 2.23606797749979
974, 34, 300, 361, 299, 362, 1, -1, -0.7853981633974483, 1.4142135623730951
974, 44, 196, 383, 195, 385, 1, -2, -1.1071487177940904, 2.23606797749979
974, 47, 395, 356, 395, 359, 0, -3, -1.5707963267948966, 3.0
974, 55, 585, 313, 586, 312, -1, 1, 2.356194490192345, 1.4142135623730951
975, 9, 468, 134, 465, 134, 3, 0, 0.0, 3.0
975, 12, 374, 275, 374, 278, 0, -3, -1.5707963267948966, 3.0
975, 19, 451, 170, 451, 172, 0, -2, -1.5707963267948966, 2.0
975, 22, 401, 297, 401, 299, 0, -2, -1.5707963267948966, 2.0
975, 27, 302, 368, 301, 369, 1, -1, -0.7853981633974483, 1.4142135623730951
975, 28, 439, 249, 439, 251, 0, -2, -1.5707963267948966, 2.0
975, 32, 605, 319, 606, 318, -1, 1, 2.356194490192345, 1.4142135623730951
975, 38, 244, 374, 243, 375, 1, -1, -0.7853981633974483, 1.4142135623730951
975, 41, 93, 212, 95, 213, -2, -1, -2.677945044588987, 2.23606797749979
975, 45, 529, 199, 527, 197, 2, 2, 0.7853981633974483, 2.8284271247461903
975, 50, 171, 186, 171, 188, 0, -2, -1.5707963267948966, 2.0
975, 54, 441, 225, 441, 227, 0, -2, -1.5707963267948966, 2.0
975, 55, 427, 310, 426, 312, 1, -2, -1.1071487177940904, 2.23606797749979
975, 56, 395, 354, 395, 356, 0, -2, -1.5707963267948966, 2.0
975, 57, 587, 225, 587, 223, 0, 2, 1.5707963267948966, 2.0
975, 61, 573, 190, 572, 189, 1, 1, 0.7853981633974483, 1.4142135623730951
975, 71, 53, 366, 50, 366, 3, 0, 0.0, 3.0
976, 9, 470, 133, 468, 134, 2, -1, -0.4636476090008061, 2.23606797749979
976, 12, 374, 272, 374, 275, 0, -3, -1.5707963267948966, 3.0
976, 22, 401, 295, 401, 297, 0, -2, -1.5707963267948966, 2.0
976, 40, 530, 202, 529, 199, 1, 3, 1.2490457723982544, 3.1622776601683795
976, 48, 428, 308, 427, 310, 1, -2, -1.1071487177940904, 2.23606797749979
976, 49, 396, 352, 395, 354, 1, -2, -1.1071487177940904, 2.23606797749979
976, 50, 586, 227, 587, 225, -1, 2, 2.0344439357957027, 2.23606797749979
976, 51, 109, 348, 108, 349, 1, -1, -0.7853981633974483, 1.4142135623730951
976, 54, 575, 192, 573, 190, 2, 2, 0.7853981633974483, 2.8284271247461903
976, 63, 55, 366, 53, 366, 2, 0, 0.0, 2.0
977, 6, 87, 410, 86, 411, 1, -1, -0.7853981633974483, 1.4142135623730951
977, 9, 471, 132, 470, 133, 1, -1, -0.7853981633974483, 1.4142135623730951
977, 12, 373, 270, 374, 272, -1, -2, -2.0344439357957027, 2.23606797749979
977, 19, 218, 236, 217, 237, 1, -1, -0.7853981633974483, 1.4142135623730951
977, 20, 194, 236, 193, 237, 1, -1, -0.7853981633974483, 1.4142135623730951
977, 25, 303, 367, 302, 368, 1, -1, -0.7853981633974483, 1.4142135623730951
977, 28, 605, 322, 605, 320, 0, 2, 1.5707963267948966, 2.0
977, 32, 149, 206, 148, 207, 1, -1, -0.7853981633974483, 1.4142135623730951
977, 36, 105, 360, 108, 359, -3, 1, 2.819842099193151, 3.1622776601683795
977, 37, 532, 204, 530, 202, 2, 2, 0.7853981633974483, 2.8284271247461903
977, 44, 428, 306, 428, 308, 0, -2, -1.5707963267948966, 2.0
977, 45, 397, 350, 396, 352, 1, -2, -1.1071487177940904, 2.23606797749979
977, 46, 585, 228, 586, 227, -1, 1, 2.356194490192345, 1.4142135623730951
977, 47, 110, 349, 109, 348, 1, 1, 0.7853981633974483, 1.4142135623730951
977, 49, 576, 193, 575, 192, 1, 1, 0.7853981633974483, 1.4142135623730951
978, 9, 472, 131, 471, 132, 1, -1, -0.7853981633974483, 1.4142135623730951
978, 12, 373, 267, 373, 270, 0, -3, -1.5707963267948966, 3.0
978, 18, 451, 166, 451, 168, 0, -2, -1.5707963267948966, 2.0
978, 25, 606, 323, 605, 322, 1, 1, 0.7853981633974483, 1.4142135623730951
978, 34, 534, 203, 532, 204, 2, -1, -0.4636476090008061, 2.23606797749979
978, 35, 7, 393, 6, 394, 1, -1, -0.7853981633974483, 1.4142135623730951
978, 40, 428, 304, 428, 306, 0, -2, -1.5707963267948966, 2.0
978, 41, 397, 348, 397, 350, 0, -2, -1.5707963267948966, 2.0
978, 44, 577, 194, 576, 193, 1, 1, 0.7853981633974483, 1.4142135623730951
978, 46, 199, 382, 198, 383, 1, -1, -0.7853981633974483, 1.4142135623730951
979, 2, 300, 327, 299, 328, 1, -1, -0.7853981633974483, 1.4142135623730951
979, 11, 373, 265, 373, 267, 0, -2, -1.5707963267948966, 2.0
979, 20, 304, 366, 303, 367, 1, -1, -0.7853981633974483, 1.4142135623730951
979, 34, 152, 337, 152, 339, 0, -2, -1.5707963267948966, 2.0
979, 39, 578, 196, 577, 194, 1, 2, 1.1071487177940904, 2.23606797749979
980, 14, 376, 271, 376, 273, 0, -2, -1.5707963267948966, 2.0
980, 24, 308, 367, 307, 368, 1, -1, -0.7853981633974483, 1.4142135623730951
980, 25, 604, 324, 605, 323, -1, 1, 2.356194490192345, 1.4142135623730951
980, 34, 97, 238, 96, 239, 1, -1, -0.7853981633974483, 1.4142135623730951
980, 40, 603, 272, 602, 273, 1, -1, -0.7853981633974483, 1.4142135623730951
980, 45, 540, 216, 539, 215, 1, 1, 0.7853981633974483, 1.4142135623730951
980, 62, 618, 273, 618, 271, 0, 2, 1.5707963267948966, 2.0
980, 70, 365, 371, 365, 373, 0, -2, -1.5707963267948966, 2.0
980, 78, 304, 359, 303, 360, 1, -1, -0.7853981633974483, 1.4142135623730951
980, 80, 181, 233, 182, 232, -1, 1, 2.356194490192345, 1.4142135623730951
980, 81, 580, 223, 579, 222, 1, 1, 0.7853981633974483, 1.4142135623730951
980, 84, 373, 346, 372, 348, 1, -2, -1.1071487177940904, 2.23606797749979
980, 85, 529, 206, 530, 208, -1, -2, -2.0344439357957027, 2.23606797749979
980, 89, 267, 363, 266, 364, 1, -1, -0.7853981633974483, 1.4142135623730951
980, 91, 355, 308, 354, 310, 1, -2, -1.1071487177940904, 2.23606797749979
980, 105, 472, 130, 471, 131, 1, -1, -0.7853981633974483, 1.4142135623730951
980, 106, 272, 335, 271, 336, 1, -1, -0.7853981633974483, 1.4142135623730951
980, 110, 406, 275, 407, 277, -1, -2, -2.0344439357957027, 2.23606797749979
981, 13, 376, 269, 376, 271, 0, -2, -1.5707963267948966, 2.0
981, 34, 58, 366, 56, 366, 2, 0, 0.0, 2.0
981, 42, 541, 218, 540, 216, 1, 2, 1.1071487177940904, 2.23606797749979
981, 57, 618, 275, 618, 273, 0, 2, 1.5707963267948966, 2.0
981, 63, 366, 369, 365, 371, 1, -2, -1.1071487177940904, 2.23606797749979
981, 65, 334, 322, 333, 323, 1, -1, -0.7853981633974483, 1.4142135623730951
981, 73, 581, 224, 580, 223, 1, 1, 0.7853981633974483, 1.4142135623730951
981, 75, 374, 344, 373, 346, 1, -2, -1.1071487177940904, 2.23606797749979
981, 76, 527, 204, 529, 206, -2, -2, -2.356194490192345, 2.8284271247461903
981, 82, 355, 306, 355, 308, 0, -2, -1.5707963267948966, 2.0
981, 95, 473, 129, 472, 130, 1, -1, -0.7853981633974483, 1.4142135623730951
981, 96, 273, 334, 272, 335, 1, -1, -0.7853981633974483, 1.4142135623730951
981, 100, 406, 273, 406, 275, 0, -2, -1.5707963267948966, 2.0
982, 13, 376, 267, 376, 269, 0, -2, -1.5707963267948966, 2.0
982, 18, 403, 292, 403, 294, 0, -2, -1.5707963267948966, 2.0
982, 32, 96, 235, 97, 237, -1, -2, -2.0344439357957027, 2.23606797749979
982, 41, 540, 219, 541, 218, -1, 1, 2.356194490192345, 1.4142135623730951
982, 50, 399, 349, 399, 351, 0, -2, -1.5707963267948966, 2.0
982, 53, 123, 188, 125, 188, -2, 0, 3.141592653589793, 2.0
982, 54, 618, 277, 618, 275, 0, 2, 1.5707963267948966, 2.0
982, 61, 166, 388, 165, 387, 1, 1, 0.7853981633974483, 1.4142135623730951
982, 62, 335, 321, 334, 322, 1, -1, -0.7853981633974483, 1.4142135623730951
982, 68, 32, 299, 31, 300, 1, -1, -0.7853981633974483, 1.4142135623730951
982, 70, 581, 222, 581, 224, 0, -2, -1.5707963267948966, 2.0
982, 72, 375, 342, 374, 344, 1, -2, -1.1071487177940904, 2.23606797749979
982, 79, 356, 304, 355, 306, 1, -2, -1.1071487177940904, 2.23606797749979
982, 93, 274, 333, 273, 334, 1, -1, -0.7853981633974483, 1.4142135623730951
983, 5, 119, 330, 121, 331, -2, -1, -2.677945044588987, 2.23606797749979
983, 12, 376, 265, 376, 267, 0, -2, -1.5707963267948966, 2.0
983, 17, 403, 290, 403, 292, 0, -2, -1.5707963267948966, 2.0
983, 26, 436, 249, 436, 251, 0, -2, -1.5707963267948966, 2.0
983, 30, 94, 234, 96, 235, -2, -1, -2.677945044588987, 2.23606797749979
983, 32, 60, 365, 59, 366, 1, -1, -0.7853981633974483, 1.4142135623730951
983, 39, 539, 222, 540, 219, -1, 3, 1.892546881191539, 3.1622776601683795
983, 43, 533, 149, 532, 150, 1, -1, -0.7853981633974483, 1.4142135623730951
983, 52, 618, 279, 618, 277, 0, 2, 1.5707963267948966, 2.0
983, 67, 581, 220, 581, 222, 0, -2, -1.5707963267948966, 2.0
983, 69, 376, 340, 375, 342, 1, -2, -1.1071487177940904, 2.23606797749979
983, 70, 528, 209, 527, 205, 1, 4, 1.3258176636680326, 4.123105625617661
983, 76, 356, 302, 356, 304, 0, -2, -1.5707963267948966, 2.0
983, 86, 184, 406, 183, 407, 1, -1, -0.7853981633974483, 1.4142135623730951
983, 88, 475, 128, 474, 129, 1, -1, -0.7853981633974483, 1.4142135623730951
983, 89, 275, 332, 274, 333, 1, -1, -0.7853981633974483, 1.4142135623730951
984, 11, 376, 263, 376, 265, 0, -2, -1.5707963267948966, 2.0
984, 16, 403, 288, 403, 290, 0, -2, -1.5707963267948966, 2.0
984, 20, 310, 366, 309, 367, 1, -1, -0.7853981633974483, 1.4142135623730951
984, 22, 115, 412, 114, 413, 1, -1, -0.7853981633974483, 1.4142135623730951
984, 23, 436, 247, 436, 249, 0, -2, -1.5707963267948966, 2.0
984, 24, 579, 199, 577, 197, 2, 2, 0.7853981633974483, 2.8284271247461903
984, 35, 537, 221, 539, 222, -2, -1, -2.677945044588987, 2.23606797749979
984, 43, 399, 346, 399, 348, 0, -2, -1.5707963267948966, 2.0
984, 50, 96, 214, 95, 215, 1, -1, -0.7853981633974483, 1.4142135623730951
984, 51, 366, 366, 366, 368, 0, -2, -1.5707963267948966, 2.0
984, 61, 582, 218, 581, 220, 1, -2, -1.1071487177940904, 2.23606797749979
984, 63, 377, 339, 376, 340, 1, -1, -0.7853981633974483, 1.4142135623730951
984, 64, 529, 212, 528, 209, 1, 3, 1.2490457723982544, 3.1622776601683795
984, 70, 356, 300, 356, 302, 0, -2, -1.5707963267948966, 2.0
984, 79, 122, 376, 121, 377, 1, -1, -0.7853981633974483, 1.4142135623730951
984, 80, 186, 406, 184, 406, 2, 0, 0.0, 2.0
984, 83, 277, 331, 275, 332, 2, -1, -0.4636476090008061, 2.23606797749979
985, 8, 18, 238, 17, 239, 1, -1, -0.7853981633974483, 1.4142135623730951
985, 9, 377, 267, 377, 269, 0, -2, -1.5707963267948966, 2.0
985, 16, 219, 262, 220, 261, -1, 1, 2.356194490192345, 1.4142135623730951
985, 23, 477, 131, 475, 131, 2, 0, 0.0, 2.0
985, 51, 620, 278, 619, 276, 1, 2, 1.1071487177940904, 2.23606797749979
985, 66, 67, 215, 66, 216, 1, -1, -0.7853981633974483, 1.4142135623730951
985, 75, 408, 271, 407, 272, 1, -1, -0.7853981633974483, 1.4142135623730951
985, 82, 395, 295, 395, 297, 0, -2, -1.5707963267948966, 2.0
985, 84, 364, 366, 364, 368, 0, -2, -1.5707963267948966, 2.0
985, 85, 120, 189, 122, 190, -2, -1, -2.677945044588987, 2.23606797749979
985, 91, 394, 352, 394, 354, 0, -2, -1.5707963267948966, 2.0
986, 7, 19, 237, 18, 238, 1, -1, -0.7853981633974483, 1.4142135623730951
986, 8, 377, 265, 377, 267, 0, -2, -1.5707963267948966, 2.0
986, 15, 405, 290, 405, 292, 0, -2, -1.5707963267948966, 2.0
986, 21, 479, 131, 477, 131, 2, 0, 0.0, 2.0
986, 23, 294, 347, 293, 348, 1, -1, -0.7853981633974483, 1.4142135623730951
986, 29, 116, 411, 115, 412, 1, -1, -0.7853981633974483, 1.4142135623730951
986, 39, 56, 367, 58, 367, -2, 0, 3.141592653589793, 2.0
986, 48, 620, 280, 620, 278, 0, 2, 1.5707963267948966, 2.0
986, 55, 487, 125, 485, 125, 2, 0, 0.0, 2.0
986, 61, 277, 334, 276, 335, 1, -1, -0.7853981633974483, 1.4142135623730951
986, 68, 391, 237, 390, 239, 1, -2, -1.1071487177940904, 2.23606797749979
986, 75, 536, 156, 535, 155, 1, 1, 0.7853981633974483, 1.4142135623730951
986, 77, 395, 291, 395, 295, 0, -4, -1.5707963267948966, 4.0
986, 78, 364, 364, 364, 366, 0, -2, -1.5707963267948966, 2.0
986, 83, 517, 125, 516, 124, 1, 1, 0.7853981633974483, 1.4142135623730951
986, 84, 394, 349, 394, 352, 0, -3, -1.5707963267948966, 3.0
987, 7, 19, 235, 19, 237, 0, -2, -1.5707963267948966, 2.0
987, 8, 377, 263, 377, 265, 0, -2, -1.5707963267948966, 2.0
987, 23, 606, 332, 606, 330, 0, 2, 1.5707963267948966, 2.0
987, 45, 403, 346, 402, 348, 1, -2, -1.1071487177940904, 2.23606797749979
987, 46, 620, 282, 620, 280, 0, 2, 1.5707963267948966, 2.0
987, 70, 536, 158, 536, 156, 0, 2, 1.5707963267948966, 2.0
987, 72, 395, 288, 395, 291, 0, -3, -1.5707963267948966, 3.0
988, 8, 378, 261, 377, 263, 1, -2, -1.1071487177940904, 2.23606797749979
988, 16, 440, 254, 439, 255, 1, -1, -0.7853981633974483, 1.4142135623730951
988, 19, 295, 345, 294, 347, 1, -2, -1.1071487177940904, 2.23606797749979
988, 20, 308, 371, 307, 370, 1, 1, 0.7853981633974483, 1.4142135623730951
988, 21, 608, 332, 606, 332, 2, 0, 0.0, 2.0
988, 24, 265, 324, 264, 326, 1, -2, -1.1071487177940904, 2.23606797749979
988, 35, 52, 367, 55, 367, -3, 0, 3.141592653589793, 3.0
988, 39, 96, 213, 96, 215, 0, -2, -1.5707963267948966, 2.0
988, 43, 404, 345, 403, 346, 1, -1, -0.7853981633974483, 1.4142135623730951
988, 44, 621, 284, 620, 282, 1, 2, 1.1071487177940904, 2.23606797749979
988, 50, 490, 125, 488, 125, 2, 0, 0.0, 2.0
988, 53, 9, 235, 8, 238, 1, -3, -1.2490457723982544, 3.1622776601683795
988, 56, 71, 215, 69, 215, 2, 0, 0.0, 2.0
988, 57, 105, 360, 104, 361, 1, -1, -0.7853981633974483, 1.4142135623730951
988, 61, 523, 185, 522, 184, 1, 1, 0.7853981633974483, 1.4142135623730951
988, 68, 537, 159, 536, 158, 1, 1, 0.7853981633974483, 1.4142135623730951
988, 70, 395, 284, 395, 288, 0, -4, -1.5707963267948966, 4.0
988, 71, 240, 406, 241, 408, -1, -2, -2.0344439357957027, 2.23606797749979
989, 2, 240, 310, 241, 309, -1, 1, 2.356194490192345, 1.4142135623730951
989, 8, 378, 259, 378, 261, 0, -2, -1.5707963267948966, 2.0
989, 13, 404, 286, 405, 288, -1, -2, -2.0344439357957027, 2.23606797749979
989, 18, 483, 131, 481, 131, 2, 0, 0.0, 2.0
989, 24, 266, 323, 265, 324, 1, -1, -0.7853981633974483, 1.4142135623730951
989, 26, 592, 330, 592, 328, 0, 2, 1.5707963267948966, 2.0
989, 40, 405, 343, 404, 345, 1, -2, -1.1071487177940904, 2.23606797749979
989, 41, 622, 286, 621, 284, 1, 2, 1.1071487177940904, 2.23606797749979
989, 42, 413, 217, 412, 218, 1, -1, -0.7853981633974483, 1.4142135623730951
989, 47, 492, 125, 490, 125, 2, 0, 0.0, 2.0
989, 57, 134, 185, 133, 186, 1, -1, -0.7853981633974483, 1.4142135623730951
989, 65, 538, 161, 537, 159, 1, 2, 1.1071487177940904, 2.23606797749979
989, 67, 397, 279, 395, 284, 2, -5, -1.1902899496825317, 5.385164807134504
989, 72, 395, 346, 394, 348, 1, -2, -1.1071487177940904, 2.23606797749979
990, 15, 543, 231, 541, 230, 2, 1, 0.4636476090008061, 2.23606797749979
990, 20, 407, 289, 407, 291, 0, -2, -1.5707963267948966, 2.0
990, 24, 380, 263, 379, 265, 1, -2, -1.1071487177940904, 2.23606797749979
990, 37, 442, 256, 440, 257, 2, -1, -0.4636476090008061, 2.23606797749979
990, 43, 299, 347, 298, 348, 1, -1, -0.7853981633974483, 1.4142135623730951
990, 47, 391, 248, 390, 250, 1, -2, -1.1071487177940904, 2.23606797749979
990, 48, 391, 205, 391, 207, 0, -2, -1.5707963267948966, 2.0
990, 51, 355, 344, 354, 346, 1, -2, -1.1071487177940904, 2.23606797749979
990, 53, 402, 286, 401, 287, 1, -1, -0.7853981633974483, 1.4142135623730951
990, 59, 415, 218, 413, 220, 2, -2, -0.7853981633974483, 2.8284271247461903
990, 62, 614, 353, 611, 353, 3, 0, 0.0, 3.0
990, 68, 124, 408, 123, 409, 1, -1, -0.7853981633974483, 1.4142135623730951
990, 69, 404, 349, 404, 351, 0, -2, -1.5707963267948966, 2.0
990, 72, 437, 154, 437, 156, 0, -2, -1.5707963267948966, 2.0
990, 74, 197, 234, 197, 237, 0, -3, -1.5707963267948966, 3.0
990, 76, 492, 127, 490, 127, 2, 0, 0.0, 2.0
990, 78, 54, 370, 56, 370, -2, 0, 3.141592653589793, 2.0
991, 14, 544, 230, 543, 231, 1, -1, -0.7853981633974483, 1.4142135623730951
991, 19, 407, 287, 407, 289, 0, -2, -1.5707963267948966, 2.0
991, 22, 380, 261, 380, 263, 0, -2, -1.5707963267948966, 2.0
991, 28, 582, 205, 581, 204, 1, 1, 0.7853981633974483, 1.4142135623730951
991, 34, 17, 238, 16, 239, 1, -1, -0.7853981633974483, 1.4142135623730951
991, 35, 442, 254, 442, 256, 0, -2, -1.5707963267948966, 2.0
991, 36, 98, 213, 97, 214, 1, -1, -0.7853981633974483, 1.4142135623730951
991, 40, 300, 346, 299, 347, 1, -1, -0.7853981633974483, 1.4142135623730951
991, 44, 391, 246, 391, 248, 0, -2, -1.5707963267948966, 2.0
991, 45, 391, 203, 391, 205, 0, -2, -1.5707963267948966, 2.0
991, 48, 356, 343, 355, 344, 1, -1, -0.7853981633974483, 1.4142135623730951
991, 50, 402, 284, 402, 286, 0, -2, -1.5707963267948966, 2.0
991, 56, 416, 216, 415, 218, 1, -2, -1.1071487177940904, 2.23606797749979
991, 59, 617, 353, 614, 353, 3, 0, 0.0, 3.0
991, 64, 609, 285, 608, 284, 1, 1, 0.7853981633974483, 1.4142135623730951
991, 66, 405, 348, 404, 349, 1, -1, -0.7853981633974483, 1.4142135623730951
991, 68, 438, 153, 437, 154, 1, -1, -0.7853981633974483, 1.4142135623730951
991, 72, 494, 127, 492, 127, 2, 0, 0.0, 2.0
991, 74, 52, 370, 54, 370, -2, 0, 3.141592653589793, 2.0
991, 76, 283, 376, 282, 377, 1, -1, -0.7853981633974483, 1.4142135623730951
992, 28, 583, 206, 582, 205, 1, 1, 0.7853981633974483, 1.4142135623730951
992, 34, 441, 252, 442, 254, -1, -2, -2.0344439357957027, 2.23606797749979
992, 43, 391, 243, 391, 246, 0, -3, -1.5707963267948966, 3.0
992, 44, 391, 201, 391, 203, 0, -2, -1.5707963267948966, 2.0
992, 47, 357, 342, 356, 343, 1, -1, -0.7853981633974483, 1.4142135623730951
992, 53, 12, 286, 11, 287, 1, -1, -0.7853981633974483, 1.4142135623730951
992, 54, 416, 214, 416, 216, 0, -2, -1.5707963267948966, 2.0
992, 57, 621, 352, 617, 353, 4, -1, -0.24497866312686414, 4.123105625617661
992, 63, 125, 407, 124, 408, 1, -1, -0.7853981633974483, 1.4142135623730951
992, 64, 405, 345, 405, 348, 0, -3, -1.5707963267948966, 3.0
992, 66, 439, 151, 438, 153, 1, -2, -1.1071487177940904, 2.23606797749979
992, 70, 496, 128, 494, 127, 2, 1, 0.4636476090008061, 2.23606797749979
992, 74, 284, 375, 283, 376, 1, -1, -0.7853981633974483, 1.4142135623730951
993, 19, 380, 258, 380, 260, 0, -2, -1.5707963267948966, 2.0
993, 24, 584, 208, 583, 206, 1, 2, 1.1071487177940904, 2.23606797749979
993, 25, 91, 413, 90, 414, 1, -1, -0.7853981633974483, 1.4142135623730951
993, 30, 441, 250, 441, 252, 0, -2, -1.5707963267948966, 2.0
993, 39, 391, 241, 391, 243, 0, -2, -1.5707963267948966, 2.0
993, 40, 391, 199, 391, 201, 0, -2, -1.5707963267948966, 2.0
993, 43, 358, 341, 357, 342, 1, -1, -0.7853981633974483, 1.4142135623730951
993, 47, 152, 391, 155, 390, -3, 1, 2.819842099193151, 3.1622776601683795
993, 49, 415, 212, 416, 214, -1, -2, -2.0344439357957027, 2.23606797749979
993, 52, 622, 351, 621, 352, 1, -1, -0.7853981633974483, 1.4142135623730951
993, 59, 405, 343, 405, 345, 0, -2, -1.5707963267948966, 2.0
993, 69, 285, 374, 284, 375, 1, -1, -0.7853981633974483, 1.4142135623730951
994, 14, 408, 283, 407, 285, 1, -2, -1.1071487177940904, 2.23606797749979
994, 17, 380, 256, 380, 258, 0, -2, -1.5707963267948966, 2.0
994, 22, 585, 210, 584, 208, 1, 2, 1.1071487177940904, 2.23606797749979
994, 31, 576, 284, 577, 286, -1, -2, -2.0344439357957027, 2.23606797749979
994, 33, 247, 403, 246, 404, 1, -1, -0.7853981633974483, 1.4142135623730951
994, 36, 391, 239, 391, 241, 0, -2, -1.5707963267948966, 2.0
994, 37, 391, 197, 391, 199, 0, -2, -1.5707963267948966, 2.0
994, 40, 359, 340, 358, 341, 1, -1, -0.7853981633974483, 1.4142135623730951
994, 45, 415, 210, 415, 212, 0, -2, -1.5707963267948966, 2.0
994, 48, 623, 350, 622, 351, 1, -1, -0.7853981633974483, 1.4142135623730951
994, 52, 609, 289, 609, 287, 0, 2, 1.5707963267948966, 2.0
994, 54, 406, 342, 405, 343, 1, -1, -0.7853981633974483, 1.4142135623730951
994, 56, 439, 148, 439, 150, 0, -2, -1.5707963267948966, 2.0
994, 60, 499, 128, 497, 128, 2, 0, 0.0, 2.0
994, 64, 286, 373, 285, 374, 1, -1, -0.7853981633974483, 1.4142135623730951
995, 14, 98, 211, 98, 213, 0, -2, -1.5707963267948966, 2.0
995, 19, 584, 300, 583, 299, 1, 1, 0.7853981633974483, 1.4142135623730951
995, 22, 468, 204, 469, 208, -1, -4, -1.8157749899217608, 4.123105625617661
995, 32, 100, 236, 98, 236, 2, 0, 0.0, 2.0
995, 34, 484, 133, 483, 134, 1, -1, -0.7853981633974483, 1.4142135623730951
995, 39, 586, 209, 585, 208, 1, 1, 0.7853981633974483, 1.4142135623730951
995, 42, 345, 323, 343, 323, 2, 0, 0.0, 2.0
995, 45, 381, 259, 381, 261, 0, -2, -1.5707963267948966, 2.0
995, 47, 311, 265, 311, 262, 0, 3, 1.5707963267948966, 3.0
995, 49, 383, 334, 382, 336, 1, -2, -1.1071487177940904, 2.23606797749979
995, 55, 395, 201, 394, 203, 1, -2, -1.1071487177940904, 2.23606797749979
995, 56, 81, 239, 80, 240, 1, -1, -0.7853981633974483, 1.4142135623730951
995, 60, 596, 245, 597, 243, -1, 2, 2.0344439357957027, 2.23606797749979
995, 72, 632, 326, 631, 325, 1, 1, 0.7853981633974483, 1.4142135623730951
995, 76, 292, 378, 291, 381, 1, -3, -1.2490457723982544, 3.1622776601683795
996, 2, 305, 332, 304, 331, 1, 1, 0.7853981633974483, 1.4142135623730951
996, 17, 585, 301, 584, 300, 1, 1, 0.7853981633974483, 1.4142135623730951
996, 21, 403, 348, 402, 350, 1, -2, -1.1071487177940904, 2.23606797749979
996, 32, 409, 285, 409, 287, 0, -2, -1.5707963267948966, 2.0
996, 33, 72, 355, 71, 356, 1, -1, -0.7853981633974483, 1.4142135623730951
996, 34, 125, 390, 124, 391, 1, -1, -0.7853981633974483, 1.4142135623730951
996, 39, 346, 322, 345, 323, 1, -1, -0.7853981633974483, 1.4142135623730951
996, 40, 117, 184, 116, 185, 1, -1, -0.7853981633974483, 1.4142135623730951
996, 42, 381, 257, 381, 259, 0, -2, -1.5707963267948966, 2.0
996, 45, 383, 332, 383, 334, 0, -2, -1.5707963267948966, 2.0
996, 51, 395, 199, 395, 201, 0, -2, -1.5707963267948966, 2.0
996, 63, 139, 249, 141, 250, -2, -1, -2.677945044588987, 2.23606797749979
996, 72, 292, 376, 292, 378, 0, -2, -1.5707963267948966, 2.0
997, 20, 404, 346, 403, 348, 1, -2, -1.1071487177940904, 2.23606797749979
997, 29, 485, 131, 484, 132, 1, -1, -0.7853981633974483, 1.4142135623730951
997, 40, 381, 255, 381, 257, 0, -2, -1.5707963267948966, 2.0
997, 43, 384, 329, 383, 332, 1, -3, -1.2490457723982544, 3.1622776601683795
997, 48, 289, 371, 288, 372, 1, -1, -0.7853981633974483, 1.4142135623730951
997, 52, 597, 331, 596, 330, 1, 1, 0.7853981633974483, 1.4142135623730951
997, 59, 607, 290, 608, 289, -1, 1, 2.356194490192345, 1.4142135623730951
997, 60, 137, 248, 139, 249, -2, -1, -2.677945044588987, 2.23606797749979
997, 63, 372, 363, 371, 365, 1, -2, -1.1071487177940904, 2.23606797749979
997, 64, 633, 327, 632, 326, 1, 1, 0.7853981633974483, 1.4142135623730951
997, 68, 293, 374, 292, 376, 1, -2, -1.1071487177940904, 2.23606797749979
998, 1, 306, 331, 305, 332, 1, -1, -0.7853981633974483, 1.4142135623730951
998, 19, 406, 345, 404, 346, 2, -1, -0.4636476090008061, 2.23606797749979
998, 27, 409, 282, 409, 284, 0, -2, -1.5707963267948966, 2.0
998, 30, 121, 410, 120, 411, 1, -1, -0.7853981633974483, 1.4142135623730951
998, 31, 587, 212, 586, 211, 1, 1, 0.7853981633974483, 1.4142135623730951
998, 35, 118, 183, 117, 184, 1, -1, -0.7853981633974483, 1.4142135623730951
998, 37, 381, 253, 381, 255, 0, -2, -1.5707963267948966, 2.0
998, 39, 384, 327, 384, 329, 0, -2, -1.5707963267948966, 2.0
998, 41, 401, 283, 400, 285, 1, -2, -1.1071487177940904, 2.23606797749979
998, 44, 290, 370, 289, 371, 1, -1, -0.7853981633974483, 1.4142135623730951
998, 45, 395, 196, 395, 198, 0, -2, -1.5707963267948966, 2.0
998, 55, 606, 291, 607, 290, -1, 1, 2.356194490192345, 1.4142135623730951
998, 62, 294, 373, 293, 374, 1, -1, -0.7853981633974483, 1.4142135623730951
999, 6, 94, 413, 93, 414, 1, -1, -0.7853981633974483, 1.4142135623730951
999, 9, 67, 332, 66, 333, 1, -1, -0.7853981633974483, 1.4142135623730951
999, 17, 407, 343, 406, 345, 1, -2, -1.1071487177940904, 2.23606797749979
999, 24, 488, 131, 486, 131, 2, 0, 0.0, 2.0
999, 25, 410, 281, 409, 282, 1, -1, -0.7853981633974483, 1.4142135623730951
999, 35, 382, 251, 381, 253, 1, -2, -1.1071487177940904, 2.23606797749979
999, 37, 385, 325, 384, 327, 1, -2, -1.1071487177940904, 2.23606797749979
999, 43, 396, 194, 395, 196, 1, -2, -1.1071487177940904, 2.23606797749979
999, 53, 605, 288, 606, 291, -1, -3, -1.892546881191539, 3.1622776601683795
999, 56, 373, 360, 372, 362, 1, -2, -1.1071487177940904, 2.23606797749979
999, 60, 295, 372, 294, 373, 1, -1, -0.7853981633974483, 1.4142135623730951
1000, 3, 243, 313, 244, 312, -1, 1, 2.356194490192345, 1.4142135623730951
1000, 17, 411, 286, 411, 288, 0, -2, -1.5707963267948966, 2.0
1000, 18, 383, 258, 383, 260, 0, -2, -1.5707963267948966, 2.0
1000, 21, 123, 409, 122, 410, 1, -1, -0.7853981633974483, 1.4142135623730951
1000, 24, 487, 135, 485, 134, 2, 1, 0.4636476090008061, 2.23606797749979
1000, 26, 15, 397, 14, 398, 1, -1, -0.7853981633974483, 1.4142135623730951
1000, 33, 550, 238, 551, 237, -1, 1, 2.356194490192345, 1.4142135623730951
1000, 34, 613, 340, 612, 339, 1, 1, 0.7853981633974483, 1.4142135623730951
1000, 37, 397, 228, 398, 230, -1, -2, -2.0344439357957027, 2.23606797749979
1000, 40, 120, 396, 119, 397, 1, -1, -0.7853981633974483, 1.4142135623730951
1000, 45, 5, 358, 4, 359, 1, -1, -0.7853981633974483, 1.4142135623730951
1000, 47, 529, 131, 528, 130, 1, 1, 0.7853981633974483, 1.4142135623730951
1000, 55, 599, 332, 598, 331, 1, 1, 0.7853981633974483, 1.4142135623730951
1000, 56, 376, 362, 375, 364, 1, -2, -1.1071487177940904, 2.23606797749979
1000, 58, 362, 335, 361, 337, 1, -2, -1.1071487177940904, 2.23606797749979
1000, 62, 302, 330, 301, 329, 1, 1, 0.7853981633974483, 1.4142135623730951
1001, 9, 117, 313, 118, 312, -1, 1, 2.356194490192345, 1.4142135623730951
1001, 17, 382, 256, 383, 258, -1, -2, -2.0344439357957027, 2.23606797749979
1001, 23, 489, 136, 487, 135, 2, 1, 0.4636476090008061, 2.23606797749979
1001, 25, 123, 289, 125, 290, -2, -1, -2.677945044588987, 2.23606797749979
1001, 26, 20, 236, 19, 237, 1, -1, -0.7853981633974483, 1.4142135623730951
1001, 31, 547, 237, 550, 238, -3, -1, -2.819842099193151, 3.1622776601683795
1001, 34, 283, 338, 282, 339, 1, -1, -0.7853981633974483, 1.4142135623730951
1001, 35, 396, 226, 397, 228, -1, -2, -2.0344439357957027, 2.23606797749979
1001, 44, 306, 263, 307, 266, -1, -3, -1.892546881191539, 3.1622776601683795
1001, 49, 601, 333, 599, 332, 2, 1, 0.4636476090008061, 2.23606797749979
1001, 50, 376, 360, 376, 362, 0, -2, -1.5707963267948966, 2.0
1001, 52, 363, 334, 362, 335, 1, -1, -0.7853981633974483, 1.4142135623730951
1001, 55, 588, 215, 587, 213, 1, 2, 1.1071487177940904, 2.23606797749979
1001, 62, 396, 196, 396, 198, 0, -2, -1.5707963267948966, 2.0
1002, 11, 97, 413, 96, 414, 1, -1, -0.7853981633974483, 1.4142135623730951
1002, 16, 411, 283, 411, 285, 0, -2, -1.5707963267948966, 2.0
1002, 17, 383, 254, 382, 256, 1, -2, -1.1071487177940904, 2.23606797749979
1002, 23, 492, 138, 489, 136, 3, 2, 0.5880026035475675, 3.605551275463989
1002, 24, 16, 396, 15, 397, 1, -1, -0.7853981633974483, 1.4142135623730951
1002, 31, 548, 239, 547, 237, 1, 2, 1.1071487177940904, 2.23606797749979
1002, 32, 614, 341, 613, 340, 1, 1, 0.7853981633974483, 1.4142135623730951
1002, 39, 6, 356, 5, 357, 1, -1, -0.7853981633974483, 1.4142135623730951
1002, 40, 531, 131, 529, 131, 2, 0, 0.0, 2.0
1002, 47, 377, 358, 376, 360, 1, -2, -1.1071487177940904, 2.23606797749979
1002, 49, 364, 332, 363, 334, 1, -2, -1.1071487177940904, 2.23606797749979
1002, 52, 588, 217, 588, 215, 0, 2, 1.5707963267948966, 2.0
1002, 59, 396, 194, 396, 196, 0, -2, -1.5707963267948966, 2.0
1003, 15, 412, 281, 411, 283, 1, -2, -1.1071487177940904, 2.23606797749979
1003, 16, 383, 252, 383, 254, 0, -2, -1.5707963267948966, 2.0
1003, 22, 496, 139, 492, 138, 4, 1, 0.24497866312686414, 4.123105625617661
1003, 25, 21, 234, 20, 235, 1, -1, -0.7853981633974483, 1.4142135623730951
1003, 30, 547, 241, 548, 239, -1, 2, 2.0344439357957027, 2.23606797749979
1003, 39, 532, 132, 531, 131, 1, 1, 0.7853981633974483, 1.4142135623730951
1003, 44, 300, 349, 299, 350, 1, -1, -0.7853981633974483, 1.4142135623730951
1003, 45, 603, 334, 601, 333, 2, 1, 0.4636476090008061, 2.23606797749979
1003, 46, 377, 356, 377, 358, 0, -2, -1.5707963267948966, 2.0
1003, 48, 365, 331, 364, 332, 1, -1, -0.7853981633974483, 1.4142135623730951
1003, 51, 589, 218, 588, 217, 1, 1, 0.7853981633974483, 1.4142135623730951
1003, 58, 396, 192, 396, 194, 0, -2, -1.5707963267948966, 2.0
1004, 14, 412, 279, 412, 281, 0, -2, -1.5707963267948966, 2.0
1004, 15, 382, 250, 383, 252, -1, -2, -2.0344439357957027, 2.23606797749979
1004, 20, 317, 369, 316, 370, 1, -1, -0.7853981633974483, 1.4142135623730951
1004, 21, 498, 140, 496, 139, 2, 1, 0.4636476090008061, 2.23606797749979
1004, 24, 22, 233, 21, 234, 1, -1, -0.7853981633974483, 1.4142135623730951
1004, 29, 548, 246, 547, 241, 1, 5, 1.373400766945016, 5.0990195135927845
1004, 30, 615, 342, 614, 341, 1, 1, 0.7853981633974483, 1.4142135623730951
1004, 37, 8, 354, 6, 355, 2, -1, -0.4636476090008061, 2.23606797749979
1004, 45, 378, 354, 377, 356, 1, -2, -1.1071487177940904, 2.23606797749979
1004, 47, 366, 329, 365, 331, 1, -2, -1.1071487177940904, 2.23606797749979
1004, 50, 590, 220, 589, 218, 1, 2, 1.1071487177940904, 2.23606797749979
1004, 57, 396, 189, 396, 192, 0, -3, -1.5707963267948966, 3.0
1005, 15, 550, 244, 547, 242, 3, 2, 0.5880026035475675, 3.605551275463989
1005, 17, 498, 140, 495, 139, 3, 1, 0.3217505543966422, 3.1622776601683795
1005, 19, 125, 412, 124, 413, 1, -1, -0.7853981633974483, 1.4142135623730951
1005, 27, 200, 233, 199, 234, 1, -1, -0.7853981633974483, 1.4142135623730951
1005, 28, 77, 330, 76, 331, 1, -1, -0.7853981633974483, 1.4142135623730951
1005, 37, 412, 280, 412, 282, 0, -2, -1.5707963267948966, 2.0
1005, 38, 414, 335, 413, 336, 1, -1, -0.7853981633974483, 1.4142135623730951
1005, 39, 384, 252, 384, 254, 0, -2, -1.5707963267948966, 2.0
1005, 48, 61, 368, 59, 368, 2, 0, 0.0, 2.0
1005, 55, 461, 158, 460, 159, 1, -1, -0.7853981633974483, 1.4142135623730951
1005, 56, 547, 230, 548, 232, -1, -2, -2.0344439357957027, 2.23606797749979
1005, 65, 366, 337, 366, 339, 0, -2, -1.5707963267948966, 2.0
1005, 66, 285, 336, 284, 337, 1, -1, -0.7853981633974483, 1.4142135623730951
1005, 72, 382, 359, 380, 361, 2, -2, -0.7853981633974483, 2.8284271247461903
1005, 74, 534, 133, 532, 132, 2, 1, 0.4636476090008061, 2.23606797749979
1005, 75, 13, 285, 12, 286, 1, -1, -0.7853981633974483, 1.4142135623730951
1005, 76, 192, 210, 191, 212, 1, -2, -1.1071487177940904, 2.23606797749979
1005, 79, 443, 293, 443, 295, 0, -2, -1.5707963267948966, 2.0
1005, 82, 37, 358, 35, 359, 2, -1, -0.4636476090008061, 2.23606797749979
1005, 88, 411, 261, 411, 263, 0, -2, -1.5707963267948966, 2.0
1006, 7, 23, 232, 22, 233, 1, -1, -0.7853981633974483, 1.4142135623730951
1006, 12, 552, 246, 550, 244, 2, 2, 0.7853981633974483, 2.8284271247461903
1006, 14, 501, 140, 498, 140, 3, 0, 0.0, 3.0
1006, 17, 101, 412, 100, 413, 1, -1, -0.7853981633974483, 1.4142135623730951
1006, 18, 304, 349, 303, 350, 1, -1, -0.7853981633974483, 1.4142135623730951
1006, 21, 267, 325, 268, 327, -1, -2, -2.0344439357957027, 2.23606797749979
1006, 22, 7, 356, 5, 356, 2, 0, 0.0, 2.0
1006, 27, 589, 221, 590, 220, -1, 1, 2.356194490192345, 1.4142135623730951
1006, 34, 415, 333, 414, 335, 1, -2, -1.1071487177940904, 2.23606797749979
1006, 35, 384, 250, 384, 252, 0, -2, -1.5707963267948966, 2.0
1006, 39, 394, 225, 394, 227, 0, -2, -1.5707963267948966, 2.0
1006, 43, 319, 369, 318, 370, 1, -1, -0.7853981633974483, 1.4142135623730951
1006, 44, 63, 367, 61, 368, 2, -1, -0.4636476090008061, 2.23606797749979
1006, 51, 546, 228, 547, 230, -1, -2, -2.0344439357957027, 2.23606797749979
1006, 59, 367, 335, 366, 337, 1, -2, -1.1071487177940904, 2.23606797749979
1006, 68, 535, 134, 534, 133, 1, 1, 0.7853981633974483, 1.4142135623730951
1006, 70, 194, 211, 192, 210, 2, 1, 0.4636476090008061, 2.23606797749979
1006, 76, 40, 357, 37, 358, 3, -1, -0.3217505543966422, 3.1622776601683795
1006, 79, 182, 186, 181, 187, 1, -1, -0.7853981633974483, 1.4142135623730951
1006, 84, 159, 202, 157, 203, 2, -1, -0.4636476090008061, 2.23606797749979
1007, 3, 315, 332, 314, 333, 1, -1, -0.7853981633974483, 1.4142135623730951
1007, 10, 447, 124, 446, 125, 1, -1, -0.7853981633974483, 1.4142135623730951
1007, 12, 211, 388, 211, 390, 0, -2, -1.5707963267948966, 2.0
1007, 13, 503, 139, 501, 140, 2, -1, -0.4636476090008061, 2.23606797749979
1007, 25, 590, 222, 589, 221, 1, 1, 0.7853981633974483, 1.4142135623730951
1007, 27, 175, 251, 175, 253, 0, -2, -1.5707963267948966, 2.0
1007, 31, 410, 278, 412, 279, -2, -1, -2.677945044588987, 2.23606797749979
1007, 32, 416, 332, 415, 333, 1, -1, -0.7853981633974483, 1.4142135623730951
1007, 33, 382, 248, 384, 250, -2, -2, -2.356194490192345, 2.8284271247461903
1007, 36, 392, 222, 394, 225, -2, -3, -2.158798930342464, 3.605551275463989
1007, 40, 65, 367, 63, 367, 2, 0, 0.0, 2.0
1007, 43, 286, 378, 285, 379, 1, -1, -0.7853981633974483, 1.4142135623730951
1007, 45, 462, 156, 461, 157, 1, -1, -0.7853981633974483, 1.4142135623730951
1007, 46, 546, 226, 546, 228, 0, -2, -1.5707963267948966, 2.0
1007, 52, 122, 393, 122, 395, 0, -2, -1.5707963267948966, 2.0
1007, 53, 368, 333, 367, 335, 1, -2, -1.1071487177940904, 2.23606797749979
1007, 54, 286, 334, 285, 335, 1, -1, -0.7853981633974483, 1.4142135623730951
1007, 59, 383, 355, 382, 358, 1, -3, -1.2490457723982544, 3.1622776601683795
1007, 63, 196, 212, 194, 211, 2, 1, 0.4636476090008061, 2.23606797749979
1007, 74, 411, 257, 411, 260, 0, -3, -1.5707963267948966, 3.0
1007, 79, 422, 259, 422, 261, 0, -2, -1.5707963267948966, 2.0
1008, 3, 316, 331, 315, 332, 1, -1, -0.7853981633974483, 1.4142135623730951
1008, 5, 10, 232, 9, 233, 1, -1, -0.7853981633974483, 1.4142135623730951
1008, 10, 447, 122, 447, 124, 0, -2, -1.5707963267948966, 2.0
1008, 26, 172, 253, 175, 251, -3, 2, 2.5535900500422257, 3.605551275463989
1008, 31, 416, 330, 416, 332, 0, -2, -1.5707963267948966, 2.0
1008, 32, 383, 246, 382, 248, 1, -2, -1.1071487177940904, 2.23606797749979
1008, 40, 184, 251, 186, 250, -2, 1, 2.677945044588987, 2.23606797749979
1008, 42, 286, 376, 286, 378, 0, -2, -1.5707963267948966, 2.0
1008, 45, 548, 228, 546, 226, 2, 2, 0.7853981633974483, 2.8284271247461903
1008, 51, 369, 332, 368, 333, 1, -1, -0.7853981633974483, 1.4142135623730951
1008, 52, 287, 333, 286, 334, 1, -1, -0.7853981633974483, 1.4142135623730951
1008, 57, 384, 354, 383, 355, 1, -1, -0.7853981633974483, 1.4142135623730951
1008, 60, 197, 213, 196, 212, 1, 1, 0.7853981633974483, 1.4142135623730951
1008, 63, 443, 289, 443, 291, 0, -2, -1.5707963267948966, 2.0
1008, 70, 412, 254, 411, 257, 1, -3, -1.2490457723982544, 3.1622776601683795
1009, 11, 553, 243, 553, 245, 0, -2, -1.5707963267948966, 2.0
1009, 13, 506, 139, 504, 139, 2, 0, 0.0, 2.0
1009, 20, 8, 357, 9, 356, -1, 1, 2.356194490192345, 1.4142135623730951
1009, 23, 591, 224, 590, 223, 1, 1, 0.7853981633974483, 1.4142135623730951
1009, 30, 415, 328, 416, 330, -1, -2, -2.0344439357957027, 2.23606797749979
1009, 40, 602, 336, 600, 336, 2, 0, 0.0, 2.0
1009, 41, 286, 374, 286, 376, 0, -2, -1.5707963267948966, 2.0
1009, 43, 463, 154, 462, 155, 1, -1, -0.7853981633974483, 1.4142135623730951
1009, 44, 549, 231, 548, 228, 1, 3, 1.2490457723982544, 3.1622776601683795
1009, 49, 124, 392, 123, 393, 1, -1, -0.7853981633974483, 1.4142135623730951
1009, 50, 370, 330, 369, 332, 1, -2, -1.1071487177940904, 2.23606797749979
1009, 51, 288, 332, 287, 333, 1, -1, -0.7853981633974483, 1.4142135623730951
1009, 56, 385, 352, 384, 354, 1, -2, -1.1071487177940904, 2.23606797749979
1009, 58, 537, 137, 535, 135, 2, 2, 0.7853981633974483, 2.8284271247461903
1009, 59, 191, 209, 197, 213, -6, -4, -2.5535900500422257, 7.211102550927978
1010, 23, 505, 141, 503, 141, 2, 0, 0.0, 2.0
1010, 26, 306, 350, 305, 351, 1, -1, -0.7853981633974483, 1.4142135623730951
1010, 33, 120, 233, 120, 235, 0, -2, -1.5707963267948966, 2.0
1010, 34, 416, 332, 415, 334, 1, -2, -1.1071487177940904, 2.23606797749979
1010, 37, 417, 201, 416, 203, 1, -2, -1.1071487177940904, 2.23606797749979
1010, 44, 594, 224, 593, 223, 1, 1, 0.7853981633974483, 1.4142135623730951
1010, 51, 234, 190, 233, 191, 1, -1, -0.7853981633974483, 1.4142135623730951
1010, 58, 610, 303, 611, 302, -1, 1, 2.356194490192345, 1.4142135623730951
1010, 64, 255, 409, 254, 410, 1, -1, -0.7853981633974483, 1.4142135623730951
1010, 72, 633, 346, 631, 347, 2, -1, -0.4636476090008061, 2.23606797749979
1010, 76, 551, 235, 548, 233, 3, 2, 0.5880026035475675, 3.605551275463989
1010, 88, 30, 258, 29, 259, 1, -1, -0.7853981633974483, 1.4142135623730951
1010, 91, 125, 395, 124, 396, 1, -1, -0.7853981633974483, 1.4142135623730951
1010, 96, 445, 289, 444, 291, 1, -2, -1.1071487177940904, 2.23606797749979
1010, 99, 366, 283, 366, 285, 0, -2, -1.5707963267948966, 2.0
1010, 103, 575, 281, 574, 279, 1, 2, 1.1071487177940904, 2.23606797749979
1010, 109, 538, 138, 537, 137, 1, 1, 0.7853981633974483, 1.4142135623730951
1010, 110, 364, 330, 363, 331, 1, -1, -0.7853981633974483, 1.4142135623730951
1010, 111, 392, 320, 391, 322, 1, -2, -1.1071487177940904, 2.23606797749979
1011, 2, 316, 332, 315, 333, 1, -1, -0.7853981633974483, 1.4142135623730951
1011, 22, 507, 141, 505, 141, 2, 0, 0.0, 2.0
1011, 27, 385, 247, 385, 249, 0, -2, -1.5707963267948966, 2.0
1011, 31, 121, 232, 120, 233, 1, -1, -0.7853981633974483, 1.4142135623730951
1011, 33, 438, 243, 439, 242, -1, 1, 2.356194490192345, 1.4142135623730951
1011, 42, 595, 225, 594, 224, 1, 1, 0.7853981633974483, 1.4142135623730951
1011, 56, 609, 304, 610, 303, -1, 1, 2.356194490192345, 1.4142135623730951
1011, 68, 635, 345, 633, 346, 2, -1, -0.4636476090008061, 2.23606797749979
1011, 72, 553, 238, 551, 235, 2, 3, 0.982793723247329, 3.605551275463989
1011, 76, 513, 132, 512, 131, 1, 1, 0.7853981633974483, 1.4142135623730951
1011, 92, 366, 281, 366, 283, 0, -2, -1.5707963267948966, 2.0
1011, 102, 539, 139, 538, 138, 1, 1, 0.7853981633974483, 1.4142135623730951
1011, 103, 365, 328, 364, 330, 1, -2, -1.1071487177940904, 2.23606797749979
1011, 104, 392, 318, 392, 320, 0, -2, -1.5707963267948966, 2.0
1012, 25, 386, 246, 385, 247, 1, -1, -0.7853981633974483, 1.4142135623730951
1012, 30, 416, 329, 416, 331, 0, -2, -1.5707963267948966, 2.0
1012, 31, 439, 242, 438, 243, 1, -1, -0.7853981633974483, 1.4142135623730951
1012, 33, 416, 199, 417, 201, -1, -2, -2.0344439357957027, 2.23606797749979
1012, 36, 137, 190, 138, 189, -1, 1, 2.356194490192345, 1.4142135623730951
1012, 40, 596, 226, 595, 225, 1, 1, 0.7853981633974483, 1.4142135623730951
1012, 52, 496, 132, 494, 133, 2, -1, -0.4636476090008061, 2.23606797749979
1012, 54, 608, 305, 609, 304, -1, 1, 2.356194490192345, 1.4142135623730951
1012, 74, 463, 155, 462, 156, 1, -1, -0.7853981633974483, 1.4142135623730951
1012, 80, 126, 394, 125, 395, 1, -1, -0.7853981633974483, 1.4142135623730951
1012, 87, 366, 279, 366, 281, 0, -2, -1.5707963267948966, 2.0
1012, 97, 366, 327, 365, 328, 1, -1, -0.7853981633974483, 1.4142135623730951
1012, 98, 393, 315, 392, 318, 1, -3, -1.2490457723982544, 3.1622776601683795
1013, 2, 317, 331, 316, 332, 1, -1, -0.7853981633974483, 1.4142135623730951
1013, 3, 171, 293, 170, 294, 1, -1, -0.7853981633974483, 1.4142135623730951
1013, 15, 100, 413, 99, 414, 1, -1, -0.7853981633974483, 1.4142135623730951
1013, 39, 597, 228, 596, 226, 1, 2, 1.1071487177940904, 2.23606797749979
1013, 51, 499, 132, 496, 132, 3, 0, 0.0, 3.0
1013, 61, 23, 231, 22, 232, 1, -1, -0.7853981633974483, 1.4142135623730951
1013, 66, 551, 238, 553, 239, -2, -1, -2.677945044588987, 2.23606797749979
1013, 69, 516, 133, 514, 132, 2, 1, 0.4636476090008061, 2.23606797749979
1013, 70, 464, 153, 463, 155, 1, -2, -1.1071487177940904, 2.23606797749979
1013, 81, 366, 277, 366, 279, 0, -2, -1.5707963267948966, 2.0
1013, 90, 541, 141, 539, 140, 2, 1, 0.4636476090008061, 2.23606797749979
1013, 91, 367, 326, 366, 327, 1, -1, -0.7853981633974483, 1.4142135623730951
1013, 92, 393, 313, 393, 315, 0, -2, -1.5707963267948966, 2.0
1014, 2, 318, 330, 317, 331, 1, -1, -0.7853981633974483, 1.4142135623730951
1014, 21, 508, 142, 509, 141, -1, 1, 2.356194490192345, 1.4142135623730951
1014, 22, 414, 274, 413, 275, 1, -1, -0.7853981633974483, 1.4142135623730951
1014, 25, 386, 243, 386, 245, 0, -2, -1.5707963267948966, 2.0
1014, 31, 440, 240, 439, 241, 1, -1, -0.7853981633974483, 1.4142135623730951
1014, 38, 597, 230, 597, 228, 0, 2, 1.5707963267948966, 2.0
1014, 41, 17, 286, 16, 287, 1, -1, -0.7853981633974483, 1.4142135623730951
1014, 49, 501, 131, 499, 132, 2, -1, -0.4636476090008061, 2.23606797749979
1014, 51, 607, 307, 608, 305, -1, 2, 2.0344439357957027, 2.23606797749979
1014, 52, 603, 343, 602, 342, 1, 1, 0.7853981633974483, 1.4142135623730951
1014, 54, 19, 397, 18, 398, 1, -1, -0.7853981633974483, 1.4142135623730951
1014, 60, 123, 188, 122, 189, 1, -1, -0.7853981633974483, 1.4142135623730951
1014, 64, 550, 236, 551, 238, -1, -2, -2.0344439357957027, 2.23606797749979
1014, 68, 465, 152, 464, 153, 1, -1, -0.7853981633974483, 1.4142135623730951
1014, 71, 107, 389, 106, 390, 1, -1, -0.7853981633974483, 1.4142135623730951
1014, 78, 366, 275, 366, 277, 0, -2, -1.5707963267948966, 2.0
1014, 79, 26, 284, 28, 284, -2, 0, 3.141592653589793, 2.0
1014, 87, 542, 142, 541, 141, 1, 1, 0.7853981633974483, 1.4142135623730951
1014, 88, 368, 325, 367, 326, 1, -1, -0.7853981633974483, 1.4142135623730951
1014, 89, 393, 310, 393, 313, 0, -3, -1.5707963267948966, 3.0
1015, 28, 386, 246, 386, 248, 0, -2, -1.5707963267948966, 2.0
1015, 36, 324, 328, 323, 329, 1, -1, -0.7853981633974483, 1.4142135623730951
1015, 38, 467, 200, 468, 202, -1, -2, -2.0344439357957027, 2.23606797749979
1015, 44, 258, 371, 256, 374, 2, -3, -0.982793723247329, 3.605551275463989
1015, 51, 372, 334, 371, 335, 1, -1, -0.7853981633974483, 1.4142135623730951
1015, 54, 516, 135, 515, 134, 1, 1, 0.7853981633974483, 1.4142135623730951
1015, 63, 601, 251, 600, 250, 1, 1, 0.7853981633974483, 1.4142135623730951
1015, 68, 76, 215, 78, 216, -2, -1, -2.677945044588987, 2.23606797749979
1015, 75, 135, 402, 134, 403, 1, -1, -0.7853981633974483, 1.4142135623730951
1015, 82, 127, 192, 125, 192, 2, 0, 0.0, 2.0
1015, 83, 108, 392, 107, 393, 1, -1, -0.7853981633974483, 1.4142135623730951
1015, 85, 608, 263, 607, 260, 1, 3, 1.2490457723982544, 3.1622776601683795
1015, 86, 72, 215, 68, 215, 4, 0, 0.0, 4.0
1015, 91, 421, 190, 420, 192, 1, -2, -1.1071487177940904, 2.23606797749979
1015, 95, 394, 216, 393, 218, 1, -2, -1.1071487177940904, 2.23606797749979
1016, 21, 416, 274, 415, 276, 1, -2, -1.1071487177940904, 2.23606797749979
1016, 24, 203, 400, 204, 399, -1, 1, 2.356194490192345, 1.4142135623730951
1016, 26, 386, 244, 386, 246, 0, -2, -1.5707963267948966, 2.0
1016, 28, 322, 370, 321, 371, 1, -1, -0.7853981633974483, 1.4142135623730951
1016, 30, 66, 366, 68, 366, -2, 0, 3.141592653589793, 2.0
1016, 33, 388, 348, 387, 350, 1, -2, -1.1071487177940904, 2.23606797749979
1016, 38, 412, 333, 411, 335, 1, -2, -1.1071487177940904, 2.23606797749979
1016, 47, 542, 143, 541, 141, 1, 2, 1.1071487177940904, 2.23606797749979
1016, 51, 518, 135, 516, 135, 2, 0, 0.0, 2.0
1016, 59, 602, 253, 601, 251, 1, 2, 1.1071487177940904, 2.23606797749979
1016, 61, 178, 228, 177, 229, 1, -1, -0.7853981633974483, 1.4142135623730951
1016, 63, 250, 384, 252, 384, -2, 0, 3.141592653589793, 2.0
1016, 81, 609, 266, 608, 263, 1, 3, 1.2490457723982544, 3.1622776601683795
1016, 83, 193, 210, 192, 211, 1, -1, -0.7853981633974483, 1.4142135623730951
1016, 88, 597, 230, 596, 229, 1, 1, 0.7853981633974483, 1.4142135623730951
1016, 90, 395, 214, 394, 216, 1, -2, -1.1071487177940904, 2.23606797749979
1017, 2, 321, 333, 320, 334, 1, -1, -0.7853981633974483, 1.4142135623730951
1017, 9, 80, 355, 81, 354, -1, 1, 2.356194490192345, 1.4142135623730951
1017, 23, 201, 401, 203, 400, -2, 1, 2.677945044588987, 2.23606797749979
1017, 25, 387, 243, 386, 244, 1, -1, -0.7853981633974483, 1.4142135623730951
1017, 29, 64, 367, 66, 366, -2, 1, 2.677945044588987, 2.23606797749979
1017, 32, 388, 346, 388, 348, 0, -2, -1.5707963267948966, 2.0
1017, 37, 413, 332, 412, 333, 1, -1, -0.7853981633974483, 1.4142135623730951
1017, 39, 26, 399, 22, 400, 4, -1, -0.24497866312686414, 4.123105625617661
1017, 43, 624, 312, 625, 311, -1, 1, 2.356194490192345, 1.4142135623730951
1017, 45, 543, 144, 542, 143, 1, 1, 0.7853981633974483, 1.4142135623730951
1017, 46, 373, 330, 372, 333, 1, -3, -1.2490457723982544, 3.1622776601683795
1017, 48, 519, 136, 518, 135, 1, 1, 0.7853981633974483, 1.4142135623730951
1017, 55, 602, 257, 602, 253, 0, 4, 1.5707963267948966, 4.0
1017, 64, 103, 211, 101, 211, 2, 0, 0.0, 2.0
1017, 65, 180, 337, 178, 337, 2, 0, 0.0, 2.0
1017, 69, 41, 359, 43, 359, -2, 0, 3.141592653589793, 2.0
1017, 72, 288, 338, 287, 340, 1, -2, -1.1071487177940904, 2.23606797749979
1017, 73, 299, 369, 298, 370, 1, -1, -0.7853981633974483, 1.4142135623730951
1017, 74, 128, 190, 127, 191, 1, -1, -0.7853981633974483, 1.4142135623730951
1017, 77, 611, 270, 609, 266, 2, 4, 1.1071487177940904, 4.47213595499958
1017, 89, 144, 250, 145, 252, -1, -2, -2.0344439357957027, 2.23606797749979
1018, 2, 323, 333, 321, 333, 2, 0, 0.0, 2.0
1018, 3, 201, 350, 200, 349, 1, 1, 0.7853981633974483, 1.4142135623730951
1018, 10, 104, 413, 102, 413, 2, 0, 0.0, 2.0
1018, 20, 415, 271, 416, 273, -1, -2, -2.0344439357957027, 2.23606797749979
1018, 29, 62, 366, 64, 367, -2, -1, -2.677945044588987, 2.23606797749979
1018, 34, 327, 361, 326, 362, 1, -1, -0.7853981633974483, 1.4142135623730951
1018, 35, 623, 345, 622, 344, 1, 1, 0.7853981633974483, 1.4142135623730951
1018, 44, 544, 145, 543, 144, 1, 1, 0.7853981633974483, 1.4142135623730951
1018, 45, 374, 329, 373, 330, 1, -1, -0.7853981633974483, 1.4142135623730951
1018, 51, 200, 322, 199, 324, 1, -2, -1.1071487177940904, 2.23606797749979
1018, 74, 612, 274, 611, 270, 1, 4, 1.3258176636680326, 4.123105625617661
1018, 83, 60, 262, 59, 264, 1, -2, -1.1071487177940904, 2.23606797749979
1019, 2, 324, 332, 323, 333, 1, -1, -0.7853981633974483, 1.4142135623730951
1019, 7, 13, 232, 12, 233, 1, -1, -0.7853981633974483, 1.4142135623730951
1019, 20, 416, 270, 415, 271, 1, -1, -0.7853981633974483, 1.4142135623730951
1019, 23, 199, 402, 200, 401, -1, 1, 2.356194490192345, 1.4142135623730951
1019, 25, 388, 241, 387, 242, 1, -1, -0.7853981633974483, 1.4142135623730951
1019, 26, 324, 369, 323, 370, 1, -1, -0.7853981633974483, 1.4142135623730951
1019, 32, 326, 327, 325, 328, 1, -1, -0.7853981633974483, 1.4142135623730951
1019, 35, 260, 408, 259, 409, 1, -1, -0.7853981633974483, 1.4142135623730951
1019, 37, 608, 343, 606, 343, 2, 0, 0.0, 2.0
1019, 40, 625, 315, 624, 313, 1, 2, 1.1071487177940904, 2.23606797749979
1019, 42, 545, 146, 544, 145, 1, 1, 0.7853981633974483, 1.4142135623730951
1019, 44, 521, 137, 520, 136, 1, 1, 0.7853981633974483, 1.4142135623730951
1019, 50, 132, 287, 133, 286, -1, 1, 2.356194490192345, 1.4142135623730951
1019, 69, 128, 187, 128, 189, 0, -2, -1.5707963267948966, 2.0
1019, 78, 597, 234, 597, 232, 0, 2, 1.5707963267948966, 2.0
1020, 22, 327, 371, 326, 372, 1, -1, -0.7853981633974483, 1.4142135623730951
1020, 28, 389, 245, 389, 247, 0, -2, -1.5707963267948966, 2.0
1020, 41, 521, 138, 520, 137, 1, 1, 0.7853981633974483, 1.4142135623730951
1020, 44, 609, 271, 608, 268, 1, 3, 1.2490457723982544, 3.1622776601683795
1020, 47, 585, 310, 585, 308, 0, 2, 1.5707963267948966, 2.0
1020, 51, 40, 362, 42, 363, -2, -1, -2.677945044588987, 2.23606797749979
1020, 60, 600, 234, 599, 233, 1, 1, 0.7853981633974483, 1.4142135623730951
1020, 63, 545, 146, 544, 144, 1, 2, 1.1071487177940904, 2.23606797749979
1020, 64, 36, 300, 38, 301, -2, -1, -2.677945044588987, 2.23606797749979
1020, 66, 407, 167, 407, 169, 0, -2, -1.5707963267948966, 2.0
1020, 70, 389, 275, 389, 277, 0, -2, -1.5707963267948966, 2.0
1020, 76, 181, 387, 180, 388, 1, -1, -0.7853981633974483, 1.4142135623730951
1020, 77, 63, 371, 65, 371, -2, 0, 3.141592653589793, 2.0
1020, 83, 569, 190, 568, 188, 1, 2, 1.1071487177940904, 2.23606797749979
1020, 84, 92, 351, 94, 351, -2, 0, 3.141592653589793, 2.0
1021, 25, 140, 391, 139, 392, 1, -1, -0.7853981633974483, 1.4142135623730951
1021, 29, 418, 273, 417, 274, 1, -1, -0.7853981633974483, 1.4142135623730951
1021, 38, 522, 139, 521, 138, 1, 1, 0.7853981633974483, 1.4142135623730951
1021, 41, 609, 273, 609, 271, 0, 2, 1.5707963267948966, 2.0
1021, 44, 586, 312, 585, 310, 1, 2, 1.1071487177940904, 2.23606797749979
1021, 48, 38, 362, 40, 362, -2, 0, 3.141592653589793, 2.0
1021, 65, 389, 273, 389, 275, 0, -2, -1.5707963267948966, 2.0
1021, 66, 169, 393, 171, 394, -2, -1, -2.677945044588987, 2.23606797749979
1021, 68, 394, 212, 395, 214, -1, -2, -2.0344439357957027, 2.23606797749979
1021, 70, 14, 283, 15, 285, -1, -2, -2.0344439357957027, 2.23606797749979
1022, 1, 327, 331, 325, 332, 2, -1, -0.4636476090008061, 2.23606797749979
1022, 19, 328, 370, 327, 371, 1, -1, -0.7853981633974483, 1.4142135623730951
1022, 24, 141, 390, 140, 391, 1, -1, -0.7853981633974483, 1.4142135623730951
1022, 25, 389, 242, 389, 244, 0, -2, -1.5707963267948966, 2.0
1022, 28, 418, 271, 418, 273, 0, -2, -1.5707963267948966, 2.0
1022, 30, 293, 379, 292, 380, 1, -1, -0.7853981633974483, 1.4142135623730951
1022, 33, 311, 350, 310, 351, 1, -1, -0.7853981633974483, 1.4142135623730951
1022, 37, 523, 140, 522, 139, 1, 1, 0.7853981633974483, 1.4142135623730951
1022, 39, 191, 357, 193, 359, -2, -2, -2.356194490192345, 2.8284271247461903
1022, 41, 164, 208, 161, 208, 3, 0, 0.0, 3.0
1022, 43, 587, 315, 586, 312, 1, 3, 1.2490457723982544, 3.1622776601683795
1022, 51, 330, 324, 329, 325, 1, -1, -0.7853981633974483, 1.4142135623730951
1022, 61, 140, 384, 141, 383, -1, 1, 2.356194490192345, 1.4142135623730951
1022, 62, 107, 210, 106, 211, 1, -1, -0.7853981633974483, 1.4142135623730951
1022, 63, 130, 189, 132, 190, -2, -1, -2.677945044588987, 2.23606797749979
1022, 64, 389, 271, 389, 273, 0, -2, -1.5707963267948966, 2.0
1022, 65, 167, 394, 169, 393, -2, 1, 2.677945044588987, 2.23606797749979
1022, 67, 394, 210, 394, 212, 0, -2, -1.5707963267948966, 2.0
1022, 68, 17, 283, 14, 283, 3, 0, 0.0, 3.0
1022, 72, 261, 409, 260, 410, 1, -1, -0.7853981633974483, 1.4142135623730951
1022, 75, 76, 238, 78, 239, -2, -1, -2.677945044588987, 2.23606797749979
1022, 76, 570, 192, 569, 190, 1, 2, 1.1071487177940904, 2.23606797749979
1023, 16, 510, 139, 509, 140, 1, -1, -0.7853981633974483, 1.4142135623730951
1023, 25, 389, 240, 389, 242, 0, -2, -1.5707963267948966, 2.0
1023, 32, 312, 349, 311, 350, 1, -1, -0.7853981633974483, 1.4142135623730951
1023, 36, 524, 141, 523, 140, 1, 1, 0.7853981633974483, 1.4142135623730951
1023, 39, 608, 275, 609, 274, -1, 1, 2.356194490192345, 1.4142135623730951
1023, 42, 588, 317, 587, 315, 1, 2, 1.1071487177940904, 2.23606797749979
1023, 50, 331, 323, 330, 324, 1, -1, -0.7853981633974483, 1.4142135623730951
1023, 56, 547, 148, 546, 147, 1, 1, 0.7853981633974483, 1.4142135623730951
1023, 62, 389, 269, 389, 271, 0, -2, -1.5707963267948966, 2.0
1023, 64, 397, 208, 394, 210, 3, -2, -0.5880026035475675, 3.605551275463989
1023, 65, 19, 282, 17, 283, 2, -1, -0.4636476090008061, 2.23606797749979
1024, 1, 328, 329, 327, 330, 1, -1, -0.7853981633974483, 1.4142135623730951
1024, 19, 329, 368, 328, 369, 1, -1, -0.7853981633974483, 1.4142135623730951
1024, 25, 390, 239, 389, 240, 1, -1, -0.7853981633974483, 1.4142135623730951
1024, 32, 313, 348, 312, 349, 1, -1, -0.7853981633974483, 1.4142135623730951
1024, 33, 408, 265, 408, 267, 0, -2, -1.5707963267948966, 2.0
1024, 41, 590, 320, 588, 317, 2, 3, 0.982793723247329, 3.605551275463989
1024, 42, 25, 396, 24, 397, 1, -1, -0.7853981633974483, 1.4142135623730951
1024, 53, 601, 239, 600, 237, 1, 2, 1.1071487177940904, 2.23606797749979
1024, 60, 388, 267, 389, 269, -1, -2, -2.0344439357957027, 2.23606797749979
1024, 63, 20, 281, 19, 282, 1, -1, -0.7853981633974483, 1.4142135623730951
1024, 64, 182, 384, 181, 385, 1, -1, -0.7853981633974483, 1.4142135623730951
1024, 66, 263, 408, 262, 409, 1, -1, -0.7853981633974483, 1.4142135623730951
1025, 2, 312, 230, 311, 231, 1, -1, -0.7853981633974483, 1.4142135623730951
1025, 3, 242, 244, 241, 245, 1, -1, -0.7853981633974483, 1.4142135623730951
1025, 6, 42, 328, 43, 330, -1, -2, -2.0344439357957027, 2.23606797749979
1025, 11, 591, 321, 590, 320, 1, 1, 0.7853981633974483, 1.4142135623730951
1025, 12, 121, 312, 121, 314, 0, -2, -1.5707963267948966, 2.0
1025, 14, 564, 262, 563, 263, 1, -1, -0.7853981633974483, 1.4142135623730951
1025, 25, 124, 231, 123, 232, 1, -1, -0.7853981633974483, 1.4142135623730951
1025, 26, 391, 240, 391, 242, 0, -2, -1.5707963267948966, 2.0
1025, 33, 301, 370, 300, 371, 1, -1, -0.7853981633974483, 1.4142135623730951
1025, 42, 439, 237, 440, 239, -1, -2, -2.0344439357957027, 2.23606797749979
1025, 45, 421, 197, 421, 199, 0, -2, -1.5707963267948966, 2.0
1025, 48, 360, 304, 359, 306, 1, -2, -1.1071487177940904, 2.23606797749979
1025, 49, 557, 246, 556, 247, 1, -1, -0.7853981633974483, 1.4142135623730951
1025, 53, 394, 221, 394, 223, 0, -2, -1.5707963267948966, 2.0
1025, 57, 611, 342, 610, 343, 1, -1, -0.7853981633974483, 1.4142135623730951
1025, 63, 574, 189, 573, 188, 1, 1, 0.7853981633974483, 1.4142135623730951
1025, 66, 329, 358, 328, 359, 1, -1, -0.7853981633974483, 1.4142135623730951
1025, 67, 524, 141, 523, 140, 1, 1, 0.7853981633974483, 1.4142135623730951
1025, 70, 548, 149, 547, 148, 1, 1, 0.7853981633974483, 1.4142135623730951
1025, 87, 384, 235, 384, 237, 0, -2, -1.5707963267948966, 2.0
1026, 1, 328, 331, 327, 332, 1, -1, -0.7853981633974483, 1.4142135623730951
1026, 15, 419, 272, 419, 274, 0, -2, -1.5707963267948966, 2.0
1026, 21, 132, 411, 131, 413, 1, -2, -1.1071487177940904, 2.23606797749979
1026, 37, 439, 235, 439, 237, 0, -2, -1.5707963267948966, 2.0
1026, 39, 419, 329, 419, 331, 0, -2, -1.5707963267948966, 2.0
1026, 40, 421, 195, 421, 197, 0, -2, -1.5707963267948966, 2.0
1026, 42, 361, 301, 360, 304, 1, -3, -1.2490457723982544, 3.1622776601683795
1026, 43, 560, 249, 557, 246, 3, 3, 0.7853981633974483, 4.242640687119285
1026, 46, 157, 346, 157, 344, 0, 2, 1.5707963267948966, 2.0
1026, 47, 394, 219, 394, 221, 0, -2, -1.5707963267948966, 2.0
1026, 48, 164, 203, 165, 205, -1, -2, -2.0344439357957027, 2.23606797749979
1026, 49, 511, 142, 510, 141, 1, 1, 0.7853981633974483, 1.4142135623730951
1026, 50, 79, 381, 77, 382, 2, -1, -0.4636476090008061, 2.23606797749979
1026, 52, 602, 239, 601, 238, 1, 1, 0.7853981633974483, 1.4142135623730951
1026, 55, 574, 191, 574, 189, 0, 2, 1.5707963267948966, 2.0
1026, 58, 330, 357, 329, 358, 1, -1, -0.7853981633974483, 1.4142135623730951
1026, 72, 389, 345, 388, 346, 1, -1, -0.7853981633974483, 1.4142135623730951
1026, 80, 614, 276, 613, 273, 1, 3, 1.2490457723982544, 3.1622776601683795
1027, 1, 329, 329, 328, 331, 1, -2, -1.1071487177940904, 2.23606797749979
1027, 10, 592, 320, 591, 321, 1, -1, -0.7853981633974483, 1.4142135623730951
1027, 17, 111, 412, 110, 413, 1, -1, -0.7853981633974483, 1.4142135623730951
1027, 22, 391, 237, 391, 239, 0, -2, -1.5707963267948966, 2.0
1027, 27, 302, 368, 301, 369, 1, -1, -0.7853981633974483, 1.4142135623730951
1027, 31, 134, 396, 133, 397, 1, -1, -0.7853981633974483, 1.4142135623730951
1027, 32, 330, 368, 329, 369, 1, -1, -0.7853981633974483, 1.4142135623730951
1027, 35, 438, 233, 439, 235, -1, -2, -2.0344439357957027, 2.23606797749979
1027, 37, 421, 328, 419, 329, 2, -1, -0.4636476090008061, 2.23606797749979
1027, 40, 361, 299, 361, 301, 0, -2, -1.5707963267948966, 2.0
1027, 41, 562, 252, 560, 249, 2, 3, 0.982793723247329, 3.605551275463989
1027, 46, 512, 143, 511, 142, 1, 1, 0.7853981633974483, 1.4142135623730951
1027, 49, 604, 241, 602, 239, 2, 2, 0.7853981633974483, 2.8284271247461903
1027, 55, 331, 356, 330, 357, 1, -1, -0.7853981633974483, 1.4142135623730951
1027, 56, 526, 142, 525, 141, 1, 1, 0.7853981633974483, 1.4142135623730951
1027, 59, 550, 150, 549, 149, 1, 1, 0.7853981633974483, 1.4142135623730951
1027, 63, 283, 361, 282, 362, 1, -1, -0.7853981633974483, 1.4142135623730951
1027, 64, 412, 264, 411, 266, 1, -2, -1.1071487177940904, 2.23606797749979
1027, 65, 321, 330, 319, 330, 2, 0, 0.0, 2.0
1027, 69, 390, 343, 389, 345, 1, -2, -1.1071487177940904, 2.23606797749979
1027, 74, 385, 232, 384, 234, 1, -2, -1.1071487177940904, 2.23606797749979
1027, 77, 615, 278, 614, 276, 1, 2, 1.1071487177940904, 2.23606797749979
1028, 20, 392, 235, 391, 237, 1, -2, -1.1071487177940904, 2.23606797749979
1028, 25, 303, 367, 302, 368, 1, -1, -0.7853981633974483, 1.4142135623730951
1028, 33, 437, 231, 438, 233, -1, -2, -2.0344439357957027, 2.23606797749979
1028, 35, 422, 326, 421, 328, 1, -2, -1.1071487177940904, 2.23606797749979
1028, 38, 563, 255, 562, 252, 1, 3, 1.2490457723982544, 3.1622776601683795
1028, 42, 514, 145, 512, 143, 2, 2, 0.7853981633974483, 2.8284271247461903
1028, 44, 605, 243, 604, 241, 1, 2, 1.1071487177940904, 2.23606797749979
1028, 46, 575, 193, 574, 192, 1, 1, 0.7853981633974483, 1.4142135623730951
1028, 50, 528, 142, 526, 142, 2, 0, 0.0, 2.0
1028, 52, 551, 151, 550, 150, 1, 1, 0.7853981633974483, 1.4142135623730951
1028, 62, 391, 341, 390, 343, 1, -2, -1.1071487177940904, 2.23606797749979
1029, 1, 331, 328, 330, 329, 1, -1, -0.7853981633974483, 1.4142135623730951
1029, 10, 419, 268, 419, 270, 0, -2, -1.5707963267948966, 2.0
1029, 21, 28, 397, 27, 398, 1, -1, -0.7853981633974483, 1.4142135623730951
1029, 22, 305, 366, 303, 367, 2, -1, -0.4636476090008061, 2.23606797749979
1029, 26, 135, 393, 134, 395, 1, -2, -1.1071487177940904, 2.23606797749979
1029, 27, 331, 366, 330, 367, 1, -1, -0.7853981633974483, 1.4142135623730951
1029, 30, 436, 228, 437, 231, -1, -3, -1.892546881191539, 3.1622776601683795
1029, 32, 422, 324, 422, 326, 0, -2, -1.5707963267948966, 2.0
1029, 38, 515, 147, 514, 145, 1, 2, 1.1071487177940904, 2.23606797749979
1029, 40, 606, 245, 605, 243, 1, 2, 1.1071487177940904, 2.23606797749979
1029, 46, 529, 143, 528, 142, 1, 1, 0.7853981633974483, 1.4142135623730951
1029, 48, 552, 152, 551, 151, 1, 1, 0.7853981633974483, 1.4142135623730951
1029, 54, 322, 329, 321, 330, 1, -1, -0.7853981633974483, 1.4142135623730951
1029, 58, 392, 339, 391, 341, 1, -2, -1.1071487177940904, 2.23606797749979
1029, 63, 386, 229, 384, 232, 2, -3, -0.982793723247329, 3.605551275463989
1030, 13, 515, 151, 513, 148, 2, 3, 0.982793723247329, 3.605551275463989
1030, 16, 419, 271, 420, 273, -1, -2, -2.0344439357957027, 2.23606797749979
1030, 17, 333, 369, 332, 370, 1, -1, -0.7853981633974483, 1.4142135623730951
1030, 21, 392, 236, 392, 238, 0, -2, -1.5707963267948966, 2.0
1030, 43, 423, 328, 422, 331, 1, -3, -1.2490457723982544, 3.1622776601683795
1030, 48, 558, 257, 560, 259, -2, -2, -2.356194490192345, 2.8284271247461903
1030, 57, 35, 259, 37, 260, -2, -1, -2.677945044588987, 2.23606797749979
1030, 61, 530, 142, 528, 142, 2, 0, 0.0, 2.0
1030, 67, 400, 302, 400, 304, 0, -2, -1.5707963267948966, 2.0
1030, 70, 286, 362, 285, 363, 1, -1, -0.7853981633974483, 1.4142135623730951
1030, 71, 392, 336, 392, 338, 0, -2, -1.5707963267948966, 2.0
1031, 3, 330, 330, 329, 331, 1, -1, -0.7853981633974483, 1.4142135623730951
1031, 12, 517, 153, 515, 151, 2, 2, 0.7853981633974483, 2.8284271247461903
1031, 15, 419, 269, 419, 271, 0, -2, -1.5707963267948966, 2.0
1031, 26, 286, 224, 287, 223, -1, 1, 2.356194490192345, 1.4142135623730951
1031, 42, 424, 325, 423, 328, 1, -3, -1.2490457723982544, 3.1622776601683795
1031, 43, 314, 350, 313, 351, 1, -1, -0.7853981633974483, 1.4142135623730951
1031, 47, 557, 255, 558, 257, -1, -2, -2.0344439357957027, 2.23606797749979
1031, 56, 33, 258, 35, 259, -2, -1, -2.677945044588987, 2.23606797749979
1031, 58, 553, 155, 552, 154, 1, 1, 0.7853981633974483, 1.4142135623730951
1031, 60, 532, 143, 530, 142, 2, 1, 0.4636476090008061, 2.23606797749979
1031, 66, 399, 300, 400, 302, -1, -2, -2.0344439357957027, 2.23606797749979
1031, 69, 393, 333, 392, 336, 1, -3, -1.2490457723982544, 3.1622776601683795
1032, 11, 519, 155, 517, 153, 2, 2, 0.7853981633974483, 2.8284271247461903
1032, 15, 334, 367, 333, 368, 1, -1, -0.7853981633974483, 1.4142135623730951
1032, 19, 392, 232, 392, 235, 0, -3, -1.5707963267948966, 3.0
1032, 20, 634, 348, 633, 349, 1, -1, -0.7853981633974483, 1.4142135623730951
1032, 26, 307, 369, 307, 371, 0, -2, -1.5707963267948966, 2.0
1032, 40, 425, 324, 424, 325, 1, -1, -0.7853981633974483, 1.4142135623730951
1032, 55, 533, 144, 532, 143, 1, 1, 0.7853981633974483, 1.4142135623730951
1032, 56, 268, 410, 267, 411, 1, -1, -0.7853981633974483, 1.4142135623730951
1032, 61, 400, 298, 399, 300, 1, -2, -1.1071487177940904, 2.23606797749979
1032, 64, 394, 332, 393, 333, 1, -1, -0.7853981633974483, 1.4142135623730951
1033, 2, 331, 328, 330, 329, 1, -1, -0.7853981633974483, 1.4142135623730951
1033, 9, 521, 156, 519, 155, 2, 1, 0.4636476090008061, 2.23606797749979
1033, 13, 335, 366, 334, 367, 1, -1, -0.7853981633974483, 1.4142135623730951
1033, 16, 391, 230, 392, 232, -1, -2, -2.0344439357957027, 2.23606797749979
1033, 36, 426, 323, 425, 324, 1, -1, -0.7853981633974483, 1.4142135623730951
1033, 37, 315, 348, 314, 349, 1, -1, -0.7853981633974483, 1.4142135623730951
1033, 45, 603, 247, 604, 246, -1, 1, 2.356194490192345, 1.4142135623730951
1033, 49, 554, 158, 553, 156, 1, 2, 1.1071487177940904, 2.23606797749979
1033, 51, 534, 145, 533, 144, 1, 1, 0.7853981633974483, 1.4142135623730951
1033, 56, 400, 296, 400, 298, 0, -2, -1.5707963267948966, 2.0
1034, 9, 523, 157, 521, 156, 2, 1, 0.4636476090008061, 2.23606797749979
1034, 12, 419, 265, 419, 267, 0, -2, -1.5707963267948966, 2.0
1034, 16, 392, 228, 391, 230, 1, -2, -1.1071487177940904, 2.23606797749979
1034, 36, 426, 321, 426, 323, 0, -2, -1.5707963267948966, 2.0
1034, 37, 316, 347, 315, 348, 1, -1, -0.7853981633974483, 1.4142135623730951
1034, 44, 604, 249, 603, 247, 1, 2, 1.1071487177940904, 2.23606797749979
1034, 48, 555, 159, 554, 158, 1, 1, 0.7853981633974483, 1.4142135623730951
1034, 49, 190, 186, 189, 188, 1, -2, -1.1071487177940904, 2.23606797749979
1034, 50, 535, 146, 534, 145, 1, 1, 0.7853981633974483, 1.4142135623730951
1034, 54, 400, 294, 400, 296, 0, -2, -1.5707963267948966, 2.0
1034, 56, 287, 359, 286, 360, 1, -1, -0.7853981633974483, 1.4142135623730951
1034, 57, 395, 330, 394, 332, 1, -2, -1.1071487177940904, 2.23606797749979
1035, 16, 336, 366, 335, 367, 1, -1, -0.7853981633974483, 1.4142135623730951
1035, 32, 394, 233, 394, 235, 0, -2, -1.5707963267948966, 2.0
1035, 39, 317, 350, 316, 351, 1, -1, -0.7853981633974483, 1.4142135623730951
1035, 52, 428, 318, 428, 320, 0, -2, -1.5707963267948966, 2.0
1035, 53, 191, 188, 190, 189, 1, -1, -0.7853981633974483, 1.4142135623730951
1035, 67, 405, 174, 405, 176, 0, -2, -1.5707963267948966, 2.0
1035, 77, 397, 333, 396, 335, 1, -2, -1.1071487177940904, 2.23606797749979
1035, 86, 395, 259, 395, 261, 0, -2, -1.5707963267948966, 2.0
1036, 15, 336, 364, 336, 366, 0, -2, -1.5707963267948966, 2.0
1036, 26, 522, 155, 521, 154, 1, 1, 0.7853981633974483, 1.4142135623730951
1036, 49, 428, 316, 428, 318, 0, -2, -1.5707963267948966, 2.0
1036, 57, 606, 249, 605, 248, 1, 1, 0.7853981633974483, 1.4142135623730951
1036, 60, 556, 159, 555, 158, 1, 1, 0.7853981633974483, 1.4142135623730951
1036, 61, 621, 342, 619, 343, 2, -1, -0.4636476090008061, 2.23606797749979
1036, 66, 270, 330, 269, 332, 1, -2, -1.1071487177940904, 2.23606797749979
1036, 71, 398, 332, 397, 333, 1, -1, -0.7853981633974483, 1.4142135623730951
1037, 3, 18, 231, 17, 232, 1, -1, -0.7853981633974483, 1.4142135623730951
1037, 13, 337, 363, 336, 364, 1, -1, -0.7853981633974483, 1.4142135623730951
1037, 34, 318, 347, 317, 349, 1, -2, -1.1071487177940904, 2.23606797749979
1037, 36, 334, 356, 333, 357, 1, -1, -0.7853981633974483, 1.4142135623730951
1037, 53, 607, 251, 606, 249, 1, 2, 1.1071487177940904, 2.23606797749979
1037, 54, 15, 360, 14, 361, 1, -1, -0.7853981633974483, 1.4142135623730951
1037, 56, 557, 160, 556, 159, 1, 1, 0.7853981633974483, 1.4142135623730951
1037, 57, 623, 342, 621, 342, 2, 0, 0.0, 2.0
1037, 59, 405, 171, 405, 173, 0, -2, -1.5707963267948966, 2.0
1037, 67, 399, 331, 398, 332, 1, -1, -0.7853981633974483, 1.4142135623730951
1037, 72, 40, 336, 42, 337, -2, -1, -2.677945044588987, 2.23606797749979
1037, 74, 394, 256, 395, 258, -1, -2, -2.0344439357957027, 2.23606797749979
1038, 1, 335, 330, 334, 331, 1, -1, -0.7853981633974483, 1.4142135623730951
1038, 12, 338, 362, 337, 363, 1, -1, -0.7853981633974483, 1.4142135623730951
1038, 20, 30, 230, 29, 232, 1, -2, -1.1071487177940904, 2.23606797749979
1038, 23, 524, 156, 523, 155, 1, 1, 0.7853981633974483, 1.4142135623730951
1038, 33, 319, 346, 318, 347, 1, -1, -0.7853981633974483, 1.4142135623730951
1038, 44, 428, 313, 428, 315, 0, -2, -1.5707963267948966, 2.0
1038, 50, 165, 207, 165, 209, 0, -2, -1.5707963267948966, 2.0
1038, 52, 17, 359, 15, 360, 2, -1, -0.4636476090008061, 2.23606797749979
1038, 54, 558, 161, 557, 160, 1, 1, 0.7853981633974483, 1.4142135623730951
1038, 55, 625, 341, 623, 342, 2, -1, -0.4636476090008061, 2.23606797749979
1038, 58, 384, 315, 384, 317, 0, -2, -1.5707963267948966, 2.0
1038, 59, 162, 202, 163, 200, -1, 2, 2.0344439357957027, 2.23606797749979
1038, 70, 38, 335, 40, 336, -2, -1, -2.677945044588987, 2.23606797749979
1039, 23, 525, 157, 524, 156, 1, 1, 0.7853981633974483, 1.4142135623730951
1039, 33, 320, 345, 319, 346, 1, -1, -0.7853981633974483, 1.4142135623730951
1039, 38, 140, 187, 139, 188, 1, -1, -0.7853981633974483, 1.4142135623730951
1039, 39, 33, 399, 32, 400, 1, -1, -0.7853981633974483, 1.4142135623730951
1039, 46, 86, 329, 85, 330, 1, -1, -0.7853981633974483, 1.4142135623730951
1039, 48, 608, 254, 607, 252, 1, 2, 1.1071487177940904, 2.23606797749979
1039, 53, 405, 168, 405, 170, 0, -2, -1.5707963267948966, 2.0
1039, 54, 385, 314, 384, 315, 1, -1, -0.7853981633974483, 1.4142135623730951
1039, 59, 456, 138, 456, 140, 0, -2, -1.5707963267948966, 2.0
1039, 67, 391, 253, 394, 255, -3, -2, -2.5535900500422257, 3.605551275463989
1040, 16, 526, 151, 524, 150, 2, 1, 0.4636476090008061, 2.23606797749979
1040, 25, 469, 194, 470, 196, -1, -2, -2.0344439357957027, 2.23606797749979
1040, 27, 322, 348, 321, 350, 1, -2, -1.1071487177940904, 2.23606797749979
1040, 29, 339, 365, 338, 366, 1, -1, -0.7853981633974483, 1.4142135623730951
1040, 33, 5, 366, 4, 367, 1, -1, -0.7853981633974483, 1.4142135623730951
1040, 38, 432, 313, 432, 315, 0, -2, -1.5707963267948966, 2.0
1040, 44, 227, 238, 228, 240, -1, -2, -2.0344439357957027, 2.23606797749979
1040, 50, 272, 408, 271, 409, 1, -1, -0.7853981633974483, 1.4142135623730951
1040, 56, 20, 359, 18, 359, 2, 0, 0.0, 2.0
1040, 59, 403, 335, 402, 337, 1, -2, -1.1071487177940904, 2.23606797749979
1040, 60, 321, 341, 319, 342, 2, -1, -0.4636476090008061, 2.23606797749979
1040, 68, 531, 158, 530, 157, 1, 1, 0.7853981633974483, 1.4142135623730951
1041, 22, 268, 372, 267, 373, 1, -1, -0.7853981633974483, 1.4142135623730951
1041, 23, 469, 192, 469, 194, 0, -2, -1.5707963267948966, 2.0
1041, 25, 323, 347, 322, 348, 1, -1, -0.7853981633974483, 1.4142135623730951
1041, 27, 340, 364, 339, 365, 1, -1, -0.7853981633974483, 1.4142135623730951
1041, 30, 423, 263, 422, 265, 1, -2, -1.1071487177940904, 2.23606797749979
1041, 44, 273, 407, 272, 408, 1, -1, -0.7853981633974483, 1.4142135623730951
1041, 50, 404, 333, 403, 335, 1, -2, -1.1071487177940904, 2.23606797749979
1041, 51, 323, 341, 321, 341, 2, 0, 0.0, 2.0
1041, 59, 532, 159, 531, 158, 1, 1, 0.7853981633974483, 1.4142135623730951
1042, 14, 528, 152, 527, 151, 1, 1, 0.7853981633974483, 1.4142135623730951
1042, 23, 324, 346, 323, 347, 1, -1, -0.7853981633974483, 1.4142135623730951
1042, 33, 432, 310, 432, 312, 0, -2, -1.5707963267948966, 2.0
1042, 34, 395, 228, 395, 230, 0, -2, -1.5707963267948966, 2.0
1042, 45, 224, 387, 223, 388, 1, -1, -0.7853981633974483, 1.4142135623730951
1042, 47, 404, 331, 404, 333, 0, -2, -1.5707963267948966, 2.0
1042, 48, 325, 340, 323, 341, 2, -1, -0.4636476090008061, 2.23606797749979
1042, 53, 387, 316, 387, 318, 0, -2, -1.5707963267948966, 2.0
1042, 56, 533, 160, 532, 159, 1, 1, 0.7853981633974483, 1.4142135623730951
1043, 0, 337, 330, 336, 331, 1, -1, -0.7853981633974483, 1.4142135623730951
1043, 13, 529, 153, 528, 152, 1, 1, 0.7853981633974483, 1.4142135623730951
1043, 22, 325, 345, 324, 346, 1, -1, -0.7853981633974483, 1.4142135623730951
1043, 46, 406, 329, 404, 331, 2, -2, -0.7853981633974483, 2.8284271247461903
1043, 47, 327, 340, 325, 340, 2, 0, 0.0, 2.0
1043, 50, 137, 191, 136, 192, 1, -1, -0.7853981633974483, 1.4142135623730951
1043, 52, 387, 314, 387, 316, 0, -2, -1.5707963267948966, 2.0
1043, 56, 62, 378, 61, 379, 1, -1, -0.7853981633974483, 1.4142135623730951
1043, 57, 41, 369, 40, 370, 1, -1, -0.7853981633974483, 1.4142135623730951
1043, 58, 119, 390, 118, 391, 1, -1, -0.7853981633974483, 1.4142135623730951
1044, 20, 326, 344, 325, 345, 1, -1, -0.7853981633974483, 1.4142135623730951
1044, 22, 342, 362, 341, 363, 1, -1, -0.7853981633974483, 1.4142135623730951
1044, 36, 274, 404, 273, 405, 1, -1, -0.7853981633974483, 1.4142135623730951
1044, 42, 408, 329, 406, 329, 2, 0, 0.0, 2.0
1044, 46, 139, 191, 137, 191, 2, 0, 0.0, 2.0
1045, 2, 340, 331, 339, 332, 1, -1, -0.7853981633974483, 1.4142135623730951
1045, 22, 398, 229, 398, 231, 0, -2, -1.5707963267948966, 2.0
1045, 26, 466, 165, 466, 167, 0, -2, -1.5707963267948966, 2.0
1045, 32, 341, 362, 340, 364, 1, -2, -1.1071487177940904, 2.23606797749979
1045, 66, 440, 233, 441, 235, -1, -2, -2.0344439357957027, 2.23606797749979
1045, 78, 371, 289, 370, 291, 1, -2, -1.1071487177940904, 2.23606797749979
1045, 86, 311, 365, 310, 366, 1, -1, -0.7853981633974483, 1.4142135623730951
1046, 22, 399, 227, 398, 229, 1, -2, -1.1071487177940904, 2.23606797749979
1046, 29, 425, 261, 424, 263, 1, -2, -1.1071487177940904, 2.23606797749979
1046, 30, 342, 361, 341, 362, 1, -1, -0.7853981633974483, 1.4142135623730951
1046, 31, 279, 202, 279, 204, 0, -2, -1.5707963267948966, 2.0
1046, 33, 325, 347, 324, 348, 1, -1, -0.7853981633974483, 1.4142135623730951
1046, 45, 540, 155, 539, 154, 1, 1, 0.7853981633974483, 1.4142135623730951
1046, 49, 343, 353, 342, 354, 1, -1, -0.7853981633974483, 1.4142135623730951
1046, 50, 419, 258, 418, 260, 1, -2, -1.1071487177940904, 2.23606797749979
1046, 60, 497, 130, 495, 130, 2, 0, 0.0, 2.0
1046, 62, 394, 205, 395, 207, -1, -2, -2.0344439357957027, 2.23606797749979
1046, 68, 191, 189, 190, 190, 1, -1, -0.7853981633974483, 1.4142135623730951
1046, 78, 312, 364, 311, 365, 1, -1, -0.7853981633974483, 1.4142135623730951
1046, 81, 573, 279, 575, 279, -2, 0, 3.141592653589793, 2.0
1047, 21, 399, 225, 399, 227, 0, -2, -1.5707963267948966, 2.0
1047, 28, 343, 360, 342, 361, 1, -1, -0.7853981633974483, 1.4142135623730951
1047, 41, 541, 156, 540, 155, 1, 1, 0.7853981633974483, 1.4142135623730951
1047, 45, 344, 352, 343, 353, 1, -1, -0.7853981633974483, 1.4142135623730951
1047, 54, 499, 131, 497, 130, 2, 1, 0.4636476090008061, 2.23606797749979
1047, 61, 372, 286, 371, 288, 1, -2, -1.1071487177940904, 2.23606797749979
1047, 72, 574, 281, 573, 279, 1, 2, 1.1071487177940904, 2.23606797749979
1048, 8, 216, 268, 217, 267, -1, 1, 2.356194490192345, 1.4142135623730951
1048, 20, 400, 224, 399, 225, 1, -1, -0.7853981633974483, 1.4142135623730951
1048, 26, 344, 359, 343, 360, 1, -1, -0.7853981633974483, 1.4142135623730951
1048, 29, 326, 345, 325, 346, 1, -1, -0.7853981633974483, 1.4142135623730951
1048, 42, 435, 307, 434, 309, 1, -2, -1.1071487177940904, 2.23606797749979
1048, 59, 372, 281, 372, 286, 0, -5, -1.5707963267948966, 5.0
1048, 70, 575, 283, 574, 281, 1, 2, 1.1071487177940904, 2.23606797749979
1049, 18, 400, 222, 400, 224, 0, -2, -1.5707963267948966, 2.0
1049, 32, 276, 405, 275, 406, 1, -1, -0.7853981633974483, 1.4142135623730951
1049, 37, 542, 159, 541, 157, 1, 2, 1.1071487177940904, 2.23606797749979
1049, 39, 436, 305, 435, 307, 1, -2, -1.1071487177940904, 2.23606797749979
1049, 40, 345, 350, 344, 351, 1, -1, -0.7853981633974483, 1.4142135623730951
1049, 48, 502, 131, 500, 131, 2, 0, 0.0, 2.0
1049, 61, 314, 363, 313, 364, 1, -1, -0.7853981633974483, 1.4142135623730951
1049, 64, 576, 285, 575, 283, 1, 2, 1.1071487177940904, 2.23606797749979
1050, 14, 572, 276, 571, 277, 1, -1, -0.7853981633974483, 1.4142135623730951
1050, 21, 461, 186, 462, 188, -1, -2, -2.0344439357957027, 2.23606797749979
1050, 25, 278, 406, 277, 407, 1, -1, -0.7853981633974483, 1.4142135623730951
1050, 26, 115, 230, 114, 231, 1, -1, -0.7853981633974483, 1.4142135623730951
1050, 27, 69, 372, 71, 372, -2, 0, 3.141592653589793, 2.0
1050, 29, 399, 225, 399, 227, 0, -2, -1.5707963267948966, 2.0
1050, 33, 328, 347, 327, 348, 1, -1, -0.7853981633974483, 1.4142135623730951
1050, 35, 468, 163, 468, 165, 0, -2, -1.5707963267948966, 2.0
1050, 48, 346, 361, 345, 362, 1, -1, -0.7853981633974483, 1.4142135623730951
1050, 63, 435, 312, 435, 314, 0, -2, -1.5707963267948966, 2.0
1050, 66, 634, 349, 632, 349, 2, 0, 0.0, 2.0
1050, 72, 384, 311, 383, 313, 1, -2, -1.1071487177940904, 2.23606797749979
1050, 77, 543, 158, 542, 157, 1, 1, 0.7853981633974483, 1.4142135623730951
1051, 28, 400, 223, 399, 225, 1, -2, -1.1071487177940904, 2.23606797749979
1051, 41, 305, 372, 304, 373, 1, -1, -0.7853981633974483, 1.4142135623730951
1051, 46, 347, 360, 346, 361, 1, -1, -0.7853981633974483, 1.4142135623730951
1051, 48, 411, 324, 410, 326, 1, -2, -1.1071487177940904, 2.23606797749979
1051, 52, 392, 313, 391, 315, 1, -2, -1.1071487177940904, 2.23606797749979
1051, 60, 435, 310, 435, 312, 0, -2, -1.5707963267948966, 2.0
1051, 64, 225, 386, 226, 385, -1, 1, 2.356194490192345, 1.4142135623730951
1051, 69, 384, 309, 384, 311, 0, -2, -1.5707963267948966, 2.0
1051, 71, 51, 364, 53, 364, -2, 0, 3.141592653589793, 2.0
1051, 74, 544, 159, 543, 158, 1, 1, 0.7853981633974483, 1.4142135623730951
1052, 17, 459, 185, 461, 185, -2, 0, 3.141592653589793, 2.0
1052, 32, 443, 238, 442, 239, 1, -1, -0.7853981633974483, 1.4142135623730951
1052, 33, 267, 235, 268, 234, -1, 1, 2.356194490192345, 1.4142135623730951
1052, 36, 306, 371, 305, 372, 1, -1, -0.7853981633974483, 1.4142135623730951
1052, 41, 348, 359, 347, 360, 1, -1, -0.7853981633974483, 1.4142135623730951
1052, 43, 411, 322, 411, 324, 0, -2, -1.5707963267948966, 2.0
1052, 60, 385, 308, 384, 309, 1, -1, -0.7853981633974483, 1.4142135623730951
1052, 63, 468, 190, 469, 192, -1, -2, -2.0344439357957027, 2.23606797749979
1053, 12, 343, 350, 342, 351, 1, -1, -0.7853981633974483, 1.4142135623730951
1053, 21, 280, 404, 279, 405, 1, -1, -0.7853981633974483, 1.4142135623730951
1053, 24, 400, 220, 400, 222, 0, -2, -1.5707963267948966, 2.0
1053, 30, 466, 160, 468, 161, -2, -1, -2.677945044588987, 2.23606797749979
1053, 33, 266, 236, 267, 235, -1, 1, 2.356194490192345, 1.4142135623730951
1053, 36, 308, 373, 306, 371, 2, 2, 0.7853981633974483, 2.8284271247461903
1053, 40, 349, 358, 348, 359, 1, -1, -0.7853981633974483, 1.4142135623730951
1053, 42, 411, 320, 411, 322, 0, -2, -1.5707963267948966, 2.0
1053, 46, 392, 310, 392, 312, 0, -2, -1.5707963267948966, 2.0
1053, 51, 436, 307, 435, 309, 1, -2, -1.1071487177940904, 2.23606797749979
1053, 55, 223, 387, 224, 386, -1, 1, 2.356194490192345, 1.4142135623730951
1053, 58, 384, 306, 385, 308, -1, -2, -2.0344439357957027, 2.23606797749979
1054, 4, 417, 257, 416, 258, 1, -1, -0.7853981633974483, 1.4142135623730951
1054, 21, 281, 403, 280, 404, 1, -1, -0.7853981633974483, 1.4142135623730951
1054, 24, 401, 219, 400, 220, 1, -1, -0.7853981633974483, 1.4142135623730951
1054, 28, 466, 158, 466, 160, 0, -2, -1.5707963267948966, 2.0
1054, 33, 309, 372, 308, 373, 1, -1, -0.7853981633974483, 1.4142135623730951
1054, 35, 426, 256, 426, 258, 0, -2, -1.5707963267948966, 2.0
1054, 37, 350, 357, 349, 358, 1, -1, -0.7853981633974483, 1.4142135623730951
1054, 43, 393, 309, 392, 310, 1, -1, -0.7853981633974483, 1.4142135623730951
1054, 55, 384, 304, 384, 306, 0, -2, -1.5707963267948966, 2.0
1055, 0, 345, 331, 344, 332, 1, -1, -0.7853981633974483, 1.4142135623730951
1055, 13, 427, 261, 427, 263, 0, -2, -1.5707963267948966, 2.0
1055, 18, 38, 231, 37, 232, 1, -1, -0.7853981633974483, 1.4142135623730951
1055, 31, 619, 304, 619, 302, 0, 2, 1.5707963267948966, 2.0
1055, 34, 350, 361, 349, 362, 1, -1, -0.7853981633974483, 1.4142135623730951
1055, 36, 470, 163, 469, 164, 1, -1, -0.7853981633974483, 1.4142135623730951
1055, 39, 401, 222, 401, 224, 0, -2, -1.5707963267948966, 2.0
1055, 46, 130, 231, 129, 233, 1, -2, -1.1071487177940904, 2.23606797749979
1055, 51, 443, 235, 443, 237, 0, -2, -1.5707963267948966, 2.0
1055, 57, 141, 190, 140, 191, 1, -1, -0.7853981633974483, 1.4142135623730951
1055, 59, 433, 315, 432, 316, 1, -1, -0.7853981633974483, 1.4142135623730951
1055, 60, 336, 332, 334, 332, 2, 0, 0.0, 2.0
1055, 67, 412, 321, 412, 323, 0, -2, -1.5707963267948966, 2.0
1055, 72, 97, 232, 97, 234, 0, -2, -1.5707963267948966, 2.0
1056, 0, 346, 330, 345, 331, 1, -1, -0.7853981633974483, 1.4142135623730951
1056, 3, 311, 223, 311, 225, 0, -2, -1.5707963267948966, 2.0
1056, 20, 330, 346, 329, 347, 1, -1, -0.7853981633974483, 1.4142135623730951
1056, 28, 618, 305, 619, 304, -1, 1, 2.356194490192345, 1.4142135623730951
1056, 31, 351, 360, 350, 361, 1, -1, -0.7853981633974483, 1.4142135623730951
1056, 32, 32, 234, 31, 235, 1, -1, -0.7853981633974483, 1.4142135623730951
1056, 44, 531, 164, 530, 162, 1, 2, 1.1071487177940904, 2.23606797749979
1056, 51, 434, 313, 433, 315, 1, -2, -1.1071487177940904, 2.23606797749979
1056, 57, 471, 137, 470, 138, 1, -1, -0.7853981633974483, 1.4142135623730951
1056, 59, 412, 319, 412, 321, 0, -2, -1.5707963267948966, 2.0
1056, 61, 173, 363, 172, 365, 1, -2, -1.1071487177940904, 2.23606797749979
1056, 62, 350, 349, 349, 350, 1, -1, -0.7853981633974483, 1.4142135623730951
1057, 17, 331, 344, 330, 346, 1, -2, -1.1071487177940904, 2.23606797749979
1057, 24, 617, 306, 618, 305, -1, 1, 2.356194490192345, 1.4142135623730951
1057, 27, 352, 358, 351, 360, 1, -2, -1.1071487177940904, 2.23606797749979
1057, 39, 532, 167, 531, 164, 1, 3, 1.2490457723982544, 3.1622776601683795
1057, 40, 318, 361, 317, 362, 1, -1, -0.7853981633974483, 1.4142135623730951
1057, 43, 221, 392, 220, 393, 1, -1, -0.7853981633974483, 1.4142135623730951
1057, 51, 472, 136, 471, 137, 1, -1, -0.7853981633974483, 1.4142135623730951
1057, 53, 412, 317, 412, 319, 0, -2, -1.5707963267948966, 2.0
1057, 55, 351, 348, 350, 349, 1, -1, -0.7853981633974483, 1.4142135623730951
1057, 56, 98, 231, 97, 232, 1, -1, -0.7853981633974483, 1.4142135623730951
1058, 13, 89, 326, 89, 328, 0, -2, -1.5707963267948966, 2.0
1058, 14, 111, 227, 113, 228, -2, -1, -2.677945044588987, 2.23606797749979
1058, 17, 332, 343, 331, 344, 1, -1, -0.7853981633974483, 1.4142135623730951
1058, 27, 353, 356, 352, 358, 1, -2, -1.1071487177940904, 2.23606797749979
1058, 29, 207, 331, 204, 331, 3, 0, 0.0, 3.0
1058, 36, 79, 333, 79, 335, 0, -2, -1.5707963267948966, 2.0
1058, 37, 534, 171, 532, 167, 2, 4, 1.1071487177940904, 4.47213595499958
1058, 40, 240, 313, 242, 314, -2, -1, -2.677945044588987, 2.23606797749979
1058, 43, 436, 310, 434, 312, 2, -2, -0.7853981633974483, 2.8284271247461903
1059, 0, 348, 328, 347, 329, 1, -1, -0.7853981633974483, 1.4142135623730951
1059, 2, 23, 229, 21, 232, 2, -3, -0.982793723247329, 3.605551275463989
1059, 6, 10, 368, 9, 370, 1, -2, -1.1071487177940904, 2.23606797749979
1059, 15, 330, 343, 332, 343, -2, 0, 3.141592653589793, 2.0
1059, 22, 615, 307, 616, 306, -1, 1, 2.356194490192345, 1.4142135623730951
1059, 25, 354, 355, 353, 356, 1, -1, -0.7853981633974483, 1.4142135623730951
1059, 28, 401, 217, 401, 219, 0, -2, -1.5707963267948966, 2.0
1059, 35, 535, 174, 534, 171, 1, 3, 1.2490457723982544, 3.1622776601683795
1059, 38, 238, 312, 240, 313, -2, -1, -2.677945044588987, 2.23606797749979
1059, 41, 436, 308, 436, 310, 0, -2, -1.5707963267948966, 2.0
1059, 49, 412, 314, 412, 316, 0, -2, -1.5707963267948966, 2.0
1060, 13, 470, 160, 470, 162, 0, -2, -1.5707963267948966, 2.0
1060, 24, 356, 358, 354, 360, 2, -2, -0.7853981633974483, 2.8284271247461903
1060, 27, 535, 172, 533, 169, 2, 3, 0.982793723247329, 3.605551275463989
1060, 48, 428, 257, 428, 259, 0, -2, -1.5707963267948966, 2.0
1060, 50, 401, 218, 401, 220, 0, -2, -1.5707963267948966, 2.0
1060, 51, 286, 399, 286, 401, 0, -2, -1.5707963267948966, 2.0
1060, 55, 224, 247, 226, 248, -2, -1, -2.677945044588987, 2.23606797749979
1060, 68, 409, 280, 409, 282, 0, -2, -1.5707963267948966, 2.0
1060, 73, 116, 209, 115, 210, 1, -1, -0.7853981633974483, 1.4142135623730951
1060, 74, 178, 187, 176, 186, 2, 1, 0.4636476090008061, 2.23606797749979
1060, 80, 435, 302, 435, 304, 0, -2, -1.5707963267948966, 2.0
1061, 0, 348, 329, 347, 330, 1, -1, -0.7853981633974483, 1.4142135623730951
1061, 5, 113, 229, 114, 231, -1, -2, -2.0344439357957027, 2.23606797749979
1061, 9, 470, 158, 470, 160, 0, -2, -1.5707963267948966, 2.0
1061, 19, 357, 357, 356, 358, 1, -1, -0.7853981633974483, 1.4142135623730951
1061, 22, 538, 174, 535, 172, 3, 2, 0.5880026035475675, 3.605551275463989
1061, 31, 333, 344, 332, 345, 1, -1, -0.7853981633974483, 1.4142135623730951
1061, 32, 47, 233, 46, 234, 1, -1, -0.7853981633974483, 1.4142135623730951
1061, 38, 469, 183, 469, 185, 0, -2, -1.5707963267948966, 2.0
1061, 41, 618, 307, 619, 306, -1, 1, 2.356194490192345, 1.4142135623730951
1061, 45, 401, 216, 401, 218, 0, -2, -1.5707963267948966, 2.0
1061, 52, 411, 314, 410, 316, 1, -2, -1.1071487177940904, 2.23606797749979
1061, 63, 121, 392, 124, 391, -3, 1, 2.819842099193151, 3.1622776601683795
1061, 67, 180, 188, 178, 187, 2, 1, 0.4636476090008061, 2.23606797749979
1061, 72, 502, 146, 501, 147, 1, -1, -0.7853981633974483, 1.4142135623730951
1061, 73, 435, 300, 435, 302, 0, -2, -1.5707963267948966, 2.0
1061, 75, 396, 303, 396, 305, 0, -2, -1.5707963267948966, 2.0
1061, 76, 511, 133, 509, 132, 2, 1, 0.4636476090008061, 2.23606797749979
1062, 5, 111, 227, 113, 229, -2, -2, -2.356194490192345, 2.8284271247461903
1062, 9, 470, 156, 470, 158, 0, -2, -1.5707963267948966, 2.0
1062, 17, 358, 356, 357, 357, 1, -1, -0.7853981633974483, 1.4142135623730951
1062, 20, 539, 175, 538, 174, 1, 1, 0.7853981633974483, 1.4142135623730951
1062, 41, 401, 214, 401, 216, 0, -2, -1.5707963267948966, 2.0
1062, 42, 287, 397, 286, 398, 1, -1, -0.7853981633974483, 1.4142135623730951
1062, 48, 412, 312, 411, 314, 1, -2, -1.1071487177940904, 2.23606797749979
1062, 60, 29, 283, 28, 284, 1, -1, -0.7853981633974483, 1.4142135623730951
1062, 66, 503, 145, 502, 146, 1, -1, -0.7853981633974483, 1.4142135623730951
1062, 67, 436, 298, 435, 300, 1, -2, -1.1071487177940904, 2.23606797749979
1062, 69, 396, 301, 396, 303, 0, -2, -1.5707963267948966, 2.0
1062, 70, 513, 134, 511, 133, 2, 1, 0.4636476090008061, 2.23606797749979
1063, 0, 349, 327, 348, 329, 1, -2, -1.1071487177940904, 2.23606797749979
1063, 9, 471, 155, 470, 156, 1, -1, -0.7853981633974483, 1.4142135623730951
1063, 17, 357, 354, 358, 356, -1, -2, -2.0344439357957027, 2.23606797749979
1063, 18, 542, 176, 539, 175, 3, 1, 0.3217505543966422, 3.1622776601683795
1063, 19, 106, 302, 104, 304, 2, -2, -0.7853981633974483, 2.8284271247461903
1063, 33, 606, 312, 607, 311, -1, 1, 2.356194490192345, 1.4142135623730951
1063, 36, 426, 255, 428, 255, -2, 0, 3.141592653589793, 2.0
1063, 38, 400, 212, 401, 214, -1, -2, -2.0344439357957027, 2.23606797749979
1063, 47, 223, 388, 223, 391, 0, -3, -1.5707963267948966, 3.0
1063, 60, 78, 215, 80, 214, -2, 1, 2.677945044588987, 2.23606797749979
1063, 63, 438, 295, 436, 298, 2, -3, -0.982793723247329, 3.605551275463989
1063, 66, 515, 136, 513, 134, 2, 2, 0.7853981633974483, 2.8284271247461903
1064, 8, 470, 153, 471, 155, -1, -2, -2.0344439357957027, 2.23606797749979
1064, 15, 358, 352, 357, 354, 1, -2, -1.1071487177940904, 2.23606797749979
1064, 16, 543, 177, 542, 176, 1, 1, 0.7853981633974483, 1.4142135623730951
1064, 33, 425, 253, 426, 255, -1, -2, -2.0344439357957027, 2.23606797749979
1064, 35, 400, 210, 400, 212, 0, -2, -1.5707963267948966, 2.0
1064, 36, 287, 396, 286, 397, 1, -1, -0.7853981633974483, 1.4142135623730951
1064, 42, 413, 309, 412, 311, 1, -2, -1.1071487177940904, 2.23606797749979
1064, 43, 120, 360, 119, 361, 1, -1, -0.7853981633974483, 1.4142135623730951
1064, 44, 224, 390, 223, 388, 1, 2, 1.1071487177940904, 2.23606797749979
1064, 60, 438, 292, 438, 295, 0, -3, -1.5707963267948966, 3.0
1064, 62, 396, 298, 396, 300, 0, -2, -1.5707963267948966, 2.0
1064, 63, 516, 137, 515, 136, 1, 1, 0.7853981633974483, 1.4142135623730951
1065, 6, 471, 156, 470, 158, 1, -2, -1.1071487177940904, 2.23606797749979
1065, 25, 542, 171, 542, 169, 0, 2, 1.5707963267948966, 2.0
1065, 31, 358, 355, 357, 356, 1, -1, -0.7853981633974483, 1.4142135623730951
1065, 33, 441, 298, 441, 300, 0, -2, -1.5707963267948966, 2.0
1065, 36, 401, 215, 402, 217, -1, -2, -2.0344439357957027, 2.23606797749979
1065, 53, 282, 372, 281, 373, 1, -1, -0.7853981633974483, 1.4142135623730951
1065, 56, 414, 311, 412, 314, 2, -3, -0.982793723247329, 3.605551275463989
1065, 69, 286, 405, 285, 406, 1, -1, -0.7853981633974483, 1.4142135623730951
1065, 73, 315, 396, 314, 397, 1, -1, -0.7853981633974483, 1.4142135623730951
1065, 74, 28, 285, 27, 286, 1, -1, -0.7853981633974483, 1.4142135623730951
1065, 89, 511, 136, 510, 137, 1, -1, -0.7853981633974483, 1.4142135623730951
1065, 101, 197, 184, 197, 186, 0, -2, -1.5707963267948966, 2.0
1066, 1, 351, 328, 350, 329, 1, -1, -0.7853981633974483, 1.4142135623730951
1066, 22, 543, 172, 542, 171, 1, 1, 0.7853981633974483, 1.4142135623730951
1066, 30, 442, 296, 441, 298, 1, -2, -1.1071487177940904, 2.23606797749979
1066, 42, 86, 389, 88, 386, -2, 3, 2.158798930342464, 3.605551275463989
1066, 62, 287, 404, 286, 405, 1, -1, -0.7853981633974483, 1.4142135623730951
1066, 63, 476, 138, 475, 139, 1, -1, -0.7853981633974483, 1.4142135623730951
1066, 75, 173, 364, 172, 365, 1, -1, -0.7853981633974483, 1.4142135623730951
1066, 79, 512, 135, 511, 136, 1, -1, -0.7853981633974483, 1.4142135623730951
1066, 86, 405, 156, 406, 158, -1, -2, -2.0344439357957027, 2.23606797749979
1067, 4, 472, 153, 471, 155, 1, -2, -1.1071487177940904, 2.23606797749979
1067, 7, 125, 314, 126, 313, -1, 1, 2.356194490192345, 1.4142135623730951
1067, 22, 544, 173, 543, 172, 1, 1, 0.7853981633974483, 1.4142135623730951
1067, 23, 288, 228, 289, 227, -1, 1, 2.356194490192345, 1.4142135623730951
1067, 28, 359, 353, 358, 354, 1, -1, -0.7853981633974483, 1.4142135623730951
1067, 30, 442, 294, 442, 296, 0, -2, -1.5707963267948966, 2.0
1067, 33, 401, 212, 401, 214, 0, -2, -1.5707963267948966, 2.0
1067, 38, 139, 289, 140, 288, -1, 1, 2.356194490192345, 1.4142135623730951
1067, 49, 415, 309, 414, 310, 1, -1, -0.7853981633974483, 1.4142135623730951
1067, 58, 398, 301, 398, 303, 0, -2, -1.5707963267948966, 2.0
1067, 63, 316, 394, 315, 395, 1, -1, -0.7853981633974483, 1.4142135623730951
1067, 73, 46, 337, 45, 338, 1, -1, -0.7853981633974483, 1.4142135623730951
1068, 20, 545, 174, 544, 173, 1, 1, 0.7853981633974483, 1.4142135623730951
1068, 26, 360, 352, 359, 353, 1, -1, -0.7853981633974483, 1.4142135623730951
1068, 27, 575, 281, 578, 283, -3, -2, -2.5535900500422257, 3.605551275463989
1068, 28, 442, 292, 442, 294, 0, -2, -1.5707963267948966, 2.0
1068, 43, 415, 307, 415, 309, 0, -2, -1.5707963267948966, 2.0
1068, 53, 288, 403, 287, 404, 1, -1, -0.7853981633974483, 1.4142135623730951
1068, 54, 477, 136, 476, 137, 1, -1, -0.7853981633974483, 1.4142135623730951
1068, 57, 317, 393, 316, 394, 1, -1, -0.7853981633974483, 1.4142135623730951
1068, 59, 332, 346, 331, 347, 1, -1, -0.7853981633974483, 1.4142135623730951
1069, 0, 352, 325, 351, 326, 1, -1, -0.7853981633974483, 1.4142135623730951
1069, 3, 473, 151, 472, 152, 1, -1, -0.7853981633974483, 1.4142135623730951
1069, 11, 135, 290, 134, 291, 1, -1, -0.7853981633974483, 1.4142135623730951
1069, 13, 132, 412, 132, 414, 0, -2, -1.5707963267948966, 2.0
1069, 24, 361, 351, 360, 352, 1, -1, -0.7853981633974483, 1.4142135623730951
1069, 25, 572, 280, 575, 281, -3, -1, -2.819842099193151, 3.1622776601683795
1069, 26, 114, 231, 115, 233, -1, -2, -2.0344439357957027, 2.23606797749979
1069, 35, 125, 358, 124, 359, 1, -1, -0.7853981633974483, 1.4142135623730951
1069, 39, 416, 305, 415, 307, 1, -2, -1.1071487177940904, 2.23606797749979
1069, 46, 398, 298, 398, 300, 0, -2, -1.5707963267948966, 2.0
1069, 51, 318, 392, 317, 393, 1, -1, -0.7853981633974483, 1.4142135623730951
1069, 62, 515, 136, 514, 135, 1, 1, 0.7853981633974483, 1.4142135623730951
1069, 66, 120, 351, 119, 352, 1, -1, -0.7853981633974483, 1.4142135623730951
1070, 3, 352, 327, 351, 328, 1, -1, -0.7853981633974483, 1.4142135623730951
1070, 12, 115, 232, 115, 234, 0, -2, -1.5707963267948966, 2.0
1070, 22, 361, 355, 360, 356, 1, -1, -0.7853981633974483, 1.4142135623730951
1070, 26, 362, 345, 362, 347, 0, -2, -1.5707963267948966, 2.0
1070, 33, 544, 175, 543, 174, 1, 1, 0.7853981633974483, 1.4142135623730951
1070, 44, 89, 385, 88, 388, 1, -3, -1.2490457723982544, 3.1622776601683795
1070, 52, 336, 347, 335, 348, 1, -1, -0.7853981633974483, 1.4142135623730951
1070, 54, 291, 404, 290, 405, 1, -1, -0.7853981633974483, 1.4142135623730951
1070, 58, 299, 355, 298, 356, 1, -1, -0.7853981633974483, 1.4142135623730951
1070, 59, 555, 175, 555, 173, 0, 2, 1.5707963267948966, 2.0
1070, 70, 418, 253, 419, 257, -1, -4, -1.8157749899217608, 4.123105625617661
1070, 74, 400, 300, 400, 302, 0, -2, -1.5707963267948966, 2.0
1070, 77, 2, 340, 5, 339, -3, 1, 2.819842099193151, 3.1622776601683795
1070, 79, 587, 229, 586, 228, 1, 1, 0.7853981633974483, 1.4142135623730951
1070, 80, 576, 191, 576, 189, 0, 2, 1.5707963267948966, 2.0
1070, 81, 389, 299, 389, 301, 0, -2, -1.5707963267948966, 2.0
1070, 82, 410, 274, 410, 276, 0, -2, -1.5707963267948966, 2.0
1070, 83, 84, 292, 83, 294, 1, -2, -1.1071487177940904, 2.23606797749979
1070, 88, 96, 353, 95, 355, 1, -2, -1.1071487177940904, 2.23606797749979
1070, 93, 285, 318, 286, 317, -1, 1, 2.356194490192345, 1.4142135623730951
1071, 21, 362, 354, 361, 355, 1, -1, -0.7853981633974483, 1.4142135623730951
1071, 30, 403, 211, 403, 213, 0, -2, -1.5707963267948966, 2.0
1071, 39, 468, 235, 468, 237, 0, -2, -1.5707963267948966, 2.0
1071, 49, 292, 403, 291, 404, 1, -1, -0.7853981633974483, 1.4142135623730951
1071, 53, 556, 176, 555, 175, 1, 1, 0.7853981633974483, 1.4142135623730951
1071, 58, 416, 307, 416, 309, 0, -2, -1.5707963267948966, 2.0
1071, 61, 123, 352, 122, 354, 1, -2, -1.1071487177940904, 2.23606797749979
1071, 62, 288, 372, 287, 373, 1, -1, -0.7853981633974483, 1.4142135623730951
1071, 64, 418, 250, 418, 253, 0, -3, -1.5707963267948966, 3.0
1071, 72, 586, 231, 587, 229, -1, 2, 2.0344439357957027, 2.23606797749979
1071, 74, 390, 296, 389, 299, 1, -3, -1.2490457723982544, 3.1622776601683795
1072, 2, 353, 325, 352, 326, 1, -1, -0.7853981633974483, 1.4142135623730951
1072, 9, 115, 229, 115, 231, 0, -2, -1.5707963267948966, 2.0
1072, 17, 363, 353, 362, 354, 1, -1, -0.7853981633974483, 1.4142135623730951
1072, 25, 429, 250, 429, 252, 0, -2, -1.5707963267948966, 2.0
1072, 26, 403, 209, 403, 211, 0, -2, -1.5707963267948966, 2.0
1072, 44, 293, 402, 292, 403, 1, -1, -0.7853981633974483, 1.4142135623730951
1072, 47, 557, 177, 556, 176, 1, 1, 0.7853981633974483, 1.4142135623730951
1072, 51, 27, 366, 26, 367, 1, -1, -0.7853981633974483, 1.4142135623730951
1072, 55, 124, 351, 123, 352, 1, -1, -0.7853981633974483, 1.4142135623730951
1072, 56, 289, 371, 288, 372, 1, -1, -0.7853981633974483, 1.4142135623730951
1072, 58, 418, 247, 418, 250, 0, -3, -1.5707963267948966, 3.0
1072, 60, 489, 122, 488, 123, 1, -1, -0.7853981633974483, 1.4142135623730951
1072, 63, 525, 192, 524, 189, 1, 3, 1.2490457723982544, 3.1622776601683795
1072, 68, 391, 294, 390, 296, 1, -2, -1.1071487177940904, 2.23606797749979
1072, 74, 505, 151, 504, 150, 1, 1, 0.7853981633974483, 1.4142135623730951
1072, 76, 143, 353, 144, 352, -1, 1, 2.356194490192345, 1.4142135623730951
1073, 2, 354, 324, 353, 325, 1, -1, -0.7853981633974483, 1.4142135623730951
1073, 8, 116, 228, 115, 229, 1, -1, -0.7853981633974483, 1.4142135623730951
1073, 16, 365, 351, 363, 353, 2, -2, -0.7853981633974483, 2.8284271247461903
1073, 21, 286, 231, 287, 230, -1, 1, 2.356194490192345, 1.4142135623730951
1073, 26, 546, 177, 545, 176, 1, 1, 0.7853981633974483, 1.4142135623730951
1073, 40, 337, 344, 336, 345, 1, -1, -0.7853981633974483, 1.4142135623730951
1073, 45, 558, 179, 557, 177, 1, 2, 1.1071487177940904, 2.23606797749979
1073, 49, 28, 365, 27, 366, 1, -1, -0.7853981633974483, 1.4142135623730951
1073, 53, 126, 350, 124, 351, 2, -1, -0.4636476090008061, 2.23606797749979
1073, 56, 419, 243, 418, 247, 1, -4, -1.3258176636680326, 4.123105625617661
1073, 66, 392, 291, 391, 294, 1, -3, -1.2490457723982544, 3.1622776601683795
1073, 67, 410, 270, 410, 272, 0, -2, -1.5707963267948966, 2.0
1073, 73, 141, 354, 143, 353, -2, 1, 2.677945044588987, 2.23606797749979
1073, 76, 286, 320, 285, 319, 1, 1, 0.7853981633974483, 1.4142135623730951
1074, 8, 117, 227, 116, 228, 1, -1, -0.7853981633974483, 1.4142135623730951
1074, 16, 366, 350, 365, 351, 1, -1, -0.7853981633974483, 1.4142135623730951
1074, 24, 402, 206, 403, 208, -1, -2, -2.0344439357957027, 2.23606797749979
1074, 30, 482, 138, 481, 139, 1, -1, -0.7853981633974483, 1.4142135623730951
1074, 37, 248, 339, 249, 338, -1, 1, 2.356194490192345, 1.4142135623730951
1074, 46, 29, 364, 28, 365, 1, -1, -0.7853981633974483, 1.4142135623730951
1074, 49, 127, 349, 126, 350, 1, -1, -0.7853981633974483, 1.4142135623730951
1074, 52, 420, 241, 419, 243, 1, -2, -1.1071487177940904, 2.23606797749979
1074, 62, 394, 288, 392, 291, 2, -3, -0.982793723247329, 3.605551275463989
1074, 63, 410, 268, 410, 270, 0, -2, -1.5707963267948966, 2.0
1074, 69, 139, 354, 141, 354, -2, 0, 3.141592653589793, 2.0
1075, 0, 357, 325, 356, 326, 1, -1, -0.7853981633974483, 1.4142135623730951
1075, 8, 40, 228, 39, 229, 1, -1, -0.7853981633974483, 1.4142135623730951
1075, 9, 477, 154, 476, 156, 1, -2, -1.1071487177940904, 2.23606797749979
1075, 27, 438, 225, 439, 224, -1, 1, 2.356194490192345, 1.4142135623730951
1075, 30, 366, 353, 365, 354, 1, -1, -0.7853981633974483, 1.4142135623730951
1075, 40, 421, 309, 420, 311, 1, -2, -1.1071487177940904, 2.23606797749979
1075, 43, 290, 374, 289, 375, 1, -1, -0.7853981633974483, 1.4142135623730951
1075, 45, 403, 210, 403, 212, 0, -2, -1.5707963267948966, 2.0
1075, 64, 124, 367, 122, 368, 2, -1, -0.4636476090008061, 2.23606797749979
1075, 67, 527, 193, 526, 191, 1, 2, 1.1071487177940904, 2.23606797749979
1075, 68, 422, 223, 421, 226, 1, -3, -1.2490457723982544, 3.1622776601683795
1075, 76, 437, 301, 438, 304, -1, -3, -1.892546881191539, 3.1622776601683795
1075, 78, 463, 268, 464, 270, -1, -2, -2.0344439357957027, 2.23606797749979
1075, 81, 499, 151, 497, 150, 2, 1, 0.4636476090008061, 2.23606797749979
1075, 82, 468, 234, 468, 236, 0, -2, -1.5707963267948966, 2.0
1076, 0, 358, 324, 357, 325, 1, -1, -0.7853981633974483, 1.4142135623730951
1076, 18, 608, 321, 609, 320, -1, 1, 2.356194490192345, 1.4142135623730951
1076, 25, 438, 223, 438, 225, 0, -2, -1.5707963267948966, 2.0
1076, 28, 367, 352, 366, 353, 1, -1, -0.7853981633974483, 1.4142135623730951
1076, 40, 291, 373, 290, 374, 1, -1, -0.7853981633974483, 1.4142135623730951
1076, 43, 295, 402, 294, 403, 1, -1, -0.7853981633974483, 1.4142135623730951
1076, 45, 103, 230, 100, 231, 3, -1, -0.3217505543966422, 3.1622776601683795
1076, 55, 431, 249, 431, 251, 0, -2, -1.5707963267948966, 2.0
1076, 56, 86, 293, 83, 294, 3, -1, -0.3217505543966422, 3.1622776601683795
1076, 64, 422, 220, 422, 223, 0, -3, -1.5707963267948966, 3.0
1076, 69, 232, 316, 230, 316, 2, 0, 0.0, 2.0
1077, 8, 480, 151, 477, 153, 3, -2, -0.5880026035475675, 3.605551275463989
1077, 17, 340, 342, 339, 344, 1, -2, -1.1071487177940904, 2.23606797749979
1077, 22, 438, 221, 438, 223, 0, -2, -1.5707963267948966, 2.0
1077, 25, 368, 350, 367, 352, 1, -2, -1.1071487177940904, 2.23606797749979
1077, 29, 53, 233, 50, 233, 3, 0, 0.0, 3.0
1077, 34, 421, 306, 421, 308, 0, -2, -1.5707963267948966, 2.0
1077, 38, 403, 207, 403, 209, 0, -2, -1.5707963267948966, 2.0
1077, 42, 44, 343, 44, 345, 0, -2, -1.5707963267948966, 2.0
1077, 44, 204, 384, 203, 385, 1, -1, -0.7853981633974483, 1.4142135623730951
1077, 48, 288, 233, 287, 230, 1, 3, 1.2490457723982544, 3.1622776601683795
1077, 53, 125, 365, 124, 366, 1, -1, -0.7853981633974483, 1.4142135623730951
1077, 56, 528, 195, 527, 194, 1, 1, 0.7853981633974483, 1.4142135623730951
1077, 57, 423, 217, 422, 220, 1, -3, -1.2490457723982544, 3.1622776601683795
1077, 58, 46, 337, 48, 337, -2, 0, 3.141592653589793, 2.0
1077, 60, 409, 269, 410, 271, -1, -2, -2.0344439357957027, 2.23606797749979
1077, 64, 438, 301, 437, 302, 1, -1, -0.7853981633974483, 1.4142135623730951
1077, 68, 499, 153, 498, 151, 1, 2, 1.1071487177940904, 2.23606797749979
1078, 0, 359, 322, 358, 323, 1, -1, -0.7853981633974483, 1.4142135623730951
1078, 14, 607, 323, 608, 322, -1, 1, 2.356194490192345, 1.4142135623730951
1078, 21, 439, 219, 438, 221, 1, -2, -1.1071487177940904, 2.23606797749979
1078, 24, 369, 349, 368, 350, 1, -1, -0.7853981633974483, 1.4142135623730951
1078, 32, 422, 304, 421, 306, 1, -2, -1.1071487177940904, 2.23606797749979
1078, 36, 403, 205, 403, 207, 0, -2, -1.5707963267948966, 2.0
1078, 37, 296, 400, 295, 401, 1, -1, -0.7853981633974483, 1.4142135623730951
1078, 53, 529, 198, 528, 195, 1, 3, 1.2490457723982544, 3.1622776601683795
1078, 54, 423, 215, 423, 217, 0, -2, -1.5707963267948966, 2.0
1078, 64, 500, 154, 499, 153, 1, 1, 0.7853981633974483, 1.4142135623730951
1079, 0, 359, 320, 359, 322, 0, -2, -1.5707963267948966, 2.0
1079, 16, 342, 340, 340, 341, 2, -1, -0.4636476090008061, 2.23606797749979
1079, 21, 439, 217, 439, 219, 0, -2, -1.5707963267948966, 2.0
1079, 32, 423, 303, 422, 304, 1, -1, -0.7853981633974483, 1.4142135623730951
1079, 37, 297, 399, 296, 400, 1, -1, -0.7853981633974483, 1.4142135623730951
1079, 52, 423, 213, 423, 215, 0, -2, -1.5707963267948966, 2.0
1080, 2, 360, 323, 359, 324, 1, -1, -0.7853981633974483, 1.4142135623730951
1080, 14, 298, 401, 297, 402, 1, -1, -0.7853981633974483, 1.4142135623730951
1080, 21, 369, 350, 368, 352, 1, -2, -1.1071487177940904, 2.23606797749979
1080, 40, 408, 155, 409, 157, -1, -2, -2.0344439357957027, 2.23606797749979
1080, 44, 490, 120, 489, 121, 1, -1, -0.7853981633974483, 1.4142135623730951
1080, 48, 363, 339, 362, 341, 1, -2, -1.1071487177940904, 2.23606797749979
1080, 57, 431, 162, 430, 163, 1, -1, -0.7853981633974483, 1.4142135623730951
1080, 66, 464, 266, 464, 268, 0, -2, -1.5707963267948966, 2.0
1080, 75, 420, 227, 420, 229, 0, -2, -1.5707963267948966, 2.0
1080, 78, 561, 183, 560, 182, 1, 1, 0.7853981633974483, 1.4142135623730951
1080, 80, 242, 202, 243, 201, -1, 1, 2.356194490192345, 1.4142135623730951
1080, 82, 425, 306, 425, 308, 0, -2, -1.5707963267948966, 2.0
1080, 86, 325, 392, 324, 393, 1, -1, -0.7853981633974483, 1.4142135623730951
1080, 89, 179, 366, 178, 365, 1, 1, 0.7853981633974483, 1.4142135623730951
1080, 90, 297, 328, 296, 327, 1, 1, 0.7853981633974483, 1.4142135623730951
1080, 92, 523, 139, 522, 140, 1, -1, -0.7853981633974483, 1.4142135623730951
1080, 93, 581, 200, 582, 199, -1, 1, 2.356194490192345, 1.4142135623730951
1080, 94, 385, 256, 385, 258, 0, -2, -1.5707963267948966, 2.0
1080, 96, 450, 197, 450, 199, 0, -2, -1.5707963267948966, 2.0
1081, 2, 360, 321, 360, 323, 0, -2, -1.5707963267948966, 2.0
1081, 14, 299, 400, 298, 401, 1, -1, -0.7853981633974483, 1.4142135623730951
1081, 27, 342, 343, 341, 344, 1, -1, -0.7853981633974483, 1.4142135623730951
1081, 39, 408, 153, 408, 155, 0, -2, -1.5707963267948966, 2.0
1081, 50, 393, 293, 393, 295, 0, -2, -1.5707963267948966, 2.0
1081, 51, 582, 296, 581, 295, 1, 1, 0.7853981633974483, 1.4142135623730951
1081, 70, 421, 243, 422, 245, -1, -2, -2.0344439357957027, 2.23606797749979
1081, 71, 513, 159, 512, 158, 1, 1, 0.7853981633974483, 1.4142135623730951
1081, 74, 562, 184, 561, 183, 1, 1, 0.7853981633974483, 1.4142135623730951
1081, 78, 425, 303, 425, 306, 0, -3, -1.5707963267948966, 3.0
1081, 79, 402, 295, 402, 297, 0, -2, -1.5707963267948966, 2.0
1081, 82, 326, 391, 325, 392, 1, -1, -0.7853981633974483, 1.4142135623730951
1081, 87, 581, 203, 581, 200, 0, 3, 1.5707963267948966, 3.0
1081, 88, 385, 254, 385, 256, 0, -2, -1.5707963267948966, 2.0
1081, 90, 100, 227, 103, 228, -3, -1, -2.819842099193151, 3.1622776601683795
1082, 2, 361, 319, 360, 321, 1, -2, -1.1071487177940904, 2.23606797749979
1082, 14, 300, 399, 299, 400, 1, -1, -0.7853981633974483, 1.4142135623730951
1082, 19, 370, 347, 369, 349, 1, -2, -1.1071487177940904, 2.23606797749979
1082, 41, 491, 118, 490, 119, 1, -1, -0.7853981633974483, 1.4142135623730951
1082, 45, 365, 336, 363, 338, 2, -2, -0.7853981633974483, 2.8284271247461903
1082, 48, 393, 291, 393, 293, 0, -2, -1.5707963267948966, 2.0
1082, 55, 325, 363, 324, 364, 1, -1, -0.7853981633974483, 1.4142135623730951
1082, 72, 425, 301, 425, 303, 0, -2, -1.5707963267948966, 2.0
1082, 81, 582, 205, 581, 203, 1, 2, 1.1071487177940904, 2.23606797749979
1082, 82, 386, 252, 385, 254, 1, -2, -1.1071487177940904, 2.23606797749979
1083, 18, 371, 346, 370, 347, 1, -1, -0.7853981633974483, 1.4142135623730951
1083, 23, 404, 172, 405, 174, -1, -2, -2.0344439357957027, 2.23606797749979
1083, 25, 343, 341, 342, 342, 1, -1, -0.7853981633974483, 1.4142135623730951
1083, 31, 547, 186, 545, 183, 2, 3, 0.982793723247329, 3.605551275463989
1083, 34, 408, 150, 408, 152, 0, -2, -1.5707963267948966, 2.0
1083, 38, 492, 117, 491, 118, 1, -1, -0.7853981633974483, 1.4142135623730951
1083, 42, 366, 335, 365, 336, 1, -1, -0.7853981633974483, 1.4142135623730951
1083, 61, 514, 160, 513, 159, 1, 1, 0.7853981633974483, 1.4142135623730951
1083, 62, 563, 186, 562, 185, 1, 1, 0.7853981633974483, 1.4142135623730951
1083, 66, 425, 299, 425, 301, 0, -2, -1.5707963267948966, 2.0
1083, 70, 328, 390, 327, 391, 1, -1, -0.7853981633974483, 1.4142135623730951
1083, 74, 526, 138, 523, 138, 3, 0, 0.0, 3.0
1083, 76, 386, 250, 386, 252, 0, -2, -1.5707963267948966, 2.0
1084, 1, 362, 316, 361, 318, 1, -2, -1.1071487177940904, 2.23606797749979
1084, 12, 301, 397, 300, 398, 1, -1, -0.7853981633974483, 1.4142135623730951
1084, 17, 371, 344, 371, 346, 0, -2, -1.5707963267948966, 2.0
1084, 22, 408, 170, 404, 172, 4, -2, -0.4636476090008061, 4.47213595499958
1084, 30, 548, 190, 547, 186, 1, 4, 1.3258176636680326, 4.123105625617661
1084, 31, 124, 205, 123, 206, 1, -1, -0.7853981633974483, 1.4142135623730951
1084, 43, 394, 288, 393, 290, 1, -2, -1.1071487177940904, 2.23606797749979
1084, 45, 151, 372, 152, 371, -1, 1, 2.356194490192345, 1.4142135623730951
1084, 48, 327, 360, 325, 362, 2, -2, -0.7853981633974483, 2.8284271247461903
1084, 57, 564, 187, 563, 186, 1, 1, 0.7853981633974483, 1.4142135623730951
1084, 61, 426, 297, 425, 299, 1, -2, -1.1071487177940904, 2.23606797749979
1084, 62, 402, 291, 402, 293, 0, -2, -1.5707963267948966, 2.0
1084, 65, 329, 389, 328, 390, 1, -1, -0.7853981633974483, 1.4142135623730951
1084, 69, 528, 140, 526, 138, 2, 2, 0.7853981633974483, 2.8284271247461903
1084, 70, 582, 208, 582, 206, 0, 2, 1.5707963267948966, 2.0
1084, 71, 386, 248, 386, 250, 0, -2, -1.5707963267948966, 2.0
1085, 1, 361, 318, 361, 321, 0, -3, -1.5707963267948966, 3.0
1085, 9, 513, 168, 513, 166, 0, 2, 1.5707963267948966, 2.0
1085, 19, 549, 189, 548, 187, 1, 2, 1.1071487177940904, 2.23606797749979
1085, 23, 73, 376, 75, 375, -2, 1, 2.677945044588987, 2.23606797749979
1085, 25, 495, 139, 494, 140, 1, -1, -0.7853981633974483, 1.4142135623730951
1085, 29, 432, 248, 432, 250, 0, -2, -1.5707963267948966, 2.0
1085, 33, 371, 345, 371, 347, 0, -2, -1.5707963267948966, 2.0
1085, 34, 356, 324, 355, 325, 1, -1, -0.7853981633974483, 1.4142135623730951
1085, 36, 402, 205, 403, 207, -1, -2, -2.0344439357957027, 2.23606797749979
1085, 41, 301, 399, 300, 400, 1, -1, -0.7853981633974483, 1.4142135623730951
1085, 42, 326, 368, 325, 369, 1, -1, -0.7853981633974483, 1.4142135623730951
1085, 59, 152, 362, 154, 360, -2, 2, 2.356194490192345, 2.8284271247461903
1085, 68, 607, 248, 606, 247, 1, 1, 0.7853981633974483, 1.4142135623730951
1085, 76, 426, 300, 426, 302, 0, -2, -1.5707963267948966, 2.0
1085, 77, 592, 247, 591, 245, 1, 2, 1.1071487177940904, 2.23606797749979
1085, 79, 433, 142, 434, 144, -1, -2, -2.0344439357957027, 2.23606797749979
1085, 80, 227, 400, 227, 402, 0, -2, -1.5707963267948966, 2.0
1085, 81, 386, 248, 387, 250, -1, -2, -2.0344439357957027, 2.23606797749979
1085, 88, 329, 391, 328, 392, 1, -1, -0.7853981633974483, 1.4142135623730951
1086, 1, 362, 316, 361, 318, 1, -2, -1.1071487177940904, 2.23606797749979
1086, 7, 512, 169, 513, 168, -1, 1, 2.356194490192345, 1.4142135623730951
1086, 17, 550, 192, 549, 189, 1, 3, 1.2490457723982544, 3.1622776601683795
1086, 29, 371, 343, 371, 345, 0, -2, -1.5707963267948966, 2.0
1086, 30, 357, 322, 356, 324, 1, -2, -1.1071487177940904, 2.23606797749979
1086, 32, 401, 203, 402, 205, -1, -2, -2.0344439357957027, 2.23606797749979
1086, 37, 302, 398, 301, 399, 1, -1, -0.7853981633974483, 1.4142135623730951
1086, 38, 327, 367, 326, 368, 1, -1, -0.7853981633974483, 1.4142135623730951
1086, 45, 131, 362, 127, 363, 4, -1, -0.24497866312686414, 4.123105625617661
1086, 58, 344, 341, 343, 342, 1, -1, -0.7853981633974483, 1.4142135623730951
1086, 59, 608, 249, 607, 248, 1, 1, 0.7853981633974483, 1.4142135623730951
1086, 66, 426, 298, 426, 300, 0, -2, -1.5707963267948966, 2.0
1087, 7, 511, 170, 512, 169, -1, 1, 2.356194490192345, 1.4142135623730951
1087, 17, 552, 195, 550, 192, 2, 3, 0.982793723247329, 3.605551275463989
1087, 22, 497, 138, 496, 139, 1, -1, -0.7853981633974483, 1.4142135623730951
1087, 27, 371, 341, 371, 343, 0, -2, -1.5707963267948966, 2.0
1087, 28, 357, 320, 357, 322, 0, -2, -1.5707963267948966, 2.0
1087, 30, 400, 201, 401, 203, -1, -2, -2.0344439357957027, 2.23606797749979
1087, 36, 109, 303, 107, 304, 2, -1, -0.4636476090008061, 2.23606797749979
1087, 38, 139, 410, 137, 412, 2, -2, -0.7853981633974483, 2.8284271247461903
1087, 46, 445, 305, 443, 305, 2, 0, 0.0, 2.0
1087, 51, 334, 356, 332, 357, 2, -1, -0.4636476090008061, 2.23606797749979
1087, 55, 610, 252, 608, 249, 2, 3, 0.982793723247329, 3.605551275463989
1087, 61, 593, 250, 592, 248, 1, 2, 1.1071487177940904, 2.23606797749979
1087, 68, 331, 390, 330, 391, 1, -1, -0.7853981633974483, 1.4142135623730951
1088, 1, 363, 312, 362, 315, 1, -3, -1.2490457723982544, 3.1622776601683795
1088, 2, 254, 325, 255, 324, -1, 1, 2.356194490192345, 1.4142135623730951
1088, 15, 553, 197, 552, 195, 1, 2, 1.1071487177940904, 2.23606797749979
1088, 18, 73, 374, 73, 376, 0, -2, -1.5707963267948966, 2.0
1088, 20, 499, 138, 497, 138, 2, 0, 0.0, 2.0
1088, 23, 234, 395, 233, 396, 1, -1, -0.7853981633974483, 1.4142135623730951
1088, 27, 400, 199, 400, 201, 0, -2, -1.5707963267948966, 2.0
1088, 39, 247, 318, 249, 319, -2, -1, -2.677945044588987, 2.23606797749979
1088, 42, 446, 303, 445, 305, 1, -2, -1.1071487177940904, 2.23606797749979
1088, 50, 610, 254, 610, 252, 0, 2, 1.5707963267948966, 2.0
1088, 51, 150, 183, 149, 184, 1, -1, -0.7853981633974483, 1.4142135623730951
1088, 54, 426, 295, 426, 297, 0, -2, -1.5707963267948966, 2.0
1088, 57, 224, 399, 226, 399, -2, 0, 3.141592653589793, 2.0
1088, 61, 333, 389, 331, 390, 2, -1, -0.4636476090008061, 2.23606797749979
1089, 5, 180, 302, 181, 301, -1, 1, 2.356194490192345, 1.4142135623730951
1089, 15, 554, 199, 553, 197, 1, 2, 1.1071487177940904, 2.23606797749979
1089, 17, 75, 371, 73, 374, 2, -3, -0.982793723247329, 3.605551275463989
1089, 23, 371, 338, 371, 340, 0, -2, -1.5707963267948966, 2.0
1089, 24, 358, 318, 358, 320, 0, -2, -1.5707963267948966, 2.0
1089, 29, 306, 397, 304, 398, 2, -1, -0.4636476090008061, 2.23606797749979
1089, 37, 245, 317, 247, 318, -2, -1, -2.677945044588987, 2.23606797749979
1089, 40, 448, 301, 446, 303, 2, -2, -0.7853981633974483, 2.8284271247461903
1089, 45, 335, 356, 334, 355, 1, 1, 0.7853981633974483, 1.4142135623730951
1089, 47, 345, 339, 344, 340, 1, -1, -0.7853981633974483, 1.4142135623730951
1090, 1, 365, 315, 364, 317, 1, -2, -1.1071487177940904, 2.23606797749979
1090, 7, 292, 234, 291, 235, 1, -1, -0.7853981633974483, 1.4142135623730951
1090, 13, 140, 412, 139, 413, 1, -1, -0.7853981633974483, 1.4142135623730951
1090, 42, 427, 298, 427, 300, 0, -2, -1.5707963267948966, 2.0
1090, 47, 554, 198, 553, 197, 1, 1, 0.7853981633974483, 1.4142135623730951
1090, 62, 467, 227, 468, 229, -1, -2, -2.0344439357957027, 2.23606797749979
1090, 63, 427, 168, 426, 169, 1, -1, -0.7853981633974483, 1.4142135623730951
1090, 66, 586, 291, 584, 288, 2, 3, 0.982793723247329, 3.605551275463989
1090, 68, 448, 301, 447, 303, 1, -2, -1.1071487177940904, 2.23606797749979
1091, 1, 365, 313, 365, 315, 0, -2, -1.5707963267948966, 2.0
1091, 8, 484, 148, 483, 149, 1, -1, -0.7853981633974483, 1.4142135623730951
1091, 13, 372, 338, 372, 340, 0, -2, -1.5707963267948966, 2.0
1091, 29, 347, 339, 346, 340, 1, -1, -0.7853981633974483, 1.4142135623730951
1091, 35, 306, 398, 304, 399, 2, -1, -0.4636476090008061, 2.23606797749979
1091, 46, 522, 166, 521, 165, 1, 1, 0.7853981633974483, 1.4142135623730951
1091, 55, 587, 214, 587, 212, 0, 2, 1.5707963267948966, 2.0
1091, 60, 588, 293, 586, 291, 2, 2, 0.7853981633974483, 2.8284271247461903
1091, 62, 448, 299, 448, 301, 0, -2, -1.5707963267948966, 2.0
1092, 12, 373, 336, 372, 338, 1, -2, -1.1071487177940904, 2.23606797749979
1092, 26, 348, 338, 347, 339, 1, -1, -0.7853981633974483, 1.4142135623730951
1092, 31, 307, 396, 306, 398, 1, -2, -1.1071487177940904, 2.23606797749979
1092, 41, 522, 168, 522, 166, 0, 2, 1.5707963267948966, 2.0
1092, 50, 426, 166, 426, 168, 0, -2, -1.5707963267948966, 2.0
1092, 53, 590, 296, 588, 293, 2, 3, 0.982793723247329, 3.605551275463989
1092, 55, 449, 298, 448, 299, 1, -1, -0.7853981633974483, 1.4142135623730951
1093, 1, 366, 310, 365, 312, 1, -2, -1.1071487177940904, 2.23606797749979
1093, 7, 486, 145, 484, 147, 2, -2, -0.7853981633974483, 2.8284271247461903
1093, 12, 374, 334, 373, 336, 1, -2, -1.1071487177940904, 2.23606797749979
1093, 26, 349, 335, 348, 338, 1, -3, -1.2490457723982544, 3.1622776601683795
1093, 31, 308, 395, 307, 396, 1, -1, -0.7853981633974483, 1.4142135623730951
1093, 38, 556, 201, 554, 200, 2, 1, 0.4636476090008061, 2.23606797749979
1093, 52, 590, 298, 590, 296, 0, 2, 1.5707963267948966, 2.0
1093, 54, 450, 297, 449, 298, 1, -1, -0.7853981633974483, 1.4142135623730951
1093, 55, 275, 251, 278, 251, -3, 0, 3.141592653589793, 3.0
1094, 1, 366, 308, 366, 310, 0, -2, -1.5707963267948966, 2.0
1094, 6, 289, 232, 292, 233, -3, -1, -2.819842099193151, 3.1622776601683795
1094, 7, 487, 144, 486, 145, 1, -1, -0.7853981633974483, 1.4142135623730951
1094, 13, 237, 403, 236, 404, 1, -1, -0.7853981633974483, 1.4142135623730951
1094, 23, 91, 359, 89, 359, 2, 0, 0.0, 2.0
1094, 25, 350, 333, 349, 335, 1, -2, -1.1071487177940904, 2.23606797749979
1094, 29, 309, 394, 308, 395, 1, -1, -0.7853981633974483, 1.4142135623730951
1094, 43, 108, 307, 112, 305, -4, 2, 2.677945044588987, 4.47213595499958
1094, 46, 588, 217, 587, 216, 1, 1, 0.7853981633974483, 1.4142135623730951
1095, 1, 367, 312, 366, 314, 1, -2, -1.1071487177940904, 2.23606797749979
1095, 22, 376, 339, 376, 341, 0, -2, -1.5707963267948966, 2.0
1095, 29, 342, 358, 342, 360, 0, -2, -1.5707963267948966, 2.0
1095, 39, 492, 142, 491, 143, 1, -1, -0.7853981633974483, 1.4142135623730951
1095, 48, 521, 171, 521, 169, 0, 2, 1.5707963267948966, 2.0
1095, 51, 311, 394, 310, 395, 1, -1, -0.7853981633974483, 1.4142135623730951
1095, 52, 628, 342, 626, 342, 2, 0, 0.0, 2.0
1095, 67, 422, 163, 422, 165, 0, -2, -1.5707963267948966, 2.0
1095, 71, 350, 339, 349, 340, 1, -1, -0.7853981633974483, 1.4142135623730951
1096, 1, 367, 310, 367, 312, 0, -2, -1.5707963267948966, 2.0
1096, 5, 484, 148, 483, 149, 1, -1, -0.7853981633974483, 1.4142135623730951
1096, 21, 377, 337, 376, 339, 1, -2, -1.1071487177940904, 2.23606797749979
1096, 23, 80, 372, 79, 373, 1, -1, -0.7853981633974483, 1.4142135623730951
1096, 25, 432, 240, 432, 242, 0, -2, -1.5707963267948966, 2.0
1096, 35, 277, 212, 280, 213, -3, -1, -2.819842099193151, 3.1622776601683795
1096, 36, 402, 199, 403, 201, -1, -2, -2.0344439357957027, 2.23606797749979
1096, 37, 493, 141, 492, 142, 1, -1, -0.7853981633974483, 1.4142135623730951
1096, 54, 302, 373, 301, 374, 1, -1, -0.7853981633974483, 1.4142135623730951
1096, 65, 408, 171, 408, 173, 0, -2, -1.5707963267948966, 2.0
1097, 1, 368, 308, 367, 310, 1, -2, -1.1071487177940904, 2.23606797749979
1097, 6, 513, 169, 512, 168, 1, 1, 0.7853981633974483, 1.4142135623730951
1097, 20, 377, 335, 377, 337, 0, -2, -1.5707963267948966, 2.0
1097, 42, 521, 174, 521, 172, 0, 2, 1.5707963267948966, 2.0
1097, 45, 312, 393, 311, 394, 1, -1, -0.7853981633974483, 1.4142135623730951
1097, 58, 422, 160, 422, 162, 0, -2, -1.5707963267948966, 2.0
1098, 1, 368, 306, 368, 308, 0, -2, -1.5707963267948966, 2.0
1098, 6, 514, 170, 513, 169, 1, 1, 0.7853981633974483, 1.4142135623730951
1098, 17, 557, 199, 556, 198, 1, 1, 0.7853981633974483, 1.4142135623730951
1098, 34, 495, 140, 494, 141, 1, -1, -0.7853981633974483, 1.4142135623730951
1098, 38, 235, 317, 237, 316, -2, 1, 2.677945044588987, 2.23606797749979
1098, 41, 522, 176, 521, 174, 1, 2, 1.1071487177940904, 2.23606797749979
1098, 44, 313, 392, 312, 393, 1, -1, -0.7853981633974483, 1.4142135623730951
1098, 60, 351, 335, 350, 337, 1, -2, -1.1071487177940904, 2.23606797749979
1099, 1, 368, 304, 368, 306, 0, -2, -1.5707963267948966, 2.0
1099, 18, 378, 332, 377, 334, 1, -2, -1.1071487177940904, 2.23606797749979
1099, 31, 496, 138, 495, 140, 1, -2, -1.1071487177940904, 2.23606797749979
1099, 38, 522, 179, 522, 176, 0, 3, 1.5707963267948966, 3.0
1099, 42, 627, 343, 628, 342, -1, 1, 2.356194490192345, 1.4142135623730951
1099, 53, 453, 288, 452, 289, 1, -1, -0.7853981633974483, 1.4142135623730951
1100, 0, 369, 308, 369, 310, 0, -2, -1.5707963267948966, 2.0
1100, 30, 380, 339, 379, 340, 1, -1, -0.7853981633974483, 1.4142135623730951
1100, 37, 559, 201, 559, 199, 0, 2, 1.5707963267948966, 2.0
1100, 38, 427, 236, 427, 238, 0, -2, -1.5707963267948966, 2.0
1100, 51, 312, 399, 311, 400, 1, -1, -0.7853981633974483, 1.4142135623730951
1100, 60, 353, 336, 352, 338, 1, -2, -1.1071487177940904, 2.23606797749979
1100, 71, 494, 140, 493, 139, 1, 1, 0.7853981633974483, 1.4142135623730951
1100, 75, 616, 324, 612, 324, 4, 0, 0.0, 4.0
1101, 0, 370, 306, 369, 308, 1, -2, -1.1071487177940904, 2.23606797749979
1101, 28, 381, 337, 380, 339, 1, -2, -1.1071487177940904, 2.23606797749979
1101, 36, 559, 208, 560, 207, -1, 1, 2.356194490192345, 1.4142135623730951
1101, 38, 404, 196, 404, 198, 0, -2, -1.5707963267948966, 2.0
1101, 46, 313, 398, 312, 399, 1, -1, -0.7853981633974483, 1.4142135623730951
1101, 49, 445, 208, 447, 210, -2, -2, -2.356194490192345, 2.8284271247461903
1101, 54, 353, 334, 353, 336, 0, -2, -1.5707963267948966, 2.0
1101, 59, 540, 152, 540, 154, 0, -2, -1.5707963267948966, 2.0
1101, 65, 496, 141, 494, 140, 2, 1, 0.4636476090008061, 2.23606797749979
1101, 68, 620, 324, 616, 324, 4, 0, 0.0, 4.0
1102, 0, 371, 304, 370, 306, 1, -2, -1.1071487177940904, 2.23606797749979
1102, 6, 486, 145, 485, 146, 1, -1, -0.7853981633974483, 1.4142135623730951
1102, 19, 456, 287, 456, 289, 0, -2, -1.5707963267948966, 2.0
1102, 22, 276, 284, 275, 285, 1, -1, -0.7853981633974483, 1.4142135623730951
1102, 23, 183, 258, 186, 258, -3, 0, 3.141592653589793, 3.0
1102, 25, 196, 258, 197, 256, -1, 2, 2.0344439357957027, 2.23606797749979
1102, 27, 382, 335, 381, 337, 1, -2, -1.1071487177940904, 2.23606797749979
1102, 43, 222, 274, 221, 275, 1, -1, -0.7853981633974483, 1.4142135623730951
1102, 44, 314, 397, 313, 398, 1, -1, -0.7853981633974483, 1.4142135623730951
1102, 52, 354, 332, 353, 334, 1, -2, -1.1071487177940904, 2.23606797749979
1102, 58, 186, 233, 185, 234, 1, -1, -0.7853981633974483, 1.4142135623730951
1102, 59, 192, 342, 192, 344, 0, -2, -1.5707963267948966, 2.0
1102, 61, 527, 177, 527, 175, 0, 2, 1.5707963267948966, 2.0
1102, 62, 43, 404, 44, 406, -1, -2, -2.0344439357957027, 2.23606797749979
1102, 64, 223, 406, 222, 407, 1, -1, -0.7853981633974483, 1.4142135623730951
1103, 0, 371, 302, 371, 304, 0, -2, -1.5707963267948966, 2.0
1103, 27, 382, 333, 382, 335, 0, -2, -1.5707963267948966, 2.0
1103, 42, 315, 396, 314, 397, 1, -1, -0.7853981633974483, 1.4142135623730951
1103, 50, 354, 330, 354, 332, 0, -2, -1.5707963267948966, 2.0
1103, 55, 542, 151, 540, 151, 2, 0, 0.0, 2.0
1103, 58, 528, 178, 527, 177, 1, 1, 0.7853981633974483, 1.4142135623730951
1103, 60, 497, 139, 496, 142, 1, -3, -1.2490457723982544, 3.1622776601683795
1104, 0, 372, 300, 371, 302, 1, -2, -1.1071487177940904, 2.23606797749979
1104, 7, 47, 259, 48, 261, -1, -2, -2.0344439357957027, 2.23606797749979
1104, 24, 383, 331, 382, 333, 1, -2, -1.1071487177940904, 2.23606797749979
1104, 27, 131, 362, 134, 361, -3, 1, 2.819842099193151, 3.1622776601683795
1104, 41, 445, 205, 445, 207, 0, -2, -1.5707963267948966, 2.0
1104, 43, 379, 324, 379, 326, 0, -2, -1.5707963267948966, 2.0
1104, 46, 355, 328, 354, 330, 1, -2, -1.1071487177940904, 2.23606797749979
1104, 50, 132, 354, 130, 353, 2, 1, 0.4636476090008061, 2.23606797749979
1104, 51, 544, 153, 542, 151, 2, 2, 0.7853981633974483, 2.8284271247461903
1104, 54, 529, 179, 528, 178, 1, 1, 0.7853981633974483, 1.4142135623730951
1104, 55, 498, 138, 497, 139, 1, -1, -0.7853981633974483, 1.4142135623730951
1104, 56, 225, 405, 224, 406, 1, -1, -0.7853981633974483, 1.4142135623730951
1105, 4, 373, 304, 372, 307, 1, -3, -1.2490457723982544, 3.1622776601683795
1105, 15, 510, 152, 509, 151, 1, 1, 0.7853981633974483, 1.4142135623730951
1105, 32, 383, 336, 382, 338, 1, -2, -1.1071487177940904, 2.23606797749979
1105, 36, 315, 399, 314, 400, 1, -1, -0.7853981633974483, 1.4142135623730951
1105, 38, 354, 332, 354, 334, 0, -2, -1.5707963267948966, 2.0
1105, 48, 248, 272, 250, 271, -2, 1, 2.677945044588987, 2.23606797749979
1105, 50, 404, 195, 404, 197, 0, -2, -1.5707963267948966, 2.0
1105, 53, 543, 158, 543, 155, 0, 3, 1.5707963267948966, 3.0
1105, 55, 449, 186, 450, 188, -1, -2, -2.0344439357957027, 2.23606797749979
1105, 58, 434, 237, 434, 239, 0, -2, -1.5707963267948966, 2.0
1105, 67, 427, 287, 426, 288, 1, -1, -0.7853981633974483, 1.4142135623730951
1105, 79, 283, 399, 284, 398, -1, 1, 2.356194490192345, 1.4142135623730951
1105, 81, 345, 387, 344, 388, 1, -1, -0.7853981633974483, 1.4142135623730951
1105, 84, 468, 167, 469, 169, -1, -2, -2.0344439357957027, 2.23606797749979
1105, 92, 635, 347, 632, 348, 3, -1, -0.3217505543966422, 3.1622776601683795
1105, 98, 545, 171, 545, 168, 0, 3, 1.5707963267948966, 3.0
1106, 4, 373, 302, 373, 304, 0, -2, -1.5707963267948966, 2.0
1106, 8, 487, 146, 486, 147, 1, -1, -0.7853981633974483, 1.4142135623730951
1106, 12, 525, 188, 525, 186, 0, 2, 1.5707963267948966, 2.0
1106, 31, 383, 334, 383, 336, 0, -2, -1.5707963267948966, 2.0
1106, 36, 355, 330, 354, 332, 1, -2, -1.1071487177940904, 2.23606797749979
1106, 43, 458, 288, 457, 289, 1, -1, -0.7853981633974483, 1.4142135623730951
1106, 49, 47, 230, 46, 231, 1, -1, -0.7853981633974483, 1.4142135623730951
1106, 55, 399, 170, 399, 172, 0, -2, -1.5707963267948966, 2.0
1106, 62, 36, 371, 35, 372, 1, -1, -0.7853981633974483, 1.4142135623730951
1106, 63, 367, 297, 367, 299, 0, -2, -1.5707963267948966, 2.0
1106, 74, 398, 281, 398, 283, 0, -2, -1.5707963267948966, 2.0
1106, 86, 575, 207, 574, 205, 1, 2, 1.1071487177940904, 2.23606797749979
1106, 90, 547, 174, 545, 171, 2, 3, 0.982793723247329, 3.605551275463989
1107, 4, 374, 300, 373, 302, 1, -2, -1.1071487177940904, 2.23606797749979
1107, 12, 524, 189, 525, 188, -1, 1, 2.356194490192345, 1.4142135623730951
1107, 19, 377, 324, 376, 325, 1, -1, -0.7853981633974483, 1.4142135623730951
1107, 29, 384, 333, 383, 334, 1, -1, -0.7853981633974483, 1.4142135623730951
1107, 33, 316, 397, 315, 398, 1, -1, -0.7853981633974483, 1.4142135623730951
1107, 34, 355, 328, 355, 330, 0, -2, -1.5707963267948966, 2.0
1107, 38, 153, 399, 152, 400, 1, -1, -0.7853981633974483, 1.4142135623730951
1107, 40, 90, 356, 92, 356, -2, 0, 3.141592653589793, 2.0
1107, 45, 543, 155, 543, 157, 0, -2, -1.5707963267948966, 2.0
1107, 49, 434, 234, 434, 236, 0, -2, -1.5707963267948966, 2.0
1107, 52, 244, 407, 243, 408, 1, -1, -0.7853981633974483, 1.4142135623730951
1107, 59, 367, 295, 367, 297, 0, -2, -1.5707963267948966, 2.0
1107, 68, 88, 208, 88, 210, 0, -2, -1.5707963267948966, 2.0
1107, 69, 346, 385, 345, 386, 1, -1, -0.7853981633974483, 1.4142135623730951
1107, 70, 399, 278, 398, 281, 1, -3, -1.2490457723982544, 3.1622776601683795
1107, 79, 576, 208, 575, 207, 1, 1, 0.7853981633974483, 1.4142135623730951
1107, 83, 548, 176, 547, 174, 1, 2, 1.1071487177940904, 2.23606797749979
1108, 4, 374, 298, 374, 300, 0, -2, -1.5707963267948966, 2.0
1108, 12, 523, 190, 524, 189, -1, 1, 2.356194490192345, 1.4142135623730951
1108, 18, 119, 412, 118, 413, 1, -1, -0.7853981633974483, 1.4142135623730951
1108, 19, 378, 323, 377, 324, 1, -1, -0.7853981633974483, 1.4142135623730951
1108, 28, 384, 331, 384, 333, 0, -2, -1.5707963267948966, 2.0
1108, 31, 317, 396, 316, 397, 1, -1, -0.7853981633974483, 1.4142135623730951
1108, 32, 355, 326, 355, 328, 0, -2, -1.5707963267948966, 2.0
1108, 39, 459, 286, 458, 287, 1, -1, -0.7853981633974483, 1.4142135623730951
1108, 42, 544, 153, 543, 155, 1, -2, -1.1071487177940904, 2.23606797749979
1108, 44, 49, 229, 48, 230, 1, -1, -0.7853981633974483, 1.4142135623730951
1108, 53, 38, 369, 36, 370, 2, -1, -0.4636476090008061, 2.23606797749979
1108, 54, 367, 293, 367, 295, 0, -2, -1.5707963267948966, 2.0
1108, 63, 347, 384, 346, 385, 1, -1, -0.7853981633974483, 1.4142135623730951
1108, 64, 401, 275, 399, 278, 2, -3, -0.982793723247329, 3.605551275463989
1108, 77, 550, 176, 548, 176, 2, 0, 0.0, 2.0
1109, 4, 374, 296, 374, 298, 0, -2, -1.5707963267948966, 2.0
1109, 6, 488, 143, 487, 144, 1, -1, -0.7853981633974483, 1.4142135623730951
1109, 10, 521, 190, 523, 190, -2, 0, 3.141592653589793, 2.0
1109, 12, 85, 335, 84, 336, 1, -1, -0.7853981633974483, 1.4142135623730951
1109, 17, 379, 321, 378, 323, 1, -2, -1.1071487177940904, 2.23606797749979
1109, 18, 440, 210, 440, 212, 0, -2, -1.5707963267948966, 2.0
1109, 26, 385, 329, 384, 331, 1, -2, -1.1071487177940904, 2.23606797749979
1109, 29, 318, 395, 317, 396, 1, -1, -0.7853981633974483, 1.4142135623730951
1109, 30, 355, 324, 355, 326, 0, -2, -1.5707963267948966, 2.0
1109, 32, 339, 352, 338, 354, 1, -2, -1.1071487177940904, 2.23606797749979
1109, 40, 546, 153, 544, 153, 2, 0, 0.0, 2.0
1109, 42, 51, 229, 49, 229, 2, 0, 0.0, 2.0
1109, 50, 39, 368, 38, 369, 1, -1, -0.7853981633974483, 1.4142135623730951
1109, 51, 368, 290, 367, 293, 1, -3, -1.2490457723982544, 3.1622776601683795
1109, 60, 348, 383, 347, 384, 1, -1, -0.7853981633974483, 1.4142135623730951
1109, 61, 397, 274, 401, 275, -4, -1, -2.896613990462929, 4.123105625617661
1109, 68, 635, 342, 635, 344, 0, -2, -1.5707963267948966, 2.0
1109, 70, 575, 211, 576, 209, -1, 2, 2.0344439357957027, 2.23606797749979
1109, 71, 604, 264, 604, 262, 0, 2, 1.5707963267948966, 2.0
1109, 74, 551, 175, 550, 176, 1, -1, -0.7853981633974483, 1.4142135623730951
1110, 0, 375, 298, 375, 300, 0, -2, -1.5707963267948966, 2.0
1110, 5, 37, 230, 36, 231, 1, -1, -0.7853981633974483, 1.4142135623730951
1110, 10, 25, 377, 24, 378, 1, -1, -0.7853981633974483, 1.4142135623730951
1110, 29, 119, 408, 118, 409, 1, -1, -0.7853981633974483, 1.4142135623730951
1110, 32, 320, 398, 319, 399, 1, -1, -0.7853981633974483, 1.4142135623730951
1110, 37, 309, 375, 308, 376, 1, -1, -0.7853981633974483, 1.4142135623730951
1110, 39, 515, 151, 514, 150, 1, 1, 0.7853981633974483, 1.4142135623730951
1110, 43, 358, 328, 358, 330, 0, -2, -1.5707963267948966, 2.0
1110, 44, 40, 369, 37, 369, 3, 0, 0.0, 3.0
1110, 46, 562, 207, 561, 206, 1, 1, 0.7853981633974483, 1.4142135623730951
1110, 49, 380, 321, 379, 323, 1, -2, -1.1071487177940904, 2.23606797749979
1110, 56, 531, 185, 530, 184, 1, 1, 0.7853981633974483, 1.4142135623730951
1110, 58, 606, 266, 606, 264, 0, 2, 1.5707963267948966, 2.0
1110, 66, 161, 375, 163, 374, -2, 1, 2.677945044588987, 2.23606797749979
1111, 0, 375, 295, 375, 298, 0, -3, -1.5707963267948966, 3.0
1111, 13, 490, 144, 489, 145, 1, -1, -0.7853981633974483, 1.4142135623730951
1111, 21, 591, 315, 590, 314, 1, 1, 0.7853981633974483, 1.4142135623730951
1111, 23, 386, 331, 385, 333, 1, -2, -1.1071487177940904, 2.23606797749979
1111, 30, 321, 397, 320, 398, 1, -1, -0.7853981633974483, 1.4142135623730951
1111, 35, 310, 374, 309, 375, 1, -1, -0.7853981633974483, 1.4142135623730951
1111, 41, 359, 326, 358, 328, 1, -2, -1.1071487177940904, 2.23606797749979
1111, 42, 42, 369, 40, 369, 2, 0, 0.0, 2.0
1111, 47, 381, 318, 380, 321, 1, -3, -1.2490457723982544, 3.1622776601683795
1111, 48, 501, 152, 499, 150, 2, 2, 0.7853981633974483, 2.8284271247461903
1111, 53, 369, 304, 368, 305, 1, -1, -0.7853981633974483, 1.4142135623730951
1111, 54, 532, 186, 531, 185, 1, 1, 0.7853981633974483, 1.4142135623730951
1111, 63, 465, 287, 465, 289, 0, -2, -1.5707963267948966, 2.0
1112, 0, 375, 292, 375, 295, 0, -3, -1.5707963267948966, 3.0
1112, 1, 252, 244, 251, 245, 1, -1, -0.7853981633974483, 1.4142135623730951
1112, 4, 256, 324, 256, 326, 0, -2, -1.5707963267948966, 2.0
1112, 13, 491, 143, 490, 144, 1, -1, -0.7853981633974483, 1.4142135623730951
1112, 19, 592, 316, 591, 315, 1, 1, 0.7853981633974483, 1.4142135623730951
1112, 20, 386, 329, 386, 331, 0, -2, -1.5707963267948966, 2.0
1112, 24, 405, 191, 405, 193, 0, -2, -1.5707963267948966, 2.0
1112, 26, 322, 396, 321, 397, 1, -1, -0.7853981633974483, 1.4142135623730951
1112, 31, 311, 373, 310, 374, 1, -1, -0.7853981633974483, 1.4142135623730951
1112, 33, 517, 152, 516, 151, 1, 1, 0.7853981633974483, 1.4142135623730951
1112, 34, 620, 272, 619, 271, 1, 1, 0.7853981633974483, 1.4142135623730951
1112, 37, 359, 324, 359, 326, 0, -2, -1.5707963267948966, 2.0
1112, 38, 43, 370, 42, 369, 1, 1, 0.7853981633974483, 1.4142135623730951
1112, 40, 563, 210, 562, 208, 1, 2, 1.1071487177940904, 2.23606797749979
1112, 42, 382, 316, 381, 318, 1, -2, -1.1071487177940904, 2.23606797749979
1112, 48, 370, 302, 369, 304, 1, -2, -1.1071487177940904, 2.23606797749979
1112, 49, 533, 189, 532, 186, 1, 3, 1.2490457723982544, 3.1622776601683795
1112, 55, 347, 349, 345, 351, 2, -2, -0.7853981633974483, 2.8284271247461903
1113, 0, 375, 290, 375, 292, 0, -2, -1.5707963267948966, 2.0
1113, 16, 386, 327, 386, 329, 0, -2, -1.5707963267948966, 2.0
1113, 21, 323, 395, 322, 396, 1, -1, -0.7853981633974483, 1.4142135623730951
1113, 27, 518, 153, 517, 152, 1, 1, 0.7853981633974483, 1.4142135623730951
1113, 28, 621, 273, 620, 272, 1, 1, 0.7853981633974483, 1.4142135623730951
1113, 30, 359, 322, 359, 324, 0, -2, -1.5707963267948966, 2.0
1113, 32, 129, 203, 128, 204, 1, -1, -0.7853981633974483, 1.4142135623730951
1113, 33, 564, 213, 563, 210, 1, 3, 1.2490457723982544, 3.1622776601683795
1113, 39, 371, 300, 370, 302, 1, -2, -1.1071487177940904, 2.23606797749979
1113, 42, 607, 270, 606, 268, 1, 2, 1.1071487177940904, 2.23606797749979
1113, 46, 348, 348, 347, 349, 1, -1, -0.7853981633974483, 1.4142135623730951
1114, 0, 376, 288, 375, 290, 1, -2, -1.1071487177940904, 2.23606797749979
1114, 1, 308, 228, 309, 227, -1, 1, 2.356194490192345, 1.4142135623730951
1114, 15, 386, 325, 386, 327, 0, -2, -1.5707963267948966, 2.0
1114, 20, 324, 394, 323, 395, 1, -1, -0.7853981633974483, 1.4142135623730951
1114, 23, 313, 372, 312, 373, 1, -1, -0.7853981633974483, 1.4142135623730951
1114, 25, 518, 155, 518, 153, 0, 2, 1.5707963267948966, 2.0
1114, 28, 359, 320, 359, 322, 0, -2, -1.5707963267948966, 2.0
1114, 31, 565, 216, 564, 213, 1, 3, 1.2490457723982544, 3.1622776601683795
1114, 36, 430, 281, 428, 282, 2, -1, -0.4636476090008061, 2.23606797749979
1114, 37, 372, 298, 371, 300, 1, -2, -1.1071487177940904, 2.23606797749979
1114, 38, 534, 192, 533, 190, 1, 2, 1.1071487177940904, 2.23606797749979
1114, 46, 465, 283, 465, 285, 0, -2, -1.5707963267948966, 2.0
1114, 47, 158, 374, 160, 373, -2, 1, 2.677945044588987, 2.23606797749979
1115, 0, 376, 294, 376, 297, 0, -3, -1.5707963267948966, 3.0
1115, 6, 494, 145, 493, 146, 1, -1, -0.7853981633974483, 1.4142135623730951
1115, 7, 39, 230, 38, 231, 1, -1, -0.7853981633974483, 1.4142135623730951
1115, 12, 387, 328, 387, 331, 0, -3, -1.5707963267948966, 3.0
1115, 14, 596, 322, 595, 323, 1, -1, -0.7853981633974483, 1.4142135623730951
1115, 25, 324, 396, 323, 397, 1, -1, -0.7853981633974483, 1.4142135623730951
1115, 26, 359, 323, 359, 325, 0, -2, -1.5707963267948966, 2.0
1115, 28, 565, 217, 564, 214, 1, 3, 1.2490457723982544, 3.1622776601683795
1115, 36, 513, 159, 512, 158, 1, 1, 0.7853981633974483, 1.4142135623730951
1115, 38, 435, 232, 435, 234, 0, -2, -1.5707963267948966, 2.0
1115, 39, 404, 191, 405, 193, -1, -2, -2.0344439357957027, 2.23606797749979
1115, 49, 534, 192, 534, 190, 0, 2, 1.5707963267948966, 2.0
1115, 50, 342, 361, 341, 362, 1, -1, -0.7853981633974483, 1.4142135623730951
1115, 52, 443, 132, 443, 134, 0, -2, -1.5707963267948966, 2.0
1115, 59, 354, 384, 353, 385, 1, -1, -0.7853981633974483, 1.4142135623730951
1115, 60, 520, 155, 519, 154, 1, 1, 0.7853981633974483, 1.4142135623730951
1116, 0, 377, 292, 376, 294, 1, -2, -1.1071487177940904, 2.23606797749979
1116, 11, 388, 326, 387, 328, 1, -2, -1.1071487177940904, 2.23606797749979
1116, 18, 248, 407, 247, 408, 1, -1, -0.7853981633974483, 1.4142135623730951
1116, 24, 325, 395, 324, 396, 1, -1, -0.7853981633974483, 1.4142135623730951
1116, 25, 359, 321, 359, 323, 0, -2, -1.5707963267948966, 2.0
1116, 27, 567, 221, 565, 217, 2, 4, 1.1071487177940904, 4.47213595499958
1116, 28, 521, 183, 520, 184, 1, -1, -0.7853981633974483, 1.4142135623730951
1116, 38, 404, 189, 404, 191, 0, -2, -1.5707963267948966, 2.0
1116, 41, 245, 400, 244, 401, 1, -1, -0.7853981633974483, 1.4142135623730951
1116, 46, 344, 361, 342, 361, 2, 0, 0.0, 2.0
1116, 50, 458, 292, 457, 293, 1, -1, -0.7853981633974483, 1.4142135623730951
1116, 53, 355, 383, 354, 384, 1, -1, -0.7853981633974483, 1.4142135623730951
1116, 54, 521, 156, 520, 155, 1, 1, 0.7853981633974483, 1.4142135623730951
1116, 57, 401, 280, 401, 282, 0, -2, -1.5707963267948966, 2.0
1116, 58, 416, 254, 416, 256, 0, -2, -1.5707963267948966, 2.0
1117, 0, 377, 289, 377, 292, 0, -3, -1.5707963267948966, 3.0
1117, 5, 495, 144, 494, 145, 1, -1, -0.7853981633974483, 1.4142135623730951
1117, 23, 326, 394, 325, 395, 1, -1, -0.7853981633974483, 1.4142135623730951
1117, 24, 359, 319, 359, 321, 0, -2, -1.5707963267948966, 2.0
1117, 26, 568, 224, 567, 221, 1, 3, 1.2490457723982544, 3.1622776601683795
1117, 27, 523, 184, 521, 183, 2, 1, 0.4636476090008061, 2.23606797749979
1117, 33, 512, 161, 513, 160, -1, 1, 2.356194490192345, 1.4142135623730951
1117, 34, 435, 229, 435, 231, 0, -2, -1.5707963267948966, 2.0
1117, 39, 418, 139, 418, 141, 0, -2, -1.5707963267948966, 2.0
1117, 42, 534, 195, 534, 193, 0, 2, 1.5707963267948966, 2.0
1117, 43, 345, 360, 344, 361, 1, -1, -0.7853981633974483, 1.4142135623730951
1117, 45, 509, 150, 507, 149, 2, 1, 0.4636476090008061, 2.23606797749979
1117, 49, 357, 382, 355, 383, 2, -1, -0.4636476090008061, 2.23606797749979
1117, 54, 416, 252, 416, 254, 0, -2, -1.5707963267948966, 2.0
1118, 0, 378, 287, 377, 289, 1, -2, -1.1071487177940904, 2.23606797749979
1118, 5, 496, 143, 495, 144, 1, -1, -0.7853981633974483, 1.4142135623730951
1118, 11, 388, 323, 388, 325, 0, -2, -1.5707963267948966, 2.0
1118, 23, 359, 317, 359, 319, 0, -2, -1.5707963267948966, 2.0
1118, 25, 570, 225, 568, 224, 2, 1, 0.4636476090008061, 2.23606797749979
1118, 26, 524, 185, 523, 184, 1, 1, 0.7853981633974483, 1.4142135623730951
1118, 32, 511, 162, 512, 161, -1, 1, 2.356194490192345, 1.4142135623730951
1118, 34, 403, 186, 404, 188, -1, -2, -2.0344439357957027, 2.23606797749979
1118, 37, 247, 399, 246, 400, 1, -1, -0.7853981633974483, 1.4142135623730951
1118, 38, 418, 137, 418, 139, 0, -2, -1.5707963267948966, 2.0
1118, 41, 535, 196, 534, 195, 1, 1, 0.7853981633974483, 1.4142135623730951
1118, 42, 346, 359, 345, 360, 1, -1, -0.7853981633974483, 1.4142135623730951
1118, 44, 511, 152, 509, 150, 2, 2, 0.7853981633974483, 2.8284271247461903
1118, 45, 459, 289, 458, 291, 1, -2, -1.1071487177940904, 2.23606797749979
1118, 48, 358, 381, 357, 382, 1, -1, -0.7853981633974483, 1.4142135623730951
1118, 51, 400, 277, 401, 279, -1, -2, -2.0344439357957027, 2.23606797749979
1119, 0, 377, 284, 378, 287, -1, -3, -1.892546881191539, 3.1622776601683795
1119, 5, 497, 142, 496, 143, 1, -1, -0.7853981633974483, 1.4142135623730951
1119, 10, 387, 321, 388, 323, -1, -2, -2.0344439357957027, 2.23606797749979
1119, 16, 248, 405, 248, 407, 0, -2, -1.5707963267948966, 2.0
1119, 19, 157, 397, 157, 399, 0, -2, -1.5707963267948966, 2.0
1119, 20, 328, 393, 327, 394, 1, -1, -0.7853981633974483, 1.4142135623730951
1119, 23, 573, 227, 570, 225, 3, 2, 0.5880026035475675, 3.605551275463989
1119, 24, 526, 188, 524, 185, 2, 3, 0.982793723247329, 3.605551275463989
1119, 31, 433, 227, 435, 228, -2, -1, -2.677945044588987, 2.23606797749979
1119, 32, 401, 184, 403, 186, -2, -2, -2.356194490192345, 2.8284271247461903
1119, 35, 248, 397, 247, 399, 1, -2, -1.1071487177940904, 2.23606797749979
1119, 39, 535, 198, 535, 196, 0, 2, 1.5707963267948966, 2.0
1119, 41, 226, 244, 225, 245, 1, -1, -0.7853981633974483, 1.4142135623730951
1119, 42, 512, 154, 511, 152, 1, 2, 1.1071487177940904, 2.23606797749979
1119, 46, 359, 380, 358, 381, 1, -1, -0.7853981633974483, 1.4142135623730951
1119, 47, 522, 159, 521, 158, 1, 1, 0.7853981633974483, 1.4142135623730951
1119, 49, 400, 275, 400, 277, 0, -2, -1.5707963267948966, 2.0
1120, 2, 378, 289, 378, 291, 0, -2, -1.5707963267948966, 2.0
1120, 21, 497, 144, 496, 145, 1, -1, -0.7853981633974483, 1.4142135623730951
1120, 22, 390, 323, 390, 325, 0, -2, -1.5707963267948966, 2.0
1120, 26, 352, 349, 351, 350, 1, -1, -0.7853981633974483, 1.4142135623730951
1120, 27, 392, 231, 393, 233, -1, -2, -2.0344439357957027, 2.23606797749979
1120, 31, 328, 395, 327, 396, 1, -1, -0.7853981633974483, 1.4142135623730951
1120, 36, 403, 170, 402, 172, 1, -2, -1.1071487177940904, 2.23606797749979
1120, 42, 444, 211, 445, 213, -1, -2, -2.0344439357957027, 2.23606797749979
1120, 45, 526, 131, 524, 131, 2, 0, 0.0, 2.0
1120, 62, 559, 180, 560, 179, -1, 1, 2.356194490192345, 1.4142135623730951
1120, 65, 100, 388, 99, 389, 1, -1, -0.7853981633974483, 1.4142135623730951
1120, 66, 629, 348, 628, 349, 1, -1, -0.7853981633974483, 1.4142135623730951
1120, 73, 77, 287, 76, 289, 1, -2, -1.1071487177940904, 2.23606797749979
1121, 0, 378, 287, 378, 289, 0, -2, -1.5707963267948966, 2.0
1121, 20, 390, 321, 390, 323, 0, -2, -1.5707963267948966, 2.0
1121, 24, 392, 227, 392, 231, 0, -4, -1.5707963267948966, 4.0
1121, 27, 330, 395, 328, 395, 2, 0, 0.0, 2.0
1121, 28, 255, 399, 254, 400, 1, -1, -0.7853981633974483, 1.4142135623730951
1121, 38, 307, 334, 305, 335, 2, -1, -0.4636476090008061, 2.23606797749979
1121, 40, 526, 133, 526, 131, 0, 2, 1.5707963267948966, 2.0
1121, 45, 199, 370, 197, 370, 2, 0, 0.0, 2.0
1121, 48, 239, 253, 237, 253, 2, 0, 0.0, 2.0
1121, 54, 528, 192, 527, 191, 1, 1, 0.7853981633974483, 1.4142135623730951
1121, 59, 630, 349, 629, 348, 1, 1, 0.7853981633974483, 1.4142135623730951
1122, 0, 378, 285, 378, 287, 0, -2, -1.5707963267948966, 2.0
1122, 17, 499, 143, 498, 144, 1, -1, -0.7853981633974483, 1.4142135623730951
1122, 18, 391, 320, 390, 321, 1, -1, -0.7853981633974483, 1.4142135623730951
1122, 22, 250, 405, 249, 406, 1, -1, -0.7853981633974483, 1.4142135623730951
1122, 24, 331, 394, 330, 395, 1, -1, -0.7853981633974483, 1.4142135623730951
1122, 29, 402, 167, 403, 169, -1, -2, -2.0344439357957027, 2.23606797749979
1122, 36, 528, 135, 526, 133, 2, 2, 0.7853981633974483, 2.8284271247461903
1122, 41, 421, 136, 421, 138, 0, -2, -1.5707963267948966, 2.0
1122, 49, 559, 183, 559, 181, 0, 2, 1.5707963267948966, 2.0
1123, 0, 379, 283, 378, 285, 1, -2, -1.1071487177940904, 2.23606797749979
1123, 17, 391, 318, 391, 320, 0, -2, -1.5707963267948966, 2.0
1123, 22, 571, 221, 570, 220, 1, 1, 0.7853981633974483, 1.4142135623730951
1123, 34, 529, 137, 528, 135, 1, 2, 1.1071487177940904, 2.23606797749979
1123, 44, 47, 258, 46, 259, 1, -1, -0.7853981633974483, 1.4142135623730951
1123, 51, 50, 304, 52, 305, -2, -1, -2.677945044588987, 2.23606797749979
1124, 0, 379, 281, 379, 283, 0, -2, -1.5707963267948966, 2.0
1124, 13, 500, 142, 499, 143, 1, -1, -0.7853981633974483, 1.4142135623730951
1124, 14, 391, 316, 391, 318, 0, -2, -1.5707963267948966, 2.0
1124, 19, 571, 223, 571, 221, 0, 2, 1.5707963267948966, 2.0
1124, 20, 334, 393, 332, 394, 2, -1, -0.4636476090008061, 2.23606797749979
1124, 31, 530, 138, 529, 137, 1, 1, 0.7853981633974483, 1.4142135623730951
1124, 40, 530, 193, 529, 192, 1, 1, 0.7853981633974483, 1.4142135623730951
1124, 53, 434, 278, 435, 280, -1, -2, -2.0344439357957027, 2.23606797749979
1125, 2, 380, 285, 380, 287, 0, -2, -1.5707963267948966, 2.0
1125, 7, 501, 144, 500, 145, 1, -1, -0.7853981633974483, 1.4142135623730951
1125, 10, 30, 379, 29, 380, 1, -1, -0.7853981633974483, 1.4142135623730951
1125, 13, 358, 349, 357, 351, 1, -2, -1.1071487177940904, 2.23606797749979
1125, 16, 365, 314, 364, 316, 1, -2, -1.1071487177940904, 2.23606797749979
1125, 19, 535, 208, 535, 206, 0, 2, 1.5707963267948966, 2.0
1125, 20, 573, 222, 572, 221, 1, 1, 0.7853981633974483, 1.4142135623730951
1125, 21, 523, 172, 523, 170, 0, 2, 1.5707963267948966, 2.0
1125, 32, 321, 373, 320, 374, 1, -1, -0.7853981633974483, 1.4142135623730951
1125, 33, 52, 231, 51, 232, 1, -1, -0.7853981633974483, 1.4142135623730951
1125, 37, 392, 322, 391, 323, 1, -1, -0.7853981633974483, 1.4142135623730951
1125, 43, 463, 279, 463, 281, 0, -2, -1.5707963267948966, 2.0
1125, 48, 212, 175, 211, 176, 1, -1, -0.7853981633974483, 1.4142135623730951
1125, 50, 13, 278, 10, 280, 3, -2, -0.5880026035475675, 3.605551275463989
1125, 52, 333, 395, 331, 396, 2, -1, -0.4636476090008061, 2.23606797749979
1125, 66, 558, 180, 556, 181, 2, -1, -0.4636476090008061, 2.23606797749979
1125, 69, 448, 128, 447, 129, 1, -1, -0.7853981633974483, 1.4142135623730951
1125, 71, 422, 136, 422, 138, 0, -2, -1.5707963267948966, 2.0
1125, 74, 395, 191, 395, 194, 0, -3, -1.5707963267948966, 3.0
1125, 75, 393, 231, 394, 233, -1, -2, -2.0344439357957027, 2.23606797749979
1125, 83, 74, 356, 71, 357, 3, -1, -0.3217505543966422, 3.1622776601683795
1126, 2, 381, 283, 380, 285, 1, -2, -1.1071487177940904, 2.23606797749979
1126, 13, 359, 348, 358, 349, 1, -1, -0.7853981633974483, 1.4142135623730951
1126, 16, 365, 311, 365, 314, 0, -3, -1.5707963267948966, 3.0
1126, 20, 574, 223, 573, 222, 1, 1, 0.7853981633974483, 1.4142135623730951
1126, 21, 522, 174, 523, 172, -1, 2, 2.0344439357957027, 2.23606797749979
1126, 36, 393, 320, 392, 322, 1, -2, -1.1071487177940904, 2.23606797749979
1126, 46, 213, 176, 212, 175, 1, 1, 0.7853981633974483, 1.4142135623730951
1126, 50, 334, 394, 333, 395, 1, -1, -0.7853981633974483, 1.4142135623730951
1126, 63, 558, 178, 558, 180, 0, -2, -1.5707963267948966, 2.0
1126, 66, 449, 126, 448, 128, 1, -2, -1.1071487177940904, 2.23606797749979
1126, 70, 394, 188, 395, 191, -1, -3, -1.892546881191539, 3.1622776601683795
1126, 76, 77, 355, 74, 356, 3, -1, -0.3217505543966422, 3.1622776601683795
1127, 1, 381, 281, 381, 283, 0, -2, -1.5707963267948966, 2.0
1127, 13, 366, 308, 365, 311, 1, -3, -1.2490457723982544, 3.1622776601683795
1127, 14, 436, 225, 435, 227, 1, -2, -1.1071487177940904, 2.23606797749979
1127, 26, 41, 371, 40, 372, 1, -1, -0.7853981633974483, 1.4142135623730951
1127, 33, 394, 318, 393, 320, 1, -2, -1.1071487177940904, 2.23606797749979
1127, 46, 335, 393, 334, 394, 1, -1, -0.7853981633974483, 1.4142135623730951
1127, 63, 394, 185, 394, 188, 0, -3, -1.5707963267948966, 3.0
1127, 64, 392, 229, 392, 231, 0, -2, -1.5707963267948966, 2.0
1127, 66, 389, 310, 389, 312, 0, -2, -1.5707963267948966, 2.0
1127, 69, 79, 354, 77, 355, 2, -1, -0.4636476090008061, 2.23606797749979
1128, 1, 381, 279, 381, 281, 0, -2, -1.5707963267948966, 2.0
1128, 10, 359, 345, 359, 347, 0, -2, -1.5707963267948966, 2.0
1128, 13, 366, 305, 366, 308, 0, -3, -1.5707963267948966, 3.0
1128, 17, 575, 225, 574, 224, 1, 1, 0.7853981633974483, 1.4142135623730951
1128, 31, 394, 316, 394, 318, 0, -2, -1.5707963267948966, 2.0
1128, 40, 12, 277, 13, 276, -1, 1, 2.356194490192345, 1.4142135623730951
1128, 42, 336, 392, 335, 393, 1, -1, -0.7853981633974483, 1.4142135623730951
1128, 51, 558, 176, 558, 178, 0, -2, -1.5707963267948966, 2.0
1128, 57, 394, 182, 394, 185, 0, -3, -1.5707963267948966, 3.0
1129, 1, 381, 277, 381, 279, 0, -2, -1.5707963267948966, 2.0
1129, 3, 42, 230, 40, 232, 2, -2, -0.7853981633974483, 2.8284271247461903
1129, 7, 31, 376, 30, 379, 1, -3, -1.2490457723982544, 3.1622776601683795
1129, 16, 576, 226, 575, 225, 1, 1, 0.7853981633974483, 1.4142135623730951
1129, 30, 394, 314, 394, 316, 0, -2, -1.5707963267948966, 2.0
1129, 33, 87, 377, 88, 376, -1, 1, 2.356194490192345, 1.4142135623730951
1129, 49, 559, 175, 558, 176, 1, -1, -0.7853981633974483, 1.4142135623730951
1129, 57, 390, 308, 389, 310, 1, -2, -1.1071487177940904, 2.23606797749979
1130, 1, 382, 283, 382, 285, 0, -2, -1.5707963267948966, 2.0
1130, 10, 505, 147, 504, 146, 1, 1, 0.7853981633974483, 1.4142135623730951
1130, 23, 367, 308, 366, 310, 1, -2, -1.1071487177940904, 2.23606797749979
1130, 34, 517, 171, 516, 170, 1, 1, 0.7853981633974483, 1.4142135623730951
1130, 39, 574, 229, 573, 228, 1, 1, 0.7853981633974483, 1.4142135623730951
1130, 44, 436, 225, 436, 227, 0, -2, -1.5707963267948966, 2.0
1130, 45, 295, 376, 295, 378, 0, -2, -1.5707963267948966, 2.0
1130, 46, 531, 171, 530, 170, 1, 1, 0.7853981633974483, 1.4142135623730951
1130, 52, 366, 378, 365, 379, 1, -1, -0.7853981633974483, 1.4142135623730951
1130, 55, 529, 205, 527, 203, 2, 2, 0.7853981633974483, 2.8284271247461903
1130, 73, 508, 123, 506, 123, 2, 0, 0.0, 2.0
1130, 77, 399, 161, 400, 163, -1, -2, -2.0344439357957027, 2.23606797749979
1130, 82, 337, 388, 336, 389, 1, -1, -0.7853981633974483, 1.4142135623730951
1131, 1, 382, 281, 382, 283, 0, -2, -1.5707963267948966, 2.0
1131, 22, 367, 305, 367, 308, 0, -3, -1.5707963267948966, 3.0
1131, 31, 395, 316, 394, 318, 1, -2, -1.1071487177940904, 2.23606797749979
1131, 41, 437, 224, 436, 225, 1, -1, -0.7853981633974483, 1.4142135623730951
1131, 42, 296, 375, 295, 376, 1, -1, -0.7853981633974483, 1.4142135623730951
1131, 43, 532, 172, 531, 171, 1, 1, 0.7853981633974483, 1.4142135623730951
1131, 48, 367, 377, 366, 378, 1, -1, -0.7853981633974483, 1.4142135623730951
1131, 52, 424, 133, 424, 135, 0, -2, -1.5707963267948966, 2.0
1131, 70, 436, 278, 437, 280, -1, -2, -2.0344439357957027, 2.23606797749979
1131, 73, 399, 159, 399, 161, 0, -2, -1.5707963267948966, 2.0
1131, 75, 101, 241, 101, 243, 0, -2, -1.5707963267948966, 2.0
1131, 78, 339, 387, 337, 388, 2, -1, -0.4636476090008061, 2.23606797749979
1132, 1, 382, 279, 382, 281, 0, -2, -1.5707963267948966, 2.0
1132, 22, 369, 301, 367, 305, 2, -4, -1.1071487177940904, 4.47213595499958
1132, 30, 395, 314, 395, 316, 0, -2, -1.5707963267948966, 2.0
1132, 33, 162, 189, 161, 190, 1, -1, -0.7853981633974483, 1.4142135623730951
1132, 46, 368, 376, 367, 377, 1, -1, -0.7853981633974483, 1.4142135623730951
1132, 49, 527, 204, 529, 205, -2, -1, -2.677945044588987, 2.23606797749979
1132, 52, 462, 153, 464, 154, -2, -1, -2.677945044588987, 2.23606797749979
1132, 65, 511, 123, 509, 123, 2, 0, 0.0, 2.0
1132, 67, 142, 387, 141, 388, 1, -1, -0.7853981633974483, 1.4142135623730951
1132, 71, 167, 381, 166, 382, 1, -1, -0.7853981633974483, 1.4142135623730951
1133, 1, 382, 277, 382, 279, 0, -2, -1.5707963267948966, 2.0
1133, 13, 125, 409, 124, 410, 1, -1, -0.7853981633974483, 1.4142135623730951
1133, 22, 369, 298, 369, 301, 0, -3, -1.5707963267948966, 3.0
1133, 30, 395, 312, 395, 314, 0, -2, -1.5707963267948966, 2.0
1133, 44, 369, 375, 368, 376, 1, -1, -0.7853981633974483, 1.4142135623730951
1133, 49, 463, 152, 462, 153, 1, -1, -0.7853981633974483, 1.4142135623730951
1133, 61, 513, 123, 511, 123, 2, 0, 0.0, 2.0
1133, 66, 340, 385, 339, 386, 1, -1, -0.7853981633974483, 1.4142135623730951
1134, 1, 382, 275, 382, 277, 0, -2, -1.5707963267948966, 2.0
1134, 10, 509, 148, 508, 147, 1, 1, 0.7853981633974483, 1.4142135623730951
1134, 22, 370, 294, 369, 298, 1, -4, -1.3258176636680326, 4.123105625617661
1134, 29, 395, 310, 395, 312, 0, -2, -1.5707963267948966, 2.0
1134, 33, 326, 370, 325, 371, 1, -1, -0.7853981633974483, 1.4142135623730951
1134, 39, 532, 176, 532, 174, 0, 2, 1.5707963267948966, 2.0
1134, 58, 142, 385, 142, 387, 0, -2, -1.5707963267948966, 2.0
1135, 0, 383, 277, 384, 279, -1, -2, -2.0344439357957027, 2.23606797749979
1135, 11, 60, 259, 59, 260, 1, -1, -0.7853981633974483, 1.4142135623730951
1135, 15, 396, 315, 396, 317, 0, -2, -1.5707963267948966, 2.0
1135, 21, 389, 306, 389, 308, 0, -2, -1.5707963267948966, 2.0
1135, 27, 327, 373, 326, 374, 1, -1, -0.7853981633974483, 1.4142135623730951
1135, 56, 547, 213, 546, 211, 1, 2, 1.1071487177940904, 2.23606797749979
1135, 58, 367, 306, 367, 308, 0, -2, -1.5707963267948966, 2.0
1136, 5, 510, 149, 509, 148, 1, 1, 0.7853981633974483, 1.4142135623730951
1136, 26, 328, 370, 327, 373, 1, -3, -1.2490457723982544, 3.1622776601683795
1136, 28, 625, 292, 626, 291, -1, 1, 2.356194490192345, 1.4142135623730951
1136, 30, 533, 177, 532, 175, 1, 2, 1.1071487177940904, 2.23606797749979
1136, 31, 429, 151, 428, 152, 1, -1, -0.7853981633974483, 1.4142135623730951
1136, 41, 401, 159, 401, 161, 0, -2, -1.5707963267948966, 2.0
1136, 44, 262, 395, 261, 396, 1, -1, -0.7853981633974483, 1.4142135623730951
1136, 52, 340, 393, 339, 394, 1, -1, -0.7853981633974483, 1.4142135623730951
1136, 55, 368, 304, 367, 306, 1, -2, -1.1071487177940904, 2.23606797749979
1137, 0, 382, 274, 383, 276, -1, -2, -2.0344439357957027, 2.23606797749979
1137, 5, 513, 150, 510, 149, 3, 1, 0.3217505543966422, 3.1622776601683795
1137, 15, 396, 312, 396, 314, 0, -2, -1.5707963267948966, 2.0
1137, 19, 389, 303, 389, 305, 0, -2, -1.5707963267948966, 2.0
1137, 26, 534, 179, 533, 177, 1, 2, 1.1071487177940904, 2.23606797749979
1137, 27, 430, 150, 429, 151, 1, -1, -0.7853981633974483, 1.4142135623730951
1137, 36, 402, 158, 401, 159, 1, -1, -0.7853981633974483, 1.4142135623730951
1137, 37, 614, 284, 615, 283, -1, 1, 2.356194490192345, 1.4142135623730951
1137, 41, 177, 343, 175, 344, 2, -1, -0.4636476090008061, 2.23606797749979
1137, 43, 67, 228, 63, 229, 4, -1, -0.24497866312686414, 4.123105625617661
1137, 45, 202, 348, 199, 348, 3, 0, 0.0, 3.0
1137, 46, 341, 392, 340, 393, 1, -1, -0.7853981633974483, 1.4142135623730951
1137, 47, 547, 216, 547, 214, 0, 2, 1.5707963267948966, 2.0
1137, 48, 50, 403, 47, 405, 3, -2, -0.5880026035475675, 3.605551275463989
1138, 0, 383, 272, 382, 274, 1, -2, -1.1071487177940904, 2.23606797749979
1138, 4, 220, 361, 219, 362, 1, -1, -0.7853981633974483, 1.4142135623730951
1138, 5, 514, 151, 513, 150, 1, 1, 0.7853981633974483, 1.4142135623730951
1138, 19, 390, 301, 389, 303, 1, -2, -1.1071487177940904, 2.23606797749979
1138, 24, 624, 293, 625, 292, -1, 1, 2.356194490192345, 1.4142135623730951
1138, 25, 534, 181, 534, 179, 0, 2, 1.5707963267948966, 2.0
1138, 26, 429, 151, 430, 150, -1, 1, 2.356194490192345, 1.4142135623730951
1138, 32, 576, 233, 575, 231, 1, 2, 1.1071487177940904, 2.23606797749979
1138, 45, 342, 391, 341, 392, 1, -1, -0.7853981633974483, 1.4142135623730951
1138, 46, 547, 218, 547, 216, 0, 2, 1.5707963267948966, 2.0
1138, 48, 368, 301, 368, 303, 0, -2, -1.5707963267948966, 2.0
1139, 4, 515, 152, 514, 151, 1, 1, 0.7853981633974483, 1.4142135623730951
1139, 17, 391, 300, 390, 301, 1, -1, -0.7853981633974483, 1.4142135623730951
1139, 20, 329, 367, 328, 368, 1, -1, -0.7853981633974483, 1.4142135623730951
1139, 23, 535, 185, 534, 181, 1, 4, 1.3258176636680326, 4.123105625617661
1139, 30, 576, 235, 576, 233, 0, 2, 1.5707963267948966, 2.0
1139, 42, 343, 390, 342, 391, 1, -1, -0.7853981633974483, 1.4142135623730951
1139, 43, 548, 220, 547, 218, 1, 2, 1.1071487177940904, 2.23606797749979
1139, 45, 368, 299, 368, 301, 0, -2, -1.5707963267948966, 2.0
1140, 0, 384, 276, 385, 278, -1, -2, -2.0344439357957027, 2.23606797749979
1140, 8, 514, 152, 513, 151, 1, 1, 0.7853981633974483, 1.4142135623730951
1140, 19, 398, 310, 398, 312, 0, -2, -1.5707963267948966, 2.0
1140, 21, 346, 392, 344, 393, 2, -1, -0.4636476090008061, 2.23606797749979
1140, 25, 262, 410, 261, 411, 1, -1, -0.7853981633974483, 1.4142135623730951
1140, 27, 625, 294, 626, 293, -1, 1, 2.356194490192345, 1.4142135623730951
1140, 38, 369, 302, 369, 304, 0, -2, -1.5707963267948966, 2.0
1140, 39, 362, 342, 361, 343, 1, -1, -0.7853981633974483, 1.4142135623730951
1140, 46, 615, 287, 616, 286, -1, 1, 2.356194490192345, 1.4142135623730951
1140, 47, 374, 372, 373, 374, 1, -2, -1.1071487177940904, 2.23606797749979
1140, 50, 391, 302, 391, 304, 0, -2, -1.5707963267948966, 2.0
1140, 56, 577, 235, 576, 233, 1, 2, 1.1071487177940904, 2.23606797749979
1140, 57, 258, 402, 257, 403, 1, -1, -0.7853981633974483, 1.4142135623730951
1140, 58, 526, 179, 526, 175, 0, 4, 1.5707963267948966, 4.0
1140, 59, 403, 191, 402, 192, 1, -1, -0.7853981633974483, 1.4142135623730951
1140, 60, 538, 212, 538, 209, 0, 3, 1.5707963267948966, 3.0
1141, 0, 384, 274, 384, 276, 0, -2, -1.5707963267948966, 2.0
1141, 18, 398, 308, 398, 310, 0, -2, -1.5707963267948966, 2.0
1141, 20, 347, 391, 346, 392, 1, -1, -0.7853981633974483, 1.4142135623730951
1141, 30, 379, 281, 378, 282, 1, -1, -0.7853981633974483, 1.4142135623730951
1141, 32, 98, 357, 98, 359, 0, -2, -1.5707963267948966, 2.0
1141, 34, 369, 300, 369, 302, 0, -2, -1.5707963267948966, 2.0
1141, 35, 363, 341, 362, 342, 1, -1, -0.7853981633974483, 1.4142135623730951
1141, 38, 140, 339, 141, 341, -1, -2, -2.0344439357957027, 2.23606797749979
1141, 42, 614, 288, 615, 287, -1, 1, 2.356194490192345, 1.4142135623730951
1141, 50, 578, 237, 577, 235, 1, 2, 1.1071487177940904, 2.23606797749979
1142, 0, 385, 272, 384, 274, 1, -2, -1.1071487177940904, 2.23606797749979
1142, 9, 127, 405, 126, 406, 1, -1, -0.7853981633974483, 1.4142135623730951
1142, 16, 348, 390, 347, 391, 1, -1, -0.7853981633974483, 1.4142135623730951
1142, 20, 263, 407, 262, 409, 1, -2, -1.1071487177940904, 2.23606797749979
1142, 26, 380, 279, 379, 281, 1, -2, -1.1071487177940904, 2.23606797749979
1142, 30, 369, 298, 369, 300, 0, -2, -1.5707963267948966, 2.0
1142, 31, 364, 340, 363, 341, 1, -1, -0.7853981633974483, 1.4142135623730951
1142, 38, 613, 289, 614, 288, -1, 1, 2.356194490192345, 1.4142135623730951
1142, 39, 376, 370, 375, 372, 1, -2, -1.1071487177940904, 2.23606797749979
1142, 40, 613, 296, 614, 295, -1, 1, 2.356194490192345, 1.4142135623730951
1142, 46, 579, 239, 578, 237, 1, 2, 1.1071487177940904, 2.23606797749979
1142, 47, 260, 401, 259, 402, 1, -1, -0.7853981633974483, 1.4142135623730951
1143, 0, 385, 270, 385, 272, 0, -2, -1.5707963267948966, 2.0
1143, 5, 516, 154, 515, 153, 1, 1, 0.7853981633974483, 1.4142135623730951
1143, 13, 51, 403, 50, 404, 1, -1, -0.7853981633974483, 1.4142135623730951
1143, 14, 398, 305, 398, 307, 0, -2, -1.5707963267948966, 2.0
1143, 15, 350, 388, 348, 390, 2, -2, -0.7853981633974483, 2.8284271247461903
1143, 18, 264, 406, 263, 407, 1, -1, -0.7853981633974483, 1.4142135623730951
1143, 20, 624, 296, 625, 295, -1, 1, 2.356194490192345, 1.4142135623730951
1143, 24, 380, 277, 380, 279, 0, -2, -1.5707963267948966, 2.0
1143, 26, 99, 356, 98, 357, 1, -1, -0.7853981633974483, 1.4142135623730951
1143, 27, 574, 202, 573, 201, 1, 1, 0.7853981633974483, 1.4142135623730951
1143, 28, 369, 296, 369, 298, 0, -2, -1.5707963267948966, 2.0
1143, 29, 365, 339, 364, 340, 1, -1, -0.7853981633974483, 1.4142135623730951
1143, 36, 612, 290, 613, 289, -1, 1, 2.356194490192345, 1.4142135623730951
1143, 37, 377, 369, 376, 370, 1, -1, -0.7853981633974483, 1.4142135623730951
1143, 42, 580, 241, 579, 239, 1, 2, 1.1071487177940904, 2.23606797749979
1143, 43, 261, 400, 260, 401, 1, -1, -0.7853981633974483, 1.4142135623730951
1143, 48, 205, 375, 204, 376, 1, -1, -0.7853981633974483, 1.4142135623730951
1144, 0, 384, 268, 385, 270, -1, -2, -2.0344439357957027, 2.23606797749979
1144, 12, 351, 387, 350, 388, 1, -1, -0.7853981633974483, 1.4142135623730951
1144, 21, 381, 275, 380, 277, 1, -2, -1.1071487177940904, 2.23606797749979
1144, 33, 378, 367, 377, 369, 1, -2, -1.1071487177940904, 2.23606797749979
1144, 38, 581, 243, 580, 241, 1, 2, 1.1071487177940904, 2.23606797749979
1144, 39, 262, 399, 261, 400, 1, -1, -0.7853981633974483, 1.4142135623730951
1145, 2, 385, 272, 386, 274, -1, -2, -2.0344439357957027, 2.23606797749979
1145, 4, 224, 363, 223, 364, 1, -1, -0.7853981633974483, 1.4142135623730951
1145, 8, 536, 193, 536, 191, 0, 2, 1.5707963267948966, 2.0
1145, 9, 518, 155, 517, 154, 1, 1, 0.7853981633974483, 1.4142135623730951
1145, 11, 35, 378, 35, 380, 0, -2, -1.5707963267948966, 2.0
1145, 13, 371, 296, 371, 298, 0, -2, -1.5707963267948966, 2.0
1145, 14, 45, 374, 44, 372, 1, 2, 1.1071487177940904, 2.23606797749979
1145, 19, 391, 304, 392, 306, -1, -2, -2.0344439357957027, 2.23606797749979
1145, 23, 56, 232, 55, 233, 1, -1, -0.7853981633974483, 1.4142135623730951
1145, 27, 581, 246, 580, 244, 1, 2, 1.1071487177940904, 2.23606797749979
1145, 33, 349, 390, 348, 391, 1, -1, -0.7853981633974483, 1.4142135623730951
1145, 48, 393, 220, 394, 222, -1, -2, -2.0344439357957027, 2.23606797749979
1145, 52, 379, 370, 378, 372, 1, -2, -1.1071487177940904, 2.23606797749979
1145, 63, 363, 326, 363, 328, 0, -2, -1.5707963267948966, 2.0
1145, 66, 584, 238, 583, 237, 1, 1, 0.7853981633974483, 1.4142135623730951
1145, 80, 457, 125, 456, 128, 1, -3, -1.2490457723982544, 3.1622776601683795
1145, 81, 302, 318, 303, 320, -1, -2, -2.0344439357957027, 2.23606797749979
1146, 12, 371, 293, 371, 296, 0, -3, -1.5707963267948966, 3.0
1146, 19, 362, 351, 361, 352, 1, -1, -0.7853981633974483, 1.4142135623730951
1146, 21, 57, 231, 56, 232, 1, -1, -0.7853981633974483, 1.4142135623730951
1146, 25, 582, 248, 581, 246, 1, 2, 1.1071487177940904, 2.23606797749979
1146, 29, 350, 388, 349, 390, 1, -2, -1.1071487177940904, 2.23606797749979
1146, 48, 380, 368, 379, 370, 1, -2, -1.1071487177940904, 2.23606797749979
1146, 55, 170, 185, 169, 186, 1, -1, -0.7853981633974483, 1.4142135623730951
1146, 58, 363, 324, 363, 326, 0, -2, -1.5707963267948966, 2.0
1146, 61, 585, 239, 584, 238, 1, 1, 0.7853981633974483, 1.4142135623730951
1146, 68, 408, 268, 408, 270, 0, -2, -1.5707963267948966, 2.0
1146, 71, 445, 146, 444, 147, 1, -1, -0.7853981633974483, 1.4142135623730951
1147, 2, 384, 269, 385, 271, -1, -2, -2.0344439357957027, 2.23606797749979
1147, 7, 535, 195, 536, 194, -1, 1, 2.356194490192345, 1.4142135623730951
1147, 8, 520, 156, 519, 155, 1, 1, 0.7853981633974483, 1.4142135623730951
1147, 12, 371, 290, 371, 293, 0, -3, -1.5707963267948966, 3.0
1147, 17, 391, 301, 391, 303, 0, -2, -1.5707963267948966, 2.0
1147, 18, 363, 350, 362, 351, 1, -1, -0.7853981633974483, 1.4142135623730951
1147, 22, 546, 228, 547, 227, -1, 1, 2.356194490192345, 1.4142135623730951
1147, 23, 151, 409, 150, 411, 1, -2, -1.1071487177940904, 2.23606797749979
1147, 25, 104, 392, 103, 393, 1, -1, -0.7853981633974483, 1.4142135623730951
1147, 26, 282, 291, 281, 292, 1, -1, -0.7853981633974483, 1.4142135623730951
1147, 28, 351, 386, 350, 388, 1, -2, -1.1071487177940904, 2.23606797749979
1147, 29, 69, 225, 68, 226, 1, -1, -0.7853981633974483, 1.4142135623730951
1147, 37, 627, 300, 627, 297, 0, 3, 1.5707963267948966, 3.0
1147, 43, 381, 367, 380, 368, 1, -1, -0.7853981633974483, 1.4142135623730951
1147, 53, 364, 322, 363, 324, 1, -2, -1.1071487177940904, 2.23606797749979
1147, 56, 585, 241, 585, 239, 0, 2, 1.5707963267948966, 2.0
1147, 61, 408, 265, 408, 268, 0, -3, -1.5707963267948966, 3.0
1148, 2, 384, 267, 384, 269, 0, -2, -1.5707963267948966, 2.0
1148, 4, 225, 361, 224, 362, 1, -1, -0.7853981633974483, 1.4142135623730951
1148, 8, 521, 157, 520, 156, 1, 1, 0.7853981633974483, 1.4142135623730951
1148, 12, 372, 288, 371, 290, 1, -2, -1.1071487177940904, 2.23606797749979
1148, 17, 392, 298, 391, 301, 1, -3, -1.2490457723982544, 3.1622776601683795
1148, 18, 365, 349, 363, 350, 2, -1, -0.4636476090008061, 2.23606797749979
1148, 26, 352, 385, 351, 386, 1, -1, -0.7853981633974483, 1.4142135623730951
1148, 31, 268, 397, 267, 398, 1, -1, -0.7853981633974483, 1.4142135623730951
1148, 40, 382, 365, 381, 367, 1, -2, -1.1071487177940904, 2.23606797749979
1148, 46, 171, 183, 170, 184, 1, -1, -0.7853981633974483, 1.4142135623730951
1148, 49, 365, 320, 364, 322, 1, -2, -1.1071487177940904, 2.23606797749979
1149, 6, 532, 195, 534, 195, -2, 0, 3.141592653589793, 2.0
1149, 7, 522, 158, 521, 157, 1, 1, 0.7853981633974483, 1.4142135623730951
1149, 11, 373, 286, 372, 288, 1, -2, -1.1071487177940904, 2.23606797749979
1149, 16, 366, 348, 365, 349, 1, -1, -0.7853981633974483, 1.4142135623730951
1149, 21, 583, 252, 582, 250, 1, 2, 1.1071487177940904, 2.23606797749979
1149, 23, 353, 383, 352, 385, 1, -2, -1.1071487177940904, 2.23606797749979
1149, 31, 626, 302, 627, 301, -1, 1, 2.356194490192345, 1.4142135623730951
1149, 37, 383, 364, 382, 365, 1, -1, -0.7853981633974483, 1.4142135623730951
1149, 46, 365, 318, 365, 320, 0, -2, -1.5707963267948966, 2.0
1149, 52, 408, 262, 408, 264, 0, -2, -1.5707963267948966, 2.0
1149, 53, 173, 376, 172, 377, 1, -1, -0.7853981633974483, 1.4142135623730951
1149, 55, 446, 143, 445, 144, 1, -1, -0.7853981633974483, 1.4142135623730951
1150, 19, 400, 303, 400, 305, 0, -2, -1.5707963267948966, 2.0
1150, 36, 626, 302, 627, 301, -1, 1, 2.356194490192345, 1.4142135623730951
1150, 39, 138, 368, 136, 369, 2, -1, -0.4636476090008061, 2.23606797749979
1150, 50, 441, 275, 441, 277, 0, -2, -1.5707963267948966, 2.0
1150, 54, 446, 204, 446, 206, 0, -2, -1.5707963267948966, 2.0
1150, 59, 367, 336, 366, 338, 1, -2, -1.1071487177940904, 2.23606797749979
1150, 60, 539, 224, 538, 222, 1, 2, 1.1071487177940904, 2.23606797749979
1150, 62, 529, 190, 527, 188, 2, 2, 0.7853981633974483, 2.8284271247461903
1150, 67, 444, 195, 444, 197, 0, -2, -1.5707963267948966, 2.0
1150, 68, 161, 359, 160, 361, 1, -2, -1.1071487177940904, 2.23606797749979
1150, 70, 453, 166, 453, 168, 0, -2, -1.5707963267948966, 2.0
1150, 71, 342, 354, 341, 355, 1, -1, -0.7853981633974483, 1.4142135623730951
1150, 78, 544, 192, 543, 191, 1, 1, 0.7853981633974483, 1.4142135623730951
1150, 80, 372, 293, 372, 295, 0, -2, -1.5707963267948966, 2.0
1150, 81, 367, 318, 366, 322, 1, -4, -1.3258176636680326, 4.123105625617661
1150, 86, 433, 157, 430, 159, 3, -2, -0.5880026035475675, 3.605551275463989
1151, 13, 523, 157, 521, 157, 2, 0, 0.0, 2.0
1151, 16, 354, 384, 353, 386, 1, -2, -1.1071487177940904, 2.23606797749979
1151, 18, 400, 301, 400, 303, 0, -2, -1.5707963267948966, 2.0
1151, 33, 625, 303, 626, 302, -1, 1, 2.356194490192345, 1.4142135623730951
1151, 51, 446, 202, 446, 204, 0, -2, -1.5707963267948966, 2.0
1151, 57, 541, 224, 539, 224, 2, 0, 0.0, 2.0
1151, 59, 531, 189, 529, 190, 2, -1, -0.4636476090008061, 2.23606797749979
1151, 64, 443, 193, 444, 195, -1, -2, -2.0344439357957027, 2.23606797749979
1151, 68, 343, 353, 342, 354, 1, -1, -0.7853981633974483, 1.4142135623730951
1151, 73, 173, 190, 175, 191, -2, -1, -2.677945044588987, 2.23606797749979
1151, 75, 545, 193, 544, 192, 1, 1, 0.7853981633974483, 1.4142135623730951
1151, 77, 372, 291, 372, 293, 0, -2, -1.5707963267948966, 2.0
1151, 78, 367, 316, 367, 318, 0, -2, -1.5707963267948966, 2.0
1151, 80, 202, 198, 203, 200, -1, -2, -2.0344439357957027, 2.23606797749979
1151, 83, 435, 156, 433, 157, 2, -1, -0.4636476090008061, 2.23606797749979
1152, 12, 524, 158, 523, 157, 1, 1, 0.7853981633974483, 1.4142135623730951
1152, 14, 122, 408, 123, 407, -1, 1, 2.356194490192345, 1.4142135623730951
1152, 15, 355, 382, 354, 384, 1, -2, -1.1071487177940904, 2.23606797749979
1152, 29, 104, 395, 105, 394, -1, 1, 2.356194490192345, 1.4142135623730951
1152, 41, 53, 402, 53, 404, 0, -2, -1.5707963267948966, 2.0
1152, 42, 441, 272, 441, 274, 0, -2, -1.5707963267948966, 2.0
1152, 44, 270, 397, 269, 398, 1, -1, -0.7853981633974483, 1.4142135623730951
1152, 46, 445, 200, 446, 202, -1, -2, -2.0344439357957027, 2.23606797749979
1152, 51, 366, 334, 366, 336, 0, -2, -1.5707963267948966, 2.0
1152, 58, 442, 191, 443, 193, -1, -2, -2.0344439357957027, 2.23606797749979
1152, 61, 453, 163, 453, 165, 0, -2, -1.5707963267948966, 2.0
1152, 68, 546, 195, 545, 193, 1, 2, 1.1071487177940904, 2.23606797749979
1152, 70, 372, 289, 372, 291, 0, -2, -1.5707963267948966, 2.0
1152, 73, 201, 196, 202, 198, -1, -2, -2.0344439357957027, 2.23606797749979
1152, 76, 436, 155, 435, 156, 1, -1, -0.7853981633974483, 1.4142135623730951
1152, 83, 449, 143, 448, 144, 1, -1, -0.7853981633974483, 1.4142135623730951
1153, 12, 525, 159, 524, 158, 1, 1, 0.7853981633974483, 1.4142135623730951
1153, 15, 356, 381, 355, 382, 1, -1, -0.7853981633974483, 1.4142135623730951
1153, 17, 400, 298, 400, 300, 0, -2, -1.5707963267948966, 2.0
1153, 27, 585, 248, 584, 247, 1, 1, 0.7853981633974483, 1.4142135623730951
1153, 32, 438, 214, 438, 216, 0, -2, -1.5707963267948966, 2.0
1153, 50, 367, 336, 366, 334, 1, 2, 1.1071487177940904, 2.23606797749979
1153, 56, 442, 188, 442, 191, 0, -3, -1.5707963267948966, 3.0
1153, 59, 454, 162, 453, 163, 1, -1, -0.7853981633974483, 1.4142135623730951
1153, 60, 345, 352, 344, 353, 1, -1, -0.7853981633974483, 1.4142135623730951
1153, 65, 527, 133, 526, 132, 1, 1, 0.7853981633974483, 1.4142135623730951
1153, 68, 372, 287, 372, 289, 0, -2, -1.5707963267948966, 2.0
1153, 69, 367, 313, 367, 315, 0, -2, -1.5707963267948966, 2.0
1153, 71, 201, 194, 201, 196, 0, -2, -1.5707963267948966, 2.0
1153, 80, 450, 142, 449, 143, 1, -1, -0.7853981633974483, 1.4142135623730951
1154, 10, 526, 160, 525, 159, 1, 1, 0.7853981633974483, 1.4142135623730951
1154, 12, 120, 409, 121, 408, -1, 1, 2.356194490192345, 1.4142135623730951
1154, 13, 357, 380, 356, 381, 1, -1, -0.7853981633974483, 1.4142135623730951
1154, 25, 586, 249, 585, 248, 1, 1, 0.7853981633974483, 1.4142135623730951
1154, 39, 441, 269, 441, 271, 0, -2, -1.5707963267948966, 2.0
1154, 48, 367, 333, 367, 336, 0, -3, -1.5707963267948966, 3.0
1154, 54, 441, 186, 442, 188, -1, -2, -2.0344439357957027, 2.23606797749979
1154, 61, 529, 133, 527, 133, 2, 0, 0.0, 2.0
1154, 62, 546, 199, 546, 196, 0, 3, 1.5707963267948966, 3.0
1154, 67, 200, 192, 201, 194, -1, -2, -2.0344439357957027, 2.23606797749979
1154, 75, 451, 141, 450, 142, 1, -1, -0.7853981633974483, 1.4142135623730951
1155, 13, 357, 384, 356, 385, 1, -1, -0.7853981633974483, 1.4142135623730951
1155, 16, 400, 301, 400, 303, 0, -2, -1.5707963267948966, 2.0
1155, 31, 375, 336, 374, 338, 1, -2, -1.1071487177940904, 2.23606797749979
1155, 45, 527, 162, 526, 161, 1, 1, 0.7853981633974483, 1.4142135623730951
1155, 50, 428, 218, 429, 222, -1, -4, -1.8157749899217608, 4.123105625617661
1155, 57, 586, 255, 587, 254, -1, 1, 2.356194490192345, 1.4142135623730951
1155, 65, 108, 211, 108, 213, 0, -2, -1.5707963267948966, 2.0
1155, 70, 18, 278, 17, 279, 1, -1, -0.7853981633974483, 1.4142135623730951
1155, 77, 395, 178, 396, 181, -1, -3, -1.892546881191539, 3.1622776601683795
1155, 81, 323, 389, 320, 390, 3, -1, -0.3217505543966422, 3.1622776601683795
1155, 86, 526, 138, 525, 137, 1, 1, 0.7853981633974483, 1.4142135623730951
1155, 90, 619, 294, 620, 293, -1, 1, 2.356194490192345, 1.4142135623730951
1155, 91, 388, 364, 387, 366, 1, -2, -1.1071487177940904, 2.23606797749979
1156, 4, 257, 326, 258, 328, -1, -2, -2.0344439357957027, 2.23606797749979
1156, 12, 358, 383, 357, 384, 1, -1, -0.7853981633974483, 1.4142135623730951
1156, 15, 401, 299, 400, 301, 1, -2, -1.1071487177940904, 2.23606797749979
1156, 22, 52, 256, 54, 257, -2, -1, -2.677945044588987, 2.23606797749979
1156, 29, 376, 334, 375, 336, 1, -2, -1.1071487177940904, 2.23606797749979
1156, 47, 428, 215, 428, 218, 0, -3, -1.5707963267948966, 3.0
1156, 50, 533, 188, 532, 189, 1, -1, -0.7853981633974483, 1.4142135623730951
1156, 52, 453, 162, 453, 164, 0, -2, -1.5707963267948966, 2.0
1156, 62, 106, 210, 108, 211, -2, -1, -2.677945044588987, 2.23606797749979
1156, 66, 16, 279, 18, 278, -2, 1, 2.677945044588987, 2.23606797749979
1156, 73, 394, 175, 395, 178, -1, -3, -1.892546881191539, 3.1622776601683795
1156, 77, 326, 388, 323, 389, 3, -1, -0.3217505543966422, 3.1622776601683795
1156, 78, 549, 160, 550, 159, -1, 1, 2.356194490192345, 1.4142135623730951
1156, 86, 618, 295, 619, 294, -1, 1, 2.356194490192345, 1.4142135623730951
1156, 87, 390, 362, 388, 364, 2, -2, -0.7853981633974483, 2.8284271247461903
1157, 3, 388, 265, 387, 267, 1, -2, -1.1071487177940904, 2.23606797749979
1157, 11, 359, 381, 358, 383, 1, -2, -1.1071487177940904, 2.23606797749979
1157, 19, 274, 397, 273, 398, 1, -1, -0.7853981633974483, 1.4142135623730951
1157, 23, 588, 250, 587, 249, 1, 1, 0.7853981633974483, 1.4142135623730951
1157, 25, 441, 214, 440, 215, 1, -1, -0.7853981633974483, 1.4142135623730951
1157, 27, 377, 332, 376, 334, 1, -2, -1.1071487177940904, 2.23606797749979
1157, 40, 527, 165, 527, 163, 0, 2, 1.5707963267948966, 2.0
1157, 44, 428, 212, 428, 215, 0, -3, -1.5707963267948966, 3.0
1157, 47, 535, 190, 533, 188, 2, 2, 0.7853981633974483, 2.8284271247461903
1157, 48, 338, 368, 337, 369, 1, -1, -0.7853981633974483, 1.4142135623730951
1157, 69, 394, 171, 394, 175, 0, -4, -1.5707963267948966, 4.0
1157, 73, 329, 387, 326, 388, 3, -1, -0.3217505543966422, 3.1622776601683795
1157, 78, 528, 139, 527, 138, 1, 1, 0.7853981633974483, 1.4142135623730951
1157, 82, 617, 296, 618, 295, -1, 1, 2.356194490192345, 1.4142135623730951
1157, 83, 391, 360, 390, 362, 1, -2, -1.1071487177940904, 2.23606797749979
1157, 85, 546, 236, 547, 235, -1, 1, 2.356194490192345, 1.4142135623730951
1158, 11, 360, 380, 359, 381, 1, -1, -0.7853981633974483, 1.4142135623730951
1158, 13, 401, 296, 401, 298, 0, -2, -1.5707963267948966, 2.0
1158, 27, 377, 330, 377, 332, 0, -2, -1.5707963267948966, 2.0
1158, 42, 212, 216, 214, 219, -2, -3, -2.158798930342464, 3.605551275463989
1158, 43, 428, 208, 428, 212, 0, -4, -1.5707963267948966, 4.0
1158, 46, 536, 192, 535, 190, 1, 2, 1.1071487177940904, 2.23606797749979
1158, 48, 453, 160, 453, 162, 0, -2, -1.5707963267948966, 2.0
1158, 65, 394, 168, 394, 171, 0, -3, -1.5707963267948966, 3.0
1158, 69, 331, 387, 329, 387, 2, 0, 0.0, 2.0
1158, 70, 550, 160, 549, 161, 1, -1, -0.7853981633974483, 1.4142135623730951
1158, 78, 616, 297, 617, 296, -1, 1, 2.356194490192345, 1.4142135623730951
1159, 10, 361, 379, 360, 380, 1, -1, -0.7853981633974483, 1.4142135623730951
1159, 21, 589, 251, 588, 250, 1, 1, 0.7853981633974483, 1.4142135623730951
1159, 25, 377, 328, 377, 330, 0, -2, -1.5707963267948966, 2.0
1159, 34, 270, 406, 269, 407, 1, -1, -0.7853981633974483, 1.4142135623730951
1159, 35, 528, 167, 527, 166, 1, 1, 0.7853981633974483, 1.4142135623730951
1159, 39, 427, 206, 428, 208, -1, -2, -2.0344439357957027, 2.23606797749979
1159, 41, 538, 193, 536, 192, 2, 1, 0.4636476090008061, 2.23606797749979
1159, 42, 339, 367, 338, 368, 1, -1, -0.7853981633974483, 1.4142135623730951
1159, 48, 182, 190, 181, 189, 1, 1, 0.7853981633974483, 1.4142135623730951
1159, 63, 333, 387, 331, 387, 2, 0, 0.0, 2.0
1159, 64, 549, 158, 550, 160, -1, -2, -2.0344439357957027, 2.23606797749979
1159, 72, 392, 358, 391, 359, 1, -1, -0.7853981633974483, 1.4142135623730951
1160, 18, 361, 381, 360, 383, 1, -2, -1.1071487177940904, 2.23606797749979
1160, 22, 529, 167, 528, 165, 1, 2, 1.1071487177940904, 2.23606797749979
1160, 37, 375, 333, 376, 335, -1, -2, -2.0344439357957027, 2.23606797749979
1160, 47, 457, 161, 457, 163, 0, -2, -1.5707963267948966, 2.0
1160, 49, 395, 293, 395, 295, 0, -2, -1.5707963267948966, 2.0
1160, 54, 551, 231, 550, 230, 1, 1, 0.7853981633974483, 1.4142135623730951
1160, 63, 426, 125, 426, 127, 0, -2, -1.5707963267948966, 2.0
1160, 67, 548, 203, 547, 201, 1, 2, 1.1071487177940904, 2.23606797749979
1160, 69, 153, 385, 152, 386, 1, -1, -0.7853981633974483, 1.4142135623730951
1160, 83, 559, 179, 560, 177, -1, 2, 2.0344439357957027, 2.23606797749979
1161, 17, 362, 379, 361, 381, 1, -2, -1.1071487177940904, 2.23606797749979
1161, 21, 531, 169, 529, 167, 2, 2, 0.7853981633974483, 2.8284271247461903
1161, 28, 401, 298, 401, 300, 0, -2, -1.5707963267948966, 2.0
1161, 35, 374, 331, 375, 333, -1, -2, -2.0344439357957027, 2.23606797749979
1161, 39, 405, 170, 406, 172, -1, -2, -2.0344439357957027, 2.23606797749979
1161, 45, 457, 159, 457, 161, 0, -2, -1.5707963267948966, 2.0
1161, 51, 550, 233, 551, 231, -1, 2, 2.0344439357957027, 2.23606797749979
1161, 53, 442, 213, 441, 214, 1, -1, -0.7853981633974483, 1.4142135623730951
1161, 61, 548, 205, 548, 203, 0, 2, 1.5707963267948966, 2.0
1162, 17, 363, 376, 362, 379, 1, -3, -1.2490457723982544, 3.1622776601683795
1162, 28, 401, 296, 401, 298, 0, -2, -1.5707963267948966, 2.0
1162, 47, 273, 408, 272, 409, 1, -1, -0.7853981633974483, 1.4142135623730951
1162, 56, 427, 123, 426, 124, 1, -1, -0.7853981633974483, 1.4142135623730951
1162, 60, 154, 383, 153, 384, 1, -1, -0.7853981633974483, 1.4142135623730951
1162, 67, 92, 377, 91, 378, 1, -1, -0.7853981633974483, 1.4142135623730951
1162, 74, 556, 178, 558, 179, -2, -1, -2.677945044588987, 2.23606797749979
1163, 0, 387, 260, 388, 262, -1, -2, -2.0344439357957027, 2.23606797749979
1163, 3, 230, 364, 229, 365, 1, -1, -0.7853981633974483, 1.4142135623730951
1163, 15, 364, 374, 363, 376, 1, -2, -1.1071487177940904, 2.23606797749979
1163, 26, 401, 294, 401, 296, 0, -2, -1.5707963267948966, 2.0
1163, 38, 458, 156, 457, 158, 1, -2, -1.1071487177940904, 2.23606797749979
1163, 39, 395, 289, 395, 291, 0, -2, -1.5707963267948966, 2.0
1163, 50, 428, 122, 427, 123, 1, -1, -0.7853981633974483, 1.4142135623730951
1163, 56, 374, 280, 374, 282, 0, -2, -1.5707963267948966, 2.0
1163, 64, 314, 374, 313, 375, 1, -1, -0.7853981633974483, 1.4142135623730951
1163, 67, 556, 176, 556, 178, 0, -2, -1.5707963267948966, 2.0
1164, 10, 135, 404, 134, 405, 1, -1, -0.7853981633974483, 1.4142135623730951
1164, 14, 365, 372, 364, 374, 1, -2, -1.1071487177940904, 2.23606797749979
1164, 15, 155, 412, 154, 413, 1, -1, -0.7853981633974483, 1.4142135623730951
1164, 18, 532, 172, 531, 171, 1, 1, 0.7853981633974483, 1.4142135623730951
1164, 25, 401, 292, 401, 294, 0, -2, -1.5707963267948966, 2.0
1164, 36, 458, 154, 458, 156, 0, -2, -1.5707963267948966, 2.0
1164, 39, 274, 406, 273, 407, 1, -1, -0.7853981633974483, 1.4142135623730951
1164, 47, 430, 121, 428, 122, 2, -1, -0.4636476090008061, 2.23606797749979
1164, 49, 550, 208, 549, 206, 1, 2, 1.1071487177940904, 2.23606797749979
1165, 16, 376, 281, 376, 283, 0, -2, -1.5707963267948966, 2.0
1165, 18, 367, 374, 366, 376, 1, -2, -1.1071487177940904, 2.23606797749979
1165, 27, 557, 247, 557, 245, 0, 2, 1.5707963267948966, 2.0
1165, 55, 366, 381, 365, 383, 1, -2, -1.1071487177940904, 2.23606797749979
1165, 68, 395, 289, 395, 291, 0, -2, -1.5707963267948966, 2.0
1166, 8, 547, 213, 548, 212, -1, 1, 2.356194490192345, 1.4142135623730951
1166, 10, 532, 173, 531, 172, 1, 1, 0.7853981633974483, 1.4142135623730951
1166, 15, 376, 279, 376, 281, 0, -2, -1.5707963267948966, 2.0
1166, 17, 368, 372, 367, 374, 1, -2, -1.1071487177940904, 2.23606797749979
1166, 33, 166, 360, 165, 361, 1, -1, -0.7853981633974483, 1.4142135623730951
1166, 37, 288, 337, 287, 338, 1, -1, -0.7853981633974483, 1.4142135623730951
1166, 41, 317, 374, 316, 375, 1, -1, -0.7853981633974483, 1.4142135623730951
1166, 50, 460, 158, 459, 159, 1, -1, -0.7853981633974483, 1.4142135623730951
1166, 51, 441, 124, 440, 125, 1, -1, -0.7853981633974483, 1.4142135623730951
1166, 52, 367, 380, 366, 381, 1, -1, -0.7853981633974483, 1.4142135623730951
1166, 64, 396, 287, 395, 289, 1, -2, -1.1071487177940904, 2.23606797749979
1166, 70, 178, 391, 177, 392, 1, -1, -0.7853981633974483, 1.4142135623730951
1167, 9, 533, 174, 532, 173, 1, 1, 0.7853981633974483, 1.4142135623730951
1167, 14, 375, 276, 376, 279, -1, -3, -1.892546881191539, 3.1622776601683795
1167, 16, 369, 370, 368, 372, 1, -2, -1.1071487177940904, 2.23606797749979
1167, 48, 461, 156, 460, 158, 1, -2, -1.1071487177940904, 2.23606797749979
1167, 49, 442, 123, 441, 124, 1, -1, -0.7853981633974483, 1.4142135623730951
1167, 50, 368, 378, 367, 380, 1, -2, -1.1071487177940904, 2.23606797749979
1167, 61, 397, 285, 396, 287, 1, -2, -1.1071487177940904, 2.23606797749979
1167, 67, 179, 392, 178, 391, 1, 1, 0.7853981633974483, 1.4142135623730951
1168, 5, 546, 214, 547, 213, -1, 1, 2.356194490192345, 1.4142135623730951
1168, 7, 534, 175, 533, 174, 1, 1, 0.7853981633974483, 1.4142135623730951
1168, 12, 375, 274, 375, 276, 0, -2, -1.5707963267948966, 2.0
1168, 14, 370, 368, 369, 370, 1, -2, -1.1071487177940904, 2.23606797749979
1168, 33, 26, 302, 28, 303, -2, -1, -2.677945044588987, 2.23606797749979
1168, 35, 318, 373, 317, 374, 1, -1, -0.7853981633974483, 1.4142135623730951
1168, 43, 462, 155, 461, 156, 1, -1, -0.7853981633974483, 1.4142135623730951
1168, 45, 369, 377, 368, 378, 1, -1, -0.7853981633974483, 1.4142135623730951
1168, 55, 398, 283, 397, 285, 1, -2, -1.1071487177940904, 2.23606797749979
1169, 5, 547, 215, 546, 214, 1, 1, 0.7853981633974483, 1.4142135623730951
1169, 7, 535, 176, 534, 175, 1, 1, 0.7853981633974483, 1.4142135623730951
1169, 11, 61, 232, 60, 233, 1, -1, -0.7853981633974483, 1.4142135623730951
1169, 12, 374, 272, 375, 274, -1, -2, -2.0344439357957027, 2.23606797749979
1169, 14, 371, 366, 370, 368, 1, -2, -1.1071487177940904, 2.23606797749979
1169, 17, 141, 363, 140, 364, 1, -1, -0.7853981633974483, 1.4142135623730951
1169, 19, 558, 250, 557, 249, 1, 1, 0.7853981633974483, 1.4142135623730951
1169, 27, 278, 407, 277, 408, 1, -1, -0.7853981633974483, 1.4142135623730951
1169, 32, 273, 398, 272, 399, 1, -1, -0.7853981633974483, 1.4142135623730951
1169, 41, 463, 154, 462, 155, 1, -1, -0.7853981633974483, 1.4142135623730951
1169, 42, 446, 121, 442, 122, 4, -1, -0.24497866312686414, 4.123105625617661
1169, 43, 370, 376, 369, 377, 1, -1, -0.7853981633974483, 1.4142135623730951
1169, 47, 423, 255, 423, 257, 0, -2, -1.5707963267948966, 2.0
1169, 48, 590, 259, 589, 256, 1, 3, 1.2490457723982544, 3.1622776601683795
1169, 54, 612, 302, 613, 301, -1, 1, 2.356194490192345, 1.4142135623730951
1170, 9, 536, 177, 534, 176, 2, 1, 0.4636476090008061, 2.23606797749979
1170, 24, 403, 292, 403, 294, 0, -2, -1.5707963267948966, 2.0
1170, 26, 370, 376, 369, 378, 1, -2, -1.1071487177940904, 2.23606797749979
1170, 34, 255, 325, 255, 323, 0, 2, 1.5707963267948966, 2.0
1170, 37, 406, 168, 406, 170, 0, -2, -1.5707963267948966, 2.0
1170, 43, 403, 177, 402, 179, 1, -2, -1.1071487177940904, 2.23606797749979
1170, 46, 443, 210, 443, 212, 0, -2, -1.5707963267948966, 2.0
1170, 47, 614, 304, 615, 303, -1, 1, 2.356194490192345, 1.4142135623730951
1170, 49, 541, 211, 540, 210, 1, 1, 0.7853981633974483, 1.4142135623730951
1170, 51, 400, 354, 399, 356, 1, -2, -1.1071487177940904, 2.23606797749979
1170, 52, 556, 211, 555, 210, 1, 1, 0.7853981633974483, 1.4142135623730951
1170, 56, 376, 323, 374, 326, 2, -3, -0.982793723247329, 3.605551275463989
1170, 57, 554, 243, 552, 244, 2, -1, -0.4636476090008061, 2.23606797749979
1170, 60, 463, 155, 462, 158, 1, -3, -1.2490457723982544, 3.1622776601683795
1170, 62, 339, 390, 338, 392, 1, -2, -1.1071487177940904, 2.23606797749979
1170, 63, 413, 256, 412, 258, 1, -2, -1.1071487177940904, 2.23606797749979
1170, 65, 276, 402, 275, 403, 1, -1, -0.7853981633974483, 1.4142135623730951
1170, 66, 457, 141, 456, 142, 1, -1, -0.7853981633974483, 1.4142135623730951
1170, 69, 363, 373, 362, 375, 1, -2, -1.1071487177940904, 2.23606797749979
1170, 81, 484, 155, 482, 156, 2, -1, -0.4636476090008061, 2.23606797749979
1170, 85, 591, 262, 590, 259, 1, 3, 1.2490457723982544, 3.1622776601683795
1170, 86, 582, 223, 580, 222, 2, 1, 0.4636476090008061, 2.23606797749979
1171, 0, 389, 258, 389, 260, 0, -2, -1.5707963267948966, 2.0
1171, 9, 537, 179, 536, 177, 1, 2, 1.1071487177940904, 2.23606797749979
1171, 13, 134, 407, 132, 408, 2, -1, -0.4636476090008061, 2.23606797749979
1171, 15, 279, 408, 278, 409, 1, -1, -0.7853981633974483, 1.4142135623730951
1171, 24, 403, 290, 403, 292, 0, -2, -1.5707963267948966, 2.0
1171, 26, 371, 375, 370, 376, 1, -1, -0.7853981633974483, 1.4142135623730951
1171, 37, 406, 166, 406, 168, 0, -2, -1.5707963267948966, 2.0
1171, 51, 402, 352, 400, 354, 2, -2, -0.7853981633974483, 2.8284271247461903
1171, 52, 556, 213, 556, 211, 0, 2, 1.5707963267948966, 2.0
1171, 55, 378, 320, 376, 323, 2, -3, -0.982793723247329, 3.605551275463989
1171, 57, 383, 266, 382, 267, 1, -1, -0.7853981633974483, 1.4142135623730951
1171, 59, 464, 154, 463, 155, 1, -1, -0.7853981633974483, 1.4142135623730951
1171, 61, 341, 390, 339, 390, 2, 0, 0.0, 2.0
1171, 62, 414, 254, 413, 256, 1, -2, -1.1071487177940904, 2.23606797749979
1171, 64, 277, 401, 276, 402, 1, -1, -0.7853981633974483, 1.4142135623730951
1171, 65, 458, 140, 457, 141, 1, -1, -0.7853981633974483, 1.4142135623730951
1171, 68, 320, 375, 319, 376, 1, -1, -0.7853981633974483, 1.4142135623730951
1171, 71, 19, 279, 19, 281, 0, -2, -1.5707963267948966, 2.0
1171, 75, 247, 206, 246, 207, 1, -1, -0.7853981633974483, 1.4142135623730951
1171, 78, 486, 154, 484, 155, 2, -1, -0.4636476090008061, 2.23606797749979
1171, 82, 592, 265, 591, 262, 1, 3, 1.2490457723982544, 3.1622776601683795
1171, 83, 584, 223, 582, 223, 2, 0, 0.0, 2.0
1171, 85, 291, 355, 290, 356, 1, -1, -0.7853981633974483, 1.4142135623730951
1172, 9, 537, 181, 537, 179, 0, 2, 1.5707963267948966, 2.0
1172, 15, 280, 407, 279, 408, 1, -1, -0.7853981633974483, 1.4142135623730951
1172, 24, 403, 288, 403, 290, 0, -2, -1.5707963267948966, 2.0
1172, 26, 371, 373, 371, 375, 0, -2, -1.5707963267948966, 2.0
1172, 37, 406, 164, 406, 166, 0, -2, -1.5707963267948966, 2.0
1172, 47, 613, 306, 614, 305, -1, 1, 2.356194490192345, 1.4142135623730951
1172, 51, 404, 350, 402, 352, 2, -2, -0.7853981633974483, 2.8284271247461903
1172, 52, 556, 215, 556, 213, 0, 2, 1.5707963267948966, 2.0
1172, 54, 379, 317, 378, 320, 1, -3, -1.2490457723982544, 3.1622776601683795
1172, 60, 343, 389, 341, 390, 2, -1, -0.4636476090008061, 2.23606797749979
1172, 61, 413, 252, 414, 254, -1, -2, -2.0344439357957027, 2.23606797749979
1172, 65, 364, 370, 363, 372, 1, -2, -1.1071487177940904, 2.23606797749979
1172, 79, 593, 267, 592, 265, 1, 2, 1.1071487177940904, 2.23606797749979
1172, 82, 292, 354, 291, 355, 1, -1, -0.7853981633974483, 1.4142135623730951
1173, 0, 388, 255, 389, 257, -1, -2, -2.0344439357957027, 2.23606797749979
1173, 9, 537, 183, 537, 181, 0, 2, 1.5707963267948966, 2.0
1173, 15, 281, 406, 280, 407, 1, -1, -0.7853981633974483, 1.4142135623730951
1173, 16, 443, 186, 443, 188, 0, -2, -1.5707963267948966, 2.0
1173, 24, 372, 372, 371, 373, 1, -1, -0.7853981633974483, 1.4142135623730951
1173, 35, 406, 162, 406, 164, 0, -2, -1.5707963267948966, 2.0
1173, 42, 442, 206, 443, 208, -1, -2, -2.0344439357957027, 2.23606797749979
1173, 46, 405, 348, 404, 350, 1, -2, -1.1071487177940904, 2.23606797749979
1173, 49, 381, 315, 379, 317, 2, -2, -0.7853981633974483, 2.8284271247461903
1173, 50, 384, 264, 383, 265, 1, -1, -0.7853981633974483, 1.4142135623730951
1173, 52, 465, 152, 464, 153, 1, -1, -0.7853981633974483, 1.4142135623730951
1173, 55, 414, 249, 413, 252, 1, -3, -1.2490457723982544, 3.1622776601683795
1173, 56, 279, 400, 278, 401, 1, -1, -0.7853981633974483, 1.4142135623730951
1173, 59, 364, 367, 364, 370, 0, -3, -1.5707963267948966, 3.0
1173, 72, 593, 269, 593, 267, 0, 2, 1.5707963267948966, 2.0
1173, 73, 585, 221, 585, 223, 0, -2, -1.5707963267948966, 2.0
1173, 75, 294, 353, 292, 354, 2, -1, -0.4636476090008061, 2.23606797749979
1174, 1, 257, 249, 255, 250, 2, -1, -0.4636476090008061, 2.23606797749979
1174, 15, 282, 405, 281, 406, 1, -1, -0.7853981633974483, 1.4142135623730951
1174, 23, 373, 371, 372, 372, 1, -1, -0.7853981633974483, 1.4142135623730951
1174, 26, 76, 223, 75, 224, 1, -1, -0.7853981633974483, 1.4142135623730951
1174, 31, 255, 325, 254, 326, 1, -1, -0.7853981633974483, 1.4142135623730951
1174, 38, 403, 172, 403, 174, 0, -2, -1.5707963267948966, 2.0
1174, 45, 405, 346, 405, 348, 0, -2, -1.5707963267948966, 2.0
1174, 46, 556, 218, 556, 216, 0, 2, 1.5707963267948966, 2.0
1174, 49, 383, 262, 384, 264, -1, -2, -2.0344439357957027, 2.23606797749979
1174, 51, 466, 151, 465, 152, 1, -1, -0.7853981633974483, 1.4142135623730951
1174, 53, 344, 386, 343, 388, 1, -2, -1.1071487177940904, 2.23606797749979
1174, 54, 415, 246, 414, 249, 1, -3, -1.2490457723982544, 3.1622776601683795
1174, 55, 280, 399, 279, 400, 1, -1, -0.7853981633974483, 1.4142135623730951
1174, 57, 365, 365, 364, 367, 1, -2, -1.1071487177940904, 2.23606797749979
1174, 69, 594, 270, 593, 269, 1, 1, 0.7853981633974483, 1.4142135623730951
1175, 2, 390, 259, 390, 261, 0, -2, -1.5707963267948966, 2.0
1175, 8, 204, 265, 203, 267, 1, -2, -1.1071487177940904, 2.23606797749979
1175, 16, 283, 400, 283, 402, 0, -2, -1.5707963267948966, 2.0
1175, 17, 134, 345, 135, 347, -1, -2, -2.0344439357957027, 2.23606797749979
1175, 19, 106, 368, 106, 370, 0, -2, -1.5707963267948966, 2.0
1175, 20, 104, 364, 105, 363, -1, 1, 2.356194490192345, 1.4142135623730951
1175, 25, 467, 154, 466, 155, 1, -1, -0.7853981633974483, 1.4142135623730951
1175, 32, 402, 289, 404, 290, -2, -1, -2.677945044588987, 2.23606797749979
1175, 36, 395, 287, 396, 290, -1, -3, -1.892546881191539, 3.1622776601683795
1175, 38, 177, 396, 177, 398, 0, -2, -1.5707963267948966, 2.0
1175, 42, 406, 164, 407, 167, -1, -3, -1.892546881191539, 3.1622776601683795
1175, 43, 404, 350, 404, 352, 0, -2, -1.5707963267948966, 2.0
1175, 48, 560, 217, 559, 216, 1, 1, 0.7853981633974483, 1.4142135623730951
1175, 49, 475, 118, 475, 120, 0, -2, -1.5707963267948966, 2.0
1175, 50, 593, 270, 593, 268, 0, 2, 1.5707963267948966, 2.0
1175, 52, 288, 342, 287, 343, 1, -1, -0.7853981633974483, 1.4142135623730951
1175, 62, 544, 149, 543, 148, 1, 1, 0.7853981633974483, 1.4142135623730951
1175, 64, 374, 332, 374, 334, 0, -2, -1.5707963267948966, 2.0
1175, 70, 360, 351, 359, 352, 1, -1, -0.7853981633974483, 1.4142135623730951
1175, 72, 422, 225, 422, 227, 0, -2, -1.5707963267948966, 2.0
1175, 73, 489, 149, 488, 150, 1, -1, -0.7853981633974483, 1.4142135623730951
1175, 76, 442, 209, 444, 210, -2, -1, -2.677945044588987, 2.23606797749979
1176, 21, 468, 153, 467, 154, 1, -1, -0.7853981633974483, 1.4142135623730951
1176, 25, 373, 372, 372, 374, 1, -2, -1.1071487177940904, 2.23606797749979
1176, 28, 402, 287, 402, 289, 0, -2, -1.5707963267948966, 2.0
1176, 37, 405, 162, 406, 164, -1, -2, -2.0344439357957027, 2.23606797749979
1176, 38, 405, 348, 404, 350, 1, -2, -1.1071487177940904, 2.23606797749979
1176, 39, 539, 184, 538, 182, 1, 2, 1.1071487177940904, 2.23606797749979
1176, 43, 560, 219, 560, 217, 0, 2, 1.5707963267948966, 2.0
1176, 44, 475, 116, 475, 118, 0, -2, -1.5707963267948966, 2.0
1176, 51, 546, 209, 544, 207, 2, 2, 0.7853981633974483, 2.8284271247461903
1176, 57, 375, 331, 374, 332, 1, -1, -0.7853981633974483, 1.4142135623730951
1176, 61, 329, 335, 328, 336, 1, -1, -0.7853981633974483, 1.4142135623730951
1176, 66, 490, 148, 489, 149, 1, -1, -0.7853981633974483, 1.4142135623730951
1177, 1, 236, 363, 235, 364, 1, -1, -0.7853981633974483, 1.4142135623730951
1177, 13, 284, 398, 283, 399, 1, -1, -0.7853981633974483, 1.4142135623730951
1177, 23, 374, 370, 373, 372, 1, -2, -1.1071487177940904, 2.23606797749979
1177, 26, 403, 285, 402, 287, 1, -2, -1.1071487177940904, 2.23606797749979
1177, 35, 406, 346, 405, 348, 1, -2, -1.1071487177940904, 2.23606797749979
1177, 40, 561, 221, 560, 219, 1, 2, 1.1071487177940904, 2.23606797749979
1177, 43, 181, 185, 180, 186, 1, -1, -0.7853981633974483, 1.4142135623730951
1177, 48, 548, 210, 546, 209, 2, 1, 0.4636476090008061, 2.23606797749979
1177, 52, 547, 150, 545, 149, 2, 1, 0.4636476090008061, 2.23606797749979
1177, 54, 376, 330, 375, 331, 1, -1, -0.7853981633974483, 1.4142135623730951
1177, 58, 330, 334, 329, 335, 1, -1, -0.7853981633974483, 1.4142135623730951
1177, 60, 361, 348, 360, 350, 1, -2, -1.1071487177940904, 2.23606797749979
1178, 7, 130, 324, 131, 323, -1, 1, 2.356194490192345, 1.4142135623730951
1178, 13, 285, 397, 284, 398, 1, -1, -0.7853981633974483, 1.4142135623730951
1178, 22, 375, 368, 374, 370, 1, -2, -1.1071487177940904, 2.23606797749979
1178, 32, 407, 344, 406, 346, 1, -2, -1.1071487177940904, 2.23606797749979
1178, 33, 540, 187, 539, 185, 1, 2, 1.1071487177940904, 2.23606797749979
1178, 39, 593, 273, 593, 271, 0, 2, 1.5707963267948966, 2.0
1178, 45, 549, 212, 548, 210, 1, 2, 1.1071487177940904, 2.23606797749979
1178, 51, 377, 329, 376, 330, 1, -1, -0.7853981633974483, 1.4142135623730951
1178, 56, 271, 281, 272, 280, -1, 1, 2.356194490192345, 1.4142135623730951
1178, 59, 491, 146, 490, 147, 1, -1, -0.7853981633974483, 1.4142135623730951
1179, 13, 286, 396, 285, 397, 1, -1, -0.7853981633974483, 1.4142135623730951
1179, 19, 471, 151, 469, 152, 2, -1, -0.4636476090008061, 2.23606797749979
1179, 20, 77, 223, 76, 224, 1, -1, -0.7853981633974483, 1.4142135623730951
1179, 22, 376, 367, 375, 368, 1, -1, -0.7853981633974483, 1.4142135623730951
1179, 30, 405, 158, 405, 160, 0, -2, -1.5707963267948966, 2.0
1179, 31, 408, 342, 407, 344, 1, -2, -1.1071487177940904, 2.23606797749979
1179, 36, 563, 225, 561, 222, 2, 3, 0.982793723247329, 3.605551275463989
1179, 39, 182, 184, 181, 185, 1, -1, -0.7853981633974483, 1.4142135623730951
1179, 44, 548, 213, 549, 212, -1, 1, 2.356194490192345, 1.4142135623730951
1179, 48, 548, 152, 547, 151, 1, 1, 0.7853981633974483, 1.4142135623730951
1179, 50, 378, 327, 377, 329, 1, -2, -1.1071487177940904, 2.23606797749979
1179, 54, 331, 332, 330, 333, 1, -1, -0.7853981633974483, 1.4142135623730951
1180, 0, 390, 255, 390, 257, 0, -2, -1.5707963267948966, 2.0
1180, 6, 55, 233, 54, 234, 1, -1, -0.7853981633974483, 1.4142135623730951
1180, 12, 377, 370, 377, 372, 0, -2, -1.5707963267948966, 2.0
1180, 16, 377, 274, 378, 276, -1, -2, -2.0344439357957027, 2.23606797749979
1180, 25, 404, 285, 404, 287, 0, -2, -1.5707963267948966, 2.0
1180, 53, 433, 213, 433, 215, 0, -2, -1.5707963267948966, 2.0
1180, 56, 379, 331, 378, 332, 1, -1, -0.7853981633974483, 1.4142135623730951
1180, 62, 397, 168, 397, 170, 0, -2, -1.5707963267948966, 2.0
1180, 64, 470, 153, 469, 154, 1, -1, -0.7853981633974483, 1.4142135623730951
1180, 66, 593, 262, 593, 260, 0, 2, 1.5707963267948966, 2.0
1180, 67, 551, 216, 550, 214, 1, 2, 1.1071487177940904, 2.23606797749979
1180, 68, 379, 301, 379, 303, 0, -2, -1.5707963267948966, 2.0
1180, 77, 409, 344, 408, 347, 1, -3, -1.2490457723982544, 3.1622776601683795
1180, 80, 448, 193, 447, 195, 1, -2, -1.1071487177940904, 2.23606797749979
1180, 86, 373, 362, 373, 365, 0, -3, -1.5707963267948966, 3.0
1181, 10, 378, 368, 377, 370, 1, -2, -1.1071487177940904, 2.23606797749979
1181, 14, 377, 272, 377, 274, 0, -2, -1.5707963267948966, 2.0
1181, 15, 288, 396, 287, 397, 1, -1, -0.7853981633974483, 1.4142135623730951
1181, 28, 78, 223, 77, 224, 1, -1, -0.7853981633974483, 1.4142135623730951
1181, 50, 433, 210, 433, 213, 0, -3, -1.5707963267948966, 3.0
1181, 53, 379, 329, 379, 331, 0, -2, -1.5707963267948966, 2.0
1181, 56, 445, 205, 444, 207, 1, -2, -1.1071487177940904, 2.23606797749979
1181, 59, 397, 166, 397, 168, 0, -2, -1.5707963267948966, 2.0
1181, 63, 594, 263, 593, 262, 1, 1, 0.7853981633974483, 1.4142135623730951
1181, 64, 550, 217, 551, 216, -1, 1, 2.356194490192345, 1.4142135623730951
1181, 65, 380, 300, 379, 301, 1, -1, -0.7853981633974483, 1.4142135623730951
1181, 70, 364, 349, 363, 350, 1, -1, -0.7853981633974483, 1.4142135623730951
1181, 73, 410, 343, 409, 344, 1, -1, -0.7853981633974483, 1.4142135623730951
1181, 74, 563, 250, 562, 249, 1, 1, 0.7853981633974483, 1.4142135623730951
1181, 76, 447, 191, 448, 193, -1, -2, -2.0344439357957027, 2.23606797749979
1181, 78, 164, 403, 163, 404, 1, -1, -0.7853981633974483, 1.4142135623730951
1181, 80, 187, 343, 186, 344, 1, -1, -0.7853981633974483, 1.4142135623730951
1181, 81, 375, 359, 373, 362, 2, -3, -0.982793723247329, 3.605551275463989
1182, 10, 379, 367, 378, 368, 1, -1, -0.7853981633974483, 1.4142135623730951
1182, 15, 289, 395, 288, 396, 1, -1, -0.7853981633974483, 1.4142135623730951
1182, 17, 540, 190, 540, 188, 0, 2, 1.5707963267948966, 2.0
1182, 39, 296, 337, 294, 337, 2, 0, 0.0, 2.0
1182, 40, 273, 283, 272, 281, 1, 2, 1.1071487177940904, 2.23606797749979
1182, 47, 433, 207, 433, 210, 0, -3, -1.5707963267948966, 3.0
1182, 55, 397, 163, 397, 166, 0, -3, -1.5707963267948966, 3.0
1182, 57, 472, 152, 471, 153, 1, -1, -0.7853981633974483, 1.4142135623730951
1182, 59, 596, 265, 594, 263, 2, 2, 0.7853981633974483, 2.8284271247461903
1182, 60, 551, 216, 550, 217, 1, -1, -0.7853981633974483, 1.4142135623730951
1182, 61, 380, 298, 380, 300, 0, -2, -1.5707963267948966, 2.0
1182, 62, 332, 329, 331, 331, 1, -2, -1.1071487177940904, 2.23606797749979
1182, 69, 411, 340, 410, 343, 1, -3, -1.2490457723982544, 3.1622776601683795
1182, 70, 562, 251, 563, 250, -1, 1, 2.356194490192345, 1.4142135623730951
1182, 72, 446, 189, 447, 191, -1, -2, -2.0344439357957027, 2.23606797749979
1182, 77, 377, 357, 375, 359, 2, -2, -0.7853981633974483, 2.8284271247461903
1182, 79, 298, 357, 297, 358, 1, -1, -0.7853981633974483, 1.4142135623730951
1182, 81, 327, 376, 325, 378, 2, -2, -0.7853981633974483, 2.8284271247461903
1183, 3, 56, 230, 55, 231, 1, -1, -0.7853981633974483, 1.4142135623730951
1183, 9, 380, 365, 379, 367, 1, -2, -1.1071487177940904, 2.23606797749979
1183, 13, 377, 269, 377, 271, 0, -2, -1.5707963267948966, 2.0
1183, 16, 542, 192, 540, 190, 2, 2, 0.7853981633974483, 2.8284271247461903
1183, 24, 79, 221, 78, 222, 1, -1, -0.7853981633974483, 1.4142135623730951
1183, 37, 297, 338, 296, 337, 1, 1, 0.7853981633974483, 1.4142135623730951
1183, 41, 408, 159, 407, 160, 1, -1, -0.7853981633974483, 1.4142135623730951
1183, 45, 432, 205, 433, 207, -1, -2, -2.0344439357957027, 2.23606797749979
1183, 47, 170, 359, 169, 360, 1, -1, -0.7853981633974483, 1.4142135623730951
1183, 48, 380, 327, 379, 328, 1, -1, -0.7853981633974483, 1.4142135623730951
1183, 53, 398, 160, 397, 163, 1, -3, -1.2490457723982544, 3.1622776601683795
1183, 60, 333, 328, 332, 329, 1, -1, -0.7853981633974483, 1.4142135623730951
1183, 66, 412, 338, 411, 340, 1, -2, -1.1071487177940904, 2.23606797749979
1183, 73, 379, 355, 377, 357, 2, -2, -0.7853981633974483, 2.8284271247461903
1184, 9, 381, 363, 380, 365, 1, -2, -1.1071487177940904, 2.23606797749979
1184, 14, 290, 394, 289, 395, 1, -1, -0.7853981633974483, 1.4142135623730951
1184, 15, 543, 194, 542, 192, 1, 2, 1.1071487177940904, 2.23606797749979
1184, 20, 404, 280, 404, 282, 0, -2, -1.5707963267948966, 2.0
1184, 21, 287, 405, 286, 406, 1, -1, -0.7853981633974483, 1.4142135623730951
1184, 40, 431, 202, 432, 205, -1, -3, -1.892546881191539, 3.1622776601683795
1184, 43, 380, 323, 380, 327, 0, -4, -1.5707963267948966, 4.0
1184, 48, 398, 158, 398, 160, 0, -2, -1.5707963267948966, 2.0
1184, 50, 474, 151, 473, 152, 1, -1, -0.7853981633974483, 1.4142135623730951
1184, 52, 552, 217, 551, 216, 1, 1, 0.7853981633974483, 1.4142135623730951
1184, 53, 381, 296, 380, 297, 1, -1, -0.7853981633974483, 1.4142135623730951
1184, 54, 336, 328, 333, 328, 3, 0, 0.0, 3.0
1184, 58, 364, 345, 364, 347, 0, -2, -1.5707963267948966, 2.0
1184, 64, 160, 405, 164, 403, -4, 2, 2.677945044588987, 4.47213595499958
1184, 67, 381, 352, 379, 355, 2, -3, -0.982793723247329, 3.605551275463989
1185, 8, 382, 366, 381, 368, 1, -2, -1.1071487177940904, 2.23606797749979
1185, 16, 544, 192, 543, 191, 1, 1, 0.7853981633974483, 1.4142135623730951
1185, 25, 405, 283, 405, 285, 0, -2, -1.5707963267948966, 2.0
1185, 28, 563, 255, 562, 256, 1, -1, -0.7853981633974483, 1.4142135623730951
1185, 35, 300, 245, 302, 245, -2, 0, 3.141592653589793, 2.0
1185, 38, 348, 363, 348, 365, 0, -2, -1.5707963267948966, 2.0
1185, 41, 626, 345, 625, 344, 1, 1, 0.7853981633974483, 1.4142135623730951
1185, 44, 106, 204, 105, 205, 1, -1, -0.7853981633974483, 1.4142135623730951
1185, 46, 488, 115, 486, 116, 2, -1, -0.4636476090008061, 2.23606797749979
1185, 64, 409, 160, 408, 161, 1, -1, -0.7853981633974483, 1.4142135623730951
1185, 66, 412, 341, 411, 343, 1, -2, -1.1071487177940904, 2.23606797749979
1185, 71, 447, 125, 444, 126, 3, -1, -0.3217505543966422, 3.1622776601683795
1185, 72, 59, 410, 60, 409, -1, 1, 2.356194490192345, 1.4142135623730951
1185, 73, 416, 141, 416, 143, 0, -2, -1.5707963267948966, 2.0
1185, 77, 198, 363, 197, 364, 1, -1, -0.7853981633974483, 1.4142135623730951
1185, 82, 266, 403, 265, 404, 1, -1, -0.7853981633974483, 1.4142135623730951
1185, 84, 373, 296, 374, 298, -1, -2, -2.0344439357957027, 2.23606797749979
1186, 7, 383, 365, 382, 366, 1, -1, -0.7853981633974483, 1.4142135623730951
1186, 15, 545, 193, 544, 192, 1, 1, 0.7853981633974483, 1.4142135623730951
1186, 21, 405, 281, 405, 283, 0, -2, -1.5707963267948966, 2.0
1186, 25, 294, 342, 293, 343, 1, -1, -0.7853981633974483, 1.4142135623730951
1186, 36, 558, 231, 559, 230, -1, 1, 2.356194490192345, 1.4142135623730951
1186, 42, 490, 115, 488, 115, 2, 0, 0.0, 2.0
1186, 44, 614, 271, 615, 270, -1, 1, 2.356194490192345, 1.4142135623730951
1186, 47, 617, 308, 618, 307, -1, 1, 2.356194490192345, 1.4142135623730951
1186, 48, 477, 153, 476, 154, 1, -1, -0.7853981633974483, 1.4142135623730951
1186, 51, 442, 258, 442, 260, 0, -2, -1.5707963267948966, 2.0
1186, 67, 449, 125, 447, 125, 2, 0, 0.0, 2.0
1186, 68, 416, 139, 416, 141, 0, -2, -1.5707963267948966, 2.0
1186, 71, 216, 354, 215, 355, 1, -1, -0.7853981633974483, 1.4142135623730951
1186, 79, 373, 294, 373, 296, 0, -2, -1.5707963267948966, 2.0
1186, 81, 121, 308, 120, 310, 1, -2, -1.1071487177940904, 2.23606797749979
1187, 0, 392, 252, 391, 253, 1, -1, -0.7853981633974483, 1.4142135623730951
1187, 1, 255, 253, 256, 252, -1, 1, 2.356194490192345, 1.4142135623730951
1187, 7, 385, 363, 383, 365, 2, -2, -0.7853981633974483, 2.8284271247461903
1187, 8, 137, 404, 136, 405, 1, -1, -0.7853981633974483, 1.4142135623730951
1187, 15, 546, 195, 545, 193, 1, 2, 1.1071487177940904, 2.23606797749979
1187, 33, 557, 232, 558, 231, -1, 1, 2.356194490192345, 1.4142135623730951
1187, 35, 288, 406, 287, 407, 1, -1, -0.7853981633974483, 1.4142135623730951
1187, 39, 492, 115, 490, 115, 2, 0, 0.0, 2.0
1187, 45, 478, 152, 477, 153, 1, -1, -0.7853981633974483, 1.4142135623730951
1187, 47, 195, 240, 194, 241, 1, -1, -0.7853981633974483, 1.4142135623730951
1187, 57, 409, 157, 409, 159, 0, -2, -1.5707963267948966, 2.0
1187, 59, 413, 338, 412, 340, 1, -2, -1.1071487177940904, 2.23606797749979
1187, 64, 450, 124, 449, 125, 1, -1, -0.7853981633974483, 1.4142135623730951
1187, 74, 267, 402, 266, 403, 1, -1, -0.7853981633974483, 1.4142135623730951
1187, 76, 374, 293, 373, 294, 1, -1, -0.7853981633974483, 1.4142135623730951
1188, 1, 254, 254, 255, 253, -1, 1, 2.356194490192345, 1.4142135623730951
1188, 7, 385, 361, 385, 363, 0, -2, -1.5707963267948966, 2.0
1188, 15, 546, 197, 546, 195, 0, 2, 1.5707963267948966, 2.0
1188, 20, 405, 278, 405, 280, 0, -2, -1.5707963267948966, 2.0
1188, 29, 80, 223, 79, 224, 1, -1, -0.7853981633974483, 1.4142135623730951
1188, 38, 569, 187, 567, 187, 2, 0, 0.0, 2.0
1188, 44, 616, 309, 617, 308, -1, 1, 2.356194490192345, 1.4142135623730951
1188, 45, 479, 151, 478, 152, 1, -1, -0.7853981633974483, 1.4142135623730951
1188, 58, 414, 336, 413, 338, 1, -2, -1.1071487177940904, 2.23606797749979
1188, 73, 268, 401, 267, 402, 1, -1, -0.7853981633974483, 1.4142135623730951
1188, 74, 445, 201, 445, 203, 0, -2, -1.5707963267948966, 2.0
1188, 75, 374, 291, 374, 293, 0, -2, -1.5707963267948966, 2.0
1189, 7, 386, 360, 385, 361, 1, -1, -0.7853981633974483, 1.4142135623730951
1189, 20, 405, 276, 405, 278, 0, -2, -1.5707963267948966, 2.0
1189, 40, 613, 274, 614, 273, -1, 1, 2.356194490192345, 1.4142135623730951
1189, 47, 441, 254, 442, 256, -1, -2, -2.0344439357957027, 2.23606797749979
1189, 57, 415, 334, 414, 336, 1, -2, -1.1071487177940904, 2.23606797749979
1189, 63, 416, 135, 416, 137, 0, -2, -1.5707963267948966, 2.0
1189, 69, 306, 324, 307, 323, -1, 1, 2.356194490192345, 1.4142135623730951
1190, 13, 386, 362, 385, 364, 1, -2, -1.1071487177940904, 2.23606797749979
1190, 17, 388, 313, 388, 315, 0, -2, -1.5707963267948966, 2.0
1190, 20, 407, 281, 406, 283, 1, -2, -1.1071487177940904, 2.23606797749979
1190, 22, 291, 407, 290, 408, 1, -1, -0.7853981633974483, 1.4142135623730951
1190, 33, 454, 120, 453, 121, 1, -1, -0.7853981633974483, 1.4142135623730951
1190, 34, 614, 274, 615, 273, -1, 1, 2.356194490192345, 1.4142135623730951
1190, 35, 398, 274, 398, 276, 0, -2, -1.5707963267948966, 2.0
1190, 38, 489, 139, 487, 139, 2, 0, 0.0, 2.0
1190, 43, 601, 246, 600, 245, 1, 1, 0.7853981633974483, 1.4142135623730951
1190, 49, 411, 158, 410, 159, 1, -1, -0.7853981633974483, 1.4142135623730951
1190, 53, 384, 294, 384, 296, 0, -2, -1.5707963267948966, 2.0
1190, 72, 375, 291, 375, 293, 0, -2, -1.5707963267948966, 2.0
1190, 74, 552, 229, 551, 228, 1, 1, 0.7853981633974483, 1.4142135623730951
1190, 81, 416, 337, 415, 339, 1, -2, -1.1071487177940904, 2.23606797749979
1190, 84, 571, 194, 570, 191, 1, 3, 1.2490457723982544, 3.1622776601683795
1191, 1, 393, 250, 392, 252, 1, -2, -1.1071487177940904, 2.23606797749979
1191, 13, 387, 361, 386, 362, 1, -1, -0.7853981633974483, 1.4142135623730951
1191, 14, 141, 405, 140, 406, 1, -1, -0.7853981633974483, 1.4142135623730951
1191, 17, 388, 311, 388, 313, 0, -2, -1.5707963267948966, 2.0
1191, 20, 407, 279, 407, 281, 0, -2, -1.5707963267948966, 2.0
1191, 28, 469, 195, 469, 197, 0, -2, -1.5707963267948966, 2.0
1191, 32, 455, 119, 454, 120, 1, -1, -0.7853981633974483, 1.4142135623730951
1191, 33, 613, 275, 614, 274, -1, 1, 2.356194490192345, 1.4142135623730951
1191, 34, 398, 272, 398, 274, 0, -2, -1.5707963267948966, 2.0
1191, 37, 491, 139, 489, 139, 2, 0, 0.0, 2.0
1191, 42, 600, 247, 601, 246, -1, 1, 2.356194490192345, 1.4142135623730951
1191, 59, 144, 368, 143, 369, 1, -1, -0.7853981633974483, 1.4142135623730951
1191, 69, 477, 151, 476, 152, 1, -1, -0.7853981633974483, 1.4142135623730951
1191, 72, 553, 228, 552, 229, 1, -1, -0.7853981633974483, 1.4142135623730951
1191, 79, 417, 335, 416, 337, 1, -2, -1.1071487177940904, 2.23606797749979
1191, 82, 571, 196, 571, 194, 0, 2, 1.5707963267948966, 2.0
1191, 85, 574, 270, 573, 269, 1, 1, 0.7853981633974483, 1.4142135623730951
1192, 7, 547, 200, 546, 198, 1, 2, 1.1071487177940904, 2.23606797749979
1192, 10, 388, 360, 387, 361, 1, -1, -0.7853981633974483, 1.4142135623730951
1192, 17, 292, 405, 291, 406, 1, -1, -0.7853981633974483, 1.4142135623730951
1192, 26, 456, 118, 455, 119, 1, -1, -0.7853981633974483, 1.4142135623730951
1192, 59, 348, 393, 346, 393, 2, 0, 0.0, 2.0
1192, 69, 417, 332, 417, 335, 0, -3, -1.5707963267948966, 3.0
1192, 71, 571, 198, 571, 196, 0, 2, 1.5707963267948966, 2.0
1193, 7, 550, 202, 547, 200, 3, 2, 0.5880026035475675, 3.605551275463989
1193, 9, 389, 359, 388, 360, 1, -1, -0.7853981633974483, 1.4142135623730951
1193, 12, 406, 276, 407, 278, -1, -2, -2.0344439357957027, 2.23606797749979
1193, 22, 457, 117, 456, 118, 1, -1, -0.7853981633974483, 1.4142135623730951
1193, 37, 411, 154, 411, 156, 0, -2, -1.5707963267948966, 2.0
1193, 50, 26, 279, 23, 281, 3, -2, -0.5880026035475675, 3.605551275463989
1193, 53, 351, 392, 348, 393, 3, -1, -0.3217505543966422, 3.1622776601683795
1193, 54, 479, 150, 478, 151, 1, -1, -0.7853981633974483, 1.4142135623730951
1193, 63, 418, 330, 417, 332, 1, -2, -1.1071487177940904, 2.23606797749979
1194, 9, 390, 357, 389, 359, 1, -2, -1.1071487177940904, 2.23606797749979
1194, 18, 435, 204, 434, 206, 1, -2, -1.1071487177940904, 2.23606797749979
1194, 21, 458, 116, 457, 117, 1, -1, -0.7853981633974483, 1.4142135623730951
1194, 23, 398, 268, 398, 270, 0, -2, -1.5707963267948966, 2.0
1194, 30, 599, 250, 600, 249, -1, 1, 2.356194490192345, 1.4142135623730951
1194, 32, 240, 312, 239, 313, 1, -1, -0.7853981633974483, 1.4142135623730951
1194, 50, 274, 330, 273, 329, 1, 1, 0.7853981633974483, 1.4142135623730951
1194, 51, 210, 410, 209, 411, 1, -1, -0.7853981633974483, 1.4142135623730951
1194, 52, 354, 390, 351, 392, 3, -2, -0.5880026035475675, 3.605551275463989
1194, 53, 480, 149, 479, 150, 1, -1, -0.7853981633974483, 1.4142135623730951
1194, 61, 418, 328, 418, 330, 0, -2, -1.5707963267948966, 2.0
1195, 10, 390, 360, 389, 361, 1, -1, -0.7853981633974483, 1.4142135623730951
1195, 16, 407, 279, 407, 281, 0, -2, -1.5707963267948966, 2.0
1195, 25, 481, 152, 480, 153, 1, -1, -0.7853981633974483, 1.4142135623730951
1195, 47, 406, 166, 405, 167, 1, -1, -0.7853981633974483, 1.4142135623730951
1195, 51, 458, 118, 457, 119, 1, -1, -0.7853981633974483, 1.4142135623730951
1195, 61, 555, 226, 554, 227, 1, -1, -0.7853981633974483, 1.4142135623730951
1195, 64, 579, 212, 579, 210, 0, 2, 1.5707963267948966, 2.0
1195, 72, 416, 135, 413, 137, 3, -2, -0.5880026035475675, 3.605551275463989
1195, 81, 560, 240, 561, 239, -1, 1, 2.356194490192345, 1.4142135623730951
1196, 8, 391, 358, 390, 360, 1, -2, -1.1071487177940904, 2.23606797749979
1196, 22, 482, 151, 481, 152, 1, -1, -0.7853981633974483, 1.4142135623730951
1196, 29, 149, 366, 148, 367, 1, -1, -0.7853981633974483, 1.4142135623730951
1196, 42, 408, 165, 406, 166, 2, -1, -0.4636476090008061, 2.23606797749979
1196, 43, 179, 406, 178, 407, 1, -1, -0.7853981633974483, 1.4142135623730951
1196, 46, 459, 117, 458, 118, 1, -1, -0.7853981633974483, 1.4142135623730951
1196, 56, 557, 226, 555, 226, 2, 0, 0.0, 2.0
1196, 58, 414, 249, 415, 251, -1, -2, -2.0344439357957027, 2.23606797749979
1196, 67, 418, 134, 416, 135, 2, -1, -0.4636476090008061, 2.23606797749979
1196, 75, 511, 171, 512, 170, -1, 1, 2.356194490192345, 1.4142135623730951
1196, 77, 369, 341, 369, 343, 0, -2, -1.5707963267948966, 2.0
1196, 79, 399, 276, 399, 280, 0, -4, -1.5707963267948966, 4.0
1196, 82, 541, 144, 540, 143, 1, 1, 0.7853981633974483, 1.4142135623730951
1197, 0, 392, 247, 393, 249, -1, -2, -2.0344439357957027, 2.23606797749979
1197, 8, 393, 354, 391, 358, 2, -4, -1.1071487177940904, 4.47213595499958
1197, 10, 290, 305, 288, 302, 2, 3, 0.982793723247329, 3.605551275463989
1197, 13, 160, 409, 160, 411, 0, -2, -1.5707963267948966, 2.0
1197, 22, 483, 150, 482, 151, 1, -1, -0.7853981633974483, 1.4142135623730951
1197, 30, 413, 153, 413, 156, 0, -3, -1.5707963267948966, 3.0
1197, 33, 295, 405, 294, 406, 1, -1, -0.7853981633974483, 1.4142135623730951
1197, 35, 85, 223, 82, 223, 3, 0, 0.0, 3.0
1197, 41, 409, 164, 408, 165, 1, -1, -0.7853981633974483, 1.4142135623730951
1197, 43, 145, 359, 144, 360, 1, -1, -0.7853981633974483, 1.4142135623730951
1197, 44, 460, 116, 459, 117, 1, -1, -0.7853981633974483, 1.4142135623730951
1197, 50, 290, 399, 289, 400, 1, -1, -0.7853981633974483, 1.4142135623730951
1197, 51, 143, 205, 140, 205, 3, 0, 0.0, 3.0
1197, 53, 558, 227, 557, 226, 1, 1, 0.7853981633974483, 1.4142135623730951
1197, 55, 414, 247, 414, 249, 0, -2, -1.5707963267948966, 2.0
1197, 56, 576, 211, 578, 212, -2, -1, -2.677945044588987, 2.23606797749979
1197, 62, 635, 345, 633, 344, 2, 1, 0.4636476090008061, 2.23606797749979
1197, 64, 421, 133, 418, 134, 3, -1, -0.3217505543966422, 3.1622776601683795
1197, 67, 219, 354, 218, 355, 1, -1, -0.7853981633974483, 1.4142135623730951
1197, 75, 399, 274, 399, 276, 0, -2, -1.5707963267948966, 2.0
1198, 5, 550, 206, 549, 205, 1, 1, 0.7853981633974483, 1.4142135623730951
1198, 8, 394, 352, 393, 354, 1, -2, -1.1071487177940904, 2.23606797749979
1198, 22, 484, 148, 483, 150, 1, -2, -1.1071487177940904, 2.23606797749979
1198, 30, 413, 151, 413, 153, 0, -2, -1.5707963267948966, 2.0
1198, 39, 387, 255, 386, 256, 1, -1, -0.7853981633974483, 1.4142135623730951
1198, 40, 410, 163, 409, 164, 1, -1, -0.7853981633974483, 1.4142135623730951
1198, 41, 180, 404, 179, 405, 1, -1, -0.7853981633974483, 1.4142135623730951
1198, 42, 147, 357, 145, 359, 2, -2, -0.7853981633974483, 2.8284271247461903
1198, 43, 461, 115, 460, 116, 1, -1, -0.7853981633974483, 1.4142135623730951
1198, 49, 291, 398, 290, 399, 1, -1, -0.7853981633974483, 1.4142135623730951
1198, 52, 560, 230, 558, 227, 2, 3, 0.982793723247329, 3.605551275463989
1198, 64, 180, 399, 179, 400, 1, -1, -0.7853981633974483, 1.4142135623730951
1198, 71, 370, 339, 369, 340, 1, -1, -0.7853981633974483, 1.4142135623730951
1198, 72, 398, 272, 399, 274, -1, -2, -2.0344439357957027, 2.23606797749979
1198, 74, 543, 145, 542, 144, 1, 1, 0.7853981633974483, 1.4142135623730951
1199, 5, 70, 327, 70, 329, 0, -2, -1.5707963267948966, 2.0
1199, 6, 133, 325, 134, 327, -1, -2, -2.0344439357957027, 2.23606797749979
1199, 7, 394, 348, 394, 352, 0, -4, -1.5707963267948966, 4.0
1199, 21, 485, 147, 484, 148, 1, -1, -0.7853981633974483, 1.4142135623730951
1199, 29, 414, 149, 413, 151, 1, -2, -1.1071487177940904, 2.23606797749979
1199, 32, 296, 403, 295, 404, 1, -1, -0.7853981633974483, 1.4142135623730951
1199, 38, 411, 161, 410, 163, 1, -2, -1.1071487177940904, 2.23606797749979
1199, 40, 148, 356, 147, 357, 1, -1, -0.7853981633974483, 1.4142135623730951
1199, 41, 462, 114, 461, 115, 1, -1, -0.7853981633974483, 1.4142135623730951
1199, 47, 293, 397, 291, 398, 2, -1, -0.4636476090008061, 2.23606797749979
1199, 49, 562, 234, 560, 230, 2, 4, 1.1071487177940904, 4.47213595499958
1199, 51, 413, 244, 414, 246, -1, -2, -2.0344439357957027, 2.23606797749979
1199, 59, 423, 132, 421, 132, 2, 0, 0.0, 2.0
1199, 67, 371, 338, 370, 339, 1, -1, -0.7853981633974483, 1.4142135623730951
1199, 68, 398, 270, 398, 272, 0, -2, -1.5707963267948966, 2.0
1200, 1, 394, 249, 394, 251, 0, -2, -1.5707963267948966, 2.0
1200, 2, 272, 337, 271, 338, 1, -1, -0.7853981633974483, 1.4142135623730951
1200, 6, 62, 232, 60, 234, 2, -2, -0.7853981633974483, 2.8284271247461903
1200, 12, 552, 209, 551, 207, 1, 2, 1.1071487177940904, 2.23606797749979
1200, 21, 393, 355, 393, 359, 0, -4, -1.5707963267948966, 4.0
1200, 32, 407, 273, 407, 275, 0, -2, -1.5707963267948966, 2.0
1200, 35, 486, 150, 485, 151, 1, -1, -0.7853981633974483, 1.4142135623730951
1200, 37, 297, 395, 296, 396, 1, -1, -0.7853981633974483, 1.4142135623730951
1200, 38, 424, 328, 422, 330, 2, -2, -0.7853981633974483, 2.8284271247461903
1200, 41, 462, 122, 461, 123, 1, -1, -0.7853981633974483, 1.4142135623730951
1200, 47, 148, 358, 147, 359, 1, -1, -0.7853981633974483, 1.4142135623730951
1200, 48, 388, 255, 387, 257, 1, -2, -1.1071487177940904, 2.23606797749979
1200, 51, 413, 152, 414, 154, -1, -2, -2.0344439357957027, 2.23606797749979
1200, 60, 376, 265, 377, 268, -1, -3, -1.892546881191539, 3.1622776601683795
1200, 65, 398, 274, 399, 276, -1, -2, -2.0344439357957027, 2.23606797749979
1200, 80, 438, 201, 438, 203, 0, -2, -1.5707963267948966, 2.0
1200, 88, 255, 252, 255, 250, 0, 2, 1.5707963267948966, 2.0
1200, 91, 494, 140, 492, 141, 2, -1, -0.4636476090008061, 2.23606797749979
1200, 94, 298, 347, 297, 349, 1, -2, -1.1071487177940904, 2.23606797749979
1200, 95, 498, 121, 496, 120, 2, 1, 0.4636476090008061, 2.23606797749979
1200, 96, 366, 382, 365, 384, 1, -2, -1.1071487177940904, 2.23606797749979
1200, 99, 563, 172, 562, 171, 1, 1, 0.7853981633974483, 1.4142135623730951
1201, 6, 73, 256, 72, 257, 1, -1, -0.7853981633974483, 1.4142135623730951
1201, 8, 40, 383, 42, 383, -2, 0, 3.141592653589793, 2.0
1201, 19, 394, 352, 393, 355, 1, -3, -1.2490457723982544, 3.1622776601683795
1201, 31, 487, 149, 486, 150, 1, -1, -0.7853981633974483, 1.4142135623730951
1201, 34, 425, 326, 424, 328, 1, -2, -1.1071487177940904, 2.23606797749979
1201, 43, 150, 357, 148, 358, 2, -1, -0.4636476090008061, 2.23606797749979
1201, 47, 414, 151, 413, 152, 1, -1, -0.7853981633974483, 1.4142135623730951
1201, 55, 375, 263, 376, 265, -1, -2, -2.0344439357957027, 2.23606797749979
1201, 59, 398, 271, 398, 274, 0, -3, -1.5707963267948966, 3.0
1201, 63, 373, 340, 372, 341, 1, -1, -0.7853981633974483, 1.4142135623730951
1201, 73, 437, 198, 438, 201, -1, -3, -1.892546881191539, 3.1622776601683795
1201, 74, 384, 182, 382, 182, 2, 0, 0.0, 2.0
1201, 77, 356, 361, 356, 363, 0, -2, -1.5707963267948966, 2.0
1201, 81, 254, 253, 255, 252, -1, 1, 2.356194490192345, 1.4142135623730951
1201, 82, 619, 319, 618, 318, 1, 1, 0.7853981633974483, 1.4142135623730951
1201, 86, 112, 205, 111, 206, 1, -1, -0.7853981633974483, 1.4142135623730951
1201, 88, 500, 121, 498, 121, 2, 0, 0.0, 2.0
1201, 89, 369, 381, 366, 382, 3, -1, -0.3217505543966422, 3.1622776601683795
1201, 91, 174, 353, 173, 354, 1, -1, -0.7853981633974483, 1.4142135623730951
1201, 92, 564, 174, 563, 172, 1, 2, 1.1071487177940904, 2.23606797749979
1202, 0, 246, 361, 245, 362, 1, -1, -0.7853981633974483, 1.4142135623730951
1202, 10, 553, 211, 552, 210, 1, 1, 0.7853981633974483, 1.4142135623730951
1202, 18, 395, 349, 394, 352, 1, -3, -1.2490457723982544, 3.1622776601683795
1202, 30, 488, 148, 487, 149, 1, -1, -0.7853981633974483, 1.4142135623730951
1202, 33, 426, 324, 425, 326, 1, -2, -1.1071487177940904, 2.23606797749979
1202, 36, 463, 120, 462, 121, 1, -1, -0.7853981633974483, 1.4142135623730951
1202, 40, 139, 349, 141, 347, -2, 2, 2.356194490192345, 2.8284271247461903
1202, 46, 414, 149, 414, 151, 0, -2, -1.5707963267948966, 2.0
1202, 49, 384, 311, 384, 313, 0, -2, -1.5707963267948966, 2.0
1202, 58, 398, 269, 398, 271, 0, -2, -1.5707963267948966, 2.0
1202, 70, 436, 196, 437, 198, -1, -2, -2.0344439357957027, 2.23606797749979
1202, 71, 385, 181, 384, 182, 1, -1, -0.7853981633974483, 1.4142135623730951
1202, 74, 357, 360, 356, 361, 1, -1, -0.7853981633974483, 1.4142135623730951
1202, 80, 346, 322, 345, 323, 1, -1, -0.7853981633974483, 1.4142135623730951
1202, 81, 496, 139, 495, 140, 1, -1, -0.7853981633974483, 1.4142135623730951
1202, 86, 371, 380, 369, 381, 2, -1, -0.4636476090008061, 2.23606797749979
1202, 89, 565, 175, 564, 174, 1, 1, 0.7853981633974483, 1.4142135623730951
1203, 10, 554, 213, 553, 211, 1, 2, 1.1071487177940904, 2.23606797749979
1203, 18, 396, 346, 395, 349, 1, -3, -1.2490457723982544, 3.1622776601683795
1203, 30, 489, 147, 488, 148, 1, -1, -0.7853981633974483, 1.4142135623730951
1203, 31, 439, 175, 439, 177, 0, -2, -1.5707963267948966, 2.0
1203, 32, 299, 394, 298, 395, 1, -1, -0.7853981633974483, 1.4142135623730951
1203, 33, 426, 322, 426, 324, 0, -2, -1.5707963267948966, 2.0
1203, 34, 424, 130, 423, 132, 1, -2, -1.1071487177940904, 2.23606797749979
1203, 36, 464, 119, 463, 120, 1, -1, -0.7853981633974483, 1.4142135623730951
1203, 42, 151, 355, 150, 356, 1, -1, -0.7853981633974483, 1.4142135623730951
1203, 56, 397, 267, 398, 269, -1, -2, -2.0344439357957027, 2.23606797749979
1203, 60, 374, 337, 373, 339, 1, -2, -1.1071487177940904, 2.23606797749979
1203, 64, 331, 372, 330, 373, 1, -1, -0.7853981633974483, 1.4142135623730951
1203, 68, 436, 194, 436, 196, 0, -2, -1.5707963267948966, 2.0
1203, 69, 386, 179, 385, 181, 1, -2, -1.1071487177940904, 2.23606797749979
1203, 72, 357, 358, 357, 360, 0, -2, -1.5707963267948966, 2.0
1203, 76, 620, 321, 619, 320, 1, 1, 0.7853981633974483, 1.4142135623730951
1203, 78, 498, 139, 496, 139, 2, 0, 0.0, 2.0
1203, 81, 503, 121, 501, 121, 2, 0, 0.0, 2.0
1203, 82, 372, 378, 371, 380, 1, -2, -1.1071487177940904, 2.23606797749979
1203, 85, 565, 177, 565, 175, 0, 2, 1.5707963267948966, 2.0
1204, 9, 554, 215, 554, 213, 0, 2, 1.5707963267948966, 2.0
1204, 16, 292, 220, 295, 220, -3, 0, 3.141592653589793, 3.0
1204, 17, 397, 344, 396, 346, 1, -2, -1.1071487177940904, 2.23606797749979
1204, 19, 457, 137, 456, 138, 1, -1, -0.7853981633974483, 1.4142135623730951
1204, 29, 490, 146, 489, 147, 1, -1, -0.7853981633974483, 1.4142135623730951
1204, 32, 427, 319, 426, 322, 1, -3, -1.2490457723982544, 3.1622776601683795
1204, 35, 465, 118, 464, 119, 1, -1, -0.7853981633974483, 1.4142135623730951
1204, 45, 415, 146, 414, 148, 1, -2, -1.1071487177940904, 2.23606797749979
1204, 48, 385, 308, 384, 310, 1, -2, -1.1071487177940904, 2.23606797749979
1204, 54, 397, 265, 397, 267, 0, -2, -1.5707963267948966, 2.0
1204, 60, 284, 220, 288, 222, -4, -2, -2.677945044588987, 4.47213595499958
1204, 67, 387, 177, 386, 179, 1, -2, -1.1071487177940904, 2.23606797749979
1204, 70, 358, 357, 357, 358, 1, -1, -0.7853981633974483, 1.4142135623730951
1204, 73, 621, 322, 620, 321, 1, 1, 0.7853981633974483, 1.4142135623730951
1204, 75, 500, 140, 498, 139, 2, 1, 0.4636476090008061, 2.23606797749979
1204, 78, 505, 121, 503, 121, 2, 0, 0.0, 2.0
1204, 79, 373, 376, 372, 378, 1, -2, -1.1071487177940904, 2.23606797749979
1204, 81, 566, 179, 565, 177, 1, 2, 1.1071487177940904, 2.23606797749979
1205, 8, 556, 213, 555, 212, 1, 1, 0.7853981633974483, 1.4142135623730951
1205, 22, 397, 353, 397, 355, 0, -2, -1.5707963267948966, 2.0
1205, 34, 501, 121, 500, 122, 1, -1, -0.7853981633974483, 1.4142135623730951
1205, 42, 390, 315, 389, 316, 1, -1, -0.7853981633974483, 1.4142135623730951
1205, 52, 426, 326, 425, 328, 1, -2, -1.1071487177940904, 2.23606797749979
1205, 58, 572, 250, 571, 248, 1, 2, 1.1071487177940904, 2.23606797749979
1205, 73, 466, 117, 465, 118, 1, -1, -0.7853981633974483, 1.4142135623730951
1205, 78, 615, 321, 612, 319, 3, 2, 0.5880026035475675, 3.605551275463989
1206, 0, 393, 244, 393, 246, 0, -2, -1.5707963267948966, 2.0
1206, 7, 556, 215, 556, 213, 0, 2, 1.5707963267948966, 2.0
1206, 21, 398, 350, 397, 353, 1, -3, -1.2490457723982544, 3.1622776601683795
1206, 22, 406, 269, 407, 271, -1, -2, -2.0344439357957027, 2.23606797749979
1206, 24, 183, 407, 182, 408, 1, -1, -0.7853981633974483, 1.4142135623730951
1206, 25, 299, 394, 298, 395, 1, -1, -0.7853981633974483, 1.4142135623730951
1206, 30, 489, 149, 488, 150, 1, -1, -0.7853981633974483, 1.4142135623730951
1206, 40, 390, 313, 390, 315, 0, -2, -1.5707963267948966, 2.0
1206, 41, 438, 130, 437, 131, 1, -1, -0.7853981633974483, 1.4142135623730951
1206, 45, 417, 149, 416, 150, 1, -1, -0.7853981633974483, 1.4142135623730951
1206, 46, 178, 362, 177, 363, 1, -1, -0.7853981633974483, 1.4142135623730951
1206, 50, 426, 324, 426, 326, 0, -2, -1.5707963267948966, 2.0
1206, 55, 417, 241, 418, 243, -1, -2, -2.0344439357957027, 2.23606797749979
1206, 58, 511, 172, 512, 171, -1, 1, 2.356194490192345, 1.4142135623730951
1206, 74, 617, 323, 615, 321, 2, 2, 0.7853981633974483, 2.8284271247461903
1207, 21, 399, 348, 398, 350, 1, -2, -1.1071487177940904, 2.23606797749979
1207, 30, 490, 148, 489, 149, 1, -1, -0.7853981633974483, 1.4142135623730951
1207, 39, 391, 312, 390, 313, 1, -1, -0.7853981633974483, 1.4142135623730951
1207, 49, 426, 322, 426, 324, 0, -2, -1.5707963267948966, 2.0
1207, 71, 619, 324, 617, 323, 2, 1, 0.4636476090008061, 2.23606797749979
1208, 7, 557, 219, 556, 216, 1, 3, 1.2490457723982544, 3.1622776601683795
1208, 16, 162, 407, 161, 409, 1, -2, -1.1071487177940904, 2.23606797749979
1208, 20, 400, 346, 399, 348, 1, -2, -1.1071487177940904, 2.23606797749979
1208, 25, 109, 389, 107, 391, 2, -2, -0.7853981633974483, 2.8284271247461903
1208, 29, 491, 147, 490, 148, 1, -1, -0.7853981633974483, 1.4142135623730951
1208, 39, 439, 129, 438, 130, 1, -1, -0.7853981633974483, 1.4142135623730951
1208, 40, 86, 221, 85, 222, 1, -1, -0.7853981633974483, 1.4142135623730951
1208, 43, 417, 146, 417, 148, 0, -2, -1.5707963267948966, 2.0
1208, 53, 416, 238, 417, 240, -1, -2, -2.0344439357957027, 2.23606797749979
1208, 61, 357, 356, 356, 358, 1, -2, -1.1071487177940904, 2.23606797749979
1208, 66, 621, 324, 619, 324, 2, 0, 0.0, 2.0
1209, 7, 558, 221, 557, 219, 1, 2, 1.1071487177940904, 2.23606797749979
1209, 19, 400, 344, 400, 346, 0, -2, -1.5707963267948966, 2.0
1209, 20, 406, 265, 406, 267, 0, -2, -1.5707963267948966, 2.0
1209, 31, 500, 117, 500, 119, 0, -2, -1.5707963267948966, 2.0
1209, 38, 440, 128, 439, 129, 1, -1, -0.7853981633974483, 1.4142135623730951
1209, 42, 418, 145, 417, 146, 1, -1, -0.7853981633974483, 1.4142135623730951
1209, 46, 426, 319, 426, 321, 0, -2, -1.5707963267948966, 2.0
1209, 58, 470, 116, 469, 117, 1, -1, -0.7853981633974483, 1.4142135623730951
1209, 60, 622, 323, 621, 324, 1, -1, -0.7853981633974483, 1.4142135623730951
1210, 14, 407, 269, 407, 271, 0, -2, -1.5707963267948966, 2.0
1210, 15, 401, 349, 401, 351, 0, -2, -1.5707963267948966, 2.0
1210, 23, 391, 315, 390, 316, 1, -1, -0.7853981633974483, 1.4142135623730951
1210, 26, 493, 148, 492, 149, 1, -1, -0.7853981633974483, 1.4142135623730951
1210, 41, 437, 203, 438, 205, -1, -2, -2.0344439357957027, 2.23606797749979
1210, 46, 404, 261, 405, 263, -1, -2, -2.0344439357957027, 2.23606797749979
1210, 50, 408, 152, 407, 154, 1, -2, -1.1071487177940904, 2.23606797749979
1210, 51, 510, 146, 509, 145, 1, 1, 0.7853981633974483, 1.4142135623730951
1210, 60, 579, 215, 580, 217, -1, -2, -2.0344439357957027, 2.23606797749979
1210, 64, 397, 272, 398, 275, -1, -3, -1.892546881191539, 3.1622776601683795
1210, 75, 319, 357, 318, 358, 1, -1, -0.7853981633974483, 1.4142135623730951
1210, 82, 210, 199, 212, 202, -2, -3, -2.158798930342464, 3.605551275463989
1210, 87, 169, 404, 168, 405, 1, -1, -0.7853981633974483, 1.4142135623730951
1210, 92, 401, 343, 400, 344, 1, -1, -0.7853981633974483, 1.4142135623730951
1211, 13, 402, 347, 401, 349, 1, -2, -1.1071487177940904, 2.23606797749979
1211, 19, 442, 189, 442, 191, 0, -2, -1.5707963267948966, 2.0
1211, 21, 393, 314, 391, 315, 2, -1, -0.4636476090008061, 2.23606797749979
1211, 25, 303, 243, 302, 244, 1, -1, -0.7853981633974483, 1.4142135623730951
1211, 27, 88, 221, 87, 222, 1, -1, -0.7853981633974483, 1.4142135623730951
1211, 29, 420, 148, 419, 149, 1, -1, -0.7853981633974483, 1.4142135623730951
1211, 39, 436, 199, 437, 203, -1, -4, -1.8157749899217608, 4.123105625617661
1211, 43, 226, 354, 225, 355, 1, -1, -0.7853981633974483, 1.4142135623730951
1211, 44, 298, 347, 299, 350, -1, -3, -1.892546881191539, 3.1622776601683795
1211, 47, 409, 150, 408, 152, 1, -2, -1.1071487177940904, 2.23606797749979
1211, 54, 429, 320, 429, 322, 0, -2, -1.5707963267948966, 2.0
1211, 59, 396, 267, 397, 272, -1, -5, -1.7681918866447774, 5.0990195135927845
1211, 60, 503, 141, 502, 140, 1, 1, 0.7853981633974483, 1.4142135623730951
1211, 61, 502, 117, 502, 119, 0, -2, -1.5707963267948966, 2.0
1211, 68, 352, 320, 351, 322, 1, -2, -1.1071487177940904, 2.23606797749979
1211, 75, 258, 384, 257, 385, 1, -1, -0.7853981633974483, 1.4142135623730951
1211, 76, 209, 197, 210, 199, -1, -2, -2.0344439357957027, 2.23606797749979
1211, 88, 604, 277, 603, 276, 1, 1, 0.7853981633974483, 1.4142135623730951
1212, 0, 189, 311, 190, 310, -1, 1, 2.356194490192345, 1.4142135623730951
1212, 11, 407, 266, 407, 268, 0, -2, -1.5707963267948966, 2.0
1212, 12, 403, 345, 402, 347, 1, -2, -1.1071487177940904, 2.23606797749979
1212, 18, 442, 187, 442, 189, 0, -2, -1.5707963267948966, 2.0
1212, 20, 394, 312, 393, 314, 1, -2, -1.1071487177940904, 2.23606797749979
1212, 28, 421, 147, 420, 148, 1, -1, -0.7853981633974483, 1.4142135623730951
1212, 38, 435, 196, 436, 199, -1, -3, -1.892546881191539, 3.1622776601683795
1212, 41, 94, 386, 93, 387, 1, -1, -0.7853981633974483, 1.4142135623730951
1212, 46, 410, 148, 409, 150, 1, -2, -1.1071487177940904, 2.23606797749979
1212, 47, 509, 148, 510, 147, -1, 1, 2.356194490192345, 1.4142135623730951
1212, 51, 208, 364, 207, 365, 1, -1, -0.7853981633974483, 1.4142135623730951
1212, 53, 430, 318, 429, 320, 1, -2, -1.1071487177940904, 2.23606797749979
1212, 58, 395, 264, 396, 267, -1, -3, -1.892546881191539, 3.1622776601683795
1212, 59, 505, 141, 503, 141, 2, 0, 0.0, 2.0
1212, 62, 388, 285, 388, 287, 0, -2, -1.5707963267948966, 2.0
1212, 74, 259, 383, 258, 384, 1, -1, -0.7853981633974483, 1.4142135623730951
1212, 83, 402, 340, 401, 342, 1, -2, -1.1071487177940904, 2.23606797749979
1213, 6, 196, 398, 195, 399, 1, -1, -0.7853981633974483, 1.4142135623730951
1213, 16, 442, 184, 442, 187, 0, -3, -1.5707963267948966, 3.0
1213, 18, 395, 310, 394, 312, 1, -2, -1.1071487177940904, 2.23606797749979
1213, 25, 156, 364, 153, 366, 3, -2, -0.5880026035475675, 3.605551275463989
1213, 35, 434, 193, 435, 196, -1, -3, -1.892546881191539, 3.1622776601683795
1213, 39, 227, 353, 226, 354, 1, -1, -0.7853981633974483, 1.4142135623730951
1213, 43, 411, 145, 410, 148, 1, -3, -1.2490457723982544, 3.1622776601683795
1213, 54, 395, 260, 395, 264, 0, -4, -1.5707963267948966, 4.0
1213, 55, 506, 142, 505, 141, 1, 1, 0.7853981633974483, 1.4142135623730951
1213, 56, 503, 115, 502, 117, 1, -2, -1.1071487177940904, 2.23606797749979
1213, 58, 389, 281, 388, 285, 1, -4, -1.3258176636680326, 4.123105625617661
1213, 61, 179, 359, 177, 361, 2, -2, -0.7853981633974483, 2.8284271247461903
1213, 62, 352, 317, 352, 319, 0, -2, -1.5707963267948966, 2.0
1213, 74, 170, 401, 169, 402, 1, -1, -0.7853981633974483, 1.4142135623730951
1213, 81, 463, 116, 462, 117, 1, -1, -0.7853981633974483, 1.4142135623730951
1214, 3, 557, 223, 557, 221, 0, 2, 1.5707963267948966, 2.0
1214, 15, 442, 182, 442, 184, 0, -2, -1.5707963267948966, 2.0
1214, 23, 422, 144, 421, 146, 1, -2, -1.1071487177940904, 2.23606797749979
1214, 32, 434, 189, 434, 193, 0, -4, -1.5707963267948966, 4.0
1214, 40, 412, 143, 411, 145, 1, -2, -1.1071487177940904, 2.23606797749979
1214, 45, 431, 315, 430, 317, 1, -2, -1.1071487177940904, 2.23606797749979
1214, 50, 393, 256, 395, 260, -2, -4, -2.0344439357957027, 4.47213595499958
1214, 51, 508, 142, 506, 142, 2, 0, 0.0, 2.0
1214, 52, 504, 114, 503, 115, 1, -1, -0.7853981633974483, 1.4142135623730951
1214, 55, 28, 280, 27, 281, 1, -1, -0.7853981633974483, 1.4142135623730951
1214, 59, 320, 354, 319, 355, 1, -1, -0.7853981633974483, 1.4142135623730951
1214, 75, 464, 115, 463, 116, 1, -1, -0.7853981633974483, 1.4142135623730951
1215, 9, 405, 345, 404, 347, 1, -2, -1.1071487177940904, 2.23606797749979
1215, 10, 561, 224, 560, 222, 1, 2, 1.1071487177940904, 2.23606797749979
1215, 20, 497, 146, 495, 147, 2, -1, -0.4636476090008061, 2.23606797749979
1215, 28, 119, 201, 118, 202, 1, -1, -0.7853981633974483, 1.4142135623730951
1215, 32, 280, 318, 280, 320, 0, -2, -1.5707963267948966, 2.0
1215, 34, 465, 143, 464, 144, 1, -1, -0.7853981633974483, 1.4142135623730951
1215, 39, 600, 285, 600, 287, 0, -2, -1.5707963267948966, 2.0
1215, 40, 355, 319, 355, 321, 0, -2, -1.5707963267948966, 2.0
1215, 44, 376, 257, 377, 259, -1, -2, -2.0344439357957027, 2.23606797749979
1215, 49, 409, 265, 409, 267, 0, -2, -1.5707963267948966, 2.0
1215, 51, 569, 254, 567, 253, 2, 1, 0.4636476090008061, 2.23606797749979
1215, 55, 515, 124, 512, 122, 3, 2, 0.5880026035475675, 3.605551275463989
1215, 57, 363, 351, 362, 353, 1, -2, -1.1071487177940904, 2.23606797749979
1215, 68, 531, 183, 530, 181, 1, 2, 1.1071487177940904, 2.23606797749979
1215, 69, 464, 118, 463, 119, 1, -1, -0.7853981633974483, 1.4142135623730951
1215, 71, 402, 263, 402, 265, 0, -2, -1.5707963267948966, 2.0
1215, 73, 421, 146, 421, 148, 0, -2, -1.5707963267948966, 2.0
1215, 84, 319, 374, 316, 375, 3, -1, -0.3217505543966422, 3.1622776601683795
1215, 85, 64, 257, 63, 258, 1, -1, -0.7853981633974483, 1.4142135623730951
1216, 2, 282, 339, 281, 340, 1, -1, -0.7853981633974483, 1.4142135623730951
1216, 4, 76, 228, 75, 229, 1, -1, -0.7853981633974483, 1.4142135623730951
1216, 8, 405, 343, 405, 345, 0, -2, -1.5707963267948966, 2.0
1216, 9, 562, 225, 561, 224, 1, 1, 0.7853981633974483, 1.4142135623730951
1216, 25, 432, 133, 431, 134, 1, -1, -0.7853981633974483, 1.4142135623730951
1216, 29, 466, 141, 465, 143, 1, -2, -1.1071487177940904, 2.23606797749979
1216, 44, 570, 255, 569, 254, 1, 1, 0.7853981633974483, 1.4142135623730951
1216, 47, 517, 124, 515, 124, 2, 0, 0.0, 2.0
1216, 48, 364, 349, 363, 351, 1, -2, -1.1071487177940904, 2.23606797749979
1216, 57, 532, 185, 531, 183, 1, 2, 1.1071487177940904, 2.23606797749979
1216, 58, 465, 117, 464, 118, 1, -1, -0.7853981633974483, 1.4142135623730951
1216, 61, 422, 145, 421, 146, 1, -1, -0.7853981633974483, 1.4142135623730951
1216, 65, 339, 373, 338, 374, 1, -1, -0.7853981633974483, 1.4142135623730951
1216, 71, 322, 372, 319, 374, 3, -2, -0.5880026035475675, 3.605551275463989
1216, 72, 511, 147, 509, 146, 2, 1, 0.4636476090008061, 2.23606797749979
1216, 74, 432, 318, 431, 320, 1, -2, -1.1071487177940904, 2.23606797749979
1217, 8, 406, 341, 405, 343, 1, -2, -1.1071487177940904, 2.23606797749979
1217, 9, 563, 227, 562, 225, 1, 2, 1.1071487177940904, 2.23606797749979
1217, 24, 120, 200, 119, 201, 1, -1, -0.7853981633974483, 1.4142135623730951
1217, 47, 518, 125, 517, 124, 1, 1, 0.7853981633974483, 1.4142135623730951
1217, 48, 365, 348, 364, 349, 1, -1, -0.7853981633974483, 1.4142135623730951
1217, 53, 633, 322, 632, 321, 1, 1, 0.7853981633974483, 1.4142135623730951
1217, 57, 533, 187, 532, 185, 1, 2, 1.1071487177940904, 2.23606797749979
1217, 58, 466, 116, 465, 117, 1, -1, -0.7853981633974483, 1.4142135623730951
1217, 71, 325, 371, 322, 372, 3, -1, -0.3217505543966422, 3.1622776601683795
1217, 73, 433, 316, 432, 318, 1, -2, -1.1071487177940904, 2.23606797749979
1217, 74, 157, 292, 156, 293, 1, -1, -0.7853981633974483, 1.4142135623730951
1218, 4, 78, 227, 77, 228, 1, -1, -0.7853981633974483, 1.4142135623730951
1218, 8, 406, 339, 406, 341, 0, -2, -1.5707963267948966, 2.0
1218, 9, 564, 228, 563, 227, 1, 1, 0.7853981633974483, 1.4142135623730951
1218, 33, 355, 315, 355, 317, 0, -2, -1.5707963267948966, 2.0
1218, 40, 409, 261, 409, 263, 0, -2, -1.5707963267948966, 2.0
1218, 45, 366, 347, 365, 348, 1, -1, -0.7853981633974483, 1.4142135623730951
1218, 53, 534, 189, 533, 187, 1, 2, 1.1071487177940904, 2.23606797749979
1218, 54, 468, 117, 466, 116, 2, 1, 0.4636476090008061, 2.23606797749979
1218, 61, 340, 372, 339, 373, 1, -1, -0.7853981633974483, 1.4142135623730951
1218, 68, 433, 314, 433, 316, 0, -2, -1.5707963267948966, 2.0
1219, 7, 76, 331, 77, 330, -1, 1, 2.356194490192345, 1.4142135623730951
1219, 8, 407, 337, 406, 339, 1, -2, -1.1071487177940904, 2.23606797749979
1219, 9, 565, 229, 564, 228, 1, 1, 0.7853981633974483, 1.4142135623730951
1219, 18, 91, 218, 89, 219, 2, -1, -0.4636476090008061, 2.23606797749979
1219, 24, 121, 199, 120, 200, 1, -1, -0.7853981633974483, 1.4142135623730951
1219, 26, 468, 183, 468, 185, 0, -2, -1.5707963267948966, 2.0
1219, 32, 356, 314, 355, 315, 1, -1, -0.7853981633974483, 1.4142135623730951
1219, 39, 408, 259, 409, 261, -1, -2, -2.0344439357957027, 2.23606797749979
1219, 48, 635, 323, 634, 322, 1, 1, 0.7853981633974483, 1.4142135623730951
1219, 52, 470, 117, 468, 117, 2, 0, 0.0, 2.0
1219, 55, 423, 142, 422, 143, 1, -1, -0.7853981633974483, 1.4142135623730951
1219, 59, 341, 371, 340, 372, 1, -1, -0.7853981633974483, 1.4142135623730951
1219, 64, 514, 148, 513, 147, 1, 1, 0.7853981633974483, 1.4142135623730951
1219, 65, 434, 313, 433, 314, 1, -1, -0.7853981633974483, 1.4142135623730951
1220, 6, 409, 340, 408, 342, 1, -2, -1.1071487177940904, 2.23606797749979
1220, 11, 432, 127, 432, 129, 0, -2, -1.5707963267948966, 2.0
1220, 17, 401, 296, 401, 298, 0, -2, -1.5707963267948966, 2.0
1220, 35, 367, 350, 366, 351, 1, -1, -0.7853981633974483, 1.4142135623730951
1220, 40, 372, 252, 372, 254, 0, -2, -1.5707963267948966, 2.0
1220, 50, 404, 335, 403, 337, 1, -2, -1.1071487177940904, 2.23606797749979
1220, 52, 479, 143, 477, 144, 2, -1, -0.4636476090008061, 2.23606797749979
1220, 63, 517, 150, 515, 150, 2, 0, 0.0, 2.0
1220, 72, 373, 377, 372, 378, 1, -1, -0.7853981633974483, 1.4142135623730951
1220, 77, 472, 121, 469, 120, 3, 1, 0.3217505543966422, 3.1622776601683795
1220, 83, 359, 321, 358, 323, 1, -2, -1.1071487177940904, 2.23606797749979
1220, 87, 198, 397, 197, 398, 1, -1, -0.7853981633974483, 1.4142135623730951
1220, 93, 575, 262, 574, 261, 1, 1, 0.7853981633974483, 1.4142135623730951
1221, 4, 564, 230, 564, 228, 0, 2, 1.5707963267948966, 2.0
1221, 6, 410, 338, 409, 340, 1, -2, -1.1071487177940904, 2.23606797749979
1221, 31, 499, 149, 498, 150, 1, -1, -0.7853981633974483, 1.4142135623730951
1221, 33, 367, 348, 367, 350, 0, -2, -1.5707963267948966, 2.0
1221, 47, 405, 333, 404, 335, 1, -2, -1.1071487177940904, 2.23606797749979
1221, 48, 301, 397, 302, 396, -1, 1, 2.356194490192345, 1.4142135623730951
1221, 49, 480, 142, 479, 143, 1, -1, -0.7853981633974483, 1.4142135623730951
1221, 60, 518, 151, 517, 150, 1, 1, 0.7853981633974483, 1.4142135623730951
1221, 68, 375, 376, 373, 377, 2, -1, -0.4636476090008061, 2.23606797749979
1221, 70, 415, 151, 416, 153, -1, -2, -2.0344439357957027, 2.23606797749979
1221, 72, 474, 121, 472, 121, 2, 0, 0.0, 2.0
1221, 78, 360, 319, 359, 321, 1, -2, -1.1071487177940904, 2.23606797749979
1222, 1, 286, 338, 285, 339, 1, -1, -0.7853981633974483, 1.4142135623730951
1222, 4, 563, 231, 564, 230, -1, 1, 2.356194490192345, 1.4142135623730951
1222, 6, 411, 336, 410, 338, 1, -2, -1.1071487177940904, 2.23606797749979
1222, 15, 400, 293, 401, 295, -1, -2, -2.0344439357957027, 2.23606797749979
1222, 34, 372, 249, 372, 251, 0, -2, -1.5707963267948966, 2.0
1222, 35, 150, 296, 149, 297, 1, -1, -0.7853981633974483, 1.4142135623730951
1222, 44, 406, 330, 405, 333, 1, -3, -1.2490457723982544, 3.1622776601683795
1222, 46, 481, 141, 480, 142, 1, -1, -0.7853981633974483, 1.4142135623730951
1222, 56, 519, 152, 518, 151, 1, 1, 0.7853981633974483, 1.4142135623730951
1222, 64, 377, 374, 375, 376, 2, -2, -0.7853981633974483, 2.8284271247461903
1222, 66, 415, 149, 415, 151, 0, -2, -1.5707963267948966, 2.0
1222, 68, 477, 121, 474, 121, 3, 0, 0.0, 3.0
1222, 73, 360, 317, 360, 319, 0, -2, -1.5707963267948966, 2.0
1222, 79, 169, 384, 168, 385, 1, -1, -0.7853981633974483, 1.4142135623730951
1222, 80, 216, 364, 215, 365, 1, -1, -0.7853981633974483, 1.4142135623730951
1222, 81, 399, 262, 400, 264, -1, -2, -2.0344439357957027, 2.23606797749979
1223, 4, 564, 232, 563, 231, 1, 1, 0.7853981633974483, 1.4142135623730951
1223, 6, 412, 333, 411, 336, 1, -3, -1.2490457723982544, 3.1622776601683795
1223, 8, 68, 227, 67, 228, 1, -1, -0.7853981633974483, 1.4142135623730951
1223, 9, 148, 404, 147, 405, 1, -1, -0.7853981633974483, 1.4142135623730951
1223, 32, 372, 247, 372, 249, 0, -2, -1.5707963267948966, 2.0
1223, 45, 232, 183, 233, 181, -1, 2, 2.0344439357957027, 2.23606797749979
1223, 50, 113, 388, 112, 389, 1, -1, -0.7853981633974483, 1.4142135623730951
1223, 51, 78, 227, 77, 228, 1, -1, -0.7853981633974483, 1.4142135623730951
1223, 54, 245, 208, 244, 206, 1, 2, 1.1071487177940904, 2.23606797749979
1223, 60, 379, 373, 377, 374, 2, -1, -0.4636476090008061, 2.23606797749979
1223, 64, 479, 121, 477, 121, 2, 0, 0.0, 2.0
1223, 68, 360, 315, 360, 317, 0, -2, -1.5707963267948966, 2.0
1223, 70, 514, 125, 516, 125, -2, 0, 3.141592653589793, 2.0
1224, 4, 564, 234, 564, 232, 0, 2, 1.5707963267948966, 2.0
1224, 6, 413, 331, 412, 333, 1, -2, -1.1071487177940904, 2.23606797749979
1224, 15, 400, 290, 400, 292, 0, -2, -1.5707963267948966, 2.0
1224, 40, 407, 327, 406, 329, 1, -2, -1.1071487177940904, 2.23606797749979
1224, 45, 201, 272, 200, 273, 1, -1, -0.7853981633974483, 1.4142135623730951
1224, 58, 378, 371, 379, 373, -1, -2, -2.0344439357957027, 2.23606797749979
1224, 60, 415, 146, 415, 148, 0, -2, -1.5707963267948966, 2.0
1224, 62, 481, 120, 479, 121, 2, -1, -0.4636476090008061, 2.23606797749979
1224, 63, 91, 274, 90, 275, 1, -1, -0.7853981633974483, 1.4142135623730951
1224, 66, 361, 314, 360, 315, 1, -1, -0.7853981633974483, 1.4142135623730951
1224, 68, 516, 125, 514, 125, 2, 0, 0.0, 2.0
1224, 70, 169, 383, 168, 384, 1, -1, -0.7853981633974483, 1.4142135623730951
1225, 1, 397, 237, 397, 239, 0, -2, -1.5707963267948966, 2.0
1225, 8, 566, 234, 565, 232, 1, 2, 1.1071487177940904, 2.23606797749979
1225, 12, 307, 244, 305, 245, 2, -1, -0.4636476090008061, 2.23606797749979
1225, 19, 420, 153, 417, 154, 3, -1, -0.3217505543966422, 3.1622776601683795
1225, 27, 410, 260, 410, 262, 0, -2, -1.5707963267948966, 2.0
1225, 29, 411, 336, 410, 338, 1, -2, -1.1071487177940904, 2.23606797749979
1225, 37, 435, 122, 435, 124, 0, -2, -1.5707963267948966, 2.0
1225, 39, 473, 135, 472, 136, 1, -1, -0.7853981633974483, 1.4142135623730951
1225, 40, 481, 121, 479, 122, 2, -1, -0.4636476090008061, 2.23606797749979
1225, 52, 469, 182, 469, 184, 0, -2, -1.5707963267948966, 2.0
1225, 55, 229, 277, 228, 278, 1, -1, -0.7853981633974483, 1.4142135623730951
1225, 64, 517, 150, 516, 151, 1, -1, -0.7853981633974483, 1.4142135623730951
1225, 69, 311, 395, 310, 396, 1, -1, -0.7853981633974483, 1.4142135623730951
1225, 72, 596, 285, 596, 283, 0, 2, 1.5707963267948966, 2.0
1225, 81, 524, 189, 523, 187, 1, 2, 1.1071487177940904, 2.23606797749979
1225, 82, 362, 351, 361, 353, 1, -2, -1.1071487177940904, 2.23606797749979
1225, 84, 387, 366, 386, 369, 1, -3, -1.2490457723982544, 3.1622776601683795
1226, 0, 252, 361, 253, 363, -1, -2, -2.0344439357957027, 2.23606797749979
1226, 5, 301, 314, 300, 313, 1, 1, 0.7853981633974483, 1.4142135623730951
1226, 6, 568, 237, 566, 234, 2, 3, 0.982793723247329, 3.605551275463989
1226, 16, 423, 152, 420, 153, 3, -1, -0.3217505543966422, 3.1622776601683795
1226, 22, 308, 408, 307, 409, 1, -1, -0.7853981633974483, 1.4142135623730951
1226, 25, 412, 335, 411, 336, 1, -1, -0.7853981633974483, 1.4142135623730951
1226, 33, 436, 121, 435, 122, 1, -1, -0.7853981633974483, 1.4142135623730951
1226, 36, 482, 120, 481, 121, 1, -1, -0.7853981633974483, 1.4142135623730951
1226, 52, 572, 202, 571, 201, 1, 1, 0.7853981633974483, 1.4142135623730951
1226, 56, 246, 253, 245, 254, 1, -1, -0.7853981633974483, 1.4142135623730951
1226, 66, 597, 287, 596, 285, 1, 2, 1.1071487177940904, 2.23606797749979
1226, 73, 362, 349, 362, 351, 0, -2, -1.5707963267948966, 2.0
1226, 75, 389, 365, 387, 366, 2, -1, -0.4636476090008061, 2.23606797749979
1227, 0, 397, 234, 397, 236, 0, -2, -1.5707963267948966, 2.0
1227, 3, 286, 338, 285, 339, 1, -1, -0.7853981633974483, 1.4142135623730951
1227, 5, 568, 239, 568, 237, 0, 2, 1.5707963267948966, 2.0
1227, 15, 426, 151, 423, 152, 3, -1, -0.3217505543966422, 3.1622776601683795
1227, 21, 309, 407, 308, 408, 1, -1, -0.7853981633974483, 1.4142135623730951
1227, 22, 410, 257, 410, 259, 0, -2, -1.5707963267948966, 2.0
1227, 24, 412, 333, 412, 335, 0, -2, -1.5707963267948966, 2.0
1227, 29, 171, 408, 170, 409, 1, -1, -0.7853981633974483, 1.4142135623730951
1227, 33, 474, 133, 473, 134, 1, -1, -0.7853981633974483, 1.4142135623730951
1227, 45, 391, 246, 390, 247, 1, -1, -0.7853981633974483, 1.4142135623730951
1227, 48, 573, 203, 572, 202, 1, 1, 0.7853981633974483, 1.4142135623730951
1227, 62, 598, 289, 597, 287, 1, 2, 1.1071487177940904, 2.23606797749979
1227, 67, 303, 401, 302, 402, 1, -1, -0.7853981633974483, 1.4142135623730951
1227, 69, 363, 347, 362, 349, 1, -2, -1.1071487177940904, 2.23606797749979
1227, 71, 389, 363, 389, 365, 0, -2, -1.5707963267948966, 2.0
1228, 2, 195, 313, 194, 314, 1, -1, -0.7853981633974483, 1.4142135623730951
1228, 14, 427, 150, 426, 151, 1, -1, -0.7853981633974483, 1.4142135623730951
1228, 23, 413, 331, 412, 333, 1, -2, -1.1071487177940904, 2.23606797749979
1228, 44, 392, 245, 391, 246, 1, -1, -0.7853981633974483, 1.4142135623730951
1228, 48, 132, 247, 131, 248, 1, -1, -0.7853981633974483, 1.4142135623730951
1228, 52, 521, 150, 519, 150, 2, 0, 0.0, 2.0
1228, 60, 599, 292, 598, 289, 1, 3, 1.2490457723982544, 3.1622776601683795
1228, 65, 304, 400, 303, 401, 1, -1, -0.7853981633974483, 1.4142135623730951
1229, 0, 396, 231, 397, 233, -1, -2, -2.0344439357957027, 2.23606797749979
1229, 9, 76, 328, 75, 329, 1, -1, -0.7853981633974483, 1.4142135623730951
1229, 12, 428, 149, 427, 150, 1, -1, -0.7853981633974483, 1.4142135623730951
1229, 17, 310, 405, 309, 406, 1, -1, -0.7853981633974483, 1.4142135623730951
1229, 18, 409, 254, 410, 256, -1, -2, -2.0344439357957027, 2.23606797749979
1229, 35, 194, 408, 193, 409, 1, -1, -0.7853981633974483, 1.4142135623730951
1229, 37, 369, 344, 368, 345, 1, -1, -0.7853981633974483, 1.4142135623730951
1229, 40, 393, 244, 392, 245, 1, -1, -0.7853981633974483, 1.4142135623730951
1229, 43, 575, 204, 574, 203, 1, 1, 0.7853981633974483, 1.4142135623730951
1229, 47, 522, 151, 521, 150, 1, 1, 0.7853981633974483, 1.4142135623730951
1229, 51, 142, 400, 143, 399, -1, 1, 2.356194490192345, 1.4142135623730951
1229, 55, 600, 293, 599, 292, 1, 1, 0.7853981633974483, 1.4142135623730951
1229, 58, 305, 399, 304, 400, 1, -1, -0.7853981633974483, 1.4142135623730951
1229, 59, 363, 346, 362, 347, 1, -1, -0.7853981633974483, 1.4142135623730951
1230, 0, 398, 235, 398, 237, 0, -2, -1.5707963267948966, 2.0
1230, 13, 440, 123, 439, 124, 1, -1, -0.7853981633974483, 1.4142135623730951
1230, 19, 414, 332, 414, 334, 0, -2, -1.5707963267948966, 2.0
1230, 27, 401, 296, 401, 298, 0, -2, -1.5707963267948966, 2.0
1230, 35, 537, 207, 536, 205, 1, 2, 1.1071487177940904, 2.23606797749979
1230, 53, 392, 243, 392, 245, 0, -2, -1.5707963267948966, 2.0
1230, 54, 604, 293, 603, 292, 1, 1, 0.7853981633974483, 1.4142135623730951
1230, 55, 488, 117, 486, 117, 2, 0, 0.0, 2.0
1230, 57, 411, 257, 411, 259, 0, -2, -1.5707963267948966, 2.0
1230, 59, 519, 133, 517, 132, 2, 1, 0.4636476090008061, 2.23606797749979
1230, 60, 389, 322, 388, 324, 1, -2, -1.1071487177940904, 2.23606797749979
1230, 65, 440, 172, 440, 174, 0, -2, -1.5707963267948966, 2.0
1230, 71, 402, 258, 402, 260, 0, -2, -1.5707963267948966, 2.0
1230, 75, 520, 153, 520, 151, 0, 2, 1.5707963267948966, 2.0
1230, 78, 55, 280, 54, 281, 1, -1, -0.7853981633974483, 1.4142135623730951
1231, 1, 287, 336, 287, 338, 0, -2, -1.5707963267948966, 2.0
1231, 5, 569, 240, 568, 239, 1, 1, 0.7853981633974483, 1.4142135623730951
1231, 10, 479, 138, 476, 137, 3, 1, 0.3217505543966422, 3.1622776601683795
1231, 14, 197, 410, 198, 412, -1, -2, -2.0344439357957027, 2.23606797749979
1231, 15, 201, 402, 201, 404, 0, -2, -1.5707963267948966, 2.0
1231, 19, 415, 330, 414, 332, 1, -2, -1.1071487177940904, 2.23606797749979
1231, 20, 209, 270, 209, 272, 0, -2, -1.5707963267948966, 2.0
1231, 47, 447, 189, 449, 190, -2, -1, -2.677945044588987, 2.23606797749979
1231, 49, 310, 394, 310, 396, 0, -2, -1.5707963267948966, 2.0
1231, 51, 391, 241, 392, 243, -1, -2, -2.0344439357957027, 2.23606797749979
1231, 52, 604, 295, 604, 293, 0, 2, 1.5707963267948966, 2.0
1231, 53, 490, 117, 488, 117, 2, 0, 0.0, 2.0
1231, 55, 409, 256, 411, 257, -2, -1, -2.677945044588987, 2.23606797749979
1231, 57, 521, 134, 519, 133, 2, 1, 0.4636476090008061, 2.23606797749979
1231, 58, 389, 320, 389, 322, 0, -2, -1.5707963267948966, 2.0
1231, 68, 401, 255, 402, 258, -1, -3, -1.892546881191539, 3.1622776601683795
1231, 71, 522, 155, 520, 153, 2, 2, 0.7853981633974483, 2.8284271247461903
1231, 84, 440, 313, 439, 314, 1, -1, -0.7853981633974483, 1.4142135623730951
1232, 10, 480, 139, 479, 138, 1, 1, 0.7853981633974483, 1.4142135623730951
1232, 13, 443, 122, 441, 123, 2, -1, -0.4636476090008061, 2.23606797749979
1232, 15, 202, 401, 201, 402, 1, -1, -0.7853981633974483, 1.4142135623730951
1232, 18, 226, 276, 228, 276, -2, 0, 3.141592653589793, 2.0
1232, 24, 79, 231, 78, 232, 1, -1, -0.7853981633974483, 1.4142135623730951
1232, 27, 399, 294, 401, 295, -2, -1, -2.677945044588987, 2.23606797749979
1232, 33, 536, 210, 537, 208, -1, 2, 2.0344439357957027, 2.23606797749979
1232, 35, 152, 299, 151, 298, 1, 1, 0.7853981633974483, 1.4142135623730951
1232, 46, 458, 161, 457, 163, 1, -2, -1.1071487177940904, 2.23606797749979
1232, 51, 391, 239, 391, 241, 0, -2, -1.5707963267948966, 2.0
1232, 58, 390, 318, 389, 320, 1, -2, -1.1071487177940904, 2.23606797749979
1232, 61, 232, 409, 230, 410, 2, -1, -0.4636476090008061, 2.23606797749979
1232, 71, 524, 156, 522, 155, 2, 1, 0.4636476090008061, 2.23606797749979
1232, 72, 52, 280, 54, 280, -2, 0, 3.141592653589793, 2.0
1232, 82, 126, 200, 125, 201, 1, -1, -0.7853981633974483, 1.4142135623730951
1232, 83, 441, 312, 440, 313, 1, -1, -0.7853981633974483, 1.4142135623730951
1233, 0, 398, 231, 398, 233, 0, -2, -1.5707963267948966, 2.0
1233, 4, 571, 242, 570, 240, 1, 2, 1.1071487177940904, 2.23606797749979
1233, 18, 416, 326, 415, 329, 1, -3, -1.2490457723982544, 3.1622776601683795
1233, 21, 80, 230, 79, 231, 1, -1, -0.7853981633974483, 1.4142135623730951
1233, 24, 400, 292, 399, 294, 1, -2, -1.1071487177940904, 2.23606797749979
1233, 28, 467, 263, 468, 265, -1, -2, -2.0344439357957027, 2.23606797749979
1233, 43, 459, 160, 458, 161, 1, -1, -0.7853981633974483, 1.4142135623730951
1233, 50, 492, 116, 490, 117, 2, -1, -0.4636476090008061, 2.23606797749979
1233, 52, 173, 406, 172, 407, 1, -1, -0.7853981633974483, 1.4142135623730951
1233, 53, 523, 133, 522, 134, 1, -1, -0.7853981633974483, 1.4142135623730951
1233, 54, 390, 316, 390, 318, 0, -2, -1.5707963267948966, 2.0
1233, 57, 233, 408, 232, 409, 1, -1, -0.7853981633974483, 1.4142135623730951
1233, 64, 401, 252, 401, 254, 0, -2, -1.5707963267948966, 2.0
1233, 65, 248, 205, 247, 204, 1, 1, 0.7853981633974483, 1.4142135623730951
1233, 67, 526, 157, 524, 156, 2, 1, 0.4636476090008061, 2.23606797749979
1234, 0, 397, 229, 398, 231, -1, -2, -2.0344439357957027, 2.23606797749979
1234, 4, 570, 243, 571, 242, -1, 1, 2.356194490192345, 1.4142135623730951
1234, 9, 481, 137, 480, 138, 1, -1, -0.7853981633974483, 1.4142135623730951
1234, 12, 444, 120, 443, 121, 1, -1, -0.7853981633974483, 1.4142135623730951
1234, 17, 416, 323, 416, 326, 0, -3, -1.5707963267948966, 3.0
1234, 42, 460, 159, 459, 160, 1, -1, -0.7853981633974483, 1.4142135623730951
1234, 50, 174, 405, 173, 406, 1, -1, -0.7853981633974483, 1.4142135623730951
1234, 51, 524, 132, 523, 133, 1, -1, -0.7853981633974483, 1.4142135623730951
1234, 52, 391, 314, 390, 316, 1, -2, -1.1071487177940904, 2.23606797749979
1234, 58, 214, 267, 215, 266, -1, 1, 2.356194490192345, 1.4142135623730951
1234, 62, 247, 206, 248, 205, -1, 1, 2.356194490192345, 1.4142135623730951
1234, 65, 94, 217, 93, 218, 1, -1, -0.7853981633974483, 1.4142135623730951
1234, 69, 177, 401, 176, 402, 1, -1, -0.7853981633974483, 1.4142135623730951
1235, 12, 82, 231, 81, 232, 1, -1, -0.7853981633974483, 1.4142135623730951
1235, 22, 376, 244, 376, 246, 0, -2, -1.5707963267948966, 2.0
1235, 26, 416, 330, 416, 332, 0, -2, -1.5707963267948966, 2.0
1235, 37, 363, 311, 363, 313, 0, -2, -1.5707963267948966, 2.0
1235, 41, 419, 141, 419, 143, 0, -2, -1.5707963267948966, 2.0
1235, 43, 492, 122, 490, 123, 2, -1, -0.4636476090008061, 2.23606797749979
1235, 45, 510, 155, 508, 154, 2, 1, 0.4636476090008061, 2.23606797749979
1235, 46, 433, 142, 432, 143, 1, -1, -0.7853981633974483, 1.4142135623730951
1235, 48, 392, 317, 391, 319, 1, -2, -1.1071487177940904, 2.23606797749979
1235, 56, 468, 178, 469, 180, -1, -2, -2.0344439357957027, 2.23606797749979
1235, 57, 159, 358, 158, 359, 1, -1, -0.7853981633974483, 1.4142135623730951
1235, 66, 352, 365, 352, 367, 0, -2, -1.5707963267948966, 2.0
1235, 70, 402, 289, 402, 291, 0, -2, -1.5707963267948966, 2.0
1235, 85, 608, 242, 608, 240, 0, 2, 1.5707963267948966, 2.0
1236, 7, 81, 254, 80, 255, 1, -1, -0.7853981633974483, 1.4142135623730951
1236, 13, 315, 407, 314, 408, 1, -1, -0.7853981633974483, 1.4142135623730951
1236, 15, 316, 398, 315, 399, 1, -1, -0.7853981633974483, 1.4142135623730951
1236, 20, 376, 242, 376, 244, 0, -2, -1.5707963267948966, 2.0
1236, 23, 417, 328, 416, 330, 1, -2, -1.1071487177940904, 2.23606797749979
1236, 25, 143, 346, 144, 348, -1, -2, -2.0344439357957027, 2.23606797749979
1236, 27, 290, 227, 289, 228, 1, -1, -0.7853981633974483, 1.4142135623730951
1236, 28, 282, 296, 281, 297, 1, -1, -0.7853981633974483, 1.4142135623730951
1236, 32, 363, 309, 363, 311, 0, -2, -1.5707963267948966, 2.0
1236, 35, 420, 140, 419, 141, 1, -1, -0.7853981633974483, 1.4142135623730951
1236, 37, 494, 121, 492, 122, 2, -1, -0.4636476090008061, 2.23606797749979
1236, 40, 434, 141, 433, 142, 1, -1, -0.7853981633974483, 1.4142135623730951
1236, 42, 392, 315, 392, 317, 0, -2, -1.5707963267948966, 2.0
1236, 44, 176, 404, 175, 405, 1, -1, -0.7853981633974483, 1.4142135623730951
1236, 51, 160, 357, 159, 358, 1, -1, -0.7853981633974483, 1.4142135623730951
1236, 59, 353, 364, 352, 365, 1, -1, -0.7853981633974483, 1.4142135623730951
1236, 60, 304, 349, 303, 350, 1, -1, -0.7853981633974483, 1.4142135623730951
1236, 64, 482, 153, 481, 154, 1, -1, -0.7853981633974483, 1.4142135623730951
1236, 73, 443, 311, 442, 312, 1, -1, -0.7853981633974483, 1.4142135623730951
1236, 74, 369, 348, 368, 349, 1, -1, -0.7853981633974483, 1.4142135623730951
1237, 9, 572, 245, 571, 244, 1, 1, 0.7853981633974483, 1.4142135623730951
1237, 20, 376, 239, 376, 242, 0, -3, -1.5707963267948966, 3.0
1237, 23, 418, 326, 417, 328, 1, -2, -1.1071487177940904, 2.23606797749979
1237, 39, 511, 156, 510, 155, 1, 1, 0.7853981633974483, 1.4142135623730951
1237, 42, 393, 314, 392, 315, 1, -1, -0.7853981633974483, 1.4142135623730951
1237, 50, 161, 356, 160, 357, 1, -1, -0.7853981633974483, 1.4142135623730951
1237, 52, 75, 367, 78, 366, -3, 1, 2.819842099193151, 3.1622776601683795
1237, 57, 354, 363, 353, 364, 1, -1, -0.7853981633974483, 1.4142135623730951
1237, 58, 305, 348, 304, 349, 1, -1, -0.7853981633974483, 1.4142135623730951
1237, 61, 402, 286, 402, 288, 0, -2, -1.5707963267948966, 2.0
1237, 62, 483, 152, 482, 153, 1, -1, -0.7853981633974483, 1.4142135623730951
1237, 67, 389, 364, 386, 365, 3, -1, -0.3217505543966422, 3.1622776601683795
1237, 71, 369, 346, 369, 348, 0, -2, -1.5707963267948966, 2.0
1238, 4, 149, 405, 148, 406, 1, -1, -0.7853981633974483, 1.4142135623730951
1238, 7, 573, 246, 572, 245, 1, 1, 0.7853981633974483, 1.4142135623730951
1238, 10, 138, 290, 138, 287, 0, 3, 1.5707963267948966, 3.0
1238, 11, 317, 406, 316, 407, 1, -1, -0.7853981633974483, 1.4142135623730951
1238, 13, 317, 397, 316, 398, 1, -1, -0.7853981633974483, 1.4142135623730951
1238, 18, 376, 237, 376, 239, 0, -2, -1.5707963267948966, 2.0
1238, 21, 418, 324, 418, 326, 0, -2, -1.5707963267948966, 2.0
1238, 31, 421, 137, 420, 139, 1, -2, -1.1071487177940904, 2.23606797749979
1238, 36, 435, 139, 434, 140, 1, -1, -0.7853981633974483, 1.4142135623730951
1238, 38, 393, 312, 393, 314, 0, -2, -1.5707963267948966, 2.0
1238, 44, 162, 355, 161, 356, 1, -1, -0.7853981633974483, 1.4142135623730951
1238, 46, 75, 365, 75, 367, 0, -2, -1.5707963267948966, 2.0
1238, 51, 355, 362, 354, 363, 1, -1, -0.7853981633974483, 1.4142135623730951
1238, 55, 403, 285, 402, 286, 1, -1, -0.7853981633974483, 1.4142135623730951
1238, 60, 391, 362, 389, 364, 2, -2, -0.7853981633974483, 2.8284271247461903
1238, 63, 370, 344, 369, 346, 1, -2, -1.1071487177940904, 2.23606797749979
1238, 65, 608, 246, 608, 244, 0, 2, 1.5707963267948966, 2.0
1239, 6, 73, 228, 72, 229, 1, -1, -0.7853981633974483, 1.4142135623730951
1239, 7, 574, 247, 573, 246, 1, 1, 0.7853981633974483, 1.4142135623730951
1239, 18, 375, 235, 376, 237, -1, -2, -2.0344439357957027, 2.23606797749979
1239, 27, 363, 305, 363, 307, 0, -2, -1.5707963267948966, 2.0
1239, 28, 621, 296, 622, 295, -1, 1, 2.356194490192345, 1.4142135623730951
1239, 30, 422, 135, 421, 137, 1, -2, -1.1071487177940904, 2.23606797749979
1239, 34, 512, 158, 511, 157, 1, 1, 0.7853981633974483, 1.4142135623730951
1239, 37, 394, 310, 393, 312, 1, -2, -1.1071487177940904, 2.23606797749979
1239, 50, 356, 361, 355, 362, 1, -1, -0.7853981633974483, 1.4142135623730951
1239, 51, 306, 347, 305, 348, 1, -1, -0.7853981633974483, 1.4142135623730951
1239, 58, 276, 356, 276, 358, 0, -2, -1.5707963267948966, 2.0
1239, 59, 393, 361, 391, 362, 2, -1, -0.4636476090008061, 2.23606797749979
1239, 62, 371, 342, 370, 344, 1, -2, -1.1071487177940904, 2.23606797749979
1240, 9, 574, 248, 573, 247, 1, 1, 0.7853981633974483, 1.4142135623730951
1240, 19, 178, 408, 177, 409, 1, -1, -0.7853981633974483, 1.4142135623730951
1240, 21, 419, 326, 419, 328, 0, -2, -1.5707963267948966, 2.0
1240, 30, 412, 253, 412, 255, 0, -2, -1.5707963267948966, 2.0
1240, 34, 182, 402, 181, 403, 1, -1, -0.7853981633974483, 1.4142135623730951
1240, 39, 434, 137, 433, 138, 1, -1, -0.7853981633974483, 1.4142135623730951
1240, 58, 374, 346, 373, 348, 1, -2, -1.1071487177940904, 2.23606797749979
1240, 62, 393, 355, 394, 354, -1, 1, 2.356194490192345, 1.4142135623730951
1240, 73, 462, 270, 462, 272, 0, -2, -1.5707963267948966, 2.0
1240, 74, 79, 370, 81, 371, -2, -1, -2.677945044588987, 2.23606797749979
1240, 76, 387, 271, 387, 273, 0, -2, -1.5707963267948966, 2.0
1240, 82, 512, 158, 511, 157, 1, 1, 0.7853981633974483, 1.4142135623730951
1240, 85, 156, 373, 157, 372, -1, 1, 2.356194490192345, 1.4142135623730951
1240, 90, 370, 244, 371, 246, -1, -2, -2.0344439357957027, 2.23606797749979
1240, 91, 236, 177, 235, 176, 1, 1, 0.7853981633974483, 1.4142135623730951
1240, 94, 527, 154, 525, 153, 2, 1, 0.4636476090008061, 2.23606797749979
1240, 95, 488, 143, 486, 142, 2, 1, 0.4636476090008061, 2.23606797749979
1240, 97, 428, 160, 427, 162, 1, -2, -1.1071487177940904, 2.23606797749979
1240, 101, 234, 354, 234, 356, 0, -2, -1.5707963267948966, 2.0
1240, 102, 323, 381, 322, 383, 1, -2, -1.1071487177940904, 2.23606797749979
1240, 104, 78, 275, 80, 276, -2, -1, -2.677945044588987, 2.23606797749979
1240, 106, 581, 216, 581, 214, 0, 2, 1.5707963267948966, 2.0
1241, 8, 574, 250, 574, 248, 0, 2, 1.5707963267948966, 2.0
1241, 13, 404, 299, 403, 300, 1, -1, -0.7853981633974483, 1.4142135623730951
1241, 30, 318, 408, 317, 409, 1, -1, -0.7853981633974483, 1.4142135623730951
1241, 42, 394, 177, 394, 179, 0, -2, -1.5707963267948966, 2.0
1241, 44, 201, 247, 200, 246, 1, 1, 0.7853981633974483, 1.4142135623730951
1241, 48, 534, 164, 532, 163, 2, 1, 0.4636476090008061, 2.23606797749979
1241, 50, 498, 117, 496, 118, 2, -1, -0.4636476090008061, 2.23606797749979
1241, 54, 375, 345, 374, 346, 1, -1, -0.7853981633974483, 1.4142135623730951
1241, 58, 391, 355, 393, 355, -2, 0, 3.141592653589793, 2.0
1241, 64, 118, 387, 117, 388, 1, -1, -0.7853981633974483, 1.4142135623730951
1241, 67, 407, 248, 406, 250, 1, -2, -1.1071487177940904, 2.23606797749979
1241, 85, 524, 152, 527, 154, -3, -2, -2.5535900500422257, 3.605551275463989
1241, 86, 490, 144, 488, 143, 2, 1, 0.4636476090008061, 2.23606797749979
1241, 88, 428, 158, 428, 160, 0, -2, -1.5707963267948966, 2.0
1241, 93, 325, 380, 323, 381, 2, -1, -0.4636476090008061, 2.23606797749979
1241, 95, 76, 274, 78, 275, -2, -1, -2.677945044588987, 2.23606797749979
1242, 4, 254, 359, 256, 360, -2, -1, -2.677945044588987, 2.23606797749979
1242, 8, 575, 252, 574, 250, 1, 2, 1.1071487177940904, 2.23606797749979
1242, 13, 405, 298, 404, 299, 1, -1, -0.7853981633974483, 1.4142135623730951
1242, 18, 179, 407, 178, 408, 1, -1, -0.7853981633974483, 1.4142135623730951
1242, 20, 419, 323, 419, 325, 0, -2, -1.5707963267948966, 2.0
1242, 24, 100, 296, 99, 297, 1, -1, -0.7853981633974483, 1.4142135623730951
1242, 31, 184, 401, 183, 402, 1, -1, -0.7853981633974483, 1.4142135623730951
1242, 34, 190, 193, 189, 194, 1, -1, -0.7853981633974483, 1.4142135623730951
1242, 36, 435, 135, 434, 136, 1, -1, -0.7853981633974483, 1.4142135623730951
1242, 41, 280, 244, 281, 243, -1, 1, 2.356194490192345, 1.4142135623730951
1242, 44, 441, 241, 440, 242, 1, -1, -0.7853981633974483, 1.4142135623730951
1242, 46, 535, 165, 534, 164, 1, 1, 0.7853981633974483, 1.4142135623730951
1242, 48, 503, 119, 498, 117, 5, 2, 0.3805063771123649, 5.385164807134504
1242, 52, 375, 343, 375, 345, 0, -2, -1.5707963267948966, 2.0
1242, 72, 128, 200, 130, 201, -2, -1, -2.677945044588987, 2.23606797749979
1242, 73, 394, 271, 394, 273, 0, -2, -1.5707963267948966, 2.0
1242, 74, 514, 159, 512, 159, 2, 0, 0.0, 2.0
1242, 75, 335, 359, 334, 360, 1, -1, -0.7853981633974483, 1.4142135623730951
1242, 76, 365, 306, 365, 308, 0, -2, -1.5707963267948966, 2.0
1242, 81, 525, 156, 524, 152, 1, 4, 1.3258176636680326, 4.123105625617661
1242, 82, 492, 145, 490, 144, 2, 1, 0.4636476090008061, 2.23606797749979
1242, 88, 328, 377, 325, 380, 3, -3, -0.7853981633974483, 4.242640687119285
1242, 90, 74, 273, 76, 274, -2, -1, -2.677945044588987, 2.23606797749979
1242, 92, 582, 218, 581, 217, 1, 1, 0.7853981633974483, 1.4142135623730951
1242, 95, 125, 380, 124, 381, 1, -1, -0.7853981633974483, 1.4142135623730951
1243, 8, 576, 253, 575, 252, 1, 1, 0.7853981633974483, 1.4142135623730951
1243, 13, 406, 296, 405, 298, 1, -2, -1.1071487177940904, 2.23606797749979
1243, 19, 420, 321, 419, 323, 1, -2, -1.1071487177940904, 2.23606797749979
1243, 32, 436, 134, 435, 135, 1, -1, -0.7853981633974483, 1.4142135623730951
1243, 38, 202, 247, 201, 246, 1, 1, 0.7853981633974483, 1.4142135623730951
1243, 40, 536, 166, 535, 165, 1, 1, 0.7853981633974483, 1.4142135623730951
1243, 47, 41, 281, 36, 282, 5, -1, -0.19739555984988075, 5.0990195135927845
1243, 72, 528, 155, 525, 156, 3, -1, -0.3217505543966422, 3.1622776601683795
1243, 73, 493, 146, 492, 145, 1, 1, 0.7853981633974483, 1.4142135623730951
1243, 79, 330, 374, 328, 377, 2, -3, -0.982793723247329, 3.605551275463989
1243, 81, 458, 120, 457, 121, 1, -1, -0.7853981633974483, 1.4142135623730951
1243, 82, 583, 219, 582, 218, 1, 1, 0.7853981633974483, 1.4142135623730951
1244, 6, 577, 254, 576, 253, 1, 1, 0.7853981633974483, 1.4142135623730951
1244, 11, 406, 294, 406, 296, 0, -2, -1.5707963267948966, 2.0
1244, 17, 420, 319, 420, 321, 0, -2, -1.5707963267948966, 2.0
1244, 29, 624, 296, 625, 295, -1, 1, 2.356194490192345, 1.4142135623730951
1244, 30, 437, 133, 436, 134, 1, -1, -0.7853981633974483, 1.4142135623730951
1244, 32, 304, 350, 303, 351, 1, -1, -0.7853981633974483, 1.4142135623730951
1244, 35, 279, 246, 280, 245, -1, 1, 2.356194490192345, 1.4142135623730951
1244, 36, 204, 248, 202, 247, 2, 1, 0.4636476090008061, 2.23606797749979
1244, 38, 537, 167, 536, 166, 1, 1, 0.7853981633974483, 1.4142135623730951
1244, 42, 375, 340, 375, 342, 0, -2, -1.5707963267948966, 2.0
1244, 47, 596, 238, 594, 236, 2, 2, 0.7853981633974483, 2.8284271247461903
1244, 62, 515, 161, 514, 160, 1, 1, 0.7853981633974483, 1.4142135623730951
1244, 64, 364, 303, 365, 305, -1, -2, -2.0344439357957027, 2.23606797749979
1244, 69, 527, 160, 528, 155, -1, 5, 1.7681918866447774, 5.0990195135927845
1244, 70, 494, 145, 493, 146, 1, -1, -0.7853981633974483, 1.4142135623730951
1244, 71, 429, 156, 428, 157, 1, -1, -0.7853981633974483, 1.4142135623730951
1244, 76, 333, 373, 330, 374, 3, -1, -0.3217505543966422, 3.1622776601683795
1244, 78, 459, 119, 458, 120, 1, -1, -0.7853981633974483, 1.4142135623730951
1244, 79, 584, 220, 583, 219, 1, 1, 0.7853981633974483, 1.4142135623730951
1245, 0, 397, 228, 398, 230, -1, -2, -2.0344439357957027, 2.23606797749979
1245, 6, 576, 254, 576, 252, 0, 2, 1.5707963267948966, 2.0
1245, 12, 421, 323, 421, 325, 0, -2, -1.5707963267948966, 2.0
1245, 27, 625, 298, 626, 297, -1, 1, 2.356194490192345, 1.4142135623730951
1245, 28, 414, 251, 413, 252, 1, -1, -0.7853981633974483, 1.4142135623730951
1245, 46, 487, 143, 484, 143, 3, 0, 0.0, 3.0
1245, 49, 378, 335, 377, 336, 1, -1, -0.7853981633974483, 1.4142135623730951
1245, 56, 517, 162, 516, 161, 1, 1, 0.7853981633974483, 1.4142135623730951
1245, 61, 535, 162, 534, 161, 1, 1, 0.7853981633974483, 1.4142135623730951
1245, 63, 414, 320, 414, 323, 0, -3, -1.5707963267948966, 3.0
1245, 65, 533, 137, 531, 136, 2, 1, 0.4636476090008061, 2.23606797749979
1245, 76, 370, 240, 371, 242, -1, -2, -2.0344439357957027, 2.23606797749979
1245, 80, 336, 372, 333, 374, 3, -2, -0.5880026035475675, 3.605551275463989
1245, 81, 367, 306, 366, 308, 1, -2, -1.1071487177940904, 2.23606797749979
1245, 82, 495, 144, 494, 145, 1, -1, -0.7853981633974483, 1.4142135623730951
1245, 84, 437, 135, 436, 136, 1, -1, -0.7853981633974483, 1.4142135623730951
1245, 91, 294, 384, 292, 386, 2, -2, -0.7853981633974483, 2.8284271247461903
1245, 92, 362, 364, 361, 365, 1, -1, -0.7853981633974483, 1.4142135623730951
1245, 93, 334, 331, 332, 332, 2, -1, -0.4636476090008061, 2.23606797749979
1246, 5, 577, 255, 576, 254, 1, 1, 0.7853981633974483, 1.4142135623730951
1246, 36, 180, 404, 179, 405, 1, -1, -0.7853981633974483, 1.4142135623730951
1246, 43, 490, 143, 487, 143, 3, 0, 0.0, 3.0
1246, 46, 379, 333, 378, 335, 1, -2, -1.1071487177940904, 2.23606797749979
1246, 58, 537, 164, 535, 162, 2, 2, 0.7853981633974483, 2.8284271247461903
1246, 60, 414, 318, 414, 320, 0, -2, -1.5707963267948966, 2.0
1246, 62, 534, 139, 533, 137, 1, 2, 1.1071487177940904, 2.23606797749979
1246, 73, 370, 237, 370, 240, 0, -3, -1.5707963267948966, 3.0
1246, 75, 256, 319, 253, 320, 3, -1, -0.3217505543966422, 3.1622776601683795
1246, 77, 340, 370, 336, 372, 4, -2, -0.4636476090008061, 4.47213595499958
1246, 78, 367, 304, 367, 306, 0, -2, -1.5707963267948966, 2.0
1246, 79, 496, 143, 495, 144, 1, -1, -0.7853981633974483, 1.4142135623730951
1246, 87, 296, 382, 294, 384, 2, -2, -0.7853981633974483, 2.8284271247461903
1246, 88, 363, 363, 362, 364, 1, -1, -0.7853981633974483, 1.4142135623730951
1246, 89, 335, 330, 334, 331, 1, -1, -0.7853981633974483, 1.4142135623730951
1246, 90, 404, 283, 405, 285, -1, -2, -2.0344439357957027, 2.23606797749979
1247, 11, 421, 320, 421, 322, 0, -2, -1.5707963267948966, 2.0
1247, 19, 322, 407, 321, 408, 1, -1, -0.7853981633974483, 1.4142135623730951
1247, 38, 289, 255, 287, 253, 2, 2, 0.7853981633974483, 2.8284271247461903
1247, 42, 491, 142, 490, 143, 1, -1, -0.7853981633974483, 1.4142135623730951
1247, 45, 380, 332, 379, 333, 1, -1, -0.7853981633974483, 1.4142135623730951
1247, 54, 539, 164, 537, 164, 2, 0, 0.0, 2.0
1247, 56, 414, 316, 414, 318, 0, -2, -1.5707963267948966, 2.0
1247, 65, 253, 260, 252, 259, 1, 1, 0.7853981633974483, 1.4142135623730951
1247, 73, 342, 369, 340, 370, 2, -1, -0.4636476090008061, 2.23606797749979
1247, 74, 366, 300, 367, 304, -1, -4, -1.8157749899217608, 4.123105625617661
1247, 75, 499, 145, 496, 143, 3, 2, 0.5880026035475675, 3.605551275463989
1247, 78, 236, 340, 235, 341, 1, -1, -0.7853981633974483, 1.4142135623730951
1247, 84, 364, 362, 363, 363, 1, -1, -0.7853981633974483, 1.4142135623730951
1247, 86, 403, 280, 404, 283, -1, -3, -1.892546881191539, 3.1622776601683795
1248, 8, 421, 318, 421, 320, 0, -2, -1.5707963267948966, 2.0
1248, 27, 319, 394, 318, 395, 1, -1, -0.7853981633974483, 1.4142135623730951
1248, 30, 291, 300, 289, 299, 2, 1, 0.4636476090008061, 2.23606797749979
1248, 31, 181, 403, 180, 404, 1, -1, -0.7853981633974483, 1.4142135623730951
1248, 37, 492, 141, 491, 142, 1, -1, -0.7853981633974483, 1.4142135623730951
1248, 48, 539, 166, 539, 164, 0, 2, 1.5707963267948966, 2.0
1248, 50, 415, 313, 414, 316, 1, -3, -1.2490457723982544, 3.1622776601683795
1248, 56, 87, 228, 86, 229, 1, -1, -0.7853981633974483, 1.4142135623730951
1248, 61, 370, 233, 370, 236, 0, -3, -1.5707963267948966, 3.0
1248, 66, 367, 298, 366, 300, 1, -2, -1.1071487177940904, 2.23606797749979
1248, 67, 500, 144, 499, 145, 1, -1, -0.7853981633974483, 1.4142135623730951
1248, 75, 298, 383, 297, 382, 1, 1, 0.7853981633974483, 1.4142135623730951
1248, 76, 366, 359, 364, 362, 2, -3, -0.982793723247329, 3.605551275463989
1248, 78, 402, 277, 403, 280, -1, -3, -1.892546881191539, 3.1622776601683795
1249, 4, 76, 226, 75, 227, 1, -1, -0.7853981633974483, 1.4142135623730951
1249, 5, 154, 407, 153, 408, 1, -1, -0.7853981633974483, 1.4142135623730951
1249, 26, 211, 398, 210, 399, 1, -1, -0.7853981633974483, 1.4142135623730951
1249, 28, 182, 402, 181, 403, 1, -1, -0.7853981633974483, 1.4142135623730951
1249, 33, 493, 140, 492, 141, 1, -1, -0.7853981633974483, 1.4142135623730951
1249, 36, 381, 330, 380, 331, 1, -1, -0.7853981633974483, 1.4142135623730951
1249, 43, 196, 281, 193, 282, 3, -1, -0.3217505543966422, 3.1622776601683795
1249, 44, 540, 167, 539, 166, 1, 1, 0.7853981633974483, 1.4142135623730951
1249, 46, 415, 310, 415, 313, 0, -3, -1.5707963267948966, 3.0
1249, 57, 370, 230, 370, 233, 0, -3, -1.5707963267948966, 3.0
1249, 62, 501, 143, 500, 144, 1, -1, -0.7853981633974483, 1.4142135623730951
1249, 71, 367, 358, 366, 359, 1, -1, -0.7853981633974483, 1.4142135623730951
1250, 6, 84, 334, 83, 333, 1, 1, 0.7853981633974483, 1.4142135623730951
1250, 7, 458, 118, 457, 120, 1, -2, -1.1071487177940904, 2.23606797749979
1250, 16, 423, 319, 423, 321, 0, -2, -1.5707963267948966, 2.0
1250, 19, 376, 235, 377, 237, -1, -2, -2.0344439357957027, 2.23606797749979
1250, 24, 519, 166, 518, 165, 1, 1, 0.7853981633974483, 1.4142135623730951
1250, 38, 444, 164, 445, 166, -1, -2, -2.0344439357957027, 2.23606797749979
1250, 40, 411, 283, 411, 285, 0, -2, -1.5707963267948966, 2.0
1250, 53, 439, 134, 438, 135, 1, -1, -0.7853981633974483, 1.4142135623730951
1250, 55, 536, 170, 536, 168, 0, 2, 1.5707963267948966, 2.0
1250, 58, 540, 175, 541, 174, -1, 1, 2.356194490192345, 1.4142135623730951
1250, 62, 400, 346, 397, 348, 3, -2, -0.5880026035475675, 3.605551275463989
1250, 64, 417, 314, 417, 317, 0, -3, -1.5707963267948966, 3.0
1250, 66, 587, 223, 586, 222, 1, 1, 0.7853981633974483, 1.4142135623730951
1250, 78, 589, 324, 586, 323, 3, 1, 0.3217505543966422, 3.1622776601683795
1251, 0, 298, 336, 297, 337, 1, -1, -0.7853981633974483, 1.4142135623730951
1251, 12, 78, 229, 77, 230, 1, -1, -0.7853981633974483, 1.4142135623730951
1251, 16, 423, 317, 423, 319, 0, -2, -1.5707963267948966, 2.0
1251, 19, 375, 232, 376, 235, -1, -3, -1.892546881191539, 3.1622776601683795
1251, 24, 519, 168, 519, 166, 0, 2, 1.5707963267948966, 2.0
1251, 30, 430, 142, 428, 142, 2, 0, 0.0, 2.0
1251, 34, 187, 362, 188, 364, -1, -2, -2.0344439357957027, 2.23606797749979
1251, 53, 439, 132, 439, 134, 0, -2, -1.5707963267948966, 2.0
1251, 55, 536, 172, 536, 170, 0, 2, 1.5707963267948966, 2.0
1251, 58, 539, 176, 540, 175, -1, 1, 2.356194490192345, 1.4142135623730951
1251, 62, 402, 343, 400, 346, 2, -3, -0.982793723247329, 3.605551275463989
1251, 64, 417, 311, 417, 314, 0, -3, -1.5707963267948966, 3.0
1251, 66, 587, 225, 587, 223, 0, 2, 1.5707963267948966, 2.0
1251, 75, 178, 384, 177, 385, 1, -1, -0.7853981633974483, 1.4142135623730951
1251, 77, 591, 326, 589, 324, 2, 2, 0.7853981633974483, 2.8284271247461903
1251, 84, 316, 400, 315, 401, 1, -1, -0.7853981633974483, 1.4142135623730951
1252, 5, 458, 115, 458, 117, 0, -2, -1.5707963267948966, 2.0
1252, 13, 423, 315, 423, 317, 0, -2, -1.5707963267948966, 2.0
1252, 15, 183, 407, 182, 408, 1, -1, -0.7853981633974483, 1.4142135623730951
1252, 16, 375, 230, 375, 232, 0, -2, -1.5707963267948966, 2.0
1252, 20, 520, 169, 519, 168, 1, 1, 0.7853981633974483, 1.4142135623730951
1252, 21, 308, 351, 307, 352, 1, -1, -0.7853981633974483, 1.4142135623730951
1252, 26, 432, 142, 430, 142, 2, 0, 0.0, 2.0
1252, 32, 444, 161, 444, 163, 0, -2, -1.5707963267948966, 2.0
1252, 33, 208, 410, 207, 411, 1, -1, -0.7853981633974483, 1.4142135623730951
1252, 34, 410, 280, 411, 282, -1, -2, -2.0344439357957027, 2.23606797749979
1252, 47, 440, 131, 439, 132, 1, -1, -0.7853981633974483, 1.4142135623730951
1252, 48, 582, 267, 580, 266, 2, 1, 0.4636476090008061, 2.23606797749979
1252, 49, 537, 175, 536, 172, 1, 3, 1.2490457723982544, 3.1622776601683795
1252, 52, 538, 178, 539, 176, -1, 2, 2.0344439357957027, 2.23606797749979
1252, 56, 404, 340, 402, 343, 2, -3, -0.982793723247329, 3.605551275463989
1252, 58, 417, 308, 417, 311, 0, -3, -1.5707963267948966, 3.0
1252, 66, 310, 343, 307, 344, 3, -1, -0.3217505543966422, 3.1622776601683795
1252, 70, 97, 388, 96, 389, 1, -1, -0.7853981633974483, 1.4142135623730951
1252, 71, 593, 328, 591, 326, 2, 2, 0.7853981633974483, 2.8284271247461903
1252, 76, 317, 399, 316, 400, 1, -1, -0.7853981633974483, 1.4142135623730951
1253, 5, 459, 113, 458, 115, 1, -2, -1.1071487177940904, 2.23606797749979
1253, 6, 577, 261, 578, 259, -1, 2, 2.0344439357957027, 2.23606797749979
1253, 10, 79, 228, 78, 229, 1, -1, -0.7853981633974483, 1.4142135623730951
1253, 13, 424, 313, 423, 315, 1, -2, -1.1071487177940904, 2.23606797749979
1253, 14, 208, 274, 207, 275, 1, -1, -0.7853981633974483, 1.4142135623730951
1253, 16, 374, 227, 375, 230, -1, -3, -1.892546881191539, 3.1622776601683795
1253, 20, 520, 171, 520, 169, 0, 2, 1.5707963267948966, 2.0
1253, 25, 413, 246, 414, 248, -1, -2, -2.0344439357957027, 2.23606797749979
1253, 26, 434, 142, 432, 142, 2, 0, 0.0, 2.0
1253, 46, 584, 269, 582, 267, 2, 2, 0.7853981633974483, 2.8284271247461903
1253, 47, 538, 176, 537, 175, 1, 1, 0.7853981633974483, 1.4142135623730951
1253, 54, 406, 339, 404, 340, 2, -1, -0.4636476090008061, 2.23606797749979
1253, 55, 417, 304, 417, 308, 0, -4, -1.5707963267948966, 4.0
1253, 57, 589, 227, 587, 226, 2, 1, 0.4636476090008061, 2.23606797749979
1253, 59, 613, 299, 614, 298, -1, 1, 2.356194490192345, 1.4142135623730951
1253, 61, 213, 371, 214, 370, -1, 1, 2.356194490192345, 1.4142135623730951
1253, 63, 312, 343, 310, 343, 2, 0, 0.0, 2.0
1253, 68, 595, 329, 593, 328, 2, 1, 0.4636476090008061, 2.23606797749979
1253, 73, 318, 398, 317, 399, 1, -1, -0.7853981633974483, 1.4142135623730951
1254, 2, 503, 143, 501, 143, 2, 0, 0.0, 2.0
1254, 5, 460, 112, 459, 113, 1, -1, -0.7853981633974483, 1.4142135623730951
1254, 16, 375, 224, 374, 227, 1, -3, -1.2490457723982544, 3.1622776601683795
1254, 17, 158, 408, 157, 409, 1, -1, -0.7853981633974483, 1.4142135623730951
1254, 18, 324, 404, 323, 405, 1, -1, -0.7853981633974483, 1.4142135623730951
1254, 20, 521, 172, 520, 171, 1, 1, 0.7853981633974483, 1.4142135623730951
1254, 21, 309, 350, 308, 351, 1, -1, -0.7853981633974483, 1.4142135623730951
1254, 25, 436, 141, 434, 142, 2, -1, -0.4636476090008061, 2.23606797749979
1254, 44, 441, 129, 440, 130, 1, -1, -0.7853981633974483, 1.4142135623730951
1254, 45, 585, 271, 584, 269, 1, 2, 1.1071487177940904, 2.23606797749979
1254, 54, 416, 300, 417, 304, -1, -4, -1.8157749899217608, 4.123105625617661
1254, 56, 589, 229, 589, 227, 0, 2, 1.5707963267948966, 2.0
1254, 59, 208, 401, 206, 402, 2, -1, -0.4636476090008061, 2.23606797749979
1254, 62, 313, 342, 312, 343, 1, -1, -0.7853981633974483, 1.4142135623730951
1254, 67, 596, 331, 595, 329, 1, 2, 1.1071487177940904, 2.23606797749979
1254, 72, 320, 396, 318, 398, 2, -2, -0.7853981633974483, 2.8284271247461903
1254, 73, 186, 400, 186, 402, 0, -2, -1.5707963267948966, 2.0
1255, 5, 80, 229, 79, 230, 1, -1, -0.7853981633974483, 1.4142135623730951
1255, 6, 579, 263, 579, 261, 0, 2, 1.5707963267948966, 2.0
1255, 10, 425, 315, 425, 317, 0, -2, -1.5707963267948966, 2.0
1255, 14, 325, 406, 324, 407, 1, -1, -0.7853981633974483, 1.4142135623730951
1255, 18, 505, 150, 504, 149, 1, 1, 0.7853981633974483, 1.4142135623730951
1255, 23, 458, 113, 457, 114, 1, -1, -0.7853981633974483, 1.4142135623730951
1255, 33, 122, 386, 121, 387, 1, -1, -0.7853981633974483, 1.4142135623730951
1255, 34, 449, 181, 450, 183, -1, -2, -2.0344439357957027, 2.23606797749979
1255, 36, 185, 409, 184, 410, 1, -1, -0.7853981633974483, 1.4142135623730951
1255, 37, 436, 141, 435, 142, 1, -1, -0.7853981633974483, 1.4142135623730951
1255, 51, 405, 351, 402, 354, 3, -3, -0.7853981633974483, 4.242640687119285
1255, 56, 397, 169, 396, 170, 1, -1, -0.7853981633974483, 1.4142135623730951
1255, 60, 446, 160, 446, 163, 0, -3, -1.5707963267948966, 3.0
1255, 62, 175, 235, 176, 237, -1, -2, -2.0344439357957027, 2.23606797749979
1255, 71, 377, 332, 376, 335, 1, -3, -1.2490457723982544, 3.1622776601683795
1256, 10, 425, 313, 425, 315, 0, -2, -1.5707963267948966, 2.0
1256, 23, 459, 112, 458, 113, 1, -1, -0.7853981633974483, 1.4142135623730951
1256, 28, 414, 246, 414, 248, 0, -2, -1.5707963267948966, 2.0
1256, 30, 467, 256, 468, 260, -1, -4, -1.8157749899217608, 4.123105625617661
1256, 34, 448, 179, 449, 181, -1, -2, -2.0344439357957027, 2.23606797749979
1256, 37, 437, 140, 436, 141, 1, -1, -0.7853981633974483, 1.4142135623730951
1256, 38, 256, 322, 255, 323, 1, -1, -0.7853981633974483, 1.4142135623730951
1256, 44, 110, 298, 107, 299, 3, -1, -0.3217505543966422, 3.1622776601683795
1256, 46, 496, 139, 493, 139, 3, 0, 0.0, 3.0
1256, 50, 406, 347, 405, 351, 1, -4, -1.3258176636680326, 4.123105625617661
1256, 53, 517, 170, 516, 169, 1, 1, 0.7853981633974483, 1.4142135623730951
1256, 54, 397, 167, 397, 169, 0, -2, -1.5707963267948966, 2.0
1256, 58, 446, 158, 446, 160, 0, -2, -1.5707963267948966, 2.0
1257, 4, 160, 408, 159, 409, 1, -1, -0.7853981633974483, 1.4142135623730951
1257, 6, 581, 267, 579, 264, 2, 3, 0.982793723247329, 3.605551275463989
1257, 10, 425, 311, 425, 313, 0, -2, -1.5707963267948966, 2.0
1257, 14, 326, 404, 325, 405, 1, -1, -0.7853981633974483, 1.4142135623730951
1257, 18, 503, 150, 505, 150, -2, 0, 3.141592653589793, 2.0
1257, 23, 460, 111, 459, 112, 1, -1, -0.7853981633974483, 1.4142135623730951
1257, 26, 158, 301, 157, 302, 1, -1, -0.7853981633974483, 1.4142135623730951
1257, 33, 102, 219, 99, 219, 3, 0, 0.0, 3.0
1257, 34, 186, 408, 185, 409, 1, -1, -0.7853981633974483, 1.4142135623730951
1257, 35, 438, 139, 437, 140, 1, -1, -0.7853981633974483, 1.4142135623730951
1257, 43, 497, 140, 496, 139, 1, 1, 0.7853981633974483, 1.4142135623730951
1257, 47, 408, 344, 406, 347, 2, -3, -0.982793723247329, 3.605551275463989
1257, 55, 446, 156, 446, 158, 0, -2, -1.5707963267948966, 2.0
1257, 65, 378, 331, 377, 332, 1, -1, -0.7853981633974483, 1.4142135623730951
1258, 5, 81, 227, 80, 228, 1, -1, -0.7853981633974483, 1.4142135623730951
1258, 32, 448, 176, 448, 178, 0, -2, -1.5707963267948966, 2.0
1258, 33, 100, 217, 102, 219, -2, -2, -2.356194490192345, 2.8284271247461903
1258, 35, 439, 138, 438, 139, 1, -1, -0.7853981633974483, 1.4142135623730951
1258, 45, 408, 342, 408, 344, 0, -2, -1.5707963267948966, 2.0
1258, 47, 518, 172, 517, 171, 1, 1, 0.7853981633974483, 1.4142135623730951
1258, 48, 397, 164, 397, 166, 0, -2, -1.5707963267948966, 2.0
1258, 52, 446, 154, 446, 156, 0, -2, -1.5707963267948966, 2.0
1258, 55, 54, 283, 53, 284, 1, -1, -0.7853981633974483, 1.4142135623730951
1259, 5, 580, 269, 581, 268, -1, 1, 2.356194490192345, 1.4142135623730951
1259, 9, 425, 308, 425, 310, 0, -2, -1.5707963267948966, 2.0
1259, 16, 504, 149, 502, 150, 2, -1, -0.4636476090008061, 2.23606797749979
1259, 21, 461, 109, 460, 110, 1, -1, -0.7853981633974483, 1.4142135623730951
1259, 22, 215, 404, 214, 405, 1, -1, -0.7853981633974483, 1.4142135623730951
1259, 25, 413, 242, 414, 244, -1, -2, -2.0344439357957027, 2.23606797749979
1259, 29, 446, 175, 448, 176, -2, -1, -2.677945044588987, 2.23606797749979
1259, 32, 438, 136, 439, 138, -1, -2, -2.0344439357957027, 2.23606797749979
1259, 39, 159, 365, 157, 361, 2, 4, 1.1071487177940904, 4.47213595499958
1259, 44, 395, 160, 397, 164, -2, -4, -2.0344439357957027, 4.47213595499958
1259, 48, 447, 153, 446, 154, 1, -1, -0.7853981633974483, 1.4142135623730951
1260, 4, 257, 356, 257, 358, 0, -2, -1.5707963267948966, 2.0
1260, 6, 505, 145, 504, 146, 1, -1, -0.7853981633974483, 1.4142135623730951
1260, 14, 329, 405, 328, 406, 1, -1, -0.7853981633974483, 1.4142135623730951
1260, 23, 144, 287, 144, 289, 0, -2, -1.5707963267948966, 2.0
1260, 25, 234, 281, 234, 279, 0, 2, 1.5707963267948966, 2.0
1260, 32, 462, 112, 461, 113, 1, -1, -0.7853981633974483, 1.4142135623730951
1260, 38, 449, 179, 449, 181, 0, -2, -1.5707963267948966, 2.0
1260, 39, 328, 396, 327, 397, 1, -1, -0.7853981633974483, 1.4142135623730951
1261, 3, 583, 268, 582, 267, 1, 1, 0.7853981633974483, 1.4142135623730951
1261, 4, 506, 144, 505, 145, 1, -1, -0.7853981633974483, 1.4142135623730951
1261, 9, 164, 408, 163, 409, 1, -1, -0.7853981633974483, 1.4142135623730951
1261, 11, 330, 404, 329, 405, 1, -1, -0.7853981633974483, 1.4142135623730951
1261, 13, 216, 413, 215, 414, 1, -1, -0.7853981633974483, 1.4142135623730951
1261, 17, 188, 408, 187, 409, 1, -1, -0.7853981633974483, 1.4142135623730951
1261, 24, 464, 112, 462, 112, 2, 0, 0.0, 2.0
1262, 4, 507, 143, 506, 144, 1, -1, -0.7853981633974483, 1.4142135623730951
1262, 6, 309, 319, 310, 321, -1, -2, -2.0344439357957027, 2.23606797749979
1262, 15, 219, 401, 218, 402, 1, -1, -0.7853981633974483, 1.4142135623730951
1262, 24, 466, 113, 464, 112, 2, 1, 0.4636476090008061, 2.23606797749979
1262, 28, 329, 394, 328, 395, 1, -1, -0.7853981633974483, 1.4142135623730951
1263, 4, 509, 143, 507, 143, 2, 0, 0.0, 2.0
1263, 16, 144, 283, 144, 285, 0, -2, -1.5707963267948966, 2.0
1263, 22, 467, 114, 466, 113, 1, 1, 0.7853981633974483, 1.4142135623730951
1263, 26, 330, 393, 329, 394, 1, -1, -0.7853981633974483, 1.4142135623730951
1263, 27, 614, 282, 615, 281, -1, 1, 2.356194490192345, 1.4142135623730951
1264, 0, 299, 335, 298, 336, 1, -1, -0.7853981633974483, 1.4142135623730951
1264, 16, 145, 284, 144, 283, 1, 1, 0.7853981633974483, 1.4142135623730951
1264, 24, 427, 307, 427, 309, 0, -2, -1.5707963267948966, 2.0
1264, 26, 331, 392, 330, 393, 1, -1, -0.7853981633974483, 1.4142135623730951
1265, 1, 398, 219, 399, 221, -1, -2, -2.0344439357957027, 2.23606797749979
1265, 30, 510, 145, 509, 144, 1, 1, 0.7853981633974483, 1.4142135623730951
1265, 41, 125, 387, 124, 388, 1, -1, -0.7853981633974483, 1.4142135623730951
1265, 57, 438, 186, 439, 188, -1, -2, -2.0344439357957027, 2.23606797749979
1265, 67, 592, 293, 593, 292, -1, 1, 2.356194490192345, 1.4142135623730951
1265, 74, 193, 379, 195, 379, -2, 0, 3.141592653589793, 2.0
1265, 80, 405, 249, 406, 251, -1, -2, -2.0344439357957027, 2.23606797749979
1266, 8, 86, 254, 85, 255, 1, -1, -0.7853981633974483, 1.4142135623730951
1266, 12, 428, 309, 428, 311, 0, -2, -1.5707963267948966, 2.0
1266, 14, 612, 309, 613, 308, -1, 1, 2.356194490192345, 1.4142135623730951
1266, 15, 377, 223, 377, 225, 0, -2, -1.5707963267948966, 2.0
1266, 26, 511, 148, 510, 145, 1, 3, 1.2490457723982544, 3.1622776601683795
1266, 48, 437, 184, 438, 186, -1, -2, -2.0344439357957027, 2.23606797749979
1266, 51, 383, 329, 383, 331, 0, -2, -1.5707963267948966, 2.0
1266, 55, 434, 132, 432, 134, 2, -2, -0.7853981633974483, 2.8284271247461903
1266, 70, 405, 247, 405, 249, 0, -2, -1.5707963267948966, 2.0
1267, 14, 611, 310, 612, 309, -1, 1, 2.356194490192345, 1.4142135623730951
1267, 15, 376, 221, 377, 223, -1, -2, -2.0344439357957027, 2.23606797749979
1267, 22, 330, 402, 329, 403, 1, -1, -0.7853981633974483, 1.4142135623730951
1267, 32, 316, 352, 315, 353, 1, -1, -0.7853981633974483, 1.4142135623730951
1267, 48, 436, 180, 437, 184, -1, -4, -1.8157749899217608, 4.123105625617661
1267, 55, 435, 130, 434, 132, 1, -2, -1.1071487177940904, 2.23606797749979
1267, 63, 190, 379, 193, 379, -3, 0, 3.141592653589793, 3.0
1267, 69, 404, 244, 405, 247, -1, -3, -1.892546881191539, 3.1622776601683795
1267, 73, 74, 381, 73, 382, 1, -1, -0.7853981633974483, 1.4142135623730951
1268, 12, 428, 305, 428, 308, 0, -3, -1.5707963267948966, 3.0
1268, 14, 610, 311, 611, 310, -1, 1, 2.356194490192345, 1.4142135623730951
1268, 15, 376, 219, 376, 221, 0, -2, -1.5707963267948966, 2.0
1268, 22, 331, 401, 330, 402, 1, -1, -0.7853981633974483, 1.4142135623730951
1268, 27, 136, 302, 135, 303, 1, -1, -0.7853981633974483, 1.4142135623730951
1268, 29, 618, 266, 617, 265, 1, 1, 0.7853981633974483, 1.4142135623730951
1268, 31, 192, 406, 190, 407, 2, -1, -0.4636476090008061, 2.23606797749979
1268, 36, 127, 385, 125, 387, 2, -2, -0.7853981633974483, 2.8284271247461903
1268, 46, 435, 176, 436, 180, -1, -4, -1.8157749899217608, 4.123105625617661
1268, 53, 436, 129, 435, 130, 1, -1, -0.7853981633974483, 1.4142135623730951
1268, 61, 196, 284, 195, 286, 1, -2, -1.1071487177940904, 2.23606797749979
1268, 65, 404, 240, 404, 244, 0, -4, -1.5707963267948966, 4.0
1269, 12, 427, 303, 428, 305, -1, -2, -2.0344439357957027, 2.23606797749979
1269, 15, 376, 217, 376, 219, 0, -2, -1.5707963267948966, 2.0
1269, 22, 332, 400, 331, 401, 1, -1, -0.7853981633974483, 1.4142135623730951
1269, 25, 513, 147, 512, 148, 1, -1, -0.7853981633974483, 1.4142135623730951
1269, 34, 332, 389, 331, 390, 1, -1, -0.7853981633974483, 1.4142135623730951
1269, 45, 435, 171, 435, 176, 0, -5, -1.5707963267948966, 5.0
1269, 48, 385, 327, 384, 328, 1, -1, -0.7853981633974483, 1.4142135623730951
1269, 52, 588, 294, 589, 293, -1, 1, 2.356194490192345, 1.4142135623730951
1269, 63, 404, 235, 404, 240, 0, -5, -1.5707963267948966, 5.0
1270, 8, 585, 274, 584, 273, 1, 1, 0.7853981633974483, 1.4142135623730951
1270, 10, 47, 394, 47, 392, 0, 2, 1.5707963267948966, 2.0
1270, 13, 521, 159, 520, 158, 1, 1, 0.7853981633974483, 1.4142135623730951
1270, 17, 116, 361, 116, 363, 0, -2, -1.5707963267948966, 2.0
1270, 18, 388, 329, 387, 331, 1, -2, -1.1071487177940904, 2.23606797749979
1270, 30, 429, 309, 428, 310, 1, -1, -0.7853981633974483, 1.4142135623730951
1270, 35, 377, 221, 377, 223, 0, -2, -1.5707963267948966, 2.0
1270, 63, 379, 345, 378, 347, 1, -2, -1.1071487177940904, 2.23606797749979
1270, 77, 198, 401, 197, 402, 1, -1, -0.7853981633974483, 1.4142135623730951
1270, 78, 205, 252, 205, 254, 0, -2, -1.5707963267948966, 2.0
1271, 3, 84, 229, 82, 231, 2, -2, -0.7853981633974483, 2.8284271247461903
1271, 8, 47, 392, 47, 394, 0, -2, -1.5707963267948966, 2.0
1271, 16, 389, 327, 388, 329, 1, -2, -1.1071487177940904, 2.23606797749979
1271, 27, 427, 306, 429, 309, -2, -3, -2.158798930342464, 3.605551275463989
1271, 31, 375, 217, 377, 221, -2, -4, -2.0344439357957027, 4.47213595499958
1271, 35, 167, 304, 169, 304, -2, 0, 3.141592653589793, 2.0
1271, 38, 162, 303, 160, 305, 2, -2, -0.7853981633974483, 2.8284271247461903
1271, 39, 356, 354, 355, 355, 1, -1, -0.7853981633974483, 1.4142135623730951
1271, 40, 318, 352, 317, 354, 1, -2, -1.1071487177940904, 2.23606797749979
1271, 49, 334, 402, 333, 403, 1, -1, -0.7853981633974483, 1.4142135623730951
1271, 58, 380, 343, 379, 345, 1, -2, -1.1071487177940904, 2.23606797749979
1271, 73, 206, 253, 205, 252, 1, 1, 0.7853981633974483, 1.4142135623730951
1272, 2, 260, 354, 259, 355, 1, -1, -0.7853981633974483, 1.4142135623730951
1272, 6, 586, 276, 585, 275, 1, 1, 0.7853981633974483, 1.4142135623730951
1272, 18, 618, 266, 619, 265, -1, 1, 2.356194490192345, 1.4142135623730951
1272, 25, 426, 304, 427, 306, -1, -2, -2.0344439357957027, 2.23606797749979
1272, 29, 374, 215, 375, 217, -1, -2, -2.0344439357957027, 2.23606797749979
1272, 37, 357, 353, 356, 354, 1, -1, -0.7853981633974483, 1.4142135623730951
1272, 38, 319, 351, 318, 352, 1, -1, -0.7853981633974483, 1.4142135623730951
1272, 49, 483, 115, 482, 116, 1, -1, -0.7853981633974483, 1.4142135623730951
1272, 55, 381, 340, 380, 343, 1, -3, -1.2490457723982544, 3.1622776601683795
1272, 67, 200, 400, 199, 401, 1, -1, -0.7853981633974483, 1.4142135623730951
1273, 11, 520, 162, 521, 161, -1, 1, 2.356194490192345, 1.4142135623730951
1273, 16, 389, 324, 389, 326, 0, -2, -1.5707963267948966, 2.0
1273, 20, 167, 409, 166, 410, 1, -1, -0.7853981633974483, 1.4142135623730951
1273, 22, 512, 157, 512, 155, 0, 2, 1.5707963267948966, 2.0
1273, 24, 426, 301, 426, 304, 0, -3, -1.5707963267948966, 3.0
1273, 27, 375, 213, 374, 215, 1, -2, -1.1071487177940904, 2.23606797749979
1273, 30, 407, 282, 406, 283, 1, -1, -0.7853981633974483, 1.4142135623730951
1273, 35, 358, 352, 357, 353, 1, -1, -0.7853981633974483, 1.4142135623730951
1273, 37, 102, 214, 101, 215, 1, -1, -0.7853981633974483, 1.4142135623730951
1273, 44, 335, 400, 334, 401, 1, -1, -0.7853981633974483, 1.4142135623730951
1273, 51, 381, 338, 381, 340, 0, -2, -1.5707963267948966, 2.0
1273, 63, 201, 399, 200, 400, 1, -1, -0.7853981633974483, 1.4142135623730951
1274, 15, 113, 361, 115, 360, -2, 1, 2.677945044588987, 2.23606797749979
1274, 24, 426, 299, 426, 301, 0, -2, -1.5707963267948966, 2.0
1274, 27, 375, 211, 375, 213, 0, -2, -1.5707963267948966, 2.0
1274, 39, 219, 410, 218, 411, 1, -1, -0.7853981633974483, 1.4142135623730951
1274, 42, 336, 399, 335, 400, 1, -1, -0.7853981633974483, 1.4142135623730951
1274, 43, 485, 114, 483, 115, 2, -1, -0.4636476090008061, 2.23606797749979
1274, 62, 208, 253, 207, 252, 1, 1, 0.7853981633974483, 1.4142135623730951
1275, 3, 401, 215, 401, 217, 0, -2, -1.5707963267948966, 2.0
1275, 26, 408, 282, 408, 284, 0, -2, -1.5707963267948966, 2.0
1275, 40, 378, 216, 378, 218, 0, -2, -1.5707963267948966, 2.0
1275, 63, 321, 353, 320, 354, 1, -1, -0.7853981633974483, 1.4142135623730951
1275, 65, 471, 115, 468, 115, 3, 0, 0.0, 3.0
1275, 66, 503, 148, 502, 149, 1, -1, -0.7853981633974483, 1.4142135623730951
1275, 70, 550, 161, 549, 159, 1, 2, 1.1071487177940904, 2.23606797749979
1275, 72, 210, 198, 209, 196, 1, 2, 1.1071487177940904, 2.23606797749979
1275, 75, 396, 254, 397, 256, -1, -2, -2.0344439357957027, 2.23606797749979
1275, 78, 243, 338, 242, 339, 1, -1, -0.7853981633974483, 1.4142135623730951
1275, 79, 358, 369, 355, 370, 3, -1, -0.3217505543966422, 3.1622776601683795
1275, 87, 510, 156, 508, 155, 2, 1, 0.4636476090008061, 2.23606797749979
1275, 94, 555, 196, 554, 195, 1, 1, 0.7853981633974483, 1.4142135623730951
1276, 1, 204, 319, 204, 321, 0, -2, -1.5707963267948966, 2.0
1276, 15, 171, 410, 170, 411, 1, -1, -0.7853981633974483, 1.4142135623730951
1276, 20, 339, 401, 338, 402, 1, -1, -0.7853981633974483, 1.4142135623730951
1276, 24, 408, 280, 408, 282, 0, -2, -1.5707963267948966, 2.0
1276, 26, 429, 306, 429, 308, 0, -2, -1.5707963267948966, 2.0
1276, 29, 520, 162, 518, 161, 2, 1, 0.4636476090008061, 2.23606797749979
1276, 34, 378, 214, 378, 216, 0, -2, -1.5707963267948966, 2.0
1276, 39, 441, 131, 442, 133, -1, -2, -2.0344439357957027, 2.23606797749979
1276, 53, 473, 115, 471, 115, 2, 0, 0.0, 2.0
1276, 58, 550, 163, 550, 161, 0, 2, 1.5707963267948966, 2.0
1276, 65, 360, 367, 358, 369, 2, -2, -0.7853981633974483, 2.8284271247461903
1276, 72, 512, 158, 510, 156, 2, 2, 0.7853981633974483, 2.8284271247461903
1276, 77, 210, 377, 208, 376, 2, 1, 0.4636476090008061, 2.23606797749979
1277, 2, 401, 212, 401, 214, 0, -2, -1.5707963267948966, 2.0
1277, 3, 305, 341, 304, 340, 1, 1, 0.7853981633974483, 1.4142135623730951
1277, 6, 264, 355, 263, 356, 1, -1, -0.7853981633974483, 1.4142135623730951
1277, 8, 87, 258, 86, 257, 1, 1, 0.7853981633974483, 1.4142135623730951
1277, 21, 334, 388, 333, 389, 1, -1, -0.7853981633974483, 1.4142135623730951
1277, 22, 407, 278, 408, 280, -1, -2, -2.0344439357957027, 2.23606797749979
1277, 45, 587, 294, 586, 293, 1, 1, 0.7853981633974483, 1.4142135623730951
1277, 49, 476, 115, 473, 115, 3, 0, 0.0, 3.0
1277, 54, 544, 164, 550, 163, -6, 1, 2.976443976175166, 6.082762530298219
1277, 56, 209, 200, 210, 199, -1, 1, 2.356194490192345, 1.4142135623730951
1277, 61, 363, 366, 360, 367, 3, -1, -0.3217505543966422, 3.1622776601683795
1277, 68, 513, 156, 512, 158, 1, -2, -1.1071487177940904, 2.23606797749979
1278, 14, 173, 409, 172, 410, 1, -1, -0.7853981633974483, 1.4142135623730951
1278, 19, 340, 399, 339, 400, 1, -1, -0.7853981633974483, 1.4142135623730951
1278, 44, 121, 296, 122, 295, -1, 1, 2.356194490192345, 1.4142135623730951
1278, 47, 324, 352, 323, 353, 1, -1, -0.7853981633974483, 1.4142135623730951
1278, 49, 477, 114, 476, 115, 1, -1, -0.7853981633974483, 1.4142135623730951
1278, 50, 506, 148, 504, 148, 2, 0, 0.0, 2.0
1278, 54, 545, 163, 544, 164, 1, -1, -0.7853981633974483, 1.4142135623730951
1278, 63, 294, 358, 293, 359, 1, -1, -0.7853981633974483, 1.4142135623730951
1278, 71, 209, 378, 210, 376, -1, 2, 2.0344439357957027, 2.23606797749979
1278, 72, 556, 199, 555, 198, 1, 1, 0.7853981633974483, 1.4142135623730951
1279, 9, 585, 281, 586, 280, -1, 1, 2.356194490192345, 1.4142135623730951
1279, 20, 336, 387, 335, 388, 1, -1, -0.7853981633974483, 1.4142135623730951
1279, 29, 439, 175, 438, 176, 1, -1, -0.7853981633974483, 1.4142135623730951
1279, 34, 442, 128, 441, 129, 1, -1, -0.7853981633974483, 1.4142135623730951
1279, 36, 521, 134, 521, 132, 0, 2, 1.5707963267948966, 2.0
1279, 40, 182, 387, 184, 387, -2, 0, 3.141592653589793, 2.0
1279, 47, 478, 112, 477, 114, 1, -2, -1.1071487177940904, 2.23606797749979
1279, 50, 117, 294, 116, 295, 1, -1, -0.7853981633974483, 1.4142135623730951
1279, 54, 204, 198, 208, 200, -4, -2, -2.677945044588987, 4.47213595499958
1279, 55, 453, 121, 452, 122, 1, -1, -0.7853981633974483, 1.4142135623730951
1279, 63, 197, 193, 196, 195, 1, -2, -1.1071487177940904, 2.23606797749979
1279, 69, 210, 377, 209, 378, 1, -1, -0.7853981633974483, 1.4142135623730951
1280, 0, 403, 212, 403, 214, 0, -2, -1.5707963267948966, 2.0
1280, 7, 485, 113, 484, 114, 1, -1, -0.7853981633974483, 1.4142135623730951
1280, 15, 523, 167, 522, 166, 1, 1, 0.7853981633974483, 1.4142135623730951
1280, 18, 456, 150, 455, 151, 1, -1, -0.7853981633974483, 1.4142135623730951
1280, 40, 215, 376, 216, 375, -1, 1, 2.356194490192345, 1.4142135623730951
1280, 57, 630, 320, 629, 319, 1, 1, 0.7853981633974483, 1.4142135623730951
1280, 67, 552, 190, 549, 188, 3, 2, 0.5880026035475675, 3.605551275463989
1281, 6, 486, 112, 485, 113, 1, -1, -0.7853981633974483, 1.4142135623730951
1281, 18, 447, 133, 444, 133, 3, 0, 0.0, 3.0
1281, 23, 450, 171, 451, 173, -1, -2, -2.0344439357957027, 2.23606797749979
1281, 27, 339, 398, 339, 400, 0, -2, -1.5707963267948966, 2.0
1281, 34, 326, 352, 324, 352, 2, 0, 0.0, 2.0
1281, 44, 221, 406, 220, 407, 1, -1, -0.7853981633974483, 1.4142135623730951
1281, 45, 378, 212, 378, 214, 0, -2, -1.5707963267948966, 2.0
1281, 60, 603, 299, 604, 298, -1, 1, 2.356194490192345, 1.4142135623730951
1281, 61, 553, 192, 552, 190, 1, 2, 1.1071487177940904, 2.23606797749979
1281, 68, 96, 232, 95, 233, 1, -1, -0.7853981633974483, 1.4142135623730951
1282, 4, 487, 111, 486, 112, 1, -1, -0.7853981633974483, 1.4142135623730951
1282, 6, 586, 283, 587, 282, -1, 1, 2.356194490192345, 1.4142135623730951
1282, 12, 522, 169, 523, 168, -1, 1, 2.356194490192345, 1.4142135623730951
1282, 14, 449, 133, 447, 133, 2, 0, 0.0, 2.0
1282, 18, 199, 407, 198, 408, 1, -1, -0.7853981633974483, 1.4142135623730951
1282, 19, 519, 157, 517, 157, 2, 0, 0.0, 2.0
1282, 31, 212, 376, 214, 376, -2, 0, 3.141592653589793, 2.0
1282, 39, 378, 210, 378, 212, 0, -2, -1.5707963267948966, 2.0
1282, 45, 631, 321, 630, 320, 1, 1, 0.7853981633974483, 1.4142135623730951
1282, 50, 383, 340, 382, 341, 1, -1, -0.7853981633974483, 1.4142135623730951
1282, 54, 554, 194, 553, 192, 1, 2, 1.1071487177940904, 2.23606797749979
1282, 58, 163, 303, 163, 305, 0, -2, -1.5707963267948966, 2.0
1283, 4, 488, 110, 487, 111, 1, -1, -0.7853981633974483, 1.4142135623730951
1283, 13, 452, 133, 449, 133, 3, 0, 0.0, 3.0
1283, 16, 521, 158, 519, 157, 2, 1, 0.4636476090008061, 2.23606797749979
1283, 19, 340, 396, 339, 397, 1, -1, -0.7853981633974483, 1.4142135623730951
1283, 24, 327, 350, 326, 351, 1, -1, -0.7853981633974483, 1.4142135623730951
1283, 33, 222, 405, 221, 406, 1, -1, -0.7853981633974483, 1.4142135623730951
1283, 34, 378, 208, 378, 210, 0, -2, -1.5707963267948966, 2.0
1283, 40, 632, 322, 631, 321, 1, 1, 0.7853981633974483, 1.4142135623730951
1283, 49, 554, 196, 554, 194, 0, 2, 1.5707963267948966, 2.0
1284, 3, 490, 109, 488, 110, 2, -1, -0.4636476090008061, 2.23606797749979
1284, 8, 176, 409, 175, 410, 1, -1, -0.7853981633974483, 1.4142135623730951
1284, 10, 456, 145, 456, 147, 0, -2, -1.5707963267948966, 2.0
1284, 11, 453, 132, 452, 133, 1, -1, -0.7853981633974483, 1.4142135623730951
1284, 13, 200, 406, 199, 407, 1, -1, -0.7853981633974483, 1.4142135623730951
1284, 14, 522, 162, 521, 158, 1, 4, 1.3258176636680326, 4.123105625617661
1284, 25, 208, 376, 211, 376, -3, 0, 3.141592653589793, 3.0
1284, 32, 378, 206, 378, 208, 0, -2, -1.5707963267948966, 2.0
1284, 47, 555, 198, 554, 196, 1, 2, 1.1071487177940904, 2.23606797749979
1284, 54, 97, 231, 96, 232, 1, -1, -0.7853981633974483, 1.4142135623730951
1285, 0, 403, 210, 403, 212, 0, -2, -1.5707963267948966, 2.0
1285, 2, 267, 355, 266, 356, 1, -1, -0.7853981633974483, 1.4142135623730951
1285, 22, 227, 414, 226, 415, 1, -1, -0.7853981633974483, 1.4142135623730951
1285, 23, 616, 327, 614, 325, 2, 2, 0.7853981633974483, 2.8284271247461903
1285, 25, 343, 399, 342, 400, 1, -1, -0.7853981633974483, 1.4142135623730951
1285, 32, 62, 386, 61, 387, 1, -1, -0.7853981633974483, 1.4142135623730951
1285, 41, 378, 209, 379, 211, -1, -2, -2.0344439357957027, 2.23606797749979
1285, 53, 621, 295, 622, 294, -1, 1, 2.356194490192345, 1.4142135623730951
1285, 57, 454, 132, 451, 133, 3, -1, -0.3217505543966422, 3.1622776601683795
1285, 60, 418, 238, 418, 240, 0, -2, -1.5707963267948966, 2.0
1285, 64, 479, 108, 479, 110, 0, -2, -1.5707963267948966, 2.0
1285, 72, 532, 200, 532, 198, 0, 2, 1.5707963267948966, 2.0
1286, 0, 403, 208, 403, 210, 0, -2, -1.5707963267948966, 2.0
1286, 3, 309, 339, 308, 340, 1, -1, -0.7853981633974483, 1.4142135623730951
1286, 4, 312, 224, 310, 225, 2, -1, -0.4636476090008061, 2.23606797749979
1286, 5, 269, 263, 269, 265, 0, -2, -1.5707963267948966, 2.0
1286, 6, 139, 325, 140, 328, -1, -3, -1.892546881191539, 3.1622776601683795
1286, 14, 177, 408, 176, 410, 1, -2, -1.1071487177940904, 2.23606797749979
1286, 15, 491, 116, 490, 117, 1, -1, -0.7853981633974483, 1.4142135623730951
1286, 27, 210, 379, 214, 378, -4, 1, 2.896613990462929, 4.123105625617661
1286, 29, 63, 385, 62, 386, 1, -1, -0.7853981633974483, 1.4142135623730951
1286, 31, 330, 350, 329, 352, 1, -2, -1.1071487177940904, 2.23606797749979
1286, 37, 378, 207, 378, 209, 0, -2, -1.5707963267948966, 2.0
1286, 48, 620, 296, 621, 295, -1, 1, 2.356194490192345, 1.4142135623730951
1286, 52, 455, 131, 454, 132, 1, -1, -0.7853981633974483, 1.4142135623730951
1286, 58, 480, 107, 479, 108, 1, -1, -0.7853981633974483, 1.4142135623730951
1286, 63, 558, 205, 559, 204, -1, 1, 2.356194490192345, 1.4142135623730951
1287, 0, 403, 206, 403, 208, 0, -2, -1.5707963267948966, 2.0
1287, 17, 230, 404, 229, 406, 1, -2, -1.1071487177940904, 2.23606797749979
1287, 20, 226, 412, 227, 414, -1, -2, -2.0344439357957027, 2.23606797749979
1287, 28, 109, 368, 110, 370, -1, -2, -2.0344439357957027, 2.23606797749979
1287, 29, 331, 349, 330, 350, 1, -1, -0.7853981633974483, 1.4142135623730951
1287, 30, 216, 276, 216, 278, 0, -2, -1.5707963267948966, 2.0
1287, 34, 341, 385, 343, 388, -2, -3, -2.158798930342464, 3.605551275463989
1287, 35, 377, 205, 378, 207, -1, -2, -2.0344439357957027, 2.23606797749979
1287, 42, 360, 373, 362, 372, -2, 1, 2.677945044588987, 2.23606797749979
1287, 45, 620, 298, 620, 296, 0, 2, 1.5707963267948966, 2.0
1287, 49, 455, 129, 455, 131, 0, -2, -1.5707963267948966, 2.0
1287, 55, 482, 105, 480, 107, 2, -2, -0.7853981633974483, 2.8284271247461903
1287, 62, 533, 202, 532, 201, 1, 1, 0.7853981633974483, 1.4142135623730951
1288, 0, 404, 205, 403, 206, 1, -1, -0.7853981633974483, 1.4142135623730951
1288, 3, 310, 338, 309, 339, 1, -1, -0.7853981633974483, 1.4142135623730951
1288, 27, 332, 348, 331, 349, 1, -1, -0.7853981633974483, 1.4142135623730951
1288, 32, 377, 202, 377, 205, 0, -3, -1.5707963267948966, 3.0
1288, 44, 142, 304, 141, 305, 1, -1, -0.7853981633974483, 1.4142135623730951
1288, 46, 456, 128, 455, 129, 1, -1, -0.7853981633974483, 1.4142135623730951
1288, 51, 486, 105, 482, 105, 4, 0, 0.0, 4.0
1289, 0, 404, 203, 404, 205, 0, -2, -1.5707963267948966, 2.0
1289, 26, 333, 347, 332, 348, 1, -1, -0.7853981633974483, 1.4142135623730951
1289, 31, 377, 200, 377, 202, 0, -2, -1.5707963267948966, 2.0
1289, 34, 512, 151, 511, 150, 1, 1, 0.7853981633974483, 1.4142135623730951
1289, 38, 359, 374, 360, 373, -1, 1, 2.356194490192345, 1.4142135623730951
1289, 45, 457, 127, 456, 128, 1, -1, -0.7853981633974483, 1.4142135623730951
1289, 54, 559, 207, 558, 206, 1, 1, 0.7853981633974483, 1.4142135623730951
1289, 57, 534, 204, 533, 203, 1, 1, 0.7853981633974483, 1.4142135623730951
1290, 12, 411, 263, 412, 265, -1, -2, -2.0344439357957027, 2.23606797749979
1290, 14, 378, 205, 378, 207, 0, -2, -1.5707963267948966, 2.0
1290, 27, 319, 325, 318, 324, 1, 1, 0.7853981633974483, 1.4142135623730951
1290, 29, 332, 341, 330, 342, 2, -1, -0.4636476090008061, 2.23606797749979
1290, 31, 333, 349, 332, 350, 1, -1, -0.7853981633974483, 1.4142135623730951
1290, 38, 487, 107, 484, 108, 3, -1, -0.3217505543966422, 3.1622776601683795
1290, 44, 536, 204, 535, 203, 1, 1, 0.7853981633974483, 1.4142135623730951
1290, 58, 599, 259, 600, 258, -1, 1, 2.356194490192345, 1.4142135623730951
1290, 61, 424, 296, 423, 298, 1, -2, -1.1071487177940904, 2.23606797749979
1290, 62, 512, 153, 511, 152, 1, 1, 0.7853981633974483, 1.4142135623730951
1290, 70, 554, 174, 553, 171, 1, 3, 1.2490457723982544, 3.1622776601683795
1290, 78, 454, 126, 453, 127, 1, -1, -0.7853981633974483, 1.4142135623730951
1290, 84, 524, 174, 524, 170, 0, 4, 1.5707963267948966, 4.0
1290, 86, 263, 324, 261, 324, 2, 0, 0.0, 2.0
1290, 89, 359, 376, 360, 375, -1, 1, 2.356194490192345, 1.4142135623730951
1291, 0, 404, 205, 404, 207, 0, -2, -1.5707963267948966, 2.0
1291, 14, 378, 202, 378, 205, 0, -3, -1.5707963267948966, 3.0
1291, 19, 530, 180, 531, 179, -1, 1, 2.356194490192345, 1.4142135623730951
1291, 24, 123, 366, 123, 368, 0, -2, -1.5707963267948966, 2.0
1291, 27, 334, 341, 332, 341, 2, 0, 0.0, 2.0
1291, 29, 334, 348, 333, 349, 1, -1, -0.7853981633974483, 1.4142135623730951
1291, 36, 490, 108, 487, 107, 3, 1, 0.3217505543966422, 3.1622776601683795
1291, 42, 537, 205, 536, 204, 1, 1, 0.7853981633974483, 1.4142135623730951
1291, 57, 558, 205, 557, 204, 1, 1, 0.7853981633974483, 1.4142135623730951
1291, 58, 425, 295, 424, 296, 1, -1, -0.7853981633974483, 1.4142135623730951
1291, 64, 563, 216, 564, 214, -1, 2, 2.0344439357957027, 2.23606797749979
1291, 66, 606, 336, 607, 335, -1, 1, 2.356194490192345, 1.4142135623730951
1291, 67, 556, 176, 554, 174, 2, 2, 0.7853981633974483, 2.8284271247461903
1291, 75, 455, 125, 454, 126, 1, -1, -0.7853981633974483, 1.4142135623730951
1291, 81, 524, 177, 524, 174, 0, 3, 1.5707963267948966, 3.0
1292, 2, 207, 318, 206, 319, 1, -1, -0.7853981633974483, 1.4142135623730951
1292, 5, 587, 288, 588, 287, -1, 1, 2.356194490192345, 1.4142135623730951
1292, 11, 409, 261, 410, 263, -1, -2, -2.0344439357957027, 2.23606797749979
1292, 13, 378, 199, 378, 202, 0, -3, -1.5707963267948966, 3.0
1292, 15, 346, 396, 345, 397, 1, -1, -0.7853981633974483, 1.4142135623730951
1292, 22, 431, 298, 431, 300, 0, -2, -1.5707963267948966, 2.0
1292, 26, 335, 340, 334, 341, 1, -1, -0.7853981633974483, 1.4142135623730951
1292, 28, 335, 347, 334, 348, 1, -1, -0.7853981633974483, 1.4142135623730951
1292, 31, 348, 386, 347, 387, 1, -1, -0.7853981633974483, 1.4142135623730951
1292, 35, 491, 109, 490, 108, 1, 1, 0.7853981633974483, 1.4142135623730951
1292, 41, 537, 207, 537, 205, 0, 2, 1.5707963267948966, 2.0
1292, 52, 558, 207, 558, 205, 0, 2, 1.5707963267948966, 2.0
1292, 53, 425, 293, 425, 295, 0, -2, -1.5707963267948966, 2.0
1292, 59, 562, 217, 563, 216, -1, 1, 2.356194490192345, 1.4142135623730951
1292, 62, 557, 178, 556, 176, 1, 2, 1.1071487177940904, 2.23606797749979
1292, 70, 456, 124, 455, 125, 1, -1, -0.7853981633974483, 1.4142135623730951
1292, 76, 527, 181, 524, 177, 3, 4, 0.9272952180016122, 5.0
1292, 79, 358, 377, 359, 376, -1, 1, 2.356194490192345, 1.4142135623730951
1293, 0, 405, 202, 404, 204, 1, -2, -1.1071487177940904, 2.23606797749979
1293, 10, 378, 197, 378, 199, 0, -2, -1.5707963267948966, 2.0
1293, 12, 347, 395, 346, 396, 1, -1, -0.7853981633974483, 1.4142135623730951
1293, 22, 336, 339, 335, 340, 1, -1, -0.7853981633974483, 1.4142135623730951
1293, 24, 336, 345, 335, 347, 1, -2, -1.1071487177940904, 2.23606797749979
1293, 31, 493, 110, 491, 109, 2, 1, 0.4636476090008061, 2.23606797749979
1293, 36, 537, 209, 537, 207, 0, 2, 1.5707963267948966, 2.0
1293, 42, 620, 318, 618, 318, 2, 0, 0.0, 2.0
1293, 43, 495, 116, 494, 117, 1, -1, -0.7853981633974483, 1.4142135623730951
1293, 46, 558, 209, 558, 207, 0, 2, 1.5707963267948966, 2.0
1293, 48, 514, 154, 513, 153, 1, 1, 0.7853981633974483, 1.4142135623730951
1293, 56, 557, 180, 557, 178, 0, 2, 1.5707963267948966, 2.0
1293, 62, 457, 123, 456, 124, 1, -1, -0.7853981633974483, 1.4142135623730951
1294, 9, 378, 195, 378, 197, 0, -2, -1.5707963267948966, 2.0
1294, 11, 348, 394, 347, 395, 1, -1, -0.7853981633974483, 1.4142135623730951
1294, 14, 531, 181, 530, 180, 1, 1, 0.7853981633974483, 1.4142135623730951
1294, 29, 170, 302, 171, 304, -1, -2, -2.0344439357957027, 2.23606797749979
1294, 30, 495, 111, 493, 110, 2, 1, 0.4636476090008061, 2.23606797749979
1294, 41, 623, 318, 620, 318, 3, 0, 0.0, 3.0
1294, 42, 496, 115, 495, 116, 1, -1, -0.7853981633974483, 1.4142135623730951
1294, 45, 558, 212, 558, 209, 0, 3, 1.5707963267948966, 3.0
1294, 50, 214, 295, 213, 297, 1, -2, -1.1071487177940904, 2.23606797749979
1294, 55, 559, 181, 557, 180, 2, 1, 0.4636476090008061, 2.23606797749979
1294, 61, 458, 122, 457, 123, 1, -1, -0.7853981633974483, 1.4142135623730951
1294, 64, 439, 228, 439, 226, 0, 2, 1.5707963267948966, 2.0
1294, 67, 526, 182, 527, 181, -1, 1, 2.356194490192345, 1.4142135623730951
1294, 68, 417, 327, 418, 326, -1, 1, 2.356194490192345, 1.4142135623730951
1294, 72, 62, 384, 61, 385, 1, -1, -0.7853981633974483, 1.4142135623730951
1295, 13, 531, 175, 530, 176, 1, -1, -0.7853981633974483, 1.4142135623730951
1295, 20, 235, 402, 234, 403, 1, -1, -0.7853981633974483, 1.4142135623730951
1295, 23, 349, 396, 348, 397, 1, -1, -0.7853981633974483, 1.4142135623730951
1295, 29, 430, 298, 430, 300, 0, -2, -1.5707963267948966, 2.0
1295, 33, 336, 347, 335, 348, 1, -1, -0.7853981633974483, 1.4142135623730951
1295, 38, 515, 155, 514, 154, 1, 1, 0.7853981633974483, 1.4142135623730951
1295, 49, 379, 199, 379, 201, 0, -2, -1.5707963267948966, 2.0
1295, 61, 209, 408, 208, 409, 1, -1, -0.7853981633974483, 1.4142135623730951
1295, 65, 379, 266, 379, 268, 0, -2, -1.5707963267948966, 2.0
1295, 68, 466, 119, 465, 120, 1, -1, -0.7853981633974483, 1.4142135623730951
1295, 73, 440, 171, 441, 174, -1, -3, -1.892546881191539, 3.1622776601683795
1295, 77, 559, 179, 558, 178, 1, 1, 0.7853981633974483, 1.4142135623730951
1295, 81, 624, 318, 621, 319, 3, -1, -0.3217505543966422, 3.1622776601683795
1295, 83, 387, 240, 388, 242, -1, -2, -2.0344439357957027, 2.23606797749979
1295, 85, 375, 207, 376, 209, -1, -2, -2.0344439357957027, 2.23606797749979
1296, 2, 270, 354, 269, 355, 1, -1, -0.7853981633974483, 1.4142135623730951
1296, 21, 350, 395, 349, 396, 1, -1, -0.7853981633974483, 1.4142135623730951
1296, 28, 337, 346, 336, 347, 1, -1, -0.7853981633974483, 1.4142135623730951
1296, 32, 617, 303, 618, 302, -1, 1, 2.356194490192345, 1.4142135623730951
1296, 34, 453, 167, 452, 169, 1, -2, -1.1071487177940904, 2.23606797749979
1296, 49, 444, 229, 444, 231, 0, -2, -1.5707963267948966, 2.0
1296, 58, 379, 264, 379, 266, 0, -2, -1.5707963267948966, 2.0
1296, 65, 440, 168, 440, 171, 0, -3, -1.5707963267948966, 3.0
1296, 73, 627, 318, 624, 318, 3, 0, 0.0, 3.0
1296, 75, 386, 237, 387, 240, -1, -3, -1.892546881191539, 3.1622776601683795
1296, 77, 375, 205, 375, 207, 0, -2, -1.5707963267948966, 2.0
1297, 10, 407, 264, 406, 265, 1, -1, -0.7853981633974483, 1.4142135623730951
1297, 15, 492, 112, 493, 114, -1, -2, -2.0344439357957027, 2.23606797749979
1297, 21, 535, 149, 534, 148, 1, 1, 0.7853981633974483, 1.4142135623730951
1297, 23, 338, 345, 337, 346, 1, -1, -0.7853981633974483, 1.4142135623730951
1297, 27, 516, 157, 515, 156, 1, 1, 0.7853981633974483, 1.4142135623730951
1297, 36, 379, 196, 379, 198, 0, -2, -1.5707963267948966, 2.0
1297, 50, 395, 210, 395, 212, 0, -2, -1.5707963267948966, 2.0
1297, 55, 467, 117, 466, 118, 1, -1, -0.7853981633974483, 1.4142135623730951
1297, 62, 389, 333, 389, 335, 0, -2, -1.5707963267948966, 2.0
1297, 67, 630, 318, 627, 318, 3, 0, 0.0, 3.0
1297, 69, 387, 234, 386, 237, 1, -3, -1.2490457723982544, 3.1622776601683795
1297, 71, 376, 204, 375, 205, 1, -1, -0.7853981633974483, 1.4142135623730951
1298, 14, 493, 111, 492, 112, 1, -1, -0.7853981633974483, 1.4142135623730951
1298, 16, 352, 394, 351, 395, 1, -1, -0.7853981633974483, 1.4142135623730951
1298, 20, 536, 150, 535, 149, 1, 1, 0.7853981633974483, 1.4142135623730951
1298, 22, 339, 344, 338, 345, 1, -1, -0.7853981633974483, 1.4142135623730951
1298, 35, 380, 194, 379, 196, 1, -2, -1.1071487177940904, 2.23606797749979
1298, 37, 188, 245, 189, 244, -1, 1, 2.356194490192345, 1.4142135623730951
1298, 40, 395, 321, 394, 322, 1, -1, -0.7853981633974483, 1.4142135623730951
1298, 47, 395, 208, 395, 210, 0, -2, -1.5707963267948966, 2.0
1298, 49, 379, 260, 379, 263, 0, -3, -1.5707963267948966, 3.0
1298, 51, 468, 116, 467, 117, 1, -1, -0.7853981633974483, 1.4142135623730951
1298, 55, 440, 165, 440, 167, 0, -2, -1.5707963267948966, 2.0
1298, 56, 66, 253, 65, 254, 1, -1, -0.7853981633974483, 1.4142135623730951
1298, 63, 632, 318, 630, 318, 2, 0, 0.0, 2.0
1298, 65, 387, 232, 387, 234, 0, -2, -1.5707963267948966, 2.0
1299, 8, 535, 177, 534, 175, 1, 2, 1.1071487177940904, 2.23606797749979
1299, 15, 353, 393, 352, 394, 1, -1, -0.7853981633974483, 1.4142135623730951
1299, 21, 340, 343, 339, 344, 1, -1, -0.7853981633974483, 1.4142135623730951
1299, 23, 226, 279, 227, 278, -1, 1, 2.356194490192345, 1.4142135623730951
1299, 34, 380, 192, 380, 194, 0, -2, -1.5707963267948966, 2.0
1299, 36, 187, 246, 188, 245, -1, 1, 2.356194490192345, 1.4142135623730951
1299, 39, 396, 319, 395, 321, 1, -2, -1.1071487177940904, 2.23606797749979
1299, 46, 394, 205, 395, 208, -1, -3, -1.892546881191539, 3.1622776601683795
1299, 48, 380, 257, 379, 260, 1, -3, -1.2490457723982544, 3.1622776601683795
1299, 50, 469, 115, 468, 116, 1, -1, -0.7853981633974483, 1.4142135623730951
1299, 54, 440, 163, 440, 165, 0, -2, -1.5707963267948966, 2.0
1299, 56, 389, 331, 389, 333, 0, -2, -1.5707963267948966, 2.0
1299, 60, 634, 318, 632, 318, 2, 0, 0.0, 2.0
1299, 62, 387, 227, 387, 232, 0, -5, -1.5707963267948966, 5.0
1299, 63, 376, 200, 376, 203, 0, -3, -1.5707963267948966, 3.0
1299, 69, 460, 250, 461, 252, -1, -2, -2.0344439357957027, 2.23606797749979
1300, 2, 406, 203, 406, 205, 0, -2, -1.5707963267948966, 2.0
1300, 21, 533, 176, 532, 175, 1, 1, 0.7853981633974483, 1.4142135623730951
1300, 22, 532, 186, 533, 185, -1, 1, 2.356194490192345, 1.4142135623730951
1300, 30, 536, 152, 535, 151, 1, 1, 0.7853981633974483, 1.4142135623730951
1300, 35, 381, 196, 381, 198, 0, -2, -1.5707963267948966, 2.0
1300, 36, 499, 114, 498, 115, 1, -1, -0.7853981633974483, 1.4142135623730951
1300, 40, 376, 348, 375, 349, 1, -1, -0.7853981633974483, 1.4142135623730951
1300, 41, 352, 393, 351, 394, 1, -1, -0.7853981633974483, 1.4142135623730951
1300, 48, 391, 233, 391, 235, 0, -2, -1.5707963267948966, 2.0
1300, 55, 543, 215, 543, 213, 0, 2, 1.5707963267948966, 2.0
1300, 64, 125, 359, 124, 360, 1, -1, -0.7853981633974483, 1.4142135623730951
1300, 67, 133, 228, 132, 229, 1, -1, -0.7853981633974483, 1.4142135623730951
1300, 72, 141, 381, 140, 382, 1, -1, -0.7853981633974483, 1.4142135623730951
1300, 77, 398, 319, 397, 320, 1, -1, -0.7853981633974483, 1.4142135623730951
1301, 1, 407, 202, 406, 203, 1, -1, -0.7853981633974483, 1.4142135623730951
1301, 6, 186, 413, 185, 414, 1, -1, -0.7853981633974483, 1.4142135623730951
1301, 19, 533, 178, 533, 176, 0, 2, 1.5707963267948966, 2.0
1301, 20, 531, 187, 532, 186, -1, 1, 2.356194490192345, 1.4142135623730951
1301, 23, 235, 413, 234, 414, 1, -1, -0.7853981633974483, 1.4142135623730951
1301, 27, 534, 150, 536, 152, -2, -2, -2.356194490192345, 2.8284271247461903
1301, 31, 382, 194, 381, 196, 1, -2, -1.1071487177940904, 2.23606797749979
1301, 36, 377, 347, 376, 348, 1, -1, -0.7853981633974483, 1.4142135623730951
1301, 37, 353, 392, 352, 393, 1, -1, -0.7853981633974483, 1.4142135623730951
1301, 44, 391, 230, 391, 233, 0, -3, -1.5707963267948966, 3.0
1301, 50, 543, 217, 543, 215, 0, 2, 1.5707963267948966, 2.0
1301, 59, 124, 360, 125, 359, -1, 1, 2.356194490192345, 1.4142135623730951
1301, 63, 459, 123, 459, 125, 0, -2, -1.5707963267948966, 2.0
1301, 67, 62, 388, 63, 387, -1, 1, 2.356194490192345, 1.4142135623730951
1301, 70, 397, 317, 398, 319, -1, -2, -2.0344439357957027, 2.23606797749979
1301, 88, 385, 264, 385, 266, 0, -2, -1.5707963267948966, 2.0
1302, 2, 274, 355, 273, 356, 1, -1, -0.7853981633974483, 1.4142135623730951
1302, 19, 533, 181, 533, 178, 0, 3, 1.5707963267948966, 3.0
1302, 20, 530, 185, 531, 187, -1, -2, -2.0344439357957027, 2.23606797749979
1302, 27, 535, 153, 534, 150, 1, 3, 1.2490457723982544, 3.1622776601683795
1302, 30, 382, 192, 382, 194, 0, -2, -1.5707963267948966, 2.0
1302, 31, 501, 115, 500, 114, 1, 1, 0.7853981633974483, 1.4142135623730951
1302, 43, 391, 227, 391, 230, 0, -3, -1.5707963267948966, 3.0
1302, 44, 244, 283, 243, 284, 1, -1, -0.7853981633974483, 1.4142135623730951
1302, 49, 544, 219, 543, 217, 1, 2, 1.1071487177940904, 2.23606797749979
1302, 70, 513, 159, 514, 158, -1, 1, 2.356194490192345, 1.4142135623730951
1302, 76, 111, 389, 110, 390, 1, -1, -0.7853981633974483, 1.4142135623730951
1302, 77, 288, 252, 290, 252, -2, 0, 3.141592653589793, 2.0
1302, 82, 385, 262, 385, 264, 0, -2, -1.5707963267948966, 2.0
1303, 14, 323, 326, 322, 325, 1, 1, 0.7853981633974483, 1.4142135623730951
1303, 23, 123, 365, 122, 366, 1, -1, -0.7853981633974483, 1.4142135623730951
1303, 25, 537, 155, 535, 153, 2, 2, 0.7853981633974483, 2.8284271247461903
1303, 26, 209, 408, 208, 409, 1, -1, -0.7853981633974483, 1.4142135623730951
1303, 28, 382, 190, 382, 192, 0, -2, -1.5707963267948966, 2.0
1303, 29, 502, 116, 501, 115, 1, 1, 0.7853981633974483, 1.4142135623730951
1303, 41, 391, 223, 391, 227, 0, -4, -1.5707963267948966, 4.0
1303, 60, 143, 380, 142, 381, 1, -1, -0.7853981633974483, 1.4142135623730951
1303, 68, 514, 160, 513, 159, 1, 1, 0.7853981633974483, 1.4142135623730951
1303, 77, 93, 410, 92, 411, 1, -1, -0.7853981633974483, 1.4142135623730951
1303, 79, 171, 240, 173, 241, -2, -1, -2.677945044588987, 2.23606797749979
1304, 1, 408, 199, 407, 200, 1, -1, -0.7853981633974483, 1.4142135623730951
1304, 17, 534, 179, 533, 180, 1, -1, -0.7853981633974483, 1.4142135623730951
1304, 20, 237, 412, 236, 413, 1, -1, -0.7853981633974483, 1.4142135623730951
1304, 23, 539, 157, 537, 155, 2, 2, 0.7853981633974483, 2.8284271247461903
1304, 26, 382, 188, 382, 190, 0, -2, -1.5707963267948966, 2.0
1304, 27, 503, 117, 502, 116, 1, 1, 0.7853981633974483, 1.4142135623730951
1304, 32, 354, 389, 353, 390, 1, -1, -0.7853981633974483, 1.4142135623730951
1304, 38, 390, 220, 391, 223, -1, -3, -1.892546881191539, 3.1622776601683795
1304, 44, 545, 221, 544, 220, 1, 1, 0.7853981633974483, 1.4142135623730951
1304, 73, 385, 259, 385, 261, 0, -2, -1.5707963267948966, 2.0
1305, 15, 410, 270, 409, 271, 1, -1, -0.7853981633974483, 1.4142135623730951
1305, 26, 398, 203, 398, 205, 0, -2, -1.5707963267948966, 2.0
1305, 31, 383, 192, 383, 194, 0, -2, -1.5707963267948966, 2.0
1305, 35, 344, 343, 343, 344, 1, -1, -0.7853981633974483, 1.4142135623730951
1305, 43, 289, 252, 290, 251, -1, 1, 2.356194490192345, 1.4142135623730951
1305, 44, 564, 187, 566, 186, -2, 1, 2.677945044588987, 2.23606797749979
1305, 47, 542, 219, 541, 218, 1, 1, 0.7853981633974483, 1.4142135623730951
1305, 48, 235, 405, 234, 406, 1, -1, -0.7853981633974483, 1.4142135623730951
1305, 52, 84, 257, 83, 258, 1, -1, -0.7853981633974483, 1.4142135623730951
1305, 57, 520, 162, 519, 161, 1, 1, 0.7853981633974483, 1.4142135623730951
1305, 60, 496, 115, 494, 114, 2, 1, 0.4636476090008061, 2.23606797749979
1305, 66, 412, 256, 412, 258, 0, -2, -1.5707963267948966, 2.0
1305, 67, 399, 326, 398, 328, 1, -2, -1.1071487177940904, 2.23606797749979
1305, 71, 391, 233, 392, 235, -1, -2, -2.0344439357957027, 2.23606797749979
1305, 77, 352, 380, 351, 381, 1, -1, -0.7853981633974483, 1.4142135623730951
1305, 90, 415, 146, 415, 148, 0, -2, -1.5707963267948966, 2.0
1305, 96, 243, 399, 242, 400, 1, -1, -0.7853981633974483, 1.4142135623730951
1305, 100, 89, 279, 91, 280, -2, -1, -2.677945044588987, 2.23606797749979
1305, 103, 598, 339, 596, 338, 2, 1, 0.4636476090008061, 2.23606797749979
1305, 107, 560, 185, 558, 181, 2, 4, 1.1071487177940904, 4.47213595499958
1305, 112, 399, 234, 399, 236, 0, -2, -1.5707963267948966, 2.0
1305, 116, 369, 315, 368, 318, 1, -3, -1.2490457723982544, 3.1622776601683795
1306, 13, 411, 269, 410, 270, 1, -1, -0.7853981633974483, 1.4142135623730951
1306, 14, 188, 412, 187, 413, 1, -1, -0.7853981633974483, 1.4142135623730951
1306, 25, 540, 156, 539, 155, 1, 1, 0.7853981633974483, 1.4142135623730951
1306, 26, 175, 304, 174, 305, 1, -1, -0.7853981633974483, 1.4142135623730951
1306, 29, 384, 190, 383, 192, 1, -2, -1.1071487177940904, 2.23606797749979
1306, 33, 345, 342, 344, 343, 1, -1, -0.7853981633974483, 1.4142135623730951
1306, 41, 288, 253, 289, 252, -1, 1, 2.356194490192345, 1.4142135623730951
1306, 42, 563, 189, 564, 187, -1, 2, 2.0344439357957027, 2.23606797749979
1306, 47, 127, 249, 126, 248, 1, 1, 0.7853981633974483, 1.4142135623730951
1306, 51, 624, 329, 623, 328, 1, 1, 0.7853981633974483, 1.4142135623730951
1306, 54, 521, 164, 520, 162, 1, 2, 1.1071487177940904, 2.23606797749979
1306, 57, 498, 116, 496, 115, 2, 1, 0.4636476090008061, 2.23606797749979
1306, 59, 587, 308, 589, 309, -2, -1, -2.677945044588987, 2.23606797749979
1306, 64, 449, 162, 449, 164, 0, -2, -1.5707963267948966, 2.0
1306, 65, 391, 231, 391, 233, 0, -2, -1.5707963267948966, 2.0
1306, 84, 632, 350, 631, 351, 1, -1, -0.7853981633974483, 1.4142135623730951
1306, 85, 155, 282, 155, 286, 0, -4, -1.5707963267948966, 4.0
1306, 99, 561, 187, 560, 185, 1, 2, 1.1071487177940904, 2.23606797749979
1306, 104, 399, 232, 399, 234, 0, -2, -1.5707963267948966, 2.0
1306, 108, 370, 312, 369, 315, 1, -3, -1.2490457723982544, 3.1622776601683795
1307, 0, 276, 355, 275, 356, 1, -1, -0.7853981633974483, 1.4142135623730951
1307, 13, 411, 267, 411, 269, 0, -2, -1.5707963267948966, 2.0
1307, 14, 189, 411, 188, 412, 1, -1, -0.7853981633974483, 1.4142135623730951
1307, 15, 461, 123, 459, 123, 2, 0, 0.0, 2.0
1307, 20, 355, 391, 354, 393, 1, -2, -1.1071487177940904, 2.23606797749979
1307, 24, 397, 201, 398, 203, -1, -2, -2.0344439357957027, 2.23606797749979
1307, 25, 541, 157, 540, 156, 1, 1, 0.7853981633974483, 1.4142135623730951
1307, 29, 384, 188, 384, 190, 0, -2, -1.5707963267948966, 2.0
1307, 31, 347, 340, 345, 342, 2, -2, -0.7853981633974483, 2.8284271247461903
1307, 39, 564, 190, 563, 189, 1, 1, 0.7853981633974483, 1.4142135623730951
1307, 41, 543, 222, 542, 220, 1, 2, 1.1071487177940904, 2.23606797749979
1307, 45, 83, 257, 84, 256, -1, 1, 2.356194490192345, 1.4142135623730951
1307, 49, 522, 165, 521, 164, 1, 1, 0.7853981633974483, 1.4142135623730951
1307, 52, 500, 116, 498, 116, 2, 0, 0.0, 2.0
1307, 65, 353, 378, 352, 380, 1, -2, -1.1071487177940904, 2.23606797749979
1307, 74, 633, 349, 632, 350, 1, -1, -0.7853981633974483, 1.4142135623730951
1307, 80, 348, 387, 347, 388, 1, -1, -0.7853981633974483, 1.4142135623730951
1307, 88, 563, 189, 561, 187, 2, 2, 0.7853981633974483, 2.8284271247461903
1307, 93, 398, 230, 399, 232, -1, -2, -2.0344439357957027, 2.23606797749979
1307, 97, 372, 311, 370, 312, 2, -1, -0.4636476090008061, 2.23606797749979
1308, 15, 463, 124, 461, 123, 2, 1, 0.4636476090008061, 2.23606797749979
1308, 17, 238, 411, 237, 412, 1, -1, -0.7853981633974483, 1.4142135623730951
1308, 27, 385, 186, 384, 188, 1, -2, -1.1071487177940904, 2.23606797749979
1308, 29, 349, 338, 347, 340, 2, -2, -0.7853981633974483, 2.8284271247461903
1308, 30, 532, 188, 533, 186, -1, 2, 2.0344439357957027, 2.23606797749979
1308, 36, 566, 193, 564, 190, 2, 3, 0.982793723247329, 3.605551275463989
1308, 38, 544, 223, 543, 222, 1, 1, 0.7853981633974483, 1.4142135623730951
1308, 44, 629, 330, 625, 329, 4, 1, 0.24497866312686414, 4.123105625617661
1308, 46, 523, 166, 522, 165, 1, 1, 0.7853981633974483, 1.4142135623730951
1308, 47, 35, 354, 34, 356, 1, -2, -1.1071487177940904, 2.23606797749979
1308, 49, 503, 118, 500, 116, 3, 2, 0.5880026035475675, 3.605551275463989
1308, 53, 390, 228, 391, 230, -1, -2, -2.0344439357957027, 2.23606797749979
1308, 67, 416, 143, 416, 145, 0, -2, -1.5707963267948966, 2.0
1308, 68, 634, 348, 633, 349, 1, -1, -0.7853981633974483, 1.4142135623730951
1308, 72, 404, 309, 404, 311, 0, -2, -1.5707963267948966, 2.0
1308, 80, 605, 320, 606, 319, -1, 1, 2.356194490192345, 1.4142135623730951
1308, 82, 565, 192, 563, 189, 2, 3, 0.982793723247329, 3.605551275463989
1308, 87, 398, 228, 398, 230, 0, -2, -1.5707963267948966, 2.0
1308, 90, 373, 310, 372, 311, 1, -1, -0.7853981633974483, 1.4142135623730951
1309, 15, 465, 124, 463, 124, 2, 0, 0.0, 2.0
1309, 20, 356, 388, 355, 390, 1, -2, -1.1071487177940904, 2.23606797749979
1309, 23, 543, 160, 541, 158, 2, 2, 0.7853981633974483, 2.8284271247461903
1309, 27, 385, 184, 385, 186, 0, -2, -1.5707963267948966, 2.0
1309, 30, 531, 190, 532, 188, -1, 2, 2.0344439357957027, 2.23606797749979
1309, 35, 289, 252, 287, 253, 2, -1, -0.4636476090008061, 2.23606797749979
1309, 36, 566, 195, 566, 193, 0, 2, 1.5707963267948966, 2.0
1309, 38, 545, 226, 544, 223, 1, 3, 1.2490457723982544, 3.1622776601683795
1309, 39, 237, 403, 236, 404, 1, -1, -0.7853981633974483, 1.4142135623730951
1309, 45, 524, 167, 523, 166, 1, 1, 0.7853981633974483, 1.4142135623730951
1309, 48, 505, 118, 503, 118, 2, 0, 0.0, 2.0
1309, 62, 471, 151, 469, 152, 2, -1, -0.4636476090008061, 2.23606797749979
1309, 65, 635, 347, 634, 348, 1, -1, -0.7853981633974483, 1.4142135623730951
1309, 71, 350, 384, 348, 386, 2, -2, -0.7853981633974483, 2.8284271247461903
1309, 79, 565, 194, 565, 192, 0, 2, 1.5707963267948966, 2.0
1309, 84, 398, 226, 398, 228, 0, -2, -1.5707963267948966, 2.0
1309, 86, 276, 370, 275, 371, 1, -1, -0.7853981633974483, 1.4142135623730951
1310, 12, 467, 126, 464, 126, 3, 0, 0.0, 3.0
1310, 14, 151, 235, 150, 236, 1, -1, -0.7853981633974483, 1.4142135623730951
1310, 16, 538, 194, 539, 193, -1, 1, 2.356194490192345, 1.4142135623730951
1310, 27, 421, 233, 421, 235, 0, -2, -1.5707963267948966, 2.0
1310, 29, 239, 410, 238, 411, 1, -1, -0.7853981633974483, 1.4142135623730951
1310, 30, 478, 147, 476, 147, 2, 0, 0.0, 2.0
1310, 32, 384, 188, 385, 190, -1, -2, -2.0344439357957027, 2.23606797749979
1310, 33, 507, 120, 504, 120, 3, 0, 0.0, 3.0
1310, 36, 624, 288, 624, 285, 0, 3, 1.5707963267948966, 3.0
1310, 38, 388, 252, 388, 257, 0, -5, -1.5707963267948966, 5.0
1310, 40, 524, 166, 523, 165, 1, 1, 0.7853981633974483, 1.4142135623730951
1310, 55, 143, 301, 143, 303, 0, -2, -1.5707963267948966, 2.0
1310, 56, 449, 162, 449, 164, 0, -2, -1.5707963267948966, 2.0
1310, 57, 632, 333, 630, 332, 2, 1, 0.4636476090008061, 2.23606797749979
1310, 59, 544, 159, 543, 158, 1, 1, 0.7853981633974483, 1.4142135623730951
1311, 11, 471, 126, 467, 126, 4, 0, 0.0, 4.0
1311, 20, 166, 236, 165, 237, 1, -1, -0.7853981633974483, 1.4142135623730951
1311, 24, 220, 281, 219, 282, 1, -1, -0.7853981633974483, 1.4142135623730951
1311, 25, 422, 232, 421, 233, 1, -1, -0.7853981633974483, 1.4142135623730951
1311, 27, 240, 409, 239, 410, 1, -1, -0.7853981633974483, 1.4142135623730951
1311, 29, 357, 390, 356, 392, 1, -2, -1.1071487177940904, 2.23606797749979
1311, 30, 385, 186, 384, 188, 1, -2, -1.1071487177940904, 2.23606797749979
1311, 31, 508, 119, 507, 120, 1, -1, -0.7853981633974483, 1.4142135623730951
1311, 36, 388, 250, 388, 252, 0, -2, -1.5707963267948966, 2.0
1311, 38, 525, 167, 524, 166, 1, 1, 0.7853981633974483, 1.4142135623730951
1311, 43, 620, 309, 621, 308, -1, 1, 2.356194490192345, 1.4142135623730951
1311, 49, 634, 333, 632, 333, 2, 0, 0.0, 2.0
1311, 51, 545, 160, 544, 159, 1, 1, 0.7853981633974483, 1.4142135623730951
1312, 10, 473, 125, 471, 126, 2, -1, -0.4636476090008061, 2.23606797749979
1312, 12, 150, 232, 151, 234, -1, -2, -2.0344439357957027, 2.23606797749979
1312, 27, 479, 145, 478, 146, 1, -1, -0.7853981633974483, 1.4142135623730951
1312, 30, 509, 118, 508, 119, 1, -1, -0.7853981633974483, 1.4142135623730951
1312, 41, 619, 310, 620, 309, -1, 1, 2.356194490192345, 1.4142135623730951
1312, 47, 635, 332, 634, 333, 1, -1, -0.7853981633974483, 1.4142135623730951
1312, 49, 546, 162, 545, 160, 1, 2, 1.1071487177940904, 2.23606797749979
1312, 50, 38, 351, 35, 354, 3, -3, -0.7853981633974483, 4.242640687119285
1313, 0, 319, 346, 318, 347, 1, -1, -0.7853981633974483, 1.4142135623730951
1313, 12, 148, 230, 150, 232, -2, -2, -2.356194490192345, 2.8284271247461903
1313, 14, 541, 193, 539, 193, 2, 0, 0.0, 2.0
1313, 27, 384, 183, 385, 185, -1, -2, -2.0344439357957027, 2.23606797749979
1313, 31, 623, 290, 624, 289, -1, 1, 2.356194490192345, 1.4142135623730951
1313, 32, 388, 248, 388, 250, 0, -2, -1.5707963267948966, 2.0
1313, 37, 618, 311, 619, 310, -1, 1, 2.356194490192345, 1.4142135623730951
1313, 44, 356, 379, 355, 380, 1, -1, -0.7853981633974483, 1.4142135623730951
1314, 9, 474, 123, 473, 124, 1, -1, -0.7853981633974483, 1.4142135623730951
1314, 11, 147, 228, 148, 230, -1, -2, -2.0344439357957027, 2.23606797749979
1314, 13, 542, 192, 541, 193, 1, -1, -0.7853981633974483, 1.4142135623730951
1314, 14, 266, 306, 265, 307, 1, -1, -0.7853981633974483, 1.4142135623730951
1314, 20, 216, 408, 215, 409, 1, -1, -0.7853981633974483, 1.4142135623730951
1314, 22, 42, 311, 40, 312, 2, -1, -0.4636476090008061, 2.23606797749979
1314, 23, 241, 407, 240, 408, 1, -1, -0.7853981633974483, 1.4142135623730951
1314, 26, 385, 181, 384, 183, 1, -2, -1.1071487177940904, 2.23606797749979
1314, 27, 510, 117, 509, 118, 1, -1, -0.7853981633974483, 1.4142135623730951
1314, 28, 305, 319, 304, 318, 1, 1, 0.7853981633974483, 1.4142135623730951
1314, 30, 622, 291, 623, 290, -1, 1, 2.356194490192345, 1.4142135623730951
1314, 31, 389, 247, 388, 248, 1, -1, -0.7853981633974483, 1.4142135623730951
1314, 36, 617, 312, 618, 311, -1, 1, 2.356194490192345, 1.4142135623730951
1315, 1, 409, 197, 409, 199, 0, -2, -1.5707963267948966, 2.0
1315, 14, 193, 411, 192, 412, 1, -1, -0.7853981633974483, 1.4142135623730951
1315, 20, 360, 388, 359, 389, 1, -1, -0.7853981633974483, 1.4142135623730951
1315, 22, 356, 380, 355, 381, 1, -1, -0.7853981633974483, 1.4142135623730951
1315, 24, 516, 125, 515, 124, 1, 1, 0.7853981633974483, 1.4142135623730951
1315, 34, 351, 340, 350, 342, 1, -2, -1.1071487177940904, 2.23606797749979
1315, 45, 386, 185, 386, 187, 0, -2, -1.5707963267948966, 2.0
1315, 59, 232, 374, 231, 375, 1, -1, -0.7853981633974483, 1.4142135623730951
1315, 73, 409, 173, 409, 175, 0, -2, -1.5707963267948966, 2.0
1315, 77, 481, 114, 479, 115, 2, -1, -0.4636476090008061, 2.23606797749979
1315, 78, 382, 365, 383, 364, -1, 1, 2.356194490192345, 1.4142135623730951
1315, 80, 621, 347, 620, 346, 1, 1, 0.7853981633974483, 1.4142135623730951
1316, 11, 591, 301, 590, 300, 1, 1, 0.7853981633974483, 1.4142135623730951
1316, 14, 194, 410, 193, 411, 1, -1, -0.7853981633974483, 1.4142135623730951
1316, 23, 542, 204, 541, 202, 1, 2, 1.1071487177940904, 2.23606797749979
1316, 25, 247, 403, 246, 404, 1, -1, -0.7853981633974483, 1.4142135623730951
1316, 33, 352, 339, 351, 340, 1, -1, -0.7853981633974483, 1.4142135623730951
1316, 34, 568, 191, 569, 193, -1, -2, -2.0344439357957027, 2.23606797749979
1316, 38, 291, 269, 292, 268, -1, 1, 2.356194490192345, 1.4142135623730951
1316, 43, 386, 183, 386, 185, 0, -2, -1.5707963267948966, 2.0
1316, 49, 526, 171, 525, 170, 1, 1, 0.7853981633974483, 1.4142135623730951
1316, 51, 475, 123, 474, 124, 1, -1, -0.7853981633974483, 1.4142135623730951
1316, 71, 408, 171, 409, 173, -1, -2, -2.0344439357957027, 2.23606797749979
1316, 75, 482, 113, 481, 114, 1, -1, -0.7853981633974483, 1.4142135623730951
1317, 1, 409, 194, 409, 196, 0, -2, -1.5707963267948966, 2.0
1317, 3, 322, 347, 321, 348, 1, -1, -0.7853981633974483, 1.4142135623730951
1317, 10, 592, 304, 591, 301, 1, 3, 1.2490457723982544, 3.1622776601683795
1317, 12, 195, 409, 194, 410, 1, -1, -0.7853981633974483, 1.4142135623730951
1317, 17, 361, 386, 360, 387, 1, -1, -0.7853981633974483, 1.4142135623730951
1317, 20, 518, 126, 517, 125, 1, 1, 0.7853981633974483, 1.4142135623730951
1317, 22, 468, 237, 469, 241, -1, -4, -1.8157749899217608, 4.123105625617661
1317, 28, 353, 337, 352, 339, 1, -2, -1.1071487177940904, 2.23606797749979
1317, 37, 386, 181, 386, 183, 0, -2, -1.5707963267948966, 2.0
1317, 39, 111, 216, 108, 215, 3, 1, 0.3217505543966422, 3.1622776601683795
1317, 41, 405, 306, 404, 307, 1, -1, -0.7853981633974483, 1.4142135623730951
1317, 42, 138, 227, 135, 227, 3, 0, 0.0, 3.0
1317, 45, 476, 122, 475, 123, 1, -1, -0.7853981633974483, 1.4142135623730951
1317, 55, 103, 409, 100, 411, 3, -2, -0.5880026035475675, 3.605551275463989
1317, 57, 127, 298, 124, 299, 3, -1, -0.3217505543966422, 3.1622776601683795
1317, 67, 381, 366, 382, 365, -1, 1, 2.356194490192345, 1.4142135623730951
1317, 69, 625, 347, 622, 347, 3, 0, 0.0, 3.0
1317, 70, 552, 234, 551, 232, 1, 2, 1.1071487177940904, 2.23606797749979
1318, 1, 409, 192, 409, 194, 0, -2, -1.5707963267948966, 2.0
1318, 15, 621, 290, 622, 289, -1, 1, 2.356194490192345, 1.4142135623730951
1318, 17, 362, 385, 361, 386, 1, -1, -0.7853981633974483, 1.4142135623730951
1318, 24, 219, 408, 218, 409, 1, -1, -0.7853981633974483, 1.4142135623730951
1318, 31, 540, 191, 538, 190, 2, 1, 0.4636476090008061, 2.23606797749979
1318, 35, 631, 324, 633, 324, -2, 0, 3.141592653589793, 2.0
1318, 36, 387, 179, 386, 181, 1, -2, -1.1071487177940904, 2.23606797749979
1318, 37, 314, 344, 313, 345, 1, -1, -0.7853981633974483, 1.4142135623730951
1318, 41, 527, 173, 526, 172, 1, 1, 0.7853981633974483, 1.4142135623730951
1319, 3, 323, 346, 322, 347, 1, -1, -0.7853981633974483, 1.4142135623730951
1319, 6, 96, 232, 95, 233, 1, -1, -0.7853981633974483, 1.4142135623730951
1319, 7, 245, 410, 244, 411, 1, -1, -0.7853981633974483, 1.4142135623730951
1319, 10, 590, 305, 591, 304, -1, 1, 2.356194490192345, 1.4142135623730951
1319, 12, 196, 407, 195, 408, 1, -1, -0.7853981633974483, 1.4142135623730951
1319, 13, 513, 115, 511, 115, 2, 0, 0.0, 2.0
1319, 17, 363, 384, 362, 385, 1, -1, -0.7853981633974483, 1.4142135623730951
1319, 21, 249, 402, 248, 403, 1, -1, -0.7853981633974483, 1.4142135623730951
1319, 24, 220, 407, 219, 408, 1, -1, -0.7853981633974483, 1.4142135623730951
1319, 25, 150, 305, 149, 306, 1, -1, -0.7853981633974483, 1.4142135623730951
1319, 30, 541, 193, 540, 191, 1, 2, 1.1071487177940904, 2.23606797749979
1319, 31, 289, 270, 290, 269, -1, 1, 2.356194490192345, 1.4142135623730951
1319, 35, 387, 176, 387, 179, 0, -3, -1.5707963267948966, 3.0
1319, 39, 406, 304, 405, 305, 1, -1, -0.7853981633974483, 1.4142135623730951
1319, 40, 527, 175, 527, 173, 0, 2, 1.5707963267948966, 2.0
1319, 42, 477, 120, 476, 121, 1, -1, -0.7853981633974483, 1.4142135623730951
1319, 62, 485, 112, 484, 113, 1, -1, -0.7853981633974483, 1.4142135623730951
1320, 1, 410, 194, 410, 196, 0, -2, -1.5707963267948966, 2.0
1320, 15, 363, 389, 362, 390, 1, -1, -0.7853981633974483, 1.4142135623730951
1320, 18, 512, 115, 510, 116, 2, -1, -0.4636476090008061, 2.23606797749979
1320, 21, 68, 385, 66, 386, 2, -1, -0.4636476090008061, 2.23606797749979
1320, 27, 475, 119, 474, 120, 1, -1, -0.7853981633974483, 1.4142135623730951
1320, 28, 106, 232, 105, 231, 1, 1, 0.7853981633974483, 1.4142135623730951
1320, 29, 388, 181, 388, 183, 0, -2, -1.5707963267948966, 2.0
1320, 30, 541, 198, 542, 195, -1, 3, 1.892546881191539, 3.1622776601683795
1320, 31, 192, 413, 191, 414, 1, -1, -0.7853981633974483, 1.4142135623730951
1320, 32, 365, 379, 364, 380, 1, -1, -0.7853981633974483, 1.4142135623730951
1320, 35, 355, 338, 354, 339, 1, -1, -0.7853981633974483, 1.4142135623730951
1320, 37, 540, 203, 540, 205, 0, -2, -1.5707963267948966, 2.0
1320, 49, 478, 140, 477, 141, 1, -1, -0.7853981633974483, 1.4142135623730951
1320, 53, 513, 169, 512, 167, 1, 2, 1.1071487177940904, 2.23606797749979
1320, 66, 482, 124, 481, 125, 1, -1, -0.7853981633974483, 1.4142135623730951
1320, 69, 85, 347, 83, 348, 2, -1, -0.4636476090008061, 2.23606797749979
1320, 77, 381, 310, 380, 312, 1, -2, -1.1071487177940904, 2.23606797749979
1320, 84, 527, 175, 526, 174, 1, 1, 0.7853981633974483, 1.4142135623730951
1320, 96, 167, 409, 166, 410, 1, -1, -0.7853981633974483, 1.4142135623730951
1320, 100, 606, 339, 604, 338, 2, 1, 0.4636476090008061, 2.23606797749979
1320, 107, 548, 165, 547, 163, 1, 2, 1.1071487177940904, 2.23606797749979
1320, 109, 575, 240, 576, 239, -1, 1, 2.356194490192345, 1.4142135623730951
1321, 17, 515, 116, 512, 115, 3, 1, 0.3217505543966422, 3.1622776601683795
1321, 20, 69, 384, 68, 385, 1, -1, -0.7853981633974483, 1.4142135623730951
1321, 25, 476, 118, 475, 119, 1, -1, -0.7853981633974483, 1.4142135623730951
1321, 27, 387, 179, 388, 181, -1, -2, -2.0344439357957027, 2.23606797749979
1321, 32, 356, 336, 355, 338, 1, -2, -1.1071487177940904, 2.23606797749979
1321, 33, 220, 408, 219, 409, 1, -1, -0.7853981633974483, 1.4142135623730951
1321, 45, 479, 139, 478, 140, 1, -1, -0.7853981633974483, 1.4142135623730951
1321, 49, 513, 172, 513, 169, 0, 3, 1.5707963267948966, 3.0
1321, 53, 468, 117, 467, 118, 1, -1, -0.7853981633974483, 1.4142135623730951
1321, 56, 554, 237, 554, 235, 0, 2, 1.5707963267948966, 2.0
1321, 58, 178, 345, 177, 346, 1, -1, -0.7853981633974483, 1.4142135623730951
1321, 59, 483, 123, 482, 124, 1, -1, -0.7853981633974483, 1.4142135623730951
1321, 67, 484, 113, 483, 114, 1, -1, -0.7853981633974483, 1.4142135623730951
1321, 69, 381, 308, 381, 310, 0, -2, -1.5707963267948966, 2.0
1321, 71, 379, 370, 380, 369, -1, 1, 2.356194490192345, 1.4142135623730951
1321, 76, 527, 177, 527, 175, 0, 2, 1.5707963267948966, 2.0
1321, 88, 168, 408, 167, 409, 1, -1, -0.7853981633974483, 1.4142135623730951
1321, 99, 549, 168, 548, 165, 1, 3, 1.2490457723982544, 3.1622776601683795
1322, 14, 364, 387, 363, 388, 1, -1, -0.7853981633974483, 1.4142135623730951
1322, 17, 517, 117, 515, 116, 2, 1, 0.4636476090008061, 2.23606797749979
1322, 20, 71, 384, 69, 384, 2, 0, 0.0, 2.0
1322, 21, 248, 412, 247, 413, 1, -1, -0.7853981633974483, 1.4142135623730951
1322, 27, 388, 176, 387, 179, 1, -3, -1.2490457723982544, 3.1622776601683795
1322, 28, 539, 197, 541, 198, -2, -1, -2.677945044588987, 2.23606797749979
1322, 29, 193, 412, 192, 413, 1, -1, -0.7853981633974483, 1.4142135623730951
1322, 32, 357, 334, 356, 336, 1, -2, -1.1071487177940904, 2.23606797749979
1322, 34, 538, 201, 539, 203, -1, -2, -2.0344439357957027, 2.23606797749979
1322, 39, 106, 411, 105, 412, 1, -1, -0.7853981633974483, 1.4142135623730951
1322, 48, 514, 173, 513, 172, 1, 1, 0.7853981633974483, 1.4142135623730951
1322, 52, 470, 117, 468, 117, 2, 0, 0.0, 2.0
1322, 55, 555, 239, 554, 237, 1, 2, 1.1071487177940904, 2.23606797749979
1322, 58, 484, 122, 483, 123, 1, -1, -0.7853981633974483, 1.4142135623730951
1322, 68, 381, 306, 381, 308, 0, -2, -1.5707963267948966, 2.0
1322, 70, 378, 371, 379, 370, -1, 1, 2.356194490192345, 1.4142135623730951
1322, 75, 528, 178, 527, 177, 1, 1, 0.7853981633974483, 1.4142135623730951
1322, 76, 435, 318, 436, 317, -1, 1, 2.356194490192345, 1.4142135623730951
1322, 80, 571, 234, 572, 233, -1, 1, 2.356194490192345, 1.4142135623730951
1322, 91, 609, 340, 607, 339, 2, 1, 0.4636476090008061, 2.23606797749979
1322, 95, 576, 205, 577, 204, -1, 1, 2.356194490192345, 1.4142135623730951
1322, 97, 551, 171, 549, 168, 2, 3, 0.982793723247329, 3.605551275463989
1322, 99, 573, 242, 575, 241, -2, 1, 2.677945044588987, 2.23606797749979
1322, 101, 454, 143, 453, 144, 1, -1, -0.7853981633974483, 1.4142135623730951
1323, 11, 59, 389, 58, 391, 1, -2, -1.1071487177940904, 2.23606797749979
1323, 12, 365, 386, 364, 387, 1, -1, -0.7853981633974483, 1.4142135623730951
1323, 15, 519, 119, 517, 117, 2, 2, 0.7853981633974483, 2.8284271247461903
1323, 23, 478, 117, 477, 118, 1, -1, -0.7853981633974483, 1.4142135623730951
1323, 25, 388, 174, 388, 176, 0, -2, -1.5707963267948966, 2.0
1323, 26, 537, 196, 539, 197, -2, -1, -2.677945044588987, 2.23606797749979
1323, 27, 194, 411, 193, 412, 1, -1, -0.7853981633974483, 1.4142135623730951
1323, 30, 358, 332, 357, 334, 1, -2, -1.1071487177940904, 2.23606797749979
1323, 31, 221, 407, 220, 408, 1, -1, -0.7853981633974483, 1.4142135623730951
1323, 34, 459, 240, 459, 242, 0, -2, -1.5707963267948966, 2.0
1323, 44, 516, 173, 514, 173, 2, 0, 0.0, 2.0
1323, 47, 473, 115, 470, 117, 3, -2, -0.5880026035475675, 3.605551275463989
1323, 50, 556, 240, 555, 239, 1, 1, 0.7853981633974483, 1.4142135623730951
1323, 61, 486, 112, 485, 113, 1, -1, -0.7853981633974483, 1.4142135623730951
1323, 85, 612, 341, 609, 340, 3, 1, 0.3217505543966422, 3.1622776601683795
1323, 88, 572, 206, 576, 205, -4, 1, 2.896613990462929, 4.123105625617661
1323, 90, 551, 173, 551, 171, 0, 2, 1.5707963267948966, 2.0
1324, 1, 409, 189, 410, 191, -1, -2, -2.0344439357957027, 2.23606797749979
1324, 11, 366, 385, 365, 386, 1, -1, -0.7853981633974483, 1.4142135623730951
1324, 14, 521, 121, 519, 119, 2, 2, 0.7853981633974483, 2.8284271247461903
1324, 22, 479, 116, 478, 117, 1, -1, -0.7853981633974483, 1.4142135623730951
1324, 24, 387, 171, 388, 174, -1, -3, -1.892546881191539, 3.1622776601683795
1324, 25, 536, 194, 537, 196, -1, -2, -2.0344439357957027, 2.23606797749979
1324, 29, 360, 330, 358, 332, 2, -2, -0.7853981633974483, 2.8284271247461903
1324, 31, 335, 330, 333, 331, 2, -1, -0.4636476090008061, 2.23606797749979
1324, 34, 107, 410, 106, 411, 1, -1, -0.7853981633974483, 1.4142135623730951
1324, 39, 481, 139, 480, 138, 1, 1, 0.7853981633974483, 1.4142135623730951
1324, 43, 520, 174, 516, 173, 4, 1, 0.24497866312686414, 4.123105625617661
1324, 49, 556, 242, 556, 240, 0, 2, 1.5707963267948966, 2.0
1324, 55, 85, 349, 87, 348, -2, 1, 2.677945044588987, 2.23606797749979
1324, 62, 381, 303, 381, 305, 0, -2, -1.5707963267948966, 2.0
1324, 67, 529, 180, 528, 179, 1, 1, 0.7853981633974483, 1.4142135623730951
1324, 68, 433, 319, 434, 318, -1, 1, 2.356194490192345, 1.4142135623730951
1324, 70, 258, 367, 257, 368, 1, -1, -0.7853981633974483, 1.4142135623730951
1324, 72, 570, 237, 571, 235, -1, 2, 2.0344439357957027, 2.23606797749979
1324, 86, 573, 208, 572, 206, 1, 2, 1.1071487177940904, 2.23606797749979
1324, 87, 225, 401, 224, 402, 1, -1, -0.7853981633974483, 1.4142135623730951
1324, 90, 570, 242, 572, 242, -2, 0, 3.141592653589793, 2.0
1325, 10, 61, 393, 60, 394, 1, -1, -0.7853981633974483, 1.4142135623730951
1325, 13, 389, 176, 389, 178, 0, -2, -1.5707963267948966, 2.0
1325, 16, 198, 408, 197, 409, 1, -1, -0.7853981633974483, 1.4142135623730951
1325, 19, 551, 215, 551, 213, 0, 2, 1.5707963267948966, 2.0
1325, 21, 222, 409, 221, 410, 1, -1, -0.7853981633974483, 1.4142135623730951
1325, 22, 481, 141, 480, 142, 1, -1, -0.7853981633974483, 1.4142135623730951
1325, 24, 552, 174, 550, 173, 2, 1, 0.4636476090008061, 2.23606797749979
1325, 29, 365, 387, 364, 388, 1, -1, -0.7853981633974483, 1.4142135623730951
1325, 31, 358, 334, 358, 336, 0, -2, -1.5707963267948966, 2.0
1325, 49, 521, 127, 520, 128, 1, -1, -0.7853981633974483, 1.4142135623730951
1325, 54, 462, 142, 461, 143, 1, -1, -0.7853981633974483, 1.4142135623730951
1325, 61, 171, 363, 170, 364, 1, -1, -0.7853981633974483, 1.4142135623730951
1325, 66, 444, 161, 444, 164, 0, -3, -1.5707963267948966, 3.0
1325, 68, 479, 119, 478, 120, 1, -1, -0.7853981633974483, 1.4142135623730951
1325, 74, 521, 123, 520, 121, 1, 2, 1.1071487177940904, 2.23606797749979
1325, 76, 228, 405, 227, 406, 1, -1, -0.7853981633974483, 1.4142135623730951
1326, 7, 594, 308, 593, 307, 1, 1, 0.7853981633974483, 1.4142135623730951
1326, 12, 389, 173, 389, 176, 0, -3, -1.5707963267948966, 3.0
1326, 16, 362, 375, 361, 377, 1, -2, -1.1071487177940904, 2.23606797749979
1326, 20, 223, 408, 222, 409, 1, -1, -0.7853981633974483, 1.4142135623730951
1326, 21, 482, 143, 481, 141, 1, 2, 1.1071487177940904, 2.23606797749979
1326, 27, 366, 386, 365, 387, 1, -1, -0.7853981633974483, 1.4142135623730951
1326, 29, 359, 332, 358, 334, 1, -2, -1.1071487177940904, 2.23606797749979
1326, 37, 336, 332, 335, 333, 1, -1, -0.7853981633974483, 1.4142135623730951
1326, 47, 530, 180, 529, 179, 1, 1, 0.7853981633974483, 1.4142135623730951
1326, 48, 462, 140, 462, 142, 0, -2, -1.5707963267948966, 2.0
1326, 53, 227, 376, 227, 378, 0, -2, -1.5707963267948966, 2.0
1326, 59, 444, 159, 444, 161, 0, -2, -1.5707963267948966, 2.0
1326, 61, 480, 118, 479, 119, 1, -1, -0.7853981633974483, 1.4142135623730951
1326, 64, 134, 196, 135, 198, -1, -2, -2.0344439357957027, 2.23606797749979
1326, 67, 522, 124, 521, 123, 1, 1, 0.7853981633974483, 1.4142135623730951
1326, 69, 229, 404, 228, 405, 1, -1, -0.7853981633974483, 1.4142135623730951
1326, 72, 385, 181, 385, 183, 0, -2, -1.5707963267948966, 2.0
1327, 11, 389, 171, 389, 173, 0, -2, -1.5707963267948966, 2.0
1327, 14, 199, 407, 198, 408, 1, -1, -0.7853981633974483, 1.4142135623730951
1327, 16, 309, 247, 310, 246, -1, 1, 2.356194490192345, 1.4142135623730951
1327, 21, 624, 297, 625, 296, -1, 1, 2.356194490192345, 1.4142135623730951
1327, 28, 360, 330, 359, 332, 1, -2, -1.1071487177940904, 2.23606797749979
1327, 43, 530, 182, 530, 180, 0, 2, 1.5707963267948966, 2.0
1327, 44, 462, 138, 462, 140, 0, -2, -1.5707963267948966, 2.0
1327, 47, 490, 114, 489, 115, 1, -1, -0.7853981633974483, 1.4142135623730951
1327, 49, 173, 361, 171, 362, 2, -1, -0.4636476090008061, 2.23606797749979
1327, 54, 444, 157, 444, 159, 0, -2, -1.5707963267948966, 2.0
1327, 56, 481, 117, 480, 118, 1, -1, -0.7853981633974483, 1.4142135623730951
1327, 67, 385, 179, 385, 181, 0, -2, -1.5707963267948966, 2.0
1328, 1, 326, 350, 325, 349, 1, 1, 0.7853981633974483, 1.4142135623730951
1328, 10, 390, 170, 389, 171, 1, -1, -0.7853981633974483, 1.4142135623730951
1328, 25, 368, 384, 366, 385, 2, -1, -0.4636476090008061, 2.23606797749979
1328, 27, 360, 328, 360, 330, 0, -2, -1.5707963267948966, 2.0
1328, 32, 337, 331, 336, 332, 1, -1, -0.7853981633974483, 1.4142135623730951
1328, 37, 522, 125, 521, 126, 1, -1, -0.7853981633974483, 1.4142135623730951
1328, 40, 464, 137, 462, 138, 2, -1, -0.4636476090008061, 2.23606797749979
1328, 45, 174, 360, 173, 361, 1, -1, -0.7853981633974483, 1.4142135623730951
1328, 50, 445, 156, 444, 157, 1, -1, -0.7853981633974483, 1.4142135623730951
1328, 51, 482, 116, 481, 117, 1, -1, -0.7853981633974483, 1.4142135623730951
1328, 57, 523, 123, 522, 124, 1, -1, -0.7853981633974483, 1.4142135623730951
1328, 62, 385, 177, 385, 179, 0, -2, -1.5707963267948966, 2.0
1329, 0, 280, 350, 279, 351, 1, -1, -0.7853981633974483, 1.4142135623730951
1329, 10, 391, 169, 390, 170, 1, -1, -0.7853981633974483, 1.4142135623730951
1329, 16, 551, 214, 550, 215, 1, -1, -0.7853981633974483, 1.4142135623730951
1329, 18, 224, 404, 223, 406, 1, -2, -1.1071487177940904, 2.23606797749979
1329, 19, 484, 142, 483, 143, 1, -1, -0.7853981633974483, 1.4142135623730951
1329, 25, 369, 383, 368, 384, 1, -1, -0.7853981633974483, 1.4142135623730951
1329, 27, 361, 327, 360, 328, 1, -1, -0.7853981633974483, 1.4142135623730951
1329, 36, 457, 157, 456, 158, 1, -1, -0.7853981633974483, 1.4142135623730951
1329, 39, 531, 184, 530, 183, 1, 1, 0.7853981633974483, 1.4142135623730951
1329, 40, 464, 135, 464, 137, 0, -2, -1.5707963267948966, 2.0
1329, 44, 175, 359, 174, 360, 1, -1, -0.7853981633974483, 1.4142135623730951
1329, 56, 39, 348, 38, 349, 1, -1, -0.7853981633974483, 1.4142135623730951
1329, 59, 153, 306, 152, 307, 1, -1, -0.7853981633974483, 1.4142135623730951
1329, 60, 385, 175, 385, 177, 0, -2, -1.5707963267948966, 2.0
1330, 11, 531, 134, 530, 133, 1, 1, 0.7853981633974483, 1.4142135623730951
1330, 17, 625, 299, 626, 298, -1, 1, 2.356194490192345, 1.4142135623730951
1330, 26, 391, 173, 391, 175, 0, -2, -1.5707963267948966, 2.0
1330, 34, 555, 179, 554, 177, 1, 2, 1.1071487177940904, 2.23606797749979
1330, 37, 543, 212, 541, 210, 2, 2, 0.7853981633974483, 2.8284271247461903
1330, 44, 608, 349, 605, 348, 3, 1, 0.3217505543966422, 3.1622776601683795
1330, 45, 406, 310, 405, 312, 1, -2, -1.1071487177940904, 2.23606797749979
1330, 53, 555, 248, 555, 246, 0, 2, 1.5707963267948966, 2.0
1330, 55, 108, 412, 107, 413, 1, -1, -0.7853981633974483, 1.4142135623730951
1330, 59, 362, 324, 361, 326, 1, -2, -1.1071487177940904, 2.23606797749979
1330, 67, 486, 144, 485, 145, 1, -1, -0.7853981633974483, 1.4142135623730951
1331, 2, 90, 264, 91, 263, -1, 1, 2.356194490192345, 1.4142135623730951
1331, 7, 596, 310, 597, 309, -1, 1, 2.356194490192345, 1.4142135623730951
1331, 10, 532, 135, 531, 134, 1, 1, 0.7853981633974483, 1.4142135623730951
1331, 15, 624, 300, 625, 299, -1, 1, 2.356194490192345, 1.4142135623730951
1331, 25, 369, 385, 368, 386, 1, -1, -0.7853981633974483, 1.4142135623730951
1331, 31, 556, 180, 555, 179, 1, 1, 0.7853981633974483, 1.4142135623730951
1331, 32, 226, 283, 226, 285, 0, -2, -1.5707963267948966, 2.0
1331, 41, 611, 349, 608, 349, 3, 0, 0.0, 3.0
1331, 42, 407, 308, 406, 310, 1, -2, -1.1071487177940904, 2.23606797749979
1331, 44, 494, 114, 492, 115, 2, -1, -0.4636476090008061, 2.23606797749979
1331, 51, 422, 230, 424, 231, -2, -1, -2.677945044588987, 2.23606797749979
1331, 54, 236, 374, 235, 375, 1, -1, -0.7853981633974483, 1.4142135623730951
1331, 60, 532, 185, 531, 184, 1, 1, 0.7853981633974483, 1.4142135623730951
1331, 64, 459, 237, 460, 239, -1, -2, -2.0344439357957027, 2.23606797749979
1332, 2, 330, 350, 329, 351, 1, -1, -0.7853981633974483, 1.4142135623730951
1332, 4, 281, 351, 280, 352, 1, -1, -0.7853981633974483, 1.4142135623730951
1332, 18, 525, 127, 524, 126, 1, 1, 0.7853981633974483, 1.4142135623730951
1332, 21, 391, 170, 391, 172, 0, -2, -1.5707963267948966, 2.0
1332, 37, 615, 348, 611, 349, 4, -1, -0.24497866312686414, 4.123105625617661
1332, 38, 407, 306, 407, 308, 0, -2, -1.5707963267948966, 2.0
1332, 45, 555, 251, 555, 249, 0, 2, 1.5707963267948966, 2.0
1332, 47, 109, 411, 108, 412, 1, -1, -0.7853981633974483, 1.4142135623730951
1333, 0, 411, 188, 411, 190, 0, -2, -1.5707963267948966, 2.0
1333, 4, 596, 311, 597, 310, -1, 1, 2.356194490192345, 1.4142135623730951
1333, 5, 98, 236, 99, 235, -1, 1, 2.356194490192345, 1.4142135623730951
1333, 12, 623, 302, 624, 301, -1, 1, 2.356194490192345, 1.4142135623730951
1333, 22, 370, 383, 369, 384, 1, -1, -0.7853981633974483, 1.4142135623730951
1333, 33, 232, 403, 231, 404, 1, -1, -0.7853981633974483, 1.4142135623730951
1333, 34, 617, 348, 615, 348, 2, 0, 0.0, 2.0
1333, 45, 237, 373, 236, 374, 1, -1, -0.7853981633974483, 1.4142135623730951
1333, 50, 533, 188, 532, 186, 1, 2, 1.1071487177940904, 2.23606797749979
1334, 1, 332, 350, 330, 350, 2, 0, 0.0, 2.0
1334, 4, 597, 312, 596, 311, 1, 1, 0.7853981633974483, 1.4142135623730951
1334, 12, 622, 303, 623, 302, -1, 1, 2.356194490192345, 1.4142135623730951
1334, 17, 525, 130, 525, 128, 0, 2, 1.5707963267948966, 2.0
1334, 20, 392, 167, 391, 169, 1, -2, -1.1071487177940904, 2.23606797749979
1334, 31, 233, 402, 232, 403, 1, -1, -0.7853981633974483, 1.4142135623730951
1334, 32, 618, 347, 617, 348, 1, -1, -0.7853981633974483, 1.4142135623730951
1334, 46, 285, 263, 287, 262, -2, 1, 2.677945044588987, 2.23606797749979
1334, 47, 534, 189, 533, 188, 1, 1, 0.7853981633974483, 1.4142135623730951
1335, 12, 625, 301, 626, 300, -1, 1, 2.356194490192345, 1.4142135623730951
1335, 16, 365, 326, 364, 328, 1, -2, -1.1071487177940904, 2.23606797749979
1335, 25, 372, 384, 371, 385, 1, -1, -0.7853981633974483, 1.4142135623730951
1335, 37, 535, 188, 534, 187, 1, 1, 0.7853981633974483, 1.4142135623730951
1335, 38, 550, 221, 551, 220, -1, 1, 2.356194490192345, 1.4142135623730951
1335, 50, 403, 192, 404, 194, -1, -2, -2.0344439357957027, 2.23606797749979
1335, 64, 394, 235, 395, 237, -1, -2, -2.0344439357957027, 2.23606797749979
1335, 69, 408, 298, 408, 300, 0, -2, -1.5707963267948966, 2.0
1335, 75, 367, 372, 366, 373, 1, -1, -0.7853981633974483, 1.4142135623730951
1335, 76, 459, 238, 460, 240, -1, -2, -2.0344439357957027, 2.23606797749979
1335, 79, 496, 115, 495, 116, 1, -1, -0.7853981633974483, 1.4142135623730951
1335, 80, 390, 333, 389, 335, 1, -2, -1.1071487177940904, 2.23606797749979
1336, 12, 342, 329, 341, 330, 1, -1, -0.7853981633974483, 1.4142135623730951
1336, 14, 366, 324, 365, 326, 1, -2, -1.1071487177940904, 2.23606797749979
1336, 16, 392, 169, 392, 171, 0, -2, -1.5707963267948966, 2.0
1336, 30, 233, 404, 232, 405, 1, -1, -0.7853981633974483, 1.4142135623730951
1336, 34, 536, 191, 535, 188, 1, 3, 1.2490457723982544, 3.1622776601683795
1336, 39, 548, 210, 545, 208, 3, 2, 0.5880026035475675, 3.605551275463989
1336, 54, 484, 122, 482, 121, 2, 1, 0.4636476090008061, 2.23606797749979
1336, 55, 77, 354, 79, 354, -2, 0, 3.141592653589793, 2.0
1336, 58, 393, 233, 394, 235, -1, -2, -2.0344439357957027, 2.23606797749979
1336, 60, 450, 166, 449, 167, 1, -1, -0.7853981633974483, 1.4142135623730951
1336, 63, 407, 296, 408, 298, -1, -2, -2.0344439357957027, 2.23606797749979
1336, 69, 368, 371, 367, 372, 1, -1, -0.7853981633974483, 1.4142135623730951
1337, 14, 366, 322, 366, 324, 0, -2, -1.5707963267948966, 2.0
1337, 15, 308, 249, 309, 248, -1, 1, 2.356194490192345, 1.4142135623730951
1337, 20, 206, 414, 205, 415, 1, -1, -0.7853981633974483, 1.4142135623730951
1337, 22, 373, 381, 372, 383, 1, -2, -1.1071487177940904, 2.23606797749979
1337, 31, 537, 192, 536, 191, 1, 1, 0.7853981633974483, 1.4142135623730951
1337, 32, 548, 217, 549, 221, -1, -4, -1.8157749899217608, 4.123105625617661
1337, 36, 550, 210, 548, 210, 2, 0, 0.0, 2.0
1337, 44, 558, 180, 557, 181, 1, -1, -0.7853981633974483, 1.4142135623730951
1337, 50, 487, 123, 484, 122, 3, 1, 0.3217505543966422, 3.1622776601683795
1337, 51, 75, 354, 77, 354, -2, 0, 3.141592653589793, 2.0
1337, 54, 451, 165, 450, 166, 1, -1, -0.7853981633974483, 1.4142135623730951
1337, 57, 407, 294, 407, 296, 0, -2, -1.5707963267948966, 2.0
1337, 65, 499, 114, 497, 115, 2, -1, -0.4636476090008061, 2.23606797749979
1338, 11, 343, 327, 342, 328, 1, -1, -0.7853981633974483, 1.4142135623730951
1338, 13, 367, 320, 366, 322, 1, -2, -1.1071487177940904, 2.23606797749979
1338, 15, 392, 166, 392, 168, 0, -2, -1.5707963267948966, 2.0
1338, 21, 374, 379, 373, 381, 1, -2, -1.1071487177940904, 2.23606797749979
1338, 29, 538, 193, 537, 192, 1, 1, 0.7853981633974483, 1.4142135623730951
1338, 33, 253, 405, 252, 406, 1, -1, -0.7853981633974483, 1.4142135623730951
1338, 46, 490, 124, 487, 123, 3, 1, 0.3217505543966422, 3.1622776601683795
1338, 50, 452, 164, 451, 165, 1, -1, -0.7853981633974483, 1.4142135623730951
1338, 53, 406, 292, 407, 294, -1, -2, -2.0344439357957027, 2.23606797749979
1338, 59, 369, 369, 368, 370, 1, -1, -0.7853981633974483, 1.4142135623730951
1338, 61, 501, 113, 499, 114, 2, -1, -0.4636476090008061, 2.23606797749979
1339, 0, 335, 350, 334, 351, 1, -1, -0.7853981633974483, 1.4142135623730951
1339, 6, 594, 315, 595, 314, -1, 1, 2.356194490192345, 1.4142135623730951
1339, 10, 623, 303, 624, 302, -1, 1, 2.356194490192345, 1.4142135623730951
1339, 13, 368, 317, 367, 320, 1, -3, -1.2490457723982544, 3.1622776601683795
1339, 20, 375, 377, 374, 379, 1, -2, -1.1071487177940904, 2.23606797749979
1339, 29, 548, 219, 548, 217, 0, 2, 1.5707963267948966, 2.0
1339, 32, 254, 404, 253, 405, 1, -1, -0.7853981633974483, 1.4142135623730951
1339, 45, 492, 124, 490, 124, 2, 0, 0.0, 2.0
1340, 9, 492, 125, 489, 125, 3, 0, 0.0, 3.0
1340, 12, 259, 414, 258, 415, 1, -1, -0.7853981633974483, 1.4142135623730951
1340, 17, 375, 381, 374, 383, 1, -2, -1.1071487177940904, 2.23606797749979
1340, 18, 112, 237, 111, 238, 1, -1, -0.7853981633974483, 1.4142135623730951
1340, 20, 394, 168, 394, 170, 0, -2, -1.5707963267948966, 2.0
1340, 22, 266, 312, 268, 311, -2, 1, 2.677945044588987, 2.23606797749979
1340, 23, 527, 136, 525, 133, 2, 3, 0.982793723247329, 3.605551275463989
1340, 27, 183, 307, 182, 308, 1, -1, -0.7853981633974483, 1.4142135623730951
1340, 30, 367, 323, 367, 325, 0, -2, -1.5707963267948966, 2.0
1340, 36, 586, 220, 586, 218, 0, 2, 1.5707963267948966, 2.0
1340, 43, 309, 251, 310, 250, -1, 1, 2.356194490192345, 1.4142135623730951
1340, 47, 539, 193, 538, 192, 1, 1, 0.7853981633974483, 1.4142135623730951
1340, 51, 548, 220, 546, 217, 2, 3, 0.982793723247329, 3.605551275463989
1340, 60, 490, 149, 488, 148, 2, 1, 0.4636476090008061, 2.23606797749979
1340, 62, 396, 365, 394, 365, 2, 0, 0.0, 2.0
1341, 8, 495, 125, 492, 125, 3, 0, 0.0, 3.0
1341, 9, 104, 234, 102, 236, 2, -2, -0.7853981633974483, 2.8284271247461903
1341, 14, 66, 392, 65, 395, 1, -3, -1.2490457723982544, 3.1622776601683795
1341, 16, 376, 380, 375, 381, 1, -1, -0.7853981633974483, 1.4142135623730951
1341, 17, 110, 238, 112, 237, -2, 1, 2.677945044588987, 2.23606797749979
1341, 18, 394, 164, 394, 168, 0, -4, -1.5707963267948966, 4.0
1341, 20, 267, 311, 266, 312, 1, -1, -0.7853981633974483, 1.4142135623730951
1341, 21, 529, 139, 527, 136, 2, 3, 0.982793723247329, 3.605551275463989
1341, 25, 181, 306, 183, 307, -2, -1, -2.677945044588987, 2.23606797749979
1341, 28, 366, 320, 367, 323, -1, -3, -1.892546881191539, 3.1622776601683795
1341, 35, 179, 369, 178, 371, 1, -2, -1.1071487177940904, 2.23606797749979
1341, 38, 460, 157, 460, 159, 0, -2, -1.5707963267948966, 2.0
1341, 42, 344, 328, 343, 329, 1, -1, -0.7853981633974483, 1.4142135623730951
1341, 44, 539, 195, 539, 193, 0, 2, 1.5707963267948966, 2.0
1341, 46, 549, 221, 548, 220, 1, 1, 0.7853981633974483, 1.4142135623730951
1341, 54, 174, 309, 173, 310, 1, -1, -0.7853981633974483, 1.4142135623730951
1341, 55, 491, 150, 490, 149, 1, 1, 0.7853981633974483, 1.4142135623730951
1341, 57, 398, 362, 396, 365, 2, -3, -0.982793723247329, 3.605551275463989
1342, 2, 335, 350, 334, 351, 1, -1, -0.7853981633974483, 1.4142135623730951
1342, 7, 497, 125, 495, 125, 2, 0, 0.0, 2.0
1342, 11, 208, 409, 207, 410, 1, -1, -0.7853981633974483, 1.4142135623730951
1342, 20, 532, 142, 529, 139, 3, 3, 0.7853981633974483, 4.242640687119285
1342, 27, 365, 317, 366, 320, -1, -3, -1.892546881191539, 3.1622776601683795
1342, 31, 535, 134, 534, 135, 1, -1, -0.7853981633974483, 1.4142135623730951
1342, 32, 583, 222, 586, 221, -3, 1, 2.819842099193151, 3.1622776601683795
1342, 40, 169, 241, 168, 242, 1, -1, -0.7853981633974483, 1.4142135623730951
1342, 44, 552, 221, 549, 221, 3, 0, 0.0, 3.0
1342, 53, 494, 150, 491, 150, 3, 0, 0.0, 3.0
1342, 55, 400, 360, 398, 362, 2, -2, -0.7853981633974483, 2.8284271247461903
1343, 0, 284, 348, 284, 350, 0, -2, -1.5707963267948966, 2.0
1343, 7, 500, 124, 497, 125, 3, -1, -0.3217505543966422, 3.1622776601683795
1343, 13, 375, 377, 376, 379, -1, -2, -2.0344439357957027, 2.23606797749979
1343, 15, 395, 161, 394, 163, 1, -2, -1.1071487177940904, 2.23606797749979
1343, 18, 534, 144, 532, 142, 2, 2, 0.7853981633974483, 2.8284271247461903
1343, 19, 48, 316, 47, 317, 1, -1, -0.7853981633974483, 1.4142135623730951
1343, 27, 154, 345, 155, 347, -1, -2, -2.0344439357957027, 2.23606797749979
1343, 30, 585, 224, 583, 222, 2, 2, 0.7853981633974483, 2.8284271247461903
1343, 31, 261, 405, 260, 406, 1, -1, -0.7853981633974483, 1.4142135623730951
1343, 35, 459, 155, 460, 157, -1, -2, -2.0344439357957027, 2.23606797749979
1343, 45, 293, 236, 292, 237, 1, -1, -0.7853981633974483, 1.4142135623730951
1343, 53, 401, 359, 400, 360, 1, -1, -0.7853981633974483, 1.4142135623730951
1344, 2, 336, 347, 335, 349, 1, -2, -1.1071487177940904, 2.23606797749979
1344, 9, 209, 407, 208, 408, 1, -1, -0.7853981633974483, 1.4142135623730951
1344, 10, 67, 391, 66, 392, 1, -1, -0.7853981633974483, 1.4142135623730951
1344, 12, 376, 376, 375, 377, 1, -1, -0.7853981633974483, 1.4142135623730951
1344, 17, 537, 145, 534, 144, 3, 1, 0.3217505543966422, 3.1622776601683795
1344, 18, 49, 315, 48, 316, 1, -1, -0.7853981633974483, 1.4142135623730951
1344, 24, 365, 315, 365, 317, 0, -2, -1.5707963267948966, 2.0
1344, 29, 586, 226, 585, 224, 1, 2, 1.1071487177940904, 2.23606797749979
1344, 30, 262, 404, 261, 405, 1, -1, -0.7853981633974483, 1.4142135623730951
1344, 40, 540, 198, 539, 197, 1, 1, 0.7853981633974483, 1.4142135623730951
1344, 47, 246, 354, 246, 356, 0, -2, -1.5707963267948966, 2.0
1344, 52, 402, 358, 401, 359, 1, -1, -0.7853981633974483, 1.4142135623730951
1345, 15, 210, 407, 209, 408, 1, -1, -0.7853981633974483, 1.4142135623730951
1345, 17, 624, 307, 625, 306, -1, 1, 2.356194490192345, 1.4142135623730951
1345, 26, 376, 377, 376, 379, 0, -2, -1.5707963267948966, 2.0
1345, 32, 503, 153, 501, 153, 2, 0, 0.0, 2.0
1345, 35, 397, 164, 396, 166, 1, -2, -1.1071487177940904, 2.23606797749979
1345, 43, 238, 402, 237, 403, 1, -1, -0.7853981633974483, 1.4142135623730951
1345, 52, 370, 320, 369, 321, 1, -1, -0.7853981633974483, 1.4142135623730951
1345, 53, 379, 369, 378, 371, 1, -2, -1.1071487177940904, 2.23606797749979
1346, 1, 339, 350, 338, 351, 1, -1, -0.7853981633974483, 1.4142135623730951
1346, 10, 262, 412, 261, 413, 1, -1, -0.7853981633974483, 1.4142135623730951
1346, 23, 377, 376, 376, 377, 1, -1, -0.7853981633974483, 1.4142135623730951
1346, 46, 370, 318, 370, 320, 0, -2, -1.5707963267948966, 2.0
1346, 57, 503, 126, 501, 126, 2, 0, 0.0, 2.0
1347, 0, 286, 349, 285, 350, 1, -1, -0.7853981633974483, 1.4142135623730951
1347, 1, 340, 349, 339, 350, 1, -1, -0.7853981633974483, 1.4142135623730951
1347, 6, 601, 320, 600, 319, 1, 1, 0.7853981633974483, 1.4142135623730951
1347, 8, 539, 137, 538, 136, 1, 1, 0.7853981633974483, 1.4142135623730951
1347, 22, 377, 374, 377, 376, 0, -2, -1.5707963267948966, 2.0
1347, 23, 266, 404, 265, 405, 1, -1, -0.7853981633974483, 1.4142135623730951
1347, 27, 541, 200, 540, 199, 1, 1, 0.7853981633974483, 1.4142135623730951
1347, 30, 565, 192, 564, 191, 1, 1, 0.7853981633974483, 1.4142135623730951
1347, 31, 558, 234, 557, 232, 1, 2, 1.1071487177940904, 2.23606797749979
1347, 36, 621, 344, 620, 343, 1, 1, 0.7853981633974483, 1.4142135623730951
1347, 37, 565, 263, 564, 262, 1, 1, 0.7853981633974483, 1.4142135623730951
1347, 38, 348, 328, 347, 329, 1, -1, -0.7853981633974483, 1.4142135623730951
1347, 41, 402, 350, 401, 351, 1, -1, -0.7853981633974483, 1.4142135623730951
1347, 42, 371, 317, 370, 318, 1, -1, -0.7853981633974483, 1.4142135623730951
1347, 43, 379, 366, 379, 368, 0, -2, -1.5707963267948966, 2.0
1348, 21, 378, 372, 377, 374, 1, -2, -1.1071487177940904, 2.23606797749979
1348, 22, 267, 403, 266, 404, 1, -1, -0.7853981633974483, 1.4142135623730951
1348, 27, 398, 160, 397, 162, 1, -2, -1.1071487177940904, 2.23606797749979
1348, 29, 559, 235, 558, 234, 1, 1, 0.7853981633974483, 1.4142135623730951
1348, 33, 239, 399, 238, 400, 1, -1, -0.7853981633974483, 1.4142135623730951
1348, 41, 379, 364, 379, 366, 0, -2, -1.5707963267948966, 2.0
1349, 1, 342, 348, 341, 349, 1, -1, -0.7853981633974483, 1.4142135623730951
1349, 7, 540, 138, 539, 137, 1, 1, 0.7853981633974483, 1.4142135623730951
1349, 12, 212, 404, 211, 405, 1, -1, -0.7853981633974483, 1.4142135623730951
1349, 24, 541, 203, 541, 201, 0, 2, 1.5707963267948966, 2.0
1349, 27, 560, 237, 559, 235, 1, 2, 1.1071487177940904, 2.23606797749979
1349, 33, 564, 265, 565, 264, -1, 1, 2.356194490192345, 1.4142135623730951
1349, 37, 371, 314, 371, 316, 0, -2, -1.5707963267948966, 2.0
1349, 44, 418, 317, 417, 318, 1, -1, -0.7853981633974483, 1.4142135623730951
1350, 1, 287, 349, 286, 350, 1, -1, -0.7853981633974483, 1.4142135623730951
1350, 6, 270, 404, 269, 405, 1, -1, -0.7853981633974483, 1.4142135623730951
1350, 8, 603, 322, 602, 321, 1, 1, 0.7853981633974483, 1.4142135623730951
1350, 13, 371, 315, 371, 317, 0, -2, -1.5707963267948966, 2.0
1350, 18, 542, 145, 541, 144, 1, 1, 0.7853981633974483, 1.4142135623730951
1350, 25, 578, 261, 579, 260, -1, 1, 2.356194490192345, 1.4142135623730951
1350, 26, 381, 377, 380, 378, 1, -1, -0.7853981633974483, 1.4142135623730951
1350, 29, 543, 203, 542, 202, 1, 1, 0.7853981633974483, 1.4142135623730951
1350, 39, 451, 154, 450, 157, 1, -3, -1.2490457723982544, 3.1622776601683795
1350, 48, 496, 142, 494, 143, 2, -1, -0.4636476090008061, 2.23606797749979
1350, 50, 479, 137, 477, 138, 2, -1, -0.4636476090008061, 2.23606797749979
1350, 53, 510, 118, 509, 117, 1, 1, 0.7853981633974483, 1.4142135623730951
1350, 58, 447, 304, 447, 308, 0, -4, -1.5707963267948966, 4.0
1350, 65, 568, 198, 567, 197, 1, 1, 0.7853981633974483, 1.4142135623730951
1350, 66, 389, 166, 388, 168, 1, -2, -1.1071487177940904, 2.23606797749979
1351, 0, 341, 349, 340, 350, 1, -1, -0.7853981633974483, 1.4142135623730951
1351, 11, 371, 313, 371, 315, 0, -2, -1.5707963267948966, 2.0
1351, 16, 543, 146, 542, 145, 1, 1, 0.7853981633974483, 1.4142135623730951
1351, 20, 538, 135, 535, 134, 3, 1, 0.3217505543966422, 3.1622776601683795
1351, 24, 382, 376, 381, 377, 1, -1, -0.7853981633974483, 1.4142135623730951
1351, 28, 556, 235, 557, 234, -1, 1, 2.356194490192345, 1.4142135623730951
1351, 36, 452, 151, 451, 154, 1, -3, -1.2490457723982544, 3.1622776601683795
1351, 39, 464, 154, 463, 155, 1, -1, -0.7853981633974483, 1.4142135623730951
1351, 44, 498, 142, 496, 142, 2, 0, 0.0, 2.0
1351, 46, 480, 136, 479, 137, 1, -1, -0.7853981633974483, 1.4142135623730951
1351, 60, 569, 199, 568, 198, 1, 1, 0.7853981633974483, 1.4142135623730951
1351, 61, 389, 163, 389, 166, 0, -3, -1.5707963267948966, 3.0
1352, 0, 342, 348, 341, 349, 1, -1, -0.7853981633974483, 1.4142135623730951
1352, 10, 370, 311, 371, 313, -1, -2, -2.0344439357957027, 2.23606797749979
1352, 13, 212, 408, 211, 409, 1, -1, -0.7853981633974483, 1.4142135623730951
1352, 18, 397, 159, 397, 161, 0, -2, -1.5707963267948966, 2.0
1352, 19, 540, 136, 538, 135, 2, 1, 0.4636476090008061, 2.23606797749979
1352, 23, 383, 375, 382, 376, 1, -1, -0.7853981633974483, 1.4142135623730951
1352, 26, 544, 205, 543, 204, 1, 1, 0.7853981633974483, 1.4142135623730951
1352, 35, 453, 149, 452, 151, 1, -2, -1.1071487177940904, 2.23606797749979
1352, 36, 556, 223, 554, 221, 2, 2, 0.7853981633974483, 2.8284271247461903
1352, 43, 502, 143, 498, 142, 4, 1, 0.24497866312686414, 4.123105625617661
1352, 45, 481, 134, 480, 136, 1, -2, -1.1071487177940904, 2.23606797749979
1352, 47, 513, 119, 511, 118, 2, 1, 0.4636476090008061, 2.23606797749979
1352, 58, 570, 200, 569, 199, 1, 1, 0.7853981633974483, 1.4142135623730951
1353, 6, 603, 323, 602, 322, 1, 1, 0.7853981633974483, 1.4142135623730951
1353, 9, 370, 309, 370, 311, 0, -2, -1.5707963267948966, 2.0
1353, 17, 541, 137, 540, 136, 1, 1, 0.7853981633974483, 1.4142135623730951
1353, 18, 504, 121, 503, 122, 1, -1, -0.7853981633974483, 1.4142135623730951
1353, 21, 384, 373, 383, 375, 1, -2, -1.1071487177940904, 2.23606797749979
1353, 30, 454, 147, 453, 149, 1, -2, -1.1071487177940904, 2.23606797749979
1353, 31, 557, 225, 556, 223, 1, 2, 1.1071487177940904, 2.23606797749979
1353, 33, 465, 152, 464, 153, 1, -1, -0.7853981633974483, 1.4142135623730951
1353, 38, 504, 144, 502, 143, 2, 1, 0.4636476090008061, 2.23606797749979
1353, 40, 483, 133, 481, 134, 2, -1, -0.4636476090008061, 2.23606797749979
1353, 41, 566, 271, 565, 269, 1, 2, 1.1071487177940904, 2.23606797749979
1353, 43, 441, 123, 440, 124, 1, -1, -0.7853981633974483, 1.4142135623730951
1353, 52, 570, 202, 570, 200, 0, 2, 1.5707963267948966, 2.0
1353, 53, 390, 160, 389, 162, 1, -2, -1.1071487177940904, 2.23606797749979
1354, 0, 343, 347, 342, 348, 1, -1, -0.7853981633974483, 1.4142135623730951
1354, 9, 370, 307, 370, 309, 0, -2, -1.5707963267948966, 2.0
1354, 12, 213, 406, 212, 407, 1, -1, -0.7853981633974483, 1.4142135623730951
1354, 14, 542, 149, 543, 148, -1, 1, 2.356194490192345, 1.4142135623730951
1354, 17, 543, 139, 541, 137, 2, 2, 0.7853981633974483, 2.8284271247461903
1354, 20, 577, 263, 577, 261, 0, 2, 1.5707963267948966, 2.0
1354, 21, 385, 372, 384, 373, 1, -1, -0.7853981633974483, 1.4142135623730951
1354, 24, 545, 208, 544, 206, 1, 2, 1.1071487177940904, 2.23606797749979
1354, 30, 455, 145, 454, 147, 1, -2, -1.1071487177940904, 2.23606797749979
1354, 31, 559, 227, 557, 225, 2, 2, 0.7853981633974483, 2.8284271247461903
1354, 38, 505, 145, 504, 144, 1, 1, 0.7853981633974483, 1.4142135623730951
1354, 39, 258, 345, 260, 345, -2, 0, 3.141592653589793, 2.0
1354, 43, 442, 121, 441, 123, 1, -2, -1.1071487177940904, 2.23606797749979
1354, 53, 390, 158, 390, 160, 0, -2, -1.5707963267948966, 2.0
1355, 2, 290, 349, 289, 350, 1, -1, -0.7853981633974483, 1.4142135623730951
1355, 3, 344, 349, 343, 350, 1, -1, -0.7853981633974483, 1.4142135623730951
1355, 13, 505, 147, 503, 145, 2, 2, 0.7853981633974483, 2.8284271247461903
1355, 20, 543, 142, 542, 139, 1, 3, 1.2490457723982544, 3.1622776601683795
1355, 26, 559, 234, 558, 233, 1, 1, 0.7853981633974483, 1.4142135623730951
1355, 27, 373, 312, 373, 314, 0, -2, -1.5707963267948966, 2.0
1355, 35, 181, 374, 182, 370, -1, 4, 1.8157749899217608, 4.123105625617661
1355, 36, 384, 374, 383, 375, 1, -1, -0.7853981633974483, 1.4142135623730951
1355, 38, 268, 414, 267, 415, 1, -1, -0.7853981633974483, 1.4142135623730951
1355, 46, 244, 403, 243, 404, 1, -1, -0.7853981633974483, 1.4142135623730951
1355, 53, 476, 134, 474, 135, 2, -1, -0.4636476090008061, 2.23606797749979
1355, 60, 516, 120, 514, 119, 2, 1, 0.4636476090008061, 2.23606797749979
1356, 3, 345, 348, 344, 349, 1, -1, -0.7853981633974483, 1.4142135623730951
1356, 13, 506, 149, 505, 147, 1, 2, 1.1071487177940904, 2.23606797749979
1356, 20, 544, 144, 543, 142, 1, 2, 1.1071487177940904, 2.23606797749979
1356, 27, 373, 310, 373, 312, 0, -2, -1.5707963267948966, 2.0
1356, 29, 545, 209, 545, 207, 0, 2, 1.5707963267948966, 2.0
1356, 36, 385, 372, 384, 374, 1, -2, -1.1071487177940904, 2.23606797749979
1356, 39, 124, 413, 123, 414, 1, -1, -0.7853981633974483, 1.4142135623730951
1356, 45, 399, 158, 399, 160, 0, -2, -1.5707963267948966, 2.0
1356, 60, 352, 325, 351, 326, 1, -1, -0.7853981633974483, 1.4142135623730951
1356, 70, 581, 269, 582, 268, -1, 1, 2.356194490192345, 1.4142135623730951
1357, 3, 346, 347, 345, 348, 1, -1, -0.7853981633974483, 1.4142135623730951
1357, 21, 297, 329, 296, 330, 1, -1, -0.7853981633974483, 1.4142135623730951
1357, 26, 504, 123, 503, 124, 1, -1, -0.7853981633974483, 1.4142135623730951
1357, 29, 80, 388, 79, 389, 1, -1, -0.7853981633974483, 1.4142135623730951
1357, 34, 386, 371, 385, 372, 1, -1, -0.7853981633974483, 1.4142135623730951
1357, 36, 270, 413, 269, 414, 1, -1, -0.7853981633974483, 1.4142135623730951
1357, 37, 125, 412, 124, 413, 1, -1, -0.7853981633974483, 1.4142135623730951
1357, 43, 399, 156, 399, 158, 0, -2, -1.5707963267948966, 2.0
1357, 47, 477, 132, 476, 133, 1, -1, -0.7853981633974483, 1.4142135623730951
1357, 49, 507, 153, 506, 154, 1, -1, -0.7853981633974483, 1.4142135623730951
1357, 53, 518, 121, 517, 120, 1, 1, 0.7853981633974483, 1.4142135623730951
1358, 3, 347, 346, 346, 347, 1, -1, -0.7853981633974483, 1.4142135623730951
1358, 7, 107, 234, 106, 235, 1, -1, -0.7853981633974483, 1.4142135623730951
1358, 9, 219, 410, 218, 411, 1, -1, -0.7853981633974483, 1.4142135623730951
1358, 13, 118, 235, 117, 236, 1, -1, -0.7853981633974483, 1.4142135623730951
1358, 21, 298, 328, 297, 329, 1, -1, -0.7853981633974483, 1.4142135623730951
1358, 26, 505, 122, 504, 123, 1, -1, -0.7853981633974483, 1.4142135623730951
1358, 27, 546, 211, 545, 210, 1, 1, 0.7853981633974483, 1.4142135623730951
1358, 28, 117, 341, 116, 344, 1, -3, -1.2490457723982544, 3.1622776601683795
1358, 34, 386, 369, 386, 371, 0, -2, -1.5707963267948966, 2.0
1358, 37, 126, 411, 125, 412, 1, -1, -0.7853981633974483, 1.4142135623730951
1358, 38, 446, 300, 448, 301, -2, -1, -2.677945044588987, 2.23606797749979
1358, 41, 143, 186, 142, 187, 1, -1, -0.7853981633974483, 1.4142135623730951
1359, 2, 292, 348, 291, 349, 1, -1, -0.7853981633974483, 1.4142135623730951
1359, 6, 602, 326, 601, 325, 1, 1, 0.7853981633974483, 1.4142135623730951
1359, 21, 50, 320, 50, 318, 0, 2, 1.5707963267948966, 2.0
1359, 25, 506, 121, 505, 122, 1, -1, -0.7853981633974483, 1.4142135623730951
1359, 33, 387, 368, 386, 369, 1, -1, -0.7853981633974483, 1.4142135623730951
1359, 52, 352, 321, 352, 323, 0, -2, -1.5707963267948966, 2.0
1360, 3, 349, 348, 348, 349, 1, -1, -0.7853981633974483, 1.4142135623730951
1360, 9, 219, 410, 218, 411, 1, -1, -0.7853981633974483, 1.4142135623730951
1360, 14, 513, 157, 512, 156, 1, 1, 0.7853981633974483, 1.4142135623730951
1360, 18, 373, 307, 374, 309, -1, -2, -2.0344439357957027, 2.23606797749979
1360, 22, 386, 371, 386, 373, 0, -2, -1.5707963267948966, 2.0
1360, 28, 505, 124, 504, 125, 1, -1, -0.7853981633974483, 1.4142135623730951
1360, 31, 301, 323, 299, 324, 2, -1, -0.4636476090008061, 2.23606797749979
1360, 37, 381, 360, 380, 361, 1, -1, -0.7853981633974483, 1.4142135623730951
1360, 43, 410, 302, 410, 304, 0, -2, -1.5707963267948966, 2.0
1360, 53, 369, 302, 369, 304, 0, -2, -1.5707963267948966, 2.0
1360, 55, 243, 403, 242, 404, 1, -1, -0.7853981633974483, 1.4142135623730951
1360, 59, 296, 281, 297, 280, -1, 1, 2.356194490192345, 1.4142135623730951
1360, 61, 579, 296, 578, 295, 1, 1, 0.7853981633974483, 1.4142135623730951
1360, 63, 309, 259, 310, 258, -1, 1, 2.356194490192345, 1.4142135623730951
1360, 70, 407, 346, 406, 349, 1, -3, -1.2490457723982544, 3.1622776601683795
1360, 71, 127, 413, 126, 414, 1, -1, -0.7853981633974483, 1.4142135623730951
1361, 3, 350, 347, 349, 348, 1, -1, -0.7853981633974483, 1.4142135623730951
1361, 7, 604, 328, 603, 327, 1, 1, 0.7853981633974483, 1.4142135623730951
1361, 12, 73, 393, 72, 394, 1, -1, -0.7853981633974483, 1.4142135623730951
1361, 22, 387, 369, 386, 371, 1, -2, -1.1071487177940904, 2.23606797749979
1361, 31, 402, 155, 401, 157, 1, -2, -1.1071487177940904, 2.23606797749979
1361, 35, 382, 358, 381, 360, 1, -2, -1.1071487177940904, 2.23606797749979
1361, 40, 410, 300, 410, 302, 0, -2, -1.5707963267948966, 2.0
1361, 49, 263, 336, 262, 337, 1, -1, -0.7853981633974483, 1.4142135623730951
1361, 50, 369, 299, 369, 302, 0, -3, -1.5707963267948966, 3.0
1361, 64, 568, 280, 567, 278, 1, 2, 1.1071487177940904, 2.23606797749979
1361, 66, 408, 342, 407, 346, 1, -4, -1.3258176636680326, 4.123105625617661
1362, 18, 372, 303, 373, 306, -1, -3, -1.892546881191539, 3.1622776601683795
1362, 21, 548, 213, 547, 212, 1, 1, 0.7853981633974483, 1.4142135623730951
1362, 22, 388, 368, 387, 369, 1, -1, -0.7853981633974483, 1.4142135623730951
1362, 26, 273, 413, 272, 414, 1, -1, -0.7853981633974483, 1.4142135623730951
1362, 31, 402, 153, 402, 155, 0, -2, -1.5707963267948966, 2.0
1362, 35, 383, 357, 382, 358, 1, -1, -0.7853981633974483, 1.4142135623730951
1362, 38, 159, 316, 163, 314, -4, 2, 2.677945044588987, 4.47213595499958
1362, 43, 344, 364, 343, 365, 1, -1, -0.7853981633974483, 1.4142135623730951
1362, 46, 469, 149, 468, 150, 1, -1, -0.7853981633974483, 1.4142135623730951
1362, 51, 244, 402, 243, 403, 1, -1, -0.7853981633974483, 1.4142135623730951
1362, 55, 120, 213, 119, 214, 1, -1, -0.7853981633974483, 1.4142135623730951
1362, 63, 567, 281, 568, 280, -1, 1, 2.356194490192345, 1.4142135623730951
1362, 64, 458, 156, 457, 157, 1, -1, -0.7853981633974483, 1.4142135623730951
1362, 65, 409, 338, 408, 342, 1, -4, -1.3258176636680326, 4.123105625617661
1362, 66, 129, 412, 128, 413, 1, -1, -0.7853981633974483, 1.4142135623730951
1363, 2, 415, 176, 414, 178, 1, -2, -1.1071487177940904, 2.23606797749979
1363, 3, 353, 346, 351, 347, 2, -1, -0.4636476090008061, 2.23606797749979
1363, 4, 296, 349, 294, 349, 2, 0, 0.0, 2.0
1363, 9, 221, 408, 220, 409, 1, -1, -0.7853981633974483, 1.4142135623730951
1363, 13, 515, 159, 514, 158, 1, 1, 0.7853981633974483, 1.4142135623730951
1363, 16, 371, 301, 372, 303, -1, -2, -2.0344439357957027, 2.23606797749979
1363, 25, 509, 125, 507, 124, 2, 1, 0.4636476090008061, 2.23606797749979
1363, 32, 384, 355, 383, 357, 1, -2, -1.1071487177940904, 2.23606797749979
1363, 39, 304, 357, 303, 358, 1, -1, -0.7853981633974483, 1.4142135623730951
1363, 47, 369, 295, 369, 298, 0, -3, -1.5707963267948966, 3.0
1363, 50, 580, 269, 579, 268, 1, 1, 0.7853981633974483, 1.4142135623730951
1363, 59, 568, 282, 567, 281, 1, 1, 0.7853981633974483, 1.4142135623730951
1363, 60, 459, 155, 458, 156, 1, -1, -0.7853981633974483, 1.4142135623730951
1363, 61, 410, 334, 409, 338, 1, -4, -1.3258176636680326, 4.123105625617661
1363, 62, 130, 411, 129, 412, 1, -1, -0.7853981633974483, 1.4142135623730951
1364, 3, 354, 345, 353, 346, 1, -1, -0.7853981633974483, 1.4142135623730951
1364, 16, 371, 299, 371, 301, 0, -2, -1.5707963267948966, 2.0
1364, 17, 544, 153, 544, 148, 0, 5, 1.5707963267948966, 5.0
1364, 19, 550, 216, 548, 214, 2, 2, 0.7853981633974483, 2.8284271247461903
1364, 20, 388, 365, 388, 367, 0, -2, -1.5707963267948966, 2.0
1364, 25, 510, 126, 509, 125, 1, 1, 0.7853981633974483, 1.4142135623730951
1364, 28, 403, 150, 402, 152, 1, -2, -1.1071487177940904, 2.23606797749979
1364, 31, 385, 354, 384, 355, 1, -1, -0.7853981633974483, 1.4142135623730951
1364, 35, 558, 237, 560, 237, -2, 0, 3.141592653589793, 2.0
1364, 40, 267, 404, 266, 405, 1, -1, -0.7853981633974483, 1.4142135623730951
1364, 42, 470, 147, 469, 148, 1, -1, -0.7853981633974483, 1.4142135623730951
1364, 52, 308, 261, 309, 260, -1, 1, 2.356194490192345, 1.4142135623730951
1364, 58, 461, 154, 459, 155, 2, -1, -0.4636476090008061, 2.23606797749979
1364, 59, 412, 329, 410, 334, 2, -5, -1.1902899496825317, 5.385164807134504
1364, 64, 352, 340, 351, 341, 1, -1, -0.7853981633974483, 1.4142135623730951
1365, 9, 111, 236, 110, 237, 1, -1, -0.7853981633974483, 1.4142135623730951
1365, 16, 274, 414, 273, 415, 1, -1, -0.7853981633974483, 1.4142135623730951
1365, 23, 551, 216, 550, 215, 1, 1, 0.7853981633974483, 1.4142135623730951
1365, 24, 390, 368, 389, 370, 1, -2, -1.1071487177940904, 2.23606797749979
1365, 25, 463, 156, 461, 157, 2, -1, -0.4636476090008061, 2.23606797749979
1365, 26, 510, 130, 508, 128, 2, 2, 0.7853981633974483, 2.8284271247461903
1365, 30, 402, 153, 402, 155, 0, -2, -1.5707963267948966, 2.0
1365, 33, 271, 406, 269, 407, 2, -1, -0.4636476090008061, 2.23606797749979
1365, 36, 146, 186, 145, 187, 1, -1, -0.7853981633974483, 1.4142135623730951
1365, 37, 433, 122, 434, 124, -1, -2, -2.0344439357957027, 2.23606797749979
1365, 39, 395, 220, 396, 222, -1, -2, -2.0344439357957027, 2.23606797749979
1365, 48, 524, 123, 522, 124, 2, -1, -0.4636476090008061, 2.23606797749979
1365, 51, 401, 318, 401, 320, 0, -2, -1.5707963267948966, 2.0
1365, 59, 472, 150, 472, 152, 0, -2, -1.5707963267948966, 2.0
1365, 70, 278, 400, 277, 401, 1, -1, -0.7853981633974483, 1.4142135623730951
1365, 73, 543, 152, 542, 151, 1, 1, 0.7853981633974483, 1.4142135623730951
1365, 74, 129, 412, 128, 413, 1, -1, -0.7853981633974483, 1.4142135623730951
1365, 80, 563, 243, 563, 241, 0, 2, 1.5707963267948966, 2.0
1365, 81, 458, 233, 459, 235, -1, -2, -2.0344439357957027, 2.23606797749979
1366, 3, 353, 346, 352, 347, 1, -1, -0.7853981633974483, 1.4142135623730951
1366, 8, 222, 407, 221, 408, 1, -1, -0.7853981633974483, 1.4142135623730951
1366, 16, 275, 413, 274, 414, 1, -1, -0.7853981633974483, 1.4142135623730951
1366, 23, 552, 218, 551, 216, 1, 2, 1.1071487177940904, 2.23606797749979
1366, 24, 390, 366, 390, 368, 0, -2, -1.5707963267948966, 2.0
1366, 25, 464, 155, 463, 156, 1, -1, -0.7853981633974483, 1.4142135623730951
1366, 26, 513, 132, 510, 130, 3, 2, 0.5880026035475675, 3.605551275463989
1366, 33, 272, 405, 271, 406, 1, -1, -0.7853981633974483, 1.4142135623730951
1366, 46, 148, 228, 150, 227, -2, 1, 2.677945044588987, 2.23606797749979
1366, 47, 526, 124, 524, 123, 2, 1, 0.4636476090008061, 2.23606797749979
1366, 50, 401, 316, 401, 318, 0, -2, -1.5707963267948966, 2.0
1366, 71, 543, 155, 543, 152, 0, 3, 1.5707963267948966, 3.0
1366, 73, 198, 224, 197, 227, 1, -3, -1.2490457723982544, 3.1622776601683795
1366, 77, 563, 245, 563, 243, 0, 2, 1.5707963267948966, 2.0
1367, 3, 354, 345, 353, 346, 1, -1, -0.7853981633974483, 1.4142135623730951
1367, 14, 276, 412, 275, 413, 1, -1, -0.7853981633974483, 1.4142135623730951
1367, 21, 553, 219, 552, 218, 1, 1, 0.7853981633974483, 1.4142135623730951
1367, 22, 391, 364, 390, 366, 1, -2, -1.1071487177940904, 2.23606797749979
1367, 23, 465, 154, 464, 155, 1, -1, -0.7853981633974483, 1.4142135623730951
1367, 24, 516, 134, 513, 132, 3, 2, 0.5880026035475675, 3.605551275463989
1367, 31, 274, 404, 272, 405, 2, -1, -0.4636476090008061, 2.23606797749979
1367, 34, 144, 389, 143, 391, 1, -2, -1.1071487177940904, 2.23606797749979
1367, 43, 528, 124, 526, 124, 2, 0, 0.0, 2.0
1367, 54, 473, 147, 472, 149, 1, -2, -1.1071487177940904, 2.23606797749979
1367, 59, 487, 145, 486, 146, 1, -1, -0.7853981633974483, 1.4142135623730951
1367, 65, 275, 362, 274, 363, 1, -1, -0.7853981633974483, 1.4142135623730951
1367, 67, 545, 156, 543, 155, 2, 1, 0.4636476090008061, 2.23606797749979
1367, 68, 130, 410, 129, 411, 1, -1, -0.7853981633974483, 1.4142135623730951
1367, 73, 562, 248, 563, 245, -1, 3, 1.892546881191539, 3.1622776601683795
1368, 2, 298, 347, 297, 348, 1, -1, -0.7853981633974483, 1.4142135623730951
1368, 19, 554, 220, 553, 219, 1, 1, 0.7853981633974483, 1.4142135623730951
1368, 20, 391, 362, 391, 364, 0, -2, -1.5707963267948966, 2.0
1368, 21, 466, 153, 465, 154, 1, -1, -0.7853981633974483, 1.4142135623730951
1368, 22, 517, 135, 516, 134, 1, 1, 0.7853981633974483, 1.4142135623730951
1368, 26, 402, 149, 402, 151, 0, -2, -1.5707963267948966, 2.0
1368, 29, 276, 404, 274, 404, 2, 0, 0.0, 2.0
1368, 34, 355, 317, 355, 319, 0, -2, -1.5707963267948966, 2.0
1368, 41, 529, 125, 528, 124, 1, 1, 0.7853981633974483, 1.4142135623730951
1368, 44, 400, 314, 400, 316, 0, -2, -1.5707963267948966, 2.0
1368, 51, 474, 146, 473, 147, 1, -1, -0.7853981633974483, 1.4142135623730951
1368, 55, 488, 144, 487, 145, 1, -1, -0.7853981633974483, 1.4142135623730951
1368, 59, 441, 136, 440, 137, 1, -1, -0.7853981633974483, 1.4142135623730951
1368, 68, 562, 250, 562, 248, 0, 2, 1.5707963267948966, 2.0
1369, 3, 355, 343, 354, 344, 1, -1, -0.7853981633974483, 1.4142135623730951
1369, 6, 224, 406, 223, 407, 1, -1, -0.7853981633974483, 1.4142135623730951
1369, 10, 414, 258, 413, 259, 1, -1, -0.7853981633974483, 1.4142135623730951
1369, 12, 278, 411, 277, 412, 1, -1, -0.7853981633974483, 1.4142135623730951
1369, 19, 555, 221, 554, 220, 1, 1, 0.7853981633974483, 1.4142135623730951
1369, 21, 467, 152, 466, 153, 1, -1, -0.7853981633974483, 1.4142135623730951
1369, 22, 519, 136, 517, 135, 2, 1, 0.4636476090008061, 2.23606797749979
1369, 29, 278, 403, 276, 404, 2, -1, -0.4636476090008061, 2.23606797749979
1369, 41, 531, 125, 529, 125, 2, 0, 0.0, 2.0
1369, 50, 134, 307, 136, 306, -2, 1, 2.677945044588987, 2.23606797749979
1369, 51, 475, 145, 474, 146, 1, -1, -0.7853981633974483, 1.4142135623730951
1369, 55, 489, 145, 488, 144, 1, 1, 0.7853981633974483, 1.4142135623730951
1369, 56, 141, 302, 144, 302, -3, 0, 3.141592653589793, 3.0
1369, 58, 442, 135, 441, 136, 1, -1, -0.7853981633974483, 1.4142135623730951
1369, 63, 132, 409, 131, 410, 1, -1, -0.7853981633974483, 1.4142135623730951
1369, 65, 398, 157, 397, 158, 1, -1, -0.7853981633974483, 1.4142135623730951
1369, 67, 562, 252, 562, 250, 0, 2, 1.5707963267948966, 2.0
1370, 7, 608, 333, 609, 332, -1, 1, 2.356194490192345, 1.4142135623730951
1370, 8, 222, 406, 221, 407, 1, -1, -0.7853981633974483, 1.4142135623730951
1370, 17, 276, 401, 275, 402, 1, -1, -0.7853981633974483, 1.4142135623730951
1370, 20, 392, 364, 392, 366, 0, -2, -1.5707963267948966, 2.0
1370, 22, 555, 161, 554, 160, 1, 1, 0.7853981633974483, 1.4142135623730951
1370, 34, 272, 313, 274, 314, -2, -1, -2.677945044588987, 2.23606797749979
1370, 44, 553, 222, 553, 220, 0, 2, 1.5707963267948966, 2.0
1370, 52, 400, 312, 401, 314, -1, -2, -2.0344439357957027, 2.23606797749979
1370, 61, 558, 244, 558, 241, 0, 3, 1.5707963267948966, 3.0
1370, 63, 290, 348, 289, 347, 1, 1, 0.7853981633974483, 1.4142135623730951
1370, 70, 574, 213, 575, 212, -1, 1, 2.356194490192345, 1.4142135623730951
1370, 72, 573, 287, 573, 285, 0, 2, 1.5707963267948966, 2.0
1370, 73, 414, 347, 412, 348, 2, -1, -0.4636476090008061, 2.23606797749979
1371, 0, 357, 344, 356, 346, 1, -2, -1.1071487177940904, 2.23606797749979
1371, 1, 416, 174, 416, 176, 0, -2, -1.5707963267948966, 2.0
1371, 8, 223, 405, 222, 406, 1, -1, -0.7853981633974483, 1.4142135623730951
1371, 11, 550, 150, 548, 151, 2, -1, -0.4636476090008061, 2.23606797749979
1371, 19, 393, 362, 392, 364, 1, -2, -1.1071487177940904, 2.23606797749979
1371, 24, 385, 356, 385, 358, 0, -2, -1.5707963267948966, 2.0
1371, 34, 405, 150, 404, 152, 1, -2, -1.1071487177940904, 2.23606797749979
1371, 37, 349, 348, 347, 349, 2, -1, -0.4636476090008061, 2.23606797749979
1371, 41, 553, 224, 553, 222, 0, 2, 1.5707963267948966, 2.0
1371, 57, 476, 147, 475, 149, 1, -2, -1.1071487177940904, 2.23606797749979
1371, 58, 559, 247, 558, 244, 1, 3, 1.2490457723982544, 3.1622776601683795
1371, 68, 415, 345, 414, 347, 1, -2, -1.1071487177940904, 2.23606797749979
1372, 0, 358, 342, 357, 344, 1, -2, -1.1071487177940904, 2.23606797749979
1372, 1, 416, 172, 416, 174, 0, -2, -1.5707963267948966, 2.0
1372, 2, 274, 262, 273, 263, 1, -1, -0.7853981633974483, 1.4142135623730951
1372, 3, 299, 348, 298, 349, 1, -1, -0.7853981633974483, 1.4142135623730951
1372, 7, 224, 404, 223, 405, 1, -1, -0.7853981633974483, 1.4142135623730951
1372, 9, 552, 151, 550, 150, 2, 1, 0.4636476090008061, 2.23606797749979
1372, 14, 278, 400, 277, 401, 1, -1, -0.7853981633974483, 1.4142135623730951
1372, 17, 393, 360, 393, 362, 0, -2, -1.5707963267948966, 2.0
1372, 18, 553, 163, 555, 162, -2, 1, 2.677945044588987, 2.23606797749979
1372, 35, 350, 347, 349, 348, 1, -1, -0.7853981633974483, 1.4142135623730951
1372, 42, 510, 160, 509, 158, 1, 2, 1.1071487177940904, 2.23606797749979
1372, 53, 553, 164, 553, 166, 0, -2, -1.5707963267948966, 2.0
1372, 54, 477, 146, 476, 147, 1, -1, -0.7853981633974483, 1.4142135623730951
1372, 55, 560, 250, 559, 247, 1, 3, 1.2490457723982544, 3.1622776601683795
1372, 62, 575, 215, 574, 214, 1, 1, 0.7853981633974483, 1.4142135623730951
1372, 63, 257, 373, 256, 374, 1, -1, -0.7853981633974483, 1.4142135623730951
1372, 65, 416, 343, 415, 345, 1, -2, -1.1071487177940904, 2.23606797749979
1373, 0, 358, 340, 358, 342, 0, -2, -1.5707963267948966, 2.0
1373, 1, 415, 170, 416, 172, -1, -2, -2.0344439357957027, 2.23606797749979
1373, 8, 279, 410, 278, 411, 1, -1, -0.7853981633974483, 1.4142135623730951
1373, 9, 553, 153, 552, 151, 1, 2, 1.1071487177940904, 2.23606797749979
1373, 16, 518, 166, 517, 165, 1, 1, 0.7853981633974483, 1.4142135623730951
1373, 17, 393, 358, 393, 360, 0, -2, -1.5707963267948966, 2.0
1373, 35, 351, 346, 350, 347, 1, -1, -0.7853981633974483, 1.4142135623730951
1373, 41, 511, 161, 510, 160, 1, 1, 0.7853981633974483, 1.4142135623730951
1373, 47, 305, 359, 304, 361, 1, -2, -1.1071487177940904, 2.23606797749979
1373, 51, 478, 145, 477, 146, 1, -1, -0.7853981633974483, 1.4142135623730951
1373, 52, 561, 252, 560, 250, 1, 2, 1.1071487177940904, 2.23606797749979
1373, 54, 128, 263, 129, 262, -1, 1, 2.356194490192345, 1.4142135623730951
1373, 57, 605, 310, 604, 308, 1, 2, 1.1071487177940904, 2.23606797749979
1373, 60, 572, 291, 573, 289, -1, 2, 2.0344439357957027, 2.23606797749979
1373, 61, 418, 340, 416, 343, 2, -3, -0.982793723247329, 3.605551275463989
1374, 0, 359, 339, 358, 340, 1, -1, -0.7853981633974483, 1.4142135623730951
1374, 1, 416, 168, 415, 170, 1, -2, -1.1071487177940904, 2.23606797749979
1374, 3, 300, 346, 299, 347, 1, -1, -0.7853981633974483, 1.4142135623730951
1374, 8, 555, 155, 553, 153, 2, 2, 0.7853981633974483, 2.8284271247461903
1374, 16, 394, 356, 393, 358, 1, -2, -1.1071487177940904, 2.23606797749979
1374, 17, 551, 161, 552, 163, -1, -2, -2.0344439357957027, 2.23606797749979
1374, 21, 386, 353, 385, 354, 1, -1, -0.7853981633974483, 1.4142135623730951
1374, 34, 352, 345, 351, 346, 1, -1, -0.7853981633974483, 1.4142135623730951
1374, 40, 512, 162, 511, 161, 1, 1, 0.7853981633974483, 1.4142135623730951
1374, 49, 551, 162, 552, 164, -1, -2, -2.0344439357957027, 2.23606797749979
1374, 50, 479, 144, 478, 145, 1, -1, -0.7853981633974483, 1.4142135623730951
1374, 51, 562, 255, 561, 252, 1, 3, 1.2490457723982544, 3.1622776601683795
1374, 56, 576, 217, 576, 215, 0, 2, 1.5707963267948966, 2.0
1374, 58, 573, 292, 572, 291, 1, 1, 0.7853981633974483, 1.4142135623730951
1374, 59, 418, 337, 418, 340, 0, -3, -1.5707963267948966, 3.0
1375, 12, 282, 412, 281, 413, 1, -1, -0.7853981633974483, 1.4142135623730951
1375, 24, 394, 361, 394, 363, 0, -2, -1.5707963267948966, 2.0
1375, 31, 407, 150, 406, 151, 1, -1, -0.7853981633974483, 1.4142135623730951
1375, 40, 635, 350, 638, 349, -3, 1, 2.819842099193151, 3.1622776601683795
1375, 46, 480, 126, 478, 127, 2, -1, -0.4636476090008061, 2.23606797749979
1375, 49, 452, 301, 449, 303, 3, -2, -0.5880026035475675, 3.605551275463989
1375, 51, 410, 181, 410, 183, 0, -2, -1.5707963267948966, 2.0
1375, 54, 208, 194, 209, 196, -1, -2, -2.0344439357957027, 2.23606797749979
1375, 56, 555, 225, 554, 224, 1, 1, 0.7853981633974483, 1.4142135623730951
1375, 62, 302, 357, 301, 358, 1, -1, -0.7853981633974483, 1.4142135623730951
1375, 65, 394, 349, 393, 351, 1, -2, -1.1071487177940904, 2.23606797749979
1375, 68, 110, 389, 112, 389, -2, 0, 3.141592653589793, 2.0
1375, 73, 465, 145, 464, 146, 1, -1, -0.7853981633974483, 1.4142135623730951
1375, 78, 533, 130, 532, 129, 1, 1, 0.7853981633974483, 1.4142135623730951
1376, 3, 416, 170, 417, 172, -1, -2, -2.0344439357957027, 2.23606797749979
1376, 5, 360, 343, 359, 344, 1, -1, -0.7853981633974483, 1.4142135623730951
1376, 8, 611, 337, 610, 336, 1, 1, 0.7853981633974483, 1.4142135623730951
1376, 13, 524, 132, 523, 131, 1, 1, 0.7853981633974483, 1.4142135623730951
1376, 23, 395, 360, 394, 361, 1, -1, -0.7853981633974483, 1.4142135623730951
1376, 29, 408, 148, 407, 150, 1, -2, -1.1071487177940904, 2.23606797749979
1376, 39, 285, 401, 284, 402, 1, -1, -0.7853981633974483, 1.4142135623730951
1376, 41, 371, 294, 372, 297, -1, -3, -1.892546881191539, 3.1622776601683795
1376, 43, 483, 125, 480, 126, 3, -1, -0.3217505543966422, 3.1622776601683795
1376, 44, 253, 402, 252, 403, 1, -1, -0.7853981633974483, 1.4142135623730951
1376, 46, 451, 302, 452, 301, -1, 1, 2.356194490192345, 1.4142135623730951
1376, 55, 229, 365, 228, 364, 1, 1, 0.7853981633974483, 1.4142135623730951
1376, 61, 394, 347, 394, 349, 0, -2, -1.5707963267948966, 2.0
1376, 64, 106, 390, 110, 389, -4, 1, 2.896613990462929, 4.123105625617661
1376, 69, 466, 144, 465, 145, 1, -1, -0.7853981633974483, 1.4142135623730951
1377, 5, 361, 342, 360, 343, 1, -1, -0.7853981633974483, 1.4142135623730951
1377, 11, 525, 133, 524, 132, 1, 1, 0.7853981633974483, 1.4142135623730951
1377, 18, 468, 224, 469, 228, -1, -4, -1.8157749899217608, 4.123105625617661
1377, 21, 395, 358, 395, 360, 0, -2, -1.5707963267948966, 2.0
1377, 27, 409, 147, 408, 148, 1, -1, -0.7853981633974483, 1.4142135623730951
1377, 28, 123, 213, 122, 214, 1, -1, -0.7853981633974483, 1.4142135623730951
1377, 37, 286, 400, 285, 401, 1, -1, -0.7853981633974483, 1.4142135623730951
1377, 39, 371, 291, 371, 294, 0, -3, -1.5707963267948966, 3.0
1377, 41, 485, 125, 483, 125, 2, 0, 0.0, 2.0
1377, 49, 206, 192, 208, 193, -2, -1, -2.677945044588987, 2.23606797749979
1377, 60, 338, 325, 337, 326, 1, -1, -0.7853981633974483, 1.4142135623730951
1377, 63, 274, 337, 272, 338, 2, -1, -0.4636476090008061, 2.23606797749979
1377, 66, 467, 143, 466, 144, 1, -1, -0.7853981633974483, 1.4142135623730951
1377, 68, 152, 185, 149, 185, 3, 0, 0.0, 3.0
1378, 2, 416, 167, 416, 169, 0, -2, -1.5707963267948966, 2.0
1378, 6, 614, 340, 611, 338, 3, 2, 0.5880026035475675, 3.605551275463989
1378, 9, 526, 134, 525, 133, 1, 1, 0.7853981633974483, 1.4142135623730951
1378, 19, 396, 357, 395, 358, 1, -1, -0.7853981633974483, 1.4142135623730951
1378, 24, 307, 263, 307, 261, 0, 2, 1.5707963267948966, 2.0
1378, 37, 370, 288, 371, 291, -1, -3, -1.892546881191539, 3.1622776601683795
1378, 39, 487, 125, 485, 125, 2, 0, 0.0, 2.0
1378, 45, 140, 409, 137, 411, 3, -2, -0.5880026035475675, 3.605551275463989
1378, 50, 231, 363, 229, 364, 2, -1, -0.4636476090008061, 2.23606797749979
1378, 55, 337, 385, 336, 386, 1, -1, -0.7853981633974483, 1.4142135623730951
1378, 62, 468, 142, 467, 143, 1, -1, -0.7853981633974483, 1.4142135623730951
1378, 63, 153, 184, 152, 185, 1, -1, -0.7853981633974483, 1.4142135623730951
1378, 65, 536, 132, 534, 131, 2, 1, 0.4636476090008061, 2.23606797749979
1379, 1, 302, 347, 301, 348, 1, -1, -0.7853981633974483, 1.4142135623730951
1379, 4, 362, 339, 361, 341, 1, -2, -1.1071487177940904, 2.23606797749979
1379, 6, 613, 341, 614, 340, -1, 1, 2.356194490192345, 1.4142135623730951
1379, 19, 397, 355, 396, 357, 1, -2, -1.1071487177940904, 2.23606797749979
1379, 23, 409, 144, 409, 146, 0, -2, -1.5707963267948966, 2.0
1379, 34, 368, 285, 370, 288, -2, -3, -2.158798930342464, 3.605551275463989
1379, 36, 488, 126, 487, 125, 1, 1, 0.7853981633974483, 1.4142135623730951
1379, 39, 450, 305, 451, 304, -1, 1, 2.356194490192345, 1.4142135623730951
1379, 42, 204, 192, 206, 192, -2, 0, 3.141592653589793, 2.0
1379, 51, 335, 386, 337, 385, -2, 1, 2.677945044588987, 2.23606797749979
1379, 58, 469, 141, 468, 142, 1, -1, -0.7853981633974483, 1.4142135623730951
1379, 61, 537, 134, 536, 132, 1, 2, 1.1071487177940904, 2.23606797749979
1380, 6, 228, 410, 227, 411, 1, -1, -0.7853981633974483, 1.4142135623730951
1380, 18, 410, 148, 409, 149, 1, -1, -0.7853981633974483, 1.4142135623730951
1380, 25, 523, 175, 522, 173, 1, 2, 1.1071487177940904, 2.23606797749979
1380, 26, 397, 356, 397, 358, 0, -2, -1.5707963267948966, 2.0
1380, 33, 557, 168, 557, 165, 0, 3, 1.5707963267948966, 3.0
1380, 36, 286, 412, 285, 413, 1, -1, -0.7853981633974483, 1.4142135623730951
1380, 38, 582, 228, 581, 226, 1, 2, 1.1071487177940904, 2.23606797749979
1380, 42, 340, 324, 338, 325, 2, -1, -0.4636476090008061, 2.23606797749979
1380, 51, 254, 401, 253, 402, 1, -1, -0.7853981633974483, 1.4142135623730951
1380, 53, 537, 134, 536, 133, 1, 1, 0.7853981633974483, 1.4142135623730951
1380, 67, 498, 130, 496, 131, 2, -1, -0.4636476090008061, 2.23606797749979
1380, 69, 435, 308, 434, 311, 1, -3, -1.2490457723982544, 3.1622776601683795
1380, 70, 558, 230, 557, 229, 1, 1, 0.7853981633974483, 1.4142135623730951
1380, 73, 415, 223, 416, 226, -1, -3, -1.892546881191539, 3.1622776601683795
1380, 76, 551, 162, 551, 160, 0, 2, 1.5707963267948966, 2.0
1381, 3, 362, 342, 361, 343, 1, -1, -0.7853981633974483, 1.4142135623730951
1381, 8, 288, 402, 287, 403, 1, -1, -0.7853981633974483, 1.4142135623730951
1381, 18, 394, 346, 394, 348, 0, -2, -1.5707963267948966, 2.0
1381, 25, 398, 355, 397, 356, 1, -1, -0.7853981633974483, 1.4142135623730951
1381, 31, 154, 185, 153, 186, 1, -1, -0.7853981633974483, 1.4142135623730951
1381, 32, 557, 171, 557, 168, 0, 3, 1.5707963267948966, 3.0
1381, 36, 583, 229, 582, 228, 1, 1, 0.7853981633974483, 1.4142135623730951
1381, 38, 141, 411, 140, 410, 1, 1, 0.7853981633974483, 1.4142135623730951
1381, 42, 450, 309, 451, 307, -1, 2, 2.0344439357957027, 2.23606797749979
1381, 49, 538, 135, 537, 134, 1, 1, 0.7853981633974483, 1.4142135623730951
1381, 61, 500, 130, 498, 130, 2, 0, 0.0, 2.0
1381, 64, 559, 232, 558, 230, 1, 2, 1.1071487177940904, 2.23606797749979
1381, 67, 415, 220, 415, 223, 0, -3, -1.5707963267948966, 3.0
1381, 69, 553, 165, 551, 162, 2, 3, 0.982793723247329, 3.605551275463989
1382, 3, 363, 341, 362, 342, 1, -1, -0.7853981633974483, 1.4142135623730951
1382, 4, 610, 340, 611, 339, -1, 1, 2.356194490192345, 1.4142135623730951
1382, 19, 568, 261, 569, 260, -1, 1, 2.356194490192345, 1.4142135623730951
1382, 22, 524, 177, 523, 176, 1, 1, 0.7853981633974483, 1.4142135623730951
1382, 23, 399, 353, 398, 355, 1, -2, -1.1071487177940904, 2.23606797749979
1382, 29, 155, 184, 154, 185, 1, -1, -0.7853981633974483, 1.4142135623730951
1382, 34, 584, 230, 583, 229, 1, 1, 0.7853981633974483, 1.4142135623730951
1382, 36, 142, 410, 141, 411, 1, -1, -0.7853981633974483, 1.4142135623730951
1382, 37, 408, 175, 408, 177, 0, -2, -1.5707963267948966, 2.0
1382, 40, 449, 310, 450, 309, -1, 1, 2.356194490192345, 1.4142135623730951
1382, 42, 209, 370, 208, 371, 1, -1, -0.7853981633974483, 1.4142135623730951
1382, 45, 539, 136, 538, 135, 1, 1, 0.7853981633974483, 1.4142135623730951
1382, 54, 501, 129, 500, 130, 1, -1, -0.7853981633974483, 1.4142135623730951
1382, 59, 415, 217, 415, 220, 0, -3, -1.5707963267948966, 3.0
1382, 61, 553, 167, 553, 165, 0, 2, 1.5707963267948966, 2.0
1383, 4, 611, 341, 610, 340, 1, 1, 0.7853981633974483, 1.4142135623730951
1383, 15, 394, 343, 394, 345, 0, -2, -1.5707963267948966, 2.0
1383, 20, 399, 350, 399, 353, 0, -3, -1.5707963267948966, 3.0
1383, 21, 178, 314, 180, 313, -2, 1, 2.677945044588987, 2.23606797749979
1383, 26, 156, 183, 155, 184, 1, -1, -0.7853981633974483, 1.4142135623730951
1383, 29, 289, 411, 288, 412, 1, -1, -0.7853981633974483, 1.4142135623730951
1383, 30, 519, 165, 517, 164, 2, 1, 0.4636476090008061, 2.23606797749979
1383, 31, 584, 232, 584, 230, 0, 2, 1.5707963267948966, 2.0
1383, 37, 448, 311, 449, 310, -1, 1, 2.356194490192345, 1.4142135623730951
1383, 38, 457, 230, 457, 232, 0, -2, -1.5707963267948966, 2.0
1383, 42, 540, 137, 539, 136, 1, 1, 0.7853981633974483, 1.4142135623730951
1383, 47, 400, 148, 400, 150, 0, -2, -1.5707963267948966, 2.0
1383, 53, 560, 235, 559, 233, 1, 2, 1.1071487177940904, 2.23606797749979
1383, 55, 265, 374, 264, 375, 1, -1, -0.7853981633974483, 1.4142135623730951
1383, 56, 416, 215, 415, 217, 1, -2, -1.1071487177940904, 2.23606797749979
1383, 58, 554, 169, 553, 167, 1, 2, 1.1071487177940904, 2.23606797749979
1384, 3, 364, 339, 363, 340, 1, -1, -0.7853981633974483, 1.4142135623730951
1384, 11, 564, 175, 562, 173, 2, 2, 0.7853981633974483, 2.8284271247461903
1384, 14, 396, 342, 394, 343, 2, -1, -0.4636476090008061, 2.23606797749979
1384, 18, 400, 348, 399, 350, 1, -2, -1.1071487177940904, 2.23606797749979
1384, 21, 530, 139, 529, 138, 1, 1, 0.7853981633974483, 1.4142135623730951
1384, 28, 521, 166, 519, 165, 2, 1, 0.4636476090008061, 2.23606797749979
1384, 29, 585, 233, 584, 232, 1, 1, 0.7853981633974483, 1.4142135623730951
1384, 31, 143, 409, 142, 410, 1, -1, -0.7853981633974483, 1.4142135623730951
1384, 36, 457, 228, 457, 230, 0, -2, -1.5707963267948966, 2.0
1384, 38, 256, 399, 255, 400, 1, -1, -0.7853981633974483, 1.4142135623730951
1384, 39, 541, 138, 540, 137, 1, 1, 0.7853981633974483, 1.4142135623730951
1384, 50, 416, 213, 416, 215, 0, -2, -1.5707963267948966, 2.0
1384, 52, 557, 171, 554, 169, 3, 2, 0.5880026035475675, 3.605551275463989
1385, 10, 232, 409, 231, 408, 1, 1, 0.7853981633974483, 1.4142135623730951
1385, 15, 400, 355, 400, 357, 0, -2, -1.5707963267948966, 2.0
1385, 16, 561, 235, 560, 233, 1, 2, 1.1071487177940904, 2.23606797749979
1385, 20, 392, 344, 392, 346, 0, -2, -1.5707963267948966, 2.0
1385, 26, 523, 169, 521, 167, 2, 2, 0.7853981633974483, 2.8284271247461903
1385, 27, 522, 179, 523, 178, -1, 1, 2.356194490192345, 1.4142135623730951
1385, 30, 369, 295, 370, 297, -1, -2, -2.0344439357957027, 2.23606797749979
1385, 34, 261, 401, 260, 402, 1, -1, -0.7853981633974483, 1.4142135623730951
1385, 38, 573, 258, 572, 257, 1, 1, 0.7853981633974483, 1.4142135623730951
1385, 52, 403, 150, 403, 152, 0, -2, -1.5707963267948966, 2.0
1385, 56, 496, 128, 495, 129, 1, -1, -0.7853981633974483, 1.4142135623730951
1385, 59, 157, 183, 156, 184, 1, -1, -0.7853981633974483, 1.4142135623730951
1385, 66, 593, 290, 595, 290, -2, 0, 3.141592653589793, 2.0
1386, 2, 421, 167, 420, 168, 1, -1, -0.7853981633974483, 1.4142135623730951
1386, 3, 366, 338, 365, 339, 1, -1, -0.7853981633974483, 1.4142135623730951
1386, 6, 614, 342, 613, 341, 1, 1, 0.7853981633974483, 1.4142135623730951
1386, 15, 401, 354, 400, 355, 1, -1, -0.7853981633974483, 1.4142135623730951
1386, 18, 527, 140, 525, 138, 2, 2, 0.7853981633974483, 2.8284271247461903
1386, 19, 393, 342, 392, 344, 1, -2, -1.1071487177940904, 2.23606797749979
1386, 24, 523, 171, 523, 169, 0, 2, 1.5707963267948966, 2.0
1386, 27, 125, 213, 124, 214, 1, -1, -0.7853981633974483, 1.4142135623730951
1386, 28, 290, 412, 289, 413, 1, -1, -0.7853981633974483, 1.4142135623730951
1386, 33, 574, 259, 573, 258, 1, 1, 0.7853981633974483, 1.4142135623730951
1386, 36, 579, 302, 578, 301, 1, 1, 0.7853981633974483, 1.4142135623730951
1386, 37, 127, 383, 129, 383, -2, 0, 3.141592653589793, 2.0
1386, 38, 583, 233, 584, 232, -1, 1, 2.356194490192345, 1.4142135623730951
1386, 47, 404, 148, 403, 150, 1, -2, -1.1071487177940904, 2.23606797749979
1386, 48, 458, 119, 457, 120, 1, -1, -0.7853981633974483, 1.4142135623730951
1386, 51, 607, 318, 606, 317, 1, 1, 0.7853981633974483, 1.4142135623730951
1386, 52, 158, 182, 157, 183, 1, -1, -0.7853981633974483, 1.4142135623730951
1386, 59, 593, 292, 593, 290, 0, 2, 1.5707963267948966, 2.0
1386, 64, 588, 283, 589, 282, -1, 1, 2.356194490192345, 1.4142135623730951
1387, 3, 367, 337, 366, 338, 1, -1, -0.7853981633974483, 1.4142135623730951
1387, 14, 402, 352, 401, 354, 1, -2, -1.1071487177940904, 2.23606797749979
1387, 17, 529, 143, 527, 140, 2, 3, 0.982793723247329, 3.605551275463989
1387, 18, 394, 340, 393, 342, 1, -2, -1.1071487177940904, 2.23606797749979
1387, 23, 524, 174, 523, 171, 1, 3, 1.2490457723982544, 3.1622776601683795
1387, 25, 291, 411, 290, 412, 1, -1, -0.7853981633974483, 1.4142135623730951
1387, 28, 575, 260, 574, 259, 1, 1, 0.7853981633974483, 1.4142135623730951
1387, 41, 405, 146, 404, 148, 1, -2, -1.1071487177940904, 2.23606797749979
1387, 57, 499, 156, 497, 155, 2, 1, 0.4636476090008061, 2.23606797749979
1387, 58, 587, 284, 588, 283, -1, 1, 2.356194490192345, 1.4142135623730951
1388, 2, 422, 164, 421, 166, 1, -2, -1.1071487177940904, 2.23606797749979
1388, 3, 368, 336, 367, 337, 1, -1, -0.7853981633974483, 1.4142135623730951
1388, 6, 615, 343, 614, 342, 1, 1, 0.7853981633974483, 1.4142135623730951
1388, 7, 569, 170, 567, 169, 2, 1, 0.4636476090008061, 2.23606797749979
1388, 12, 411, 143, 411, 145, 0, -2, -1.5707963267948966, 2.0
1388, 14, 402, 350, 402, 352, 0, -2, -1.5707963267948966, 2.0
1388, 16, 531, 146, 529, 143, 2, 3, 0.982793723247329, 3.605551275463989
1388, 17, 394, 338, 394, 340, 0, -2, -1.5707963267948966, 2.0
1388, 23, 292, 410, 291, 411, 1, -1, -0.7853981633974483, 1.4142135623730951
1388, 24, 262, 399, 261, 400, 1, -1, -0.7853981633974483, 1.4142135623730951
1388, 28, 578, 303, 579, 302, -1, 1, 2.356194490192345, 1.4142135623730951
1388, 29, 129, 382, 126, 383, 3, -1, -0.3217505543966422, 3.1622776601683795
1388, 35, 182, 369, 184, 369, -2, 0, 3.141592653589793, 2.0
1388, 39, 406, 145, 405, 146, 1, -1, -0.7853981633974483, 1.4142135623730951
1388, 42, 608, 320, 607, 319, 1, 1, 0.7853981633974483, 1.4142135623730951
1388, 43, 159, 180, 158, 181, 1, -1, -0.7853981633974483, 1.4142135623730951
1388, 45, 623, 346, 621, 346, 2, 0, 0.0, 2.0
1388, 54, 586, 286, 587, 284, -1, 2, 2.0344439357957027, 2.23606797749979
1389, 1, 277, 262, 276, 263, 1, -1, -0.7853981633974483, 1.4142135623730951
1389, 7, 569, 172, 569, 170, 0, 2, 1.5707963267948966, 2.0
1389, 14, 403, 349, 402, 350, 1, -1, -0.7853981633974483, 1.4142135623730951
1389, 16, 533, 147, 531, 146, 2, 1, 0.4636476090008061, 2.23606797749979
1389, 17, 395, 337, 394, 338, 1, -1, -0.7853981633974483, 1.4142135623730951
1389, 28, 579, 304, 578, 303, 1, 1, 0.7853981633974483, 1.4142135623730951
1389, 30, 581, 232, 582, 234, -1, -2, -2.0344439357957027, 2.23606797749979
1389, 34, 184, 369, 182, 369, 2, 0, 0.0, 2.0
1389, 36, 146, 408, 145, 409, 1, -1, -0.7853981633974483, 1.4142135623730951
1389, 38, 407, 144, 406, 145, 1, -1, -0.7853981633974483, 1.4142135623730951
1389, 42, 160, 179, 159, 180, 1, -1, -0.7853981633974483, 1.4142135623730951
1389, 44, 625, 347, 623, 346, 2, 1, 0.4636476090008061, 2.23606797749979
1389, 47, 129, 265, 130, 267, -1, -2, -2.0344439357957027, 2.23606797749979
1389, 50, 502, 156, 500, 156, 2, 0, 0.0, 2.0
1389, 51, 586, 288, 586, 286, 0, 2, 1.5707963267948966, 2.0
1390, 5, 369, 337, 368, 338, 1, -1, -0.7853981633974483, 1.4142135623730951
1390, 13, 567, 170, 566, 169, 1, 1, 0.7853981633974483, 1.4142135623730951
1390, 17, 403, 352, 403, 354, 0, -2, -1.5707963267948966, 2.0
1390, 21, 414, 144, 413, 146, 1, -2, -1.1071487177940904, 2.23606797749979
1390, 27, 626, 348, 623, 348, 3, 0, 0.0, 3.0
1390, 32, 367, 293, 369, 295, -2, -2, -2.356194490192345, 2.8284271247461903
1390, 35, 125, 239, 125, 241, 0, -2, -1.5707963267948966, 2.0
1390, 37, 534, 150, 532, 149, 2, 1, 0.4636476090008061, 2.23606797749979
1390, 38, 567, 181, 568, 180, -1, 1, 2.356194490192345, 1.4142135623730951
1390, 42, 125, 342, 124, 343, 1, -1, -0.7853981633974483, 1.4142135623730951
1390, 43, 160, 182, 159, 183, 1, -1, -0.7853981633974483, 1.4142135623730951
1390, 45, 397, 340, 396, 342, 1, -2, -1.1071487177940904, 2.23606797749979
1390, 53, 261, 401, 259, 403, 2, -2, -0.7853981633974483, 2.8284271247461903
1390, 58, 412, 295, 411, 298, 1, -3, -1.2490457723982544, 3.1622776601683795
1390, 61, 394, 348, 393, 350, 1, -2, -1.1071487177940904, 2.23606797749979
1391, 3, 423, 165, 422, 166, 1, -1, -0.7853981633974483, 1.4142135623730951
1391, 4, 370, 335, 369, 337, 1, -2, -1.1071487177940904, 2.23606797749979
1391, 10, 567, 172, 567, 170, 0, 2, 1.5707963267948966, 2.0
1391, 14, 404, 350, 403, 352, 1, -2, -1.1071487177940904, 2.23606797749979
1391, 18, 294, 412, 293, 413, 1, -1, -0.7853981633974483, 1.4142135623730951
1391, 20, 147, 412, 146, 413, 1, -1, -0.7853981633974483, 1.4142135623730951
1391, 21, 411, 170, 411, 172, 0, -2, -1.5707963267948966, 2.0
1391, 23, 629, 347, 626, 348, 3, -1, -0.3217505543966422, 3.1622776601683795
1391, 26, 314, 333, 313, 334, 1, -1, -0.7853981633974483, 1.4142135623730951
1391, 32, 535, 151, 534, 150, 1, 1, 0.7853981633974483, 1.4142135623730951
1391, 37, 126, 341, 125, 342, 1, -1, -0.7853981633974483, 1.4142135623730951
1391, 38, 161, 181, 160, 182, 1, -1, -0.7853981633974483, 1.4142135623730951
1391, 40, 398, 338, 397, 340, 1, -2, -1.1071487177940904, 2.23606797749979
1391, 42, 166, 293, 167, 291, -1, 2, 2.0344439357957027, 2.23606797749979
1391, 49, 477, 149, 475, 149, 2, 0, 0.0, 2.0
1392, 3, 423, 163, 423, 165, 0, -2, -1.5707963267948966, 2.0
1392, 5, 237, 408, 236, 409, 1, -1, -0.7853981633974483, 1.4142135623730951
1392, 7, 116, 238, 115, 239, 1, -1, -0.7853981633974483, 1.4142135623730951
1392, 10, 566, 174, 567, 172, -1, 2, 2.0344439357957027, 2.23606797749979
1392, 14, 404, 348, 404, 350, 0, -2, -1.5707963267948966, 2.0
1392, 17, 415, 141, 414, 143, 1, -2, -1.1071487177940904, 2.23606797749979
1392, 18, 295, 411, 294, 412, 1, -1, -0.7853981633974483, 1.4142135623730951
1392, 22, 162, 318, 161, 319, 1, -1, -0.7853981633974483, 1.4142135623730951
1392, 23, 631, 346, 629, 347, 2, -1, -0.4636476090008061, 2.23606797749979
1392, 24, 564, 241, 563, 239, 1, 2, 1.1071487177940904, 2.23606797749979
1392, 26, 315, 332, 314, 333, 1, -1, -0.7853981633974483, 1.4142135623730951
1392, 30, 126, 238, 125, 239, 1, -1, -0.7853981633974483, 1.4142135623730951
1392, 32, 537, 152, 535, 151, 2, 1, 0.4636476090008061, 2.23606797749979
1392, 33, 565, 179, 566, 181, -1, -2, -2.0344439357957027, 2.23606797749979
1392, 36, 126, 339, 126, 341, 0, -2, -1.5707963267948966, 2.0
1392, 37, 162, 180, 161, 181, 1, -1, -0.7853981633974483, 1.4142135623730951
1392, 39, 399, 337, 398, 338, 1, -1, -0.7853981633974483, 1.4142135623730951
1392, 47, 479, 149, 477, 149, 2, 0, 0.0, 2.0
1392, 51, 411, 292, 412, 294, -1, -2, -2.0344439357957027, 2.23606797749979
1392, 54, 395, 346, 394, 348, 1, -2, -1.1071487177940904, 2.23606797749979
1393, 1, 309, 349, 308, 350, 1, -1, -0.7853981633974483, 1.4142135623730951
1393, 3, 424, 162, 423, 163, 1, -1, -0.7853981633974483, 1.4142135623730951
1393, 4, 371, 333, 370, 334, 1, -1, -0.7853981633974483, 1.4142135623730951
1393, 5, 238, 407, 237, 408, 1, -1, -0.7853981633974483, 1.4142135623730951
1393, 6, 618, 344, 617, 343, 1, 1, 0.7853981633974483, 1.4142135623730951
1393, 13, 309, 240, 311, 241, -2, -1, -2.677945044588987, 2.23606797749979
1393, 14, 405, 346, 404, 348, 1, -2, -1.1071487177940904, 2.23606797749979
1393, 17, 296, 410, 295, 411, 1, -1, -0.7853981633974483, 1.4142135623730951
1393, 21, 633, 346, 631, 346, 2, 0, 0.0, 2.0
1393, 22, 565, 242, 564, 241, 1, 1, 0.7853981633974483, 1.4142135623730951
1393, 29, 539, 153, 537, 152, 2, 1, 0.4636476090008061, 2.23606797749979
1393, 31, 128, 339, 126, 339, 2, 0, 0.0, 2.0
1393, 32, 163, 179, 162, 180, 1, -1, -0.7853981633974483, 1.4142135623730951
1393, 34, 399, 335, 399, 337, 0, -2, -1.5707963267948966, 2.0
1393, 35, 153, 202, 152, 203, 1, -1, -0.7853981633974483, 1.4142135623730951
1393, 38, 289, 404, 288, 405, 1, -1, -0.7853981633974483, 1.4142135623730951
1393, 41, 262, 400, 261, 401, 1, -1, -0.7853981633974483, 1.4142135623730951
1393, 42, 481, 149, 479, 149, 2, 0, 0.0, 2.0
1393, 46, 411, 290, 411, 292, 0, -2, -1.5707963267948966, 2.0
1393, 48, 122, 267, 124, 267, -2, 0, 3.141592653589793, 2.0
1394, 3, 372, 332, 371, 333, 1, -1, -0.7853981633974483, 1.4142135623730951
1394, 5, 619, 343, 618, 344, 1, -1, -0.7853981633974483, 1.4142135623730951
1394, 12, 405, 344, 405, 346, 0, -2, -1.5707963267948966, 2.0
1394, 14, 416, 138, 415, 140, 1, -2, -1.1071487177940904, 2.23606797749979
1394, 15, 297, 409, 296, 410, 1, -1, -0.7853981633974483, 1.4142135623730951
1394, 21, 317, 331, 316, 332, 1, -1, -0.7853981633974483, 1.4142135623730951
1394, 25, 540, 155, 539, 153, 1, 2, 1.1071487177940904, 2.23606797749979
1394, 27, 164, 178, 163, 179, 1, -1, -0.7853981633974483, 1.4142135623730951
1394, 33, 290, 403, 289, 404, 1, -1, -0.7853981633974483, 1.4142135623730951
1394, 36, 483, 149, 481, 149, 2, 0, 0.0, 2.0
1394, 43, 395, 343, 395, 345, 0, -2, -1.5707963267948966, 2.0
1395, 7, 485, 151, 482, 151, 3, 0, 0.0, 3.0
1395, 10, 538, 147, 537, 146, 1, 1, 0.7853981633974483, 1.4142135623730951
1395, 13, 619, 347, 618, 345, 1, 2, 1.1071487177940904, 2.23606797749979
1395, 14, 534, 190, 534, 188, 0, 2, 1.5707963267948966, 2.0
1395, 15, 406, 347, 405, 349, 1, -2, -1.1071487177940904, 2.23606797749979
1395, 18, 467, 223, 468, 225, -1, -2, -2.0344439357957027, 2.23606797749979
1395, 25, 317, 332, 316, 333, 1, -1, -0.7853981633974483, 1.4142135623730951
1395, 28, 566, 243, 565, 242, 1, 1, 0.7853981633974483, 1.4142135623730951
1395, 30, 296, 411, 295, 412, 1, -1, -0.7853981633974483, 1.4142135623730951
1395, 37, 291, 404, 290, 405, 1, -1, -0.7853981633974483, 1.4142135623730951
1395, 40, 69, 348, 69, 346, 0, 2, 1.5707963267948966, 2.0
1395, 44, 238, 405, 237, 406, 1, -1, -0.7853981633974483, 1.4142135623730951
1395, 45, 286, 339, 285, 340, 1, -1, -0.7853981633974483, 1.4142135623730951
1395, 47, 319, 328, 318, 326, 1, 2, 1.1071487177940904, 2.23606797749979
1395, 50, 543, 153, 542, 152, 1, 1, 0.7853981633974483, 1.4142135623730951
1395, 53, 164, 182, 163, 183, 1, -1, -0.7853981633974483, 1.4142135623730951
1395, 54, 549, 145, 549, 143, 0, 2, 1.5707963267948966, 2.0
1395, 61, 432, 280, 431, 281, 1, -1, -0.7853981633974483, 1.4142135623730951
1395, 63, 52, 353, 50, 356, 2, -3, -0.982793723247329, 3.605551275463989
1395, 64, 320, 359, 319, 360, 1, -1, -0.7853981633974483, 1.4142135623730951
1395, 74, 417, 284, 417, 286, 0, -2, -1.5707963267948966, 2.0
1395, 82, 455, 306, 456, 305, -1, 1, 2.356194490192345, 1.4142135623730951
1395, 86, 208, 410, 207, 411, 1, -1, -0.7853981633974483, 1.4142135623730951
1395, 87, 460, 225, 461, 227, -1, -2, -2.0344439357957027, 2.23606797749979
1395, 88, 212, 188, 211, 189, 1, -1, -0.7853981633974483, 1.4142135623730951
1395, 93, 364, 358, 363, 359, 1, -1, -0.7853981633974483, 1.4142135623730951
1396, 0, 310, 351, 309, 352, 1, -1, -0.7853981633974483, 1.4142135623730951
1396, 6, 488, 151, 485, 151, 3, 0, 0.0, 3.0
1396, 9, 539, 148, 538, 147, 1, 1, 0.7853981633974483, 1.4142135623730951
1396, 13, 533, 192, 534, 190, -1, 2, 2.0344439357957027, 2.23606797749979
1396, 14, 406, 345, 406, 347, 0, -2, -1.5707963267948966, 2.0
1396, 24, 318, 331, 317, 332, 1, -1, -0.7853981633974483, 1.4142135623730951
1396, 27, 567, 244, 566, 243, 1, 1, 0.7853981633974483, 1.4142135623730951
1396, 29, 297, 410, 296, 411, 1, -1, -0.7853981633974483, 1.4142135623730951
1396, 36, 293, 403, 291, 404, 2, -1, -0.4636476090008061, 2.23606797749979
1396, 48, 542, 154, 543, 153, -1, 1, 2.356194490192345, 1.4142135623730951
1396, 52, 549, 147, 549, 145, 0, 2, 1.5707963267948966, 2.0
1396, 56, 527, 181, 526, 180, 1, 1, 0.7853981633974483, 1.4142135623730951
1396, 58, 433, 279, 432, 280, 1, -1, -0.7853981633974483, 1.4142135623730951
1396, 59, 173, 186, 172, 188, 1, -2, -1.1071487177940904, 2.23606797749979
1396, 65, 219, 390, 218, 391, 1, -1, -0.7853981633974483, 1.4142135623730951
1396, 70, 235, 200, 237, 200, -2, 0, 3.141592653589793, 2.0
1396, 74, 313, 316, 311, 316, 2, 0, 0.0, 2.0
1396, 75, 617, 308, 618, 307, -1, 1, 2.356194490192345, 1.4142135623730951
1396, 77, 456, 307, 455, 306, 1, 1, 0.7853981633974483, 1.4142135623730951
1396, 87, 365, 357, 364, 358, 1, -1, -0.7853981633974483, 1.4142135623730951
1397, 3, 373, 334, 372, 335, 1, -1, -0.7853981633974483, 1.4142135623730951
1397, 6, 490, 151, 488, 151, 2, 0, 0.0, 2.0
1397, 9, 540, 147, 539, 148, 1, -1, -0.7853981633974483, 1.4142135623730951
1397, 13, 407, 344, 406, 345, 1, -1, -0.7853981633974483, 1.4142135623730951
1397, 23, 319, 330, 318, 331, 1, -1, -0.7853981633974483, 1.4142135623730951
1397, 26, 568, 245, 567, 244, 1, 1, 0.7853981633974483, 1.4142135623730951
1397, 27, 298, 409, 297, 410, 1, -1, -0.7853981633974483, 1.4142135623730951
1397, 33, 294, 402, 293, 403, 1, -1, -0.7853981633974483, 1.4142135623730951
1397, 39, 287, 337, 286, 338, 1, -1, -0.7853981633974483, 1.4142135623730951
1397, 44, 540, 154, 542, 154, -2, 0, 3.141592653589793, 2.0
1397, 48, 551, 149, 549, 147, 2, 2, 0.7853981633974483, 2.8284271247461903
1397, 52, 527, 184, 527, 181, 0, 3, 1.5707963267948966, 3.0
1397, 56, 321, 358, 320, 359, 1, -1, -0.7853981633974483, 1.4142135623730951
1397, 68, 616, 309, 617, 308, -1, 1, 2.356194490192345, 1.4142135623730951
1397, 69, 579, 274, 579, 272, 0, 2, 1.5707963267948966, 2.0
1397, 77, 365, 355, 365, 357, 0, -2, -1.5707963267948966, 2.0
1398, 2, 374, 333, 373, 334, 1, -1, -0.7853981633974483, 1.4142135623730951
1398, 4, 492, 150, 490, 151, 2, -1, -0.4636476090008061, 2.23606797749979
1398, 7, 541, 148, 540, 147, 1, 1, 0.7853981633974483, 1.4142135623730951
1398, 11, 407, 342, 407, 344, 0, -2, -1.5707963267948966, 2.0
1398, 14, 466, 219, 467, 221, -1, -2, -2.0344439357957027, 2.23606797749979
1398, 21, 320, 329, 319, 330, 1, -1, -0.7853981633974483, 1.4142135623730951
1398, 24, 569, 246, 568, 245, 1, 1, 0.7853981633974483, 1.4142135623730951
1398, 33, 360, 310, 359, 311, 1, -1, -0.7853981633974483, 1.4142135623730951
1398, 44, 553, 150, 551, 149, 2, 1, 0.4636476090008061, 2.23606797749979
1398, 48, 528, 187, 527, 184, 1, 3, 1.2490457723982544, 3.1622776601683795
1398, 54, 575, 268, 575, 266, 0, 2, 1.5707963267948966, 2.0
1398, 61, 310, 315, 312, 316, -2, -1, -2.677945044588987, 2.23606797749979
1398, 62, 614, 312, 616, 309, -2, 3, 2.158798930342464, 3.605551275463989
1398, 69, 633, 345, 634, 344, -1, 1, 2.356194490192345, 1.4142135623730951
1398, 71, 366, 354, 365, 355, 1, -1, -0.7853981633974483, 1.4142135623730951
1399, 2, 374, 331, 374, 333, 0, -2, -1.5707963267948966, 2.0
1399, 7, 542, 149, 541, 148, 1, 1, 0.7853981633974483, 1.4142135623730951
1399, 11, 407, 340, 407, 342, 0, -2, -1.5707963267948966, 2.0
1399, 14, 467, 218, 466, 219, 1, -1, -0.7853981633974483, 1.4142135623730951
1399, 16, 413, 253, 412, 255, 1, -2, -1.1071487177940904, 2.23606797749979
1399, 20, 506, 155, 505, 156, 1, -1, -0.7853981633974483, 1.4142135623730951
1399, 28, 296, 398, 294, 401, 2, -3, -0.982793723247329, 3.605551275463989
1399, 33, 288, 335, 287, 336, 1, -1, -0.7853981633974483, 1.4142135623730951
1399, 36, 110, 283, 112, 283, -2, 0, 3.141592653589793, 2.0
1399, 40, 168, 181, 167, 182, 1, -1, -0.7853981633974483, 1.4142135623730951
1399, 41, 554, 152, 553, 150, 1, 2, 1.1071487177940904, 2.23606797749979
1399, 45, 528, 190, 528, 187, 0, 3, 1.5707963267948966, 3.0
1399, 51, 575, 270, 575, 268, 0, 2, 1.5707963267948966, 2.0
1399, 52, 221, 389, 220, 390, 1, -1, -0.7853981633974483, 1.4142135623730951
1399, 59, 578, 276, 579, 275, -1, 1, 2.356194490192345, 1.4142135623730951
1399, 62, 209, 408, 208, 409, 1, -1, -0.7853981633974483, 1.4142135623730951
1399, 67, 367, 353, 366, 354, 1, -1, -0.7853981633974483, 1.4142135623730951
1400, 3, 312, 351, 311, 352, 1, -1, -0.7853981633974483, 1.4142135623730951
1400, 5, 374, 334, 373, 335, 1, -1, -0.7853981633974483, 1.4142135623730951
1400, 6, 240, 405, 239, 406, 1, -1, -0.7853981633974483, 1.4142135623730951
1400, 10, 242, 412, 241, 413, 1, -1, -0.7853981633974483, 1.4142135623730951
1400, 24, 407, 343, 407, 345, 0, -2, -1.5707963267948966, 2.0
1400, 25, 300, 408, 299, 409, 1, -1, -0.7853981633974483, 1.4142135623730951
1400, 37, 414, 283, 414, 285, 0, -2, -1.5707963267948966, 2.0
1400, 40, 368, 338, 367, 339, 1, -1, -0.7853981633974483, 1.4142135623730951
1400, 42, 365, 355, 364, 356, 1, -1, -0.7853981633974483, 1.4142135623730951
1400, 44, 489, 147, 488, 148, 1, -1, -0.7853981633974483, 1.4142135623730951
1400, 47, 508, 156, 505, 156, 3, 0, 0.0, 3.0
1400, 48, 302, 351, 301, 350, 1, 1, 0.7853981633974483, 1.4142135623730951
1400, 51, 321, 333, 320, 334, 1, -1, -0.7853981633974483, 1.4142135623730951
1400, 52, 426, 334, 424, 335, 2, -1, -0.4636476090008061, 2.23606797749979
1400, 53, 564, 181, 563, 179, 1, 2, 1.1071487177940904, 2.23606797749979
1400, 54, 405, 194, 406, 196, -1, -2, -2.0344439357957027, 2.23606797749979
1400, 58, 301, 401, 300, 402, 1, -1, -0.7853981633974483, 1.4142135623730951
1400, 64, 554, 151, 553, 150, 1, 1, 0.7853981633974483, 1.4142135623730951
1401, 1, 426, 162, 425, 163, 1, -1, -0.7853981633974483, 1.4142135623730951
1401, 4, 374, 332, 374, 334, 0, -2, -1.5707963267948966, 2.0
1401, 8, 243, 411, 242, 412, 1, -1, -0.7853981633974483, 1.4142135623730951
1401, 20, 408, 342, 407, 343, 1, -1, -0.7853981633974483, 1.4142135623730951
1401, 21, 301, 407, 300, 408, 1, -1, -0.7853981633974483, 1.4142135623730951
1401, 34, 289, 334, 288, 335, 1, -1, -0.7853981633974483, 1.4142135623730951
1401, 35, 370, 337, 368, 338, 2, -1, -0.4636476090008061, 2.23606797749979
1401, 36, 169, 182, 168, 183, 1, -1, -0.7853981633974483, 1.4142135623730951
1401, 42, 510, 156, 508, 156, 2, 0, 0.0, 2.0
1401, 47, 427, 332, 426, 334, 1, -2, -1.1071487177940904, 2.23606797749979
1401, 48, 566, 182, 564, 181, 2, 1, 0.4636476090008061, 2.23606797749979
1401, 52, 302, 400, 301, 401, 1, -1, -0.7853981633974483, 1.4142135623730951
1402, 1, 426, 160, 426, 162, 0, -2, -1.5707963267948966, 2.0
1402, 3, 313, 350, 312, 351, 1, -1, -0.7853981633974483, 1.4142135623730951
1402, 4, 375, 330, 374, 332, 1, -2, -1.1071487177940904, 2.23606797749979
1402, 5, 241, 403, 240, 404, 1, -1, -0.7853981633974483, 1.4142135623730951
1402, 19, 408, 340, 408, 342, 0, -2, -1.5707963267948966, 2.0
1402, 33, 371, 336, 370, 337, 1, -1, -0.7853981633974483, 1.4142135623730951
1402, 43, 414, 250, 415, 252, -1, -2, -2.0344439357957027, 2.23606797749979
1402, 45, 427, 330, 427, 332, 0, -2, -1.5707963267948966, 2.0
1402, 47, 403, 192, 404, 194, -1, -2, -2.0344439357957027, 2.23606797749979
1402, 49, 303, 399, 302, 400, 1, -1, -0.7853981633974483, 1.4142135623730951
1403, 0, 427, 159, 426, 160, 1, -1, -0.7853981633974483, 1.4142135623730951
1403, 4, 242, 402, 241, 403, 1, -1, -0.7853981633974483, 1.4142135623730951
1403, 6, 540, 155, 539, 152, 1, 3, 1.2490457723982544, 3.1622776601683795
1403, 7, 244, 410, 243, 411, 1, -1, -0.7853981633974483, 1.4142135623730951
1403, 12, 418, 137, 417, 138, 1, -1, -0.7853981633974483, 1.4142135623730951
1403, 24, 569, 250, 568, 249, 1, 1, 0.7853981633974483, 1.4142135623730951
1403, 28, 270, 396, 269, 397, 1, -1, -0.7853981633974483, 1.4142135623730951
1403, 30, 271, 371, 270, 372, 1, -1, -0.7853981633974483, 1.4142135623730951
1403, 31, 290, 332, 289, 333, 1, -1, -0.7853981633974483, 1.4142135623730951
1403, 34, 366, 352, 365, 353, 1, -1, -0.7853981633974483, 1.4142135623730951
1403, 36, 492, 146, 491, 147, 1, -1, -0.7853981633974483, 1.4142135623730951
1403, 39, 512, 157, 511, 156, 1, 1, 0.7853981633974483, 1.4142135623730951
1403, 44, 428, 328, 427, 330, 1, -2, -1.1071487177940904, 2.23606797749979
1403, 46, 304, 398, 303, 399, 1, -1, -0.7853981633974483, 1.4142135623730951
1403, 49, 555, 154, 554, 153, 1, 1, 0.7853981633974483, 1.4142135623730951
1404, 0, 427, 157, 427, 159, 0, -2, -1.5707963267948966, 2.0
1404, 6, 542, 158, 540, 155, 2, 3, 0.982793723247329, 3.605551275463989
1404, 19, 303, 406, 302, 407, 1, -1, -0.7853981633974483, 1.4142135623730951
1404, 24, 210, 185, 212, 185, -2, 0, 3.141592653589793, 2.0
1404, 30, 372, 334, 371, 335, 1, -1, -0.7853981633974483, 1.4142135623730951
1404, 35, 249, 257, 249, 259, 0, -2, -1.5707963267948966, 2.0
1404, 38, 302, 350, 303, 349, -1, 1, 2.356194490192345, 1.4142135623730951
1404, 42, 428, 326, 428, 328, 0, -2, -1.5707963267948966, 2.0
1404, 47, 557, 156, 555, 154, 2, 2, 0.7853981633974483, 2.8284271247461903
1405, 16, 625, 350, 624, 349, 1, 1, 0.7853981633974483, 1.4142135623730951
1405, 20, 169, 294, 168, 295, 1, -1, -0.7853981633974483, 1.4142135623730951
1405, 26, 544, 161, 542, 158, 2, 3, 0.982793723247329, 3.605551275463989
1405, 36, 501, 127, 503, 128, -2, -1, -2.677945044588987, 2.23606797749979
1405, 41, 577, 195, 576, 193, 1, 2, 1.1071487177940904, 2.23606797749979
1405, 42, 269, 401, 268, 402, 1, -1, -0.7853981633974483, 1.4142135623730951
1405, 43, 410, 341, 409, 342, 1, -1, -0.7853981633974483, 1.4142135623730951
1405, 53, 192, 372, 190, 374, 2, -2, -0.7853981633974483, 2.8284271247461903
1405, 56, 592, 316, 590, 314, 2, 2, 0.7853981633974483, 2.8284271247461903
1405, 59, 248, 377, 250, 378, -2, -1, -2.677945044588987, 2.23606797749979
1405, 63, 513, 140, 512, 139, 1, 1, 0.7853981633974483, 1.4142135623730951
1405, 65, 415, 218, 416, 221, -1, -3, -1.892546881191539, 3.1622776601683795
1405, 69, 363, 310, 362, 311, 1, -1, -0.7853981633974483, 1.4142135623730951
1405, 75, 487, 143, 484, 144, 3, -1, -0.3217505543966422, 3.1622776601683795
1406, 2, 428, 159, 427, 160, 1, -1, -0.7853981633974483, 1.4142135623730951
1406, 6, 244, 410, 243, 411, 1, -1, -0.7853981633974483, 1.4142135623730951
1406, 12, 304, 410, 303, 411, 1, -1, -0.7853981633974483, 1.4142135623730951
1406, 13, 307, 399, 306, 400, 1, -1, -0.7853981633974483, 1.4142135623730951
1406, 24, 546, 163, 544, 161, 2, 2, 0.7853981633974483, 2.8284271247461903
1406, 31, 171, 181, 170, 182, 1, -1, -0.7853981633974483, 1.4142135623730951
1406, 33, 503, 127, 501, 127, 2, 0, 0.0, 2.0
1406, 38, 578, 196, 577, 195, 1, 1, 0.7853981633974483, 1.4142135623730951
1406, 40, 410, 339, 410, 341, 0, -2, -1.5707963267948966, 2.0
1406, 43, 503, 144, 501, 143, 2, 1, 0.4636476090008061, 2.23606797749979
1406, 48, 166, 346, 165, 349, 1, -3, -1.2490457723982544, 3.1622776601683795
1406, 58, 84, 284, 83, 285, 1, -1, -0.7853981633974483, 1.4142135623730951
1406, 61, 414, 216, 415, 218, -1, -2, -2.0344439357957027, 2.23606797749979
1406, 70, 67, 346, 69, 347, -2, -1, -2.677945044588987, 2.23606797749979
1406, 71, 489, 143, 487, 143, 2, 0, 0.0, 2.0
1406, 72, 215, 408, 214, 409, 1, -1, -0.7853981633974483, 1.4142135623730951
1406, 73, 458, 300, 459, 299, -1, 1, 2.356194490192345, 1.4142135623730951
1407, 5, 245, 409, 244, 410, 1, -1, -0.7853981633974483, 1.4142135623730951
1407, 10, 305, 409, 304, 410, 1, -1, -0.7853981633974483, 1.4142135623730951
1407, 12, 572, 182, 570, 182, 2, 0, 0.0, 2.0
1407, 15, 169, 296, 169, 294, 0, 2, 1.5707963267948966, 2.0
1407, 20, 549, 163, 546, 163, 3, 0, 0.0, 3.0
1407, 24, 421, 137, 420, 138, 1, -1, -0.7853981633974483, 1.4142135623730951
1407, 28, 505, 127, 503, 127, 2, 0, 0.0, 2.0
1407, 34, 411, 338, 410, 339, 1, -1, -0.7853981633974483, 1.4142135623730951
1407, 43, 159, 390, 158, 391, 1, -1, -0.7853981633974483, 1.4142135623730951
1407, 48, 164, 320, 163, 321, 1, -1, -0.7853981633974483, 1.4142135623730951
1407, 52, 413, 213, 414, 216, -1, -3, -1.892546881191539, 3.1622776601683795
1407, 61, 490, 144, 489, 143, 1, 1, 0.7853981633974483, 1.4142135623730951
1407, 63, 457, 301, 458, 300, -1, 1, 2.356194490192345, 1.4142135623730951
1408, 0, 377, 328, 376, 329, 1, -1, -0.7853981633974483, 1.4142135623730951
1408, 5, 246, 408, 245, 409, 1, -1, -0.7853981633974483, 1.4142135623730951
1408, 8, 536, 191, 535, 190, 1, 1, 0.7853981633974483, 1.4142135623730951
1408, 12, 574, 184, 572, 182, 2, 2, 0.7853981633974483, 2.8284271247461903
1408, 27, 172, 180, 171, 181, 1, -1, -0.7853981633974483, 1.4142135623730951
1408, 28, 509, 129, 505, 127, 4, 2, 0.4636476090008061, 4.47213595499958
1408, 32, 577, 198, 578, 197, -1, 1, 2.356194490192345, 1.4142135623730951
1408, 33, 271, 400, 270, 401, 1, -1, -0.7853981633974483, 1.4142135623730951
1408, 34, 411, 336, 411, 338, 0, -2, -1.5707963267948966, 2.0
1408, 37, 495, 148, 494, 149, 1, -1, -0.7853981633974483, 1.4142135623730951
1408, 42, 160, 389, 159, 390, 1, -1, -0.7853981633974483, 1.4142135623730951
1408, 51, 413, 209, 413, 213, 0, -4, -1.5707963267948966, 4.0
1409, 1, 428, 156, 428, 158, 0, -2, -1.5707963267948966, 2.0
1409, 10, 307, 408, 306, 409, 1, -1, -0.7853981633974483, 1.4142135623730951
1409, 12, 575, 186, 574, 184, 1, 2, 1.1071487177940904, 2.23606797749979
1409, 20, 550, 166, 549, 164, 1, 2, 1.1071487177940904, 2.23606797749979
1409, 24, 422, 135, 421, 136, 1, -1, -0.7853981633974483, 1.4142135623730951
1409, 25, 571, 255, 570, 254, 1, 1, 0.7853981633974483, 1.4142135623730951
1409, 28, 513, 131, 509, 129, 4, 2, 0.4636476090008061, 4.47213595499958
1409, 32, 575, 198, 577, 198, -2, 0, 3.141592653589793, 2.0
1409, 33, 272, 399, 271, 400, 1, -1, -0.7853981633974483, 1.4142135623730951
1409, 34, 410, 334, 411, 336, -1, -2, -2.0344439357957027, 2.23606797749979
1409, 43, 591, 317, 592, 316, -1, 1, 2.356194490192345, 1.4142135623730951
1409, 50, 414, 206, 413, 209, 1, -3, -1.2490457723982544, 3.1622776601683795
1409, 58, 492, 143, 491, 144, 1, -1, -0.7853981633974483, 1.4142135623730951
1409, 59, 217, 407, 216, 408, 1, -1, -0.7853981633974483, 1.4142135623730951
1409, 60, 456, 303, 457, 302, -1, 1, 2.356194490192345, 1.4142135623730951
1410, 6, 246, 409, 245, 410, 1, -1, -0.7853981633974483, 1.4142135623730951
1410, 11, 550, 161, 548, 159, 2, 2, 0.7853981633974483, 2.8284271247461903
1410, 12, 578, 191, 577, 188, 1, 3, 1.2490457723982544, 3.1622776601683795
1410, 16, 129, 345, 128, 346, 1, -1, -0.7853981633974483, 1.4142135623730951
1410, 18, 537, 201, 536, 199, 1, 2, 1.1071487177940904, 2.23606797749979
1410, 23, 426, 212, 426, 214, 0, -2, -1.5707963267948966, 2.0
1410, 27, 573, 195, 574, 197, -1, -2, -2.0344439357957027, 2.23606797749979
1410, 32, 193, 315, 192, 316, 1, -1, -0.7853981633974483, 1.4142135623730951
1410, 35, 364, 279, 365, 281, -1, -2, -2.0344439357957027, 2.23606797749979
1410, 36, 173, 184, 172, 185, 1, -1, -0.7853981633974483, 1.4142135623730951
1410, 37, 423, 137, 422, 138, 1, -1, -0.7853981633974483, 1.4142135623730951
1410, 38, 328, 332, 327, 333, 1, -1, -0.7853981633974483, 1.4142135623730951
1410, 43, 161, 390, 160, 391, 1, -1, -0.7853981633974483, 1.4142135623730951
1410, 55, 561, 160, 561, 158, 0, 2, 1.5707963267948966, 2.0
1410, 58, 552, 168, 552, 166, 0, 2, 1.5707963267948966, 2.0
1410, 64, 211, 188, 210, 189, 1, -1, -0.7853981633974483, 1.4142135623730951
1410, 67, 114, 286, 113, 287, 1, -1, -0.7853981633974483, 1.4142135623730951
1410, 71, 423, 328, 424, 327, -1, 1, 2.356194490192345, 1.4142135623730951
1410, 83, 558, 246, 556, 244, 2, 2, 0.7853981633974483, 2.8284271247461903
1410, 85, 635, 353, 638, 353, -3, 0, 3.141592653589793, 3.0
1410, 91, 582, 320, 581, 319, 1, 1, 0.7853981633974483, 1.4142135623730951
1410, 92, 245, 379, 247, 379, -2, 0, 3.141592653589793, 2.0
1411, 8, 94, 334, 96, 335, -2, -1, -2.677945044588987, 2.23606797749979
1411, 10, 551, 162, 550, 161, 1, 1, 0.7853981633974483, 1.4142135623730951
1411, 18, 413, 338, 412, 340, 1, -2, -1.1071487177940904, 2.23606797749979
1411, 26, 441, 279, 441, 281, 0, -2, -1.5707963267948966, 2.0
1411, 30, 364, 276, 364, 279, 0, -3, -1.5707963267948966, 3.0
1411, 32, 424, 136, 423, 137, 1, -1, -0.7853981633974483, 1.4142135623730951
1411, 33, 329, 331, 328, 332, 1, -1, -0.7853981633974483, 1.4142135623730951
1411, 46, 307, 409, 306, 410, 1, -1, -0.7853981633974483, 1.4142135623730951
1411, 49, 562, 162, 561, 160, 1, 2, 1.1071487177940904, 2.23606797749979
1411, 50, 457, 305, 458, 304, -1, 1, 2.356194490192345, 1.4142135623730951
1411, 52, 551, 169, 552, 168, -1, 1, 2.356194490192345, 1.4142135623730951
1411, 65, 422, 329, 423, 328, -1, 1, 2.356194490192345, 1.4142135623730951
1411, 70, 513, 135, 514, 133, -1, 2, 2.0344439357957027, 2.23606797749979
1411, 77, 558, 248, 558, 246, 0, 2, 1.5707963267948966, 2.0
1411, 86, 243, 379, 245, 379, -2, 0, 3.141592653589793, 2.0
1412, 4, 247, 407, 246, 408, 1, -1, -0.7853981633974483, 1.4142135623730951
1412, 9, 552, 163, 551, 162, 1, 1, 0.7853981633974483, 1.4142135623730951
1412, 12, 77, 392, 77, 395, 0, -3, -1.5707963267948966, 3.0
1412, 16, 538, 203, 537, 202, 1, 1, 0.7853981633974483, 1.4142135623730951
1412, 17, 413, 336, 413, 338, 0, -2, -1.5707963267948966, 2.0
1412, 21, 121, 345, 120, 348, 1, -3, -1.2490457723982544, 3.1622776601683795
1412, 25, 191, 314, 193, 314, -2, 0, 3.141592653589793, 2.0
1412, 27, 573, 257, 572, 256, 1, 1, 0.7853981633974483, 1.4142135623730951
1412, 28, 362, 274, 364, 276, -2, -2, -2.356194490192345, 2.8284271247461903
1412, 29, 174, 183, 173, 184, 1, -1, -0.7853981633974483, 1.4142135623730951
1412, 30, 425, 133, 424, 136, 1, -3, -1.2490457723982544, 3.1622776601683795
1412, 31, 330, 330, 329, 331, 1, -1, -0.7853981633974483, 1.4142135623730951
1412, 36, 162, 389, 161, 390, 1, -1, -0.7853981633974483, 1.4142135623730951
1412, 46, 563, 164, 562, 162, 1, 2, 1.1071487177940904, 2.23606797749979
1412, 49, 549, 168, 551, 169, -2, -1, -2.677945044588987, 2.23606797749979
1412, 56, 110, 284, 114, 285, -4, -1, -2.896613990462929, 4.123105625617661
1412, 60, 420, 331, 422, 329, -2, 2, 2.356194490192345, 2.8284271247461903
1412, 65, 514, 136, 513, 135, 1, 1, 0.7853981633974483, 1.4142135623730951
1412, 71, 559, 252, 558, 248, 1, 4, 1.3258176636680326, 4.123105625617661
1413, 10, 633, 351, 631, 350, 2, 1, 0.4636476090008061, 2.23606797749979
1413, 16, 413, 334, 413, 336, 0, -2, -1.5707963267948966, 2.0
1413, 27, 362, 272, 362, 274, 0, -2, -1.5707963267948966, 2.0
1413, 28, 175, 182, 174, 183, 1, -1, -0.7853981633974483, 1.4142135623730951
1413, 32, 509, 143, 508, 142, 1, 1, 0.7853981633974483, 1.4142135623730951
1413, 35, 163, 388, 162, 389, 1, -1, -0.7853981633974483, 1.4142135623730951
1413, 37, 516, 138, 514, 138, 2, 0, 0.0, 2.0
1413, 43, 309, 408, 308, 409, 1, -1, -0.7853981633974483, 1.4142135623730951
1413, 45, 564, 166, 563, 164, 1, 2, 1.1071487177940904, 2.23606797749979
1413, 47, 549, 166, 549, 168, 0, -2, -1.5707963267948966, 2.0
1413, 55, 277, 398, 276, 399, 1, -1, -0.7853981633974483, 1.4142135623730951
1413, 63, 517, 137, 514, 136, 3, 1, 0.3217505543966422, 3.1622776601683795
1413, 64, 159, 411, 158, 412, 1, -1, -0.7853981633974483, 1.4142135623730951
1413, 76, 583, 322, 582, 321, 1, 1, 0.7853981633974483, 1.4142135623730951
1414, 6, 533, 192, 532, 191, 1, 1, 0.7853981633974483, 1.4142135623730951
1414, 7, 554, 164, 553, 163, 1, 1, 0.7853981633974483, 1.4142135623730951
1414, 8, 581, 192, 579, 191, 2, 1, 0.4636476090008061, 2.23606797749979
1414, 13, 537, 205, 538, 204, -1, 1, 2.356194490192345, 1.4142135623730951
1414, 16, 84, 386, 86, 385, -2, 1, 2.677945044588987, 2.23606797749979
1414, 20, 440, 276, 441, 278, -1, -2, -2.0344439357957027, 2.23606797749979
1414, 24, 362, 270, 362, 272, 0, -2, -1.5707963267948966, 2.0
1414, 26, 426, 131, 425, 132, 1, -1, -0.7853981633974483, 1.4142135623730951
1414, 27, 331, 328, 330, 329, 1, -1, -0.7853981633974483, 1.4142135623730951
1414, 29, 510, 144, 509, 143, 1, 1, 0.7853981633974483, 1.4142135623730951
1414, 40, 566, 167, 564, 166, 2, 1, 0.4636476090008061, 2.23606797749979
1414, 41, 455, 304, 456, 306, -1, -2, -2.0344439357957027, 2.23606797749979
1414, 48, 417, 160, 417, 162, 0, -2, -1.5707963267948966, 2.0
1414, 52, 419, 329, 420, 331, -1, -2, -2.0344439357957027, 2.23606797749979
1414, 56, 349, 381, 349, 383, 0, -2, -1.5707963267948966, 2.0
1414, 62, 290, 333, 289, 334, 1, -1, -0.7853981633974483, 1.4142135623730951
1415, 19, 579, 199, 578, 196, 1, 3, 1.2490457723982544, 3.1622776601683795
1415, 22, 309, 409, 308, 410, 1, -1, -0.7853981633974483, 1.4142135623730951
1415, 23, 415, 335, 415, 337, 0, -2, -1.5707963267948966, 2.0
1415, 25, 576, 270, 574, 268, 2, 2, 0.7853981633974483, 2.8284271247461903
1415, 27, 522, 145, 521, 144, 1, 1, 0.7853981633974483, 1.4142135623730951
1415, 38, 580, 279, 581, 278, -1, 1, 2.356194490192345, 1.4142135623730951
1415, 44, 539, 195, 538, 194, 1, 1, 0.7853981633974483, 1.4142135623730951
1415, 53, 616, 336, 615, 335, 1, 1, 0.7853981633974483, 1.4142135623730951
1415, 55, 374, 351, 373, 352, 1, -1, -0.7853981633974483, 1.4142135623730951
1415, 61, 275, 401, 274, 402, 1, -1, -0.7853981633974483, 1.4142135623730951
1415, 66, 423, 142, 422, 144, 1, -2, -1.1071487177940904, 2.23606797749979
1415, 70, 363, 276, 364, 278, -1, -2, -2.0344439357957027, 2.23606797749979
1416, 0, 428, 157, 427, 158, 1, -1, -0.7853981633974483, 1.4142135623730951
1416, 18, 579, 202, 579, 199, 0, 3, 1.5707963267948966, 3.0
1416, 19, 406, 328, 406, 330, 0, -2, -1.5707963267948966, 2.0
1416, 20, 310, 408, 309, 409, 1, -1, -0.7853981633974483, 1.4142135623730951
1416, 23, 578, 273, 576, 270, 2, 3, 0.982793723247329, 3.605551275463989
1416, 25, 524, 146, 522, 145, 2, 1, 0.4636476090008061, 2.23606797749979
1416, 26, 426, 134, 425, 135, 1, -1, -0.7853981633974483, 1.4142135623730951
1416, 56, 511, 145, 510, 144, 1, 1, 0.7853981633974483, 1.4142135623730951
1416, 61, 366, 305, 366, 307, 0, -2, -1.5707963267948966, 2.0
1416, 63, 424, 141, 423, 142, 1, -1, -0.7853981633974483, 1.4142135623730951
1416, 66, 363, 274, 363, 276, 0, -2, -1.5707963267948966, 2.0
1416, 75, 601, 264, 602, 266, -1, -2, -2.0344439357957027, 2.23606797749979
1416, 76, 212, 182, 213, 184, -1, -2, -2.0344439357957027, 2.23606797749979
1416, 81, 566, 166, 565, 164, 1, 2, 1.1071487177940904, 2.23606797749979
1417, 2, 315, 349, 314, 350, 1, -1, -0.7853981633974483, 1.4142135623730951
1417, 5, 635, 350, 634, 351, 1, -1, -0.7853981633974483, 1.4142135623730951
1417, 14, 537, 207, 538, 206, -1, 1, 2.356194490192345, 1.4142135623730951
1417, 17, 579, 204, 579, 202, 0, 2, 1.5707963267948966, 2.0
1417, 22, 580, 275, 578, 273, 2, 2, 0.7853981633974483, 2.8284271247461903
1417, 26, 290, 334, 289, 335, 1, -1, -0.7853981633974483, 1.4142135623730951
1417, 33, 573, 262, 574, 261, -1, 1, 2.356194490192345, 1.4142135623730951
1417, 34, 581, 280, 580, 279, 1, 1, 0.7853981633974483, 1.4142135623730951
1417, 39, 540, 198, 539, 196, 1, 2, 1.1071487177940904, 2.23606797749979
1417, 61, 425, 140, 424, 141, 1, -1, -0.7853981633974483, 1.4142135623730951
1417, 64, 363, 272, 363, 274, 0, -2, -1.5707963267948966, 2.0
1417, 68, 161, 413, 160, 414, 1, -1, -0.7853981633974483, 1.4142135623730951
1417, 77, 628, 322, 627, 321, 1, 1, 0.7853981633974483, 1.4142135623730951
1417, 84, 588, 321, 587, 320, 1, 1, 0.7853981633974483, 1.4142135623730951
1418, 9, 551, 169, 550, 166, 1, 3, 1.2490457723982544, 3.1622776601683795
1418, 17, 407, 325, 406, 327, 1, -2, -1.1071487177940904, 2.23606797749979
1418, 21, 579, 277, 580, 275, -1, 2, 2.0344439357957027, 2.23606797749979
1418, 27, 497, 152, 496, 151, 1, 1, 0.7853981633974483, 1.4142135623730951
1418, 37, 540, 201, 540, 198, 0, 3, 1.5707963267948966, 3.0
1418, 48, 375, 348, 374, 349, 1, -1, -0.7853981633974483, 1.4142135623730951
1418, 52, 513, 146, 512, 145, 1, 1, 0.7853981633974483, 1.4142135623730951
1418, 55, 441, 281, 441, 283, 0, -2, -1.5707963267948966, 2.0
1418, 57, 366, 302, 366, 304, 0, -2, -1.5707963267948966, 2.0
1418, 62, 363, 270, 363, 272, 0, -2, -1.5707963267948966, 2.0
1418, 70, 601, 261, 601, 263, 0, -2, -1.5707963267948966, 2.0
1418, 76, 567, 168, 566, 167, 1, 1, 0.7853981633974483, 1.4142135623730951
1418, 79, 462, 228, 461, 229, 1, -1, -0.7853981633974483, 1.4142135623730951
1419, 6, 253, 403, 252, 404, 1, -1, -0.7853981633974483, 1.4142135623730951
1419, 9, 553, 172, 551, 169, 2, 3, 0.982793723247329, 3.605551275463989
1419, 17, 311, 406, 310, 407, 1, -1, -0.7853981633974483, 1.4142135623730951
1419, 18, 415, 330, 415, 332, 0, -2, -1.5707963267948966, 2.0
1419, 20, 578, 278, 579, 277, -1, 1, 2.356194490192345, 1.4142135623730951
1419, 24, 291, 332, 290, 333, 1, -1, -0.7853981633974483, 1.4142135623730951
1419, 25, 498, 153, 497, 152, 1, 1, 0.7853981633974483, 1.4142135623730951
1419, 28, 304, 397, 303, 398, 1, -1, -0.7853981633974483, 1.4142135623730951
1419, 39, 518, 138, 517, 137, 1, 1, 0.7853981633974483, 1.4142135623730951
1419, 47, 595, 309, 596, 308, -1, 1, 2.356194490192345, 1.4142135623730951
1419, 52, 276, 399, 275, 400, 1, -1, -0.7853981633974483, 1.4142135623730951
1419, 60, 363, 268, 363, 270, 0, -2, -1.5707963267948966, 2.0
1419, 62, 170, 382, 169, 383, 1, -1, -0.7853981633974483, 1.4142135623730951
1419, 64, 162, 412, 161, 413, 1, -1, -0.7853981633974483, 1.4142135623730951
1419, 68, 601, 259, 601, 261, 0, -2, -1.5707963267948966, 2.0
1419, 72, 629, 323, 628, 322, 1, 1, 0.7853981633974483, 1.4142135623730951
1419, 73, 569, 169, 567, 168, 2, 1, 0.4636476090008061, 2.23606797749979
1419, 75, 224, 410, 222, 410, 2, 0, 0.0, 2.0
1419, 76, 462, 226, 462, 228, 0, -2, -1.5707963267948966, 2.0
1420, 2, 430, 156, 429, 157, 1, -1, -0.7853981633974483, 1.4142135623730951
1420, 8, 635, 353, 638, 353, -3, 0, 3.141592653589793, 3.0
1420, 9, 254, 409, 253, 410, 1, -1, -0.7853981633974483, 1.4142135623730951
1420, 24, 416, 332, 416, 334, 0, -2, -1.5707963267948966, 2.0
1420, 25, 500, 156, 497, 154, 3, 2, 0.5880026035475675, 3.605551275463989
1420, 26, 431, 133, 430, 134, 1, -1, -0.7853981633974483, 1.4142135623730951
1420, 28, 160, 203, 159, 204, 1, -1, -0.7853981633974483, 1.4142135623730951
1420, 31, 555, 174, 552, 171, 3, 3, 0.7853981633974483, 4.242640687119285
1420, 35, 529, 181, 528, 179, 1, 2, 1.1071487177940904, 2.23606797749979
1420, 41, 580, 202, 577, 202, 3, 0, 0.0, 3.0
1420, 47, 358, 273, 359, 276, -1, -3, -1.892546881191539, 3.1622776601683795
1420, 49, 591, 254, 592, 253, -1, 1, 2.356194490192345, 1.4142135623730951
1420, 50, 419, 137, 418, 139, 1, -2, -1.1071487177940904, 2.23606797749979
1420, 57, 427, 324, 426, 326, 1, -2, -1.1071487177940904, 2.23606797749979
1420, 60, 522, 142, 521, 141, 1, 1, 0.7853981633974483, 1.4142135623730951
1420, 61, 294, 363, 293, 364, 1, -1, -0.7853981633974483, 1.4142135623730951
1420, 64, 414, 282, 414, 284, 0, -2, -1.5707963267948966, 2.0
1420, 66, 597, 311, 599, 311, -2, 0, 3.141592653589793, 2.0
1420, 68, 513, 152, 512, 151, 1, 1, 0.7853981633974483, 1.4142135623730951
1420, 69, 590, 328, 589, 327, 1, 1, 0.7853981633974483, 1.4142135623730951
1420, 74, 404, 184, 404, 186, 0, -2, -1.5707963267948966, 2.0
1421, 9, 312, 408, 311, 409, 1, -1, -0.7853981633974483, 1.4142135623730951
1421, 20, 416, 330, 416, 332, 0, -2, -1.5707963267948966, 2.0
1421, 25, 167, 349, 168, 348, -1, 1, 2.356194490192345, 1.4142135623730951
1421, 27, 557, 176, 555, 174, 2, 2, 0.7853981633974483, 2.8284271247461903
1421, 30, 175, 339, 179, 341, -4, -2, -2.677945044588987, 4.47213595499958
1421, 32, 288, 337, 287, 338, 1, -1, -0.7853981633974483, 1.4142135623730951
1421, 33, 630, 324, 629, 323, 1, 1, 0.7853981633974483, 1.4142135623730951
1421, 42, 163, 412, 162, 413, 1, -1, -0.7853981633974483, 1.4142135623730951
1421, 43, 357, 271, 358, 273, -1, -2, -2.0344439357957027, 2.23606797749979
1421, 46, 420, 136, 419, 137, 1, -1, -0.7853981633974483, 1.4142135623730951
1421, 51, 282, 398, 281, 399, 1, -1, -0.7853981633974483, 1.4142135623730951
1421, 53, 427, 321, 427, 324, 0, -3, -1.5707963267948966, 3.0
1421, 54, 308, 402, 307, 403, 1, -1, -0.7853981633974483, 1.4142135623730951
1421, 55, 522, 144, 522, 142, 0, 2, 1.5707963267948966, 2.0
1421, 59, 414, 280, 414, 282, 0, -2, -1.5707963267948966, 2.0
1421, 61, 595, 310, 597, 311, -2, -1, -2.677945044588987, 2.23606797749979
1421, 62, 515, 152, 513, 152, 2, 0, 0.0, 2.0
1421, 66, 421, 158, 420, 159, 1, -1, -0.7853981633974483, 1.4142135623730951
1422, 8, 312, 406, 312, 408, 0, -2, -1.5707963267948966, 2.0
1422, 17, 578, 280, 579, 279, -1, 1, 2.356194490192345, 1.4142135623730951
1422, 19, 415, 328, 416, 330, -1, -2, -2.0344439357957027, 2.23606797749979
1422, 21, 432, 131, 431, 132, 1, -1, -0.7853981633974483, 1.4142135623730951
1422, 29, 530, 182, 529, 181, 1, 1, 0.7853981633974483, 1.4142135623730951
1422, 30, 289, 336, 288, 337, 1, -1, -0.7853981633974483, 1.4142135623730951
1422, 31, 631, 325, 630, 324, 1, 1, 0.7853981633974483, 1.4142135623730951
1422, 33, 579, 199, 580, 201, -1, -2, -2.0344439357957027, 2.23606797749979
1422, 38, 164, 411, 163, 412, 1, -1, -0.7853981633974483, 1.4142135623730951
1422, 39, 357, 269, 357, 271, 0, -2, -1.5707963267948966, 2.0
1422, 42, 421, 135, 420, 136, 1, -1, -0.7853981633974483, 1.4142135623730951
1422, 47, 283, 397, 282, 398, 1, -1, -0.7853981633974483, 1.4142135623730951
1422, 49, 429, 317, 427, 321, 2, -4, -1.1071487177940904, 4.47213595499958
1422, 50, 308, 400, 308, 402, 0, -2, -1.5707963267948966, 2.0
1422, 51, 523, 146, 522, 144, 1, 2, 1.1071487177940904, 2.23606797749979
1422, 56, 516, 153, 515, 152, 1, 1, 0.7853981633974483, 1.4142135623730951
1422, 61, 403, 182, 404, 184, -1, -2, -2.0344439357957027, 2.23606797749979
1422, 62, 307, 168, 308, 170, -1, -2, -2.0344439357957027, 2.23606797749979
1423, 8, 313, 405, 312, 406, 1, -1, -0.7853981633974483, 1.4142135623730951
1423, 16, 426, 135, 426, 137, 0, -2, -1.5707963267948966, 2.0
1423, 18, 503, 155, 502, 156, 1, -1, -0.7853981633974483, 1.4142135623730951
1423, 19, 433, 129, 432, 131, 1, -2, -1.1071487177940904, 2.23606797749979
1423, 27, 529, 183, 530, 182, -1, 1, 2.356194490192345, 1.4142135623730951
1423, 31, 578, 197, 579, 199, -1, -2, -2.0344439357957027, 2.23606797749979
1423, 35, 165, 410, 164, 411, 1, -1, -0.7853981633974483, 1.4142135623730951
1423, 36, 356, 267, 357, 269, -1, -2, -2.0344439357957027, 2.23606797749979
1423, 39, 423, 133, 421, 135, 2, -2, -0.7853981633974483, 2.8284271247461903
1423, 46, 430, 315, 429, 317, 1, -2, -1.1071487177940904, 2.23606797749979
1423, 47, 310, 399, 308, 400, 2, -1, -0.4636476090008061, 2.23606797749979
1423, 48, 524, 144, 523, 146, 1, -2, -1.1071487177940904, 2.23606797749979
1423, 52, 414, 277, 414, 279, 0, -2, -1.5707963267948966, 2.0
1423, 53, 517, 154, 516, 153, 1, 1, 0.7853981633974483, 1.4142135623730951
1423, 57, 419, 156, 420, 158, -1, -2, -2.0344439357957027, 2.23606797749979
1423, 58, 404, 180, 403, 182, 1, -2, -1.1071487177940904, 2.23606797749979
1424, 18, 435, 128, 433, 129, 2, -1, -0.4636476090008061, 2.23606797749979
1424, 29, 580, 196, 578, 197, 2, -1, -0.4636476090008061, 2.23606797749979
1424, 34, 355, 265, 356, 267, -1, -2, -2.0344439357957027, 2.23606797749979
1424, 37, 424, 132, 423, 133, 1, -1, -0.7853981633974483, 1.4142135623730951
1424, 44, 431, 312, 430, 315, 1, -3, -1.2490457723982544, 3.1622776601683795
1424, 45, 312, 398, 310, 399, 2, -1, -0.4636476090008061, 2.23606797749979
1424, 46, 525, 145, 524, 144, 1, 1, 0.7853981633974483, 1.4142135623730951
1424, 48, 576, 267, 575, 266, 1, 1, 0.7853981633974483, 1.4142135623730951
1424, 49, 414, 275, 414, 277, 0, -2, -1.5707963267948966, 2.0
1424, 55, 404, 178, 404, 180, 0, -2, -1.5707963267948966, 2.0
1424, 57, 456, 143, 456, 145, 0, -2, -1.5707963267948966, 2.0
1425, 10, 314, 396, 313, 397, 1, -1, -0.7853981633974483, 1.4142135623730951
1425, 12, 257, 411, 256, 412, 1, -1, -0.7853981633974483, 1.4142135623730951
1425, 13, 561, 175, 560, 174, 1, 1, 0.7853981633974483, 1.4142135623730951
1425, 14, 316, 408, 315, 409, 1, -1, -0.7853981633974483, 1.4142135623730951
1425, 19, 364, 268, 364, 270, 0, -2, -1.5707963267948966, 2.0
1425, 20, 581, 199, 580, 200, 1, -1, -0.7853981633974483, 1.4142135623730951
1425, 24, 431, 132, 430, 133, 1, -1, -0.7853981633974483, 1.4142135623730951
1425, 25, 133, 341, 132, 342, 1, -1, -0.7853981633974483, 1.4142135623730951
1425, 33, 409, 324, 409, 326, 0, -2, -1.5707963267948966, 2.0
1425, 46, 432, 209, 433, 211, -1, -2, -2.0344439357957027, 2.23606797749979
1425, 56, 518, 152, 517, 151, 1, 1, 0.7853981633974483, 1.4142135623730951
1426, 12, 562, 176, 561, 175, 1, 1, 0.7853981633974483, 1.4142135623730951
1426, 17, 363, 266, 364, 268, -1, -2, -2.0344439357957027, 2.23606797749979
1426, 18, 583, 201, 581, 199, 2, 2, 0.7853981633974483, 2.8284271247461903
1426, 22, 432, 131, 431, 132, 1, -1, -0.7853981633974483, 1.4142135623730951
1426, 31, 409, 322, 409, 324, 0, -2, -1.5707963267948966, 2.0
1426, 33, 588, 204, 587, 203, 1, 1, 0.7853981633974483, 1.4142135623730951
1426, 35, 634, 327, 633, 326, 1, 1, 0.7853981633974483, 1.4142135623730951
1426, 43, 419, 231, 418, 233, 1, -2, -1.1071487177940904, 2.23606797749979
1426, 44, 432, 207, 432, 209, 0, -2, -1.5707963267948966, 2.0
1426, 46, 272, 348, 271, 349, 1, -1, -0.7853981633974483, 1.4142135623730951
1426, 48, 427, 327, 428, 326, -1, 1, 2.356194490192345, 1.4142135623730951
1426, 52, 519, 153, 518, 152, 1, 1, 0.7853981633974483, 1.4142135623730951
1427, 7, 316, 395, 315, 396, 1, -1, -0.7853981633974483, 1.4142135623730951
1427, 8, 83, 394, 82, 395, 1, -1, -0.7853981633974483, 1.4142135623730951
1427, 10, 563, 178, 562, 176, 1, 2, 1.1071487177940904, 2.23606797749979
1427, 11, 317, 406, 316, 407, 1, -1, -0.7853981633974483, 1.4142135623730951
1427, 12, 92, 386, 91, 387, 1, -1, -0.7853981633974483, 1.4142135623730951
1427, 13, 547, 217, 548, 216, -1, 1, 2.356194490192345, 1.4142135623730951
1427, 15, 363, 263, 363, 266, 0, -3, -1.5707963267948966, 3.0
1427, 16, 582, 203, 583, 201, -1, 2, 2.0344439357957027, 2.23606797749979
1427, 18, 583, 210, 586, 214, -3, -4, -2.214297435588181, 5.0
1427, 19, 433, 130, 432, 131, 1, -1, -0.7853981633974483, 1.4142135623730951
1427, 28, 410, 321, 409, 322, 1, -1, -0.7853981633974483, 1.4142135623730951
1427, 30, 586, 205, 588, 204, -2, 1, 2.677945044588987, 2.23606797749979
1427, 33, 285, 397, 284, 398, 1, -1, -0.7853981633974483, 1.4142135623730951
1427, 40, 432, 205, 432, 207, 0, -2, -1.5707963267948966, 2.0
1427, 48, 520, 154, 519, 153, 1, 1, 0.7853981633974483, 1.4142135623730951
1427, 50, 504, 155, 503, 156, 1, -1, -0.7853981633974483, 1.4142135623730951
1428, 5, 123, 346, 122, 347, 1, -1, -0.7853981633974483, 1.4142135623730951
1428, 6, 317, 396, 316, 395, 1, 1, 0.7853981633974483, 1.4142135623730951
1428, 7, 83, 392, 83, 394, 0, -2, -1.5707963267948966, 2.0
1428, 9, 564, 180, 563, 178, 1, 2, 1.1071487177940904, 2.23606797749979
1428, 11, 93, 385, 92, 386, 1, -1, -0.7853981633974483, 1.4142135623730951
1428, 14, 362, 261, 363, 263, -1, -2, -2.0344439357957027, 2.23606797749979
1428, 17, 581, 210, 583, 210, -2, 0, 3.141592653589793, 2.0
1428, 18, 433, 128, 433, 130, 0, -2, -1.5707963267948966, 2.0
1428, 19, 135, 339, 134, 340, 1, -1, -0.7853981633974483, 1.4142135623730951
1428, 27, 411, 319, 410, 321, 1, -2, -1.1071487177940904, 2.23606797749979
1428, 29, 585, 206, 586, 205, -1, 1, 2.356194490192345, 1.4142135623730951
1428, 39, 433, 204, 432, 205, 1, -1, -0.7853981633974483, 1.4142135623730951
1428, 45, 521, 155, 520, 154, 1, 1, 0.7853981633974483, 1.4142135623730951
1429, 6, 318, 395, 317, 396, 1, -1, -0.7853981633974483, 1.4142135623730951
1429, 9, 565, 181, 564, 180, 1, 1, 0.7853981633974483, 1.4142135623730951
1429, 10, 318, 405, 317, 406, 1, -1, -0.7853981633974483, 1.4142135623730951
1429, 11, 95, 385, 93, 385, 2, 0, 0.0, 2.0
1429, 14, 362, 258, 362, 261, 0, -3, -1.5707963267948966, 3.0
1429, 15, 581, 205, 582, 204, -1, 1, 2.356194490192345, 1.4142135623730951
1429, 18, 434, 127, 433, 128, 1, -1, -0.7853981633974483, 1.4142135623730951
1429, 27, 411, 317, 411, 319, 0, -2, -1.5707963267948966, 2.0
1429, 28, 181, 179, 180, 180, 1, -1, -0.7853981633974483, 1.4142135623730951
1429, 29, 584, 207, 585, 206, -1, 1, 2.356194490192345, 1.4142135623730951
1429, 32, 286, 396, 285, 397, 1, -1, -0.7853981633974483, 1.4142135623730951
1429, 38, 418, 231, 419, 230, -1, 1, 2.356194490192345, 1.4142135623730951
1429, 39, 433, 202, 433, 204, 0, -2, -1.5707963267948966, 2.0
1429, 40, 538, 211, 539, 210, -1, 1, 2.356194490192345, 1.4142135623730951
1429, 45, 522, 156, 521, 155, 1, 1, 0.7853981633974483, 1.4142135623730951
1430, 3, 382, 329, 381, 330, 1, -1, -0.7853981633974483, 1.4142135623730951
1430, 10, 592, 216, 591, 215, 1, 1, 0.7853981633974483, 1.4142135623730951
1430, 12, 416, 328, 417, 330, -1, -2, -2.0344439357957027, 2.23606797749979
1430, 25, 288, 399, 287, 400, 1, -1, -0.7853981633974483, 1.4142135623730951
1430, 27, 318, 407, 317, 408, 1, -1, -0.7853981633974483, 1.4142135623730951
1430, 31, 433, 130, 433, 132, 0, -2, -1.5707963267948966, 2.0
1430, 37, 284, 280, 286, 279, -2, 1, 2.677945044588987, 2.23606797749979
1430, 39, 376, 333, 375, 334, 1, -1, -0.7853981633974483, 1.4142135623730951
1430, 48, 362, 260, 362, 263, 0, -3, -1.5707963267948966, 3.0
1430, 52, 411, 324, 411, 326, 0, -2, -1.5707963267948966, 2.0
1430, 56, 543, 216, 542, 213, 1, 3, 1.2490457723982544, 3.1622776601683795
1430, 60, 369, 295, 369, 297, 0, -2, -1.5707963267948966, 2.0
1430, 61, 431, 329, 430, 330, 1, -1, -0.7853981633974483, 1.4142135623730951
1430, 64, 520, 159, 519, 158, 1, 1, 0.7853981633974483, 1.4142135623730951
1430, 71, 418, 246, 417, 248, 1, -2, -1.1071487177940904, 2.23606797749979
1430, 72, 412, 353, 412, 355, 0, -2, -1.5707963267948966, 2.0
1430, 74, 542, 148, 541, 147, 1, 1, 0.7853981633974483, 1.4142135623730951
1431, 3, 382, 327, 382, 329, 0, -2, -1.5707963267948966, 2.0
1431, 7, 103, 338, 102, 339, 1, -1, -0.7853981633974483, 1.4142135623730951
1431, 27, 548, 221, 549, 220, -1, 1, 2.356194490192345, 1.4142135623730951
1431, 30, 435, 129, 433, 130, 2, -1, -0.4636476090008061, 2.23606797749979
1431, 36, 283, 281, 284, 280, -1, 1, 2.356194490192345, 1.4142135623730951
1431, 45, 361, 257, 362, 260, -1, -3, -1.892546881191539, 3.1622776601683795
1431, 52, 543, 219, 543, 216, 0, 3, 1.5707963267948966, 3.0
1431, 54, 349, 312, 350, 314, -1, -2, -2.0344439357957027, 2.23606797749979
1431, 57, 432, 327, 431, 329, 1, -2, -1.1071487177940904, 2.23606797749979
1431, 59, 311, 349, 309, 348, 2, 1, 0.4636476090008061, 2.23606797749979
1431, 67, 419, 245, 418, 246, 1, -1, -0.7853981633974483, 1.4142135623730951
1431, 68, 412, 351, 412, 353, 0, -2, -1.5707963267948966, 2.0
1431, 70, 543, 150, 542, 148, 1, 2, 1.1071487177940904, 2.23606797749979
1432, 0, 232, 330, 233, 328, -1, 2, 2.0344439357957027, 2.23606797749979
1432, 4, 431, 151, 431, 153, 0, -2, -1.5707963267948966, 2.0
1432, 8, 259, 403, 258, 404, 1, -1, -0.7853981633974483, 1.4142135623730951
1432, 9, 84, 392, 83, 393, 1, -1, -0.7853981633974483, 1.4142135623730951
1432, 12, 416, 325, 416, 327, 0, -2, -1.5707963267948966, 2.0
1432, 23, 289, 398, 288, 399, 1, -1, -0.7853981633974483, 1.4142135623730951
1432, 26, 547, 222, 548, 221, -1, 1, 2.356194490192345, 1.4142135623730951
1432, 29, 436, 128, 435, 129, 1, -1, -0.7853981633974483, 1.4142135623730951
1432, 42, 361, 254, 361, 257, 0, -3, -1.5707963267948966, 3.0
1432, 46, 411, 321, 411, 323, 0, -2, -1.5707963267948966, 2.0
1432, 48, 543, 221, 543, 219, 0, 2, 1.5707963267948966, 2.0
1432, 51, 369, 292, 369, 294, 0, -2, -1.5707963267948966, 2.0
1432, 52, 433, 325, 432, 327, 1, -2, -1.1071487177940904, 2.23606797749979
1432, 61, 412, 349, 412, 351, 0, -2, -1.5707963267948966, 2.0
1433, 7, 260, 402, 259, 403, 1, -1, -0.7853981633974483, 1.4142135623730951
1433, 11, 416, 323, 416, 325, 0, -2, -1.5707963267948966, 2.0
1433, 28, 437, 127, 436, 128, 1, -1, -0.7853981633974483, 1.4142135623730951
1433, 33, 282, 283, 283, 282, -1, 1, 2.356194490192345, 1.4142135623730951
1433, 39, 361, 252, 361, 254, 0, -2, -1.5707963267948966, 2.0
1433, 40, 192, 315, 191, 316, 1, -1, -0.7853981633974483, 1.4142135623730951
1433, 43, 411, 319, 411, 321, 0, -2, -1.5707963267948966, 2.0
1433, 44, 317, 394, 315, 395, 2, -1, -0.4636476090008061, 2.23606797749979
1433, 49, 434, 323, 433, 325, 1, -2, -1.1071487177940904, 2.23606797749979
1433, 52, 521, 162, 521, 160, 0, 2, 1.5707963267948966, 2.0
1433, 57, 419, 242, 419, 244, 0, -2, -1.5707963267948966, 2.0
1434, 7, 85, 391, 84, 392, 1, -1, -0.7853981633974483, 1.4142135623730951
1434, 12, 460, 215, 462, 216, -2, -1, -2.677945044588987, 2.23606797749979
1434, 14, 511, 167, 512, 166, -1, 1, 2.356194490192345, 1.4142135623730951
1434, 21, 290, 397, 289, 398, 1, -1, -0.7853981633974483, 1.4142135623730951
1434, 24, 548, 223, 547, 222, 1, 1, 0.7853981633974483, 1.4142135623730951
1434, 37, 362, 248, 361, 252, 1, -4, -1.3258176636680326, 4.123105625617661
1434, 41, 318, 393, 317, 394, 1, -1, -0.7853981633974483, 1.4142135623730951
1434, 42, 544, 223, 543, 222, 1, 1, 0.7853981633974483, 1.4142135623730951
1434, 45, 369, 289, 369, 291, 0, -2, -1.5707963267948966, 2.0
1434, 55, 414, 348, 413, 349, 1, -1, -0.7853981633974483, 1.4142135623730951
1435, 2, 433, 152, 432, 153, 1, -1, -0.7853981633974483, 1.4142135623730951
1435, 16, 413, 315, 413, 317, 0, -2, -1.5707963267948966, 2.0
1435, 25, 425, 160, 426, 162, -1, -2, -2.0344439357957027, 2.23606797749979
1435, 27, 437, 128, 436, 129, 1, -1, -0.7853981633974483, 1.4142135623730951
1435, 31, 477, 112, 473, 113, 4, -1, -0.24497866312686414, 4.123105625617661
1435, 41, 543, 218, 541, 215, 2, 3, 0.982793723247329, 3.605551275463989
1435, 52, 442, 296, 442, 298, 0, -2, -1.5707963267948966, 2.0
1435, 64, 413, 208, 414, 211, -1, -3, -1.892546881191539, 3.1622776601683795
1435, 65, 565, 188, 564, 185, 1, 3, 1.2490457723982544, 3.1622776601683795
1435, 66, 585, 217, 584, 214, 1, 3, 1.2490457723982544, 3.1622776601683795
1435, 69, 576, 289, 575, 287, 1, 2, 1.1071487177940904, 2.23606797749979
1435, 75, 336, 388, 334, 391, 2, -3, -0.982793723247329, 3.605551275463989
1435, 77, 527, 144, 530, 146, -3, -2, -2.5535900500422257, 3.605551275463989
1435, 78, 335, 361, 334, 362, 1, -1, -0.7853981633974483, 1.4142135623730951
1435, 79, 418, 241, 419, 243, -1, -2, -2.0344439357957027, 2.23606797749979
1435, 84, 579, 184, 578, 183, 1, 1, 0.7853981633974483, 1.4142135623730951
1435, 85, 411, 185, 412, 187, -1, -2, -2.0344439357957027, 2.23606797749979
1435, 87, 370, 292, 370, 294, 0, -2, -1.5707963267948966, 2.0
1435, 98, 263, 375, 265, 375, -2, 0, 3.141592653589793, 2.0
1435, 100, 387, 344, 386, 345, 1, -1, -0.7853981633974483, 1.4142135623730951
1436, 18, 524, 162, 523, 161, 1, 1, 0.7853981633974483, 1.4142135623730951
1436, 24, 416, 322, 416, 324, 0, -2, -1.5707963267948966, 2.0
1436, 26, 478, 113, 477, 112, 1, 1, 0.7853981633974483, 1.4142135623730951
1436, 34, 487, 137, 486, 139, 1, -2, -1.1071487177940904, 2.23606797749979
1436, 45, 549, 221, 548, 219, 1, 2, 1.1071487177940904, 2.23606797749979
1436, 46, 412, 286, 412, 289, 0, -3, -1.5707963267948966, 3.0
1436, 48, 593, 220, 592, 218, 1, 2, 1.1071487177940904, 2.23606797749979
1436, 58, 412, 203, 413, 208, -1, -5, -1.7681918866447774, 5.0990195135927845
1436, 59, 566, 191, 565, 188, 1, 3, 1.2490457723982544, 3.1622776601683795
1436, 60, 587, 220, 585, 217, 2, 3, 0.982793723247329, 3.605551275463989
1436, 61, 598, 333, 597, 332, 1, 1, 0.7853981633974483, 1.4142135623730951
1436, 63, 578, 290, 576, 289, 2, 1, 0.4636476090008061, 2.23606797749979
1436, 65, 266, 271, 264, 270, 2, 1, 0.4636476090008061, 2.23606797749979
1436, 69, 338, 387, 336, 388, 2, -1, -0.4636476090008061, 2.23606797749979
1436, 71, 529, 146, 527, 144, 2, 2, 0.7853981633974483, 2.8284271247461903
1436, 72, 338, 358, 335, 361, 3, -3, -0.7853981633974483, 4.242640687119285
1436, 73, 418, 239, 418, 241, 0, -2, -1.5707963267948966, 2.0
1436, 75, 508, 156, 507, 157, 1, -1, -0.7853981633974483, 1.4142135623730951
1436, 77, 581, 186, 579, 184, 2, 2, 0.7853981633974483, 2.8284271247461903
1436, 79, 352, 360, 352, 362, 0, -2, -1.5707963267948966, 2.0
1436, 80, 369, 290, 370, 292, -1, -2, -2.0344439357957027, 2.23606797749979
1436, 83, 408, 178, 408, 180, 0, -2, -1.5707963267948966, 2.0
1436, 85, 285, 291, 285, 289, 0, 2, 1.5707963267948966, 2.0
1436, 86, 277, 353, 275, 355, 2, -2, -0.7853981633974483, 2.8284271247461903
1436, 90, 413, 346, 412, 349, 1, -3, -1.2490457723982544, 3.1622776601683795
1436, 91, 261, 375, 263, 375, -2, 0, 3.141592653589793, 2.0
1436, 93, 388, 343, 387, 344, 1, -1, -0.7853981633974483, 1.4142135623730951
1436, 94, 439, 191, 439, 193, 0, -2, -1.5707963267948966, 2.0
1437, 18, 524, 164, 524, 162, 0, 2, 1.5707963267948966, 2.0
1437, 24, 415, 320, 416, 322, -1, -2, -2.0344439357957027, 2.23606797749979
1437, 26, 480, 113, 478, 113, 2, 0, 0.0, 2.0
1437, 54, 411, 199, 412, 203, -1, -4, -1.8157749899217608, 4.123105625617661
1437, 55, 568, 195, 566, 191, 2, 4, 1.1071487177940904, 4.47213595499958
1437, 64, 373, 367, 372, 368, 1, -1, -0.7853981633974483, 1.4142135623730951
1437, 65, 340, 385, 338, 387, 2, -2, -0.7853981633974483, 2.8284271247461903
1437, 67, 531, 148, 529, 146, 2, 2, 0.7853981633974483, 2.8284271247461903
1437, 70, 266, 326, 267, 325, -1, 1, 2.356194490192345, 1.4142135623730951
1437, 72, 582, 188, 581, 186, 1, 2, 1.1071487177940904, 2.23606797749979
1437, 73, 411, 182, 411, 184, 0, -2, -1.5707963267948966, 2.0
1437, 74, 353, 359, 352, 360, 1, -1, -0.7853981633974483, 1.4142135623730951
1437, 75, 369, 288, 369, 290, 0, -2, -1.5707963267948966, 2.0
1437, 76, 579, 274, 580, 273, -1, 1, 2.356194490192345, 1.4142135623730951
1437, 84, 413, 343, 413, 346, 0, -3, -1.5707963267948966, 3.0
1437, 86, 462, 141, 461, 142, 1, -1, -0.7853981633974483, 1.4142135623730951
1438, 15, 322, 406, 321, 407, 1, -1, -0.7853981633974483, 1.4142135623730951
1438, 16, 125, 346, 126, 345, -1, 1, 2.356194490192345, 1.4142135623730951
1438, 18, 133, 208, 130, 208, 3, 0, 0.0, 3.0
1438, 31, 489, 136, 488, 137, 1, -1, -0.7853981633974483, 1.4142135623730951
1438, 41, 410, 284, 412, 285, -2, -1, -2.677945044588987, 2.23606797749979
1438, 44, 173, 408, 171, 409, 2, -1, -0.4636476090008061, 2.23606797749979
1438, 51, 410, 197, 411, 199, -1, -2, -2.0344439357957027, 2.23606797749979
1438, 52, 569, 198, 568, 195, 1, 3, 1.2490457723982544, 3.1622776601683795
1438, 60, 246, 369, 244, 369, 2, 0, 0.0, 2.0
1438, 61, 371, 367, 373, 367, -2, 0, 3.141592653589793, 2.0
1438, 62, 342, 384, 340, 385, 2, -1, -0.4636476090008061, 2.23606797749979
1438, 63, 532, 150, 531, 148, 1, 2, 1.1071487177940904, 2.23606797749979
1438, 67, 584, 190, 582, 188, 2, 2, 0.7853981633974483, 2.8284271247461903
1438, 69, 353, 357, 353, 359, 0, -2, -1.5707963267948966, 2.0
1438, 70, 369, 286, 369, 288, 0, -2, -1.5707963267948966, 2.0
1438, 73, 408, 175, 408, 177, 0, -2, -1.5707963267948966, 2.0
1438, 77, 56, 363, 56, 361, 0, 2, 1.5707963267948966, 2.0
1438, 79, 415, 341, 413, 343, 2, -2, -0.7853981633974483, 2.8284271247461903
1438, 80, 259, 375, 261, 375, -2, 0, 3.141592653589793, 2.0
1439, 0, 384, 322, 384, 324, 0, -2, -1.5707963267948966, 2.0
1439, 14, 323, 405, 322, 406, 1, -1, -0.7853981633974483, 1.4142135623730951
1439, 16, 525, 167, 524, 165, 1, 2, 1.1071487177940904, 2.23606797749979
1439, 22, 482, 151, 481, 152, 1, -1, -0.7853981633974483, 1.4142135623730951
1439, 23, 482, 114, 481, 113, 1, 1, 0.7853981633974483, 1.4142135623730951
1439, 39, 411, 283, 410, 284, 1, -1, -0.7853981633974483, 1.4142135623730951
1439, 40, 595, 222, 594, 221, 1, 1, 0.7853981633974483, 1.4142135623730951
1439, 49, 407, 196, 410, 197, -3, -1, -2.819842099193151, 3.1622776601683795
1439, 50, 572, 202, 569, 198, 3, 4, 0.9272952180016122, 5.0
1439, 59, 343, 383, 342, 384, 1, -1, -0.7853981633974483, 1.4142135623730951
1439, 60, 534, 151, 532, 150, 2, 1, 0.4636476090008061, 2.23606797749979
1439, 63, 586, 190, 584, 190, 2, 0, 0.0, 2.0
1439, 73, 416, 338, 415, 341, 1, -3, -1.2490457723982544, 3.1622776601683795
1439, 74, 257, 375, 259, 375, -2, 0, 3.141592653589793, 2.0
1439, 75, 463, 140, 462, 141, 1, -1, -0.7853981633974483, 1.4142135623730951
1440, 3, 384, 325, 384, 327, 0, -2, -1.5707963267948966, 2.0
1440, 15, 571, 191, 571, 189, 0, 2, 1.5707963267948966, 2.0
1440, 17, 548, 229, 547, 227, 1, 2, 1.1071487177940904, 2.23606797749979
1440, 24, 324, 406, 323, 407, 1, -1, -0.7853981633974483, 1.4142135623730951
1440, 25, 440, 127, 439, 128, 1, -1, -0.7853981633974483, 1.4142135623730951
1440, 37, 542, 162, 541, 160, 1, 2, 1.1071487177940904, 2.23606797749979
1440, 42, 362, 251, 362, 253, 0, -2, -1.5707963267948966, 2.0
1440, 49, 410, 318, 410, 320, 0, -2, -1.5707963267948966, 2.0
1440, 54, 405, 248, 405, 250, 0, -2, -1.5707963267948966, 2.0
1440, 57, 291, 400, 289, 401, 2, -1, -0.4636476090008061, 2.23606797749979
1440, 58, 591, 229, 590, 227, 1, 2, 1.1071487177940904, 2.23606797749979
1440, 65, 458, 298, 459, 297, -1, 1, 2.356194490192345, 1.4142135623730951
1441, 13, 572, 192, 571, 191, 1, 1, 0.7853981633974483, 1.4142135623730951
1441, 14, 372, 286, 372, 288, 0, -2, -1.5707963267948966, 2.0
1441, 15, 549, 231, 548, 229, 1, 2, 1.1071487177940904, 2.23606797749979
1441, 29, 526, 170, 525, 168, 1, 2, 1.1071487177940904, 2.23606797749979
1441, 31, 418, 319, 418, 321, 0, -2, -1.5707963267948966, 2.0
1441, 34, 544, 162, 542, 162, 2, 0, 0.0, 2.0
1441, 40, 132, 270, 134, 269, -2, 1, 2.677945044588987, 2.23606797749979
1441, 53, 592, 230, 591, 229, 1, 1, 0.7853981633974483, 1.4142135623730951
1441, 58, 457, 299, 458, 298, -1, 1, 2.356194490192345, 1.4142135623730951
1442, 8, 265, 406, 264, 407, 1, -1, -0.7853981633974483, 1.4142135623730951
1442, 13, 573, 194, 572, 192, 1, 2, 1.1071487177940904, 2.23606797749979
1442, 14, 372, 284, 372, 286, 0, -2, -1.5707963267948966, 2.0
1442, 15, 550, 233, 549, 231, 1, 2, 1.1071487177940904, 2.23606797749979
1442, 21, 441, 125, 440, 126, 1, -1, -0.7853981633974483, 1.4142135623730951
1442, 29, 418, 317, 418, 319, 0, -2, -1.5707963267948966, 2.0
1442, 32, 545, 163, 544, 162, 1, 1, 0.7853981633974483, 1.4142135623730951
1442, 49, 593, 231, 592, 230, 1, 1, 0.7853981633974483, 1.4142135623730951
1442, 54, 456, 300, 457, 299, -1, 1, 2.356194490192345, 1.4142135623730951
1443, 3, 385, 322, 384, 323, 1, -1, -0.7853981633974483, 1.4142135623730951
1443, 13, 574, 196, 573, 194, 1, 2, 1.1071487177940904, 2.23606797749979
1443, 14, 372, 281, 372, 284, 0, -3, -1.5707963267948966, 3.0
1443, 20, 442, 124, 441, 125, 1, -1, -0.7853981633974483, 1.4142135623730951
1443, 24, 148, 373, 150, 372, -2, 1, 2.677945044588987, 2.23606797749979
1443, 25, 61, 325, 63, 326, -2, -1, -2.677945044588987, 2.23606797749979
1443, 26, 527, 173, 526, 171, 1, 2, 1.1071487177940904, 2.23606797749979
1443, 40, 423, 198, 424, 200, -1, -2, -2.0344439357957027, 2.23606797749979
1443, 43, 239, 409, 238, 410, 1, -1, -0.7853981633974483, 1.4142135623730951
1443, 44, 224, 255, 223, 257, 1, -2, -1.1071487177940904, 2.23606797749979
1443, 46, 292, 398, 291, 399, 1, -1, -0.7853981633974483, 1.4142135623730951
1443, 47, 594, 232, 593, 231, 1, 1, 0.7853981633974483, 1.4142135623730951
1443, 49, 424, 154, 424, 156, 0, -2, -1.5707963267948966, 2.0
1443, 56, 458, 216, 458, 218, 0, -2, -1.5707963267948966, 2.0
1444, 13, 575, 198, 574, 196, 1, 2, 1.1071487177940904, 2.23606797749979
1444, 17, 133, 207, 132, 208, 1, -1, -0.7853981633974483, 1.4142135623730951
1444, 20, 443, 123, 442, 124, 1, -1, -0.7853981633974483, 1.4142135623730951
1444, 28, 417, 314, 418, 316, -1, -2, -2.0344439357957027, 2.23606797749979
1444, 41, 284, 372, 283, 373, 1, -1, -0.7853981633974483, 1.4142135623730951
1444, 46, 424, 152, 424, 154, 0, -2, -1.5707963267948966, 2.0
1444, 52, 458, 214, 458, 216, 0, -2, -1.5707963267948966, 2.0
1445, 1, 388, 322, 387, 324, 1, -2, -1.1071487177940904, 2.23606797749979
1445, 12, 395, 179, 394, 181, 1, -2, -1.1071487177940904, 2.23606797749979
1445, 13, 270, 408, 268, 409, 2, -1, -0.4636476090008061, 2.23606797749979
1445, 18, 571, 197, 571, 199, 0, -2, -1.5707963267948966, 2.0
1445, 19, 443, 126, 442, 127, 1, -1, -0.7853981633974483, 1.4142135623730951
1445, 25, 99, 387, 98, 388, 1, -1, -0.7853981633974483, 1.4142135623730951
1445, 34, 365, 247, 365, 249, 0, -2, -1.5707963267948966, 2.0
1445, 41, 327, 405, 326, 406, 1, -1, -0.7853981633974483, 1.4142135623730951
1445, 44, 359, 304, 357, 308, 2, -4, -1.1071487177940904, 4.47213595499958
1445, 51, 597, 227, 597, 225, 0, 2, 1.5707963267948966, 2.0
1445, 52, 439, 134, 437, 135, 2, -1, -0.4636476090008061, 2.23606797749979
1445, 53, 410, 311, 409, 313, 1, -2, -1.1071487177940904, 2.23606797749979
1445, 57, 178, 410, 177, 411, 1, -1, -0.7853981633974483, 1.4142135623730951
1445, 58, 372, 283, 373, 285, -1, -2, -2.0344439357957027, 2.23606797749979
1446, 3, 437, 149, 436, 150, 1, -1, -0.7853981633974483, 1.4142135623730951
1446, 6, 101, 254, 100, 255, 1, -1, -0.7853981633974483, 1.4142135623730951
1446, 14, 341, 331, 340, 332, 1, -1, -0.7853981633974483, 1.4142135623730951
1446, 19, 270, 273, 270, 275, 0, -2, -1.5707963267948966, 2.0
1446, 33, 365, 245, 365, 247, 0, -2, -1.5707963267948966, 2.0
1446, 35, 443, 271, 444, 273, -1, -2, -2.0344439357957027, 2.23606797749979
1446, 36, 547, 219, 546, 218, 1, 1, 0.7853981633974483, 1.4142135623730951
1446, 38, 527, 175, 527, 173, 0, 2, 1.5707963267948966, 2.0
1446, 43, 360, 303, 359, 304, 1, -1, -0.7853981633974483, 1.4142135623730951
1446, 45, 593, 218, 591, 217, 2, 1, 0.4636476090008061, 2.23606797749979
1446, 49, 598, 228, 597, 227, 1, 1, 0.7853981633974483, 1.4142135623730951
1446, 50, 440, 133, 439, 134, 1, -1, -0.7853981633974483, 1.4142135623730951
1446, 51, 410, 309, 410, 311, 0, -2, -1.5707963267948966, 2.0
1446, 56, 372, 281, 372, 283, 0, -2, -1.5707963267948966, 2.0
1447, 1, 389, 319, 388, 321, 1, -2, -1.1071487177940904, 2.23606797749979
1447, 12, 342, 330, 341, 331, 1, -1, -0.7853981633974483, 1.4142135623730951
1447, 16, 444, 125, 443, 126, 1, -1, -0.7853981633974483, 1.4142135623730951
1447, 31, 365, 242, 365, 245, 0, -3, -1.5707963267948966, 3.0
1447, 34, 550, 221, 547, 219, 3, 2, 0.5880026035475675, 3.605551275463989
1447, 36, 528, 176, 527, 175, 1, 1, 0.7853981633974483, 1.4142135623730951
1447, 38, 328, 403, 327, 404, 1, -1, -0.7853981633974483, 1.4142135623730951
1447, 41, 361, 301, 360, 303, 1, -2, -1.1071487177940904, 2.23606797749979
1447, 43, 595, 220, 593, 218, 2, 2, 0.7853981633974483, 2.8284271247461903
1447, 48, 441, 132, 440, 133, 1, -1, -0.7853981633974483, 1.4142135623730951
1447, 49, 411, 307, 410, 309, 1, -2, -1.1071487177940904, 2.23606797749979
1447, 51, 196, 375, 195, 374, 1, 1, 0.7853981633974483, 1.4142135623730951
1447, 54, 371, 279, 372, 281, -1, -2, -2.0344439357957027, 2.23606797749979
1448, 3, 438, 147, 437, 148, 1, -1, -0.7853981633974483, 1.4142135623730951
1448, 9, 512, 177, 512, 174, 0, 3, 1.5707963267948966, 3.0
1448, 10, 344, 328, 342, 330, 2, -2, -0.7853981633974483, 2.8284271247461903
1448, 14, 445, 124, 444, 125, 1, -1, -0.7853981633974483, 1.4142135623730951
1448, 19, 548, 232, 549, 231, -1, 1, 2.356194490192345, 1.4142135623730951
1448, 28, 365, 239, 365, 242, 0, -3, -1.5707963267948966, 3.0
1448, 30, 442, 268, 443, 270, -1, -2, -2.0344439357957027, 2.23606797749979
1448, 31, 552, 223, 550, 221, 2, 2, 0.7853981633974483, 2.8284271247461903
1448, 33, 529, 177, 528, 176, 1, 1, 0.7853981633974483, 1.4142135623730951
1448, 37, 362, 300, 361, 301, 1, -1, -0.7853981633974483, 1.4142135623730951
1448, 39, 598, 222, 595, 220, 3, 2, 0.5880026035475675, 3.605551275463989
1448, 43, 599, 231, 598, 229, 1, 2, 1.1071487177940904, 2.23606797749979
1448, 44, 442, 131, 441, 132, 1, -1, -0.7853981633974483, 1.4142135623730951
1448, 45, 411, 305, 411, 307, 0, -2, -1.5707963267948966, 2.0
1448, 50, 370, 277, 371, 279, -1, -2, -2.0344439357957027, 2.23606797749979
1448, 51, 494, 120, 493, 121, 1, -1, -0.7853981633974483, 1.4142135623730951
1449, 0, 390, 317, 389, 318, 1, -1, -0.7853981633974483, 1.4142135623730951
1449, 4, 92, 395, 91, 396, 1, -1, -0.7853981633974483, 1.4142135623730951
1449, 6, 273, 406, 272, 407, 1, -1, -0.7853981633974483, 1.4142135623730951
1449, 7, 512, 181, 512, 177, 0, 4, 1.5707963267948966, 4.0
1449, 11, 570, 196, 571, 195, -1, 1, 2.356194490192345, 1.4142135623730951
1449, 15, 133, 205, 134, 207, -1, -2, -2.0344439357957027, 2.23606797749979
1449, 18, 593, 268, 594, 267, -1, 1, 2.356194490192345, 1.4142135623730951
1449, 24, 365, 237, 365, 239, 0, -2, -1.5707963267948966, 2.0
1449, 26, 441, 266, 442, 268, -1, -2, -2.0344439357957027, 2.23606797749979
1449, 27, 553, 225, 552, 223, 1, 2, 1.1071487177940904, 2.23606797749979
1449, 30, 329, 401, 328, 402, 1, -1, -0.7853981633974483, 1.4142135623730951
1449, 32, 362, 297, 362, 300, 0, -3, -1.5707963267948966, 3.0
1449, 34, 599, 225, 598, 222, 1, 3, 1.2490457723982544, 3.1622776601683795
1449, 38, 599, 233, 599, 231, 0, 2, 1.5707963267948966, 2.0
1449, 39, 443, 130, 442, 131, 1, -1, -0.7853981633974483, 1.4142135623730951
1449, 44, 180, 407, 179, 408, 1, -1, -0.7853981633974483, 1.4142135623730951
1450, 0, 438, 148, 437, 149, 1, -1, -0.7853981633974483, 1.4142135623730951
1450, 3, 391, 317, 390, 320, 1, -3, -1.2490457723982544, 3.1622776601683795
1450, 5, 271, 407, 269, 408, 2, -1, -0.4636476090008061, 2.23606797749979
1450, 11, 446, 125, 445, 126, 1, -1, -0.7853981633974483, 1.4142135623730951
1450, 12, 517, 181, 516, 178, 1, 3, 1.2490457723982544, 3.1622776601683795
1450, 15, 597, 226, 597, 224, 0, 2, 1.5707963267948966, 2.0
1450, 17, 444, 133, 442, 134, 2, -1, -0.4636476090008061, 2.23606797749979
1450, 20, 330, 405, 329, 406, 1, -1, -0.7853981633974483, 1.4142135623730951
1450, 21, 552, 226, 552, 224, 0, 2, 1.5707963267948966, 2.0
1450, 25, 419, 315, 419, 317, 0, -2, -1.5707963267948966, 2.0
1450, 35, 463, 223, 463, 227, 0, -4, -1.5707963267948966, 4.0
1450, 43, 573, 200, 572, 198, 1, 2, 1.1071487177940904, 2.23606797749979
1450, 48, 530, 179, 529, 177, 1, 2, 1.1071487177940904, 2.23606797749979
1450, 50, 434, 318, 433, 320, 1, -2, -1.1071487177940904, 2.23606797749979
1450, 56, 378, 364, 375, 367, 3, -3, -0.7853981633974483, 4.242640687119285
1450, 57, 180, 411, 179, 412, 1, -1, -0.7853981633974483, 1.4142135623730951
1450, 58, 511, 142, 510, 140, 1, 2, 1.1071487177940904, 2.23606797749979
1450, 61, 371, 280, 371, 282, 0, -2, -1.5707963267948966, 2.0
1450, 66, 457, 290, 458, 293, -1, -3, -1.892546881191539, 3.1622776601683795
1451, 3, 391, 315, 391, 317, 0, -2, -1.5707963267948966, 2.0
1451, 5, 272, 406, 271, 407, 1, -1, -0.7853981633974483, 1.4142135623730951
1451, 10, 447, 124, 446, 125, 1, -1, -0.7853981633974483, 1.4142135623730951
1451, 11, 518, 184, 517, 181, 1, 3, 1.2490457723982544, 3.1622776601683795
1451, 16, 445, 132, 444, 133, 1, -1, -0.7853981633974483, 1.4142135623730951
1451, 19, 331, 403, 330, 405, 1, -2, -1.1071487177940904, 2.23606797749979
1451, 20, 552, 228, 552, 226, 0, 2, 1.5707963267948966, 2.0
1451, 24, 419, 313, 419, 315, 0, -2, -1.5707963267948966, 2.0
1451, 27, 423, 197, 424, 199, -1, -2, -2.0344439357957027, 2.23606797749979
1451, 40, 574, 203, 573, 200, 1, 3, 1.2490457723982544, 3.1622776601683795
1451, 41, 325, 398, 323, 399, 2, -1, -0.4636476090008061, 2.23606797749979
1451, 44, 188, 179, 187, 180, 1, -1, -0.7853981633974483, 1.4142135623730951
1451, 45, 531, 181, 530, 179, 1, 2, 1.1071487177940904, 2.23606797749979
1451, 47, 435, 314, 434, 318, 1, -4, -1.3258176636680326, 4.123105625617661
1451, 53, 380, 361, 378, 364, 2, -3, -0.982793723247329, 3.605551275463989
1451, 55, 512, 143, 511, 142, 1, 1, 0.7853981633974483, 1.4142135623730951
1451, 56, 126, 399, 125, 400, 1, -1, -0.7853981633974483, 1.4142135623730951
1451, 57, 371, 278, 371, 280, 0, -2, -1.5707963267948966, 2.0
1451, 61, 457, 287, 457, 290, 0, -3, -1.5707963267948966, 3.0
1452, 0, 439, 146, 438, 147, 1, -1, -0.7853981633974483, 1.4142135623730951
1452, 1, 323, 345, 323, 347, 0, -2, -1.5707963267948966, 2.0
1452, 5, 273, 405, 272, 406, 1, -1, -0.7853981633974483, 1.4142135623730951
1452, 10, 448, 123, 447, 124, 1, -1, -0.7853981633974483, 1.4142135623730951
1452, 11, 519, 187, 518, 184, 1, 3, 1.2490457723982544, 3.1622776601683795
1452, 12, 307, 273, 308, 272, -1, 1, 2.356194490192345, 1.4142135623730951
1452, 13, 598, 228, 597, 227, 1, 1, 0.7853981633974483, 1.4142135623730951
1452, 15, 446, 131, 445, 132, 1, -1, -0.7853981633974483, 1.4142135623730951
1452, 17, 199, 372, 198, 373, 1, -1, -0.7853981633974483, 1.4142135623730951
1452, 22, 419, 311, 419, 313, 0, -2, -1.5707963267948966, 2.0
1452, 25, 423, 195, 423, 197, 0, -2, -1.5707963267948966, 2.0
1452, 31, 469, 138, 468, 139, 1, -1, -0.7853981633974483, 1.4142135623730951
1452, 36, 575, 206, 574, 203, 1, 3, 1.2490457723982544, 3.1622776601683795
1452, 43, 436, 311, 435, 314, 1, -3, -1.2490457723982544, 3.1622776601683795
1452, 49, 382, 358, 380, 361, 2, -3, -0.982793723247329, 3.605551275463989
1452, 50, 181, 410, 180, 411, 1, -1, -0.7853981633974483, 1.4142135623730951
1452, 51, 513, 144, 512, 143, 1, 1, 0.7853981633974483, 1.4142135623730951
1452, 52, 127, 398, 126, 399, 1, -1, -0.7853981633974483, 1.4142135623730951
1452, 53, 370, 276, 371, 278, -1, -2, -2.0344439357957027, 2.23606797749979
1452, 56, 457, 285, 457, 287, 0, -2, -1.5707963267948966, 2.0
1453, 3, 391, 312, 391, 314, 0, -2, -1.5707963267948966, 2.0
1453, 10, 521, 190, 519, 187, 2, 3, 0.982793723247329, 3.605551275463989
1453, 17, 332, 400, 331, 402, 1, -2, -1.1071487177940904, 2.23606797749979
1453, 18, 551, 230, 552, 229, -1, 1, 2.356194490192345, 1.4142135623730951
1453, 26, 470, 136, 469, 138, 1, -2, -1.1071487177940904, 2.23606797749979
1453, 31, 576, 208, 575, 206, 1, 2, 1.1071487177940904, 2.23606797749979
1453, 32, 326, 396, 325, 397, 1, -1, -0.7853981633974483, 1.4142135623730951
1453, 34, 409, 169, 409, 171, 0, -2, -1.5707963267948966, 2.0
1453, 36, 532, 184, 531, 182, 1, 2, 1.1071487177940904, 2.23606797749979
1453, 37, 438, 307, 436, 311, 2, -4, -1.1071487177940904, 4.47213595499958
1453, 39, 267, 274, 268, 273, -1, 1, 2.356194490192345, 1.4142135623730951
1453, 41, 384, 355, 382, 358, 2, -3, -0.982793723247329, 3.605551275463989
1453, 47, 458, 283, 457, 285, 1, -2, -1.1071487177940904, 2.23606797749979
1454, 3, 393, 311, 391, 312, 2, -1, -0.4636476090008061, 2.23606797749979
1454, 5, 274, 404, 273, 405, 1, -1, -0.7853981633974483, 1.4142135623730951
1454, 10, 522, 191, 521, 190, 1, 1, 0.7853981633974483, 1.4142135623730951
1454, 17, 333, 399, 332, 400, 1, -1, -0.7853981633974483, 1.4142135623730951
1454, 26, 471, 135, 470, 136, 1, -1, -0.7853981633974483, 1.4142135623730951
1454, 32, 327, 394, 326, 396, 1, -2, -1.1071487177940904, 2.23606797749979
1454, 34, 410, 167, 409, 169, 1, -2, -1.1071487177940904, 2.23606797749979
1454, 35, 189, 176, 188, 177, 1, -1, -0.7853981633974483, 1.4142135623730951
1454, 36, 533, 185, 532, 184, 1, 1, 0.7853981633974483, 1.4142135623730951
1454, 41, 386, 353, 384, 355, 2, -2, -0.7853981633974483, 2.8284271247461903
1454, 42, 182, 409, 181, 410, 1, -1, -0.7853981633974483, 1.4142135623730951
1454, 43, 514, 145, 513, 144, 1, 1, 0.7853981633974483, 1.4142135623730951
1454, 44, 128, 397, 127, 398, 1, -1, -0.7853981633974483, 1.4142135623730951
1454, 47, 458, 280, 458, 283, 0, -3, -1.5707963267948966, 3.0
1455, 0, 393, 315, 392, 317, 1, -2, -1.1071487177940904, 2.23606797749979
1455, 10, 414, 309, 416, 311, -2, -2, -2.356194490192345, 2.8284271247461903
1455, 12, 523, 189, 521, 188, 2, 1, 0.4636476090008061, 2.23606797749979
1455, 14, 161, 381, 161, 383, 0, -2, -1.5707963267948966, 2.0
1455, 20, 449, 125, 448, 126, 1, -1, -0.7853981633974483, 1.4142135623730951
1455, 21, 151, 387, 152, 389, -1, -2, -2.0344439357957027, 2.23606797749979
1455, 25, 90, 259, 89, 260, 1, -1, -0.7853981633974483, 1.4142135623730951
1455, 35, 328, 390, 328, 393, 0, -3, -1.5707963267948966, 3.0
1455, 36, 304, 395, 303, 396, 1, -1, -0.7853981633974483, 1.4142135623730951
1455, 46, 421, 197, 424, 197, -3, 0, 3.141592653589793, 3.0
1455, 48, 439, 126, 438, 128, 1, -2, -1.1071487177940904, 2.23606797749979
1456, 1, 441, 145, 440, 147, 1, -2, -1.1071487177940904, 2.23606797749979
1456, 10, 414, 307, 414, 309, 0, -2, -1.5707963267948966, 2.0
1456, 24, 91, 258, 90, 259, 1, -1, -0.7853981633974483, 1.4142135623730951
1456, 30, 131, 235, 133, 236, -2, -1, -2.677945044588987, 2.23606797749979
1456, 31, 130, 398, 129, 399, 1, -1, -0.7853981633974483, 1.4142135623730951
1456, 34, 329, 389, 328, 390, 1, -1, -0.7853981633974483, 1.4142135623730951
1456, 41, 345, 331, 344, 332, 1, -1, -0.7853981633974483, 1.4142135623730951
1456, 45, 441, 124, 439, 126, 2, -2, -0.7853981633974483, 2.8284271247461903
1457, 0, 392, 312, 393, 314, -1, -2, -2.0344439357957027, 2.23606797749979
1457, 5, 275, 406, 274, 407, 1, -1, -0.7853981633974483, 1.4142135623730951
1457, 10, 525, 191, 523, 190, 2, 1, 0.4636476090008061, 2.23606797749979
1457, 15, 445, 129, 445, 131, 0, -2, -1.5707963267948966, 2.0
1457, 18, 450, 123, 449, 124, 1, -1, -0.7853981633974483, 1.4142135623730951
1457, 28, 132, 234, 131, 235, 1, -1, -0.7853981633974483, 1.4142135623730951
1457, 29, 131, 397, 130, 398, 1, -1, -0.7853981633974483, 1.4142135623730951
1457, 42, 442, 123, 441, 124, 1, -1, -0.7853981633974483, 1.4142135623730951
1457, 44, 166, 328, 167, 327, -1, 1, 2.356194490192345, 1.4142135623730951
1458, 0, 391, 310, 392, 312, -1, -2, -2.0344439357957027, 2.23606797749979
1458, 1, 441, 142, 441, 144, 0, -2, -1.5707963267948966, 2.0
1458, 2, 324, 343, 323, 346, 1, -3, -1.2490457723982544, 3.1622776601683795
1458, 5, 275, 404, 275, 406, 0, -2, -1.5707963267948966, 2.0
1458, 6, 96, 395, 95, 396, 1, -1, -0.7853981633974483, 1.4142135623730951
1458, 14, 579, 212, 578, 211, 1, 1, 0.7853981633974483, 1.4142135623730951
1458, 28, 133, 233, 132, 234, 1, -1, -0.7853981633974483, 1.4142135623730951
1458, 33, 305, 393, 304, 394, 1, -1, -0.7853981633974483, 1.4142135623730951
1458, 42, 443, 122, 442, 123, 1, -1, -0.7853981633974483, 1.4142135623730951
1458, 44, 164, 328, 166, 328, -2, 0, 3.141592653589793, 2.0
1459, 0, 391, 308, 391, 310, 0, -2, -1.5707963267948966, 2.0
1459, 10, 526, 194, 525, 192, 1, 2, 1.1071487177940904, 2.23606797749979
1459, 13, 580, 214, 579, 212, 1, 2, 1.1071487177940904, 2.23606797749979
1459, 14, 445, 126, 445, 128, 0, -2, -1.5707963267948966, 2.0
1459, 20, 88, 259, 89, 258, -1, 1, 2.356194490192345, 1.4142135623730951
1459, 23, 552, 233, 553, 232, -1, 1, 2.356194490192345, 1.4142135623730951
1459, 27, 133, 396, 132, 397, 1, -1, -0.7853981633974483, 1.4142135623730951
1459, 40, 594, 267, 595, 266, -1, 1, 2.356194490192345, 1.4142135623730951
1459, 41, 160, 327, 164, 328, -4, -1, -2.896613990462929, 4.123105625617661
1460, 1, 394, 314, 394, 316, 0, -2, -1.5707963267948966, 2.0
1460, 5, 324, 346, 323, 347, 1, -1, -0.7853981633974483, 1.4142135623730951
1460, 6, 280, 405, 279, 406, 1, -1, -0.7853981633974483, 1.4142135623730951
1460, 14, 336, 402, 335, 403, 1, -1, -0.7853981633974483, 1.4142135623730951
1460, 16, 560, 246, 561, 245, -1, 1, 2.356194490192345, 1.4142135623730951
1460, 34, 106, 388, 105, 389, 1, -1, -0.7853981633974483, 1.4142135623730951
1460, 36, 414, 300, 414, 302, 0, -2, -1.5707963267948966, 2.0
1460, 37, 369, 234, 369, 236, 0, -2, -1.5707963267948966, 2.0
1460, 41, 417, 276, 417, 278, 0, -2, -1.5707963267948966, 2.0
1460, 48, 495, 118, 494, 119, 1, -1, -0.7853981633974483, 1.4142135623730951
1460, 54, 138, 207, 137, 208, 1, -1, -0.7853981633974483, 1.4142135623730951
1460, 56, 595, 213, 594, 211, 1, 2, 1.1071487177940904, 2.23606797749979
1460, 59, 412, 200, 413, 202, -1, -2, -2.0344439357957027, 2.23606797749979
1461, 1, 394, 312, 394, 314, 0, -2, -1.5707963267948966, 2.0
1461, 17, 525, 195, 525, 193, 0, 2, 1.5707963267948966, 2.0
1461, 29, 452, 122, 451, 123, 1, -1, -0.7853981633974483, 1.4142135623730951
1461, 32, 107, 387, 106, 388, 1, -1, -0.7853981633974483, 1.4142135623730951
1461, 35, 369, 232, 369, 234, 0, -2, -1.5707963267948966, 2.0
1461, 36, 310, 275, 311, 274, -1, 1, 2.356194490192345, 1.4142135623730951
1461, 37, 522, 184, 521, 181, 1, 3, 1.2490457723982544, 3.1622776601683795
1461, 52, 596, 216, 595, 213, 1, 3, 1.2490457723982544, 3.1622776601683795
1461, 54, 411, 198, 412, 200, -1, -2, -2.0344439357957027, 2.23606797749979
1462, 1, 395, 311, 394, 312, 1, -1, -0.7853981633974483, 1.4142135623730951
1462, 5, 281, 403, 280, 404, 1, -1, -0.7853981633974483, 1.4142135623730951
1462, 11, 98, 396, 97, 397, 1, -1, -0.7853981633974483, 1.4142135623730951
1462, 13, 337, 400, 336, 401, 1, -1, -0.7853981633974483, 1.4142135623730951
1462, 25, 421, 306, 420, 308, 1, -2, -1.1071487177940904, 2.23606797749979
1462, 29, 453, 120, 452, 122, 1, -2, -1.1071487177940904, 2.23606797749979
1462, 32, 109, 386, 107, 387, 2, -1, -0.4636476090008061, 2.23606797749979
1462, 34, 369, 229, 369, 232, 0, -3, -1.5707963267948966, 3.0
1462, 36, 523, 186, 522, 184, 1, 2, 1.1071487177940904, 2.23606797749979
1462, 42, 497, 117, 496, 118, 1, -1, -0.7853981633974483, 1.4142135623730951
1462, 48, 597, 217, 596, 216, 1, 1, 0.7853981633974483, 1.4142135623730951
1462, 50, 410, 194, 411, 198, -1, -4, -1.8157749899217608, 4.123105625617661
1462, 54, 537, 190, 536, 188, 1, 2, 1.1071487177940904, 2.23606797749979
1462, 58, 134, 273, 132, 273, 2, 0, 0.0, 2.0
1463, 11, 99, 395, 98, 396, 1, -1, -0.7853981633974483, 1.4142135623730951
1463, 13, 338, 399, 337, 400, 1, -1, -0.7853981633974483, 1.4142135623730951
1463, 18, 348, 326, 347, 328, 1, -2, -1.1071487177940904, 2.23606797749979
1463, 28, 262, 269, 262, 267, 0, 2, 1.5707963267948966, 2.0
1463, 29, 454, 119, 453, 120, 1, -1, -0.7853981633974483, 1.4142135623730951
1463, 32, 111, 386, 109, 386, 2, 0, 0.0, 2.0
1463, 34, 369, 227, 369, 229, 0, -2, -1.5707963267948966, 2.0
1463, 39, 421, 190, 422, 192, -1, -2, -2.0344439357957027, 2.23606797749979
1463, 48, 598, 219, 597, 217, 1, 2, 1.1071487177940904, 2.23606797749979
1463, 49, 418, 232, 418, 234, 0, -2, -1.5707963267948966, 2.0
1463, 50, 409, 190, 410, 194, -1, -4, -1.8157749899217608, 4.123105625617661
1464, 3, 325, 343, 324, 344, 1, -1, -0.7853981633974483, 1.4142135623730951
1464, 4, 282, 401, 281, 402, 1, -1, -0.7853981633974483, 1.4142135623730951
1464, 11, 339, 398, 338, 399, 1, -1, -0.7853981633974483, 1.4142135623730951
1464, 26, 263, 270, 262, 269, 1, 1, 0.7853981633974483, 1.4142135623730951
1464, 27, 455, 117, 454, 119, 1, -2, -1.1071487177940904, 2.23606797749979
1464, 32, 370, 225, 369, 227, 1, -2, -1.1071487177940904, 2.23606797749979
1464, 40, 498, 116, 497, 117, 1, -1, -0.7853981633974483, 1.4142135623730951
1464, 47, 407, 186, 409, 190, -2, -4, -2.0344439357957027, 4.47213595499958
1464, 51, 538, 193, 537, 191, 1, 2, 1.1071487177940904, 2.23606797749979
1464, 57, 82, 291, 81, 292, 1, -1, -0.7853981633974483, 1.4142135623730951
1465, 0, 395, 309, 395, 311, 0, -2, -1.5707963267948966, 2.0
1465, 6, 100, 396, 99, 397, 1, -1, -0.7853981633974483, 1.4142135623730951
1465, 14, 456, 121, 455, 122, 1, -1, -0.7853981633974483, 1.4142135623730951
1465, 19, 421, 249, 423, 250, -2, -1, -2.677945044588987, 2.23606797749979
1465, 22, 336, 389, 335, 390, 1, -1, -0.7853981633974483, 1.4142135623730951
1465, 27, 445, 267, 445, 269, 0, -2, -1.5707963267948966, 2.0
1465, 30, 421, 304, 421, 306, 0, -2, -1.5707963267948966, 2.0
1465, 32, 338, 399, 337, 400, 1, -1, -0.7853981633974483, 1.4142135623730951
1465, 33, 370, 230, 370, 232, 0, -2, -1.5707963267948966, 2.0
1465, 34, 418, 233, 419, 235, -1, -2, -2.0344439357957027, 2.23606797749979
1465, 41, 386, 360, 387, 359, -1, 1, 2.356194490192345, 1.4142135623730951
1465, 46, 438, 265, 437, 267, 1, -2, -1.1071487177940904, 2.23606797749979
1465, 47, 550, 239, 549, 236, 1, 3, 1.2490457723982544, 3.1622776601683795
1465, 53, 306, 397, 305, 398, 1, -1, -0.7853981633974483, 1.4142135623730951
1465, 57, 202, 314, 208, 314, -6, 0, 3.141592653589793, 6.0
1466, 2, 326, 345, 325, 346, 1, -1, -0.7853981633974483, 1.4142135623730951
1466, 3, 281, 404, 280, 405, 1, -1, -0.7853981633974483, 1.4142135623730951
1466, 12, 457, 120, 456, 121, 1, -1, -0.7853981633974483, 1.4142135623730951
1466, 16, 349, 325, 349, 327, 0, -2, -1.5707963267948966, 2.0
1466, 22, 621, 247, 620, 246, 1, 1, 0.7853981633974483, 1.4142135623730951
1466, 27, 421, 302, 421, 304, 0, -2, -1.5707963267948966, 2.0
1466, 29, 339, 398, 338, 399, 1, -1, -0.7853981633974483, 1.4142135623730951
1466, 30, 371, 228, 370, 230, 1, -2, -1.1071487177940904, 2.23606797749979
1466, 31, 418, 231, 418, 233, 0, -2, -1.5707963267948966, 2.0
1466, 32, 191, 391, 190, 392, 1, -1, -0.7853981633974483, 1.4142135623730951
1466, 42, 438, 263, 438, 265, 0, -2, -1.5707963267948966, 2.0
1466, 43, 550, 243, 550, 239, 0, 4, 1.5707963267948966, 4.0
1466, 48, 307, 396, 306, 397, 1, -1, -0.7853981633974483, 1.4142135623730951
1467, 0, 395, 306, 395, 308, 0, -2, -1.5707963267948966, 2.0
1467, 15, 350, 324, 349, 325, 1, -1, -0.7853981633974483, 1.4142135623730951
1467, 21, 622, 248, 621, 247, 1, 1, 0.7853981633974483, 1.4142135623730951
1467, 27, 340, 397, 339, 398, 1, -1, -0.7853981633974483, 1.4142135623730951
1467, 28, 371, 226, 371, 228, 0, -2, -1.5707963267948966, 2.0
1467, 31, 583, 217, 581, 214, 2, 3, 0.982793723247329, 3.605551275463989
1467, 41, 551, 246, 550, 243, 1, 3, 1.2490457723982544, 3.1622776601683795
1467, 45, 308, 395, 307, 396, 1, -1, -0.7853981633974483, 1.4142135623730951
1467, 48, 539, 193, 538, 192, 1, 1, 0.7853981633974483, 1.4142135623730951
1467, 58, 158, 285, 160, 285, -2, 0, 3.141592653589793, 2.0
1468, 0, 396, 305, 395, 306, 1, -1, -0.7853981633974483, 1.4142135623730951
1468, 3, 282, 403, 281, 404, 1, -1, -0.7853981633974483, 1.4142135623730951
1468, 11, 458, 117, 457, 119, 1, -2, -1.1071487177940904, 2.23606797749979
1468, 19, 337, 386, 336, 387, 1, -1, -0.7853981633974483, 1.4142135623730951
1468, 27, 341, 396, 340, 397, 1, -1, -0.7853981633974483, 1.4142135623730951
1468, 31, 584, 219, 583, 217, 1, 2, 1.1071487177940904, 2.23606797749979
1468, 35, 383, 361, 384, 360, -1, 1, 2.356194490192345, 1.4142135623730951
1468, 41, 552, 250, 551, 246, 1, 4, 1.3258176636680326, 4.123105625617661
1468, 44, 432, 145, 432, 147, 0, -2, -1.5707963267948966, 2.0
1468, 52, 493, 150, 492, 151, 1, -1, -0.7853981633974483, 1.4142135623730951
1469, 0, 396, 303, 396, 305, 0, -2, -1.5707963267948966, 2.0
1469, 2, 327, 343, 326, 344, 1, -1, -0.7853981633974483, 1.4142135623730951
1469, 5, 103, 394, 102, 395, 1, -1, -0.7853981633974483, 1.4142135623730951
1469, 11, 459, 116, 458, 117, 1, -1, -0.7853981633974483, 1.4142135623730951
1469, 14, 305, 250, 306, 249, -1, 1, 2.356194490192345, 1.4142135623730951
1469, 27, 342, 395, 341, 396, 1, -1, -0.7853981633974483, 1.4142135623730951
1469, 31, 585, 222, 584, 219, 1, 3, 1.2490457723982544, 3.1622776601683795
1469, 35, 381, 361, 383, 361, -2, 0, 3.141592653589793, 2.0
1469, 36, 203, 369, 201, 372, 2, -3, -0.982793723247329, 3.605551275463989
1469, 40, 550, 251, 552, 250, -2, 1, 2.677945044588987, 2.23606797749979
1469, 45, 540, 196, 539, 194, 1, 2, 1.1071487177940904, 2.23606797749979
1470, 21, 585, 225, 584, 224, 1, 1, 0.7853981633974483, 1.4142135623730951
1470, 26, 343, 398, 342, 399, 1, -1, -0.7853981633974483, 1.4142135623730951
1470, 46, 541, 196, 540, 195, 1, 1, 0.7853981633974483, 1.4142135623730951
1470, 48, 93, 258, 92, 257, 1, 1, 0.7853981633974483, 1.4142135623730951
1470, 55, 168, 377, 169, 376, -1, 1, 2.356194490192345, 1.4142135623730951
1470, 59, 477, 136, 476, 137, 1, -1, -0.7853981633974483, 1.4142135623730951
1470, 63, 384, 364, 385, 363, -1, 1, 2.356194490192345, 1.4142135623730951
1471, 19, 586, 227, 585, 225, 1, 2, 1.1071487177940904, 2.23606797749979
1471, 24, 344, 397, 343, 398, 1, -1, -0.7853981633974483, 1.4142135623730951
1471, 43, 541, 198, 541, 196, 0, 2, 1.5707963267948966, 2.0
1471, 56, 562, 186, 561, 185, 1, 1, 0.7853981633974483, 1.4142135623730951
1471, 59, 383, 365, 384, 364, -1, 1, 2.356194490192345, 1.4142135623730951
1472, 18, 586, 229, 586, 227, 0, 2, 1.5707963267948966, 2.0
1472, 21, 414, 294, 414, 296, 0, -2, -1.5707963267948966, 2.0
1472, 30, 339, 385, 338, 386, 1, -1, -0.7853981633974483, 1.4142135623730951
1472, 32, 460, 118, 459, 119, 1, -1, -0.7853981633974483, 1.4142135623730951
1472, 40, 540, 199, 541, 198, -1, 1, 2.356194490192345, 1.4142135623730951
1472, 46, 402, 232, 403, 234, -1, -2, -2.0344439357957027, 2.23606797749979
1472, 47, 610, 349, 609, 348, 1, 1, 0.7853981633974483, 1.4142135623730951
1473, 1, 398, 303, 397, 305, 1, -2, -1.1071487177940904, 2.23606797749979
1473, 4, 284, 402, 283, 403, 1, -1, -0.7853981633974483, 1.4142135623730951
1473, 8, 308, 277, 309, 276, -1, 1, 2.356194490192345, 1.4142135623730951
1473, 14, 587, 226, 586, 229, 1, -3, -1.2490457723982544, 3.1622776601683795
1473, 17, 415, 293, 414, 294, 1, -1, -0.7853981633974483, 1.4142135623730951
1473, 19, 621, 252, 622, 251, -1, 1, 2.356194490192345, 1.4142135623730951
1473, 43, 193, 410, 192, 411, 1, -1, -0.7853981633974483, 1.4142135623730951
1473, 46, 563, 188, 562, 187, 1, 1, 0.7853981633974483, 1.4142135623730951
1473, 50, 369, 229, 368, 230, 1, -1, -0.7853981633974483, 1.4142135623730951
1474, 2, 447, 138, 446, 139, 1, -1, -0.7853981633974483, 1.4142135623730951
1474, 11, 525, 199, 525, 197, 0, 2, 1.5707963267948966, 2.0
1474, 17, 345, 394, 344, 395, 1, -1, -0.7853981633974483, 1.4142135623730951
1474, 22, 139, 205, 138, 206, 1, -1, -0.7853981633974483, 1.4142135623730951
1474, 23, 341, 384, 340, 385, 1, -1, -0.7853981633974483, 1.4142135623730951
1474, 32, 541, 201, 540, 200, 1, 1, 0.7853981633974483, 1.4142135623730951
1474, 42, 564, 189, 563, 188, 1, 1, 0.7853981633974483, 1.4142135623730951
1475, 0, 400, 303, 399, 305, 1, -2, -1.1071487177940904, 2.23606797749979
1475, 2, 448, 139, 447, 141, 1, -2, -1.1071487177940904, 2.23606797749979
1475, 7, 289, 403, 288, 404, 1, -1, -0.7853981633974483, 1.4142135623730951
1475, 16, 419, 217, 420, 219, -1, -2, -2.0344439357957027, 2.23606797749979
1475, 26, 557, 251, 558, 250, -1, 1, 2.356194490192345, 1.4142135623730951
1475, 45, 529, 200, 528, 198, 1, 2, 1.1071487177940904, 2.23606797749979
1475, 56, 418, 197, 418, 199, 0, -2, -1.5707963267948966, 2.0
1475, 58, 587, 227, 587, 225, 0, 2, 1.5707963267948966, 2.0
1475, 60, 559, 178, 557, 177, 2, 1, 0.4636476090008061, 2.23606797749979
1475, 64, 444, 263, 444, 265, 0, -2, -1.5707963267948966, 2.0
1475, 69, 518, 134, 516, 133, 2, 1, 0.4636476090008061, 2.23606797749979
1475, 71, 402, 164, 401, 165, 1, -1, -0.7853981633974483, 1.4142135623730951
1475, 74, 533, 155, 535, 156, -2, -1, -2.677945044588987, 2.23606797749979
1475, 79, 402, 232, 403, 234, -1, -2, -2.0344439357957027, 2.23606797749979
1475, 81, 542, 223, 541, 221, 1, 2, 1.1071487177940904, 2.23606797749979
1476, 13, 461, 118, 460, 119, 1, -1, -0.7853981633974483, 1.4142135623730951
1476, 17, 423, 301, 424, 303, -1, -2, -2.0344439357957027, 2.23606797749979
1476, 27, 345, 397, 345, 399, 0, -2, -1.5707963267948966, 2.0
1476, 33, 543, 202, 542, 201, 1, 1, 0.7853981633974483, 1.4142135623730951
1476, 37, 452, 125, 451, 126, 1, -1, -0.7853981633974483, 1.4142135623730951
1476, 41, 529, 203, 529, 200, 0, 3, 1.5707963267948966, 3.0
1476, 42, 328, 323, 327, 324, 1, -1, -0.7853981633974483, 1.4142135623730951
1476, 44, 414, 300, 415, 302, -1, -2, -2.0344439357957027, 2.23606797749979
1476, 54, 587, 230, 587, 227, 0, 3, 1.5707963267948966, 3.0
1476, 56, 560, 180, 559, 178, 1, 2, 1.1071487177940904, 2.23606797749979
1476, 62, 366, 266, 368, 268, -2, -2, -2.356194490192345, 2.8284271247461903
1476, 64, 519, 135, 518, 134, 1, 1, 0.7853981633974483, 1.4142135623730951
1476, 66, 403, 163, 402, 164, 1, -1, -0.7853981633974483, 1.4142135623730951
1476, 69, 532, 157, 533, 155, -1, 2, 2.0344439357957027, 2.23606797749979
1476, 72, 527, 165, 526, 164, 1, 1, 0.7853981633974483, 1.4142135623730951
1476, 73, 542, 225, 542, 223, 0, 2, 1.5707963267948966, 2.0
1477, 0, 400, 300, 400, 302, 0, -2, -1.5707963267948966, 2.0
1477, 2, 449, 137, 448, 138, 1, -1, -0.7853981633974483, 1.4142135623730951
1477, 4, 333, 344, 332, 345, 1, -1, -0.7853981633974483, 1.4142135623730951
1477, 16, 423, 299, 423, 301, 0, -2, -1.5707963267948966, 2.0
1477, 32, 544, 203, 543, 202, 1, 1, 0.7853981633974483, 1.4142135623730951
1477, 33, 608, 242, 606, 241, 2, 1, 0.4636476090008061, 2.23606797749979
1477, 36, 453, 124, 452, 125, 1, -1, -0.7853981633974483, 1.4142135623730951
1477, 40, 530, 206, 529, 203, 1, 3, 1.2490457723982544, 3.1622776601683795
1477, 43, 414, 298, 414, 300, 0, -2, -1.5707963267948966, 2.0
1477, 52, 588, 234, 587, 230, 1, 4, 1.3258176636680326, 4.123105625617661
1477, 53, 561, 184, 560, 180, 1, 4, 1.3258176636680326, 4.123105625617661
1477, 59, 520, 137, 519, 135, 1, 2, 1.1071487177940904, 2.23606797749979
1477, 61, 404, 162, 403, 163, 1, -1, -0.7853981633974483, 1.4142135623730951
1477, 67, 528, 167, 527, 165, 1, 2, 1.1071487177940904, 2.23606797749979
1477, 68, 543, 226, 542, 225, 1, 1, 0.7853981633974483, 1.4142135623730951
1478, 0, 401, 299, 400, 300, 1, -1, -0.7853981633974483, 1.4142135623730951
1478, 5, 291, 402, 290, 403, 1, -1, -0.7853981633974483, 1.4142135623730951
1478, 6, 151, 337, 150, 336, 1, 1, 0.7853981633974483, 1.4142135623730951
1478, 11, 462, 116, 461, 117, 1, -1, -0.7853981633974483, 1.4142135623730951
1478, 14, 422, 297, 423, 299, -1, -2, -2.0344439357957027, 2.23606797749979
1478, 21, 141, 204, 140, 206, 1, -2, -1.1071487177940904, 2.23606797749979
1478, 23, 346, 394, 345, 396, 1, -2, -1.1071487177940904, 2.23606797749979
1478, 27, 236, 295, 234, 296, 2, -1, -0.4636476090008061, 2.23606797749979
1478, 28, 545, 204, 544, 203, 1, 1, 0.7853981633974483, 1.4142135623730951
1478, 29, 610, 244, 608, 242, 2, 2, 0.7853981633974483, 2.8284271247461903
1478, 36, 531, 210, 530, 206, 1, 4, 1.3258176636680326, 4.123105625617661
1478, 39, 414, 296, 414, 298, 0, -2, -1.5707963267948966, 2.0
1478, 41, 372, 285, 371, 286, 1, -1, -0.7853981633974483, 1.4142135623730951
1478, 47, 587, 236, 588, 234, -1, 2, 2.0344439357957027, 2.23606797749979
1478, 48, 561, 186, 561, 184, 0, 2, 1.5707963267948966, 2.0
1478, 50, 587, 300, 588, 299, -1, 1, 2.356194490192345, 1.4142135623730951
1478, 53, 585, 310, 582, 307, 3, 3, 0.7853981633974483, 4.242640687119285
1478, 54, 521, 138, 520, 137, 1, 1, 0.7853981633974483, 1.4142135623730951
1478, 56, 403, 160, 404, 162, -1, -2, -2.0344439357957027, 2.23606797749979
1478, 62, 527, 168, 528, 167, -1, 1, 2.356194490192345, 1.4142135623730951
1478, 63, 544, 228, 543, 226, 1, 2, 1.1071487177940904, 2.23606797749979
1479, 0, 401, 297, 401, 299, 0, -2, -1.5707963267948966, 2.0
1479, 2, 450, 135, 449, 136, 1, -1, -0.7853981633974483, 1.4142135623730951
1479, 4, 334, 342, 333, 344, 1, -2, -1.1071487177940904, 2.23606797749979
1479, 6, 106, 252, 105, 253, 1, -1, -0.7853981633974483, 1.4142135623730951
1479, 7, 164, 308, 166, 308, -2, 0, 3.141592653589793, 2.0
1479, 23, 608, 252, 609, 251, -1, 1, 2.356194490192345, 1.4142135623730951
1479, 26, 546, 205, 545, 204, 1, 1, 0.7853981633974483, 1.4142135623730951
1479, 27, 612, 246, 610, 244, 2, 2, 0.7853981633974483, 2.8284271247461903
1479, 34, 533, 213, 531, 210, 2, 3, 0.982793723247329, 3.605551275463989
1479, 37, 414, 294, 414, 296, 0, -2, -1.5707963267948966, 2.0
1479, 44, 587, 238, 587, 236, 0, 2, 1.5707963267948966, 2.0
1479, 48, 441, 260, 443, 261, -2, -1, -2.677945044588987, 2.23606797749979
1479, 50, 586, 312, 585, 310, 1, 2, 1.1071487177940904, 2.23606797749979
1479, 60, 545, 230, 544, 228, 1, 2, 1.1071487177940904, 2.23606797749979
1480, 1, 400, 301, 401, 303, -1, -2, -2.0344439357957027, 2.23606797749979
1480, 12, 349, 397, 348, 398, 1, -1, -0.7853981633974483, 1.4142135623730951
1480, 17, 590, 235, 589, 233, 1, 2, 1.1071487177940904, 2.23606797749979
1480, 18, 570, 199, 569, 198, 1, 1, 0.7853981633974483, 1.4142135623730951
1480, 20, 532, 210, 531, 208, 1, 2, 1.1071487177940904, 2.23606797749979
1480, 23, 424, 297, 424, 299, 0, -2, -1.5707963267948966, 2.0
1480, 24, 117, 394, 116, 395, 1, -1, -0.7853981633974483, 1.4142135623730951
1480, 26, 445, 263, 445, 265, 0, -2, -1.5707963267948966, 2.0
1480, 31, 356, 321, 355, 322, 1, -1, -0.7853981633974483, 1.4142135623730951
1480, 33, 464, 119, 463, 120, 1, -1, -0.7853981633974483, 1.4142135623730951
1480, 43, 343, 390, 342, 392, 1, -2, -1.1071487177940904, 2.23606797749979
1480, 44, 416, 296, 416, 298, 0, -2, -1.5707963267948966, 2.0
1480, 45, 453, 125, 451, 126, 2, -1, -0.4636476090008061, 2.23606797749979
1480, 60, 421, 185, 422, 187, -1, -2, -2.0344439357957027, 2.23606797749979
1480, 65, 367, 264, 368, 266, -1, -2, -2.0344439357957027, 2.23606797749979
1480, 68, 635, 350, 637, 349, -2, 1, 2.677945044588987, 2.23606797749979
1480, 74, 313, 364, 312, 365, 1, -1, -0.7853981633974483, 1.4142135623730951
1480, 76, 392, 354, 390, 357, 2, -3, -0.982793723247329, 3.605551275463989
1481, 1, 400, 299, 400, 301, 0, -2, -1.5707963267948966, 2.0
1481, 11, 350, 396, 349, 397, 1, -1, -0.7853981633974483, 1.4142135623730951
1481, 15, 591, 236, 590, 235, 1, 1, 0.7853981633974483, 1.4142135623730951
1481, 16, 571, 201, 570, 199, 1, 2, 1.1071487177940904, 2.23606797749979
1481, 18, 534, 212, 532, 210, 2, 2, 0.7853981633974483, 2.8284271247461903
1481, 23, 611, 254, 611, 252, 0, 2, 1.5707963267948966, 2.0
1481, 24, 444, 261, 445, 263, -1, -2, -2.0344439357957027, 2.23606797749979
1481, 25, 165, 308, 167, 308, -2, 0, 3.141592653589793, 2.0
1481, 30, 309, 281, 310, 280, -1, 1, 2.356194490192345, 1.4142135623730951
1481, 31, 465, 118, 464, 119, 1, -1, -0.7853981633974483, 1.4142135623730951
1481, 33, 377, 222, 376, 223, 1, -1, -0.7853981633974483, 1.4142135623730951
1481, 35, 588, 319, 590, 319, -2, 0, 3.141592653589793, 2.0
1481, 40, 344, 389, 343, 390, 1, -1, -0.7853981633974483, 1.4142135623730951
1481, 42, 454, 124, 453, 125, 1, -1, -0.7853981633974483, 1.4142135623730951
1481, 57, 319, 390, 318, 391, 1, -1, -0.7853981633974483, 1.4142135623730951
1481, 61, 366, 262, 367, 264, -1, -2, -2.0344439357957027, 2.23606797749979
1481, 71, 438, 185, 439, 187, -1, -2, -2.0344439357957027, 2.23606797749979
1481, 72, 394, 350, 392, 354, 2, -4, -1.1071487177940904, 4.47213595499958
1482, 6, 293, 403, 292, 404, 1, -1, -0.7853981633974483, 1.4142135623730951
1482, 8, 135, 239, 135, 241, 0, -2, -1.5707963267948966, 2.0
1482, 14, 592, 237, 591, 236, 1, 1, 0.7853981633974483, 1.4142135623730951
1482, 15, 570, 202, 571, 201, -1, 1, 2.356194490192345, 1.4142135623730951
1482, 16, 110, 396, 108, 399, 2, -3, -0.982793723247329, 3.605551275463989
1482, 17, 535, 213, 534, 212, 1, 1, 0.7853981633974483, 1.4142135623730951
1482, 22, 610, 256, 611, 254, -1, 2, 2.0344439357957027, 2.23606797749979
1482, 27, 355, 317, 356, 320, -1, -3, -1.892546881191539, 3.1622776601683795
1482, 29, 467, 115, 465, 118, 2, -3, -0.982793723247329, 3.605551275463989
1482, 31, 376, 218, 377, 222, -1, -4, -1.8157749899217608, 4.123105625617661
1482, 37, 345, 388, 344, 389, 1, -1, -0.7853981633974483, 1.4142135623730951
1482, 38, 416, 293, 416, 295, 0, -2, -1.5707963267948966, 2.0
1482, 45, 559, 249, 560, 248, -1, 1, 2.356194490192345, 1.4142135623730951
1482, 48, 565, 193, 564, 191, 1, 2, 1.1071487177940904, 2.23606797749979
1482, 53, 320, 389, 319, 390, 1, -1, -0.7853981633974483, 1.4142135623730951
1482, 55, 606, 253, 606, 255, 0, -2, -1.5707963267948966, 2.0
1482, 58, 635, 347, 635, 350, 0, -3, -1.5707963267948966, 3.0
1482, 59, 548, 204, 547, 203, 1, 1, 0.7853981633974483, 1.4142135623730951
1482, 60, 300, 372, 299, 373, 1, -1, -0.7853981633974483, 1.4142135623730951
1482, 65, 396, 346, 394, 350, 2, -4, -1.1071487177940904, 4.47213595499958
1483, 0, 400, 296, 400, 298, 0, -2, -1.5707963267948966, 2.0
1483, 9, 351, 394, 350, 395, 1, -1, -0.7853981633974483, 1.4142135623730951
1483, 13, 568, 203, 570, 202, -2, 1, 2.677945044588987, 2.23606797749979
1483, 16, 349, 383, 349, 385, 0, -2, -1.5707963267948966, 2.0
1483, 20, 443, 258, 444, 260, -1, -2, -2.0344439357957027, 2.23606797749979
1483, 24, 356, 315, 355, 317, 1, -2, -1.1071487177940904, 2.23606797749979
1483, 26, 468, 114, 467, 115, 1, -1, -0.7853981633974483, 1.4142135623730951
1483, 30, 587, 320, 588, 319, -1, 1, 2.356194490192345, 1.4142135623730951
1483, 34, 346, 386, 345, 388, 1, -2, -1.1071487177940904, 2.23606797749979
1483, 35, 416, 291, 416, 293, 0, -2, -1.5707963267948966, 2.0
1483, 39, 590, 302, 589, 301, 1, 1, 0.7853981633974483, 1.4142135623730951
1483, 45, 564, 195, 565, 193, -1, 2, 2.0344439357957027, 2.23606797749979
1483, 49, 321, 388, 320, 389, 1, -1, -0.7853981633974483, 1.4142135623730951
1483, 55, 301, 373, 300, 372, 1, 1, 0.7853981633974483, 1.4142135623730951
1483, 59, 397, 343, 396, 346, 1, -3, -1.2490457723982544, 3.1622776601683795
1483, 60, 481, 133, 479, 135, 2, -2, -0.7853981633974483, 2.8284271247461903
1484, 9, 352, 393, 351, 394, 1, -1, -0.7853981633974483, 1.4142135623730951
1484, 13, 566, 202, 568, 203, -2, -1, -2.677945044588987, 2.23606797749979
1484, 15, 535, 216, 535, 214, 0, 2, 1.5707963267948966, 2.0
1484, 19, 442, 256, 443, 258, -1, -2, -2.0344439357957027, 2.23606797749979
1484, 23, 357, 313, 356, 315, 1, -2, -1.1071487177940904, 2.23606797749979
1484, 25, 469, 113, 468, 114, 1, -1, -0.7853981633974483, 1.4142135623730951
1484, 34, 415, 289, 416, 291, -1, -2, -2.0344439357957027, 2.23606797749979
1484, 41, 558, 249, 559, 248, -1, 1, 2.356194490192345, 1.4142135623730951
1484, 44, 565, 198, 564, 195, 1, 3, 1.2490457723982544, 3.1622776601683795
1484, 47, 322, 387, 321, 388, 1, -1, -0.7853981633974483, 1.4142135623730951
1484, 57, 399, 339, 397, 343, 2, -4, -1.1071487177940904, 4.47213595499958
1485, 1, 403, 298, 403, 300, 0, -2, -1.5707963267948966, 2.0
1485, 3, 452, 137, 451, 138, 1, -1, -0.7853981633974483, 1.4142135623730951
1485, 4, 337, 345, 336, 346, 1, -1, -0.7853981633974483, 1.4142135623730951
1485, 26, 377, 219, 377, 221, 0, -2, -1.5707963267948966, 2.0
1485, 30, 396, 306, 395, 307, 1, -1, -0.7853981633974483, 1.4142135623730951
1485, 36, 462, 126, 460, 127, 2, -1, -0.4636476090008061, 2.23606797749979
1485, 40, 304, 255, 305, 254, -1, 1, 2.356194490192345, 1.4142135623730951
1485, 45, 484, 135, 483, 136, 1, -1, -0.7853981633974483, 1.4142135623730951
1485, 46, 421, 183, 421, 185, 0, -2, -1.5707963267948966, 2.0
1485, 54, 366, 260, 367, 262, -1, -2, -2.0344439357957027, 2.23606797749979
1485, 57, 617, 350, 616, 351, 1, -1, -0.7853981633974483, 1.4142135623730951
1485, 58, 443, 259, 444, 261, -1, -2, -2.0344439357957027, 2.23606797749979
1485, 60, 592, 304, 591, 303, 1, 1, 0.7853981633974483, 1.4142135623730951
1485, 63, 353, 316, 353, 318, 0, -2, -1.5707963267948966, 2.0
1485, 66, 93, 322, 94, 321, -1, 1, 2.356194490192345, 1.4142135623730951
1486, 3, 452, 135, 452, 137, 0, -2, -1.5707963267948966, 2.0
1486, 6, 293, 398, 291, 399, 2, -1, -0.4636476090008061, 2.23606797749979
1486, 16, 353, 394, 352, 395, 1, -1, -0.7853981633974483, 1.4142135623730951
1486, 17, 625, 261, 626, 260, -1, 1, 2.356194490192345, 1.4142135623730951
1486, 19, 309, 281, 310, 280, -1, 1, 2.356194490192345, 1.4142135623730951
1486, 27, 397, 305, 396, 306, 1, -1, -0.7853981633974483, 1.4142135623730951
1486, 29, 172, 328, 173, 327, -1, 1, 2.356194490192345, 1.4142135623730951
1486, 33, 463, 125, 462, 126, 1, -1, -0.7853981633974483, 1.4142135623730951
1486, 38, 322, 389, 321, 390, 1, -1, -0.7853981633974483, 1.4142135623730951
1486, 41, 485, 134, 484, 135, 1, -1, -0.7853981633974483, 1.4142135623730951
1486, 47, 365, 258, 366, 260, -1, -2, -2.0344439357957027, 2.23606797749979
1486, 49, 548, 208, 549, 207, -1, 1, 2.356194490192345, 1.4142135623730951
1486, 50, 618, 349, 617, 350, 1, -1, -0.7853981633974483, 1.4142135623730951
1487, 1, 402, 295, 403, 297, -1, -2, -2.0344439357957027, 2.23606797749979
1487, 3, 453, 134, 452, 135, 1, -1, -0.7853981633974483, 1.4142135623730951
1487, 4, 338, 342, 337, 344, 1, -2, -1.1071487177940904, 2.23606797749979
1487, 6, 295, 398, 293, 398, 2, 0, 0.0, 2.0
1487, 14, 354, 393, 353, 394, 1, -1, -0.7853981633974483, 1.4142135623730951
1487, 19, 425, 292, 425, 294, 0, -2, -1.5707963267948966, 2.0
1487, 24, 398, 304, 397, 305, 1, -1, -0.7853981633974483, 1.4142135623730951
1487, 26, 169, 328, 172, 328, -3, 0, 3.141592653589793, 3.0
1487, 30, 464, 124, 463, 125, 1, -1, -0.7853981633974483, 1.4142135623730951
1487, 43, 365, 256, 365, 258, 0, -2, -1.5707963267948966, 2.0
1488, 1, 402, 293, 402, 295, 0, -2, -1.5707963267948966, 2.0
1488, 3, 453, 132, 453, 134, 0, -2, -1.5707963267948966, 2.0
1488, 4, 339, 341, 338, 342, 1, -1, -0.7853981633974483, 1.4142135623730951
1488, 8, 155, 334, 154, 335, 1, -1, -0.7853981633974483, 1.4142135623730951
1488, 9, 614, 261, 615, 260, -1, 1, 2.356194490192345, 1.4142135623730951
1488, 13, 355, 392, 354, 393, 1, -1, -0.7853981633974483, 1.4142135623730951
1488, 14, 624, 263, 625, 261, -1, 2, 2.0344439357957027, 2.23606797749979
1488, 23, 398, 302, 398, 304, 0, -2, -1.5707963267948966, 2.0
1488, 25, 167, 328, 169, 328, -2, 0, 3.141592653589793, 2.0
1488, 26, 196, 386, 195, 387, 1, -1, -0.7853981633974483, 1.4142135623730951
1488, 29, 465, 123, 464, 124, 1, -1, -0.7853981633974483, 1.4142135623730951
1488, 42, 365, 254, 365, 256, 0, -2, -1.5707963267948966, 2.0
1488, 50, 353, 312, 353, 314, 0, -2, -1.5707963267948966, 2.0
1489, 0, 308, 227, 309, 226, -1, 1, 2.356194490192345, 1.4142135623730951
1489, 3, 454, 131, 453, 132, 1, -1, -0.7853981633974483, 1.4142135623730951
1489, 6, 296, 396, 295, 397, 1, -1, -0.7853981633974483, 1.4142135623730951
1489, 13, 356, 390, 355, 392, 1, -2, -1.1071487177940904, 2.23606797749979
1489, 17, 469, 115, 468, 116, 1, -1, -0.7853981633974483, 1.4142135623730951
1489, 18, 425, 289, 425, 291, 0, -2, -1.5707963267948966, 2.0
1489, 23, 398, 300, 398, 302, 0, -2, -1.5707963267948966, 2.0
1489, 25, 165, 328, 167, 328, -2, 0, 3.141592653589793, 2.0
1489, 26, 197, 385, 196, 386, 1, -1, -0.7853981633974483, 1.4142135623730951
1489, 33, 300, 253, 303, 255, -3, -2, -2.5535900500422257, 3.605551275463989
1489, 34, 323, 386, 322, 387, 1, -1, -0.7853981633974483, 1.4142135623730951
1489, 38, 395, 358, 394, 359, 1, -1, -0.7853981633974483, 1.4142135623730951
1489, 42, 365, 252, 365, 254, 0, -2, -1.5707963267948966, 2.0
1489, 45, 621, 348, 619, 348, 2, 0, 0.0, 2.0
1489, 46, 452, 315, 451, 316, 1, -1, -0.7853981633974483, 1.4142135623730951
1489, 52, 255, 392, 254, 393, 1, -1, -0.7853981633974483, 1.4142135623730951
1490, 7, 454, 134, 454, 136, 0, -2, -1.5707963267948966, 2.0
1490, 21, 356, 393, 355, 394, 1, -1, -0.7853981633974483, 1.4142135623730951
1490, 25, 626, 264, 627, 263, -1, 1, 2.356194490192345, 1.4142135623730951
1490, 28, 457, 118, 457, 120, 0, -2, -1.5707963267948966, 2.0
1490, 40, 534, 206, 533, 205, 1, 1, 0.7853981633974483, 1.4142135623730951
1490, 43, 410, 187, 411, 190, -1, -3, -1.892546881191539, 3.1622776601683795
1490, 49, 573, 205, 573, 203, 0, 2, 1.5707963267948966, 2.0
1490, 54, 444, 139, 445, 141, -1, -2, -2.0344439357957027, 2.23606797749979
1490, 59, 518, 131, 517, 132, 1, -1, -0.7853981633974483, 1.4142135623730951
1490, 62, 561, 173, 560, 172, 1, 1, 0.7853981633974483, 1.4142135623730951
1490, 72, 453, 313, 451, 316, 2, -3, -0.982793723247329, 3.605551275463989
1490, 76, 415, 296, 416, 299, -1, -3, -1.892546881191539, 3.1622776601683795
1490, 78, 629, 334, 627, 335, 2, -1, -0.4636476090008061, 2.23606797749979
1490, 86, 402, 226, 402, 228, 0, -2, -1.5707963267948966, 2.0
1490, 87, 398, 358, 396, 360, 2, -2, -0.7853981633974483, 2.8284271247461903
1491, 3, 297, 402, 296, 403, 1, -1, -0.7853981633974483, 1.4142135623730951
1491, 7, 455, 133, 454, 134, 1, -1, -0.7853981633974483, 1.4142135623730951
1491, 12, 596, 239, 595, 238, 1, 1, 0.7853981633974483, 1.4142135623730951
1491, 14, 357, 381, 357, 383, 0, -2, -1.5707963267948966, 2.0
1491, 19, 470, 115, 469, 116, 1, -1, -0.7853981633974483, 1.4142135623730951
1491, 20, 357, 392, 356, 393, 1, -1, -0.7853981633974483, 1.4142135623730951
1491, 26, 155, 394, 156, 393, -1, 1, 2.356194490192345, 1.4142135623730951
1491, 27, 458, 117, 457, 118, 1, -1, -0.7853981633974483, 1.4142135623730951
1491, 32, 508, 155, 507, 156, 1, -1, -0.7853981633974483, 1.4142135623730951
1491, 35, 199, 394, 199, 391, 0, 3, 1.5707963267948966, 3.0
1491, 38, 536, 207, 534, 206, 2, 1, 0.4636476090008061, 2.23606797749979
1491, 39, 359, 313, 358, 315, 1, -2, -1.1071487177940904, 2.23606797749979
1491, 41, 409, 183, 410, 187, -1, -4, -1.8157749899217608, 4.123105625617661
1491, 46, 574, 206, 573, 205, 1, 1, 0.7853981633974483, 1.4142135623730951
1491, 47, 623, 351, 622, 352, 1, -1, -0.7853981633974483, 1.4142135623730951
1491, 50, 444, 137, 444, 139, 0, -2, -1.5707963267948966, 2.0
1491, 55, 517, 135, 518, 131, -1, 4, 1.8157749899217608, 4.123105625617661
1491, 57, 562, 174, 561, 173, 1, 1, 0.7853981633974483, 1.4142135623730951
1491, 64, 596, 246, 597, 245, -1, 1, 2.356194490192345, 1.4142135623730951
1491, 66, 556, 252, 557, 251, -1, 1, 2.356194490192345, 1.4142135623730951
1491, 67, 455, 310, 453, 313, 2, -3, -0.982793723247329, 3.605551275463989
1491, 71, 414, 293, 415, 296, -1, -3, -1.892546881191539, 3.1622776601683795
1491, 72, 597, 285, 598, 284, -1, 1, 2.356194490192345, 1.4142135623730951
1491, 74, 326, 388, 325, 389, 1, -1, -0.7853981633974483, 1.4142135623730951
1491, 81, 400, 356, 398, 358, 2, -2, -0.7853981633974483, 2.8284271247461903
1492, 1, 403, 295, 403, 297, 0, -2, -1.5707963267948966, 2.0
1492, 4, 339, 341, 338, 343, 1, -2, -1.1071487177940904, 2.23606797749979
1492, 9, 133, 238, 132, 240, 1, -2, -1.1071487177940904, 2.23606797749979
1492, 12, 596, 241, 596, 239, 0, 2, 1.5707963267948966, 2.0
1492, 18, 471, 114, 470, 115, 1, -1, -0.7853981633974483, 1.4142135623730951
1492, 19, 358, 391, 357, 392, 1, -1, -0.7853981633974483, 1.4142135623730951
1492, 25, 459, 116, 458, 117, 1, -1, -0.7853981633974483, 1.4142135623730951
1492, 30, 509, 154, 508, 155, 1, -1, -0.7853981633974483, 1.4142135623730951
1492, 38, 408, 179, 409, 183, -1, -4, -1.8157749899217608, 4.123105625617661
1492, 51, 408, 319, 408, 321, 0, -2, -1.5707963267948966, 2.0
1492, 52, 518, 136, 517, 135, 1, 1, 0.7853981633974483, 1.4142135623730951
1492, 63, 555, 253, 556, 252, -1, 1, 2.356194490192345, 1.4142135623730951
1492, 66, 414, 290, 414, 293, 0, -3, -1.5707963267948966, 3.0
1492, 68, 629, 332, 629, 334, 0, -2, -1.5707963267948966, 2.0
1492, 69, 327, 387, 326, 388, 1, -1, -0.7853981633974483, 1.4142135623730951
1492, 75, 401, 354, 400, 356, 1, -2, -1.1071487177940904, 2.23606797749979
1492, 76, 608, 243, 609, 242, -1, 1, 2.356194490192345, 1.4142135623730951
1493, 3, 299, 401, 298, 402, 1, -1, -0.7853981633974483, 1.4142135623730951
1493, 7, 456, 131, 455, 132, 1, -1, -0.7853981633974483, 1.4142135623730951
1493, 19, 359, 390, 358, 391, 1, -1, -0.7853981633974483, 1.4142135623730951
1493, 25, 460, 115, 459, 116, 1, -1, -0.7853981633974483, 1.4142135623730951
1493, 34, 539, 207, 537, 207, 2, 0, 0.0, 2.0
1493, 37, 407, 174, 408, 179, -1, -5, -1.7681918866447774, 5.0990195135927845
1493, 39, 176, 358, 177, 356, -1, 2, 2.0344439357957027, 2.23606797749979
1493, 42, 575, 208, 574, 207, 1, 1, 0.7853981633974483, 1.4142135623730951
1493, 50, 518, 138, 518, 136, 0, 2, 1.5707963267948966, 2.0
1493, 51, 565, 177, 563, 174, 2, 3, 0.982793723247329, 3.605551275463989
1493, 59, 554, 255, 555, 253, -1, 2, 2.0344439357957027, 2.23606797749979
1493, 60, 455, 307, 455, 309, 0, -2, -1.5707963267948966, 2.0
1493, 62, 414, 287, 414, 290, 0, -3, -1.5707963267948966, 3.0
1493, 71, 402, 352, 401, 354, 1, -2, -1.1071487177940904, 2.23606797749979
1494, 3, 300, 400, 299, 401, 1, -1, -0.7853981633974483, 1.4142135623730951
1494, 16, 465, 120, 464, 122, 1, -2, -1.1071487177940904, 2.23606797749979
1494, 18, 472, 112, 471, 113, 1, -1, -0.7853981633974483, 1.4142135623730951
1494, 19, 360, 389, 359, 390, 1, -1, -0.7853981633974483, 1.4142135623730951
1494, 23, 70, 324, 68, 326, 2, -2, -0.7853981633974483, 2.8284271247461903
1494, 25, 462, 114, 460, 115, 2, -1, -0.4636476090008061, 2.23606797749979
1494, 35, 359, 310, 359, 312, 0, -2, -1.5707963267948966, 2.0
1494, 38, 559, 261, 559, 259, 0, 2, 1.5707963267948966, 2.0
1494, 41, 626, 351, 624, 351, 2, 0, 0.0, 2.0
1494, 43, 444, 133, 444, 135, 0, -2, -1.5707963267948966, 2.0
1494, 47, 515, 137, 518, 138, -3, -1, -2.819842099193151, 3.1622776601683795
1494, 48, 566, 179, 565, 177, 1, 2, 1.1071487177940904, 2.23606797749979
1494, 51, 488, 133, 487, 134, 1, -1, -0.7853981633974483, 1.4142135623730951
1494, 55, 554, 257, 554, 255, 0, 2, 1.5707963267948966, 2.0
1494, 57, 414, 283, 414, 287, 0, -4, -1.5707963267948966, 4.0
1494, 65, 403, 351, 402, 352, 1, -1, -0.7853981633974483, 1.4142135623730951
1494, 66, 608, 246, 608, 244, 0, 2, 1.5707963267948966, 2.0
1495, 1, 405, 293, 405, 295, 0, -2, -1.5707963267948966, 2.0
1495, 21, 450, 140, 449, 141, 1, -1, -0.7853981633974483, 1.4142135623730951
1495, 27, 420, 260, 421, 262, -1, -2, -2.0344439357957027, 2.23606797749979
1495, 39, 534, 148, 533, 147, 1, 1, 0.7853981633974483, 1.4142135623730951
1495, 43, 324, 392, 323, 393, 1, -1, -0.7853981633974483, 1.4142135623730951
1495, 53, 490, 132, 489, 133, 1, -1, -0.7853981633974483, 1.4142135623730951
1495, 57, 409, 318, 409, 320, 0, -2, -1.5707963267948966, 2.0
1495, 58, 149, 397, 151, 396, -2, 1, 2.677945044588987, 2.23606797749979
1495, 64, 421, 179, 422, 181, -1, -2, -2.0344439357957027, 2.23606797749979
1496, 5, 300, 402, 299, 403, 1, -1, -0.7853981633974483, 1.4142135623730951
1496, 16, 420, 285, 420, 287, 0, -2, -1.5707963267948966, 2.0
1496, 17, 474, 114, 473, 115, 1, -1, -0.7853981633974483, 1.4142135623730951
1496, 33, 535, 149, 534, 148, 1, 1, 0.7853981633974483, 1.4142135623730951
1496, 37, 325, 391, 324, 392, 1, -1, -0.7853981633974483, 1.4142135623730951
1496, 38, 360, 310, 360, 312, 0, -2, -1.5707963267948966, 2.0
1496, 46, 407, 345, 407, 347, 0, -2, -1.5707963267948966, 2.0
1496, 51, 409, 316, 409, 318, 0, -2, -1.5707963267948966, 2.0
1496, 54, 207, 410, 206, 411, 1, -1, -0.7853981633974483, 1.4142135623730951
1497, 10, 597, 334, 596, 333, 1, 1, 0.7853981633974483, 1.4142135623730951
1497, 15, 421, 284, 420, 285, 1, -1, -0.7853981633974483, 1.4142135623730951
1497, 16, 475, 113, 474, 114, 1, -1, -0.7853981633974483, 1.4142135623730951
1497, 19, 380, 213, 380, 215, 0, -2, -1.5707963267948966, 2.0
1497, 23, 125, 390, 124, 391, 1, -1, -0.7853981633974483, 1.4142135623730951
1497, 35, 326, 390, 325, 391, 1, -1, -0.7853981633974483, 1.4142135623730951
1497, 44, 407, 341, 407, 345, 0, -4, -1.5707963267948966, 4.0
1497, 50, 147, 398, 148, 397, -1, 1, 2.356194490192345, 1.4142135623730951
1497, 55, 420, 176, 421, 178, -1, -2, -2.0344439357957027, 2.23606797749979
1498, 5, 301, 401, 300, 402, 1, -1, -0.7853981633974483, 1.4142135623730951
1498, 10, 355, 377, 354, 378, 1, -1, -0.7853981633974483, 1.4142135623730951
1498, 11, 136, 343, 135, 344, 1, -1, -0.7853981633974483, 1.4142135623730951
1498, 17, 451, 138, 450, 139, 1, -1, -0.7853981633974483, 1.4142135623730951
1498, 18, 380, 211, 380, 213, 0, -2, -1.5707963267948966, 2.0
1498, 19, 411, 153, 410, 154, 1, -1, -0.7853981633974483, 1.4142135623730951
1498, 22, 127, 389, 125, 390, 2, -1, -0.4636476090008061, 2.23606797749979
1498, 30, 534, 151, 535, 150, -1, 1, 2.356194490192345, 1.4142135623730951
1498, 35, 360, 307, 360, 309, 0, -2, -1.5707963267948966, 2.0
1498, 37, 208, 183, 206, 182, 2, 1, 0.4636476090008061, 2.23606797749979
1498, 42, 409, 338, 407, 341, 2, -3, -0.982793723247329, 3.605551275463989
1498, 43, 493, 131, 492, 132, 1, -1, -0.7853981633974483, 1.4142135623730951
1498, 44, 207, 317, 208, 316, -1, 1, 2.356194490192345, 1.4142135623730951
1498, 47, 409, 313, 409, 315, 0, -2, -1.5707963267948966, 2.0
1498, 50, 208, 409, 207, 410, 1, -1, -0.7853981633974483, 1.4142135623730951
1498, 51, 92, 263, 89, 263, 3, 0, 0.0, 3.0
1499, 3, 457, 130, 456, 131, 1, -1, -0.7853981633974483, 1.4142135623730951
1499, 12, 628, 271, 627, 268, 1, 3, 1.2490457723982544, 3.1622776601683795
1499, 13, 117, 397, 116, 398, 1, -1, -0.7853981633974483, 1.4142135623730951
1499, 14, 420, 280, 421, 283, -1, -3, -1.892546881191539, 3.1622776601683795
1499, 18, 379, 209, 380, 211, -1, -2, -2.0344439357957027, 2.23606797749979
1499, 19, 414, 150, 411, 153, 3, -3, -0.7853981633974483, 4.242640687119285
1499, 21, 128, 388, 127, 389, 1, -1, -0.7853981633974483, 1.4142135623730951
1499, 25, 144, 339, 143, 340, 1, -1, -0.7853981633974483, 1.4142135623730951
1499, 33, 360, 305, 360, 307, 0, -2, -1.5707963267948966, 2.0
1499, 36, 334, 325, 331, 326, 3, -1, -0.3217505543966422, 3.1622776601683795
1499, 39, 410, 335, 409, 338, 1, -3, -1.2490457723982544, 3.1622776601683795
1499, 40, 494, 130, 493, 131, 1, -1, -0.7853981633974483, 1.4142135623730951
1499, 43, 299, 394, 298, 395, 1, -1, -0.7853981633974483, 1.4142135623730951
1500, 16, 476, 114, 475, 115, 1, -1, -0.7853981633974483, 1.4142135623730951
1500, 18, 361, 307, 361, 309, 0, -2, -1.5707963267948966, 2.0
1500, 19, 379, 212, 379, 214, 0, -2, -1.5707963267948966, 2.0
1500, 27, 363, 388, 362, 389, 1, -1, -0.7853981633974483, 1.4142135623730951
1500, 32, 417, 241, 416, 242, 1, -1, -0.7853981633974483, 1.4142135623730951
1500, 33, 100, 263, 100, 265, 0, -2, -1.5707963267948966, 2.0
1500, 47, 445, 255, 446, 257, -1, -2, -2.0344439357957027, 2.23606797749979
1500, 59, 366, 248, 366, 250, 0, -2, -1.5707963267948966, 2.0
1500, 60, 365, 335, 364, 336, 1, -1, -0.7853981633974483, 1.4142135623730951
1501, 3, 458, 131, 457, 132, 1, -1, -0.7853981633974483, 1.4142135623730951
1501, 8, 302, 401, 301, 402, 1, -1, -0.7853981633974483, 1.4142135623730951
1501, 15, 477, 113, 476, 114, 1, -1, -0.7853981633974483, 1.4142135623730951
1501, 16, 626, 271, 627, 270, -1, 1, 2.356194490192345, 1.4142135623730951
1501, 17, 361, 305, 361, 307, 0, -2, -1.5707963267948966, 2.0
1501, 18, 379, 210, 379, 212, 0, -2, -1.5707963267948966, 2.0
1501, 20, 137, 344, 136, 345, 1, -1, -0.7853981633974483, 1.4142135623730951
1501, 25, 364, 387, 363, 388, 1, -1, -0.7853981633974483, 1.4142135623730951
1501, 33, 494, 133, 493, 134, 1, -1, -0.7853981633974483, 1.4142135623730951
1501, 41, 357, 377, 356, 378, 1, -1, -0.7853981633974483, 1.4142135623730951
1501, 42, 597, 315, 596, 314, 1, 1, 0.7853981633974483, 1.4142135623730951
1501, 53, 365, 246, 366, 248, -1, -2, -2.0344439357957027, 2.23606797749979
1501, 54, 363, 334, 365, 335, -2, -1, -2.677945044588987, 2.23606797749979
1501, 55, 575, 212, 575, 209, 0, 3, 1.5707963267948966, 3.0
1502, 0, 308, 229, 310, 229, -2, 0, 3.141592653589793, 2.0
1502, 2, 344, 341, 343, 342, 1, -1, -0.7853981633974483, 1.4142135623730951
1502, 15, 478, 112, 477, 113, 1, -1, -0.7853981633974483, 1.4142135623730951
1502, 17, 361, 303, 361, 305, 0, -2, -1.5707963267948966, 2.0
1502, 18, 379, 208, 379, 210, 0, -2, -1.5707963267948966, 2.0
1502, 23, 202, 388, 202, 390, 0, -2, -1.5707963267948966, 2.0
1502, 25, 365, 386, 364, 387, 1, -1, -0.7853981633974483, 1.4142135623730951
1502, 29, 69, 326, 70, 324, -1, 2, 2.0344439357957027, 2.23606797749979
1502, 41, 359, 376, 357, 377, 2, -1, -0.4636476090008061, 2.23606797749979
1502, 52, 365, 244, 365, 246, 0, -2, -1.5707963267948966, 2.0
1502, 53, 364, 333, 363, 334, 1, -1, -0.7853981633974483, 1.4142135623730951
1502, 54, 575, 214, 575, 212, 0, 2, 1.5707963267948966, 2.0
1503, 2, 345, 340, 344, 341, 1, -1, -0.7853981633974483, 1.4142135623730951
1503, 5, 406, 288, 405, 289, 1, -1, -0.7853981633974483, 1.4142135623730951
1503, 8, 304, 400, 303, 401, 1, -1, -0.7853981633974483, 1.4142135623730951
1503, 14, 479, 111, 478, 112, 1, -1, -0.7853981633974483, 1.4142135623730951
1503, 15, 625, 273, 626, 272, -1, 1, 2.356194490192345, 1.4142135623730951
1503, 16, 361, 301, 361, 303, 0, -2, -1.5707963267948966, 2.0
1503, 17, 379, 206, 379, 208, 0, -2, -1.5707963267948966, 2.0
1503, 38, 360, 375, 359, 376, 1, -1, -0.7853981633974483, 1.4142135623730951
1503, 48, 365, 242, 365, 244, 0, -2, -1.5707963267948966, 2.0
1504, 6, 108, 343, 110, 344, -2, -1, -2.677945044588987, 2.23606797749979
1504, 9, 119, 396, 118, 397, 1, -1, -0.7853981633974483, 1.4142135623730951
1504, 13, 480, 110, 479, 111, 1, -1, -0.7853981633974483, 1.4142135623730951
1504, 15, 361, 298, 361, 301, 0, -3, -1.5707963267948966, 3.0
1504, 16, 379, 204, 379, 206, 0, -2, -1.5707963267948966, 2.0
1504, 19, 538, 218, 538, 216, 0, 2, 1.5707963267948966, 2.0
1504, 29, 496, 131, 495, 132, 1, -1, -0.7853981633974483, 1.4142135623730951
1504, 32, 596, 247, 596, 245, 0, 2, 1.5707963267948966, 2.0
1504, 35, 211, 409, 210, 410, 1, -1, -0.7853981633974483, 1.4142135623730951
1504, 36, 361, 374, 360, 375, 1, -1, -0.7853981633974483, 1.4142135623730951
1504, 45, 364, 240, 365, 242, -1, -2, -2.0344439357957027, 2.23606797749979
1505, 2, 347, 341, 346, 342, 1, -1, -0.7853981633974483, 1.4142135623730951
1505, 9, 610, 267, 611, 266, -1, 1, 2.356194490192345, 1.4142135623730951
1505, 12, 480, 113, 479, 114, 1, -1, -0.7853981633974483, 1.4142135623730951
1505, 18, 366, 387, 365, 389, 1, -2, -1.1071487177940904, 2.23606797749979
1505, 21, 626, 273, 627, 272, -1, 1, 2.356194490192345, 1.4142135623730951
1505, 23, 449, 134, 448, 135, 1, -1, -0.7853981633974483, 1.4142135623730951
1505, 25, 605, 259, 605, 257, 0, 2, 1.5707963267948966, 2.0
1505, 26, 362, 375, 361, 377, 1, -2, -1.1071487177940904, 2.23606797749979
1505, 37, 538, 221, 538, 218, 0, 3, 1.5707963267948966, 3.0
1505, 38, 367, 244, 367, 246, 0, -2, -1.5707963267948966, 2.0
1505, 44, 418, 186, 417, 187, 1, -1, -0.7853981633974483, 1.4142135623730951
1505, 52, 325, 362, 324, 363, 1, -1, -0.7853981633974483, 1.4142135623730951
1505, 53, 596, 248, 596, 246, 0, 2, 1.5707963267948966, 2.0
1505, 57, 579, 211, 578, 209, 1, 2, 1.1071487177940904, 2.23606797749979
1505, 61, 397, 288, 397, 292, 0, -4, -1.5707963267948966, 4.0
1505, 70, 422, 235, 423, 237, -1, -2, -2.0344439357957027, 2.23606797749979
1506, 9, 481, 112, 480, 113, 1, -1, -0.7853981633974483, 1.4142135623730951
1506, 14, 367, 385, 366, 387, 1, -2, -1.1071487177940904, 2.23606797749979
1506, 21, 363, 374, 362, 375, 1, -1, -0.7853981633974483, 1.4142135623730951
1506, 30, 421, 174, 422, 176, -1, -2, -2.0344439357957027, 2.23606797749979
1506, 32, 538, 223, 538, 221, 0, 2, 1.5707963267948966, 2.0
1506, 33, 366, 242, 367, 244, -1, -2, -2.0344439357957027, 2.23606797749979
1506, 35, 497, 133, 496, 134, 1, -1, -0.7853981633974483, 1.4142135623730951
1506, 46, 325, 360, 325, 362, 0, -2, -1.5707963267948966, 2.0
1506, 47, 597, 250, 596, 248, 1, 2, 1.1071487177940904, 2.23606797749979
1506, 51, 580, 213, 579, 211, 1, 2, 1.1071487177940904, 2.23606797749979
1506, 55, 397, 283, 397, 288, 0, -5, -1.5707963267948966, 5.0
1506, 59, 413, 214, 413, 216, 0, -2, -1.5707963267948966, 2.0
1506, 69, 168, 389, 169, 388, -1, 1, 2.356194490192345, 1.4142135623730951
1506, 71, 285, 377, 285, 379, 0, -2, -1.5707963267948966, 2.0
1507, 1, 348, 339, 347, 340, 1, -1, -0.7853981633974483, 1.4142135623730951
1507, 2, 460, 129, 459, 130, 1, -1, -0.7853981633974483, 1.4142135623730951
1507, 4, 309, 400, 308, 401, 1, -1, -0.7853981633974483, 1.4142135623730951
1507, 13, 368, 383, 367, 385, 1, -2, -1.1071487177940904, 2.23606797749979
1507, 21, 534, 146, 532, 147, 2, -1, -0.4636476090008061, 2.23606797749979
1507, 27, 420, 172, 421, 174, -1, -2, -2.0344439357957027, 2.23606797749979
1507, 29, 539, 225, 538, 223, 1, 2, 1.1071487177940904, 2.23606797749979
1507, 30, 365, 240, 366, 242, -1, -2, -2.0344439357957027, 2.23606797749979
1507, 33, 334, 384, 333, 385, 1, -1, -0.7853981633974483, 1.4142135623730951
1507, 41, 189, 305, 188, 306, 1, -1, -0.7853981633974483, 1.4142135623730951
1507, 44, 597, 252, 597, 250, 0, 2, 1.5707963267948966, 2.0
1507, 48, 581, 214, 580, 213, 1, 1, 0.7853981633974483, 1.4142135623730951
1507, 52, 398, 280, 397, 283, 1, -3, -1.2490457723982544, 3.1622776601683795
1508, 12, 69, 326, 68, 327, 1, -1, -0.7853981633974483, 1.4142135623730951
1508, 25, 420, 170, 420, 172, 0, -2, -1.5707963267948966, 2.0
1508, 27, 540, 227, 539, 225, 1, 2, 1.1071487177940904, 2.23606797749979
1508, 28, 365, 238, 365, 240, 0, -2, -1.5707963267948966, 2.0
1508, 42, 597, 254, 597, 252, 0, 2, 1.5707963267948966, 2.0
1508, 43, 346, 332, 345, 333, 1, -1, -0.7853981633974483, 1.4142135623730951
1508, 45, 582, 215, 581, 214, 1, 1, 0.7853981633974483, 1.4142135623730951
1508, 49, 398, 278, 398, 280, 0, -2, -1.5707963267948966, 2.0
1508, 57, 418, 238, 419, 240, -1, -2, -2.0344439357957027, 2.23606797749979
1509, 1, 349, 337, 348, 338, 1, -1, -0.7853981633974483, 1.4142135623730951
1509, 2, 461, 128, 460, 129, 1, -1, -0.7853981633974483, 1.4142135623730951
1509, 4, 311, 399, 310, 400, 1, -1, -0.7853981633974483, 1.4142135623730951
1509, 5, 171, 309, 173, 309, -2, 0, 3.141592653589793, 2.0
1509, 19, 535, 149, 534, 146, 1, 3, 1.2490457723982544, 3.1622776601683795
1509, 26, 499, 132, 498, 133, 1, -1, -0.7853981633974483, 1.4142135623730951
1509, 35, 188, 302, 189, 304, -1, -2, -2.0344439357957027, 2.23606797749979
1509, 39, 348, 331, 346, 332, 2, -1, -0.4636476090008061, 2.23606797749979
1509, 45, 399, 275, 398, 278, 1, -3, -1.2490457723982544, 3.1622776601683795
1509, 52, 417, 236, 418, 238, -1, -2, -2.0344439357957027, 2.23606797749979
1510, 7, 312, 402, 311, 403, 1, -1, -0.7853981633974483, 1.4142135623730951
1510, 15, 484, 113, 483, 114, 1, -1, -0.7853981633974483, 1.4142135623730951
1510, 20, 613, 270, 614, 269, -1, 1, 2.356194490192345, 1.4142135623730951
1510, 21, 369, 385, 368, 386, 1, -1, -0.7853981633974483, 1.4142135623730951
1510, 23, 541, 227, 540, 226, 1, 1, 0.7853981633974483, 1.4142135623730951
1510, 32, 625, 276, 626, 275, -1, 1, 2.356194490192345, 1.4142135623730951
1510, 39, 309, 371, 308, 372, 1, -1, -0.7853981633974483, 1.4142135623730951
1510, 43, 612, 263, 611, 262, 1, 1, 0.7853981633974483, 1.4142135623730951
1510, 44, 406, 340, 405, 342, 1, -2, -1.1071487177940904, 2.23606797749979
1510, 47, 500, 133, 499, 134, 1, -1, -0.7853981633974483, 1.4142135623730951
1510, 52, 420, 286, 420, 288, 0, -2, -1.5707963267948966, 2.0
1510, 60, 603, 331, 602, 332, 1, -1, -0.7853981633974483, 1.4142135623730951
1511, 0, 408, 287, 408, 289, 0, -2, -1.5707963267948966, 2.0
1511, 19, 612, 271, 613, 270, -1, 1, 2.356194490192345, 1.4142135623730951
1511, 20, 368, 383, 369, 385, -1, -2, -2.0344439357957027, 2.23606797749979
1511, 22, 542, 228, 541, 227, 1, 1, 0.7853981633974483, 1.4142135623730951
1511, 30, 172, 309, 174, 309, -2, 0, 3.141592653589793, 2.0
1511, 34, 428, 286, 430, 287, -2, -1, -2.677945044588987, 2.23606797749979
1511, 37, 365, 374, 366, 376, -1, -2, -2.0344439357957027, 2.23606797749979
1511, 41, 613, 266, 612, 263, 1, 3, 1.2490457723982544, 3.1622776601683795
1511, 42, 407, 337, 406, 340, 1, -3, -1.2490457723982544, 3.1622776601683795
1511, 45, 501, 132, 500, 133, 1, -1, -0.7853981633974483, 1.4142135623730951
1511, 50, 419, 284, 420, 286, -1, -2, -2.0344439357957027, 2.23606797749979
1511, 55, 420, 172, 422, 174, -2, -2, -2.356194490192345, 2.8284271247461903
1512, 2, 464, 129, 463, 130, 1, -1, -0.7853981633974483, 1.4142135623730951
1512, 3, 349, 340, 348, 341, 1, -1, -0.7853981633974483, 1.4142135623730951
1512, 17, 611, 272, 612, 271, -1, 1, 2.356194490192345, 1.4142135623730951
1512, 18, 369, 382, 368, 383, 1, -1, -0.7853981633974483, 1.4142135623730951
1512, 27, 169, 309, 172, 309, -3, 0, 3.141592653589793, 3.0
1512, 33, 366, 372, 365, 374, 1, -2, -1.1071487177940904, 2.23606797749979
1512, 34, 310, 369, 309, 370, 1, -1, -0.7853981633974483, 1.4142135623730951
1512, 35, 582, 220, 581, 219, 1, 1, 0.7853981633974483, 1.4142135623730951
1512, 36, 612, 268, 613, 266, -1, 2, 2.0344439357957027, 2.23606797749979
1512, 37, 410, 334, 407, 337, 3, -3, -0.7853981633974483, 4.242640687119285
1513, 6, 314, 400, 313, 401, 1, -1, -0.7853981633974483, 1.4142135623730951
1513, 16, 610, 274, 611, 272, -1, 2, 2.0344439357957027, 2.23606797749979
1513, 17, 370, 381, 369, 382, 1, -1, -0.7853981633974483, 1.4142135623730951
1513, 24, 209, 179, 204, 181, 5, -2, -0.3805063771123649, 5.385164807134504
1513, 32, 582, 222, 582, 220, 0, 2, 1.5707963267948966, 2.0
1513, 33, 611, 270, 612, 268, -1, 2, 2.0344439357957027, 2.23606797749979
1513, 34, 412, 331, 410, 334, 2, -3, -0.982793723247329, 3.605551275463989
1513, 45, 561, 255, 561, 253, 0, 2, 1.5707963267948966, 2.0
1514, 1, 465, 126, 464, 128, 1, -2, -1.1071487177940904, 2.23606797749979
1514, 5, 315, 399, 314, 400, 1, -1, -0.7853981633974483, 1.4142135623730951
1514, 20, 210, 178, 209, 179, 1, -1, -0.7853981633974483, 1.4142135623730951
1514, 26, 368, 370, 366, 372, 2, -2, -0.7853981633974483, 2.8284271247461903
1514, 28, 583, 224, 582, 222, 1, 2, 1.1071487177940904, 2.23606797749979
1514, 29, 610, 271, 611, 270, -1, 1, 2.356194490192345, 1.4142135623730951
1514, 30, 414, 328, 412, 331, 2, -3, -0.982793723247329, 3.605551275463989
1514, 32, 505, 132, 503, 132, 2, 0, 0.0, 2.0
1515, 6, 311, 397, 310, 398, 1, -1, -0.7853981633974483, 1.4142135623730951
1515, 16, 487, 113, 486, 114, 1, -1, -0.7853981633974483, 1.4142135623730951
1515, 19, 625, 280, 626, 279, -1, 1, 2.356194490192345, 1.4142135623730951
1515, 21, 364, 296, 364, 298, 0, -2, -1.5707963267948966, 2.0
1515, 34, 372, 381, 371, 382, 1, -1, -0.7853981633974483, 1.4142135623730951
1515, 36, 213, 186, 212, 187, 1, -1, -0.7853981633974483, 1.4142135623730951
1515, 42, 505, 133, 504, 134, 1, -1, -0.7853981633974483, 1.4142135623730951
1515, 44, 131, 398, 130, 399, 1, -1, -0.7853981633974483, 1.4142135623730951
1515, 49, 369, 235, 369, 237, 0, -2, -1.5707963267948966, 2.0
1515, 53, 440, 174, 440, 176, 0, -2, -1.5707963267948966, 2.0
1516, 2, 350, 337, 350, 339, 0, -2, -1.5707963267948966, 2.0
1516, 3, 466, 127, 465, 128, 1, -1, -0.7853981633974483, 1.4142135623730951
1516, 5, 312, 396, 311, 397, 1, -1, -0.7853981633974483, 1.4142135623730951
1516, 17, 624, 281, 625, 280, -1, 1, 2.356194490192345, 1.4142135623730951
1516, 19, 364, 294, 364, 296, 0, -2, -1.5707963267948966, 2.0
1516, 25, 402, 291, 401, 292, 1, -1, -0.7853981633974483, 1.4142135623730951
1516, 29, 381, 203, 381, 205, 0, -2, -1.5707963267948966, 2.0
1516, 31, 373, 380, 372, 381, 1, -1, -0.7853981633974483, 1.4142135623730951
1516, 36, 614, 277, 615, 276, -1, 1, 2.356194490192345, 1.4142135623730951
1516, 37, 340, 382, 339, 383, 1, -1, -0.7853981633974483, 1.4142135623730951
1516, 45, 369, 233, 369, 235, 0, -2, -1.5707963267948966, 2.0
1516, 49, 445, 249, 445, 251, 0, -2, -1.5707963267948966, 2.0
1516, 52, 370, 369, 369, 371, 1, -2, -1.1071487177940904, 2.23606797749979
1517, 3, 467, 125, 466, 127, 1, -2, -1.1071487177940904, 2.23606797749979
1517, 17, 623, 282, 624, 281, -1, 1, 2.356194490192345, 1.4142135623730951
1517, 19, 364, 292, 364, 294, 0, -2, -1.5707963267948966, 2.0
1517, 25, 403, 290, 402, 291, 1, -1, -0.7853981633974483, 1.4142135623730951
1517, 31, 374, 378, 373, 380, 1, -2, -1.1071487177940904, 2.23606797749979
1517, 39, 507, 132, 506, 133, 1, -1, -0.7853981633974483, 1.4142135623730951
1517, 40, 313, 368, 312, 369, 1, -1, -0.7853981633974483, 1.4142135623730951
1517, 44, 368, 230, 369, 233, -1, -3, -1.892546881191539, 3.1622776601683795
1517, 47, 439, 171, 440, 173, -1, -2, -2.0344439357957027, 2.23606797749979
1518, 3, 468, 124, 467, 125, 1, -1, -0.7853981633974483, 1.4142135623730951
1518, 4, 313, 395, 312, 396, 1, -1, -0.7853981633974483, 1.4142135623730951
1518, 14, 598, 255, 599, 254, -1, 1, 2.356194490192345, 1.4142135623730951
1518, 18, 364, 289, 364, 292, 0, -3, -1.5707963267948966, 3.0
1518, 24, 403, 288, 403, 290, 0, -2, -1.5707963267948966, 2.0
1518, 28, 382, 200, 381, 202, 1, -2, -1.1071487177940904, 2.23606797749979
1518, 29, 196, 398, 197, 397, -1, 1, 2.356194490192345, 1.4142135623730951
1518, 30, 375, 377, 374, 378, 1, -1, -0.7853981633974483, 1.4142135623730951
1518, 35, 613, 279, 614, 278, -1, 1, 2.356194490192345, 1.4142135623730951
1518, 43, 369, 228, 368, 230, 1, -2, -1.1071487177940904, 2.23606797749979
1518, 46, 444, 246, 445, 248, -1, -2, -2.0344439357957027, 2.23606797749979
1519, 2, 351, 333, 350, 335, 1, -2, -1.1071487177940904, 2.23606797749979
1519, 4, 314, 394, 313, 395, 1, -1, -0.7853981633974483, 1.4142135623730951
1519, 16, 621, 283, 622, 282, -1, 1, 2.356194490192345, 1.4142135623730951
1519, 18, 364, 285, 364, 289, 0, -4, -1.5707963267948966, 4.0
1519, 29, 376, 376, 375, 377, 1, -1, -0.7853981633974483, 1.4142135623730951
1519, 34, 612, 280, 613, 279, -1, 1, 2.356194490192345, 1.4142135623730951
1519, 36, 334, 322, 336, 322, -2, 0, 3.141592653589793, 2.0
1519, 38, 315, 369, 314, 368, 1, 1, 0.7853981633974483, 1.4142135623730951
1519, 42, 369, 225, 369, 228, 0, -3, -1.5707963267948966, 3.0
1519, 43, 414, 201, 414, 203, 0, -2, -1.5707963267948966, 2.0
1519, 45, 442, 244, 444, 246, -2, -2, -2.356194490192345, 2.8284271247461903
1519, 48, 370, 366, 369, 368, 1, -2, -1.1071487177940904, 2.23606797749979
1520, 1, 409, 282, 409, 284, 0, -2, -1.5707963267948966, 2.0
1520, 5, 318, 402, 317, 403, 1, -1, -0.7853981633974483, 1.4142135623730951
1520, 17, 625, 283, 626, 282, -1, 1, 2.356194490192345, 1.4142135623730951
1520, 19, 382, 202, 382, 204, 0, -2, -1.5707963267948966, 2.0
1520, 39, 484, 124, 482, 124, 2, 0, 0.0, 2.0
1520, 40, 430, 284, 429, 285, 1, -1, -0.7853981633974483, 1.4142135623730951
1520, 42, 332, 359, 331, 360, 1, -1, -0.7853981633974483, 1.4142135623730951
1520, 46, 370, 230, 370, 232, 0, -2, -1.5707963267948966, 2.0
1520, 47, 375, 379, 374, 380, 1, -1, -0.7853981633974483, 1.4142135623730951
1520, 50, 529, 143, 528, 142, 1, 1, 0.7853981633974483, 1.4142135623730951
1520, 59, 597, 301, 598, 300, -1, 1, 2.356194490192345, 1.4142135623730951
1520, 63, 360, 294, 361, 296, -1, -2, -2.0344439357957027, 2.23606797749979
1520, 64, 244, 180, 244, 182, 0, -2, -1.5707963267948966, 2.0
1520, 72, 414, 342, 412, 344, 2, -2, -0.7853981633974483, 2.8284271247461903
1521, 3, 468, 126, 467, 127, 1, -1, -0.7853981633974483, 1.4142135623730951
1521, 14, 624, 284, 625, 283, -1, 1, 2.356194490192345, 1.4142135623730951
1521, 16, 382, 200, 382, 202, 0, -2, -1.5707963267948966, 2.0
1521, 22, 371, 371, 370, 372, 1, -1, -0.7853981633974483, 1.4142135623730951
1521, 25, 612, 279, 613, 278, -1, 1, 2.356194490192345, 1.4142135623730951
1521, 36, 486, 123, 484, 124, 2, -1, -0.4636476090008061, 2.23606797749979
1521, 39, 333, 358, 332, 359, 1, -1, -0.7853981633974483, 1.4142135623730951
1521, 44, 376, 378, 375, 379, 1, -1, -0.7853981633974483, 1.4142135623730951
1521, 60, 100, 347, 102, 347, -2, 0, 3.141592653589793, 2.0
1521, 63, 416, 339, 414, 342, 2, -3, -0.982793723247329, 3.605551275463989
1522, 3, 469, 125, 468, 126, 1, -1, -0.7853981633974483, 1.4142135623730951
1522, 4, 319, 401, 318, 402, 1, -1, -0.7853981633974483, 1.4142135623730951
1522, 14, 381, 198, 382, 200, -1, -2, -2.0344439357957027, 2.23606797749979
1522, 24, 310, 257, 309, 258, 1, -1, -0.7853981633974483, 1.4142135623730951
1522, 32, 510, 133, 509, 134, 1, -1, -0.7853981633974483, 1.4142135623730951
1522, 39, 377, 376, 376, 378, 1, -2, -1.1071487177940904, 2.23606797749979
1522, 41, 530, 145, 529, 144, 1, 1, 0.7853981633974483, 1.4142135623730951
1522, 45, 609, 342, 608, 341, 1, 1, 0.7853981633974483, 1.4142135623730951
1522, 55, 417, 338, 416, 339, 1, -1, -0.7853981633974483, 1.4142135623730951
1523, 0, 353, 334, 353, 336, 0, -2, -1.5707963267948966, 2.0
1523, 9, 194, 302, 196, 303, -2, -1, -2.677945044588987, 2.23606797749979
1523, 17, 554, 230, 555, 229, -1, 1, 2.356194490192345, 1.4142135623730951
1523, 23, 342, 379, 341, 380, 1, -1, -0.7853981633974483, 1.4142135623730951
1523, 35, 370, 226, 370, 228, 0, -2, -1.5707963267948966, 2.0
1523, 36, 378, 374, 377, 376, 1, -2, -1.1071487177940904, 2.23606797749979
1523, 38, 531, 146, 530, 145, 1, 1, 0.7853981633974483, 1.4142135623730951
1523, 51, 417, 336, 417, 338, 0, -2, -1.5707963267948966, 2.0
1524, 0, 353, 332, 353, 334, 0, -2, -1.5707963267948966, 2.0
1524, 3, 320, 399, 319, 400, 1, -1, -0.7853981633974483, 1.4142135623730951
1524, 12, 378, 197, 380, 198, -2, -1, -2.677945044588987, 2.23606797749979
1524, 35, 379, 373, 378, 374, 1, -1, -0.7853981633974483, 1.4142135623730951
1524, 37, 533, 147, 531, 146, 2, 1, 0.4636476090008061, 2.23606797749979
1524, 46, 163, 290, 162, 291, 1, -1, -0.7853981633974483, 1.4142135623730951
1525, 1, 355, 335, 354, 336, 1, -1, -0.7853981633974483, 1.4142135623730951
1525, 16, 494, 114, 493, 115, 1, -1, -0.7853981633974483, 1.4142135623730951
1525, 17, 372, 227, 372, 229, 0, -2, -1.5707963267948966, 2.0
1525, 25, 604, 266, 604, 264, 0, 2, 1.5707963267948966, 2.0
1525, 31, 379, 377, 378, 378, 1, -1, -0.7853981633974483, 1.4142135623730951
1525, 55, 601, 342, 598, 341, 3, 1, 0.3217505543966422, 3.1622776601683795
1525, 56, 360, 290, 361, 292, -1, -2, -2.0344439357957027, 2.23606797749979
1525, 66, 565, 265, 564, 263, 1, 2, 1.1071487177940904, 2.23606797749979
1525, 72, 421, 331, 422, 333, -1, -2, -2.0344439357957027, 2.23606797749979
1526, 2, 318, 398, 317, 399, 1, -1, -0.7853981633974483, 1.4142135623730951
1526, 15, 372, 225, 372, 227, 0, -2, -1.5707963267948966, 2.0
1526, 25, 614, 260, 615, 259, -1, 1, 2.356194490192345, 1.4142135623730951
1526, 29, 380, 376, 379, 377, 1, -1, -0.7853981633974483, 1.4142135623730951
1526, 30, 485, 114, 483, 115, 2, -1, -0.4636476090008061, 2.23606797749979
1526, 32, 419, 284, 420, 283, -1, 1, 2.356194490192345, 1.4142135623730951
1526, 44, 293, 400, 292, 401, 1, -1, -0.7853981633974483, 1.4142135623730951
1526, 49, 603, 342, 601, 342, 2, 0, 0.0, 2.0
1526, 50, 360, 288, 360, 290, 0, -2, -1.5707963267948966, 2.0
1526, 58, 344, 379, 343, 380, 1, -1, -0.7853981633974483, 1.4142135623730951
1526, 64, 420, 328, 421, 331, -1, -3, -1.892546881191539, 3.1622776601683795
1527, 2, 319, 397, 318, 398, 1, -1, -0.7853981633974483, 1.4142135623730951
1527, 6, 119, 342, 117, 341, 2, 1, 0.4636476090008061, 2.23606797749979
1527, 9, 465, 129, 464, 130, 1, -1, -0.7853981633974483, 1.4142135623730951
1527, 21, 603, 267, 604, 266, -1, 1, 2.356194490192345, 1.4142135623730951
1527, 28, 487, 114, 485, 114, 2, 0, 0.0, 2.0
1527, 33, 195, 302, 197, 303, -2, -1, -2.677945044588987, 2.23606797749979
1527, 39, 294, 399, 293, 400, 1, -1, -0.7853981633974483, 1.4142135623730951
1527, 41, 412, 334, 413, 333, -1, 1, 2.356194490192345, 1.4142135623730951
1527, 42, 264, 189, 264, 191, 0, -2, -1.5707963267948966, 2.0
1527, 44, 606, 343, 603, 342, 3, 1, 0.3217505543966422, 3.1622776601683795
1527, 45, 360, 285, 360, 288, 0, -3, -1.5707963267948966, 3.0
1527, 58, 296, 373, 294, 374, 2, -1, -0.4636476090008061, 2.23606797749979
1527, 59, 421, 326, 420, 328, 1, -2, -1.1071487177940904, 2.23606797749979
1528, 11, 608, 339, 610, 340, -2, -1, -2.677945044588987, 2.23606797749979
1528, 20, 569, 201, 569, 199, 0, 2, 1.5707963267948966, 2.0
1528, 25, 381, 373, 380, 375, 1, -2, -1.1071487177940904, 2.23606797749979
1528, 26, 489, 114, 487, 114, 2, 0, 0.0, 2.0
1528, 36, 295, 398, 294, 399, 1, -1, -0.7853981633974483, 1.4142135623730951
1528, 40, 608, 343, 606, 343, 2, 0, 0.0, 2.0
1528, 41, 360, 281, 360, 285, 0, -4, -1.5707963267948966, 4.0
1528, 49, 345, 377, 344, 378, 1, -1, -0.7853981633974483, 1.4142135623730951
1528, 51, 566, 264, 565, 265, 1, -1, -0.7853981633974483, 1.4142135623730951
1528, 55, 422, 323, 421, 326, 1, -3, -1.2490457723982544, 3.1622776601683795
1528, 57, 601, 297, 602, 296, -1, 1, 2.356194490192345, 1.4142135623730951
1529, 2, 320, 395, 319, 396, 1, -1, -0.7853981633974483, 1.4142135623730951
1529, 4, 472, 122, 471, 123, 1, -1, -0.7853981633974483, 1.4142135623730951
1529, 9, 466, 127, 465, 128, 1, -1, -0.7853981633974483, 1.4142135623730951
1529, 14, 498, 113, 497, 114, 1, -1, -0.7853981633974483, 1.4142135623730951
1529, 31, 373, 364, 372, 366, 1, -2, -1.1071487177940904, 2.23606797749979
1529, 37, 410, 336, 411, 334, -1, 2, 2.0344439357957027, 2.23606797749979
1529, 39, 610, 343, 608, 343, 2, 0, 0.0, 2.0
1529, 46, 515, 138, 514, 137, 1, 1, 0.7853981633974483, 1.4142135623730951
1529, 50, 455, 293, 457, 294, -2, -1, -2.677945044588987, 2.23606797749979
1530, 2, 473, 125, 472, 126, 1, -1, -0.7853981633974483, 1.4142135623730951
1530, 4, 356, 331, 356, 333, 0, -2, -1.5707963267948966, 2.0
1530, 23, 373, 224, 373, 226, 0, -2, -1.5707963267948966, 2.0
1530, 28, 365, 287, 365, 289, 0, -2, -1.5707963267948966, 2.0
1530, 29, 446, 245, 446, 247, 0, -2, -1.5707963267948966, 2.0
1530, 43, 373, 313, 373, 315, 0, -2, -1.5707963267948966, 2.0
1530, 50, 380, 197, 381, 199, -1, -2, -2.0344439357957027, 2.23606797749979
1530, 55, 603, 268, 604, 267, -1, 1, 2.356194490192345, 1.4142135623730951
1531, 4, 357, 330, 356, 331, 1, -1, -0.7853981633974483, 1.4142135623730951
1531, 7, 325, 397, 324, 398, 1, -1, -0.7853981633974483, 1.4142135623730951
1531, 12, 468, 129, 467, 130, 1, -1, -0.7853981633974483, 1.4142135623730951
1531, 13, 499, 115, 498, 116, 1, -1, -0.7853981633974483, 1.4142135623730951
1531, 15, 616, 343, 615, 344, 1, -1, -0.7853981633974483, 1.4142135623730951
1531, 16, 195, 301, 193, 302, 2, -1, -0.4636476090008061, 2.23606797749979
1531, 23, 373, 222, 373, 224, 0, -2, -1.5707963267948966, 2.0
1531, 26, 383, 376, 382, 377, 1, -1, -0.7853981633974483, 1.4142135623730951
1531, 27, 364, 285, 365, 287, -1, -2, -2.0344439357957027, 2.23606797749979
1531, 34, 417, 176, 416, 177, 1, -1, -0.7853981633974483, 1.4142135623730951
1531, 36, 541, 232, 541, 230, 0, 2, 1.5707963267948966, 2.0
1531, 39, 371, 313, 373, 313, -2, 0, 3.141592653589793, 2.0
1531, 40, 517, 138, 516, 137, 1, 1, 0.7853981633974483, 1.4142135623730951
1531, 45, 379, 195, 380, 197, -1, -2, -2.0344439357957027, 2.23606797749979
1531, 46, 138, 394, 137, 395, 1, -1, -0.7853981633974483, 1.4142135623730951
1532, 2, 474, 123, 473, 124, 1, -1, -0.7853981633974483, 1.4142135623730951
1532, 4, 357, 328, 357, 330, 0, -2, -1.5707963267948966, 2.0
1532, 16, 194, 302, 195, 301, -1, 1, 2.356194490192345, 1.4142135623730951
1532, 23, 373, 220, 373, 222, 0, -2, -1.5707963267948966, 2.0
1532, 26, 383, 374, 383, 376, 0, -2, -1.5707963267948966, 2.0
1532, 27, 364, 283, 364, 285, 0, -2, -1.5707963267948966, 2.0
1532, 32, 418, 175, 417, 176, 1, -1, -0.7853981633974483, 1.4142135623730951
1532, 34, 541, 234, 541, 232, 0, 2, 1.5707963267948966, 2.0
1532, 43, 139, 393, 138, 394, 1, -1, -0.7853981633974483, 1.4142135623730951
1532, 52, 422, 282, 421, 283, 1, -1, -0.7853981633974483, 1.4142135623730951
1533, 1, 476, 122, 474, 123, 2, -1, -0.4636476090008061, 2.23606797749979
1533, 6, 327, 396, 326, 397, 1, -1, -0.7853981633974483, 1.4142135623730951
1533, 11, 469, 127, 468, 128, 1, -1, -0.7853981633974483, 1.4142135623730951
1533, 12, 501, 114, 500, 115, 1, -1, -0.7853981633974483, 1.4142135623730951
1533, 17, 128, 403, 127, 404, 1, -1, -0.7853981633974483, 1.4142135623730951
1533, 20, 625, 290, 626, 289, -1, 1, 2.356194490192345, 1.4142135623730951
1533, 22, 384, 372, 383, 374, 1, -2, -1.1071487177940904, 2.23606797749979
1533, 23, 363, 281, 364, 283, -1, -2, -2.0344439357957027, 2.23606797749979
1533, 28, 541, 236, 541, 234, 0, 2, 1.5707963267948966, 2.0
1533, 37, 140, 391, 139, 393, 1, -2, -1.1071487177940904, 2.23606797749979
1533, 45, 422, 280, 422, 282, 0, -2, -1.5707963267948966, 2.0
1534, 6, 328, 395, 327, 396, 1, -1, -0.7853981633974483, 1.4142135623730951
1534, 11, 470, 126, 469, 127, 1, -1, -0.7853981633974483, 1.4142135623730951
1534, 22, 384, 369, 384, 372, 0, -3, -1.5707963267948966, 3.0
1534, 23, 363, 278, 363, 281, 0, -3, -1.5707963267948966, 3.0
1534, 27, 541, 239, 541, 236, 0, 3, 1.5707963267948966, 3.0
1534, 29, 371, 309, 371, 311, 0, -2, -1.5707963267948966, 2.0
1534, 35, 142, 391, 140, 391, 2, 0, 0.0, 2.0
1534, 42, 422, 278, 422, 280, 0, -2, -1.5707963267948966, 2.0
1535, 1, 359, 329, 358, 330, 1, -1, -0.7853981633974483, 1.4142135623730951
1535, 5, 328, 398, 327, 399, 1, -1, -0.7853981633974483, 1.4142135623730951
1535, 12, 542, 239, 541, 237, 1, 2, 1.1071487177940904, 2.23606797749979
1535, 14, 386, 373, 385, 375, 1, -2, -1.1071487177940904, 2.23606797749979
1535, 17, 178, 310, 180, 310, -2, 0, 3.141592653589793, 2.0
1535, 39, 423, 280, 423, 282, 0, -2, -1.5707963267948966, 2.0
1535, 40, 568, 276, 567, 275, 1, 1, 0.7853981633974483, 1.4142135623730951
1535, 43, 381, 362, 380, 363, 1, -1, -0.7853981633974483, 1.4142135623730951
1535, 45, 591, 229, 589, 228, 2, 1, 0.4636476090008061, 2.23606797749979
1535, 50, 408, 272, 407, 273, 1, -1, -0.7853981633974483, 1.4142135623730951
1535, 56, 446, 242, 446, 244, 0, -2, -1.5707963267948966, 2.0
1535, 65, 486, 156, 484, 157, 2, -1, -0.4636476090008061, 2.23606797749979
1536, 0, 360, 327, 359, 329, 1, -2, -1.1071487177940904, 2.23606797749979
1536, 2, 479, 125, 477, 125, 2, 0, 0.0, 2.0
1536, 4, 329, 397, 328, 398, 1, -1, -0.7853981633974483, 1.4142135623730951
1536, 10, 542, 241, 542, 239, 0, 2, 1.5707963267948966, 2.0
1536, 12, 387, 371, 386, 373, 1, -2, -1.1071487177940904, 2.23606797749979
1536, 13, 378, 193, 379, 195, -1, -2, -2.0344439357957027, 2.23606797749979
1536, 24, 364, 281, 364, 283, 0, -2, -1.5707963267948966, 2.0
1536, 27, 625, 291, 626, 290, -1, 1, 2.356194490192345, 1.4142135623730951
1536, 42, 593, 232, 591, 229, 2, 3, 0.982793723247329, 3.605551275463989
1536, 47, 409, 271, 408, 272, 1, -1, -0.7853981633974483, 1.4142135623730951
1536, 61, 487, 155, 486, 156, 1, -1, -0.7853981633974483, 1.4142135623730951
1537, 2, 480, 124, 479, 125, 1, -1, -0.7853981633974483, 1.4142135623730951
1537, 4, 330, 396, 329, 397, 1, -1, -0.7853981633974483, 1.4142135623730951
1537, 10, 543, 242, 542, 241, 1, 1, 0.7853981633974483, 1.4142135623730951
1537, 13, 378, 191, 378, 193, 0, -2, -1.5707963267948966, 2.0
1537, 22, 467, 128, 466, 129, 1, -1, -0.7853981633974483, 1.4142135623730951
1537, 32, 423, 277, 423, 279, 0, -2, -1.5707963267948966, 2.0
1537, 36, 382, 361, 381, 362, 1, -1, -0.7853981633974483, 1.4142135623730951
1537, 38, 594, 234, 593, 232, 1, 2, 1.1071487177940904, 2.23606797749979
1537, 45, 558, 237, 557, 236, 1, 1, 0.7853981633974483, 1.4142135623730951
1538, 4, 331, 395, 330, 396, 1, -1, -0.7853981633974483, 1.4142135623730951
1538, 12, 388, 368, 387, 370, 1, -2, -1.1071487177940904, 2.23606797749979
1538, 36, 384, 362, 382, 361, 2, 1, 0.4636476090008061, 2.23606797749979
1538, 38, 595, 236, 594, 234, 1, 2, 1.1071487177940904, 2.23606797749979
1538, 43, 410, 269, 409, 270, 1, -1, -0.7853981633974483, 1.4142135623730951
1538, 45, 219, 409, 219, 411, 0, -2, -1.5707963267948966, 2.0
1538, 52, 486, 152, 487, 154, -1, -2, -2.0344439357957027, 2.23606797749979
1539, 0, 359, 323, 360, 325, -1, -2, -2.0344439357957027, 2.23606797749979
1539, 2, 481, 123, 480, 124, 1, -1, -0.7853981633974483, 1.4142135623730951
1539, 4, 332, 394, 331, 395, 1, -1, -0.7853981633974483, 1.4142135623730951
1539, 10, 542, 244, 543, 243, -1, 1, 2.356194490192345, 1.4142135623730951
1539, 12, 388, 366, 388, 368, 0, -2, -1.5707963267948966, 2.0
1539, 23, 623, 293, 623, 291, 0, 2, 1.5707963267948966, 2.0
1539, 26, 622, 341, 620, 341, 2, 0, 0.0, 2.0
1539, 39, 411, 268, 410, 269, 1, -1, -0.7853981633974483, 1.4142135623730951
1539, 48, 485, 150, 486, 152, -1, -2, -2.0344439357957027, 2.23606797749979
1540, 17, 389, 368, 388, 370, 1, -2, -1.1071487177940904, 2.23606797749979
1540, 21, 620, 341, 620, 343, 0, -2, -1.5707963267948966, 2.0
1540, 27, 420, 327, 419, 329, 1, -2, -1.1071487177940904, 2.23606797749979
1540, 29, 555, 177, 556, 179, -1, -2, -2.0344439357957027, 2.23606797749979
1540, 37, 523, 142, 522, 141, 1, 1, 0.7853981633974483, 1.4142135623730951
1540, 42, 322, 367, 321, 368, 1, -1, -0.7853981633974483, 1.4142135623730951
1540, 44, 423, 162, 423, 164, 0, -2, -1.5707963267948966, 2.0
1541, 8, 332, 396, 331, 397, 1, -1, -0.7853981633974483, 1.4142135623730951
1541, 17, 390, 366, 389, 368, 1, -2, -1.1071487177940904, 2.23606797749979
1541, 27, 422, 323, 420, 327, 2, -4, -1.1071487177940904, 4.47213595499958
1541, 30, 613, 287, 614, 286, -1, 1, 2.356194490192345, 1.4142135623730951
1541, 46, 544, 243, 545, 242, -1, 1, 2.356194490192345, 1.4142135623730951
1541, 49, 611, 280, 611, 278, 0, 2, 1.5707963267948966, 2.0
1542, 0, 359, 323, 360, 325, -1, -2, -2.0344439357957027, 2.23606797749979
1542, 5, 481, 123, 480, 124, 1, -1, -0.7853981633974483, 1.4142135623730951
1542, 16, 391, 364, 390, 366, 1, -2, -1.1071487177940904, 2.23606797749979
1542, 17, 375, 215, 375, 217, 0, -2, -1.5707963267948966, 2.0
1542, 21, 624, 294, 625, 293, -1, 1, 2.356194490192345, 1.4142135623730951
1542, 26, 424, 319, 422, 323, 2, -4, -1.1071487177940904, 4.47213595499958
1542, 28, 558, 177, 555, 176, 3, 1, 0.3217505543966422, 3.1622776601683795
1542, 29, 612, 288, 613, 287, -1, 1, 2.356194490192345, 1.4142135623730951
1542, 40, 323, 366, 322, 367, 1, -1, -0.7853981633974483, 1.4142135623730951
1542, 46, 313, 346, 312, 347, 1, -1, -0.7853981633974483, 1.4142135623730951
1542, 48, 612, 283, 611, 280, 1, 3, 1.2490457723982544, 3.1622776601683795
1543, 6, 333, 394, 332, 395, 1, -1, -0.7853981633974483, 1.4142135623730951
1543, 15, 391, 362, 391, 364, 0, -2, -1.5707963267948966, 2.0
1543, 16, 374, 213, 375, 215, -1, -2, -2.0344439357957027, 2.23606797749979
1543, 25, 427, 316, 424, 319, 3, -3, -0.7853981633974483, 4.242640687119285
1543, 26, 433, 277, 432, 278, 1, -1, -0.7853981633974483, 1.4142135623730951
1543, 27, 560, 177, 558, 177, 2, 0, 0.0, 2.0
1543, 28, 611, 289, 612, 288, -1, 1, 2.356194490192345, 1.4142135623730951
1543, 34, 527, 142, 525, 142, 2, 0, 0.0, 2.0
1543, 45, 612, 286, 612, 283, 0, 3, 1.5707963267948966, 3.0
1544, 0, 358, 320, 359, 322, -1, -2, -2.0344439357957027, 2.23606797749979
1544, 6, 334, 393, 333, 394, 1, -1, -0.7853981633974483, 1.4142135623730951
1544, 14, 392, 360, 391, 362, 1, -2, -1.1071487177940904, 2.23606797749979
1544, 15, 374, 211, 374, 213, 0, -2, -1.5707963267948966, 2.0
1544, 24, 428, 313, 427, 316, 1, -3, -1.2490457723982544, 3.1622776601683795
1544, 26, 561, 180, 560, 177, 1, 3, 1.2490457723982544, 3.1622776601683795
1544, 27, 610, 291, 611, 289, -1, 2, 2.0344439357957027, 2.23606797749979
1544, 30, 215, 295, 215, 297, 0, -2, -1.5707963267948966, 2.0
1544, 38, 573, 269, 572, 267, 1, 2, 1.1071487177940904, 2.23606797749979
1544, 42, 312, 346, 313, 345, -1, 1, 2.356194490192345, 1.4142135623730951
1545, 0, 360, 324, 361, 326, -1, -2, -2.0344439357957027, 2.23606797749979
1545, 1, 416, 273, 415, 275, 1, -2, -1.1071487177940904, 2.23606797749979
1545, 3, 335, 394, 334, 395, 1, -1, -0.7853981633974483, 1.4142135623730951
1545, 5, 485, 124, 483, 124, 2, 0, 0.0, 2.0
1545, 25, 409, 281, 408, 283, 1, -2, -1.1071487177940904, 2.23606797749979
1545, 28, 611, 292, 612, 290, -1, 2, 2.0344439357957027, 2.23606797749979
1545, 33, 625, 297, 626, 296, -1, 1, 2.356194490192345, 1.4142135623730951
1545, 36, 392, 367, 391, 368, 1, -1, -0.7853981633974483, 1.4142135623730951
1545, 44, 357, 374, 356, 375, 1, -1, -0.7853981633974483, 1.4142135623730951
1545, 51, 483, 154, 482, 155, 1, -1, -0.7853981633974483, 1.4142135623730951
1546, 1, 416, 271, 416, 273, 0, -2, -1.5707963267948966, 2.0
1546, 3, 336, 393, 335, 394, 1, -1, -0.7853981633974483, 1.4142135623730951
1546, 4, 310, 232, 309, 233, 1, -1, -0.7853981633974483, 1.4142135623730951
1546, 5, 486, 123, 485, 124, 1, -1, -0.7853981633974483, 1.4142135623730951
1546, 8, 120, 341, 121, 343, -1, -2, -2.0344439357957027, 2.23606797749979
1546, 9, 163, 341, 163, 343, 0, -2, -1.5707963267948966, 2.0
1546, 11, 509, 121, 508, 120, 1, 1, 0.7853981633974483, 1.4142135623730951
1546, 21, 243, 332, 245, 333, -2, -1, -2.677945044588987, 2.23606797749979
1546, 24, 610, 293, 611, 292, -1, 1, 2.356194490192345, 1.4142135623730951
1546, 25, 531, 143, 529, 143, 2, 0, 0.0, 2.0
1546, 28, 574, 274, 573, 273, 1, 1, 0.7853981633974483, 1.4142135623730951
1546, 31, 393, 366, 392, 367, 1, -1, -0.7853981633974483, 1.4142135623730951
1546, 35, 457, 146, 456, 147, 1, -1, -0.7853981633974483, 1.4142135623730951
1546, 38, 358, 373, 357, 374, 1, -1, -0.7853981633974483, 1.4142135623730951
1547, 0, 360, 321, 360, 323, 0, -2, -1.5707963267948966, 2.0
1547, 3, 337, 392, 336, 393, 1, -1, -0.7853981633974483, 1.4142135623730951
1547, 5, 487, 122, 486, 123, 1, -1, -0.7853981633974483, 1.4142135623730951
1547, 21, 532, 144, 531, 143, 1, 1, 0.7853981633974483, 1.4142135623730951
1547, 25, 624, 298, 625, 297, -1, 1, 2.356194490192345, 1.4142135623730951
1547, 27, 394, 365, 393, 366, 1, -1, -0.7853981633974483, 1.4142135623730951
1547, 34, 359, 372, 358, 373, 1, -1, -0.7853981633974483, 1.4142135623730951
1547, 38, 320, 343, 319, 344, 1, -1, -0.7853981633974483, 1.4142135623730951
1548, 0, 359, 319, 360, 321, -1, -2, -2.0344439357957027, 2.23606797749979
1548, 1, 416, 268, 416, 270, 0, -2, -1.5707963267948966, 2.0
1548, 5, 488, 121, 487, 122, 1, -1, -0.7853981633974483, 1.4142135623730951
1548, 24, 623, 299, 624, 298, -1, 1, 2.356194490192345, 1.4142135623730951
1548, 26, 395, 364, 394, 365, 1, -1, -0.7853981633974483, 1.4142135623730951
1548, 44, 96, 296, 92, 298, 4, -2, -0.4636476090008061, 4.47213595499958
1549, 3, 338, 390, 337, 391, 1, -1, -0.7853981633974483, 1.4142135623730951
1549, 5, 489, 120, 488, 121, 1, -1, -0.7853981633974483, 1.4142135623730951
1549, 9, 512, 122, 511, 121, 1, 1, 0.7853981633974483, 1.4142135623730951
1549, 24, 396, 362, 395, 364, 1, -2, -1.1071487177940904, 2.23606797749979
1549, 27, 457, 145, 456, 146, 1, -1, -0.7853981633974483, 1.4142135623730951
1549, 28, 562, 248, 562, 246, 0, 2, 1.5707963267948966, 2.0
1549, 30, 360, 370, 359, 371, 1, -1, -0.7853981633974483, 1.4142135623730951
1550, 2, 361, 321, 361, 323, 0, -2, -1.5707963267948966, 2.0
1550, 8, 512, 122, 511, 121, 1, 1, 0.7853981633974483, 1.4142135623730951
1550, 15, 291, 339, 290, 340, 1, -1, -0.7853981633974483, 1.4142135623730951
1550, 22, 367, 271, 367, 273, 0, -2, -1.5707963267948966, 2.0
1550, 23, 624, 300, 625, 299, -1, 1, 2.356194490192345, 1.4142135623730951
1550, 25, 429, 276, 428, 277, 1, -1, -0.7853981633974483, 1.4142135623730951
1550, 30, 562, 245, 561, 244, 1, 1, 0.7853981633974483, 1.4142135623730951
1550, 32, 380, 186, 380, 188, 0, -2, -1.5707963267948966, 2.0
1550, 37, 378, 213, 377, 214, 1, -1, -0.7853981633974483, 1.4142135623730951
1550, 42, 395, 366, 394, 367, 1, -1, -0.7853981633974483, 1.4142135623730951
1550, 43, 241, 381, 240, 378, 1, 3, 1.2490457723982544, 3.1622776601683795
1550, 48, 376, 304, 377, 306, -1, -2, -2.0344439357957027, 2.23606797749979
1550, 58, 427, 331, 424, 334, 3, -3, -0.7853981633974483, 4.242640687119285
1550, 64, 571, 200, 572, 199, -1, 1, 2.356194490192345, 1.4142135623730951
1551, 5, 338, 392, 337, 393, 1, -1, -0.7853981633974483, 1.4142135623730951
1551, 8, 513, 123, 512, 122, 1, 1, 0.7853981633974483, 1.4142135623730951
1551, 15, 292, 338, 291, 339, 1, -1, -0.7853981633974483, 1.4142135623730951
1551, 22, 367, 269, 367, 271, 0, -2, -1.5707963267948966, 2.0
1551, 26, 535, 147, 534, 146, 1, 1, 0.7853981633974483, 1.4142135623730951
1551, 29, 562, 247, 562, 245, 0, 2, 1.5707963267948966, 2.0
1551, 39, 395, 364, 395, 366, 0, -2, -1.5707963267948966, 2.0
1551, 45, 375, 302, 376, 304, -1, -2, -2.0344439357957027, 2.23606797749979
1551, 54, 428, 329, 427, 331, 1, -2, -1.1071487177940904, 2.23606797749979
1551, 59, 571, 196, 571, 200, 0, -4, -1.5707963267948966, 4.0
1551, 60, 377, 243, 377, 245, 0, -2, -1.5707963267948966, 2.0
1552, 4, 488, 122, 487, 123, 1, -1, -0.7853981633974483, 1.4142135623730951
1552, 5, 339, 391, 338, 392, 1, -1, -0.7853981633974483, 1.4142135623730951
1552, 8, 514, 124, 513, 123, 1, 1, 0.7853981633974483, 1.4142135623730951
1552, 14, 293, 337, 292, 338, 1, -1, -0.7853981633974483, 1.4142135623730951
1552, 21, 367, 266, 367, 269, 0, -3, -1.5707963267948966, 3.0
1552, 30, 218, 184, 220, 184, -2, 0, 3.141592653589793, 2.0
1552, 35, 485, 153, 484, 154, 1, -1, -0.7853981633974483, 1.4142135623730951
1552, 38, 396, 363, 395, 364, 1, -1, -0.7853981633974483, 1.4142135623730951
1552, 41, 360, 369, 359, 370, 1, -1, -0.7853981633974483, 1.4142135623730951
1552, 44, 375, 300, 375, 302, 0, -2, -1.5707963267948966, 2.0
1552, 52, 429, 327, 428, 329, 1, -2, -1.1071487177940904, 2.23606797749979
1552, 58, 376, 241, 377, 243, -1, -2, -2.0344439357957027, 2.23606797749979
1553, 2, 361, 317, 361, 319, 0, -2, -1.5707963267948966, 2.0
1553, 8, 518, 124, 514, 124, 4, 0, 0.0, 4.0
1553, 13, 291, 336, 293, 337, -2, -1, -2.677945044588987, 2.23606797749979
1553, 17, 133, 407, 133, 409, 0, -2, -1.5707963267948966, 2.0
1553, 20, 365, 263, 367, 266, -2, -3, -2.158798930342464, 3.605551275463989
1553, 21, 622, 301, 623, 300, -1, 1, 2.356194490192345, 1.4142135623730951
1553, 34, 397, 362, 396, 363, 1, -1, -0.7853981633974483, 1.4142135623730951
1553, 39, 375, 298, 375, 300, 0, -2, -1.5707963267948966, 2.0
1553, 42, 504, 128, 503, 127, 1, 1, 0.7853981633974483, 1.4142135623730951
1553, 46, 460, 144, 459, 145, 1, -1, -0.7853981633974483, 1.4142135623730951
1554, 4, 489, 122, 488, 123, 1, -1, -0.7853981633974483, 1.4142135623730951
1554, 5, 340, 389, 339, 390, 1, -1, -0.7853981633974483, 1.4142135623730951
1554, 8, 519, 125, 518, 124, 1, 1, 0.7853981633974483, 1.4142135623730951
1554, 9, 611, 296, 612, 295, -1, 1, 2.356194490192345, 1.4142135623730951
1554, 11, 391, 352, 390, 353, 1, -1, -0.7853981633974483, 1.4142135623730951
1554, 17, 635, 348, 634, 349, 1, -1, -0.7853981633974483, 1.4142135623730951
1554, 21, 618, 275, 619, 274, -1, 1, 2.356194490192345, 1.4142135623730951
1554, 22, 430, 274, 429, 275, 1, -1, -0.7853981633974483, 1.4142135623730951
1554, 26, 562, 251, 562, 249, 0, 2, 1.5707963267948966, 2.0
1554, 33, 398, 361, 397, 362, 1, -1, -0.7853981633974483, 1.4142135623730951
1554, 36, 619, 346, 618, 345, 1, 1, 0.7853981633974483, 1.4142135623730951
1554, 39, 480, 125, 479, 126, 1, -1, -0.7853981633974483, 1.4142135623730951
1554, 46, 572, 278, 573, 277, -1, 1, 2.356194490192345, 1.4142135623730951
1554, 49, 427, 158, 426, 159, 1, -1, -0.7853981633974483, 1.4142135623730951
1554, 51, 377, 239, 376, 240, 1, -1, -0.7853981633974483, 1.4142135623730951
1555, 5, 491, 123, 490, 124, 1, -1, -0.7853981633974483, 1.4142135623730951
1555, 10, 517, 125, 516, 124, 1, 1, 0.7853981633974483, 1.4142135623730951
1555, 18, 366, 266, 366, 269, 0, -3, -1.5707963267948966, 3.0
1555, 23, 486, 133, 485, 134, 1, -1, -0.7853981633974483, 1.4142135623730951
1555, 24, 504, 132, 503, 131, 1, 1, 0.7853981633974483, 1.4142135623730951
1555, 27, 537, 148, 536, 147, 1, 1, 0.7853981633974483, 1.4142135623730951
1555, 32, 398, 362, 398, 364, 0, -2, -1.5707963267948966, 2.0
1555, 33, 294, 337, 293, 338, 1, -1, -0.7853981633974483, 1.4142135623730951
1555, 36, 392, 352, 391, 353, 1, -1, -0.7853981633974483, 1.4142135623730951
1555, 42, 380, 182, 380, 184, 0, -2, -1.5707963267948966, 2.0
1555, 51, 352, 353, 351, 354, 1, -1, -0.7853981633974483, 1.4142135623730951
1555, 64, 361, 374, 360, 376, 1, -2, -1.1071487177940904, 2.23606797749979
1556, 8, 518, 126, 517, 125, 1, 1, 0.7853981633974483, 1.4142135623730951
1556, 19, 487, 132, 486, 133, 1, -1, -0.7853981633974483, 1.4142135623730951
1556, 20, 506, 132, 504, 132, 2, 0, 0.0, 2.0
1556, 21, 623, 347, 621, 346, 2, 1, 0.4636476090008061, 2.23606797749979
1556, 23, 538, 149, 537, 148, 1, 1, 0.7853981633974483, 1.4142135623730951
1556, 27, 399, 361, 398, 362, 1, -1, -0.7853981633974483, 1.4142135623730951
1556, 28, 295, 336, 294, 337, 1, -1, -0.7853981633974483, 1.4142135623730951
1556, 31, 393, 350, 392, 352, 1, -2, -1.1071487177940904, 2.23606797749979
1556, 37, 380, 180, 380, 182, 0, -2, -1.5707963267948966, 2.0
1556, 45, 353, 352, 352, 353, 1, -1, -0.7853981633974483, 1.4142135623730951
1556, 56, 362, 373, 361, 374, 1, -1, -0.7853981633974483, 1.4142135623730951
1557, 3, 492, 122, 491, 123, 1, -1, -0.7853981633974483, 1.4142135623730951
1557, 6, 339, 390, 338, 391, 1, -1, -0.7853981633974483, 1.4142135623730951
1557, 15, 365, 263, 366, 265, -1, -2, -2.0344439357957027, 2.23606797749979
1557, 21, 539, 150, 538, 149, 1, 1, 0.7853981633974483, 1.4142135623730951
1557, 28, 394, 348, 393, 350, 1, -2, -1.1071487177940904, 2.23606797749979
1557, 40, 354, 351, 353, 352, 1, -1, -0.7853981633974483, 1.4142135623730951
1557, 46, 267, 185, 269, 187, -2, -2, -2.356194490192345, 2.8284271247461903
1558, 1, 419, 267, 418, 268, 1, -1, -0.7853981633974483, 1.4142135623730951
1558, 6, 519, 127, 518, 126, 1, 1, 0.7853981633974483, 1.4142135623730951
1558, 13, 364, 261, 365, 263, -1, -2, -2.0344439357957027, 2.23606797749979
1558, 17, 626, 348, 624, 347, 2, 1, 0.4636476090008061, 2.23606797749979
1558, 18, 380, 206, 379, 210, 1, -4, -1.3258176636680326, 4.123105625617661
1558, 19, 540, 151, 539, 150, 1, 1, 0.7853981633974483, 1.4142135623730951
1558, 22, 400, 359, 399, 360, 1, -1, -0.7853981633974483, 1.4142135623730951
1558, 26, 395, 346, 394, 348, 1, -2, -1.1071487177940904, 2.23606797749979
1558, 31, 381, 177, 380, 179, 1, -2, -1.1071487177940904, 2.23606797749979
1558, 32, 569, 191, 567, 191, 2, 0, 0.0, 2.0
1558, 37, 356, 348, 354, 351, 2, -3, -0.982793723247329, 3.605551275463989
1558, 39, 179, 213, 177, 212, 2, 1, 0.4636476090008061, 2.23606797749979
1558, 47, 428, 324, 429, 323, -1, 1, 2.356194490192345, 1.4142135623730951
1558, 48, 363, 371, 362, 372, 1, -1, -0.7853981633974483, 1.4142135623730951
1559, 5, 341, 389, 340, 390, 1, -1, -0.7853981633974483, 1.4142135623730951
1559, 7, 427, 276, 426, 277, 1, -1, -0.7853981633974483, 1.4142135623730951
1559, 11, 546, 254, 546, 252, 0, 2, 1.5707963267948966, 2.0
1559, 16, 628, 348, 626, 348, 2, 0, 0.0, 2.0
1559, 21, 401, 358, 400, 359, 1, -1, -0.7853981633974483, 1.4142135623730951
1559, 25, 396, 345, 395, 346, 1, -1, -0.7853981633974483, 1.4142135623730951
1559, 28, 78, 326, 77, 328, 1, -2, -1.1071487177940904, 2.23606797749979
1559, 29, 571, 192, 569, 191, 2, 1, 0.4636476090008061, 2.23606797749979
1559, 43, 427, 325, 428, 324, -1, 1, 2.356194490192345, 1.4142135623730951
1559, 44, 364, 369, 363, 371, 1, -2, -1.1071487177940904, 2.23606797749979
1560, 0, 363, 315, 363, 317, 0, -2, -1.5707963267948966, 2.0
1560, 6, 520, 128, 519, 127, 1, 1, 0.7853981633974483, 1.4142135623730951
1560, 11, 343, 391, 342, 392, 1, -1, -0.7853981633974483, 1.4142135623730951
1560, 16, 380, 179, 381, 181, -1, -2, -2.0344439357957027, 2.23606797749979
1560, 22, 401, 358, 401, 360, 0, -2, -1.5707963267948966, 2.0
1560, 25, 421, 169, 419, 170, 2, -1, -0.4636476090008061, 2.23606797749979
1560, 29, 541, 152, 540, 151, 1, 1, 0.7853981633974483, 1.4142135623730951
1560, 35, 396, 348, 395, 350, 1, -2, -1.1071487177940904, 2.23606797749979
1560, 43, 546, 255, 546, 253, 0, 2, 1.5707963267948966, 2.0
1560, 53, 570, 193, 568, 192, 2, 1, 0.4636476090008061, 2.23606797749979
1560, 61, 476, 125, 474, 125, 2, 0, 0.0, 2.0
1560, 62, 378, 293, 378, 295, 0, -2, -1.5707963267948966, 2.0
1560, 64, 425, 329, 426, 328, -1, 1, 2.356194490192345, 1.4142135623730951
1560, 65, 110, 265, 110, 267, 0, -2, -1.5707963267948966, 2.0
1560, 68, 417, 298, 418, 300, -1, -2, -2.0344439357957027, 2.23606797749979
1560, 70, 453, 158, 452, 159, 1, -1, -0.7853981633974483, 1.4142135623730951
1560, 72, 485, 128, 484, 129, 1, -1, -0.7853981633974483, 1.4142135623730951
1561, 3, 495, 124, 494, 125, 1, -1, -0.7853981633974483, 1.4142135623730951
1561, 10, 344, 390, 343, 391, 1, -1, -0.7853981633974483, 1.4142135623730951
1561, 16, 510, 169, 511, 168, -1, 1, 2.356194490192345, 1.4142135623730951
1561, 21, 402, 356, 401, 358, 1, -2, -1.1071487177940904, 2.23606797749979
1561, 24, 422, 168, 421, 169, 1, -1, -0.7853981633974483, 1.4142135623730951
1561, 26, 228, 409, 227, 410, 1, -1, -0.7853981633974483, 1.4142135623730951
1561, 28, 542, 153, 541, 152, 1, 1, 0.7853981633974483, 1.4142135623730951
1561, 32, 419, 216, 418, 217, 1, -1, -0.7853981633974483, 1.4142135623730951
1561, 33, 397, 347, 396, 348, 1, -1, -0.7853981633974483, 1.4142135623730951
1561, 41, 546, 258, 546, 255, 0, 3, 1.5707963267948966, 3.0
1561, 51, 571, 194, 570, 193, 1, 1, 0.7853981633974483, 1.4142135623730951
1561, 52, 553, 180, 552, 179, 1, 1, 0.7853981633974483, 1.4142135623730951
1561, 58, 367, 265, 367, 267, 0, -2, -1.5707963267948966, 2.0
1561, 59, 479, 126, 476, 125, 3, 1, 0.3217505543966422, 3.1622776601683795
1561, 60, 377, 291, 378, 293, -1, -2, -2.0344439357957027, 2.23606797749979
1561, 69, 446, 234, 447, 236, -1, -2, -2.0344439357957027, 2.23606797749979
1561, 70, 486, 127, 485, 128, 1, -1, -0.7853981633974483, 1.4142135623730951
1562, 0, 362, 312, 363, 314, -1, -2, -2.0344439357957027, 2.23606797749979
1562, 2, 421, 267, 420, 268, 1, -1, -0.7853981633974483, 1.4142135623730951
1562, 6, 521, 130, 520, 129, 1, 1, 0.7853981633974483, 1.4142135623730951
1562, 10, 345, 389, 344, 390, 1, -1, -0.7853981633974483, 1.4142135623730951
1562, 11, 625, 305, 625, 303, 0, 2, 1.5707963267948966, 2.0
1562, 12, 200, 303, 199, 304, 1, -1, -0.7853981633974483, 1.4142135623730951
1562, 14, 379, 176, 380, 178, -1, -2, -2.0344439357957027, 2.23606797749979
1562, 15, 510, 171, 510, 169, 0, 2, 1.5707963267948966, 2.0
1562, 20, 402, 354, 402, 356, 0, -2, -1.5707963267948966, 2.0
1562, 23, 423, 167, 422, 168, 1, -1, -0.7853981633974483, 1.4142135623730951
1562, 24, 511, 128, 510, 127, 1, 1, 0.7853981633974483, 1.4142135623730951
1562, 26, 611, 300, 611, 298, 0, 2, 1.5707963267948966, 2.0
1562, 27, 543, 154, 542, 153, 1, 1, 0.7853981633974483, 1.4142135623730951
1562, 35, 132, 409, 133, 411, -1, -2, -2.0344439357957027, 2.23606797749979
1562, 39, 547, 261, 546, 258, 1, 3, 1.2490457723982544, 3.1622776601683795
1562, 52, 563, 258, 563, 256, 0, 2, 1.5707963267948966, 2.0
1562, 56, 367, 263, 367, 265, 0, -2, -1.5707963267948966, 2.0
1562, 57, 482, 126, 479, 126, 3, 0, 0.0, 3.0
1562, 58, 375, 289, 377, 291, -2, -2, -2.356194490192345, 2.8284271247461903
1562, 71, 304, 355, 302, 357, 2, -2, -0.7853981633974483, 2.8284271247461903
1563, 1, 421, 265, 421, 267, 0, -2, -1.5707963267948966, 2.0
1563, 5, 522, 131, 521, 130, 1, 1, 0.7853981633974483, 1.4142135623730951
1563, 9, 347, 389, 345, 389, 2, 0, 0.0, 2.0
1563, 14, 510, 173, 510, 171, 0, 2, 1.5707963267948966, 2.0
1563, 19, 403, 352, 402, 354, 1, -2, -1.1071487177940904, 2.23606797749979
1563, 20, 620, 277, 619, 276, 1, 1, 0.7853981633974483, 1.4142135623730951
1563, 22, 424, 166, 423, 167, 1, -1, -0.7853981633974483, 1.4142135623730951
1563, 23, 513, 129, 511, 128, 2, 1, 0.4636476090008061, 2.23606797749979
1563, 24, 229, 408, 228, 409, 1, -1, -0.7853981633974483, 1.4142135623730951
1563, 33, 266, 300, 267, 302, -1, -2, -2.0344439357957027, 2.23606797749979
1563, 35, 548, 265, 547, 261, 1, 4, 1.3258176636680326, 4.123105625617661
1563, 43, 428, 155, 428, 157, 0, -2, -1.5707963267948966, 2.0
1563, 44, 572, 198, 571, 195, 1, 3, 1.2490457723982544, 3.1622776601683795
1563, 47, 564, 259, 563, 258, 1, 1, 0.7853981633974483, 1.4142135623730951
1563, 52, 484, 127, 482, 126, 2, 1, 0.4636476090008061, 2.23606797749979
1564, 5, 523, 132, 522, 131, 1, 1, 0.7853981633974483, 1.4142135623730951
1564, 9, 624, 306, 625, 305, -1, 1, 2.356194490192345, 1.4142135623730951
1564, 12, 378, 173, 379, 175, -1, -2, -2.0344439357957027, 2.23606797749979
1564, 21, 514, 130, 513, 129, 1, 1, 0.7853981633974483, 1.4142135623730951
1564, 24, 545, 155, 544, 154, 1, 1, 0.7853981633974483, 1.4142135623730951
1564, 33, 549, 268, 548, 265, 1, 3, 1.2490457723982544, 3.1622776601683795
1564, 41, 573, 200, 572, 198, 1, 2, 1.1071487177940904, 2.23606797749979
1564, 42, 554, 183, 553, 182, 1, 1, 0.7853981633974483, 1.4142135623730951
1564, 44, 565, 261, 564, 259, 1, 2, 1.1071487177940904, 2.23606797749979
1564, 49, 423, 326, 422, 329, 1, -3, -1.2490457723982544, 3.1622776601683795
1565, 0, 365, 311, 365, 313, 0, -2, -1.5707963267948966, 2.0
1565, 3, 498, 123, 497, 124, 1, -1, -0.7853981633974483, 1.4142135623730951
1565, 6, 348, 389, 347, 390, 1, -1, -0.7853981633974483, 1.4142135623730951
1565, 16, 549, 267, 548, 264, 1, 3, 1.2490457723982544, 3.1622776601683795
1565, 18, 625, 309, 626, 308, -1, 1, 2.356194490192345, 1.4142135623730951
1565, 21, 381, 177, 381, 179, 0, -2, -1.5707963267948966, 2.0
1565, 31, 404, 355, 403, 356, 1, -1, -0.7853981633974483, 1.4142135623730951
1565, 40, 565, 263, 564, 261, 1, 2, 1.1071487177940904, 2.23606797749979
1566, 1, 423, 264, 423, 266, 0, -2, -1.5707963267948966, 2.0
1566, 5, 349, 388, 348, 389, 1, -1, -0.7853981633974483, 1.4142135623730951
1566, 10, 524, 131, 523, 130, 1, 1, 0.7853981633974483, 1.4142135623730951
1566, 15, 550, 269, 549, 267, 1, 2, 1.1071487177940904, 2.23606797749979
1566, 32, 604, 282, 603, 281, 1, 1, 0.7853981633974483, 1.4142135623730951
1566, 37, 338, 362, 338, 364, 0, -2, -1.5707963267948966, 2.0
1566, 38, 566, 265, 565, 263, 1, 2, 1.1071487177940904, 2.23606797749979
1566, 39, 429, 155, 429, 157, 0, -2, -1.5707963267948966, 2.0
1567, 0, 364, 308, 365, 310, -1, -2, -2.0344439357957027, 2.23606797749979
1567, 2, 499, 122, 498, 123, 1, -1, -0.7853981633974483, 1.4142135623730951
1567, 5, 350, 387, 349, 388, 1, -1, -0.7853981633974483, 1.4142135623730951
1567, 10, 525, 132, 524, 131, 1, 1, 0.7853981633974483, 1.4142135623730951
1567, 15, 173, 409, 174, 411, -1, -2, -2.0344439357957027, 2.23606797749979
1567, 25, 512, 173, 512, 170, 0, 3, 1.5707963267948966, 3.0
1567, 28, 403, 352, 404, 354, -1, -2, -2.0344439357957027, 2.23606797749979
1567, 30, 546, 156, 545, 155, 1, 1, 0.7853981633974483, 1.4142135623730951
1567, 35, 339, 361, 338, 362, 1, -1, -0.7853981633974483, 1.4142135623730951
1567, 37, 428, 153, 429, 155, -1, -2, -2.0344439357957027, 2.23606797749979
1567, 39, 224, 186, 222, 184, 2, 2, 0.7853981633974483, 2.8284271247461903
1568, 1, 424, 261, 423, 263, 1, -2, -1.1071487177940904, 2.23606797749979
1568, 13, 552, 273, 550, 270, 2, 3, 0.982793723247329, 3.605551275463989
1568, 25, 404, 351, 403, 352, 1, -1, -0.7853981633974483, 1.4142135623730951
1568, 26, 511, 136, 510, 137, 1, -1, -0.7853981633974483, 1.4142135623730951
1568, 33, 567, 267, 567, 265, 0, 2, 1.5707963267948966, 2.0
1569, 2, 500, 121, 499, 122, 1, -1, -0.7853981633974483, 1.4142135623730951
1569, 5, 351, 385, 350, 386, 1, -1, -0.7853981633974483, 1.4142135623730951
1569, 9, 527, 133, 526, 132, 1, 1, 0.7853981633974483, 1.4142135623730951
1569, 11, 415, 263, 414, 264, 1, -1, -0.7853981633974483, 1.4142135623730951
1569, 23, 404, 349, 404, 351, 0, -2, -1.5707963267948966, 2.0
1569, 25, 547, 158, 546, 157, 1, 1, 0.7853981633974483, 1.4142135623730951
1569, 29, 340, 359, 339, 360, 1, -1, -0.7853981633974483, 1.4142135623730951
1569, 30, 567, 269, 567, 267, 0, 2, 1.5707963267948966, 2.0
1570, 0, 425, 263, 424, 265, 1, -2, -1.1071487177940904, 2.23606797749979
1570, 1, 501, 123, 500, 124, 1, -1, -0.7853981633974483, 1.4142135623730951
1570, 2, 365, 310, 365, 312, 0, -2, -1.5707963267948966, 2.0
1570, 5, 352, 388, 351, 389, 1, -1, -0.7853981633974483, 1.4142135623730951
1570, 11, 527, 135, 526, 134, 1, 1, 0.7853981633974483, 1.4142135623730951
1570, 14, 549, 159, 548, 158, 1, 1, 0.7853981633974483, 1.4142135623730951
1570, 23, 298, 338, 297, 339, 1, -1, -0.7853981633974483, 1.4142135623730951
1570, 26, 365, 258, 366, 260, -1, -2, -2.0344439357957027, 2.23606797749979
1570, 28, 201, 310, 200, 311, 1, -1, -0.7853981633974483, 1.4142135623730951
1570, 30, 379, 173, 380, 175, -1, -2, -2.0344439357957027, 2.23606797749979
1570, 35, 406, 352, 405, 353, 1, -1, -0.7853981633974483, 1.4142135623730951
1570, 38, 551, 261, 549, 260, 2, 1, 0.4636476090008061, 2.23606797749979
1570, 49, 572, 232, 571, 231, 1, 1, 0.7853981633974483, 1.4142135623730951
1570, 59, 434, 315, 432, 319, 2, -4, -1.1071487177940904, 4.47213595499958
1570, 61, 419, 258, 419, 260, 0, -2, -1.5707963267948966, 2.0
1570, 64, 572, 263, 572, 260, 0, 3, 1.5707963267948966, 3.0
1570, 67, 312, 367, 309, 369, 3, -2, -0.5880026035475675, 3.605551275463989
1571, 0, 425, 261, 425, 263, 0, -2, -1.5707963267948966, 2.0
1571, 4, 353, 387, 352, 388, 1, -1, -0.7853981633974483, 1.4142135623730951
1571, 10, 528, 136, 527, 135, 1, 1, 0.7853981633974483, 1.4142135623730951
1571, 13, 550, 160, 549, 159, 1, 1, 0.7853981633974483, 1.4142135623730951
1571, 14, 554, 268, 553, 267, 1, 1, 0.7853981633974483, 1.4142135623730951
1571, 16, 612, 303, 613, 302, -1, 1, 2.356194490192345, 1.4142135623730951
1571, 22, 381, 202, 382, 204, -1, -2, -2.0344439357957027, 2.23606797749979
1571, 24, 364, 256, 365, 258, -1, -2, -2.0344439357957027, 2.23606797749979
1571, 27, 379, 171, 379, 173, 0, -2, -1.5707963267948966, 2.0
1571, 28, 232, 408, 231, 409, 1, -1, -0.7853981633974483, 1.4142135623730951
1571, 32, 406, 350, 406, 352, 0, -2, -1.5707963267948966, 2.0
1571, 35, 555, 262, 551, 261, 4, 1, 0.24497866312686414, 4.123105625617661
1571, 46, 574, 235, 572, 232, 2, 3, 0.982793723247329, 3.605551275463989
1571, 52, 320, 351, 318, 351, 2, 0, 0.0, 2.0
1571, 55, 435, 312, 434, 315, 1, -3, -1.2490457723982544, 3.1622776601683795
1571, 57, 420, 257, 419, 258, 1, -1, -0.7853981633974483, 1.4142135623730951
1571, 58, 575, 282, 574, 283, 1, -1, -0.7853981633974483, 1.4142135623730951
1571, 59, 573, 265, 572, 263, 1, 2, 1.1071487177940904, 2.23606797749979
1571, 62, 315, 365, 312, 367, 3, -2, -0.5880026035475675, 3.605551275463989
1572, 0, 425, 259, 425, 261, 0, -2, -1.5707963267948966, 2.0
1572, 1, 503, 122, 502, 123, 1, -1, -0.7853981633974483, 1.4142135623730951
1572, 2, 365, 307, 365, 309, 0, -2, -1.5707963267948966, 2.0
1572, 4, 354, 386, 353, 387, 1, -1, -0.7853981633974483, 1.4142135623730951
1572, 10, 529, 137, 528, 136, 1, 1, 0.7853981633974483, 1.4142135623730951
1572, 13, 552, 161, 550, 160, 2, 1, 0.4636476090008061, 2.23606797749979
1572, 15, 623, 311, 624, 310, -1, 1, 2.356194490192345, 1.4142135623730951
1572, 16, 611, 304, 612, 303, -1, 1, 2.356194490192345, 1.4142135623730951
1572, 22, 380, 200, 381, 202, -1, -2, -2.0344439357957027, 2.23606797749979
1572, 23, 154, 201, 153, 202, 1, -1, -0.7853981633974483, 1.4142135623730951
1572, 24, 364, 254, 364, 256, 0, -2, -1.5707963267948966, 2.0
1572, 27, 378, 169, 379, 171, -1, -2, -2.0344439357957027, 2.23606797749979
1572, 30, 407, 349, 406, 350, 1, -1, -0.7853981633974483, 1.4142135623730951
1572, 32, 556, 263, 555, 262, 1, 1, 0.7853981633974483, 1.4142135623730951
1572, 34, 511, 180, 512, 177, -1, 3, 1.892546881191539, 3.1622776601683795
1572, 42, 630, 349, 629, 350, 1, -1, -0.7853981633974483, 1.4142135623730951
1572, 43, 575, 237, 574, 235, 1, 2, 1.1071487177940904, 2.23606797749979
1572, 45, 584, 288, 583, 287, 1, 1, 0.7853981633974483, 1.4142135623730951
1572, 49, 321, 350, 320, 351, 1, -1, -0.7853981633974483, 1.4142135623730951
1572, 52, 436, 309, 435, 312, 1, -3, -1.2490457723982544, 3.1622776601683795
1572, 55, 576, 283, 575, 282, 1, 1, 0.7853981633974483, 1.4142135623730951
1572, 59, 318, 364, 315, 365, 3, -1, -0.3217505543966422, 3.1622776601683795
1573, 0, 424, 257, 425, 259, -1, -2, -2.0344439357957027, 2.23606797749979
1573, 1, 505, 121, 503, 122, 2, -1, -0.4636476090008061, 2.23606797749979
1573, 2, 365, 305, 365, 307, 0, -2, -1.5707963267948966, 2.0
1573, 3, 355, 384, 354, 386, 1, -2, -1.1071487177940904, 2.23606797749979
1573, 9, 530, 138, 529, 137, 1, 1, 0.7853981633974483, 1.4142135623730951
1573, 12, 553, 162, 552, 161, 1, 1, 0.7853981633974483, 1.4142135623730951
1573, 22, 364, 251, 364, 254, 0, -3, -1.5707963267948966, 3.0
1573, 23, 201, 306, 201, 308, 0, -2, -1.5707963267948966, 2.0
1573, 25, 378, 166, 378, 169, 0, -3, -1.5707963267948966, 3.0
1573, 28, 408, 348, 407, 349, 1, -1, -0.7853981633974483, 1.4142135623730951
1573, 30, 557, 264, 556, 263, 1, 1, 0.7853981633974483, 1.4142135623730951
1573, 32, 510, 184, 511, 180, -1, 4, 1.8157749899217608, 4.123105625617661
1573, 43, 322, 349, 321, 350, 1, -1, -0.7853981633974483, 1.4142135623730951
1573, 45, 438, 306, 436, 309, 2, -3, -0.982793723247329, 3.605551275463989
1573, 48, 579, 285, 576, 283, 3, 2, 0.5880026035475675, 3.605551275463989
1573, 52, 321, 363, 318, 364, 3, -1, -0.3217505543966422, 3.1622776601683795
1574, 1, 506, 120, 505, 121, 1, -1, -0.7853981633974483, 1.4142135623730951
1574, 2, 364, 303, 365, 305, -1, -2, -2.0344439357957027, 2.23606797749979
1574, 3, 356, 383, 355, 384, 1, -1, -0.7853981633974483, 1.4142135623730951
1574, 8, 531, 139, 530, 138, 1, 1, 0.7853981633974483, 1.4142135623730951
1574, 11, 554, 163, 553, 162, 1, 1, 0.7853981633974483, 1.4142135623730951
1574, 14, 609, 305, 610, 304, -1, 1, 2.356194490192345, 1.4142135623730951
1574, 20, 364, 249, 364, 251, 0, -2, -1.5707963267948966, 2.0
1574, 22, 380, 163, 378, 166, 2, -3, -0.982793723247329, 3.605551275463989
1574, 25, 409, 346, 408, 348, 1, -2, -1.1071487177940904, 2.23606797749979
1574, 27, 557, 266, 557, 264, 0, 2, 1.5707963267948966, 2.0
1574, 28, 441, 276, 439, 277, 2, -1, -0.4636476090008061, 2.23606797749979
1574, 29, 509, 186, 510, 184, -1, 2, 2.0344439357957027, 2.23606797749979
1574, 35, 575, 238, 574, 237, 1, 1, 0.7853981633974483, 1.4142135623730951
1574, 37, 434, 271, 432, 272, 2, -1, -0.4636476090008061, 2.23606797749979
1574, 42, 439, 303, 438, 306, 1, -3, -1.2490457723982544, 3.1622776601683795
1574, 44, 419, 256, 420, 255, -1, 1, 2.356194490192345, 1.4142135623730951
1574, 45, 582, 287, 579, 285, 3, 2, 0.5880026035475675, 3.605551275463989
1574, 46, 572, 267, 573, 266, -1, 1, 2.356194490192345, 1.4142135623730951
1575, 2, 426, 260, 426, 262, 0, -2, -1.5707963267948966, 2.0
1575, 7, 356, 386, 355, 387, 1, -1, -0.7853981633974483, 1.4142135623730951
1575, 12, 531, 139, 530, 138, 1, 1, 0.7853981633974483, 1.4142135623730951
1575, 13, 202, 308, 203, 310, -1, -2, -2.0344439357957027, 2.23606797749979
1575, 15, 382, 200, 382, 202, 0, -2, -1.5707963267948966, 2.0
1575, 18, 223, 298, 223, 300, 0, -2, -1.5707963267948966, 2.0
1575, 21, 585, 296, 584, 295, 1, 1, 0.7853981633974483, 1.4142135623730951
1575, 22, 380, 169, 381, 171, -1, -2, -2.0344439357957027, 2.23606797749979
1575, 26, 554, 162, 553, 161, 1, 1, 0.7853981633974483, 1.4142135623730951
1575, 28, 404, 344, 403, 345, 1, -1, -0.7853981633974483, 1.4142135623730951
1575, 35, 409, 351, 409, 353, 0, -2, -1.5707963267948966, 2.0
1575, 36, 611, 306, 612, 305, -1, 1, 2.356194490192345, 1.4142135623730951
1575, 39, 419, 267, 419, 269, 0, -2, -1.5707963267948966, 2.0
1575, 42, 301, 337, 300, 338, 1, -1, -0.7853981633974483, 1.4142135623730951
1575, 53, 537, 165, 536, 163, 1, 2, 1.1071487177940904, 2.23606797749979
1576, 2, 506, 122, 505, 123, 1, -1, -0.7853981633974483, 1.4142135623730951
1576, 6, 357, 385, 356, 386, 1, -1, -0.7853981633974483, 1.4142135623730951
1576, 13, 382, 198, 382, 200, 0, -2, -1.5707963267948966, 2.0
1576, 18, 586, 297, 585, 296, 1, 1, 0.7853981633974483, 1.4142135623730951
1576, 19, 379, 167, 380, 169, -1, -2, -2.0344439357957027, 2.23606797749979
1576, 25, 405, 342, 404, 344, 1, -2, -1.1071487177940904, 2.23606797749979
1576, 30, 432, 154, 431, 155, 1, -1, -0.7853981633974483, 1.4142135623730951
1576, 32, 410, 350, 409, 351, 1, -1, -0.7853981633974483, 1.4142135623730951
1576, 34, 235, 407, 234, 408, 1, -1, -0.7853981633974483, 1.4142135623730951
1576, 49, 538, 166, 537, 165, 1, 1, 0.7853981633974483, 1.4142135623730951
1576, 50, 112, 270, 111, 271, 1, -1, -0.7853981633974483, 1.4142135623730951
1577, 2, 507, 121, 506, 122, 1, -1, -0.7853981633974483, 1.4142135623730951
1577, 6, 358, 384, 357, 385, 1, -1, -0.7853981633974483, 1.4142135623730951
1577, 9, 532, 140, 531, 139, 1, 1, 0.7853981633974483, 1.4142135623730951
1577, 10, 201, 305, 202, 307, -1, -2, -2.0344439357957027, 2.23606797749979
1577, 17, 380, 166, 379, 167, 1, -1, -0.7853981633974483, 1.4142135623730951
1577, 21, 556, 163, 555, 162, 1, 1, 0.7853981633974483, 1.4142135623730951
1577, 28, 410, 348, 410, 350, 0, -2, -1.5707963267948966, 2.0
1577, 40, 442, 250, 442, 253, 0, -3, -1.5707963267948966, 3.0
1578, 5, 359, 383, 358, 384, 1, -1, -0.7853981633974483, 1.4142135623730951
1578, 8, 533, 141, 532, 140, 1, 1, 0.7853981633974483, 1.4142135623730951
1578, 10, 552, 275, 552, 272, 0, 3, 1.5707963267948966, 3.0
1578, 11, 382, 195, 382, 197, 0, -2, -1.5707963267948966, 2.0
1578, 19, 557, 164, 556, 163, 1, 1, 0.7853981633974483, 1.4142135623730951
1578, 21, 406, 339, 405, 341, 1, -2, -1.1071487177940904, 2.23606797749979
1578, 26, 411, 346, 410, 348, 1, -2, -1.1071487177940904, 2.23606797749979
1578, 28, 236, 406, 235, 407, 1, -1, -0.7853981633974483, 1.4142135623730951
1578, 29, 212, 398, 213, 397, -1, 1, 2.356194490192345, 1.4142135623730951
1578, 46, 363, 342, 362, 343, 1, -1, -0.7853981633974483, 1.4142135623730951
1578, 47, 326, 342, 325, 343, 1, -1, -0.7853981633974483, 1.4142135623730951
1579, 1, 509, 120, 508, 121, 1, -1, -0.7853981633974483, 1.4142135623730951
1579, 4, 360, 382, 359, 383, 1, -1, -0.7853981633974483, 1.4142135623730951
1579, 7, 534, 142, 533, 141, 1, 1, 0.7853981633974483, 1.4142135623730951
1579, 9, 552, 279, 552, 275, 0, 4, 1.5707963267948966, 4.0
1579, 10, 382, 193, 382, 195, 0, -2, -1.5707963267948966, 2.0
1579, 11, 607, 279, 607, 281, 0, -2, -1.5707963267948966, 2.0
1579, 14, 380, 163, 380, 165, 0, -2, -1.5707963267948966, 2.0
1579, 17, 558, 165, 557, 164, 1, 1, 0.7853981633974483, 1.4142135623730951
1579, 19, 406, 337, 406, 339, 0, -2, -1.5707963267948966, 2.0
1579, 24, 412, 345, 411, 346, 1, -1, -0.7853981633974483, 1.4142135623730951
1579, 29, 438, 275, 440, 276, -2, -1, -2.677945044588987, 2.23606797749979
1579, 33, 500, 154, 499, 153, 1, 1, 0.7853981633974483, 1.4142135623730951
1580, 7, 534, 142, 533, 141, 1, 1, 0.7853981633974483, 1.4142135623730951
1580, 9, 554, 279, 553, 277, 1, 2, 1.1071487177940904, 2.23606797749979
1580, 13, 463, 188, 464, 190, -1, -2, -2.0344439357957027, 2.23606797749979
1580, 15, 494, 126, 494, 128, 0, -2, -1.5707963267948966, 2.0
1580, 16, 381, 166, 381, 168, 0, -2, -1.5707963267948966, 2.0
1580, 19, 413, 347, 412, 348, 1, -1, -0.7853981633974483, 1.4142135623730951
1580, 23, 584, 297, 583, 296, 1, 1, 0.7853981633974483, 1.4142135623730951
1580, 32, 381, 197, 382, 199, -1, -2, -2.0344439357957027, 2.23606797749979
1580, 39, 635, 352, 638, 352, -3, 0, 3.141592653589793, 3.0
1580, 44, 366, 343, 365, 344, 1, -1, -0.7853981633974483, 1.4142135623730951
1580, 51, 438, 324, 436, 327, 2, -3, -0.982793723247329, 3.605551275463989
1580, 60, 213, 222, 212, 224, 1, -2, -1.1071487177940904, 2.23606797749979
1580, 67, 357, 375, 356, 377, 1, -2, -1.1071487177940904, 2.23606797749979
1580, 69, 421, 255, 421, 257, 0, -2, -1.5707963267948966, 2.0
1580, 72, 346, 359, 345, 361, 1, -2, -1.1071487177940904, 2.23606797749979
1580, 75, 500, 154, 498, 155, 2, -1, -0.4636476090008061, 2.23606797749979
1580, 85, 313, 375, 311, 376, 2, -1, -0.4636476090008061, 2.23606797749979
1581, 0, 508, 122, 507, 123, 1, -1, -0.7853981633974483, 1.4142135623730951
1581, 3, 357, 383, 356, 384, 1, -1, -0.7853981633974483, 1.4142135623730951
1581, 7, 555, 282, 554, 279, 1, 3, 1.2490457723982544, 3.1622776601683795
1581, 16, 414, 346, 413, 347, 1, -1, -0.7853981633974483, 1.4142135623730951
1581, 24, 431, 276, 432, 275, -1, 1, 2.356194490192345, 1.4142135623730951
1581, 26, 405, 336, 404, 338, 1, -2, -1.1071487177940904, 2.23606797749979
1581, 27, 624, 284, 625, 283, -1, 1, 2.356194490192345, 1.4142135623730951
1581, 44, 438, 322, 438, 324, 0, -2, -1.5707963267948966, 2.0
1581, 52, 515, 141, 514, 140, 1, 1, 0.7853981633974483, 1.4142135623730951
1581, 60, 358, 374, 357, 375, 1, -1, -0.7853981633974483, 1.4142135623730951
1581, 64, 347, 358, 346, 359, 1, -1, -0.7853981633974483, 1.4142135623730951
1581, 65, 565, 200, 563, 199, 2, 1, 0.4636476090008061, 2.23606797749979
1581, 75, 315, 374, 313, 375, 2, -1, -0.4636476090008061, 2.23606797749979
1582, 0, 509, 121, 508, 122, 1, -1, -0.7853981633974483, 1.4142135623730951
1582, 3, 358, 382, 357, 383, 1, -1, -0.7853981633974483, 1.4142135623730951
1582, 7, 556, 283, 555, 282, 1, 1, 0.7853981633974483, 1.4142135623730951
1582, 12, 381, 163, 381, 165, 0, -2, -1.5707963267948966, 2.0
1582, 15, 415, 344, 414, 346, 1, -2, -1.1071487177940904, 2.23606797749979
1582, 16, 145, 354, 146, 353, -1, 1, 2.356194490192345, 1.4142135623730951
1582, 25, 406, 335, 405, 336, 1, -1, -0.7853981633974483, 1.4142135623730951
1582, 27, 380, 194, 381, 196, -1, -2, -2.0344439357957027, 2.23606797749979
1582, 34, 559, 167, 557, 167, 2, 0, 0.0, 2.0
1582, 37, 367, 341, 366, 342, 1, -1, -0.7853981633974483, 1.4142135623730951
1582, 51, 517, 143, 515, 141, 2, 2, 0.7853981633974483, 2.8284271247461903
1582, 57, 359, 372, 358, 374, 1, -2, -1.1071487177940904, 2.23606797749979
1582, 58, 420, 252, 421, 254, -1, -2, -2.0344439357957027, 2.23606797749979
1582, 60, 348, 356, 347, 358, 1, -2, -1.1071487177940904, 2.23606797749979
1582, 62, 503, 155, 501, 154, 2, 1, 0.4636476090008061, 2.23606797749979
1583, 3, 359, 381, 358, 382, 1, -1, -0.7853981633974483, 1.4142135623730951
1583, 5, 535, 145, 534, 144, 1, 1, 0.7853981633974483, 1.4142135623730951
1583, 13, 415, 342, 415, 344, 0, -2, -1.5707963267948966, 2.0
1583, 20, 167, 226, 170, 226, -3, 0, 3.141592653589793, 3.0
1583, 23, 407, 334, 406, 335, 1, -1, -0.7853981633974483, 1.4142135623730951
1583, 31, 560, 168, 559, 167, 1, 1, 0.7853981633974483, 1.4142135623730951
1583, 33, 367, 339, 367, 341, 0, -2, -1.5707963267948966, 2.0
1583, 43, 480, 144, 479, 145, 1, -1, -0.7853981633974483, 1.4142135623730951
1583, 47, 519, 145, 517, 143, 2, 2, 0.7853981633974483, 2.8284271247461903
1583, 52, 360, 371, 359, 372, 1, -1, -0.7853981633974483, 1.4142135623730951
1583, 55, 349, 355, 348, 356, 1, -1, -0.7853981633974483, 1.4142135623730951
1583, 63, 140, 284, 139, 285, 1, -1, -0.7853981633974483, 1.4142135623730951
1583, 65, 366, 246, 365, 247, 1, -1, -0.7853981633974483, 1.4142135623730951
1583, 66, 317, 373, 316, 374, 1, -1, -0.7853981633974483, 1.4142135623730951
1584, 0, 510, 120, 509, 121, 1, -1, -0.7853981633974483, 1.4142135623730951
1584, 5, 536, 146, 535, 145, 1, 1, 0.7853981633974483, 1.4142135623730951
1584, 13, 416, 341, 415, 342, 1, -1, -0.7853981633974483, 1.4142135623730951
1584, 23, 407, 332, 407, 334, 0, -2, -1.5707963267948966, 2.0
1584, 31, 561, 169, 560, 168, 1, 1, 0.7853981633974483, 1.4142135623730951
1584, 38, 436, 322, 437, 321, -1, 1, 2.356194490192345, 1.4142135623730951
1584, 42, 481, 143, 480, 144, 1, -1, -0.7853981633974483, 1.4142135623730951
1584, 46, 520, 146, 519, 145, 1, 1, 0.7853981633974483, 1.4142135623730951
1584, 51, 361, 370, 360, 371, 1, -1, -0.7853981633974483, 1.4142135623730951
1584, 53, 523, 184, 520, 183, 3, 1, 0.3217505543966422, 3.1622776601683795
1584, 54, 350, 354, 349, 355, 1, -1, -0.7853981633974483, 1.4142135623730951
1584, 60, 546, 230, 545, 229, 1, 1, 0.7853981633974483, 1.4142135623730951
1584, 62, 138, 282, 140, 284, -2, -2, -2.356194490192345, 2.8284271247461903
1584, 64, 368, 245, 366, 246, 2, -1, -0.4636476090008061, 2.23606797749979
1584, 65, 317, 371, 317, 373, 0, -2, -1.5707963267948966, 2.0
1585, 2, 362, 383, 361, 384, 1, -1, -0.7853981633974483, 1.4142135623730951
1585, 11, 503, 125, 502, 126, 1, -1, -0.7853981633974483, 1.4142135623730951
1585, 13, 561, 170, 560, 169, 1, 1, 0.7853981633974483, 1.4142135623730951
1585, 22, 558, 285, 558, 283, 0, 2, 1.5707963267948966, 2.0
1585, 23, 382, 163, 382, 165, 0, -2, -1.5707963267948966, 2.0
1585, 32, 367, 248, 367, 250, 0, -2, -1.5707963267948966, 2.0
1585, 41, 355, 318, 354, 319, 1, -1, -0.7853981633974483, 1.4142135623730951
1585, 42, 408, 338, 407, 339, 1, -1, -0.7853981633974483, 1.4142135623730951
1585, 48, 553, 275, 555, 276, -2, -1, -2.677945044588987, 2.23606797749979
1585, 58, 586, 301, 587, 300, -1, 1, 2.356194490192345, 1.4142135623730951
1585, 61, 522, 189, 523, 185, -1, 4, 1.8157749899217608, 4.123105625617661
1585, 62, 465, 109, 462, 109, 3, 0, 0.0, 3.0
1586, 2, 363, 382, 362, 383, 1, -1, -0.7853981633974483, 1.4142135623730951
1586, 5, 538, 148, 537, 146, 1, 2, 1.1071487177940904, 2.23606797749979
1586, 13, 562, 171, 561, 170, 1, 1, 0.7853981633974483, 1.4142135623730951
1586, 18, 416, 345, 415, 346, 1, -1, -0.7853981633974483, 1.4142135623730951
1586, 23, 382, 161, 382, 163, 0, -2, -1.5707963267948966, 2.0
1586, 31, 367, 246, 367, 248, 0, -2, -1.5707963267948966, 2.0
1586, 43, 325, 371, 324, 372, 1, -1, -0.7853981633974483, 1.4142135623730951
1586, 48, 521, 149, 520, 147, 1, 2, 1.1071487177940904, 2.23606797749979
1586, 49, 606, 334, 604, 333, 2, 1, 0.4636476090008061, 2.23606797749979
1586, 61, 470, 109, 465, 109, 5, 0, 0.0, 5.0
1586, 64, 333, 394, 332, 395, 1, -1, -0.7853981633974483, 1.4142135623730951
1587, 10, 504, 125, 503, 126, 1, -1, -0.7853981633974483, 1.4142135623730951
1587, 12, 563, 173, 562, 171, 1, 2, 1.1071487177940904, 2.23606797749979
1587, 21, 558, 288, 558, 286, 0, 2, 1.5707963267948966, 2.0
1587, 30, 367, 244, 367, 246, 0, -2, -1.5707963267948966, 2.0
1587, 35, 172, 312, 171, 313, 1, -1, -0.7853981633974483, 1.4142135623730951
1587, 40, 409, 336, 408, 337, 1, -1, -0.7853981633974483, 1.4142135623730951
1587, 41, 326, 370, 325, 371, 1, -1, -0.7853981633974483, 1.4142135623730951
1587, 47, 607, 335, 606, 334, 1, 1, 0.7853981633974483, 1.4142135623730951
1587, 48, 437, 322, 438, 320, -1, 2, 2.0344439357957027, 2.23606797749979
1587, 51, 204, 305, 203, 308, 1, -3, -1.2490457723982544, 3.1622776601683795
1587, 57, 521, 187, 522, 189, -1, -2, -2.0344439357957027, 2.23606797749979
1587, 65, 506, 154, 504, 155, 2, -1, -0.4636476090008061, 2.23606797749979
1588, 1, 364, 380, 363, 381, 1, -1, -0.7853981633974483, 1.4142135623730951
1588, 4, 539, 150, 538, 149, 1, 1, 0.7853981633974483, 1.4142135623730951
1588, 9, 427, 160, 426, 161, 1, -1, -0.7853981633974483, 1.4142135623730951
1588, 15, 416, 342, 416, 344, 0, -2, -1.5707963267948966, 2.0
1588, 20, 382, 158, 382, 160, 0, -2, -1.5707963267948966, 2.0
1588, 28, 366, 242, 367, 244, -1, -2, -2.0344439357957027, 2.23606797749979
1588, 36, 354, 314, 355, 316, -1, -2, -2.0344439357957027, 2.23606797749979
1588, 37, 409, 334, 409, 336, 0, -2, -1.5707963267948966, 2.0
1588, 38, 327, 369, 326, 370, 1, -1, -0.7853981633974483, 1.4142135623730951
1588, 42, 556, 276, 553, 274, 3, 2, 0.5880026035475675, 3.605551275463989
1588, 43, 521, 152, 521, 150, 0, 2, 1.5707963267948966, 2.0
1588, 45, 436, 323, 437, 322, -1, 1, 2.356194490192345, 1.4142135623730951
1588, 46, 102, 298, 99, 299, 3, -1, -0.3217505543966422, 3.1622776601683795
1588, 51, 586, 306, 586, 303, 0, 3, 1.5707963267948966, 3.0
1588, 57, 334, 392, 333, 393, 1, -1, -0.7853981633974483, 1.4142135623730951
1589, 1, 366, 379, 364, 380, 2, -1, -0.4636476090008061, 2.23606797749979
1589, 4, 540, 151, 539, 150, 1, 1, 0.7853981633974483, 1.4142135623730951
1589, 9, 428, 159, 427, 160, 1, -1, -0.7853981633974483, 1.4142135623730951
1589, 10, 506, 124, 505, 125, 1, -1, -0.7853981633974483, 1.4142135623730951
1589, 11, 565, 174, 564, 173, 1, 1, 0.7853981633974483, 1.4142135623730951
1589, 14, 417, 340, 416, 342, 1, -2, -1.1071487177940904, 2.23606797749979
1589, 29, 436, 149, 435, 150, 1, -1, -0.7853981633974483, 1.4142135623730951
1589, 36, 327, 367, 327, 369, 0, -2, -1.5707963267948966, 2.0
1589, 40, 558, 273, 556, 276, 2, -3, -0.982793723247329, 3.605551275463989
1589, 43, 435, 324, 436, 323, -1, 1, 2.356194490192345, 1.4142135623730951
1589, 47, 180, 403, 179, 404, 1, -1, -0.7853981633974483, 1.4142135623730951
1589, 56, 602, 307, 601, 306, 1, 1, 0.7853981633974483, 1.4142135623730951
1589, 59, 509, 154, 507, 154, 2, 0, 0.0, 2.0
1590, 5, 427, 252, 427, 254, 0, -2, -1.5707963267948966, 2.0
1590, 7, 366, 381, 365, 382, 1, -1, -0.7853981633974483, 1.4142135623730951
1590, 15, 383, 192, 383, 194, 0, -2, -1.5707963267948966, 2.0
1590, 16, 383, 160, 383, 162, 0, -2, -1.5707963267948966, 2.0
1590, 18, 430, 161, 429, 162, 1, -1, -0.7853981633974483, 1.4142135623730951
1590, 22, 417, 343, 417, 345, 0, -2, -1.5707963267948966, 2.0
1590, 27, 369, 245, 369, 247, 0, -2, -1.5707963267948966, 2.0
1590, 29, 446, 223, 447, 225, -1, -2, -2.0344439357957027, 2.23606797749979
1590, 34, 116, 266, 116, 268, 0, -2, -1.5707963267948966, 2.0
1590, 35, 502, 124, 501, 123, 1, 1, 0.7853981633974483, 1.4142135623730951
1590, 37, 564, 174, 563, 173, 1, 1, 0.7853981633974483, 1.4142135623730951
1590, 65, 381, 221, 381, 223, 0, -2, -1.5707963267948966, 2.0
1590, 67, 353, 355, 353, 357, 0, -2, -1.5707963267948966, 2.0
1590, 72, 434, 151, 435, 153, -1, -2, -2.0344439357957027, 2.23606797749979
1590, 76, 148, 364, 150, 363, -2, 1, 2.677945044588987, 2.23606797749979
1590, 83, 584, 214, 582, 213, 2, 1, 0.4636476090008061, 2.23606797749979
1590, 85, 486, 148, 485, 149, 1, -1, -0.7853981633974483, 1.4142135623730951
1590, 86, 349, 360, 348, 362, 1, -2, -1.1071487177940904, 2.23606797749979
1591, 6, 367, 380, 366, 381, 1, -1, -0.7853981633974483, 1.4142135623730951
1591, 8, 541, 152, 540, 150, 1, 2, 1.1071487177940904, 2.23606797749979
1591, 13, 383, 190, 383, 192, 0, -2, -1.5707963267948966, 2.0
1591, 20, 418, 341, 417, 343, 1, -2, -1.1071487177940904, 2.23606797749979
1591, 25, 369, 243, 369, 245, 0, -2, -1.5707963267948966, 2.0
1591, 31, 504, 126, 502, 124, 2, 2, 0.7853981633974483, 2.8284271247461903
1591, 33, 565, 175, 564, 174, 1, 1, 0.7853981633974483, 1.4142135623730951
1591, 36, 183, 405, 182, 406, 1, -1, -0.7853981633974483, 1.4142135623730951
1591, 49, 509, 126, 508, 127, 1, -1, -0.7853981633974483, 1.4142135623730951
1591, 53, 242, 408, 241, 409, 1, -1, -0.7853981633974483, 1.4142135623730951
1591, 55, 570, 207, 569, 206, 1, 1, 0.7853981633974483, 1.4142135623730951
1591, 60, 381, 219, 381, 221, 0, -2, -1.5707963267948966, 2.0
1591, 62, 354, 354, 353, 355, 1, -1, -0.7853981633974483, 1.4142135623730951
1591, 67, 434, 149, 434, 151, 0, -2, -1.5707963267948966, 2.0
1591, 71, 146, 364, 148, 364, -2, 0, 3.141592653589793, 2.0
1591, 76, 586, 215, 584, 214, 2, 1, 0.4636476090008061, 2.23606797749979
1592, 4, 427, 249, 427, 251, 0, -2, -1.5707963267948966, 2.0
1592, 7, 542, 153, 541, 152, 1, 1, 0.7853981633974483, 1.4142135623730951
1592, 17, 418, 339, 418, 341, 0, -2, -1.5707963267948966, 2.0
1592, 27, 505, 127, 504, 126, 1, 1, 0.7853981633974483, 1.4142135623730951
1592, 40, 417, 290, 417, 292, 0, -2, -1.5707963267948966, 2.0
1592, 44, 470, 159, 470, 161, 0, -2, -1.5707963267948966, 2.0
1592, 57, 355, 353, 354, 354, 1, -1, -0.7853981633974483, 1.4142135623730951
1592, 62, 435, 148, 434, 149, 1, -1, -0.7853981633974483, 1.4142135623730951
1592, 66, 144, 364, 146, 364, -2, 0, 3.141592653589793, 2.0
1592, 71, 588, 216, 586, 215, 2, 1, 0.4636476090008061, 2.23606797749979
1592, 74, 350, 358, 349, 359, 1, -1, -0.7853981633974483, 1.4142135623730951
1593, 4, 368, 378, 367, 379, 1, -1, -0.7853981633974483, 1.4142135623730951
1593, 6, 543, 155, 542, 153, 1, 2, 1.1071487177940904, 2.23606797749979
1593, 15, 419, 338, 418, 339, 1, -1, -0.7853981633974483, 1.4142135623730951
1593, 27, 565, 178, 565, 176, 0, 2, 1.5707963267948966, 2.0
1593, 38, 456, 189, 456, 191, 0, -2, -1.5707963267948966, 2.0
1593, 45, 571, 209, 570, 208, 1, 1, 0.7853981633974483, 1.4142135623730951
1593, 50, 381, 216, 381, 218, 0, -2, -1.5707963267948966, 2.0
1593, 51, 372, 338, 371, 339, 1, -1, -0.7853981633974483, 1.4142135623730951
1593, 52, 356, 352, 355, 353, 1, -1, -0.7853981633974483, 1.4142135623730951
1593, 65, 590, 218, 588, 216, 2, 2, 0.7853981633974483, 2.8284271247461903
1593, 68, 351, 357, 350, 358, 1, -1, -0.7853981633974483, 1.4142135623730951
1594, 2, 518, 125, 517, 124, 1, 1, 0.7853981633974483, 1.4142135623730951
1594, 4, 369, 377, 368, 378, 1, -1, -0.7853981633974483, 1.4142135623730951
1594, 5, 121, 341, 123, 342, -2, -1, -2.677945044588987, 2.23606797749979
1594, 15, 419, 336, 419, 338, 0, -2, -1.5707963267948966, 2.0
1594, 20, 588, 303, 587, 304, 1, -1, -0.7853981633974483, 1.4142135623730951
1594, 26, 566, 179, 565, 178, 1, 1, 0.7853981633974483, 1.4142135623730951
1594, 28, 365, 371, 365, 373, 0, -2, -1.5707963267948966, 2.0
1594, 37, 456, 187, 456, 189, 0, -2, -1.5707963267948966, 2.0
1594, 50, 358, 352, 356, 352, 2, 0, 0.0, 2.0
1594, 53, 560, 289, 560, 287, 0, 2, 1.5707963267948966, 2.0
1594, 58, 143, 363, 145, 364, -2, -1, -2.677945044588987, 2.23606797749979
1594, 61, 591, 220, 590, 218, 1, 2, 1.1071487177940904, 2.23606797749979
1594, 64, 351, 355, 351, 357, 0, -2, -1.5707963267948966, 2.0
1595, 3, 370, 380, 369, 381, 1, -1, -0.7853981633974483, 1.4142135623730951
1595, 28, 383, 189, 383, 191, 0, -2, -1.5707963267948966, 2.0
1595, 42, 475, 141, 474, 142, 1, -1, -0.7853981633974483, 1.4142135623730951
1595, 52, 375, 163, 375, 165, 0, -2, -1.5707963267948966, 2.0
1595, 55, 461, 145, 461, 147, 0, -2, -1.5707963267948966, 2.0
1595, 58, 562, 293, 562, 291, 0, 2, 1.5707963267948966, 2.0
1595, 64, 342, 390, 341, 391, 1, -1, -0.7853981633974483, 1.4142135623730951
1595, 67, 245, 409, 244, 410, 1, -1, -0.7853981633974483, 1.4142135623730951
1595, 73, 566, 251, 565, 249, 1, 2, 1.1071487177940904, 2.23606797749979
1595, 77, 366, 245, 366, 247, 0, -2, -1.5707963267948966, 2.0
1596, 9, 610, 255, 609, 253, 1, 2, 1.1071487177940904, 2.23606797749979
1596, 15, 420, 336, 419, 337, 1, -1, -0.7853981633974483, 1.4142135623730951
1596, 16, 534, 152, 532, 152, 2, 0, 0.0, 2.0
1596, 21, 568, 179, 567, 178, 1, 1, 0.7853981633974483, 1.4142135623730951
1596, 25, 383, 187, 383, 189, 0, -2, -1.5707963267948966, 2.0
1596, 32, 615, 287, 616, 286, -1, 1, 2.356194490192345, 1.4142135623730951
1596, 39, 479, 139, 475, 141, 4, -2, -0.4636476090008061, 4.47213595499958
1596, 49, 375, 160, 375, 163, 0, -3, -1.5707963267948966, 3.0
1596, 51, 462, 144, 461, 145, 1, -1, -0.7853981633974483, 1.4142135623730951
1596, 52, 472, 159, 472, 161, 0, -2, -1.5707963267948966, 2.0
1596, 53, 563, 294, 562, 293, 1, 1, 0.7853981633974483, 1.4142135623730951
1596, 56, 628, 291, 629, 290, -1, 1, 2.356194490192345, 1.4142135623730951
1596, 58, 343, 388, 342, 390, 1, -2, -1.1071487177940904, 2.23606797749979
1596, 62, 604, 308, 605, 307, -1, 1, 2.356194490192345, 1.4142135623730951
1596, 64, 566, 253, 566, 251, 0, 2, 1.5707963267948966, 2.0
1597, 2, 371, 378, 370, 379, 1, -1, -0.7853981633974483, 1.4142135623730951
1597, 4, 544, 157, 543, 156, 1, 1, 0.7853981633974483, 1.4142135623730951
1597, 14, 609, 317, 608, 316, 1, 1, 0.7853981633974483, 1.4142135623730951
1597, 15, 420, 334, 420, 336, 0, -2, -1.5707963267948966, 2.0
1597, 16, 536, 153, 534, 152, 2, 1, 0.4636476090008061, 2.23606797749979
1597, 17, 184, 412, 183, 413, 1, -1, -0.7853981633974483, 1.4142135623730951
1597, 21, 569, 180, 568, 179, 1, 1, 0.7853981633974483, 1.4142135623730951
1597, 25, 382, 185, 383, 187, -1, -2, -2.0344439357957027, 2.23606797749979
1597, 55, 343, 386, 343, 388, 0, -2, -1.5707963267948966, 2.0
1597, 58, 288, 378, 287, 379, 1, -1, -0.7853981633974483, 1.4142135623730951
1597, 61, 566, 255, 566, 253, 0, 2, 1.5707963267948966, 2.0
1597, 65, 366, 242, 366, 244, 0, -2, -1.5707963267948966, 2.0
1597, 66, 217, 372, 215, 374, 2, -2, -0.7853981633974483, 2.8284271247461903
1598, 2, 372, 377, 371, 378, 1, -1, -0.7853981633974483, 1.4142135623730951
1598, 4, 545, 158, 544, 157, 1, 1, 0.7853981633974483, 1.4142135623730951
1598, 13, 421, 333, 420, 334, 1, -1, -0.7853981633974483, 1.4142135623730951
1598, 14, 538, 155, 536, 153, 2, 2, 0.7853981633974483, 2.8284271247461903
1598, 18, 513, 170, 513, 168, 0, 2, 1.5707963267948966, 2.0
1598, 19, 570, 181, 569, 180, 1, 1, 0.7853981633974483, 1.4142135623730951
1598, 20, 307, 282, 308, 281, -1, 1, 2.356194490192345, 1.4142135623730951
1598, 36, 480, 138, 479, 139, 1, -1, -0.7853981633974483, 1.4142135623730951
1598, 45, 375, 157, 375, 159, 0, -2, -1.5707963267948966, 2.0
1598, 46, 463, 142, 462, 143, 1, -1, -0.7853981633974483, 1.4142135623730951
1598, 52, 344, 385, 343, 386, 1, -1, -0.7853981633974483, 1.4142135623730951
1598, 56, 601, 309, 603, 308, -2, 1, 2.677945044588987, 2.23606797749979
1598, 58, 567, 257, 566, 255, 1, 2, 1.1071487177940904, 2.23606797749979
1598, 61, 366, 240, 366, 242, 0, -2, -1.5707963267948966, 2.0
1599, 8, 185, 313, 187, 313, -2, 0, 3.141592653589793, 2.0
1599, 11, 610, 319, 609, 318, 1, 1, 0.7853981633974483, 1.4142135623730951
1599, 14, 185, 410, 184, 411, 1, -1, -0.7853981633974483, 1.4142135623730951
1599, 17, 512, 171, 513, 170, -1, 1, 2.356194490192345, 1.4142135623730951
1599, 18, 571, 182, 570, 181, 1, 1, 0.7853981633974483, 1.4142135623730951
1599, 22, 381, 182, 382, 184, -1, -2, -2.0344439357957027, 2.23606797749979
1599, 35, 479, 139, 480, 138, -1, 1, 2.356194490192345, 1.4142135623730951
1599, 43, 375, 155, 375, 157, 0, -2, -1.5707963267948966, 2.0
1599, 50, 345, 384, 344, 385, 1, -1, -0.7853981633974483, 1.4142135623730951
1599, 56, 568, 259, 567, 257, 1, 2, 1.1071487177940904, 2.23606797749979
1599, 58, 427, 219, 427, 221, 0, -2, -1.5707963267948966, 2.0
1599, 59, 365, 238, 366, 240, -1, -2, -2.0344439357957027, 2.23606797749979
1600, 4, 374, 378, 373, 379, 1, -1, -0.7853981633974483, 1.4142135623730951
1600, 10, 548, 159, 547, 158, 1, 1, 0.7853981633974483, 1.4142135623730951
1600, 18, 571, 183, 570, 182, 1, 1, 0.7853981633974483, 1.4142135623730951
1600, 20, 512, 170, 512, 168, 0, 2, 1.5707963267948966, 2.0
1600, 21, 197, 405, 196, 406, 1, -1, -0.7853981633974483, 1.4142135623730951
1600, 24, 332, 350, 329, 349, 3, 1, 0.3217505543966422, 3.1622776601683795
1600, 25, 422, 335, 421, 337, 1, -2, -1.1071487177940904, 2.23606797749979
1600, 26, 566, 300, 565, 298, 1, 2, 1.1071487177940904, 2.23606797749979
1600, 27, 383, 185, 383, 187, 0, -2, -1.5707963267948966, 2.0
1600, 29, 384, 155, 384, 157, 0, -2, -1.5707963267948966, 2.0
1600, 34, 376, 337, 375, 338, 1, -1, -0.7853981633974483, 1.4142135623730951
1600, 40, 467, 143, 466, 144, 1, -1, -0.7853981633974483, 1.4142135623730951
1601, 3, 375, 376, 374, 378, 1, -2, -1.1071487177940904, 2.23606797749979
1601, 7, 550, 160, 548, 159, 2, 1, 0.4636476090008061, 2.23606797749979
1601, 8, 370, 239, 370, 241, 0, -2, -1.5707963267948966, 2.0
1601, 10, 187, 314, 189, 314, -2, 0, 3.141592653589793, 2.0
1601, 14, 563, 291, 562, 290, 1, 1, 0.7853981633974483, 1.4142135623730951
1601, 17, 512, 172, 512, 170, 0, 2, 1.5707963267948966, 2.0
1601, 21, 333, 349, 332, 350, 1, -1, -0.7853981633974483, 1.4142135623730951
1601, 24, 382, 182, 383, 185, -1, -3, -1.892546881191539, 3.1622776601683795
1601, 26, 384, 153, 384, 155, 0, -2, -1.5707963267948966, 2.0
1601, 30, 376, 335, 376, 337, 0, -2, -1.5707963267948966, 2.0
1601, 31, 211, 328, 213, 328, -2, 0, 3.141592653589793, 2.0
1601, 36, 468, 142, 467, 143, 1, -1, -0.7853981633974483, 1.4142135623730951
1601, 43, 421, 256, 420, 257, 1, -1, -0.7853981633974483, 1.4142135623730951
1601, 45, 185, 362, 185, 366, 0, -4, -1.5707963267948966, 4.0
1602, 1, 524, 128, 523, 127, 1, 1, 0.7853981633974483, 1.4142135623730951
1602, 3, 376, 375, 375, 376, 1, -1, -0.7853981633974483, 1.4142135623730951
1602, 7, 551, 161, 550, 160, 1, 1, 0.7853981633974483, 1.4142135623730951
1602, 8, 370, 237, 370, 239, 0, -2, -1.5707963267948966, 2.0
1602, 9, 519, 135, 518, 134, 1, 1, 0.7853981633974483, 1.4142135623730951
1602, 10, 185, 313, 187, 314, -2, -1, -2.677945044588987, 2.23606797749979
1602, 14, 564, 292, 563, 291, 1, 1, 0.7853981633974483, 1.4142135623730951
1602, 15, 572, 185, 571, 184, 1, 1, 0.7853981633974483, 1.4142135623730951
1602, 21, 334, 348, 333, 349, 1, -1, -0.7853981633974483, 1.4142135623730951
1602, 26, 132, 411, 133, 410, -1, 1, 2.356194490192345, 1.4142135623730951
1602, 39, 614, 333, 613, 334, 1, -1, -0.7853981633974483, 1.4142135623730951
1602, 40, 421, 254, 421, 256, 0, -2, -1.5707963267948966, 2.0
1603, 2, 376, 373, 376, 375, 0, -2, -1.5707963267948966, 2.0
1603, 6, 552, 162, 551, 161, 1, 1, 0.7853981633974483, 1.4142135623730951
1603, 7, 369, 235, 370, 237, -1, -2, -2.0344439357957027, 2.23606797749979
1603, 12, 567, 295, 564, 292, 3, 3, 0.7853981633974483, 4.242640687119285
1603, 13, 573, 187, 572, 185, 1, 2, 1.1071487177940904, 2.23606797749979
1603, 19, 422, 331, 422, 333, 0, -2, -1.5707963267948966, 2.0
1603, 21, 382, 178, 382, 181, 0, -3, -1.5707963267948966, 3.0
1603, 30, 469, 140, 468, 141, 1, -1, -0.7853981633974483, 1.4142135623730951
1603, 31, 156, 350, 155, 351, 1, -1, -0.7853981633974483, 1.4142135623730951
1603, 35, 615, 332, 614, 333, 1, -1, -0.7853981633974483, 1.4142135623730951
1604, 1, 526, 129, 525, 128, 1, 1, 0.7853981633974483, 1.4142135623730951
1604, 2, 377, 371, 376, 373, 1, -2, -1.1071487177940904, 2.23606797749979
1604, 6, 553, 163, 552, 162, 1, 1, 0.7853981633974483, 1.4142135623730951
1604, 7, 370, 233, 369, 235, 1, -2, -1.1071487177940904, 2.23606797749979
1604, 10, 612, 290, 613, 289, -1, 1, 2.356194490192345, 1.4142135623730951
1604, 12, 569, 296, 567, 295, 2, 1, 0.4636476090008061, 2.23606797749979
1604, 13, 574, 189, 573, 187, 1, 2, 1.1071487177940904, 2.23606797749979
1604, 15, 186, 411, 185, 412, 1, -1, -0.7853981633974483, 1.4142135623730951
1604, 20, 381, 176, 382, 178, -1, -2, -2.0344439357957027, 2.23606797749979
1604, 29, 470, 139, 469, 140, 1, -1, -0.7853981633974483, 1.4142135623730951
1604, 34, 617, 332, 615, 332, 2, 0, 0.0, 2.0
1604, 35, 421, 251, 421, 253, 0, -2, -1.5707963267948966, 2.0
1604, 36, 144, 333, 146, 333, -2, 0, 3.141592653589793, 2.0
1605, 0, 368, 297, 368, 299, 0, -2, -1.5707963267948966, 2.0
1605, 1, 428, 245, 428, 247, 0, -2, -1.5707963267948966, 2.0
1605, 4, 377, 374, 376, 376, 1, -2, -1.1071487177940904, 2.23606797749979
1605, 5, 527, 129, 525, 129, 2, 0, 0.0, 2.0
1605, 7, 552, 164, 551, 163, 1, 1, 0.7853981633974483, 1.4142135623730951
1605, 19, 435, 265, 435, 267, 0, -2, -1.5707963267948966, 2.0
1605, 22, 384, 181, 384, 183, 0, -2, -1.5707963267948966, 2.0
1605, 23, 499, 153, 498, 152, 1, 1, 0.7853981633974483, 1.4142135623730951
1605, 24, 588, 304, 587, 303, 1, 1, 0.7853981633974483, 1.4142135623730951
1605, 26, 575, 188, 574, 187, 1, 1, 0.7853981633974483, 1.4142135623730951
1605, 28, 135, 410, 134, 411, 1, -1, -0.7853981633974483, 1.4142135623730951
1605, 29, 520, 136, 519, 135, 1, 1, 0.7853981633974483, 1.4142135623730951
1605, 33, 425, 335, 424, 336, 1, -1, -0.7853981633974483, 1.4142135623730951
1605, 38, 613, 291, 614, 290, -1, 1, 2.356194490192345, 1.4142135623730951
1605, 48, 370, 235, 370, 237, 0, -2, -1.5707963267948966, 2.0
1605, 52, 617, 334, 616, 335, 1, -1, -0.7853981633974483, 1.4142135623730951
1605, 56, 406, 189, 407, 191, -1, -2, -2.0344439357957027, 2.23606797749979
1606, 0, 428, 243, 428, 245, 0, -2, -1.5707963267948966, 2.0
1606, 3, 377, 372, 377, 374, 0, -2, -1.5707963267948966, 2.0
1606, 4, 529, 130, 527, 129, 2, 1, 0.4636476090008061, 2.23606797749979
1606, 11, 441, 267, 442, 269, -1, -2, -2.0344439357957027, 2.23606797749979
1606, 14, 310, 337, 309, 338, 1, -1, -0.7853981633974483, 1.4142135623730951
1606, 16, 419, 327, 418, 329, 1, -2, -1.1071487177940904, 2.23606797749979
1606, 22, 589, 306, 588, 304, 1, 2, 1.1071487177940904, 2.23606797749979
1606, 23, 385, 151, 385, 153, 0, -2, -1.5707963267948966, 2.0
1606, 24, 576, 190, 575, 188, 1, 2, 1.1071487177940904, 2.23606797749979
1606, 31, 425, 333, 425, 335, 0, -2, -1.5707963267948966, 2.0
1606, 40, 421, 251, 422, 253, -1, -2, -2.0344439357957027, 2.23606797749979
1606, 46, 370, 233, 370, 235, 0, -2, -1.5707963267948966, 2.0
1606, 47, 177, 317, 178, 316, -1, 1, 2.356194490192345, 1.4142135623730951
1606, 50, 620, 333, 617, 334, 3, -1, -0.3217505543966422, 3.1622776601683795
1607, 2, 378, 371, 377, 372, 1, -1, -0.7853981633974483, 1.4142135623730951
1607, 5, 553, 166, 552, 165, 1, 1, 0.7853981633974483, 1.4142135623730951
1607, 18, 383, 178, 384, 180, -1, -2, -2.0344439357957027, 2.23606797749979
1607, 19, 501, 154, 500, 153, 1, 1, 0.7853981633974483, 1.4142135623730951
1607, 20, 590, 308, 589, 306, 1, 2, 1.1071487177940904, 2.23606797749979
1607, 21, 385, 149, 385, 151, 0, -2, -1.5707963267948966, 2.0
1607, 22, 576, 192, 576, 190, 0, 2, 1.5707963267948966, 2.0
1607, 29, 426, 332, 425, 333, 1, -1, -0.7853981633974483, 1.4142135623730951
1607, 44, 370, 231, 370, 233, 0, -2, -1.5707963267948966, 2.0
1607, 47, 623, 332, 620, 333, 3, -1, -0.3217505543966422, 3.1622776601683795
1608, 2, 379, 369, 378, 371, 1, -2, -1.1071487177940904, 2.23606797749979
1608, 5, 554, 167, 553, 166, 1, 1, 0.7853981633974483, 1.4142135623730951
1608, 12, 311, 336, 310, 337, 1, -1, -0.7853981633974483, 1.4142135623730951
1608, 14, 419, 324, 419, 326, 0, -2, -1.5707963267948966, 2.0
1608, 18, 502, 153, 501, 154, 1, -1, -0.7853981633974483, 1.4142135623730951
1608, 21, 577, 193, 576, 192, 1, 1, 0.7853981633974483, 1.4142135623730951
1608, 27, 427, 331, 426, 332, 1, -1, -0.7853981633974483, 1.4142135623730951
1608, 42, 371, 229, 370, 231, 1, -2, -1.1071487177940904, 2.23606797749979
1608, 45, 626, 332, 623, 332, 3, 0, 0.0, 3.0
1609, 2, 380, 368, 379, 369, 1, -1, -0.7853981633974483, 1.4142135623730951
1609, 3, 533, 130, 531, 130, 2, 0, 0.0, 2.0
1609, 5, 555, 168, 554, 167, 1, 1, 0.7853981633974483, 1.4142135623730951
1609, 14, 420, 323, 419, 324, 1, -1, -0.7853981633974483, 1.4142135623730951
1609, 18, 503, 154, 502, 153, 1, 1, 0.7853981633974483, 1.4142135623730951
1609, 19, 591, 310, 590, 309, 1, 1, 0.7853981633974483, 1.4142135623730951
1609, 20, 385, 146, 385, 148, 0, -2, -1.5707963267948966, 2.0
1609, 40, 372, 228, 371, 229, 1, -1, -0.7853981633974483, 1.4142135623730951
1609, 43, 623, 334, 626, 332, -3, 2, 2.5535900500422257, 3.605551275463989
1609, 45, 407, 185, 406, 186, 1, -1, -0.7853981633974483, 1.4142135623730951
1610, 1, 380, 371, 379, 373, 1, -2, -1.1071487177940904, 2.23606797749979
1610, 3, 253, 346, 252, 347, 1, -1, -0.7853981633974483, 1.4142135623730951
1610, 6, 427, 243, 427, 245, 0, -2, -1.5707963267948966, 2.0
1610, 13, 556, 168, 555, 167, 1, 1, 0.7853981633974483, 1.4142135623730951
1610, 20, 365, 345, 365, 347, 0, -2, -1.5707963267948966, 2.0
1610, 46, 521, 145, 518, 144, 3, 1, 0.3217505543966422, 3.1622776601683795
1610, 58, 615, 299, 616, 298, -1, 1, 2.356194490192345, 1.4142135623730951
1611, 11, 557, 169, 556, 168, 1, 1, 0.7853981633974483, 1.4142135623730951
1611, 14, 382, 176, 382, 178, 0, -2, -1.5707963267948966, 2.0
1611, 26, 514, 175, 513, 172, 1, 3, 1.2490457723982544, 3.1622776601683795
1611, 29, 89, 342, 88, 343, 1, -1, -0.7853981633974483, 1.4142135623730951
1611, 32, 428, 334, 427, 335, 1, -1, -0.7853981633974483, 1.4142135623730951
1611, 43, 523, 147, 521, 145, 2, 2, 0.7853981633974483, 2.8284271247461903
1612, 1, 381, 368, 380, 370, 1, -2, -1.1071487177940904, 2.23606797749979
1612, 4, 532, 133, 531, 132, 1, 1, 0.7853981633974483, 1.4142135623730951
1612, 9, 558, 170, 557, 169, 1, 1, 0.7853981633974483, 1.4142135623730951
1612, 12, 381, 174, 382, 176, -1, -2, -2.0344439357957027, 2.23606797749979
1612, 16, 365, 342, 365, 344, 0, -2, -1.5707963267948966, 2.0
1612, 24, 518, 175, 514, 175, 4, 0, 0.0, 4.0
1612, 41, 525, 147, 523, 147, 2, 0, 0.0, 2.0
1612, 50, 613, 299, 615, 299, -2, 0, 3.141592653589793, 2.0
1613, 1, 382, 367, 381, 368, 1, -1, -0.7853981633974483, 1.4142135623730951
1613, 4, 533, 134, 532, 133, 1, 1, 0.7853981633974483, 1.4142135623730951
1613, 19, 386, 145, 386, 147, 0, -2, -1.5707963267948966, 2.0
1613, 22, 413, 175, 415, 176, -2, -1, -2.677945044588987, 2.23606797749979
1613, 24, 519, 177, 518, 175, 1, 2, 1.1071487177940904, 2.23606797749979
1613, 27, 90, 341, 89, 342, 1, -1, -0.7853981633974483, 1.4142135623730951
1613, 41, 527, 147, 525, 147, 2, 0, 0.0, 2.0
1613, 47, 381, 330, 380, 331, 1, -1, -0.7853981633974483, 1.4142135623730951
1613, 48, 612, 300, 613, 299, -1, 1, 2.356194490192345, 1.4142135623730951
1614, 1, 383, 366, 382, 367, 1, -1, -0.7853981633974483, 1.4142135623730951
1614, 8, 559, 172, 558, 171, 1, 1, 0.7853981633974483, 1.4142135623730951
1614, 10, 380, 171, 381, 173, -1, -2, -2.0344439357957027, 2.23606797749979
1614, 14, 366, 340, 365, 341, 1, -1, -0.7853981633974483, 1.4142135623730951
1614, 19, 414, 174, 413, 175, 1, -1, -0.7853981633974483, 1.4142135623730951
1614, 48, 624, 295, 626, 295, -2, 0, 3.141592653589793, 2.0
1615, 5, 534, 135, 533, 134, 1, 1, 0.7853981633974483, 1.4142135623730951
1615, 8, 381, 369, 380, 371, 1, -2, -1.1071487177940904, 2.23606797749979
1615, 15, 385, 175, 385, 177, 0, -2, -1.5707963267948966, 2.0
1615, 22, 403, 340, 402, 342, 1, -2, -1.1071487177940904, 2.23606797749979
1615, 47, 443, 143, 443, 145, 0, -2, -1.5707963267948966, 2.0
1615, 53, 257, 408, 256, 409, 1, -1, -0.7853981633974483, 1.4142135623730951
1615, 58, 562, 308, 563, 307, -1, 1, 2.356194490192345, 1.4142135623730951
1615, 75, 580, 195, 579, 194, 1, 1, 0.7853981633974483, 1.4142135623730951
1615, 84, 601, 289, 602, 288, -1, 1, 2.356194490192345, 1.4142135623730951
1616, 3, 296, 269, 295, 270, 1, -1, -0.7853981633974483, 1.4142135623730951
1616, 5, 535, 136, 534, 135, 1, 1, 0.7853981633974483, 1.4142135623730951
1616, 8, 382, 367, 381, 369, 1, -2, -1.1071487177940904, 2.23606797749979
1616, 17, 373, 231, 372, 232, 1, -1, -0.7853981633974483, 1.4142135623730951
1616, 27, 435, 153, 433, 153, 2, 0, 0.0, 2.0
1616, 29, 524, 137, 523, 136, 1, 1, 0.7853981633974483, 1.4142135623730951
1616, 45, 444, 142, 443, 143, 1, -1, -0.7853981633974483, 1.4142135623730951
1616, 47, 516, 135, 514, 134, 2, 1, 0.4636476090008061, 2.23606797749979
1616, 52, 470, 142, 469, 143, 1, -1, -0.7853981633974483, 1.4142135623730951
1616, 54, 527, 147, 526, 148, 1, -1, -0.7853981633974483, 1.4142135623730951
1616, 55, 562, 311, 562, 308, 0, 3, 1.5707963267948966, 3.0
1616, 60, 445, 321, 446, 320, -1, 1, 2.356194490192345, 1.4142135623730951
1616, 66, 504, 155, 502, 155, 2, 0, 0.0, 2.0
1616, 71, 580, 197, 580, 195, 0, 2, 1.5707963267948966, 2.0
1616, 76, 426, 323, 425, 324, 1, -1, -0.7853981633974483, 1.4142135623730951
1617, 5, 536, 137, 535, 136, 1, 1, 0.7853981633974483, 1.4142135623730951
1617, 8, 383, 366, 382, 367, 1, -1, -0.7853981633974483, 1.4142135623730951
1617, 10, 559, 174, 558, 173, 1, 1, 0.7853981633974483, 1.4142135623730951
1617, 26, 437, 152, 435, 153, 2, -1, -0.4636476090008061, 2.23606797749979
1617, 27, 310, 258, 309, 259, 1, -1, -0.7853981633974483, 1.4142135623730951
1617, 28, 526, 137, 524, 137, 2, 0, 0.0, 2.0
1617, 36, 321, 353, 320, 354, 1, -1, -0.7853981633974483, 1.4142135623730951
1617, 42, 444, 140, 444, 142, 0, -2, -1.5707963267948966, 2.0
1617, 44, 519, 135, 516, 135, 3, 0, 0.0, 3.0
1617, 47, 258, 407, 257, 408, 1, -1, -0.7853981633974483, 1.4142135623730951
1617, 48, 224, 395, 223, 396, 1, -1, -0.7853981633974483, 1.4142135623730951
1617, 49, 471, 141, 470, 142, 1, -1, -0.7853981633974483, 1.4142135623730951
1617, 52, 564, 315, 562, 311, 2, 4, 1.1071487177940904, 4.47213595499958
1617, 66, 571, 312, 571, 310, 0, 2, 1.5707963267948966, 2.0
1618, 1, 427, 238, 427, 240, 0, -2, -1.5707963267948966, 2.0
1618, 5, 538, 139, 536, 137, 2, 2, 0.7853981633974483, 2.8284271247461903
1618, 8, 384, 365, 383, 366, 1, -1, -0.7853981633974483, 1.4142135623730951
1618, 13, 387, 170, 385, 173, 2, -3, -0.982793723247329, 3.605551275463989
1618, 19, 404, 337, 403, 338, 1, -1, -0.7853981633974483, 1.4142135623730951
1618, 25, 439, 151, 437, 152, 2, -1, -0.4636476090008061, 2.23606797749979
1618, 27, 528, 137, 526, 137, 2, 0, 0.0, 2.0
1618, 28, 431, 330, 430, 331, 1, -1, -0.7853981633974483, 1.4142135623730951
1618, 29, 466, 175, 467, 179, -1, -4, -1.8157749899217608, 4.123105625617661
1618, 36, 166, 200, 163, 200, 3, 0, 0.0, 3.0
1618, 40, 445, 138, 444, 140, 1, -2, -1.1071487177940904, 2.23606797749979
1618, 42, 522, 136, 519, 135, 3, 1, 0.3217505543966422, 3.1622776601683795
1618, 45, 260, 406, 258, 407, 2, -1, -0.4636476090008061, 2.23606797749979
1618, 47, 472, 140, 471, 141, 1, -1, -0.7853981633974483, 1.4142135623730951
1618, 50, 566, 318, 564, 315, 2, 3, 0.982793723247329, 3.605551275463989
1618, 52, 619, 321, 620, 320, -1, 1, 2.356194490192345, 1.4142135623730951
1618, 55, 299, 376, 297, 377, 2, -1, -0.4636476090008061, 2.23606797749979
1618, 60, 506, 154, 505, 155, 1, -1, -0.7853981633974483, 1.4142135623730951
1618, 65, 581, 200, 580, 198, 1, 2, 1.1071487177940904, 2.23606797749979
1618, 66, 218, 363, 218, 365, 0, -2, -1.5707963267948966, 2.0
1618, 72, 598, 290, 599, 289, -1, 1, 2.356194490192345, 1.4142135623730951
1619, 5, 540, 140, 538, 139, 2, 1, 0.4636476090008061, 2.23606797749979
1619, 7, 385, 363, 384, 365, 1, -2, -1.1071487177940904, 2.23606797749979
1619, 8, 560, 176, 559, 175, 1, 1, 0.7853981633974483, 1.4142135623730951
1619, 12, 387, 168, 387, 170, 0, -2, -1.5707963267948966, 2.0
1619, 22, 193, 409, 192, 410, 1, -1, -0.7853981633974483, 1.4142135623730951
1619, 23, 440, 150, 439, 151, 1, -1, -0.7853981633974483, 1.4142135623730951
1619, 25, 529, 138, 528, 137, 1, 1, 0.7853981633974483, 1.4142135623730951
1619, 26, 431, 328, 431, 330, 0, -2, -1.5707963267948966, 2.0
1619, 38, 446, 137, 445, 138, 1, -1, -0.7853981633974483, 1.4142135623730951
1619, 40, 523, 137, 522, 136, 1, 1, 0.7853981633974483, 1.4142135623730951
1619, 45, 473, 139, 472, 140, 1, -1, -0.7853981633974483, 1.4142135623730951
1619, 48, 567, 321, 566, 318, 1, 3, 1.2490457723982544, 3.1622776601683795
1619, 52, 444, 324, 445, 323, -1, 1, 2.356194490192345, 1.4142135623730951
1619, 61, 572, 315, 571, 313, 1, 2, 1.1071487177940904, 2.23606797749979
1619, 62, 582, 201, 581, 200, 1, 1, 0.7853981633974483, 1.4142135623730951
1619, 64, 488, 112, 487, 113, 1, -1, -0.7853981633974483, 1.4142135623730951
1619, 65, 588, 314, 587, 312, 1, 2, 1.1071487177940904, 2.23606797749979
1619, 66, 195, 404, 194, 405, 1, -1, -0.7853981633974483, 1.4142135623730951
1620, 1, 539, 139, 538, 138, 1, 1, 0.7853981633974483, 1.4142135623730951
1620, 6, 387, 366, 386, 368, 1, -2, -1.1071487177940904, 2.23606797749979
1620, 8, 560, 177, 560, 175, 0, 2, 1.5707963267948966, 2.0
1620, 10, 572, 319, 571, 316, 1, 3, 1.2490457723982544, 3.1622776601683795
1620, 19, 443, 265, 444, 267, -1, -2, -2.0344439357957027, 2.23606797749979
1620, 20, 527, 140, 524, 137, 3, 3, 0.7853981633974483, 4.242640687119285
1620, 25, 432, 329, 431, 331, 1, -2, -1.1071487177940904, 2.23606797749979
1620, 40, 441, 151, 440, 152, 1, -1, -0.7853981633974483, 1.4142135623730951
1620, 43, 583, 201, 582, 200, 1, 1, 0.7853981633974483, 1.4142135623730951
1621, 1, 541, 140, 539, 139, 2, 1, 0.4636476090008061, 2.23606797749979
1621, 5, 388, 365, 387, 366, 1, -1, -0.7853981633974483, 1.4142135623730951
1621, 9, 574, 322, 572, 319, 2, 3, 0.982793723247329, 3.605551275463989
1621, 10, 389, 170, 388, 172, 1, -2, -1.1071487177940904, 2.23606797749979
1621, 15, 197, 413, 196, 414, 1, -1, -0.7853981633974483, 1.4142135623730951
1621, 18, 528, 142, 527, 140, 1, 2, 1.1071487177940904, 2.23606797749979
1621, 20, 390, 143, 389, 145, 1, -2, -1.1071487177940904, 2.23606797749979
1621, 37, 442, 150, 441, 151, 1, -1, -0.7853981633974483, 1.4142135623730951
1621, 43, 628, 345, 627, 344, 1, 1, 0.7853981633974483, 1.4142135623730951
1621, 47, 374, 228, 374, 230, 0, -2, -1.5707963267948966, 2.0
1622, 1, 542, 142, 541, 140, 1, 2, 1.1071487177940904, 2.23606797749979
1622, 4, 429, 237, 428, 239, 1, -2, -1.1071487177940904, 2.23606797749979
1622, 5, 390, 363, 388, 365, 2, -2, -0.7853981633974483, 2.8284271247461903
1622, 7, 561, 180, 560, 178, 1, 2, 1.1071487177940904, 2.23606797749979
1622, 9, 575, 323, 574, 322, 1, 1, 0.7853981633974483, 1.4142135623730951
1622, 10, 389, 168, 389, 170, 0, -2, -1.5707963267948966, 2.0
1622, 11, 132, 345, 131, 344, 1, 1, 0.7853981633974483, 1.4142135623730951
1622, 12, 201, 405, 200, 406, 1, -1, -0.7853981633974483, 1.4142135623730951
1622, 13, 624, 325, 623, 324, 1, 1, 0.7853981633974483, 1.4142135623730951
1622, 24, 386, 324, 385, 326, 1, -2, -1.1071487177940904, 2.23606797749979
1622, 35, 442, 148, 442, 150, 0, -2, -1.5707963267948966, 2.0
1622, 37, 583, 204, 583, 202, 0, 2, 1.5707963267948966, 2.0
1622, 41, 630, 345, 628, 345, 2, 0, 0.0, 2.0
1623, 4, 391, 362, 390, 363, 1, -1, -0.7853981633974483, 1.4142135623730951
1623, 6, 563, 181, 561, 180, 2, 1, 0.4636476090008061, 2.23606797749979
1623, 9, 389, 166, 389, 168, 0, -2, -1.5707963267948966, 2.0
1623, 15, 531, 145, 529, 142, 2, 3, 0.982793723247329, 3.605551275463989
1623, 16, 391, 138, 390, 142, 1, -4, -1.3258176636680326, 4.123105625617661
1623, 18, 316, 337, 315, 339, 1, -2, -1.1071487177940904, 2.23606797749979
1623, 19, 431, 326, 432, 328, -1, -2, -2.0344439357957027, 2.23606797749979
1623, 20, 188, 363, 189, 366, -1, -3, -1.892546881191539, 3.1622776601683795
1623, 22, 613, 298, 614, 301, -1, -3, -1.892546881191539, 3.1622776601683795
1623, 30, 444, 148, 442, 148, 2, 0, 0.0, 2.0
1623, 34, 204, 409, 205, 411, -1, -2, -2.0344439357957027, 2.23606797749979
1623, 35, 141, 408, 140, 412, 1, -4, -1.3258176636680326, 4.123105625617661
1623, 36, 632, 345, 630, 345, 2, 0, 0.0, 2.0
1623, 37, 447, 214, 448, 216, -1, -2, -2.0344439357957027, 2.23606797749979
1623, 40, 373, 223, 374, 227, -1, -4, -1.8157749899217608, 4.123105625617661
1623, 45, 510, 165, 511, 163, -1, 2, 2.0344439357957027, 2.23606797749979
1624, 1, 544, 143, 543, 142, 1, 1, 0.7853981633974483, 1.4142135623730951
1624, 3, 392, 360, 391, 362, 1, -2, -1.1071487177940904, 2.23606797749979
1624, 5, 564, 182, 563, 181, 1, 1, 0.7853981633974483, 1.4142135623730951
1624, 10, 202, 403, 201, 404, 1, -1, -0.7853981633974483, 1.4142135623730951
1624, 14, 533, 145, 531, 145, 2, 0, 0.0, 2.0
1624, 20, 387, 321, 386, 323, 1, -2, -1.1071487177940904, 2.23606797749979
1624, 34, 634, 345, 632, 345, 2, 0, 0.0, 2.0
1624, 37, 627, 304, 628, 303, -1, 1, 2.356194490192345, 1.4142135623730951
1624, 41, 509, 167, 510, 165, -1, 2, 2.0344439357957027, 2.23606797749979
1624, 43, 225, 391, 224, 392, 1, -1, -0.7853981633974483, 1.4142135623730951
1625, 4, 258, 349, 257, 350, 1, -1, -0.7853981633974483, 1.4142135623730951
1625, 5, 545, 144, 543, 142, 2, 2, 0.7853981633974483, 2.8284271247461903
1625, 11, 204, 404, 203, 405, 1, -1, -0.7853981633974483, 1.4142135623730951
1625, 13, 390, 168, 390, 170, 0, -2, -1.5707963267948966, 2.0
1625, 21, 376, 267, 377, 270, -1, -3, -1.892546881191539, 3.1622776601683795
1625, 22, 391, 141, 391, 143, 0, -2, -1.5707963267948966, 2.0
1625, 23, 550, 186, 549, 184, 1, 2, 1.1071487177940904, 2.23606797749979
1625, 37, 617, 324, 615, 324, 2, 0, 0.0, 2.0
1625, 44, 625, 324, 624, 325, 1, -1, -0.7853981633974483, 1.4142135623730951
1625, 45, 388, 323, 388, 325, 0, -2, -1.5707963267948966, 2.0
1625, 48, 361, 306, 362, 308, -1, -2, -2.0344439357957027, 2.23606797749979
1625, 49, 423, 282, 424, 284, -1, -2, -2.0344439357957027, 2.23606797749979
1625, 50, 633, 346, 632, 347, 1, -1, -0.7853981633974483, 1.4142135623730951
1625, 52, 528, 201, 527, 199, 1, 2, 1.1071487177940904, 2.23606797749979
1625, 53, 591, 316, 592, 315, -1, 1, 2.356194490192345, 1.4142135623730951
1625, 61, 447, 214, 448, 216, -1, -2, -2.0344439357957027, 2.23606797749979
1625, 64, 481, 144, 478, 144, 3, 0, 0.0, 3.0
1626, 3, 392, 362, 391, 364, 1, -2, -1.1071487177940904, 2.23606797749979
1626, 5, 546, 145, 545, 144, 1, 1, 0.7853981633974483, 1.4142135623730951
1626, 12, 565, 182, 564, 181, 1, 1, 0.7853981633974483, 1.4142135623730951
1626, 15, 199, 412, 198, 413, 1, -1, -0.7853981633974483, 1.4142135623730951
1626, 22, 392, 140, 391, 141, 1, -1, -0.7853981633974483, 1.4142135623730951
1626, 23, 551, 188, 550, 186, 1, 2, 1.1071487177940904, 2.23606797749979
1626, 25, 319, 337, 318, 338, 1, -1, -0.7853981633974483, 1.4142135623730951
1626, 27, 376, 226, 375, 227, 1, -1, -0.7853981633974483, 1.4142135623730951
1626, 31, 434, 327, 433, 328, 1, -1, -0.7853981633974483, 1.4142135623730951
1626, 44, 635, 345, 633, 346, 2, -1, -0.4636476090008061, 2.23606797749979
1626, 48, 94, 348, 93, 347, 1, 1, 0.7853981633974483, 1.4142135623730951
1626, 56, 483, 144, 481, 144, 2, 0, 0.0, 2.0
1627, 12, 390, 165, 390, 167, 0, -2, -1.5707963267948966, 2.0
1627, 22, 553, 190, 551, 188, 2, 2, 0.7853981633974483, 2.8284271247461903
1627, 24, 320, 336, 319, 337, 1, -1, -0.7853981633974483, 1.4142135623730951
1627, 40, 388, 320, 388, 322, 0, -2, -1.5707963267948966, 2.0
1627, 51, 446, 211, 447, 213, -1, -2, -2.0344439357957027, 2.23606797749979
1627, 53, 486, 144, 483, 144, 3, 0, 0.0, 3.0
1627, 54, 577, 283, 578, 282, -1, 1, 2.356194490192345, 1.4142135623730951
1627, 56, 449, 138, 448, 139, 1, -1, -0.7853981633974483, 1.4142135623730951
1628, 2, 393, 359, 392, 361, 1, -2, -1.1071487177940904, 2.23606797749979
1628, 3, 259, 347, 258, 348, 1, -1, -0.7853981633974483, 1.4142135623730951
1628, 4, 547, 147, 546, 146, 1, 1, 0.7853981633974483, 1.4142135623730951
1628, 10, 566, 184, 565, 183, 1, 1, 0.7853981633974483, 1.4142135623730951
1628, 19, 392, 137, 392, 139, 0, -2, -1.5707963267948966, 2.0
1628, 20, 554, 191, 553, 190, 1, 1, 0.7853981633974483, 1.4142135623730951
1628, 28, 586, 208, 585, 207, 1, 1, 0.7853981633974483, 1.4142135623730951
1628, 41, 528, 205, 528, 203, 0, 2, 1.5707963267948966, 2.0
1628, 53, 428, 321, 427, 322, 1, -1, -0.7853981633974483, 1.4142135623730951
1629, 4, 548, 148, 547, 147, 1, 1, 0.7853981633974483, 1.4142135623730951
1629, 16, 610, 300, 609, 299, 1, 1, 0.7853981633974483, 1.4142135623730951
1629, 20, 555, 192, 554, 191, 1, 1, 0.7853981633974483, 1.4142135623730951
1629, 28, 587, 209, 586, 208, 1, 1, 0.7853981633974483, 1.4142135623730951
1629, 30, 570, 312, 569, 311, 1, 1, 0.7853981633974483, 1.4142135623730951
1629, 42, 589, 319, 590, 318, -1, 1, 2.356194490192345, 1.4142135623730951
1629, 48, 489, 143, 487, 144, 2, -1, -0.4636476090008061, 2.23606797749979
1629, 51, 450, 136, 449, 137, 1, -1, -0.7853981633974483, 1.4142135623730951
1629, 55, 595, 297, 596, 296, -1, 1, 2.356194490192345, 1.4142135623730951
1630, 0, 395, 360, 394, 362, 1, -2, -1.1071487177940904, 2.23606797749979
1630, 3, 547, 148, 546, 147, 1, 1, 0.7853981633974483, 1.4142135623730951
1630, 9, 391, 167, 391, 169, 0, -2, -1.5707963267948966, 2.0
1630, 16, 541, 153, 540, 152, 1, 1, 0.7853981633974483, 1.4142135623730951
1630, 18, 612, 302, 613, 301, -1, 1, 2.356194490192345, 1.4142135623730951
1630, 20, 589, 211, 588, 209, 1, 2, 1.1071487177940904, 2.23606797749979
1630, 22, 436, 327, 435, 328, 1, -1, -0.7853981633974483, 1.4142135623730951
1630, 26, 386, 364, 385, 366, 1, -2, -1.1071487177940904, 2.23606797749979
1630, 44, 577, 315, 576, 314, 1, 1, 0.7853981633974483, 1.4142135623730951
1630, 48, 388, 321, 388, 323, 0, -2, -1.5707963267948966, 2.0
1630, 51, 452, 309, 450, 313, 2, -4, -1.1071487177940904, 4.47213595499958
1631, 0, 395, 358, 395, 360, 0, -2, -1.5707963267948966, 2.0
1631, 1, 428, 234, 429, 236, -1, -2, -2.0344439357957027, 2.23606797749979
1631, 2, 261, 348, 260, 349, 1, -1, -0.7853981633974483, 1.4142135623730951
1631, 3, 549, 149, 547, 148, 2, 1, 0.4636476090008061, 2.23606797749979
1631, 9, 391, 165, 391, 167, 0, -2, -1.5707963267948966, 2.0
1631, 11, 393, 139, 393, 141, 0, -2, -1.5707963267948966, 2.0
1631, 15, 542, 154, 541, 153, 1, 1, 0.7853981633974483, 1.4142135623730951
1631, 19, 590, 212, 589, 211, 1, 1, 0.7853981633974483, 1.4142135623730951
1631, 25, 387, 362, 386, 364, 1, -2, -1.1071487177940904, 2.23606797749979
1631, 27, 508, 156, 507, 157, 1, -1, -0.7853981633974483, 1.4142135623730951
1631, 28, 558, 187, 557, 186, 1, 1, 0.7853981633974483, 1.4142135623730951
1631, 41, 579, 315, 577, 315, 2, 0, 0.0, 2.0
1631, 44, 388, 319, 388, 321, 0, -2, -1.5707963267948966, 2.0
1631, 47, 454, 306, 452, 309, 2, -3, -0.982793723247329, 3.605551275463989
1632, 0, 395, 356, 395, 358, 0, -2, -1.5707963267948966, 2.0
1632, 1, 428, 232, 428, 234, 0, -2, -1.5707963267948966, 2.0
1632, 3, 551, 150, 549, 149, 2, 1, 0.4636476090008061, 2.23606797749979
1632, 12, 208, 401, 207, 402, 1, -1, -0.7853981633974483, 1.4142135623730951
1632, 13, 430, 320, 429, 321, 1, -1, -0.7853981633974483, 1.4142135623730951
1632, 19, 591, 214, 590, 212, 1, 2, 1.1071487177940904, 2.23606797749979
1632, 20, 437, 325, 436, 326, 1, -1, -0.7853981633974483, 1.4142135623730951
1632, 24, 388, 361, 387, 362, 1, -1, -0.7853981633974483, 1.4142135623730951
1632, 25, 436, 259, 436, 261, 0, -2, -1.5707963267948966, 2.0
1632, 37, 493, 140, 492, 141, 1, -1, -0.7853981633974483, 1.4142135623730951
1632, 39, 580, 316, 579, 315, 1, 1, 0.7853981633974483, 1.4142135623730951
1632, 45, 455, 303, 454, 306, 1, -3, -1.2490457723982544, 3.1622776601683795
1633, 0, 396, 355, 395, 356, 1, -1, -0.7853981633974483, 1.4142135623730951
1633, 3, 552, 151, 551, 150, 1, 1, 0.7853981633974483, 1.4142135623730951
1633, 5, 130, 258, 130, 260, 0, -2, -1.5707963267948966, 2.0
1633, 9, 392, 162, 391, 164, 1, -2, -1.1071487177940904, 2.23606797749979
1633, 12, 431, 318, 430, 320, 1, -2, -1.1071487177940904, 2.23606797749979
1633, 18, 592, 215, 591, 214, 1, 1, 0.7853981633974483, 1.4142135623730951
1633, 19, 438, 323, 437, 325, 1, -2, -1.1071487177940904, 2.23606797749979
1633, 25, 559, 189, 558, 188, 1, 1, 0.7853981633974483, 1.4142135623730951
1633, 33, 626, 308, 627, 307, -1, 1, 2.356194490192345, 1.4142135623730951
1633, 41, 388, 316, 388, 318, 0, -2, -1.5707963267948966, 2.0
1633, 43, 456, 300, 455, 303, 1, -3, -1.2490457723982544, 3.1622776601683795
1634, 1, 428, 229, 428, 231, 0, -2, -1.5707963267948966, 2.0
1634, 3, 553, 152, 552, 151, 1, 1, 0.7853981633974483, 1.4142135623730951
1634, 4, 299, 273, 298, 274, 1, -1, -0.7853981633974483, 1.4142135623730951
1634, 9, 392, 160, 392, 162, 0, -2, -1.5707963267948966, 2.0
1634, 10, 394, 135, 393, 137, 1, -2, -1.1071487177940904, 2.23606797749979
1634, 12, 431, 316, 431, 318, 0, -2, -1.5707963267948966, 2.0
1634, 22, 389, 360, 388, 361, 1, -1, -0.7853981633974483, 1.4142135623730951
1634, 23, 560, 190, 559, 189, 1, 1, 0.7853981633974483, 1.4142135623730951
1634, 41, 270, 410, 269, 411, 1, -1, -0.7853981633974483, 1.4142135623730951
1635, 0, 397, 357, 396, 358, 1, -1, -0.7853981633974483, 1.4142135623730951
1635, 7, 552, 151, 551, 150, 1, 1, 0.7853981633974483, 1.4142135623730951
1635, 12, 521, 179, 519, 177, 2, 2, 0.7853981633974483, 2.8284271247461903
1635, 14, 395, 138, 395, 140, 0, -2, -1.5707963267948966, 2.0
1635, 19, 536, 213, 535, 212, 1, 1, 0.7853981633974483, 1.4142135623730951
1635, 20, 391, 316, 390, 318, 1, -2, -1.1071487177940904, 2.23606797749979
1635, 30, 592, 215, 591, 214, 1, 1, 0.7853981633974483, 1.4142135623730951
1635, 42, 122, 275, 121, 276, 1, -1, -0.7853981633974483, 1.4142135623730951
1635, 54, 560, 189, 559, 187, 1, 2, 1.1071487177940904, 2.23606797749979
1635, 55, 537, 160, 535, 158, 2, 2, 0.7853981633974483, 2.8284271247461903
1635, 61, 496, 141, 494, 141, 2, 0, 0.0, 2.0
1635, 66, 511, 131, 510, 130, 1, 1, 0.7853981633974483, 1.4142135623730951
1635, 68, 376, 332, 375, 333, 1, -1, -0.7853981633974483, 1.4142135623730951
1635, 80, 321, 340, 320, 341, 1, -1, -0.7853981633974483, 1.4142135623730951
1636, 0, 397, 355, 397, 357, 0, -2, -1.5707963267948966, 2.0
1636, 7, 553, 153, 552, 151, 1, 2, 1.1071487177940904, 2.23606797749979
1636, 10, 570, 191, 569, 190, 1, 1, 0.7853981633974483, 1.4142135623730951
1636, 14, 395, 136, 395, 138, 0, -2, -1.5707963267948966, 2.0
1636, 19, 537, 215, 536, 213, 1, 2, 1.1071487177940904, 2.23606797749979
1636, 20, 391, 314, 391, 316, 0, -2, -1.5707963267948966, 2.0
1636, 29, 593, 216, 592, 215, 1, 1, 0.7853981633974483, 1.4142135623730951
1636, 30, 186, 406, 185, 407, 1, -1, -0.7853981633974483, 1.4142135623730951
1636, 32, 606, 272, 607, 271, -1, 1, 2.356194490192345, 1.4142135623730951
1636, 33, 377, 221, 377, 223, 0, -2, -1.5707963267948966, 2.0
1636, 39, 123, 274, 122, 275, 1, -1, -0.7853981633974483, 1.4142135623730951
1636, 41, 530, 206, 529, 205, 1, 1, 0.7853981633974483, 1.4142135623730951
1636, 50, 561, 190, 560, 189, 1, 1, 0.7853981633974483, 1.4142135623730951
1636, 51, 540, 161, 537, 160, 3, 1, 0.3217505543966422, 3.1622776601683795
1636, 52, 439, 324, 438, 325, 1, -1, -0.7853981633974483, 1.4142135623730951
1636, 58, 586, 282, 587, 281, -1, 1, 2.356194490192345, 1.4142135623730951
1636, 63, 376, 330, 376, 332, 0, -2, -1.5707963267948966, 2.0
1636, 73, 630, 321, 629, 322, 1, -1, -0.7853981633974483, 1.4142135623730951
1636, 74, 322, 339, 321, 340, 1, -1, -0.7853981633974483, 1.4142135623730951
1636, 81, 271, 360, 270, 361, 1, -1, -0.7853981633974483, 1.4142135623730951
1637, 0, 398, 353, 397, 355, 1, -2, -1.1071487177940904, 2.23606797749979
1637, 11, 520, 182, 521, 180, -1, 2, 2.0344439357957027, 2.23606797749979
1637, 13, 395, 134, 395, 136, 0, -2, -1.5707963267948966, 2.0
1637, 18, 536, 216, 537, 215, -1, 1, 2.356194490192345, 1.4142135623730951
1637, 19, 391, 312, 391, 314, 0, -2, -1.5707963267948966, 2.0
1637, 28, 187, 405, 186, 406, 1, -1, -0.7853981633974483, 1.4142135623730951
1637, 48, 542, 162, 540, 161, 2, 1, 0.4636476090008061, 2.23606797749979
1637, 49, 440, 323, 439, 324, 1, -1, -0.7853981633974483, 1.4142135623730951
1637, 59, 512, 133, 511, 132, 1, 1, 0.7853981633974483, 1.4142135623730951
1637, 61, 257, 386, 256, 387, 1, -1, -0.7853981633974483, 1.4142135623730951
1637, 69, 632, 320, 630, 321, 2, -1, -0.4636476090008061, 2.23606797749979
1637, 74, 627, 308, 628, 307, -1, 1, 2.356194490192345, 1.4142135623730951
1637, 77, 272, 359, 271, 360, 1, -1, -0.7853981633974483, 1.4142135623730951
1638, 0, 398, 351, 398, 353, 0, -2, -1.5707963267948966, 2.0
1638, 6, 555, 154, 554, 153, 1, 1, 0.7853981633974483, 1.4142135623730951
1638, 7, 394, 159, 393, 161, 1, -2, -1.1071487177940904, 2.23606797749979
1638, 8, 511, 174, 512, 172, -1, 2, 2.0344439357957027, 2.23606797749979
1638, 9, 571, 193, 570, 192, 1, 1, 0.7853981633974483, 1.4142135623730951
1638, 11, 518, 183, 520, 182, -2, 1, 2.677945044588987, 2.23606797749979
1638, 18, 535, 218, 536, 216, -1, 2, 2.0344439357957027, 2.23606797749979
1638, 19, 392, 311, 391, 312, 1, -1, -0.7853981633974483, 1.4142135623730951
1638, 25, 594, 219, 593, 217, 1, 2, 1.1071487177940904, 2.23606797749979
1638, 29, 376, 218, 377, 220, -1, -2, -2.0344439357957027, 2.23606797749979
1638, 30, 602, 320, 601, 319, 1, 1, 0.7853981633974483, 1.4142135623730951
1638, 37, 530, 210, 530, 207, 0, 3, 1.5707963267948966, 3.0
1638, 41, 352, 345, 351, 346, 1, -1, -0.7853981633974483, 1.4142135623730951
1638, 51, 584, 283, 585, 282, -1, 1, 2.356194490192345, 1.4142135623730951
1638, 55, 513, 134, 512, 133, 1, 1, 0.7853981633974483, 1.4142135623730951
1638, 56, 377, 329, 376, 330, 1, -1, -0.7853981633974483, 1.4142135623730951
1638, 61, 573, 210, 574, 212, -1, -2, -2.0344439357957027, 2.23606797749979
1638, 66, 323, 338, 322, 339, 1, -1, -0.7853981633974483, 1.4142135623730951
1638, 68, 363, 300, 364, 299, -1, 1, 2.356194490192345, 1.4142135623730951
1638, 73, 273, 358, 272, 359, 1, -1, -0.7853981633974483, 1.4142135623730951
1638, 74, 429, 316, 428, 317, 1, -1, -0.7853981633974483, 1.4142135623730951
1639, 0, 399, 350, 398, 351, 1, -1, -0.7853981633974483, 1.4142135623730951
1639, 6, 395, 158, 394, 159, 1, -1, -0.7853981633974483, 1.4142135623730951
1639, 7, 511, 176, 511, 174, 0, 2, 1.5707963267948966, 2.0
1639, 10, 517, 185, 518, 183, -1, 2, 2.0344439357957027, 2.23606797749979
1639, 12, 396, 131, 395, 133, 1, -2, -1.1071487177940904, 2.23606797749979
1639, 15, 97, 349, 96, 350, 1, -1, -0.7853981633974483, 1.4142135623730951
1639, 17, 533, 217, 535, 218, -2, -1, -2.677945044588987, 2.23606797749979
1639, 18, 392, 309, 392, 311, 0, -2, -1.5707963267948966, 2.0
1639, 19, 206, 412, 205, 413, 1, -1, -0.7853981633974483, 1.4142135623730951
1639, 22, 595, 220, 594, 219, 1, 1, 0.7853981633974483, 1.4142135623730951
1639, 23, 188, 404, 187, 405, 1, -1, -0.7853981633974483, 1.4142135623730951
1639, 24, 604, 273, 605, 272, -1, 1, 2.356194490192345, 1.4142135623730951
1639, 25, 377, 217, 376, 218, 1, -1, -0.7853981633974483, 1.4142135623730951
1639, 26, 604, 321, 602, 320, 2, 1, 0.4636476090008061, 2.23606797749979
1639, 31, 120, 273, 122, 273, -2, 0, 3.141592653589793, 2.0
1639, 33, 530, 212, 530, 210, 0, 2, 1.5707963267948966, 2.0
1639, 36, 196, 354, 198, 353, -2, 1, 2.677945044588987, 2.23606797749979
1639, 40, 560, 193, 561, 192, -1, 1, 2.356194490192345, 1.4142135623730951
1639, 45, 500, 142, 499, 141, 1, 1, 0.7853981633974483, 1.4142135623730951
1639, 52, 258, 385, 257, 386, 1, -1, -0.7853981633974483, 1.4142135623730951
1639, 55, 342, 375, 339, 376, 3, -1, -0.3217505543966422, 3.1622776601683795
1640, 0, 400, 354, 399, 355, 1, -1, -0.7853981633974483, 1.4142135623730951
1640, 3, 555, 156, 554, 154, 1, 2, 1.1071487177940904, 2.23606797749979
1640, 9, 396, 161, 396, 163, 0, -2, -1.5707963267948966, 2.0
1640, 12, 573, 194, 572, 193, 1, 1, 0.7853981633974483, 1.4142135623730951
1640, 13, 624, 252, 623, 251, 1, 1, 0.7853981633974483, 1.4142135623730951
1640, 27, 418, 168, 418, 170, 0, -2, -1.5707963267948966, 2.0
1640, 31, 377, 220, 378, 222, -1, -2, -2.0344439357957027, 2.23606797749979
1640, 39, 163, 354, 162, 355, 1, -1, -0.7853981633974483, 1.4142135623730951
1640, 40, 544, 156, 543, 155, 1, 1, 0.7853981633974483, 1.4142135623730951
1640, 46, 535, 218, 537, 218, -2, 0, 3.141592653589793, 2.0
1640, 48, 391, 313, 392, 315, -1, -2, -2.0344439357957027, 2.23606797749979
1640, 52, 538, 152, 536, 150, 2, 2, 0.7853981633974483, 2.8284271247461903
1640, 54, 628, 322, 627, 323, 1, -1, -0.7853981633974483, 1.4142135623730951
1640, 60, 541, 162, 543, 163, -2, -1, -2.677945044588987, 2.23606797749979
1640, 61, 229, 370, 228, 371, 1, -1, -0.7853981633974483, 1.4142135623730951
1640, 63, 148, 404, 149, 403, -1, 1, 2.356194490192345, 1.4142135623730951
1640, 64, 347, 365, 348, 364, -1, 1, 2.356194490192345, 1.4142135623730951
1640, 71, 601, 322, 600, 321, 1, 1, 0.7853981633974483, 1.4142135623730951
1641, 2, 556, 157, 555, 156, 1, 1, 0.7853981633974483, 1.4142135623730951
1641, 8, 397, 160, 396, 161, 1, -1, -0.7853981633974483, 1.4142135623730951
1641, 14, 398, 133, 397, 135, 1, -2, -1.1071487177940904, 2.23606797749979
1641, 15, 206, 412, 205, 413, 1, -1, -0.7853981633974483, 1.4142135623730951
1641, 20, 99, 350, 98, 351, 1, -1, -0.7853981633974483, 1.4142135623730951
1641, 43, 379, 328, 379, 330, 0, -2, -1.5707963267948966, 2.0
1641, 46, 392, 312, 391, 313, 1, -1, -0.7853981633974483, 1.4142135623730951
1641, 50, 539, 153, 538, 152, 1, 1, 0.7853981633974483, 1.4142135623730951
1641, 52, 630, 322, 628, 322, 2, 0, 0.0, 2.0
1641, 57, 540, 159, 541, 162, -1, -3, -1.892546881191539, 3.1622776601683795
1641, 61, 345, 366, 347, 365, -2, 1, 2.677945044588987, 2.23606797749979
1641, 62, 435, 254, 434, 256, 1, -2, -1.1071487177940904, 2.23606797749979
1641, 65, 222, 326, 220, 326, 2, 0, 0.0, 2.0
1641, 68, 603, 322, 601, 322, 2, 0, 0.0, 2.0
1642, 0, 401, 352, 400, 353, 1, -1, -0.7853981633974483, 1.4142135623730951
1642, 2, 557, 158, 556, 157, 1, 1, 0.7853981633974483, 1.4142135623730951
1642, 9, 574, 196, 573, 195, 1, 1, 0.7853981633974483, 1.4142135623730951
1642, 10, 625, 253, 624, 252, 1, 1, 0.7853981633974483, 1.4142135623730951
1642, 11, 442, 323, 441, 324, 1, -1, -0.7853981633974483, 1.4142135623730951
1642, 12, 398, 131, 398, 133, 0, -2, -1.5707963267948966, 2.0
1642, 20, 448, 142, 447, 143, 1, -1, -0.7853981633974483, 1.4142135623730951
1642, 23, 418, 165, 418, 167, 0, -2, -1.5707963267948966, 2.0
1642, 24, 326, 336, 325, 337, 1, -1, -0.7853981633974483, 1.4142135623730951
1642, 27, 376, 217, 377, 219, -1, -2, -2.0344439357957027, 2.23606797749979
1642, 33, 125, 273, 126, 275, -1, -2, -2.0344439357957027, 2.23606797749979
1642, 34, 165, 353, 164, 354, 1, -1, -0.7853981633974483, 1.4142135623730951
1642, 38, 537, 220, 535, 218, 2, 2, 0.7853981633974483, 2.8284271247461903
1642, 40, 392, 310, 392, 312, 0, -2, -1.5707963267948966, 2.0
1642, 44, 541, 156, 539, 153, 2, 3, 0.982793723247329, 3.605551275463989
1642, 46, 634, 322, 630, 322, 4, 0, 0.0, 4.0
1642, 50, 539, 157, 540, 159, -1, -2, -2.0344439357957027, 2.23606797749979
1642, 53, 148, 403, 147, 404, 1, -1, -0.7853981633974483, 1.4142135623730951
1642, 58, 224, 326, 222, 326, 2, 0, 0.0, 2.0
1642, 61, 605, 323, 603, 322, 2, 1, 0.4636476090008061, 2.23606797749979
1642, 65, 595, 221, 594, 220, 1, 1, 0.7853981633974483, 1.4142135623730951
1642, 66, 168, 199, 170, 200, -2, -1, -2.677945044588987, 2.23606797749979
1643, 0, 402, 351, 401, 352, 1, -1, -0.7853981633974483, 1.4142135623730951
1643, 9, 575, 197, 574, 196, 1, 1, 0.7853981633974483, 1.4142135623730951
1643, 12, 207, 411, 206, 412, 1, -1, -0.7853981633974483, 1.4142135623730951
1643, 26, 376, 215, 376, 217, 0, -2, -1.5707963267948966, 2.0
1643, 34, 546, 158, 545, 157, 1, 1, 0.7853981633974483, 1.4142135623730951
1643, 36, 379, 325, 379, 327, 0, -2, -1.5707963267948966, 2.0
1643, 37, 538, 222, 537, 220, 1, 2, 1.1071487177940904, 2.23606797749979
1643, 51, 343, 367, 344, 366, -1, 1, 2.356194490192345, 1.4142135623730951
1643, 52, 435, 260, 435, 253, 0, 7, 1.5707963267948966, 7.0
1643, 55, 225, 327, 224, 326, 1, 1, 0.7853981633974483, 1.4142135623730951
1643, 57, 606, 324, 605, 323, 1, 1, 0.7853981633974483, 1.4142135623730951
1643, 60, 574, 330, 573, 328, 1, 2, 1.1071487177940904, 2.23606797749979
1643, 64, 446, 233, 445, 237, 1, -4, -1.3258176636680326, 4.123105625617661
1644, 0, 403, 350, 402, 351, 1, -1, -0.7853981633974483, 1.4142135623730951
1644, 1, 558, 160, 557, 159, 1, 1, 0.7853981633974483, 1.4142135623730951
1644, 8, 576, 198, 575, 197, 1, 1, 0.7853981633974483, 1.4142135623730951
1644, 10, 399, 128, 398, 130, 1, -2, -1.1071487177940904, 2.23606797749979
1644, 11, 208, 410, 207, 411, 1, -1, -0.7853981633974483, 1.4142135623730951
1644, 18, 450, 141, 449, 142, 1, -1, -0.7853981633974483, 1.4142135623730951
1644, 21, 328, 335, 327, 336, 1, -1, -0.7853981633974483, 1.4142135623730951
1644, 24, 376, 213, 376, 215, 0, -2, -1.5707963267948966, 2.0
1644, 33, 538, 224, 538, 222, 0, 2, 1.5707963267948966, 2.0
1644, 35, 392, 307, 392, 309, 0, -2, -1.5707963267948966, 2.0
1644, 38, 207, 312, 210, 310, -3, 2, 2.5535900500422257, 3.605551275463989
1644, 39, 540, 153, 541, 155, -1, -2, -2.0344439357957027, 2.23606797749979
1644, 42, 431, 319, 430, 321, 1, -2, -1.1071487177940904, 2.23606797749979
1644, 47, 341, 368, 343, 367, -2, 1, 2.677945044588987, 2.23606797749979
1644, 52, 590, 326, 592, 326, -2, 0, 3.141592653589793, 2.0
1644, 53, 607, 325, 606, 324, 1, 1, 0.7853981633974483, 1.4142135623730951
1644, 55, 577, 332, 574, 330, 3, 2, 0.5880026035475675, 3.605551275463989
1645, 9, 576, 199, 575, 198, 1, 1, 0.7853981633974483, 1.4142135623730951
1645, 10, 399, 159, 398, 160, 1, -1, -0.7853981633974483, 1.4142135623730951
1645, 11, 454, 145, 451, 145, 3, 0, 0.0, 3.0
1645, 14, 552, 166, 551, 164, 1, 2, 1.1071487177940904, 2.23606797749979
1645, 17, 635, 326, 638, 326, -3, 0, 3.141592653589793, 3.0
1645, 20, 604, 308, 605, 306, -1, 2, 2.0344439357957027, 2.23606797749979
1645, 22, 442, 321, 442, 323, 0, -2, -1.5707963267948966, 2.0
1645, 24, 580, 334, 578, 332, 2, 2, 0.7853981633974483, 2.8284271247461903
1645, 31, 328, 338, 327, 339, 1, -1, -0.7853981633974483, 1.4142135623730951
1645, 32, 377, 217, 377, 219, 0, -2, -1.5707963267948966, 2.0
1645, 35, 208, 405, 207, 406, 1, -1, -0.7853981633974483, 1.4142135623730951
1645, 36, 503, 147, 502, 146, 1, 1, 0.7853981633974483, 1.4142135623730951
1645, 39, 400, 344, 400, 346, 0, -2, -1.5707963267948966, 2.0
1645, 55, 352, 368, 351, 369, 1, -1, -0.7853981633974483, 1.4142135623730951
1645, 81, 605, 249, 604, 248, 1, 1, 0.7853981633974483, 1.4142135623730951
1645, 92, 377, 266, 377, 268, 0, -2, -1.5707963267948966, 2.0
1645, 95, 216, 400, 215, 401, 1, -1, -0.7853981633974483, 1.4142135623730951
1645, 99, 314, 402, 313, 403, 1, -1, -0.7853981633974483, 1.4142135623730951
1645, 101, 129, 275, 131, 277, -2, -2, -2.356194490192345, 2.8284271247461903
1645, 102, 537, 157, 538, 159, -1, -2, -2.0344439357957027, 2.23606797749979
1646, 1, 402, 350, 402, 352, 0, -2, -1.5707963267948966, 2.0
1646, 7, 559, 161, 558, 160, 1, 1, 0.7853981633974483, 1.4142135623730951
1646, 10, 400, 157, 399, 159, 1, -2, -1.1071487177940904, 2.23606797749979
1646, 11, 456, 144, 454, 145, 2, -1, -0.4636476090008061, 2.23606797749979
1646, 12, 401, 131, 400, 132, 1, -1, -0.7853981633974483, 1.4142135623730951
1646, 20, 604, 310, 604, 308, 0, 2, 1.5707963267948966, 2.0
1646, 22, 443, 319, 442, 321, 1, -2, -1.1071487177940904, 2.23606797749979
1646, 24, 582, 335, 580, 334, 2, 1, 0.4636476090008061, 2.23606797749979
1646, 31, 329, 337, 328, 338, 1, -1, -0.7853981633974483, 1.4142135623730951
1646, 35, 209, 404, 208, 405, 1, -1, -0.7853981633974483, 1.4142135623730951
1646, 36, 504, 148, 503, 147, 1, 1, 0.7853981633974483, 1.4142135623730951
1646, 38, 210, 413, 209, 414, 1, -1, -0.7853981633974483, 1.4142135623730951
1646, 53, 353, 367, 352, 368, 1, -1, -0.7853981633974483, 1.4142135623730951
1646, 69, 458, 282, 459, 281, -1, 1, 2.356194490192345, 1.4142135623730951
1646, 72, 536, 221, 537, 220, -1, 1, 2.356194490192345, 1.4142135623730951
1646, 76, 606, 250, 605, 249, 1, 1, 0.7853981633974483, 1.4142135623730951
1646, 77, 564, 274, 565, 273, -1, 1, 2.356194490192345, 1.4142135623730951
1646, 86, 457, 259, 458, 258, -1, 1, 2.356194490192345, 1.4142135623730951
1647, 1, 403, 349, 402, 350, 1, -1, -0.7853981633974483, 1.4142135623730951
1647, 7, 560, 162, 559, 161, 1, 1, 0.7853981633974483, 1.4142135623730951
1647, 9, 577, 201, 576, 200, 1, 1, 0.7853981633974483, 1.4142135623730951
1647, 10, 401, 156, 400, 157, 1, -1, -0.7853981633974483, 1.4142135623730951
1647, 11, 458, 143, 456, 144, 2, -1, -0.4636476090008061, 2.23606797749979
1647, 12, 401, 129, 401, 131, 0, -2, -1.5707963267948966, 2.0
1647, 23, 584, 336, 582, 335, 2, 1, 0.4636476090008061, 2.23606797749979
1647, 31, 377, 214, 377, 216, 0, -2, -1.5707963267948966, 2.0
1647, 33, 210, 403, 209, 404, 1, -1, -0.7853981633974483, 1.4142135623730951
1647, 34, 505, 149, 504, 148, 1, 1, 0.7853981633974483, 1.4142135623730951
1647, 41, 597, 331, 596, 330, 1, 1, 0.7853981633974483, 1.4142135623730951
1647, 65, 537, 222, 536, 221, 1, 1, 0.7853981633974483, 1.4142135623730951
1647, 67, 606, 248, 606, 250, 0, -2, -1.5707963267948966, 2.0
1647, 72, 522, 186, 521, 185, 1, 1, 0.7853981633974483, 1.4142135623730951
1647, 82, 386, 190, 387, 192, -1, -2, -2.0344439357957027, 2.23606797749979
1648, 2, 371, 286, 370, 287, 1, -1, -0.7853981633974483, 1.4142135623730951
1648, 7, 562, 164, 560, 162, 2, 2, 0.7853981633974483, 2.8284271247461903
1648, 9, 578, 202, 577, 201, 1, 1, 0.7853981633974483, 1.4142135623730951
1648, 11, 460, 142, 458, 143, 2, -1, -0.4636476090008061, 2.23606797749979
1648, 12, 402, 128, 401, 129, 1, -1, -0.7853981633974483, 1.4142135623730951
1648, 18, 605, 312, 604, 311, 1, 1, 0.7853981633974483, 1.4142135623730951
1648, 28, 330, 336, 329, 337, 1, -1, -0.7853981633974483, 1.4142135623730951
1648, 30, 212, 403, 210, 403, 2, 0, 0.0, 2.0
1648, 31, 506, 150, 505, 149, 1, 1, 0.7853981633974483, 1.4142135623730951
1648, 54, 605, 330, 604, 329, 1, 1, 0.7853981633974483, 1.4142135623730951
1648, 57, 457, 284, 458, 283, -1, 1, 2.356194490192345, 1.4142135623730951
1648, 60, 536, 223, 537, 222, -1, 1, 2.356194490192345, 1.4142135623730951
1648, 62, 606, 246, 606, 248, 0, -2, -1.5707963267948966, 2.0
1648, 63, 562, 275, 563, 274, -1, 1, 2.356194490192345, 1.4142135623730951
1648, 71, 456, 261, 457, 260, -1, 1, 2.356194490192345, 1.4142135623730951
1648, 73, 216, 399, 215, 400, 1, -1, -0.7853981633974483, 1.4142135623730951
1649, 1, 404, 347, 403, 348, 1, -1, -0.7853981633974483, 1.4142135623730951
1649, 6, 564, 166, 562, 164, 2, 2, 0.7853981633974483, 2.8284271247461903
1649, 9, 402, 154, 401, 155, 1, -1, -0.7853981633974483, 1.4142135623730951
1649, 10, 461, 141, 460, 142, 1, -1, -0.7853981633974483, 1.4142135623730951
1649, 16, 626, 259, 626, 257, 0, 2, 1.5707963267948966, 2.0
1649, 20, 586, 337, 585, 336, 1, 1, 0.7853981633974483, 1.4142135623730951
1649, 26, 214, 403, 212, 403, 2, 0, 0.0, 2.0
1649, 27, 507, 151, 506, 150, 1, 1, 0.7853981633974483, 1.4142135623730951
1649, 46, 232, 390, 231, 391, 1, -1, -0.7853981633974483, 1.4142135623730951
1649, 48, 606, 331, 605, 330, 1, 1, 0.7853981633974483, 1.4142135623730951
1649, 51, 456, 286, 457, 284, -1, 2, 2.0344439357957027, 2.23606797749979
1649, 55, 455, 315, 456, 314, -1, 1, 2.356194490192345, 1.4142135623730951
1649, 57, 561, 276, 562, 275, -1, 1, 2.356194490192345, 1.4142135623730951
1649, 58, 455, 115, 454, 116, 1, -1, -0.7853981633974483, 1.4142135623730951
1649, 61, 523, 188, 522, 187, 1, 1, 0.7853981633974483, 1.4142135623730951
1650, 6, 563, 165, 562, 163, 1, 2, 1.1071487177940904, 2.23606797749979
1650, 22, 403, 130, 402, 131, 1, -1, -0.7853981633974483, 1.4142135623730951
1650, 27, 609, 332, 608, 331, 1, 1, 0.7853981633974483, 1.4142135623730951
1650, 31, 436, 256, 436, 258, 0, -2, -1.5707963267948966, 2.0
1650, 38, 419, 230, 420, 232, -1, -2, -2.0344439357957027, 2.23606797749979
1650, 50, 395, 307, 395, 309, 0, -2, -1.5707963267948966, 2.0
1650, 59, 335, 352, 334, 353, 1, -1, -0.7853981633974483, 1.4142135623730951
1650, 63, 422, 187, 422, 189, 0, -2, -1.5707963267948966, 2.0
1650, 64, 384, 186, 384, 188, 0, -2, -1.5707963267948966, 2.0
1650, 65, 522, 182, 521, 180, 1, 2, 1.1071487177940904, 2.23606797749979
1650, 68, 554, 170, 553, 169, 1, 1, 0.7853981633974483, 1.4142135623730951
1651, 0, 373, 285, 372, 286, 1, -1, -0.7853981633974483, 1.4142135623730951
1651, 3, 406, 349, 405, 350, 1, -1, -0.7853981633974483, 1.4142135623730951
1651, 5, 564, 166, 563, 165, 1, 1, 0.7853981633974483, 1.4142135623730951
1651, 11, 402, 155, 401, 157, 1, -2, -1.1071487177940904, 2.23606797749979
1651, 37, 600, 228, 599, 227, 1, 1, 0.7853981633974483, 1.4142135623730951
1651, 55, 423, 186, 422, 187, 1, -1, -0.7853981633974483, 1.4142135623730951
1651, 56, 383, 184, 384, 186, -1, -2, -2.0344439357957027, 2.23606797749979
1651, 57, 523, 184, 522, 182, 1, 2, 1.1071487177940904, 2.23606797749979
1651, 65, 506, 151, 505, 150, 1, 1, 0.7853981633974483, 1.4142135623730951
1651, 70, 375, 221, 374, 222, 1, -1, -0.7853981633974483, 1.4142135623730951
1652, 8, 403, 153, 402, 155, 1, -2, -1.1071487177940904, 2.23606797749979
1652, 14, 444, 316, 444, 318, 0, -2, -1.5707963267948966, 2.0
1652, 17, 404, 128, 403, 129, 1, -1, -0.7853981633974483, 1.4142135623730951
1652, 25, 197, 313, 198, 312, -1, 1, 2.356194490192345, 1.4142135623730951
1652, 33, 600, 230, 600, 228, 0, 2, 1.5707963267948966, 2.0
1652, 34, 378, 213, 377, 214, 1, -1, -0.7853981633974483, 1.4142135623730951
1652, 39, 395, 304, 395, 306, 0, -2, -1.5707963267948966, 2.0
1652, 51, 525, 186, 523, 184, 2, 2, 0.7853981633974483, 2.8284271247461903
1652, 53, 359, 350, 359, 352, 0, -2, -1.5707963267948966, 2.0
1652, 56, 399, 343, 397, 344, 2, -1, -0.4636476090008061, 2.23606797749979
1652, 59, 507, 152, 506, 151, 1, 1, 0.7853981633974483, 1.4142135623730951
1652, 63, 376, 220, 375, 221, 1, -1, -0.7853981633974483, 1.4142135623730951
1653, 4, 565, 168, 564, 167, 1, 1, 0.7853981633974483, 1.4142135623730951
1653, 9, 216, 412, 215, 413, 1, -1, -0.7853981633974483, 1.4142135623730951
1653, 20, 610, 335, 609, 334, 1, 1, 0.7853981633974483, 1.4142135623730951
1653, 34, 457, 176, 457, 178, 0, -2, -1.5707963267948966, 2.0
1653, 57, 508, 153, 507, 152, 1, 1, 0.7853981633974483, 1.4142135623730951
1654, 8, 403, 150, 403, 152, 0, -2, -1.5707963267948966, 2.0
1654, 13, 445, 314, 444, 315, 1, -1, -0.7853981633974483, 1.4142135623730951
1654, 15, 405, 126, 404, 127, 1, -1, -0.7853981633974483, 1.4142135623730951
1654, 25, 481, 115, 477, 115, 4, 0, 0.0, 4.0
1654, 31, 458, 174, 457, 176, 1, -2, -1.1071487177940904, 2.23606797749979
1654, 33, 115, 329, 114, 330, 1, -1, -0.7853981633974483, 1.4142135623730951
1654, 41, 357, 344, 356, 345, 1, -1, -0.7853981633974483, 1.4142135623730951
1654, 45, 526, 188, 525, 187, 1, 1, 0.7853981633974483, 1.4142135623730951
1654, 49, 526, 192, 525, 191, 1, 1, 0.7853981633974483, 1.4142135623730951
1654, 53, 509, 154, 508, 153, 1, 1, 0.7853981633974483, 1.4142135623730951
1654, 55, 570, 284, 571, 283, -1, 1, 2.356194490192345, 1.4142135623730951
1655, 3, 431, 226, 431, 228, 0, -2, -1.5707963267948966, 2.0
1655, 6, 566, 168, 565, 167, 1, 1, 0.7853981633974483, 1.4142135623730951
1655, 17, 221, 404, 220, 405, 1, -1, -0.7853981633974483, 1.4142135623730951
1655, 19, 406, 128, 405, 129, 1, -1, -0.7853981633974483, 1.4142135623730951
1655, 34, 606, 278, 607, 277, -1, 1, 2.356194490192345, 1.4142135623730951
1655, 37, 316, 375, 315, 376, 1, -1, -0.7853981633974483, 1.4142135623730951
1655, 42, 511, 157, 510, 156, 1, 1, 0.7853981633974483, 1.4142135623730951
1655, 43, 375, 259, 377, 260, -2, -1, -2.677945044588987, 2.23606797749979
1656, 0, 374, 286, 373, 287, 1, -1, -0.7853981633974483, 1.4142135623730951
1656, 5, 566, 170, 566, 168, 0, 2, 1.5707963267948966, 2.0
1656, 6, 405, 154, 404, 155, 1, -1, -0.7853981633974483, 1.4142135623730951
1656, 22, 218, 413, 217, 414, 1, -1, -0.7853981633974483, 1.4142135623730951
1656, 30, 567, 208, 566, 207, 1, 1, 0.7853981633974483, 1.4142135623730951
1656, 44, 446, 316, 445, 317, 1, -1, -0.7853981633974483, 1.4142135623730951
1657, 4, 568, 172, 566, 170, 2, 2, 0.7853981633974483, 2.8284271247461903
1657, 8, 581, 209, 580, 208, 1, 1, 0.7853981633974483, 1.4142135623730951
1657, 26, 524, 135, 523, 136, 1, -1, -0.7853981633974483, 1.4142135623730951
1658, 4, 569, 174, 568, 172, 1, 2, 1.1071487177940904, 2.23606797749979
1658, 5, 406, 152, 405, 153, 1, -1, -0.7853981633974483, 1.4142135623730951
1658, 8, 582, 210, 581, 209, 1, 1, 0.7853981633974483, 1.4142135623730951
1658, 13, 334, 336, 333, 337, 1, -1, -0.7853981633974483, 1.4142135623730951
1658, 16, 407, 124, 406, 126, 1, -2, -1.1071487177940904, 2.23606797749979
1658, 18, 613, 333, 612, 332, 1, 1, 0.7853981633974483, 1.4142135623730951
1658, 23, 379, 210, 379, 212, 0, -2, -1.5707963267948966, 2.0
1658, 25, 526, 134, 524, 135, 2, -1, -0.4636476090008061, 2.23606797749979
1658, 28, 569, 208, 567, 208, 2, 0, 0.0, 2.0
1658, 34, 513, 159, 512, 158, 1, 1, 0.7853981633974483, 1.4142135623730951
1659, 0, 374, 282, 374, 284, 0, -2, -1.5707963267948966, 2.0
1659, 4, 571, 176, 569, 174, 2, 2, 0.7853981633974483, 2.8284271247461903
1659, 5, 406, 150, 406, 152, 0, -2, -1.5707963267948966, 2.0
1659, 12, 334, 334, 334, 336, 0, -2, -1.5707963267948966, 2.0
1659, 15, 408, 123, 407, 124, 1, -1, -0.7853981633974483, 1.4142135623730951
1659, 16, 588, 330, 585, 330, 3, 0, 0.0, 3.0
1659, 24, 528, 135, 526, 134, 2, 1, 0.4636476090008061, 2.23606797749979
1659, 37, 446, 312, 446, 314, 0, -2, -1.5707963267948966, 2.0
1659, 40, 604, 334, 603, 333, 1, 1, 0.7853981633974483, 1.4142135623730951
1660, 2, 569, 175, 569, 173, 0, 2, 1.5707963267948966, 2.0
1660, 7, 224, 404, 223, 405, 1, -1, -0.7853981633974483, 1.4142135623730951
1660, 12, 583, 212, 582, 211, 1, 1, 0.7853981633974483, 1.4142135623730951
1660, 13, 615, 334, 613, 334, 2, 0, 0.0, 2.0
1660, 15, 407, 153, 406, 154, 1, -1, -0.7853981633974483, 1.4142135623730951
1660, 23, 590, 330, 587, 331, 3, -1, -0.3217505543966422, 3.1622776601683795
1660, 25, 358, 354, 357, 355, 1, -1, -0.7853981633974483, 1.4142135623730951
1660, 32, 468, 169, 469, 171, -1, -2, -2.0344439357957027, 2.23606797749979
1660, 33, 368, 289, 367, 291, 1, -2, -1.1071487177940904, 2.23606797749979
1660, 34, 447, 316, 447, 318, 0, -2, -1.5707963267948966, 2.0
1660, 35, 336, 336, 335, 337, 1, -1, -0.7853981633974483, 1.4142135623730951
1660, 36, 568, 216, 567, 214, 1, 2, 1.1071487177940904, 2.23606797749979
1660, 37, 407, 134, 406, 135, 1, -1, -0.7853981633974483, 1.4142135623730951
1660, 44, 397, 301, 398, 303, -1, -2, -2.0344439357957027, 2.23606797749979
1660, 45, 402, 350, 401, 352, 1, -2, -1.1071487177940904, 2.23606797749979
1660, 46, 605, 235, 604, 234, 1, 1, 0.7853981633974483, 1.4142135623730951
1660, 50, 432, 257, 433, 260, -1, -3, -1.892546881191539, 3.1622776601683795
1660, 51, 470, 130, 469, 131, 1, -1, -0.7853981633974483, 1.4142135623730951
1661, 0, 373, 281, 374, 283, -1, -2, -2.0344439357957027, 2.23606797749979
1661, 1, 430, 223, 431, 225, -1, -2, -2.0344439357957027, 2.23606797749979
1661, 2, 570, 176, 569, 175, 1, 1, 0.7853981633974483, 1.4142135623730951
1661, 6, 137, 349, 136, 350, 1, -1, -0.7853981633974483, 1.4142135623730951
1661, 16, 409, 126, 408, 127, 1, -1, -0.7853981633974483, 1.4142135623730951
1661, 17, 380, 210, 380, 212, 0, -2, -1.5707963267948966, 2.0
1661, 19, 594, 330, 590, 330, 4, 0, 0.0, 4.0
1661, 21, 360, 353, 358, 354, 2, -1, -0.4636476090008061, 2.23606797749979
1661, 28, 448, 315, 447, 316, 1, -1, -0.7853981633974483, 1.4142135623730951
1661, 30, 569, 218, 568, 216, 1, 2, 1.1071487177940904, 2.23606797749979
1661, 31, 408, 132, 407, 134, 1, -2, -1.1071487177940904, 2.23606797749979
1661, 37, 397, 299, 397, 301, 0, -2, -1.5707963267948966, 2.0
1661, 38, 402, 348, 402, 350, 0, -2, -1.5707963267948966, 2.0
1661, 43, 431, 254, 432, 257, -1, -3, -1.892546881191539, 3.1622776601683795
1661, 49, 559, 282, 560, 281, -1, 1, 2.356194490192345, 1.4142135623730951
1661, 54, 528, 138, 527, 135, 1, 3, 1.2490457723982544, 3.1622776601683795
1662, 1, 430, 221, 430, 223, 0, -2, -1.5707963267948966, 2.0
1662, 2, 571, 177, 570, 176, 1, 1, 0.7853981633974483, 1.4142135623730951
1662, 9, 584, 214, 583, 213, 1, 1, 0.7853981633974483, 1.4142135623730951
1662, 11, 408, 151, 407, 152, 1, -1, -0.7853981633974483, 1.4142135623730951
1662, 16, 380, 208, 380, 210, 0, -2, -1.5707963267948966, 2.0
1662, 18, 597, 330, 594, 330, 3, 0, 0.0, 3.0
1662, 20, 361, 352, 360, 353, 1, -1, -0.7853981633974483, 1.4142135623730951
1662, 21, 444, 254, 444, 256, 0, -2, -1.5707963267948966, 2.0
1662, 24, 440, 307, 440, 309, 0, -2, -1.5707963267948966, 2.0
1662, 26, 368, 286, 368, 288, 0, -2, -1.5707963267948966, 2.0
1662, 29, 570, 220, 569, 218, 1, 2, 1.1071487177940904, 2.23606797749979
1662, 30, 409, 131, 408, 132, 1, -1, -0.7853981633974483, 1.4142135623730951
1662, 36, 397, 297, 397, 299, 0, -2, -1.5707963267948966, 2.0
1662, 38, 606, 237, 605, 236, 1, 1, 0.7853981633974483, 1.4142135623730951
1662, 41, 506, 154, 505, 155, 1, -1, -0.7853981633974483, 1.4142135623730951
1662, 42, 431, 252, 431, 254, 0, -2, -1.5707963267948966, 2.0
1662, 51, 530, 141, 528, 138, 2, 3, 0.982793723247329, 3.605551275463989
1663, 2, 572, 178, 571, 177, 1, 1, 0.7853981633974483, 1.4142135623730951
1663, 10, 409, 149, 408, 151, 1, -2, -1.1071487177940904, 2.23606797749979
1663, 14, 410, 124, 409, 125, 1, -1, -0.7853981633974483, 1.4142135623730951
1663, 17, 600, 331, 597, 330, 3, 1, 0.3217505543966422, 3.1622776601683795
1663, 19, 361, 350, 361, 352, 0, -2, -1.5707963267948966, 2.0
1663, 23, 440, 305, 440, 307, 0, -2, -1.5707963267948966, 2.0
1663, 25, 369, 287, 368, 286, 1, 1, 0.7853981633974483, 1.4142135623730951
1663, 29, 410, 130, 409, 131, 1, -1, -0.7853981633974483, 1.4142135623730951
1663, 35, 396, 295, 397, 297, -1, -2, -2.0344439357957027, 2.23606797749979
1663, 37, 607, 238, 606, 237, 1, 1, 0.7853981633974483, 1.4142135623730951
1663, 41, 432, 248, 431, 252, 1, -4, -1.3258176636680326, 4.123105625617661
1663, 42, 472, 128, 471, 129, 1, -1, -0.7853981633974483, 1.4142135623730951
1663, 49, 533, 142, 530, 141, 3, 1, 0.3217505543966422, 3.1622776601683795
1664, 1, 574, 180, 572, 178, 2, 2, 0.7853981633974483, 2.8284271247461903
1664, 9, 409, 147, 409, 149, 0, -2, -1.5707963267948966, 2.0
1664, 14, 624, 264, 625, 263, -1, 1, 2.356194490192345, 1.4142135623730951
1664, 15, 602, 331, 600, 331, 2, 0, 0.0, 2.0
1664, 21, 441, 303, 440, 305, 1, -2, -1.1071487177940904, 2.23606797749979
1664, 23, 368, 285, 369, 287, -1, -2, -2.0344439357957027, 2.23606797749979
1664, 24, 449, 312, 448, 313, 1, -1, -0.7853981633974483, 1.4142135623730951
1664, 27, 411, 129, 410, 130, 1, -1, -0.7853981633974483, 1.4142135623730951
1664, 38, 507, 156, 506, 155, 1, 1, 0.7853981633974483, 1.4142135623730951
1664, 39, 434, 245, 432, 248, 2, -3, -0.982793723247329, 3.605551275463989
1664, 47, 534, 143, 533, 142, 1, 1, 0.7853981633974483, 1.4142135623730951
1665, 8, 573, 179, 572, 177, 1, 2, 1.1071487177940904, 2.23606797749979
1665, 17, 627, 266, 628, 265, -1, 1, 2.356194490192345, 1.4142135623730951
1665, 19, 449, 313, 449, 315, 0, -2, -1.5707963267948966, 2.0
1665, 23, 596, 338, 595, 337, 1, 1, 0.7853981633974483, 1.4142135623730951
1665, 30, 535, 206, 534, 205, 1, 1, 0.7853981633974483, 1.4142135623730951
1665, 31, 606, 285, 607, 284, -1, 1, 2.356194490192345, 1.4142135623730951
1665, 35, 227, 404, 226, 405, 1, -1, -0.7853981633974483, 1.4142135623730951
1665, 37, 397, 297, 398, 299, -1, -2, -2.0344439357957027, 2.23606797749979
1665, 42, 366, 345, 366, 347, 0, -2, -1.5707963267948966, 2.0
1665, 47, 618, 330, 617, 331, 1, -1, -0.7853981633974483, 1.4142135623730951
1665, 51, 503, 129, 502, 128, 1, 1, 0.7853981633974483, 1.4142135623730951
1665, 63, 385, 177, 385, 179, 0, -2, -1.5707963267948966, 2.0
1665, 64, 473, 129, 472, 130, 1, -1, -0.7853981633974483, 1.4142135623730951
1666, 6, 430, 221, 431, 223, -1, -2, -2.0344439357957027, 2.23606797749979
1666, 8, 574, 181, 573, 179, 1, 2, 1.1071487177940904, 2.23606797749979
1666, 17, 576, 212, 575, 211, 1, 1, 0.7853981633974483, 1.4142135623730951
1666, 32, 436, 154, 435, 155, 1, -1, -0.7853981633974483, 1.4142135623730951
1666, 43, 619, 329, 618, 330, 1, -1, -0.7853981633974483, 1.4142135623730951
1666, 45, 510, 168, 510, 166, 0, 2, 1.5707963267948966, 2.0
1666, 47, 504, 130, 503, 129, 1, 1, 0.7853981633974483, 1.4142135623730951
1666, 58, 436, 256, 437, 255, -1, 1, 2.356194490192345, 1.4142135623730951
1666, 62, 539, 149, 537, 148, 2, 1, 0.4636476090008061, 2.23606797749979
1666, 63, 548, 238, 547, 237, 1, 1, 0.7853981633974483, 1.4142135623730951
1666, 64, 599, 315, 600, 314, -1, 1, 2.356194490192345, 1.4142135623730951
1667, 8, 575, 182, 574, 181, 1, 1, 0.7853981633974483, 1.4142135623730951
1667, 17, 577, 213, 576, 212, 1, 1, 0.7853981633974483, 1.4142135623730951
1667, 32, 397, 294, 397, 296, 0, -2, -1.5707963267948966, 2.0
1667, 35, 367, 343, 366, 344, 1, -1, -0.7853981633974483, 1.4142135623730951
1667, 40, 620, 328, 619, 329, 1, -1, -0.7853981633974483, 1.4142135623730951
1667, 48, 222, 412, 221, 413, 1, -1, -0.7853981633974483, 1.4142135623730951
1667, 56, 385, 174, 385, 176, 0, -2, -1.5707963267948966, 2.0
1667, 57, 474, 127, 473, 128, 1, -1, -0.7853981633974483, 1.4142135623730951
1667, 59, 540, 150, 539, 149, 1, 1, 0.7853981633974483, 1.4142135623730951
1668, 5, 430, 218, 430, 220, 0, -2, -1.5707963267948966, 2.0
1668, 10, 412, 127, 411, 128, 1, -1, -0.7853981633974483, 1.4142135623730951
1668, 14, 578, 214, 577, 213, 1, 1, 0.7853981633974483, 1.4142135623730951
1668, 30, 368, 342, 367, 343, 1, -1, -0.7853981633974483, 1.4142135623730951
1668, 31, 204, 354, 206, 354, -2, 0, 3.141592653589793, 2.0
1668, 35, 621, 327, 620, 328, 1, -1, -0.7853981633974483, 1.4142135623730951
1668, 43, 223, 411, 222, 412, 1, -1, -0.7853981633974483, 1.4142135623730951
1668, 47, 461, 305, 461, 307, 0, -2, -1.5707963267948966, 2.0
1668, 54, 541, 151, 540, 150, 1, 1, 0.7853981633974483, 1.4142135623730951
1668, 55, 597, 316, 598, 315, -1, 1, 2.356194490192345, 1.4142135623730951
1669, 13, 579, 215, 578, 214, 1, 1, 0.7853981633974483, 1.4142135623730951
1669, 20, 537, 209, 536, 208, 1, 1, 0.7853981633974483, 1.4142135623730951
1669, 21, 602, 286, 603, 285, -1, 1, 2.356194490192345, 1.4142135623730951
1669, 24, 228, 401, 227, 402, 1, -1, -0.7853981633974483, 1.4142135623730951
1669, 26, 397, 291, 397, 293, 0, -2, -1.5707963267948966, 2.0
1669, 28, 369, 341, 368, 342, 1, -1, -0.7853981633974483, 1.4142135623730951
1669, 41, 224, 410, 223, 411, 1, -1, -0.7853981633974483, 1.4142135623730951
1669, 44, 461, 303, 461, 305, 0, -2, -1.5707963267948966, 2.0
1669, 48, 385, 171, 385, 173, 0, -2, -1.5707963267948966, 2.0
1670, 0, 376, 279, 376, 281, 0, -2, -1.5707963267948966, 2.0
1670, 13, 554, 246, 553, 244, 1, 2, 1.1071487177940904, 2.23606797749979
1670, 16, 215, 314, 215, 316, 0, -2, -1.5707963267948966, 2.0
1670, 19, 627, 269, 628, 268, -1, 1, 2.356194490192345, 1.4142135623730951
1670, 20, 416, 122, 415, 124, 1, -2, -1.1071487177940904, 2.23606797749979
1670, 29, 566, 183, 565, 182, 1, 1, 0.7853981633974483, 1.4142135623730951
1670, 38, 381, 206, 381, 208, 0, -2, -1.5707963267948966, 2.0
1670, 45, 565, 194, 563, 194, 2, 0, 0.0, 2.0
1670, 47, 440, 305, 440, 307, 0, -2, -1.5707963267948966, 2.0
1670, 54, 374, 209, 374, 211, 0, -2, -1.5707963267948966, 2.0
1670, 60, 555, 176, 555, 178, 0, -2, -1.5707963267948966, 2.0
1670, 62, 387, 176, 387, 178, 0, -2, -1.5707963267948966, 2.0
1670, 63, 275, 381, 274, 382, 1, -1, -0.7853981633974483, 1.4142135623730951
1670, 66, 393, 314, 393, 316, 0, -2, -1.5707963267948966, 2.0
1670, 67, 560, 257, 559, 256, 1, 1, 0.7853981633974483, 1.4142135623730951
1670, 68, 440, 206, 441, 208, -1, -2, -2.0344439357957027, 2.23606797749979
1670, 75, 293, 360, 292, 359, 1, 1, 0.7853981633974483, 1.4142135623730951
1670, 77, 418, 297, 418, 299, 0, -2, -1.5707963267948966, 2.0
1671, 2, 577, 185, 576, 183, 1, 2, 1.1071487177940904, 2.23606797749979
1671, 9, 554, 248, 554, 246, 0, 2, 1.5707963267948966, 2.0
1671, 13, 626, 270, 627, 269, -1, 1, 2.356194490192345, 1.4142135623730951
1671, 14, 417, 121, 416, 122, 1, -1, -0.7853981633974483, 1.4142135623730951
1671, 23, 567, 185, 566, 183, 1, 2, 1.1071487177940904, 2.23606797749979
1671, 39, 441, 304, 440, 305, 1, -1, -0.7853981633974483, 1.4142135623730951
1671, 46, 374, 207, 374, 209, 0, -2, -1.5707963267948966, 2.0
1671, 53, 275, 379, 275, 381, 0, -2, -1.5707963267948966, 2.0
1671, 56, 561, 258, 560, 257, 1, 1, 0.7853981633974483, 1.4142135623730951
1671, 57, 439, 204, 440, 206, -1, -2, -2.0344439357957027, 2.23606797749979
1671, 65, 418, 295, 418, 297, 0, -2, -1.5707963267948966, 2.0
1671, 66, 423, 156, 422, 157, 1, -1, -0.7853981633974483, 1.4142135623730951
1672, 9, 555, 250, 554, 248, 1, 2, 1.1071487177940904, 2.23606797749979
1672, 10, 588, 222, 587, 221, 1, 1, 0.7853981633974483, 1.4142135623730951
1672, 14, 418, 120, 417, 121, 1, -1, -0.7853981633974483, 1.4142135623730951
1672, 17, 227, 413, 226, 414, 1, -1, -0.7853981633974483, 1.4142135623730951
1672, 20, 401, 292, 401, 294, 0, -2, -1.5707963267948966, 2.0
1672, 21, 567, 187, 567, 185, 0, 2, 1.5707963267948966, 2.0
1672, 28, 380, 203, 381, 205, -1, -2, -2.0344439357957027, 2.23606797749979
1672, 31, 593, 345, 590, 344, 3, 1, 0.3217505543966422, 3.1622776601683795
1672, 34, 565, 192, 565, 194, 0, -2, -1.5707963267948966, 2.0
1672, 41, 374, 205, 374, 207, 0, -2, -1.5707963267948966, 2.0
1672, 44, 557, 179, 555, 175, 2, 4, 1.1071487177940904, 4.47213595499958
1672, 46, 387, 173, 387, 175, 0, -2, -1.5707963267948966, 2.0
1672, 51, 439, 202, 439, 204, 0, -2, -1.5707963267948966, 2.0
1672, 54, 446, 202, 447, 204, -1, -2, -2.0344439357957027, 2.23606797749979
1672, 56, 296, 360, 294, 360, 2, 0, 0.0, 2.0
1672, 59, 424, 155, 423, 156, 1, -1, -0.7853981633974483, 1.4142135623730951
1673, 2, 578, 188, 577, 186, 1, 2, 1.1071487177940904, 2.23606797749979
1673, 21, 568, 189, 567, 187, 1, 2, 1.1071487177940904, 2.23606797749979
1673, 28, 380, 201, 380, 203, 0, -2, -1.5707963267948966, 2.0
1673, 31, 595, 345, 593, 345, 2, 0, 0.0, 2.0
1673, 34, 563, 191, 565, 192, -2, -1, -2.677945044588987, 2.23606797749979
1673, 41, 374, 203, 374, 205, 0, -2, -1.5707963267948966, 2.0
1673, 43, 558, 180, 557, 179, 1, 1, 0.7853981633974483, 1.4142135623730951
1673, 45, 386, 171, 387, 173, -1, -2, -2.0344439357957027, 2.23606797749979
1673, 48, 393, 310, 393, 312, 0, -2, -1.5707963267948966, 2.0
1673, 58, 611, 268, 612, 267, -1, 1, 2.356194490192345, 1.4142135623730951
1674, 2, 579, 189, 578, 188, 1, 1, 0.7853981633974483, 1.4142135623730951
1674, 7, 411, 144, 410, 145, 1, -1, -0.7853981633974483, 1.4142135623730951
1674, 8, 553, 251, 554, 250, -1, 1, 2.356194490192345, 1.4142135623730951
1674, 9, 589, 224, 588, 223, 1, 1, 0.7853981633974483, 1.4142135623730951
1674, 13, 419, 118, 418, 119, 1, -1, -0.7853981633974483, 1.4142135623730951
1674, 14, 467, 136, 465, 136, 2, 0, 0.0, 2.0
1674, 16, 228, 411, 227, 412, 1, -1, -0.7853981633974483, 1.4142135623730951
1674, 25, 380, 199, 380, 201, 0, -2, -1.5707963267948966, 2.0
1674, 26, 226, 404, 224, 405, 2, -1, -0.4636476090008061, 2.23606797749979
1674, 27, 597, 346, 595, 345, 2, 1, 0.4636476090008061, 2.23606797749979
1674, 30, 562, 189, 563, 191, -1, -2, -2.0344439357957027, 2.23606797749979
1674, 37, 374, 201, 374, 203, 0, -2, -1.5707963267948966, 2.0
1674, 39, 562, 179, 558, 180, 4, -1, -0.24497866312686414, 4.123105625617661
1674, 40, 258, 362, 257, 363, 1, -1, -0.7853981633974483, 1.4142135623730951
1674, 41, 277, 377, 276, 378, 1, -1, -0.7853981633974483, 1.4142135623730951
1674, 44, 438, 199, 439, 201, -1, -2, -2.0344439357957027, 2.23606797749979
1674, 51, 423, 155, 424, 154, -1, 1, 2.356194490192345, 1.4142135623730951
1675, 0, 413, 344, 412, 345, 1, -1, -0.7853981633974483, 1.4142135623730951
1675, 4, 579, 188, 578, 187, 1, 1, 0.7853981633974483, 1.4142135623730951
1675, 8, 470, 138, 467, 138, 3, 0, 0.0, 3.0
1675, 17, 589, 225, 589, 223, 0, 2, 1.5707963267948966, 2.0
1675, 24, 380, 203, 380, 205, 0, -2, -1.5707963267948966, 2.0
1675, 25, 419, 120, 418, 122, 1, -2, -1.1071487177940904, 2.23606797749979
1675, 27, 564, 188, 564, 190, 0, -2, -1.5707963267948966, 2.0
1675, 29, 172, 361, 170, 361, 2, 0, 0.0, 2.0
1675, 33, 599, 347, 597, 346, 2, 1, 0.4636476090008061, 2.23606797749979
1675, 40, 612, 319, 612, 317, 0, 2, 1.5707963267948966, 2.0
1675, 41, 540, 151, 540, 153, 0, -2, -1.5707963267948966, 2.0
1675, 47, 478, 128, 477, 129, 1, -1, -0.7853981633974483, 1.4142135623730951
1675, 48, 456, 271, 459, 274, -3, -3, -2.356194490192345, 4.242640687119285
1675, 62, 365, 368, 364, 369, 1, -1, -0.7853981633974483, 1.4142135623730951
1675, 69, 449, 202, 449, 204, 0, -2, -1.5707963267948966, 2.0
1675, 71, 366, 297, 366, 299, 0, -2, -1.5707963267948966, 2.0
1675, 76, 615, 347, 613, 347, 2, 0, 0.0, 2.0
1675, 79, 542, 163, 540, 161, 2, 2, 0.7853981633974483, 2.8284271247461903
1676, 4, 579, 190, 579, 188, 0, 2, 1.5707963267948966, 2.0
1676, 8, 472, 138, 470, 138, 2, 0, 0.0, 2.0
1676, 11, 413, 146, 412, 147, 1, -1, -0.7853981633974483, 1.4142135623730951
1676, 17, 590, 226, 589, 225, 1, 1, 0.7853981633974483, 1.4142135623730951
1676, 18, 626, 333, 625, 334, 1, -1, -0.7853981633974483, 1.4142135623730951
1676, 24, 380, 201, 380, 203, 0, -2, -1.5707963267948966, 2.0
1676, 25, 420, 119, 419, 120, 1, -1, -0.7853981633974483, 1.4142135623730951
1676, 27, 563, 186, 564, 188, -1, -2, -2.0344439357957027, 2.23606797749979
1676, 29, 173, 362, 172, 361, 1, 1, 0.7853981633974483, 1.4142135623730951
1676, 30, 543, 220, 544, 219, -1, 1, 2.356194490192345, 1.4142135623730951
1676, 36, 604, 339, 602, 339, 2, 0, 0.0, 2.0
1676, 40, 613, 321, 612, 319, 1, 2, 1.1071487177940904, 2.23606797749979
1676, 47, 479, 127, 478, 128, 1, -1, -0.7853981633974483, 1.4142135623730951
1676, 50, 393, 309, 393, 311, 0, -2, -1.5707963267948966, 2.0
1676, 53, 537, 213, 537, 211, 0, 2, 1.5707963267948966, 2.0
1676, 56, 458, 301, 459, 300, -1, 1, 2.356194490192345, 1.4142135623730951
1676, 59, 458, 253, 459, 252, -1, 1, 2.356194490192345, 1.4142135623730951
1676, 60, 366, 367, 365, 368, 1, -1, -0.7853981633974483, 1.4142135623730951
1676, 68, 366, 295, 366, 297, 0, -2, -1.5707963267948966, 2.0
1676, 76, 543, 166, 542, 163, 1, 3, 1.2490457723982544, 3.1622776601683795
1677, 8, 474, 138, 472, 138, 2, 0, 0.0, 2.0
1677, 15, 591, 228, 590, 226, 1, 2, 1.1071487177940904, 2.23606797749979
1677, 16, 628, 333, 626, 333, 2, 0, 0.0, 2.0
1677, 22, 379, 199, 380, 201, -1, -2, -2.0344439357957027, 2.23606797749979
1677, 23, 421, 118, 420, 119, 1, -1, -0.7853981633974483, 1.4142135623730951
1677, 25, 561, 184, 563, 186, -2, -2, -2.356194490192345, 2.8284271247461903
1677, 28, 541, 221, 543, 220, -2, 1, 2.677945044588987, 2.23606797749979
1677, 31, 601, 346, 600, 347, 1, -1, -0.7853981633974483, 1.4142135623730951
1677, 34, 606, 339, 604, 339, 2, 0, 0.0, 2.0
1677, 36, 615, 323, 613, 321, 2, 2, 0.7853981633974483, 2.8284271247461903
1677, 37, 540, 148, 540, 150, 0, -2, -1.5707963267948966, 2.0
1677, 38, 228, 405, 227, 406, 1, -1, -0.7853981633974483, 1.4142135623730951
1677, 39, 234, 404, 233, 405, 1, -1, -0.7853981633974483, 1.4142135623730951
1677, 42, 480, 126, 479, 127, 1, -1, -0.7853981633974483, 1.4142135623730951
1677, 47, 537, 215, 537, 213, 0, 2, 1.5707963267948966, 2.0
1677, 48, 604, 286, 605, 285, -1, 1, 2.356194490192345, 1.4142135623730951
1677, 53, 367, 366, 366, 367, 1, -1, -0.7853981633974483, 1.4142135623730951
1677, 60, 512, 174, 512, 171, 0, 3, 1.5707963267948966, 3.0
1677, 61, 365, 293, 366, 295, -1, -2, -2.0344439357957027, 2.23606797749979
1677, 68, 544, 167, 543, 166, 1, 1, 0.7853981633974483, 1.4142135623730951
1678, 8, 476, 137, 474, 138, 2, -1, -0.4636476090008061, 2.23606797749979
1678, 10, 415, 142, 413, 145, 2, -3, -0.982793723247329, 3.605551275463989
1678, 22, 380, 196, 379, 199, 1, -3, -1.2490457723982544, 3.1622776601683795
1678, 23, 422, 117, 421, 118, 1, -1, -0.7853981633974483, 1.4142135623730951
1678, 25, 559, 182, 561, 184, -2, -2, -2.356194490192345, 2.8284271247461903
1678, 28, 539, 220, 541, 221, -2, -1, -2.677945044588987, 2.23606797749979
1678, 33, 394, 353, 393, 354, 1, -1, -0.7853981633974483, 1.4142135623730951
1678, 34, 608, 339, 606, 339, 2, 0, 0.0, 2.0
1678, 36, 616, 324, 615, 323, 1, 1, 0.7853981633974483, 1.4142135623730951
1678, 37, 541, 147, 540, 148, 1, -1, -0.7853981633974483, 1.4142135623730951
1678, 38, 229, 404, 228, 405, 1, -1, -0.7853981633974483, 1.4142135623730951
1678, 42, 481, 125, 480, 126, 1, -1, -0.7853981633974483, 1.4142135623730951
1678, 44, 277, 379, 276, 380, 1, -1, -0.7853981633974483, 1.4142135623730951
1678, 45, 537, 219, 537, 215, 0, 4, 1.5707963267948966, 4.0
1678, 47, 466, 161, 466, 165, 0, -4, -1.5707963267948966, 4.0
1678, 49, 121, 275, 119, 274, 2, 1, 0.4636476090008061, 2.23606797749979
1678, 50, 457, 255, 458, 254, -1, 1, 2.356194490192345, 1.4142135623730951
1678, 51, 368, 365, 367, 366, 1, -1, -0.7853981633974483, 1.4142135623730951
1678, 58, 513, 179, 512, 174, 1, 5, 1.373400766945016, 5.0990195135927845
1678, 66, 546, 166, 544, 167, 2, -1, -0.4636476090008061, 2.23606797749979
1679, 3, 580, 194, 579, 192, 1, 2, 1.1071487177940904, 2.23606797749979
1679, 6, 154, 234, 153, 235, 1, -1, -0.7853981633974483, 1.4142135623730951
1679, 7, 477, 135, 476, 137, 1, -2, -1.1071487177940904, 2.23606797749979
1679, 9, 415, 140, 415, 142, 0, -2, -1.5707963267948966, 2.0
1679, 12, 625, 272, 626, 271, -1, 1, 2.356194490192345, 1.4142135623730951
1679, 14, 592, 230, 591, 229, 1, 1, 0.7853981633974483, 1.4142135623730951
1679, 16, 203, 362, 204, 364, -1, -2, -2.0344439357957027, 2.23606797749979
1679, 17, 419, 315, 418, 316, 1, -1, -0.7853981633974483, 1.4142135623730951
1679, 21, 381, 193, 380, 196, 1, -3, -1.2490457723982544, 3.1622776601683795
1679, 22, 423, 116, 422, 117, 1, -1, -0.7853981633974483, 1.4142135623730951
1679, 27, 540, 222, 539, 220, 1, 2, 1.1071487177940904, 2.23606797749979
1679, 28, 634, 315, 632, 316, 2, -1, -0.4636476090008061, 2.23606797749979
1679, 36, 543, 147, 541, 147, 2, 0, 0.0, 2.0
1679, 37, 230, 402, 229, 404, 1, -2, -1.1071487177940904, 2.23606797749979
1679, 38, 235, 402, 234, 403, 1, -1, -0.7853981633974483, 1.4142135623730951
1679, 41, 481, 123, 481, 125, 0, -2, -1.5707963267948966, 2.0
1679, 44, 537, 221, 537, 219, 0, 2, 1.5707963267948966, 2.0
1679, 47, 456, 303, 457, 302, -1, 1, 2.356194490192345, 1.4142135623730951
1679, 56, 514, 183, 513, 179, 1, 4, 1.3258176636680326, 4.123105625617661
1679, 57, 365, 289, 365, 292, 0, -3, -1.5707963267948966, 3.0
1679, 61, 619, 345, 618, 347, 1, -2, -1.1071487177940904, 2.23606797749979
1679, 64, 547, 165, 546, 166, 1, -1, -0.7853981633974483, 1.4142135623730951
1680, 1, 415, 343, 414, 344, 1, -1, -0.7853981633974483, 1.4142135623730951
1680, 2, 432, 218, 432, 220, 0, -2, -1.5707963267948966, 2.0
1680, 12, 424, 120, 423, 121, 1, -1, -0.7853981633974483, 1.4142135623730951
1680, 13, 233, 413, 232, 414, 1, -1, -0.7853981633974483, 1.4142135623730951
1680, 15, 237, 403, 236, 404, 1, -1, -0.7853981633974483, 1.4142135623730951
1680, 19, 629, 337, 628, 338, 1, -1, -0.7853981633974483, 1.4142135623730951
1680, 36, 517, 182, 515, 178, 2, 4, 1.1071487177940904, 4.47213595499958
1680, 37, 380, 201, 380, 203, 0, -2, -1.5707963267948966, 2.0
1680, 43, 507, 131, 506, 132, 1, -1, -0.7853981633974483, 1.4142135623730951
1680, 52, 394, 310, 394, 312, 0, -2, -1.5707963267948966, 2.0
1680, 62, 460, 271, 458, 271, 2, 0, 0.0, 2.0
1680, 63, 562, 251, 560, 251, 2, 0, 0.0, 2.0
1680, 69, 388, 170, 388, 172, 0, -2, -1.5707963267948966, 2.0
1680, 71, 525, 177, 524, 176, 1, 1, 0.7853981633974483, 1.4142135623730951
1680, 79, 422, 179, 421, 181, 1, -2, -1.1071487177940904, 2.23606797749979
1680, 80, 569, 197, 567, 194, 2, 3, 0.982793723247329, 3.605551275463989
1681, 2, 582, 194, 582, 192, 0, 2, 1.5707963267948966, 2.0
1681, 11, 234, 412, 233, 413, 1, -1, -0.7853981633974483, 1.4142135623730951
1681, 12, 206, 365, 205, 366, 1, -1, -0.7853981633974483, 1.4142135623730951
1681, 17, 630, 338, 629, 337, 1, 1, 0.7853981633974483, 1.4142135623730951
1681, 20, 213, 357, 212, 358, 1, -1, -0.7853981633974483, 1.4142135623730951
1681, 24, 575, 199, 575, 197, 0, 2, 1.5707963267948966, 2.0
1681, 32, 520, 185, 517, 182, 3, 3, 0.7853981633974483, 4.242640687119285
1681, 70, 273, 378, 272, 379, 1, -1, -0.7853981633974483, 1.4142135623730951
1681, 72, 422, 177, 422, 179, 0, -2, -1.5707963267948966, 2.0
1682, 10, 425, 118, 424, 119, 1, -1, -0.7853981633974483, 1.4142135623730951
1682, 13, 239, 402, 238, 403, 1, -1, -0.7853981633974483, 1.4142135623730951
1682, 24, 576, 200, 575, 199, 1, 1, 0.7853981633974483, 1.4142135623730951
1682, 31, 522, 187, 520, 185, 2, 2, 0.7853981633974483, 2.8284271247461903
1682, 34, 473, 130, 472, 131, 1, -1, -0.7853981633974483, 1.4142135623730951
1682, 41, 367, 339, 366, 340, 1, -1, -0.7853981633974483, 1.4142135623730951
1682, 45, 154, 402, 153, 403, 1, -1, -0.7853981633974483, 1.4142135623730951
1682, 52, 458, 269, 460, 270, -2, -1, -2.677945044588987, 2.23606797749979
1682, 59, 387, 167, 388, 169, -1, -2, -2.0344439357957027, 2.23606797749979
1682, 62, 236, 363, 235, 364, 1, -1, -0.7853981633974483, 1.4142135623730951
1682, 67, 423, 176, 422, 177, 1, -1, -0.7853981633974483, 1.4142135623730951
1683, 9, 426, 117, 425, 118, 1, -1, -0.7853981633974483, 1.4142135623730951
1683, 21, 599, 341, 598, 342, 1, -1, -0.7853981633974483, 1.4142135623730951
1683, 29, 523, 188, 522, 187, 1, 1, 0.7853981633974483, 1.4142135623730951
1683, 32, 474, 129, 473, 130, 1, -1, -0.7853981633974483, 1.4142135623730951
1683, 47, 438, 248, 438, 250, 0, -2, -1.5707963267948966, 2.0
1683, 49, 457, 265, 458, 269, -1, -4, -1.8157749899217608, 4.123105625617661
1683, 55, 387, 165, 387, 167, 0, -2, -1.5707963267948966, 2.0
1683, 56, 526, 181, 525, 179, 1, 2, 1.1071487177940904, 2.23606797749979
1683, 60, 275, 377, 274, 378, 1, -1, -0.7853981633974483, 1.4142135623730951
1684, 0, 380, 273, 379, 274, 1, -1, -0.7853981633974483, 1.4142135623730951
1684, 2, 582, 198, 582, 196, 0, 2, 1.5707963267948966, 2.0
1684, 15, 633, 337, 632, 338, 1, -1, -0.7853981633974483, 1.4142135623730951
1684, 20, 601, 341, 599, 341, 2, 0, 0.0, 2.0
1684, 21, 577, 202, 576, 201, 1, 1, 0.7853981633974483, 1.4142135623730951
1684, 28, 524, 189, 523, 188, 1, 1, 0.7853981633974483, 1.4142135623730951
1684, 31, 475, 128, 474, 129, 1, -1, -0.7853981633974483, 1.4142135623730951
1684, 33, 509, 127, 507, 128, 2, -1, -0.4636476090008061, 2.23606797749979
1684, 35, 191, 211, 191, 213, 0, -2, -1.5707963267948966, 2.0
1684, 36, 194, 275, 193, 276, 1, -1, -0.7853981633974483, 1.4142135623730951
1684, 38, 368, 337, 367, 338, 1, -1, -0.7853981633974483, 1.4142135623730951
1684, 47, 457, 261, 457, 265, 0, -4, -1.5707963267948966, 4.0
1684, 48, 563, 249, 562, 250, 1, -1, -0.7853981633974483, 1.4142135623730951
1684, 53, 387, 163, 387, 165, 0, -2, -1.5707963267948966, 2.0
1685, 4, 584, 197, 583, 196, 1, 1, 0.7853981633974483, 1.4142135623730951
1685, 8, 416, 143, 416, 145, 0, -2, -1.5707963267948966, 2.0
1685, 11, 426, 118, 425, 119, 1, -1, -0.7853981633974483, 1.4142135623730951
1685, 17, 475, 132, 474, 133, 1, -1, -0.7853981633974483, 1.4142135623730951
1685, 23, 395, 310, 394, 311, 1, -1, -0.7853981633974483, 1.4142135623730951
1685, 31, 603, 340, 600, 342, 3, -2, -0.5880026035475675, 3.605551275463989
1685, 40, 470, 128, 467, 128, 3, 0, 0.0, 3.0
1685, 43, 633, 334, 632, 335, 1, -1, -0.7853981633974483, 1.4142135623730951
1686, 0, 380, 275, 380, 277, 0, -2, -1.5707963267948966, 2.0
1686, 9, 310, 298, 311, 297, -1, 1, 2.356194490192345, 1.4142135623730951
1686, 10, 427, 117, 426, 118, 1, -1, -0.7853981633974483, 1.4142135623730951
1686, 11, 604, 293, 605, 292, -1, 1, 2.356194490192345, 1.4142135623730951
1686, 24, 510, 129, 508, 128, 2, 1, 0.4636476090008061, 2.23606797749979
1686, 28, 605, 340, 603, 340, 2, 0, 0.0, 2.0
1686, 29, 560, 294, 561, 293, -1, 1, 2.356194490192345, 1.4142135623730951
1686, 36, 471, 127, 470, 128, 1, -1, -0.7853981633974483, 1.4142135623730951
1686, 39, 635, 333, 633, 334, 2, -1, -0.4636476090008061, 2.23606797749979
1686, 56, 523, 187, 522, 186, 1, 1, 0.7853981633974483, 1.4142135623730951
1687, 3, 585, 199, 584, 198, 1, 1, 0.7853981633974483, 1.4142135623730951
1687, 15, 381, 197, 381, 199, 0, -2, -1.5707963267948966, 2.0
1687, 22, 510, 131, 510, 129, 0, 2, 1.5707963267948966, 2.0
1687, 25, 609, 339, 605, 340, 4, -1, -0.24497866312686414, 4.123105625617661
1687, 32, 472, 126, 471, 127, 1, -1, -0.7853981633974483, 1.4142135623730951
1687, 51, 524, 188, 523, 187, 1, 1, 0.7853981633974483, 1.4142135623730951
1688, 7, 428, 116, 427, 117, 1, -1, -0.7853981633974483, 1.4142135623730951
1688, 8, 603, 294, 604, 293, -1, 1, 2.356194490192345, 1.4142135623730951
1688, 10, 624, 278, 625, 275, -1, 3, 1.892546881191539, 3.1622776601683795
1688, 12, 477, 130, 476, 131, 1, -1, -0.7853981633974483, 1.4142135623730951
1688, 13, 446, 301, 445, 302, 1, -1, -0.7853981633974483, 1.4142135623730951
1688, 16, 237, 412, 236, 413, 1, -1, -0.7853981633974483, 1.4142135623730951
1688, 17, 395, 306, 395, 308, 0, -2, -1.5707963267948966, 2.0
1688, 20, 512, 133, 510, 131, 2, 2, 0.7853981633974483, 2.8284271247461903
1688, 23, 613, 338, 609, 339, 4, -1, -0.24497866312686414, 4.123105625617661
1688, 24, 559, 296, 560, 295, -1, 1, 2.356194490192345, 1.4142135623730951
1688, 29, 473, 125, 472, 126, 1, -1, -0.7853981633974483, 1.4142135623730951
1688, 47, 408, 339, 407, 340, 1, -1, -0.7853981633974483, 1.4142135623730951
1688, 48, 524, 190, 524, 188, 0, 2, 1.5707963267948966, 2.0
1689, 3, 586, 202, 585, 200, 1, 2, 1.1071487177940904, 2.23606797749979
1689, 20, 513, 132, 512, 133, 1, -1, -0.7853981633974483, 1.4142135623730951
1689, 23, 617, 337, 613, 338, 4, -1, -0.24497866312686414, 4.123105625617661
1689, 25, 575, 205, 575, 203, 0, 2, 1.5707963267948966, 2.0
1689, 28, 474, 124, 473, 125, 1, -1, -0.7853981633974483, 1.4142135623730951
1689, 34, 328, 368, 327, 369, 1, -1, -0.7853981633974483, 1.4142135623730951
1689, 41, 614, 345, 612, 345, 2, 0, 0.0, 2.0
1690, 1, 431, 215, 432, 217, -1, -2, -2.0344439357957027, 2.23606797749979
1690, 2, 382, 274, 382, 276, 0, -2, -1.5707963267948966, 2.0
1690, 5, 588, 202, 586, 201, 2, 1, 0.4636476090008061, 2.23606797749979
1690, 11, 613, 341, 611, 341, 2, 0, 0.0, 2.0
1690, 16, 430, 117, 429, 118, 1, -1, -0.7853981633974483, 1.4142135623730951
1690, 18, 377, 279, 376, 281, 1, -2, -1.1071487177940904, 2.23606797749979
1690, 26, 374, 343, 373, 344, 1, -1, -0.7853981633974483, 1.4142135623730951
1690, 27, 431, 154, 431, 156, 0, -2, -1.5707963267948966, 2.0
1690, 35, 381, 196, 382, 198, -1, -2, -2.0344439357957027, 2.23606797749979
1691, 4, 589, 203, 588, 202, 1, 1, 0.7853981633974483, 1.4142135623730951
1691, 10, 616, 341, 613, 341, 3, 0, 0.0, 3.0
1691, 14, 344, 336, 343, 337, 1, -1, -0.7853981633974483, 1.4142135623730951
1691, 15, 431, 116, 430, 117, 1, -1, -0.7853981633974483, 1.4142135623730951
1691, 25, 375, 341, 374, 343, 1, -2, -1.1071487177940904, 2.23606797749979
1691, 36, 565, 258, 566, 256, -1, 2, 2.0344439357957027, 2.23606797749979
1691, 38, 250, 390, 249, 391, 1, -1, -0.7853981633974483, 1.4142135623730951
1692, 1, 431, 212, 431, 214, 0, -2, -1.5707963267948966, 2.0
1692, 2, 418, 341, 417, 342, 1, -1, -0.7853981633974483, 1.4142135623730951
1692, 13, 344, 334, 344, 336, 0, -2, -1.5707963267948966, 2.0
1692, 21, 606, 297, 605, 294, 1, 3, 1.2490457723982544, 3.1622776601683795
1692, 22, 376, 339, 375, 341, 1, -2, -1.1071487177940904, 2.23606797749979
1692, 28, 579, 208, 578, 207, 1, 1, 0.7853981633974483, 1.4142135623730951
1692, 30, 381, 193, 381, 195, 0, -2, -1.5707963267948966, 2.0
1692, 33, 568, 258, 565, 258, 3, 0, 0.0, 3.0
1692, 35, 250, 388, 250, 390, 0, -2, -1.5707963267948966, 2.0
1693, 1, 430, 210, 431, 212, -1, -2, -2.0344439357957027, 2.23606797749979
1693, 12, 345, 333, 344, 334, 1, -1, -0.7853981633974483, 1.4142135623730951
1693, 21, 376, 337, 376, 339, 0, -2, -1.5707963267948966, 2.0
1693, 22, 430, 150, 431, 152, -1, -2, -2.0344439357957027, 2.23606797749979
1693, 30, 255, 313, 253, 314, 2, -1, -0.4636476090008061, 2.23606797749979
1694, 1, 430, 208, 430, 210, 0, -2, -1.5707963267948966, 2.0
1694, 2, 590, 206, 589, 205, 1, 1, 0.7853981633974483, 1.4142135623730951
1694, 10, 167, 371, 167, 373, 0, -2, -1.5707963267948966, 2.0
1694, 12, 597, 240, 595, 239, 2, 1, 0.4636476090008061, 2.23606797749979
1694, 20, 377, 336, 376, 337, 1, -1, -0.7853981633974483, 1.4142135623730951
1694, 27, 380, 188, 381, 192, -1, -4, -1.8157749899217608, 4.123105625617661
1694, 33, 151, 407, 150, 410, 1, -3, -1.2490457723982544, 3.1622776601683795
1695, 4, 381, 269, 381, 271, 0, -2, -1.5707963267948966, 2.0
1695, 5, 591, 206, 590, 205, 1, 1, 0.7853981633974483, 1.4142135623730951
1695, 6, 418, 138, 418, 140, 0, -2, -1.5707963267948966, 2.0
1695, 13, 607, 299, 608, 298, -1, 1, 2.356194490192345, 1.4142135623730951
1695, 14, 433, 116, 432, 117, 1, -1, -0.7853981633974483, 1.4142135623730951
1695, 45, 425, 124, 423, 125, 2, -1, -0.4636476090008061, 2.23606797749979
1695, 50, 380, 333, 380, 335, 0, -2, -1.5707963267948966, 2.0
1695, 58, 548, 222, 545, 220, 3, 2, 0.5880026035475675, 3.605551275463989
1695, 59, 215, 406, 214, 407, 1, -1, -0.7853981633974483, 1.4142135623730951
1696, 12, 606, 300, 607, 299, -1, 1, 2.356194490192345, 1.4142135623730951
1696, 13, 434, 115, 433, 116, 1, -1, -0.7853981633974483, 1.4142135623730951
1696, 16, 241, 413, 240, 414, 1, -1, -0.7853981633974483, 1.4142135623730951
1696, 18, 346, 333, 345, 335, 1, -2, -1.1071487177940904, 2.23606797749979
1696, 22, 404, 281, 404, 283, 0, -2, -1.5707963267948966, 2.0
1696, 38, 396, 303, 396, 305, 0, -2, -1.5707963267948966, 2.0
1696, 45, 381, 332, 380, 333, 1, -1, -0.7853981633974483, 1.4142135623730951
1696, 46, 429, 149, 429, 151, 0, -2, -1.5707963267948966, 2.0
1696, 47, 369, 368, 368, 369, 1, -1, -0.7853981633974483, 1.4142135623730951
1696, 52, 550, 224, 548, 222, 2, 2, 0.7853981633974483, 2.8284271247461903
1697, 9, 605, 301, 606, 300, -1, 1, 2.356194490192345, 1.4142135623730951
1697, 19, 404, 279, 404, 281, 0, -2, -1.5707963267948966, 2.0
1697, 38, 523, 191, 523, 189, 0, 2, 1.5707963267948966, 2.0
1697, 40, 381, 330, 381, 332, 0, -2, -1.5707963267948966, 2.0
1697, 42, 371, 367, 369, 368, 2, -1, -0.4636476090008061, 2.23606797749979
1697, 46, 218, 406, 216, 406, 2, 0, 0.0, 2.0
1698, 3, 380, 265, 381, 267, -1, -2, -2.0344439357957027, 2.23606797749979
1698, 4, 592, 209, 591, 208, 1, 1, 0.7853981633974483, 1.4142135623730951
1698, 14, 310, 304, 311, 303, -1, 1, 2.356194490192345, 1.4142135623730951
1698, 16, 478, 133, 477, 132, 1, 1, 0.7853981633974483, 1.4142135623730951
1698, 29, 612, 352, 610, 351, 2, 1, 0.4636476090008061, 2.23606797749979
1698, 34, 396, 301, 396, 303, 0, -2, -1.5707963267948966, 2.0
1698, 38, 524, 194, 523, 191, 1, 3, 1.2490457723982544, 3.1622776601683795
1698, 39, 152, 408, 151, 409, 1, -1, -0.7853981633974483, 1.4142135623730951
1698, 40, 381, 328, 381, 330, 0, -2, -1.5707963267948966, 2.0
1698, 41, 430, 146, 429, 148, 1, -2, -1.1071487177940904, 2.23606797749979
1698, 42, 373, 366, 371, 367, 2, -1, -0.4636476090008061, 2.23606797749979
1698, 45, 550, 227, 550, 225, 0, 2, 1.5707963267948966, 2.0
1699, 0, 418, 338, 417, 339, 1, -1, -0.7853981633974483, 1.4142135623730951
1699, 9, 604, 303, 605, 302, -1, 1, 2.356194490192345, 1.4142135623730951
1699, 14, 481, 133, 478, 133, 3, 0, 0.0, 3.0
1699, 20, 113, 353, 112, 354, 1, -1, -0.7853981633974483, 1.4142135623730951
1699, 27, 615, 351, 612, 352, 3, -1, -0.3217505543966422, 3.1622776601683795
1699, 36, 525, 198, 524, 194, 1, 4, 1.3258176636680326, 4.123105625617661
1699, 38, 382, 326, 381, 328, 1, -2, -1.1071487177940904, 2.23606797749979
1699, 39, 375, 364, 373, 366, 2, -2, -0.7853981633974483, 2.8284271247461903
1700, 1, 383, 269, 383, 271, 0, -2, -1.5707963267948966, 2.0
1700, 5, 592, 210, 591, 209, 1, 1, 0.7853981633974483, 1.4142135623730951
1700, 11, 436, 117, 435, 118, 1, -1, -0.7853981633974483, 1.4142135623730951
1700, 12, 482, 137, 480, 136, 2, 1, 0.4636476090008061, 2.23606797749979
1700, 18, 618, 353, 615, 353, 3, 0, 0.0, 3.0
1700, 19, 557, 237, 556, 236, 1, 1, 0.7853981633974483, 1.4142135623730951
1700, 25, 581, 210, 580, 209, 1, 1, 0.7853981633974483, 1.4142135623730951
1700, 29, 559, 259, 558, 258, 1, 1, 0.7853981633974483, 1.4142135623730951
1700, 32, 527, 199, 525, 196, 2, 3, 0.982793723247329, 3.605551275463989
1700, 41, 405, 279, 405, 282, 0, -3, -1.5707963267948966, 3.0
1700, 42, 382, 326, 381, 328, 1, -2, -1.1071487177940904, 2.23606797749979
1700, 43, 383, 191, 383, 193, 0, -2, -1.5707963267948966, 2.0
1700, 46, 461, 288, 458, 292, 3, -4, -0.9272952180016122, 5.0
1700, 60, 334, 370, 333, 371, 1, -1, -0.7853981633974483, 1.4142135623730951
1700, 61, 375, 364, 373, 366, 2, -2, -0.7853981633974483, 2.8284271247461903
1700, 67, 494, 108, 493, 109, 1, -1, -0.7853981633974483, 1.4142135623730951
1701, 6, 624, 346, 622, 347, 2, -1, -0.4636476090008061, 2.23606797749979
1701, 9, 485, 138, 482, 137, 3, 1, 0.3217505543966422, 3.1622776601683795
1701, 13, 597, 245, 598, 244, -1, 1, 2.356194490192345, 1.4142135623730951
1701, 15, 620, 353, 618, 353, 2, 0, 0.0, 2.0
1701, 16, 558, 239, 557, 237, 1, 2, 1.1071487177940904, 2.23606797749979
1701, 28, 529, 202, 527, 199, 2, 3, 0.982793723247329, 3.605551275463989
1701, 35, 583, 249, 584, 248, -1, 1, 2.356194490192345, 1.4142135623730951
1701, 40, 399, 301, 399, 303, 0, -2, -1.5707963267948966, 2.0
1701, 42, 242, 406, 241, 407, 1, -1, -0.7853981633974483, 1.4142135623730951
1701, 55, 335, 369, 334, 370, 1, -1, -0.7853981633974483, 1.4142135623730951
1701, 56, 376, 362, 375, 364, 1, -2, -1.1071487177940904, 2.23606797749979
1701, 59, 419, 322, 420, 324, -1, -2, -2.0344439357957027, 2.23606797749979
1701, 60, 621, 327, 620, 326, 1, 1, 0.7853981633974483, 1.4142135623730951
1701, 62, 496, 108, 494, 108, 2, 0, 0.0, 2.0
1702, 0, 308, 275, 307, 276, 1, -1, -0.7853981633974483, 1.4142135623730951
1702, 3, 593, 213, 592, 211, 1, 2, 1.1071487177940904, 2.23606797749979
1702, 6, 625, 345, 624, 346, 1, -1, -0.7853981633974483, 1.4142135623730951
1702, 8, 437, 115, 436, 116, 1, -1, -0.7853981633974483, 1.4142135623730951
1702, 9, 488, 139, 485, 138, 3, 1, 0.3217505543966422, 3.1622776601683795
1702, 15, 622, 353, 620, 353, 2, 0, 0.0, 2.0
1702, 16, 559, 240, 558, 239, 1, 1, 0.7853981633974483, 1.4142135623730951
1702, 28, 530, 203, 529, 202, 1, 1, 0.7853981633974483, 1.4142135623730951
1702, 33, 426, 117, 425, 118, 1, -1, -0.7853981633974483, 1.4142135623730951
1702, 38, 382, 323, 382, 325, 0, -2, -1.5707963267948966, 2.0
1702, 40, 399, 299, 399, 301, 0, -2, -1.5707963267948966, 2.0
1702, 41, 460, 290, 461, 289, -1, 1, 2.356194490192345, 1.4142135623730951
1702, 58, 622, 329, 621, 327, 1, 2, 1.1071487177940904, 2.23606797749979
1703, 0, 307, 276, 308, 275, -1, 1, 2.356194490192345, 1.4142135623730951
1703, 2, 420, 337, 419, 338, 1, -1, -0.7853981633974483, 1.4142135623730951
1703, 8, 491, 140, 488, 139, 3, 1, 0.3217505543966422, 3.1622776601683795
1703, 13, 623, 352, 622, 353, 1, -1, -0.7853981633974483, 1.4142135623730951
1703, 17, 588, 241, 587, 240, 1, 1, 0.7853981633974483, 1.4142135623730951
1703, 20, 582, 214, 581, 212, 1, 2, 1.1071487177940904, 2.23606797749979
1703, 23, 558, 261, 559, 260, -1, 1, 2.356194490192345, 1.4142135623730951
1703, 31, 427, 116, 426, 117, 1, -1, -0.7853981633974483, 1.4142135623730951
1703, 35, 382, 321, 382, 323, 0, -2, -1.5707963267948966, 2.0
1703, 36, 155, 410, 154, 411, 1, -1, -0.7853981633974483, 1.4142135623730951
1703, 38, 243, 404, 242, 405, 1, -1, -0.7853981633974483, 1.4142135623730951
1703, 43, 562, 305, 563, 304, -1, 1, 2.356194490192345, 1.4142135623730951
1703, 45, 336, 367, 335, 368, 1, -1, -0.7853981633974483, 1.4142135623730951
1703, 49, 624, 330, 622, 329, 2, 1, 0.4636476090008061, 2.23606797749979
1703, 50, 215, 263, 216, 262, -1, 1, 2.356194490192345, 1.4142135623730951
1703, 51, 499, 108, 497, 108, 2, 0, 0.0, 2.0
1704, 1, 279, 355, 278, 356, 1, -1, -0.7853981633974483, 1.4142135623730951
1704, 2, 594, 216, 593, 214, 1, 2, 1.1071487177940904, 2.23606797749979
1704, 4, 629, 344, 626, 345, 3, -1, -0.3217505543966422, 3.1622776601683795
1704, 5, 438, 113, 437, 114, 1, -1, -0.7853981633974483, 1.4142135623730951
1704, 6, 493, 141, 491, 140, 2, 1, 0.4636476090008061, 2.23606797749979
1704, 17, 583, 215, 582, 214, 1, 1, 0.7853981633974483, 1.4142135623730951
1704, 21, 530, 204, 531, 203, -1, 1, 2.356194490192345, 1.4142135623730951
1704, 32, 245, 404, 243, 404, 2, 0, 0.0, 2.0
1704, 42, 419, 319, 419, 321, 0, -2, -1.5707963267948966, 2.0
1704, 45, 500, 109, 499, 108, 1, 1, 0.7853981633974483, 1.4142135623730951
1705, 4, 422, 338, 421, 339, 1, -1, -0.7853981633974483, 1.4142135623730951
1705, 18, 436, 247, 437, 249, -1, -2, -2.0344439357957027, 2.23606797749979
1705, 22, 433, 123, 433, 125, 0, -2, -1.5707963267948966, 2.0
1705, 24, 492, 139, 490, 139, 2, 0, 0.0, 2.0
1705, 28, 245, 401, 244, 402, 1, -1, -0.7853981633974483, 1.4142135623730951
1705, 34, 435, 147, 434, 148, 1, -1, -0.7853981633974483, 1.4142135623730951
1705, 37, 583, 214, 582, 213, 1, 1, 0.7853981633974483, 1.4142135623730951
1705, 46, 383, 188, 383, 190, 0, -2, -1.5707963267948966, 2.0
1705, 62, 459, 270, 460, 269, -1, 1, 2.356194490192345, 1.4142135623730951
1705, 65, 560, 264, 561, 263, -1, 1, 2.356194490192345, 1.4142135623730951
1706, 5, 596, 217, 595, 215, 1, 2, 1.1071487177940904, 2.23606797749979
1706, 17, 436, 245, 436, 247, 0, -2, -1.5707963267948966, 2.0
1706, 20, 439, 114, 438, 115, 1, -1, -0.7853981633974483, 1.4142135623730951
1706, 27, 349, 333, 349, 335, 0, -2, -1.5707963267948966, 2.0
1706, 33, 584, 215, 583, 214, 1, 1, 0.7853981633974483, 1.4142135623730951
1706, 40, 458, 296, 459, 295, -1, 1, 2.356194490192345, 1.4142135623730951
1706, 46, 534, 207, 533, 206, 1, 1, 0.7853981633974483, 1.4142135623730951
1706, 50, 552, 235, 553, 234, -1, 1, 2.356194490192345, 1.4142135623730951
1706, 57, 558, 264, 560, 264, -2, 0, 3.141592653589793, 2.0
1707, 5, 597, 218, 596, 217, 1, 1, 0.7853981633974483, 1.4142135623730951
1707, 20, 440, 113, 439, 114, 1, -1, -0.7853981633974483, 1.4142135623730951
1707, 32, 584, 217, 584, 215, 0, 2, 1.5707963267948966, 2.0
1707, 39, 590, 322, 589, 321, 1, 1, 0.7853981633974483, 1.4142135623730951
1707, 46, 552, 237, 552, 235, 0, 2, 1.5707963267948966, 2.0
1707, 54, 478, 139, 477, 140, 1, -1, -0.7853981633974483, 1.4142135623730951
1708, 0, 306, 276, 307, 275, -1, 1, 2.356194490192345, 1.4142135623730951
1708, 4, 423, 335, 422, 336, 1, -1, -0.7853981633974483, 1.4142135623730951
1708, 5, 598, 220, 597, 218, 1, 2, 1.1071487177940904, 2.23606797749979
1708, 7, 433, 207, 432, 209, 1, -2, -1.1071487177940904, 2.23606797749979
1708, 30, 585, 216, 584, 217, 1, -1, -0.7853981633974483, 1.4142135623730951
1708, 36, 458, 299, 458, 297, 0, 2, 1.5707963267948966, 2.0
1708, 39, 535, 209, 534, 208, 1, 1, 0.7853981633974483, 1.4142135623730951
1708, 43, 552, 239, 552, 237, 0, 2, 1.5707963267948966, 2.0
1708, 48, 458, 273, 459, 272, -1, 1, 2.356194490192345, 1.4142135623730951
1708, 50, 555, 263, 557, 264, -2, -1, -2.677945044588987, 2.23606797749979
1709, 2, 283, 356, 282, 357, 1, -1, -0.7853981633974483, 1.4142135623730951
1709, 3, 424, 334, 423, 335, 1, -1, -0.7853981633974483, 1.4142135623730951
1709, 18, 441, 111, 440, 112, 1, -1, -0.7853981633974483, 1.4142135623730951
1709, 28, 587, 245, 588, 244, -1, 1, 2.356194490192345, 1.4142135623730951
1709, 33, 457, 300, 458, 299, -1, 1, 2.356194490192345, 1.4142135623730951
1709, 36, 536, 210, 535, 209, 1, 1, 0.7853981633974483, 1.4142135623730951
1709, 38, 564, 228, 562, 227, 2, 1, 0.4636476090008061, 2.23606797749979
1709, 39, 554, 241, 552, 239, 2, 2, 0.7853981633974483, 2.8284271247461903
1709, 44, 457, 275, 458, 273, -1, 2, 2.0344439357957027, 2.23606797749979
1709, 47, 479, 137, 478, 138, 1, -1, -0.7853981633974483, 1.4142135623730951
1710, 17, 363, 345, 362, 347, 1, -2, -1.1071487177940904, 2.23606797749979
1710, 20, 495, 136, 494, 135, 1, 1, 0.7853981633974483, 1.4142135623730951
1710, 27, 383, 185, 383, 187, 0, -2, -1.5707963267948966, 2.0
1710, 32, 539, 207, 538, 205, 1, 2, 1.1071487177940904, 2.23606797749979
1710, 46, 622, 321, 624, 321, -2, 0, 3.141592653589793, 2.0
1710, 52, 179, 366, 178, 367, 1, -1, -0.7853981633974483, 1.4142135623730951
1710, 54, 185, 348, 186, 347, -1, 1, 2.356194490192345, 1.4142135623730951
1711, 22, 139, 277, 138, 279, 1, -2, -1.1071487177940904, 2.23606797749979
1711, 24, 382, 183, 383, 185, -1, -2, -2.0344439357957027, 2.23606797749979
1711, 26, 406, 276, 406, 278, 0, -2, -1.5707963267948966, 2.0
1711, 29, 540, 209, 539, 207, 1, 2, 1.1071487177940904, 2.23606797749979
1711, 30, 253, 403, 252, 404, 1, -1, -0.7853981633974483, 1.4142135623730951
1711, 41, 505, 132, 504, 131, 1, 1, 0.7853981633974483, 1.4142135623730951
1711, 46, 181, 366, 179, 366, 2, 0, 0.0, 2.0
1712, 14, 364, 343, 363, 344, 1, -1, -0.7853981633974483, 1.4142135623730951
1712, 24, 406, 274, 406, 276, 0, -2, -1.5707963267948966, 2.0
1712, 26, 605, 308, 606, 307, -1, 1, 2.356194490192345, 1.4142135623730951
1712, 34, 308, 252, 307, 253, 1, -1, -0.7853981633974483, 1.4142135623730951
1713, 3, 598, 222, 599, 221, -1, 1, 2.356194490192345, 1.4142135623730951
1713, 7, 352, 329, 351, 331, 1, -2, -1.1071487177940904, 2.23606797749979
1713, 13, 442, 111, 441, 112, 1, -1, -0.7853981633974483, 1.4142135623730951
1713, 20, 381, 180, 382, 182, -1, -2, -2.0344439357957027, 2.23606797749979
1713, 22, 632, 351, 630, 351, 2, 0, 0.0, 2.0
1713, 24, 541, 212, 540, 210, 1, 2, 1.1071487177940904, 2.23606797749979
1713, 32, 291, 378, 290, 379, 1, -1, -0.7853981633974483, 1.4142135623730951
1713, 33, 385, 319, 384, 320, 1, -1, -0.7853981633974483, 1.4142135623730951
1714, 2, 599, 223, 598, 222, 1, 1, 0.7853981633974483, 1.4142135623730951
1714, 9, 365, 340, 364, 342, 1, -2, -1.1071487177940904, 2.23606797749979
1714, 10, 443, 110, 442, 111, 1, -1, -0.7853981633974483, 1.4142135623730951
1714, 11, 499, 137, 498, 136, 1, 1, 0.7853981633974483, 1.4142135623730951
1714, 14, 175, 371, 173, 373, 2, -2, -0.7853981633974483, 2.8284271247461903
1714, 17, 381, 178, 381, 180, 0, -2, -1.5707963267948966, 2.0
1714, 19, 634, 350, 632, 351, 2, -1, -0.4636476090008061, 2.23606797749979
1714, 21, 542, 213, 541, 212, 1, 1, 0.7853981633974483, 1.4142135623730951
1714, 28, 386, 317, 385, 319, 1, -2, -1.1071487177940904, 2.23606797749979
1714, 29, 508, 133, 506, 133, 2, 0, 0.0, 2.0
1714, 33, 182, 367, 183, 366, -1, 1, 2.356194490192345, 1.4142135623730951
1715, 2, 433, 207, 434, 209, -1, -2, -2.0344439357957027, 2.23606797749979
1715, 12, 423, 134, 422, 135, 1, -1, -0.7853981633974483, 1.4142135623730951
1715, 15, 445, 113, 444, 114, 1, -1, -0.7853981633974483, 1.4142135623730951
1715, 16, 382, 182, 382, 184, 0, -2, -1.5707963267948966, 2.0
1715, 32, 635, 351, 633, 351, 2, 0, 0.0, 2.0
1715, 34, 509, 134, 508, 133, 1, 1, 0.7853981633974483, 1.4142135623730951
1715, 39, 491, 132, 490, 133, 1, -1, -0.7853981633974483, 1.4142135623730951
1715, 41, 630, 345, 627, 347, 3, -2, -0.5880026035475675, 3.605551275463989
1715, 47, 509, 110, 508, 109, 1, 1, 0.7853981633974483, 1.4142135623730951
1715, 54, 594, 303, 595, 302, -1, 1, 2.356194490192345, 1.4142135623730951
1715, 55, 380, 268, 379, 269, 1, -1, -0.7853981633974483, 1.4142135623730951
1715, 56, 628, 322, 625, 322, 3, 0, 0.0, 3.0
1715, 58, 435, 248, 436, 252, -1, -4, -1.8157749899217608, 4.123105625617661
1715, 63, 403, 293, 404, 295, -1, -2, -2.0344439357957027, 2.23606797749979
1716, 1, 385, 260, 386, 262, -1, -2, -2.0344439357957027, 2.23606797749979
1716, 4, 286, 356, 285, 357, 1, -1, -0.7853981633974483, 1.4142135623730951
1716, 7, 601, 225, 600, 224, 1, 1, 0.7853981633974483, 1.4142135623730951
1716, 14, 382, 180, 382, 182, 0, -2, -1.5707963267948966, 2.0
1716, 25, 418, 342, 417, 343, 1, -1, -0.7853981633974483, 1.4142135623730951
1716, 37, 493, 132, 491, 132, 2, 0, 0.0, 2.0
1716, 39, 634, 342, 630, 345, 4, -3, -0.6435011087932844, 5.0
1716, 40, 315, 252, 316, 251, -1, 1, 2.356194490192345, 1.4142135623730951
1716, 51, 593, 304, 594, 303, -1, 1, 2.356194490192345, 1.4142135623730951
1716, 53, 632, 321, 628, 322, 4, -1, -0.24497866312686414, 4.123105625617661
1716, 55, 434, 246, 435, 248, -1, -2, -2.0344439357957027, 2.23606797749979
1717, 1, 384, 258, 385, 260, -1, -2, -2.0344439357957027, 2.23606797749979
1717, 4, 286, 354, 286, 356, 0, -2, -1.5707963267948966, 2.0
1717, 6, 602, 226, 601, 225, 1, 1, 0.7853981633974483, 1.4142135623730951
1717, 11, 279, 316, 278, 317, 1, -1, -0.7853981633974483, 1.4142135623730951
1717, 12, 446, 111, 445, 112, 1, -1, -0.7853981633974483, 1.4142135623730951
1717, 13, 381, 178, 382, 180, -1, -2, -2.0344439357957027, 2.23606797749979
1717, 22, 173, 199, 172, 200, 1, -1, -0.7853981633974483, 1.4142135623730951
1717, 24, 419, 341, 418, 342, 1, -1, -0.7853981633974483, 1.4142135623730951
1717, 31, 512, 135, 510, 134, 2, 1, 0.4636476090008061, 2.23606797749979
1717, 36, 495, 132, 493, 132, 2, 0, 0.0, 2.0
1717, 37, 162, 409, 161, 410, 1, -1, -0.7853981633974483, 1.4142135623730951
1717, 38, 635, 339, 634, 342, 1, -3, -1.2490457723982544, 3.1622776601683795
1717, 50, 592, 305, 593, 304, -1, 1, 2.356194490192345, 1.4142135623730951
1717, 51, 380, 265, 380, 267, 0, -2, -1.5707963267948966, 2.0
1717, 52, 634, 321, 632, 321, 2, 0, 0.0, 2.0
1717, 53, 484, 140, 483, 141, 1, -1, -0.7853981633974483, 1.4142135623730951
1717, 54, 433, 242, 434, 246, -1, -4, -1.8157749899217608, 4.123105625617661
1717, 55, 267, 314, 268, 313, -1, 1, 2.356194490192345, 1.4142135623730951
1717, 57, 280, 355, 279, 356, 1, -1, -0.7853981633974483, 1.4142135623730951
1718, 1, 383, 256, 384, 258, -1, -2, -2.0344439357957027, 2.23606797749979
1718, 4, 287, 353, 286, 354, 1, -1, -0.7853981633974483, 1.4142135623730951
1718, 6, 603, 227, 602, 226, 1, 1, 0.7853981633974483, 1.4142135623730951
1718, 10, 503, 137, 501, 137, 2, 0, 0.0, 2.0
1718, 28, 635, 348, 635, 350, 0, -2, -1.5707963267948966, 2.0
1718, 29, 432, 155, 433, 157, -1, -2, -2.0344439357957027, 2.23606797749979
1718, 30, 513, 136, 512, 135, 1, 1, 0.7853981633974483, 1.4142135623730951
1718, 39, 343, 366, 342, 367, 1, -1, -0.7853981633974483, 1.4142135623730951
1718, 43, 512, 111, 511, 110, 1, 1, 0.7853981633974483, 1.4142135623730951
1718, 52, 485, 139, 484, 140, 1, -1, -0.7853981633974483, 1.4142135623730951
1718, 53, 433, 238, 433, 242, 0, -4, -1.5707963267948966, 4.0
1718, 54, 266, 315, 267, 314, -1, 1, 2.356194490192345, 1.4142135623730951
1719, 2, 307, 281, 308, 280, -1, 1, 2.356194490192345, 1.4142135623730951
1719, 6, 604, 228, 603, 227, 1, 1, 0.7853981633974483, 1.4142135623730951
1719, 11, 447, 109, 446, 110, 1, -1, -0.7853981633974483, 1.4142135623730951
1719, 32, 498, 131, 496, 132, 2, -1, -0.4636476090008061, 2.23606797749979
1719, 40, 180, 288, 182, 287, -2, 1, 2.677945044588987, 2.23606797749979
1719, 44, 380, 262, 380, 264, 0, -2, -1.5707963267948966, 2.0
1719, 47, 433, 236, 433, 238, 0, -2, -1.5707963267948966, 2.0
1719, 50, 279, 357, 280, 356, -1, 1, 2.356194490192345, 1.4142135623730951
1720, 2, 288, 356, 287, 357, 1, -1, -0.7853981633974483, 1.4142135623730951
1720, 3, 179, 356, 181, 357, -2, -1, -2.677945044588987, 2.23606797749979
1720, 6, 130, 255, 131, 257, -1, -2, -2.0344439357957027, 2.23606797749979
1720, 10, 424, 131, 424, 133, 0, -2, -1.5707963267948966, 2.0
1720, 16, 307, 256, 308, 255, -1, 1, 2.356194490192345, 1.4142135623730951
1720, 21, 386, 324, 385, 325, 1, -1, -0.7853981633974483, 1.4142135623730951
1720, 39, 569, 189, 569, 187, 0, 2, 1.5707963267948966, 2.0
1720, 51, 514, 137, 512, 136, 2, 1, 0.4636476090008061, 2.23606797749979
1720, 52, 141, 251, 141, 253, 0, -2, -1.5707963267948966, 2.0
1720, 54, 581, 225, 580, 223, 1, 2, 1.1071487177940904, 2.23606797749979
1721, 8, 425, 130, 424, 131, 1, -1, -0.7853981633974483, 1.4142135623730951
1721, 9, 448, 111, 447, 112, 1, -1, -0.7853981633974483, 1.4142135623730951
1721, 15, 443, 146, 442, 147, 1, -1, -0.7853981633974483, 1.4142135623730951
1721, 19, 387, 322, 386, 324, 1, -2, -1.1071487177940904, 2.23606797749979
1721, 21, 372, 276, 373, 278, -1, -2, -2.0344439357957027, 2.23606797749979
1721, 24, 544, 217, 544, 215, 0, 2, 1.5707963267948966, 2.0
1721, 35, 571, 193, 569, 189, 2, 4, 1.1071487177940904, 4.47213595499958
1721, 49, 583, 228, 581, 225, 2, 3, 0.982793723247329, 3.605551275463989
1722, 5, 605, 229, 604, 228, 1, 1, 0.7853981633974483, 1.4142135623730951
1722, 11, 383, 176, 383, 178, 0, -2, -1.5707963267948966, 2.0
1722, 14, 306, 256, 307, 255, -1, 1, 2.356194490192345, 1.4142135623730951
1722, 18, 388, 321, 387, 322, 1, -1, -0.7853981633974483, 1.4142135623730951
1722, 23, 545, 219, 544, 217, 1, 2, 1.1071487177940904, 2.23606797749979
1722, 27, 601, 260, 602, 259, -1, 1, 2.356194490192345, 1.4142135623730951
1722, 28, 511, 174, 512, 172, -1, 2, 2.0344439357957027, 2.23606797749979
1722, 33, 572, 195, 571, 193, 1, 2, 1.1071487177940904, 2.23606797749979
1722, 43, 516, 138, 514, 137, 2, 1, 0.4636476090008061, 2.23606797749979
1722, 45, 448, 241, 448, 243, 0, -2, -1.5707963267948966, 2.0
1722, 46, 585, 229, 583, 228, 2, 1, 0.4636476090008061, 2.23606797749979
1723, 2, 289, 354, 288, 355, 1, -1, -0.7853981633974483, 1.4142135623730951
1723, 7, 426, 128, 425, 129, 1, -1, -0.7853981633974483, 1.4142135623730951
1723, 17, 388, 319, 388, 321, 0, -2, -1.5707963267948966, 2.0
1723, 18, 373, 274, 372, 275, 1, -1, -0.7853981633974483, 1.4142135623730951
1723, 23, 503, 139, 502, 140, 1, -1, -0.7853981633974483, 1.4142135623730951
1723, 25, 600, 261, 601, 260, -1, 1, 2.356194490192345, 1.4142135623730951
1723, 31, 573, 196, 572, 195, 1, 1, 0.7853981633974483, 1.4142135623730951
1723, 33, 431, 119, 430, 120, 1, -1, -0.7853981633974483, 1.4142135623730951
1723, 36, 165, 409, 163, 409, 2, 0, 0.0, 2.0
1723, 38, 488, 140, 487, 141, 1, -1, -0.7853981633974483, 1.4142135623730951
1723, 40, 517, 139, 516, 138, 1, 1, 0.7853981633974483, 1.4142135623730951
1723, 43, 586, 230, 585, 229, 1, 1, 0.7853981633974483, 1.4142135623730951
1723, 45, 367, 337, 367, 339, 0, -2, -1.5707963267948966, 2.0
1724, 7, 427, 127, 426, 128, 1, -1, -0.7853981633974483, 1.4142135623730951
1724, 8, 449, 109, 448, 110, 1, -1, -0.7853981633974483, 1.4142135623730951
1724, 10, 382, 173, 383, 175, -1, -2, -2.0344439357957027, 2.23606797749979
1724, 14, 443, 142, 443, 144, 0, -2, -1.5707963267948966, 2.0
1724, 17, 373, 272, 373, 274, 0, -2, -1.5707963267948966, 2.0
1724, 20, 545, 222, 545, 220, 0, 2, 1.5707963267948966, 2.0
1724, 31, 572, 318, 571, 317, 1, 1, 0.7853981633974483, 1.4142135623730951
1724, 32, 433, 119, 431, 119, 2, 0, 0.0, 2.0
1724, 35, 166, 408, 165, 409, 1, -1, -0.7853981633974483, 1.4142135623730951
1725, 7, 606, 231, 605, 230, 1, 1, 0.7853981633974483, 1.4142135623730951
1725, 15, 451, 112, 450, 113, 1, -1, -0.7853981633974483, 1.4142135623730951
1725, 24, 443, 120, 442, 121, 1, -1, -0.7853981633974483, 1.4142135623730951
1725, 40, 404, 271, 405, 273, -1, -2, -2.0344439357957027, 2.23606797749979
1725, 45, 240, 302, 239, 303, 1, -1, -0.7853981633974483, 1.4142135623730951
1725, 46, 396, 139, 396, 141, 0, -2, -1.5707963267948966, 2.0
1725, 47, 590, 238, 587, 235, 3, 3, 0.7853981633974483, 4.242640687119285
1725, 53, 597, 330, 596, 329, 1, 1, 0.7853981633974483, 1.4142135623730951
1725, 56, 425, 327, 424, 329, 1, -2, -1.1071487177940904, 2.23606797749979
1725, 59, 518, 140, 517, 139, 1, 1, 0.7853981633974483, 1.4142135623730951
1725, 62, 268, 385, 267, 386, 1, -1, -0.7853981633974483, 1.4142135623730951
1725, 68, 557, 232, 556, 233, 1, -1, -0.7853981633974483, 1.4142135623730951
1726, 10, 257, 415, 256, 416, 1, -1, -0.7853981633974483, 1.4142135623730951
1726, 21, 601, 262, 601, 260, 0, 2, 1.5707963267948966, 2.0
1726, 22, 444, 119, 443, 120, 1, -1, -0.7853981633974483, 1.4142135623730951
1726, 34, 444, 139, 443, 141, 1, -2, -1.1071487177940904, 2.23606797749979
1726, 36, 193, 325, 192, 327, 1, -2, -1.1071487177940904, 2.23606797749979
1726, 38, 404, 269, 404, 271, 0, -2, -1.5707963267948966, 2.0
1726, 43, 591, 240, 590, 238, 1, 2, 1.1071487177940904, 2.23606797749979
1726, 50, 426, 326, 425, 327, 1, -1, -0.7853981633974483, 1.4142135623730951
1726, 52, 357, 325, 356, 327, 1, -2, -1.1071487177940904, 2.23606797749979
1726, 62, 559, 233, 557, 232, 2, 1, 0.4636476090008061, 2.23606797749979
1727, 18, 505, 143, 504, 142, 1, 1, 0.7853981633974483, 1.4142135623730951
1727, 21, 445, 118, 444, 119, 1, -1, -0.7853981633974483, 1.4142135623730951
1727, 37, 403, 267, 404, 269, -1, -2, -2.0344439357957027, 2.23606797749979
1727, 41, 396, 136, 396, 138, 0, -2, -1.5707963267948966, 2.0
1727, 52, 520, 141, 519, 140, 1, 1, 0.7853981633974483, 1.4142135623730951
1727, 54, 381, 357, 380, 358, 1, -1, -0.7853981633974483, 1.4142135623730951
1727, 60, 539, 219, 538, 218, 1, 1, 0.7853981633974483, 1.4142135623730951
1727, 61, 562, 235, 559, 233, 3, 2, 0.5880026035475675, 3.605551275463989
1727, 62, 402, 290, 402, 292, 0, -2, -1.5707963267948966, 2.0
1728, 5, 607, 233, 606, 232, 1, 1, 0.7853981633974483, 1.4142135623730951
1728, 11, 608, 317, 609, 316, -1, 1, 2.356194490192345, 1.4142135623730951
1728, 13, 453, 111, 452, 112, 1, -1, -0.7853981633974483, 1.4142135623730951
1728, 17, 507, 141, 505, 143, 2, -2, -0.7853981633974483, 2.8284271247461903
1728, 19, 600, 264, 601, 263, -1, 1, 2.356194490192345, 1.4142135623730951
1728, 32, 445, 136, 444, 138, 1, -2, -1.1071487177940904, 2.23606797749979
1728, 35, 635, 332, 634, 331, 1, 1, 0.7853981633974483, 1.4142135623730951
1728, 36, 403, 265, 403, 267, 0, -2, -1.5707963267948966, 2.0
1728, 39, 397, 135, 396, 136, 1, -1, -0.7853981633974483, 1.4142135623730951
1728, 44, 595, 332, 596, 331, -1, 1, 2.356194490192345, 1.4142135623730951
1728, 48, 357, 322, 357, 324, 0, -2, -1.5707963267948966, 2.0
1728, 49, 524, 141, 520, 141, 4, 0, 0.0, 4.0
1728, 51, 382, 355, 381, 357, 1, -2, -1.1071487177940904, 2.23606797749979
1728, 58, 565, 238, 562, 235, 3, 3, 0.7853981633974483, 4.242640687119285
1729, 13, 454, 110, 453, 111, 1, -1, -0.7853981633974483, 1.4142135623730951
1729, 17, 599, 265, 600, 264, -1, 1, 2.356194490192345, 1.4142135623730951
1729, 33, 403, 263, 403, 265, 0, -2, -1.5707963267948966, 2.0
1729, 38, 171, 410, 170, 411, 1, -1, -0.7853981633974483, 1.4142135623730951
1729, 48, 383, 353, 382, 355, 1, -2, -1.1071487177940904, 2.23606797749979
1730, 9, 608, 234, 607, 233, 1, 1, 0.7853981633974483, 1.4142135623730951
1730, 13, 429, 130, 428, 131, 1, -1, -0.7853981633974483, 1.4142135623730951
1730, 16, 506, 140, 505, 141, 1, -1, -0.7853981633974483, 1.4142135623730951
1730, 19, 448, 242, 448, 244, 0, -2, -1.5707963267948966, 2.0
1730, 21, 514, 151, 513, 150, 1, 1, 0.7853981633974483, 1.4142135623730951
1730, 28, 385, 173, 385, 175, 0, -2, -1.5707963267948966, 2.0
1730, 31, 120, 358, 119, 359, 1, -1, -0.7853981633974483, 1.4142135623730951
1730, 35, 586, 265, 586, 263, 0, 2, 1.5707963267948966, 2.0
1730, 40, 255, 408, 253, 408, 2, 0, 0.0, 2.0
1730, 41, 596, 233, 595, 232, 1, 1, 0.7853981633974483, 1.4142135623730951
1730, 47, 353, 390, 352, 391, 1, -1, -0.7853981633974483, 1.4142135623730951
1730, 48, 358, 323, 358, 325, 0, -2, -1.5707963267948966, 2.0
1730, 56, 403, 291, 403, 293, 0, -2, -1.5707963267948966, 2.0
1730, 61, 568, 247, 567, 248, 1, -1, -0.7853981633974483, 1.4142135623730951
1730, 65, 404, 336, 404, 338, 0, -2, -1.5707963267948966, 2.0
1730, 73, 246, 330, 247, 329, -1, 1, 2.356194490192345, 1.4142135623730951
1730, 75, 448, 120, 447, 121, 1, -1, -0.7853981633974483, 1.4142135623730951
1731, 13, 508, 140, 506, 140, 2, 0, 0.0, 2.0
1731, 23, 385, 171, 385, 173, 0, -2, -1.5707963267948966, 2.0
1731, 29, 586, 267, 586, 265, 0, 2, 1.5707963267948966, 2.0
1731, 35, 597, 234, 596, 233, 1, 1, 0.7853981633974483, 1.4142135623730951
1731, 41, 359, 321, 358, 323, 1, -2, -1.1071487177940904, 2.23606797749979
1731, 43, 523, 143, 522, 142, 1, 1, 0.7853981633974483, 1.4142135623730951
1731, 45, 589, 225, 587, 223, 2, 2, 0.7853981633974483, 2.8284271247461903
1731, 56, 404, 334, 404, 336, 0, -2, -1.5707963267948966, 2.0
1731, 66, 450, 120, 448, 120, 2, 0, 0.0, 2.0
1732, 0, 386, 251, 386, 253, 0, -2, -1.5707963267948966, 2.0
1732, 11, 507, 138, 508, 140, -1, -2, -2.0344439357957027, 2.23606797749979
1732, 13, 259, 413, 258, 414, 1, -1, -0.7853981633974483, 1.4142135623730951
1732, 14, 512, 151, 514, 152, -2, -1, -2.677945044588987, 2.23606797749979
1732, 16, 455, 111, 454, 112, 1, -1, -0.7853981633974483, 1.4142135623730951
1732, 26, 586, 269, 586, 267, 0, 2, 1.5707963267948966, 2.0
1732, 30, 256, 406, 255, 407, 1, -1, -0.7853981633974483, 1.4142135623730951
1732, 35, 449, 186, 449, 188, 0, -2, -1.5707963267948966, 2.0
1732, 36, 354, 388, 353, 389, 1, -1, -0.7853981633974483, 1.4142135623730951
1732, 37, 359, 319, 359, 321, 0, -2, -1.5707963267948966, 2.0
1732, 39, 525, 145, 523, 143, 2, 2, 0.7853981633974483, 2.8284271247461903
1732, 41, 591, 227, 589, 225, 2, 2, 0.7853981633974483, 2.8284271247461903
1732, 46, 578, 210, 579, 209, -1, 1, 2.356194490192345, 1.4142135623730951
1732, 52, 404, 332, 404, 334, 0, -2, -1.5707963267948966, 2.0
1732, 60, 451, 119, 450, 120, 1, -1, -0.7853981633974483, 1.4142135623730951
1733, 3, 430, 333, 429, 334, 1, -1, -0.7853981633974483, 1.4142135623730951
1733, 6, 609, 237, 608, 236, 1, 1, 0.7853981633974483, 1.4142135623730951
1733, 10, 507, 142, 507, 138, 0, 4, 1.5707963267948966, 4.0
1733, 14, 599, 336, 598, 335, 1, 1, 0.7853981633974483, 1.4142135623730951
1733, 28, 598, 236, 597, 235, 1, 1, 0.7853981633974483, 1.4142135623730951
1733, 33, 359, 317, 359, 319, 0, -2, -1.5707963267948966, 2.0
1733, 35, 526, 146, 525, 145, 1, 1, 0.7853981633974483, 1.4142135623730951
1733, 36, 592, 229, 591, 227, 1, 2, 1.1071487177940904, 2.23606797749979
1733, 39, 173, 410, 172, 411, 1, -1, -0.7853981633974483, 1.4142135623730951
1733, 47, 403, 330, 404, 332, -1, -2, -2.0344439357957027, 2.23606797749979
1733, 52, 452, 118, 451, 119, 1, -1, -0.7853981633974483, 1.4142135623730951
1734, 10, 510, 142, 507, 142, 3, 0, 0.0, 3.0
1734, 19, 385, 167, 385, 169, 0, -2, -1.5707963267948966, 2.0
1734, 22, 635, 332, 635, 334, 0, -2, -1.5707963267948966, 2.0
1734, 26, 258, 405, 257, 406, 1, -1, -0.7853981633974483, 1.4142135623730951
1734, 27, 599, 237, 598, 236, 1, 1, 0.7853981633974483, 1.4142135623730951
1734, 32, 527, 147, 526, 146, 1, 1, 0.7853981633974483, 1.4142135623730951
1734, 33, 593, 232, 592, 229, 1, 3, 1.2490457723982544, 3.1622776601683795
1734, 35, 174, 409, 173, 410, 1, -1, -0.7853981633974483, 1.4142135623730951
1734, 42, 604, 313, 606, 313, -2, 0, 3.141592653589793, 2.0
1734, 44, 244, 330, 245, 329, -1, 1, 2.356194490192345, 1.4142135623730951
1734, 45, 453, 117, 452, 118, 1, -1, -0.7853981633974483, 1.4142135623730951
1734, 47, 570, 323, 569, 320, 1, 3, 1.2490457723982544, 3.1622776601683795
1735, 0, 387, 249, 387, 251, 0, -2, -1.5707963267948966, 2.0
1735, 8, 611, 238, 610, 237, 1, 1, 0.7853981633974483, 1.4142135623730951
1735, 9, 260, 414, 261, 416, -1, -2, -2.0344439357957027, 2.23606797749979
1735, 11, 431, 128, 430, 129, 1, -1, -0.7853981633974483, 1.4142135623730951
1735, 14, 262, 406, 262, 408, 0, -2, -1.5707963267948966, 2.0
1735, 16, 450, 138, 449, 139, 1, -1, -0.7853981633974483, 1.4142135623730951
1735, 18, 574, 256, 573, 255, 1, 1, 0.7853981633974483, 1.4142135623730951
1735, 20, 222, 366, 223, 368, -1, -2, -2.0344439357957027, 2.23606797749979
1735, 21, 443, 298, 445, 301, -2, -3, -2.158798930342464, 3.605551275463989
1735, 25, 437, 240, 439, 242, -2, -2, -2.356194490192345, 2.8284271247461903
1735, 26, 453, 299, 455, 300, -2, -1, -2.677945044588987, 2.23606797749979
1735, 32, 447, 114, 446, 115, 1, -1, -0.7853981633974483, 1.4142135623730951
1735, 33, 544, 229, 543, 227, 1, 2, 1.1071487177940904, 2.23606797749979
1735, 37, 601, 268, 602, 267, -1, 1, 2.356194490192345, 1.4142135623730951
1735, 39, 369, 223, 370, 225, -1, -2, -2.0344439357957027, 2.23606797749979
1735, 40, 624, 325, 622, 324, 2, 1, 0.4636476090008061, 2.23606797749979
1735, 45, 565, 280, 566, 279, -1, 1, 2.356194490192345, 1.4142135623730951
1735, 46, 267, 312, 265, 313, 2, -1, -0.4636476090008061, 2.23606797749979
1735, 50, 446, 242, 448, 242, -2, 0, 3.141592653589793, 2.0
1735, 51, 314, 258, 312, 259, 2, -1, -0.4636476090008061, 2.23606797749979
1735, 58, 459, 262, 460, 261, -1, 1, 2.356194490192345, 1.4142135623730951
1735, 63, 556, 188, 554, 186, 2, 2, 0.7853981633974483, 2.8284271247461903
1735, 68, 526, 147, 525, 146, 1, 1, 0.7853981633974483, 1.4142135623730951
1735, 70, 458, 288, 459, 287, -1, 1, 2.356194490192345, 1.4142135623730951
1735, 77, 422, 206, 422, 209, 0, -3, -1.5707963267948966, 3.0
1736, 15, 451, 137, 450, 138, 1, -1, -0.7853981633974483, 1.4142135623730951
1736, 29, 448, 113, 447, 114, 1, -1, -0.7853981633974483, 1.4142135623730951
1736, 30, 545, 231, 544, 229, 1, 2, 1.1071487177940904, 2.23606797749979
1736, 37, 625, 326, 624, 325, 1, 1, 0.7853981633974483, 1.4142135623730951
1736, 57, 491, 116, 490, 117, 1, -1, -0.7853981633974483, 1.4142135623730951
1736, 63, 527, 148, 526, 147, 1, 1, 0.7853981633974483, 1.4142135623730951
1736, 65, 457, 290, 458, 288, -1, 2, 2.0344439357957027, 2.23606797749979
1736, 66, 356, 388, 355, 389, 1, -1, -0.7853981633974483, 1.4142135623730951
1736, 71, 422, 203, 422, 206, 0, -3, -1.5707963267948966, 3.0
1737, 4, 434, 333, 433, 334, 1, -1, -0.7853981633974483, 1.4142135623730951
1737, 6, 612, 239, 611, 238, 1, 1, 0.7853981633974483, 1.4142135623730951
1737, 15, 457, 110, 456, 111, 1, -1, -0.7853981633974483, 1.4142135623730951
1737, 28, 450, 112, 448, 113, 2, -1, -0.4636476090008061, 2.23606797749979
1737, 29, 546, 233, 545, 231, 1, 2, 1.1071487177940904, 2.23606797749979
1737, 34, 368, 220, 369, 222, -1, -2, -2.0344439357957027, 2.23606797749979
1737, 43, 311, 258, 313, 258, -2, 0, 3.141592653589793, 2.0
1737, 49, 303, 260, 304, 259, -1, 1, 2.356194490192345, 1.4142135623730951
1737, 50, 458, 265, 459, 263, -1, 2, 2.0344439357957027, 2.23606797749979
1737, 53, 492, 115, 491, 116, 1, -1, -0.7853981633974483, 1.4142135623730951
1737, 58, 528, 149, 527, 148, 1, 1, 0.7853981633974483, 1.4142135623730951
1737, 60, 357, 387, 356, 388, 1, -1, -0.7853981633974483, 1.4142135623730951
1738, 9, 434, 125, 431, 127, 3, -2, -0.5880026035475675, 3.605551275463989
1738, 13, 514, 149, 512, 147, 2, 2, 0.7853981633974483, 2.8284271247461903
1738, 14, 451, 136, 450, 137, 1, -1, -0.7853981633974483, 1.4142135623730951
1738, 15, 458, 109, 457, 110, 1, -1, -0.7853981633974483, 1.4142135623730951
1738, 27, 451, 111, 450, 112, 1, -1, -0.7853981633974483, 1.4142135623730951
1738, 28, 547, 235, 546, 233, 1, 2, 1.1071487177940904, 2.23606797749979
1738, 47, 457, 266, 458, 265, -1, 1, 2.356194490192345, 1.4142135623730951
1738, 50, 493, 116, 492, 115, 1, 1, 0.7853981633974483, 1.4142135623730951
1738, 55, 456, 292, 457, 291, -1, 1, 2.356194490192345, 1.4142135623730951
1738, 56, 358, 386, 357, 387, 1, -1, -0.7853981633974483, 1.4142135623730951
1738, 58, 303, 321, 305, 321, -2, 0, 3.141592653589793, 2.0
1738, 59, 568, 248, 567, 247, 1, 1, 0.7853981633974483, 1.4142135623730951
1739, 12, 515, 153, 514, 149, 1, 4, 1.3258176636680326, 4.123105625617661
1739, 13, 452, 135, 451, 136, 1, -1, -0.7853981633974483, 1.4142135623730951
1739, 14, 459, 107, 458, 109, 1, -2, -1.1071487177940904, 2.23606797749979
1739, 15, 572, 258, 574, 258, -2, 0, 3.141592653589793, 2.0
1739, 25, 452, 110, 451, 111, 1, -1, -0.7853981633974483, 1.4142135623730951
1739, 26, 548, 236, 547, 235, 1, 1, 0.7853981633974483, 1.4142135623730951
1739, 29, 599, 270, 600, 269, -1, 1, 2.356194490192345, 1.4142135623730951
1739, 31, 368, 216, 368, 219, 0, -3, -1.5707963267948966, 3.0
1739, 36, 563, 281, 565, 282, -2, -1, -2.677945044588987, 2.23606797749979
1739, 38, 592, 267, 592, 265, 0, 2, 1.5707963267948966, 2.0
1739, 45, 456, 267, 457, 266, -1, 1, 2.356194490192345, 1.4142135623730951
1739, 46, 175, 408, 174, 409, 1, -1, -0.7853981633974483, 1.4142135623730951
1739, 48, 494, 115, 493, 116, 1, -1, -0.7853981633974483, 1.4142135623730951
1739, 52, 531, 151, 529, 149, 2, 2, 0.7853981633974483, 2.8284271247461903
1739, 54, 359, 385, 358, 386, 1, -1, -0.7853981633974483, 1.4142135623730951
1739, 56, 302, 322, 303, 321, -1, 1, 2.356194490192345, 1.4142135623730951
1740, 11, 267, 405, 266, 406, 1, -1, -0.7853981633974483, 1.4142135623730951
1740, 13, 517, 155, 515, 153, 2, 2, 0.7853981633974483, 2.8284271247461903
1740, 18, 386, 168, 386, 170, 0, -2, -1.5707963267948966, 2.0
1740, 33, 572, 258, 574, 258, -2, 0, 3.141592653589793, 2.0
1740, 36, 359, 320, 359, 322, 0, -2, -1.5707963267948966, 2.0
1740, 45, 549, 236, 548, 235, 1, 1, 0.7853981633974483, 1.4142135623730951
1740, 49, 359, 388, 358, 389, 1, -1, -0.7853981633974483, 1.4142135623730951
1740, 53, 405, 135, 404, 136, 1, -1, -0.7853981633974483, 1.4142135623730951
1740, 55, 532, 150, 529, 150, 3, 0, 0.0, 3.0
1740, 58, 565, 281, 567, 281, -2, 0, 3.141592653589793, 2.0
1740, 64, 377, 270, 378, 272, -1, -2, -2.0344439357957027, 2.23606797749979
1740, 69, 437, 246, 438, 248, -1, -2, -2.0344439357957027, 2.23606797749979
1740, 70, 374, 221, 374, 223, 0, -2, -1.5707963267948966, 2.0
1740, 73, 145, 280, 146, 282, -1, -2, -2.0344439357957027, 2.23606797749979
1741, 0, 387, 248, 388, 250, -1, -2, -2.0344439357957027, 2.23606797749979
1741, 13, 520, 158, 517, 155, 3, 3, 0.7853981633974483, 4.242640687119285
1741, 17, 385, 166, 386, 168, -1, -2, -2.0344439357957027, 2.23606797749979
1741, 19, 459, 110, 458, 111, 1, -1, -0.7853981633974483, 1.4142135623730951
1741, 20, 628, 296, 629, 295, -1, 1, 2.356194490192345, 1.4142135623730951
1741, 32, 570, 257, 572, 258, -2, -1, -2.677945044588987, 2.23606797749979
1741, 43, 550, 237, 549, 236, 1, 1, 0.7853981633974483, 1.4142135623730951
1741, 53, 534, 151, 532, 150, 2, 1, 0.4636476090008061, 2.23606797749979
1741, 65, 436, 243, 437, 246, -1, -3, -1.892546881191539, 3.1622776601683795
1741, 66, 374, 219, 374, 221, 0, -2, -1.5707963267948966, 2.0
1741, 71, 166, 294, 168, 294, -2, 0, 3.141592653589793, 2.0
1742, 10, 268, 404, 267, 405, 1, -1, -0.7853981633974483, 1.4142135623730951
1742, 26, 177, 409, 176, 410, 1, -1, -0.7853981633974483, 1.4142135623730951
1742, 39, 454, 291, 456, 292, -2, -1, -2.677945044588987, 2.23606797749979
1742, 47, 592, 268, 593, 267, -1, 1, 2.356194490192345, 1.4142135623730951
1742, 49, 406, 132, 405, 134, 1, -2, -1.1071487177940904, 2.23606797749979
1742, 51, 536, 152, 534, 151, 2, 1, 0.4636476090008061, 2.23606797749979
1742, 53, 253, 370, 252, 371, 1, -1, -0.7853981633974483, 1.4142135623730951
1742, 58, 568, 254, 569, 252, -1, 2, 2.0344439357957027, 2.23606797749979
1742, 61, 435, 240, 436, 243, -1, -3, -1.892546881191539, 3.1622776601683795
1742, 66, 164, 293, 166, 294, -2, -1, -2.677945044588987, 2.23606797749979
1743, 3, 437, 332, 436, 333, 1, -1, -0.7853981633974483, 1.4142135623730951
1743, 5, 436, 126, 435, 127, 1, -1, -0.7853981633974483, 1.4142135623730951
1743, 16, 461, 109, 460, 110, 1, -1, -0.7853981633974483, 1.4142135623730951
1743, 26, 570, 259, 569, 257, 1, 2, 1.1071487177940904, 2.23606797749979
1743, 32, 302, 376, 301, 377, 1, -1, -0.7853981633974483, 1.4142135623730951
1743, 42, 591, 269, 592, 268, -1, 1, 2.356194490192345, 1.4142135623730951
1743, 53, 274, 363, 273, 364, 1, -1, -0.7853981633974483, 1.4142135623730951
1743, 55, 434, 236, 435, 240, -1, -4, -1.8157749899217608, 4.123105625617661
1743, 61, 529, 125, 528, 124, 1, 1, 0.7853981633974483, 1.4142135623730951
1744, 0, 386, 245, 387, 247, -1, -2, -2.0344439357957027, 2.23606797749979
1744, 7, 154, 360, 154, 362, 0, -2, -1.5707963267948966, 2.0
1744, 17, 625, 297, 626, 296, -1, 1, 2.356194490192345, 1.4142135623730951
1744, 19, 185, 375, 184, 376, 1, -1, -0.7853981633974483, 1.4142135623730951
1744, 20, 454, 295, 454, 297, 0, -2, -1.5707963267948966, 2.0
1744, 22, 118, 360, 119, 359, -1, 1, 2.356194490192345, 1.4142135623730951
1744, 34, 453, 291, 455, 291, -2, 0, 3.141592653589793, 2.0
1744, 44, 274, 385, 273, 386, 1, -1, -0.7853981633974483, 1.4142135623730951
1744, 45, 536, 154, 536, 152, 0, 2, 1.5707963267948966, 2.0
1744, 50, 569, 257, 568, 255, 1, 2, 1.1071487177940904, 2.23606797749979
1744, 53, 433, 234, 434, 236, -1, -2, -2.0344439357957027, 2.23606797749979
1745, 0, 388, 247, 388, 249, 0, -2, -1.5707963267948966, 2.0
1745, 2, 438, 332, 437, 334, 1, -2, -1.1071487177940904, 2.23606797749979
1745, 6, 300, 356, 299, 357, 1, -1, -0.7853981633974483, 1.4142135623730951
1745, 7, 437, 127, 436, 128, 1, -1, -0.7853981633974483, 1.4142135623730951
1745, 16, 429, 338, 427, 339, 2, -1, -0.4636476090008061, 2.23606797749979
1745, 19, 386, 165, 386, 167, 0, -2, -1.5707963267948966, 2.0
1745, 22, 465, 110, 464, 111, 1, -1, -0.7853981633974483, 1.4142135623730951
1745, 24, 180, 409, 179, 410, 1, -1, -0.7853981633974483, 1.4142135623730951
1745, 25, 230, 307, 231, 306, -1, 1, 2.356194490192345, 1.4142135623730951
1745, 31, 361, 317, 361, 319, 0, -2, -1.5707963267948966, 2.0
1745, 32, 377, 217, 377, 219, 0, -2, -1.5707963267948966, 2.0
1745, 34, 500, 117, 498, 117, 2, 0, 0.0, 2.0
1745, 39, 191, 370, 189, 371, 2, -1, -0.4636476090008061, 2.23606797749979
1745, 47, 356, 311, 356, 313, 0, -2, -1.5707963267948966, 2.0
1746, 0, 387, 245, 388, 247, -1, -2, -2.0344439357957027, 2.23606797749979
1746, 10, 614, 244, 613, 243, 1, 1, 0.7853981633974483, 1.4142135623730951
1746, 13, 187, 377, 186, 378, 1, -1, -0.7853981633974483, 1.4142135623730951
1746, 16, 430, 337, 429, 338, 1, -1, -0.7853981633974483, 1.4142135623730951
1746, 18, 525, 156, 524, 155, 1, 1, 0.7853981633974483, 1.4142135623730951
1746, 19, 386, 163, 386, 165, 0, -2, -1.5707963267948966, 2.0
1746, 22, 466, 109, 465, 110, 1, -1, -0.7853981633974483, 1.4142135623730951
1746, 24, 181, 408, 180, 409, 1, -1, -0.7853981633974483, 1.4142135623730951
1746, 27, 121, 358, 122, 360, -1, -2, -2.0344439357957027, 2.23606797749979
1746, 31, 378, 330, 378, 332, 0, -2, -1.5707963267948966, 2.0
1746, 37, 192, 369, 191, 370, 1, -1, -0.7853981633974483, 1.4142135623730951
1746, 38, 449, 184, 449, 186, 0, -2, -1.5707963267948966, 2.0
1746, 44, 356, 309, 356, 311, 0, -2, -1.5707963267948966, 2.0
1746, 47, 435, 170, 435, 172, 0, -2, -1.5707963267948966, 2.0
1747, 2, 439, 330, 438, 331, 1, -1, -0.7853981633974483, 1.4142135623730951
1747, 5, 301, 353, 300, 355, 1, -2, -1.1071487177940904, 2.23606797749979
1747, 6, 438, 124, 437, 126, 1, -2, -1.1071487177940904, 2.23606797749979
1747, 15, 430, 335, 430, 337, 0, -2, -1.5707963267948966, 2.0
1747, 17, 526, 157, 525, 156, 1, 1, 0.7853981633974483, 1.4142135623730951
1747, 18, 386, 161, 386, 163, 0, -2, -1.5707963267948966, 2.0
1747, 21, 467, 108, 466, 109, 1, -1, -0.7853981633974483, 1.4142135623730951
1747, 23, 182, 407, 181, 408, 1, -1, -0.7853981633974483, 1.4142135623730951
1747, 33, 272, 389, 271, 390, 1, -1, -0.7853981633974483, 1.4142135623730951
1747, 40, 357, 306, 356, 309, 1, -3, -1.2490457723982544, 3.1622776601683795
1747, 44, 602, 276, 603, 275, -1, 1, 2.356194490192345, 1.4142135623730951
1748, 1, 440, 329, 439, 330, 1, -1, -0.7853981633974483, 1.4142135623730951
1748, 11, 431, 334, 430, 335, 1, -1, -0.7853981633974483, 1.4142135623730951
1748, 15, 468, 107, 467, 108, 1, -1, -0.7853981633974483, 1.4142135623730951
1748, 17, 183, 406, 182, 407, 1, -1, -0.7853981633974483, 1.4142135623730951
1748, 23, 379, 329, 378, 330, 1, -1, -0.7853981633974483, 1.4142135623730951
1748, 27, 194, 368, 193, 369, 1, -1, -0.7853981633974483, 1.4142135623730951
1748, 33, 358, 304, 357, 306, 1, -2, -1.1071487177940904, 2.23606797749979
1749, 1, 440, 327, 440, 329, 0, -2, -1.5707963267948966, 2.0
1749, 4, 439, 122, 438, 123, 1, -1, -0.7853981633974483, 1.4142135623730951
1749, 12, 528, 158, 527, 157, 1, 1, 0.7853981633974483, 1.4142135623730951
1749, 13, 386, 158, 386, 160, 0, -2, -1.5707963267948966, 2.0
1749, 15, 470, 106, 468, 107, 2, -1, -0.4636476090008061, 2.23606797749979
1749, 25, 381, 249, 381, 251, 0, -2, -1.5707963267948966, 2.0
1749, 32, 358, 302, 358, 304, 0, -2, -1.5707963267948966, 2.0
1750, 0, 387, 242, 388, 244, -1, -2, -2.0344439357957027, 2.23606797749979
1750, 1, 441, 331, 440, 332, 1, -1, -0.7853981633974483, 1.4142135623730951
1750, 2, 301, 356, 300, 357, 1, -1, -0.7853981633974483, 1.4142135623730951
1750, 10, 617, 244, 616, 243, 1, 1, 0.7853981633974483, 1.4142135623730951
1750, 14, 468, 109, 467, 110, 1, -1, -0.7853981633974483, 1.4142135623730951
1750, 19, 627, 300, 628, 299, -1, 1, 2.356194490192345, 1.4142135623730951
1750, 27, 183, 408, 182, 409, 1, -1, -0.7853981633974483, 1.4142135623730951
1750, 31, 427, 203, 427, 205, 0, -2, -1.5707963267948966, 2.0
1750, 33, 539, 159, 538, 158, 1, 1, 0.7853981633974483, 1.4142135623730951
1750, 43, 458, 141, 455, 142, 3, -1, -0.3217505543966422, 3.1622776601683795
1750, 52, 590, 341, 586, 340, 4, 1, 0.24497866312686414, 4.123105625617661
1751, 0, 387, 240, 387, 242, 0, -2, -1.5707963267948966, 2.0
1751, 5, 440, 124, 439, 125, 1, -1, -0.7853981633974483, 1.4142135623730951
1751, 11, 469, 108, 468, 109, 1, -1, -0.7853981633974483, 1.4142135623730951
1751, 12, 388, 161, 388, 163, 0, -2, -1.5707963267948966, 2.0
1751, 13, 189, 375, 188, 377, 1, -2, -1.1071487177940904, 2.23606797749979
1751, 19, 554, 245, 553, 243, 1, 2, 1.1071487177940904, 2.23606797749979
1751, 27, 540, 161, 539, 159, 1, 2, 1.1071487177940904, 2.23606797749979
1751, 35, 391, 316, 390, 317, 1, -1, -0.7853981633974483, 1.4142135623730951
1751, 37, 460, 141, 458, 141, 2, 0, 0.0, 2.0
1751, 43, 280, 365, 279, 366, 1, -1, -0.7853981633974483, 1.4142135623730951
1751, 46, 592, 342, 590, 341, 2, 1, 0.4636476090008061, 2.23606797749979
1752, 0, 442, 328, 441, 330, 1, -2, -1.1071487177940904, 2.23606797749979
1752, 10, 470, 107, 469, 108, 1, -1, -0.7853981633974483, 1.4142135623730951
1752, 13, 627, 305, 627, 301, 0, 4, 1.5707963267948966, 4.0
1752, 16, 602, 279, 603, 278, -1, 1, 2.356194490192345, 1.4142135623730951
1752, 20, 184, 406, 183, 407, 1, -1, -0.7853981633974483, 1.4142135623730951
1752, 25, 541, 162, 540, 161, 1, 1, 0.7853981633974483, 1.4142135623730951
1752, 28, 244, 308, 243, 309, 1, -1, -0.7853981633974483, 1.4142135623730951
1752, 29, 377, 322, 378, 324, -1, -2, -2.0344439357957027, 2.23606797749979
1752, 32, 392, 315, 391, 316, 1, -1, -0.7853981633974483, 1.4142135623730951
1752, 34, 461, 140, 460, 141, 1, -1, -0.7853981633974483, 1.4142135623730951
1752, 42, 594, 343, 592, 342, 2, 1, 0.4636476090008061, 2.23606797749979
1753, 4, 441, 122, 440, 123, 1, -1, -0.7853981633974483, 1.4142135623730951
1753, 8, 270, 413, 269, 414, 1, -1, -0.7853981633974483, 1.4142135623730951
1753, 9, 471, 106, 470, 107, 1, -1, -0.7853981633974483, 1.4142135623730951
1753, 10, 387, 159, 387, 161, 0, -2, -1.5707963267948966, 2.0
1753, 23, 614, 322, 612, 322, 2, 0, 0.0, 2.0
1753, 32, 462, 138, 461, 140, 1, -2, -1.1071487177940904, 2.23606797749979
1753, 40, 278, 388, 277, 390, 1, -2, -1.1071487177940904, 2.23606797749979
1754, 3, 443, 121, 441, 122, 2, -1, -0.4636476090008061, 2.23606797749979
1754, 13, 601, 280, 602, 279, -1, 1, 2.356194490192345, 1.4142135623730951
1754, 26, 391, 312, 392, 314, -1, -2, -2.0344439357957027, 2.23606797749979
1754, 27, 446, 287, 445, 289, 1, -2, -1.1071487177940904, 2.23606797749979
1754, 31, 281, 362, 280, 363, 1, -1, -0.7853981633974483, 1.4142135623730951
1754, 35, 279, 387, 278, 388, 1, -1, -0.7853981633974483, 1.4142135623730951
1754, 36, 362, 357, 361, 358, 1, -1, -0.7853981633974483, 1.4142135623730951
1755, 3, 443, 123, 442, 124, 1, -1, -0.7853981633974483, 1.4142135623730951
1755, 18, 472, 108, 471, 109, 1, -1, -0.7853981633974483, 1.4142135623730951
1755, 28, 561, 189, 561, 187, 0, 2, 1.5707963267948966, 2.0
1755, 32, 385, 359, 384, 358, 1, 1, 0.7853981633974483, 1.4142135623730951
1755, 37, 527, 165, 526, 162, 1, 3, 1.2490457723982544, 3.1622776601683795
1755, 40, 412, 128, 411, 129, 1, -1, -0.7853981633974483, 1.4142135623730951
1755, 43, 559, 246, 559, 244, 0, 2, 1.5707963267948966, 2.0
1755, 49, 379, 263, 380, 265, -1, -2, -2.0344439357957027, 2.23606797749979
1755, 56, 590, 224, 590, 222, 0, 2, 1.5707963267948966, 2.0
1755, 60, 429, 155, 428, 157, 1, -2, -1.1071487177940904, 2.23606797749979
1755, 64, 280, 384, 279, 385, 1, -1, -0.7853981633974483, 1.4142135623730951
1755, 70, 275, 398, 274, 399, 1, -1, -0.7853981633974483, 1.4142135623730951
1755, 74, 584, 332, 583, 331, 1, 1, 0.7853981633974483, 1.4142135623730951
1756, 4, 444, 329, 443, 330, 1, -1, -0.7853981633974483, 1.4142135623730951
1756, 8, 467, 136, 466, 137, 1, -1, -0.7853981633974483, 1.4142135623730951
1756, 11, 626, 306, 627, 305, -1, 1, 2.356194490192345, 1.4142135623730951
1756, 15, 473, 107, 472, 108, 1, -1, -0.7853981633974483, 1.4142135623730951
1756, 20, 268, 406, 267, 407, 1, -1, -0.7853981633974483, 1.4142135623730951
1756, 26, 542, 165, 541, 163, 1, 2, 1.1071487177940904, 2.23606797749979
1756, 29, 223, 226, 222, 227, 1, -1, -0.7853981633974483, 1.4142135623730951
1756, 32, 529, 168, 527, 165, 2, 3, 0.982793723247329, 3.605551275463989
1756, 35, 413, 126, 412, 128, 1, -2, -1.1071487177940904, 2.23606797749979
1756, 38, 557, 247, 559, 246, -2, 1, 2.677945044588987, 2.23606797749979
1756, 40, 615, 326, 614, 325, 1, 1, 0.7853981633974483, 1.4142135623730951
1756, 41, 536, 131, 535, 130, 1, 1, 0.7853981633974483, 1.4142135623730951
1756, 43, 379, 261, 379, 263, 0, -2, -1.5707963267948966, 2.0
1756, 57, 463, 286, 463, 288, 0, -2, -1.5707963267948966, 2.0
1756, 65, 441, 238, 442, 240, -1, -2, -2.0344439357957027, 2.23606797749979
1756, 66, 310, 399, 309, 401, 1, -2, -1.1071487177940904, 2.23606797749979
1757, 2, 444, 121, 443, 122, 1, -1, -0.7853981633974483, 1.4142135623730951
1757, 15, 474, 106, 473, 107, 1, -1, -0.7853981633974483, 1.4142135623730951
1757, 16, 271, 412, 270, 413, 1, -1, -0.7853981633974483, 1.4142135623730951
1757, 20, 269, 405, 268, 406, 1, -1, -0.7853981633974483, 1.4142135623730951
1757, 25, 544, 167, 542, 165, 2, 2, 0.7853981633974483, 2.8284271247461903
1757, 31, 531, 171, 529, 168, 2, 3, 0.982793723247329, 3.605551275463989
1757, 33, 414, 125, 413, 126, 1, -1, -0.7853981633974483, 1.4142135623730951
1757, 35, 187, 407, 186, 408, 1, -1, -0.7853981633974483, 1.4142135623730951
1757, 45, 447, 295, 447, 297, 0, -2, -1.5707963267948966, 2.0
1757, 48, 591, 227, 590, 225, 1, 2, 1.1071487177940904, 2.23606797749979
1757, 56, 281, 382, 280, 383, 1, -1, -0.7853981633974483, 1.4142135623730951
1757, 58, 366, 384, 365, 385, 1, -1, -0.7853981633974483, 1.4142135623730951
1757, 60, 276, 397, 275, 398, 1, -1, -0.7853981633974483, 1.4142135623730951
1757, 62, 312, 398, 310, 399, 2, -1, -0.4636476090008061, 2.23606797749979
1758, 4, 445, 327, 444, 328, 1, -1, -0.7853981633974483, 1.4142135623730951
1758, 17, 271, 404, 269, 405, 2, -1, -0.4636476090008061, 2.23606797749979
1758, 21, 546, 168, 544, 167, 2, 1, 0.4636476090008061, 2.23606797749979
1758, 23, 386, 359, 385, 358, 1, 1, 0.7853981633974483, 1.4142135623730951
1758, 26, 533, 173, 531, 171, 2, 2, 0.7853981633974483, 2.8284271247461903
1758, 28, 415, 124, 414, 125, 1, -1, -0.7853981633974483, 1.4142135623730951
1758, 34, 537, 133, 536, 132, 1, 1, 0.7853981633974483, 1.4142135623730951
1758, 39, 447, 293, 447, 295, 0, -2, -1.5707963267948966, 2.0
1758, 49, 462, 282, 463, 285, -1, -3, -1.892546881191539, 3.1622776601683795
1758, 55, 313, 397, 312, 398, 1, -1, -0.7853981633974483, 1.4142135623730951
1759, 2, 445, 119, 444, 120, 1, -1, -0.7853981633974483, 1.4142135623730951
1759, 4, 446, 326, 445, 327, 1, -1, -0.7853981633974483, 1.4142135623730951
1759, 6, 469, 133, 468, 135, 1, -2, -1.1071487177940904, 2.23606797749979
1759, 12, 475, 105, 474, 106, 1, -1, -0.7853981633974483, 1.4142135623730951
1759, 13, 272, 410, 271, 411, 1, -1, -0.7853981633974483, 1.4142135623730951
1759, 16, 272, 403, 271, 404, 1, -1, -0.7853981633974483, 1.4142135623730951
1759, 20, 547, 167, 546, 168, 1, -1, -0.7853981633974483, 1.4142135623730951
1759, 25, 537, 174, 533, 173, 4, 1, 0.24497866312686414, 4.123105625617661
1759, 27, 416, 123, 415, 124, 1, -1, -0.7853981633974483, 1.4142135623730951
1759, 35, 260, 316, 261, 315, -1, 1, 2.356194490192345, 1.4142135623730951
1759, 39, 128, 307, 128, 309, 0, -2, -1.5707963267948966, 2.0
1759, 40, 592, 229, 591, 228, 1, 1, 0.7853981633974483, 1.4142135623730951
1759, 41, 393, 299, 393, 301, 0, -2, -1.5707963267948966, 2.0
1760, 5, 446, 328, 445, 329, 1, -1, -0.7853981633974483, 1.4142135623730951
1760, 9, 446, 122, 445, 123, 1, -1, -0.7853981633974483, 1.4142135623730951
1760, 15, 535, 168, 534, 167, 1, 1, 0.7853981633974483, 1.4142135623730951
1760, 16, 406, 258, 406, 260, 0, -2, -1.5707963267948966, 2.0
1760, 19, 477, 108, 476, 109, 1, -1, -0.7853981633974483, 1.4142135623730951
1760, 21, 389, 158, 389, 160, 0, -2, -1.5707963267948966, 2.0
1760, 28, 271, 406, 270, 407, 1, -1, -0.7853981633974483, 1.4142135623730951
1760, 29, 448, 234, 449, 236, -1, -2, -2.0344439357957027, 2.23606797749979
1760, 36, 439, 235, 439, 237, 0, -2, -1.5707963267948966, 2.0
1760, 37, 363, 308, 363, 310, 0, -2, -1.5707963267948966, 2.0
1760, 40, 284, 386, 283, 387, 1, -1, -0.7853981633974483, 1.4142135623730951
1760, 43, 441, 322, 440, 323, 1, -1, -0.7853981633974483, 1.4142135623730951
1760, 45, 447, 295, 447, 297, 0, -2, -1.5707963267948966, 2.0
1760, 55, 600, 238, 599, 237, 1, 1, 0.7853981633974483, 1.4142135623730951
1760, 57, 392, 342, 394, 341, -2, 1, 2.677945044588987, 2.23606797749979
1760, 63, 600, 252, 600, 254, 0, -2, -1.5707963267948966, 2.0
1760, 74, 618, 349, 617, 348, 1, 1, 0.7853981633974483, 1.4142135623730951
1760, 81, 459, 276, 460, 275, -1, 1, 2.356194490192345, 1.4142135623730951
1761, 5, 447, 327, 446, 328, 1, -1, -0.7853981633974483, 1.4142135623730951
1761, 8, 447, 121, 446, 122, 1, -1, -0.7853981633974483, 1.4142135623730951
1761, 10, 275, 413, 274, 414, 1, -1, -0.7853981633974483, 1.4142135623730951
1761, 14, 536, 169, 535, 168, 1, 1, 0.7853981633974483, 1.4142135623730951
1761, 17, 478, 107, 477, 108, 1, -1, -0.7853981633974483, 1.4142135623730951
1761, 21, 137, 284, 140, 284, -3, 0, 3.141592653589793, 3.0
1761, 24, 272, 405, 271, 406, 1, -1, -0.7853981633974483, 1.4142135623730951
1761, 30, 439, 233, 439, 235, 0, -2, -1.5707963267948966, 2.0
1761, 39, 447, 293, 447, 295, 0, -2, -1.5707963267948966, 2.0
1761, 40, 462, 114, 461, 115, 1, -1, -0.7853981633974483, 1.4142135623730951
1761, 46, 603, 240, 600, 238, 3, 2, 0.5880026035475675, 3.605551275463989
1761, 54, 600, 250, 600, 252, 0, -2, -1.5707963267948966, 2.0
1761, 56, 583, 336, 582, 335, 1, 1, 0.7853981633974483, 1.4142135623730951
1761, 59, 380, 206, 380, 208, 0, -2, -1.5707963267948966, 2.0
1761, 71, 458, 277, 459, 276, -1, 1, 2.356194490192345, 1.4142135623730951
1761, 73, 574, 209, 574, 207, 0, 2, 1.5707963267948966, 2.0
1762, 13, 537, 170, 536, 169, 1, 1, 0.7853981633974483, 1.4142135623730951
1762, 17, 192, 375, 191, 376, 1, -1, -0.7853981633974483, 1.4142135623730951
1762, 23, 273, 404, 272, 405, 1, -1, -0.7853981633974483, 1.4142135623730951
1762, 29, 438, 231, 439, 233, -1, -2, -2.0344439357957027, 2.23606797749979
1762, 30, 363, 304, 363, 307, 0, -3, -1.5707963267948966, 3.0
1762, 37, 547, 170, 546, 168, 1, 2, 1.1071487177940904, 2.23606797749979
1762, 39, 464, 112, 462, 114, 2, -2, -0.7853981633974483, 2.8284271247461903
1762, 43, 466, 130, 465, 131, 1, -1, -0.7853981633974483, 1.4142135623730951
1762, 45, 603, 243, 603, 240, 0, 3, 1.5707963267948966, 3.0
1762, 47, 391, 343, 392, 342, -1, 1, 2.356194490192345, 1.4142135623730951
1762, 48, 605, 320, 604, 319, 1, 1, 0.7853981633974483, 1.4142135623730951
1762, 51, 599, 248, 600, 250, -1, -2, -2.0344439357957027, 2.23606797749979
1763, 4, 448, 325, 447, 326, 1, -1, -0.7853981633974483, 1.4142135623730951
1763, 7, 449, 120, 448, 121, 1, -1, -0.7853981633974483, 1.4142135623730951
1763, 9, 276, 411, 275, 412, 1, -1, -0.7853981633974483, 1.4142135623730951
1763, 13, 538, 171, 537, 170, 1, 1, 0.7853981633974483, 1.4142135623730951
1763, 29, 438, 229, 438, 231, 0, -2, -1.5707963267948966, 2.0
1763, 30, 362, 302, 363, 304, -1, -2, -2.0344439357957027, 2.23606797749979
1763, 38, 601, 285, 602, 284, -1, 1, 2.356194490192345, 1.4142135623730951
1763, 43, 604, 245, 603, 243, 1, 2, 1.1071487177940904, 2.23606797749979
1763, 50, 600, 307, 601, 306, -1, 1, 2.356194490192345, 1.4142135623730951
1763, 51, 584, 338, 583, 337, 1, 1, 0.7853981633974483, 1.4142135623730951
1763, 57, 621, 349, 619, 349, 2, 0, 0.0, 2.0
1764, 7, 450, 119, 449, 120, 1, -1, -0.7853981633974483, 1.4142135623730951
1764, 12, 539, 172, 538, 171, 1, 1, 0.7853981633974483, 1.4142135623730951
1764, 14, 482, 107, 480, 107, 2, 0, 0.0, 2.0
1764, 27, 438, 226, 438, 229, 0, -3, -1.5707963267948966, 3.0
1764, 28, 361, 300, 362, 302, -1, -2, -2.0344439357957027, 2.23606797749979
1764, 34, 548, 172, 547, 171, 1, 1, 0.7853981633974483, 1.4142135623730951
1764, 40, 365, 353, 364, 354, 1, -1, -0.7853981633974483, 1.4142135623730951
1764, 43, 389, 344, 390, 343, -1, 1, 2.356194490192345, 1.4142135623730951
1764, 54, 559, 285, 561, 286, -2, -1, -2.677945044588987, 2.23606797749979
1765, 5, 450, 327, 449, 328, 1, -1, -0.7853981633974483, 1.4142135623730951
1765, 10, 277, 413, 276, 414, 1, -1, -0.7853981633974483, 1.4142135623730951
1765, 12, 482, 106, 479, 108, 3, -2, -0.5880026035475675, 3.605551275463989
1765, 13, 469, 133, 468, 134, 1, -1, -0.7853981633974483, 1.4142135623730951
1765, 19, 388, 155, 389, 159, -1, -4, -1.8157749899217608, 4.123105625617661
1765, 24, 550, 173, 548, 171, 2, 2, 0.7853981633974483, 2.8284271247461903
1765, 25, 361, 306, 363, 309, -2, -3, -2.158798930342464, 3.605551275463989
1765, 28, 190, 406, 189, 409, 1, -3, -1.2490457723982544, 3.1622776601683795
1765, 29, 422, 196, 422, 198, 0, -2, -1.5707963267948966, 2.0
1765, 31, 610, 252, 609, 251, 1, 1, 0.7853981633974483, 1.4142135623730951
1765, 33, 607, 288, 605, 287, 2, 1, 0.4636476090008061, 2.23606797749979
1765, 48, 279, 404, 278, 405, 1, -1, -0.7853981633974483, 1.4142135623730951
1765, 49, 193, 373, 193, 376, 0, -3, -1.5707963267948966, 3.0
1765, 50, 314, 376, 313, 377, 1, -1, -0.7853981633974483, 1.4142135623730951
1765, 63, 418, 317, 417, 319, 1, -2, -1.1071487177940904, 2.23606797749979
1765, 64, 307, 347, 306, 348, 1, -1, -0.7853981633974483, 1.4142135623730951
1765, 66, 379, 330, 378, 331, 1, -1, -0.7853981633974483, 1.4142135623730951
1765, 68, 420, 122, 419, 123, 1, -1, -0.7853981633974483, 1.4142135623730951
1765, 75, 584, 271, 583, 269, 1, 2, 1.1071487177940904, 2.23606797749979
1765, 76, 421, 150, 420, 152, 1, -2, -1.1071487177940904, 2.23606797749979
1766, 4, 306, 354, 305, 355, 1, -1, -0.7853981633974483, 1.4142135623730951
1766, 5, 451, 326, 450, 327, 1, -1, -0.7853981633974483, 1.4142135623730951
1766, 11, 450, 121, 449, 122, 1, -1, -0.7853981633974483, 1.4142135623730951
1766, 12, 483, 105, 482, 106, 1, -1, -0.7853981633974483, 1.4142135623730951
1766, 21, 551, 174, 550, 173, 1, 1, 0.7853981633974483, 1.4142135623730951
1766, 22, 361, 304, 361, 306, 0, -2, -1.5707963267948966, 2.0
1766, 43, 315, 375, 314, 376, 1, -1, -0.7853981633974483, 1.4142135623730951
1766, 46, 389, 347, 390, 346, -1, 1, 2.356194490192345, 1.4142135623730951
1766, 58, 380, 328, 379, 330, 1, -2, -1.1071487177940904, 2.23606797749979
1766, 65, 459, 283, 460, 282, -1, 1, 2.356194490192345, 1.4142135623730951
1766, 67, 422, 148, 421, 150, 1, -2, -1.1071487177940904, 2.23606797749979
1766, 69, 490, 148, 489, 149, 1, -1, -0.7853981633974483, 1.4142135623730951
1767, 9, 451, 120, 450, 121, 1, -1, -0.7853981633974483, 1.4142135623730951
1767, 10, 484, 104, 483, 105, 1, -1, -0.7853981633974483, 1.4142135623730951
1767, 18, 361, 302, 361, 304, 0, -2, -1.5707963267948966, 2.0
1767, 21, 627, 312, 628, 311, -1, 1, 2.356194490192345, 1.4142135623730951
1767, 34, 262, 372, 261, 373, 1, -1, -0.7853981633974483, 1.4142135623730951
1767, 35, 281, 403, 280, 404, 1, -1, -0.7853981633974483, 1.4142135623730951
1767, 47, 417, 314, 418, 316, -1, -2, -2.0344439357957027, 2.23606797749979
1767, 56, 458, 285, 459, 283, -1, 2, 2.0344439357957027, 2.23606797749979
1767, 58, 424, 145, 422, 148, 2, -3, -0.982793723247329, 3.605551275463989
1768, 1, 307, 353, 306, 354, 1, -1, -0.7853981633974483, 1.4142135623730951
1768, 2, 451, 323, 451, 325, 0, -2, -1.5707963267948966, 2.0
1768, 9, 486, 103, 484, 104, 2, -1, -0.4636476090008061, 2.23606797749979
1768, 30, 282, 402, 281, 403, 1, -1, -0.7853981633974483, 1.4142135623730951
1768, 32, 316, 373, 315, 374, 1, -1, -0.7853981633974483, 1.4142135623730951
1768, 50, 426, 143, 424, 145, 2, -2, -0.7853981633974483, 2.8284271247461903
1769, 2, 452, 322, 451, 323, 1, -1, -0.7853981633974483, 1.4142135623730951
1769, 7, 452, 118, 451, 119, 1, -1, -0.7853981633974483, 1.4142135623730951
1769, 8, 487, 102, 486, 103, 1, -1, -0.7853981633974483, 1.4142135623730951
1769, 26, 286, 383, 285, 384, 1, -1, -0.7853981633974483, 1.4142135623730951
1769, 45, 562, 289, 563, 288, -1, 1, 2.356194490192345, 1.4142135623730951
1769, 47, 581, 272, 583, 272, -2, 0, 3.141592653589793, 2.0
1769, 50, 492, 146, 491, 147, 1, -1, -0.7853981633974483, 1.4142135623730951
1770, 1, 387, 238, 388, 240, -1, -2, -2.0344439357957027, 2.23606797749979
1770, 7, 453, 120, 452, 121, 1, -1, -0.7853981633974483, 1.4142135623730951
1770, 8, 285, 403, 284, 404, 1, -1, -0.7853981633974483, 1.4142135623730951
1770, 14, 486, 107, 484, 107, 2, 0, 0.0, 2.0
1770, 27, 370, 355, 369, 356, 1, -1, -0.7853981633974483, 1.4142135623730951
1770, 33, 537, 177, 536, 175, 1, 2, 1.1071487177940904, 2.23606797749979
1770, 36, 474, 110, 473, 111, 1, -1, -0.7853981633974483, 1.4142135623730951
1770, 38, 479, 117, 478, 118, 1, -1, -0.7853981633974483, 1.4142135623730951
1771, 0, 453, 323, 452, 324, 1, -1, -0.7853981633974483, 1.4142135623730951
1771, 1, 308, 355, 307, 356, 1, -1, -0.7853981633974483, 1.4142135623730951
1771, 3, 454, 119, 453, 120, 1, -1, -0.7853981633974483, 1.4142135623730951
1771, 16, 196, 375, 195, 376, 1, -1, -0.7853981633974483, 1.4142135623730951
1771, 27, 538, 180, 537, 177, 1, 3, 1.2490457723982544, 3.1622776601683795
1771, 30, 475, 109, 474, 110, 1, -1, -0.7853981633974483, 1.4142135623730951
1771, 31, 443, 322, 442, 323, 1, -1, -0.7853981633974483, 1.4142135623730951
1772, 0, 454, 321, 453, 323, 1, -2, -1.1071487177940904, 2.23606797749979
1772, 3, 455, 118, 454, 119, 1, -1, -0.7853981633974483, 1.4142135623730951
1772, 10, 487, 105, 486, 106, 1, -1, -0.7853981633974483, 1.4142135623730951
1772, 27, 539, 183, 538, 180, 1, 3, 1.2490457723982544, 3.1622776601683795
1772, 30, 476, 108, 475, 109, 1, -1, -0.7853981633974483, 1.4142135623730951
1772, 34, 364, 303, 364, 305, 0, -2, -1.5707963267948966, 2.0
1773, 14, 197, 374, 196, 375, 1, -1, -0.7853981633974483, 1.4142135623730951
1773, 25, 541, 185, 539, 183, 2, 2, 0.7853981633974483, 2.8284271247461903
1773, 26, 284, 413, 283, 414, 1, -1, -0.7853981633974483, 1.4142135623730951
1773, 28, 477, 107, 476, 108, 1, -1, -0.7853981633974483, 1.4142135623730951
1773, 29, 480, 115, 479, 116, 1, -1, -0.7853981633974483, 1.4142135623730951
1774, 0, 455, 318, 454, 320, 1, -2, -1.1071487177940904, 2.23606797749979
1774, 1, 309, 353, 308, 354, 1, -1, -0.7853981633974483, 1.4142135623730951
1774, 28, 479, 106, 477, 107, 2, -1, -0.4636476090008061, 2.23606797749979
1774, 29, 481, 114, 480, 115, 1, -1, -0.7853981633974483, 1.4142135623730951
1774, 31, 363, 303, 364, 302, -1, 1, 2.356194490192345, 1.4142135623730951
1775, 3, 454, 321, 454, 323, 0, -2, -1.5707963267948966, 2.0
1775, 6, 457, 120, 456, 121, 1, -1, -0.7853981633974483, 1.4142135623730951
1775, 11, 489, 106, 488, 107, 1, -1, -0.7853981633974483, 1.4142135623730951
1775, 18, 446, 327, 445, 328, 1, -1, -0.7853981633974483, 1.4142135623730951
1775, 19, 390, 153, 390, 155, 0, -2, -1.5707963267948966, 2.0
1775, 20, 483, 115, 482, 116, 1, -1, -0.7853981633974483, 1.4142135623730951
1775, 27, 427, 123, 426, 124, 1, -1, -0.7853981633974483, 1.4142135623730951
1775, 30, 480, 107, 478, 108, 2, -1, -0.4636476090008061, 2.23606797749979
1775, 34, 382, 248, 381, 250, 1, -2, -1.1071487177940904, 2.23606797749979
1775, 42, 385, 317, 385, 319, 0, -2, -1.5707963267948966, 2.0
1775, 45, 382, 156, 382, 158, 0, -2, -1.5707963267948966, 2.0
1776, 1, 431, 189, 432, 191, -1, -2, -2.0344439357957027, 2.23606797749979
1776, 3, 454, 319, 454, 321, 0, -2, -1.5707963267948966, 2.0
1776, 11, 491, 105, 489, 106, 2, -1, -0.4636476090008061, 2.23606797749979
1776, 12, 198, 374, 197, 375, 1, -1, -0.7853981633974483, 1.4142135623730951
1776, 16, 447, 325, 446, 327, 1, -2, -1.1071487177940904, 2.23606797749979
1776, 23, 428, 122, 427, 123, 1, -1, -0.7853981633974483, 1.4142135623730951
1776, 26, 482, 107, 480, 107, 2, 0, 0.0, 2.0
1776, 28, 556, 182, 555, 181, 1, 1, 0.7853981633974483, 1.4142135623730951
1776, 30, 382, 246, 382, 248, 0, -2, -1.5707963267948966, 2.0
1776, 32, 590, 343, 589, 342, 1, 1, 0.7853981633974483, 1.4142135623730951
1776, 39, 553, 146, 552, 145, 1, 1, 0.7853981633974483, 1.4142135623730951
1776, 40, 382, 154, 382, 156, 0, -2, -1.5707963267948966, 2.0
1777, 0, 430, 187, 431, 189, -1, -2, -2.0344439357957027, 2.23606797749979
1777, 5, 459, 118, 457, 119, 2, -1, -0.4636476090008061, 2.23606797749979
1777, 10, 492, 104, 491, 105, 1, -1, -0.7853981633974483, 1.4142135623730951
1777, 13, 228, 370, 230, 370, -2, 0, 3.141592653589793, 2.0
1777, 14, 448, 323, 447, 325, 1, -2, -1.1071487177940904, 2.23606797749979
1777, 15, 483, 112, 483, 114, 0, -2, -1.5707963267948966, 2.0
1777, 24, 484, 106, 482, 107, 2, -1, -0.4636476090008061, 2.23606797749979
1777, 26, 557, 184, 556, 182, 1, 2, 1.1071487177940904, 2.23606797749979
1777, 28, 382, 244, 382, 246, 0, -2, -1.5707963267948966, 2.0
1777, 36, 554, 147, 553, 146, 1, 1, 0.7853981633974483, 1.4142135623730951
1777, 37, 382, 152, 382, 154, 0, -2, -1.5707963267948966, 2.0
1777, 44, 233, 313, 234, 312, -1, 1, 2.356194490192345, 1.4142135623730951
1778, 2, 454, 316, 454, 318, 0, -2, -1.5707963267948966, 2.0
1778, 5, 460, 117, 459, 118, 1, -1, -0.7853981633974483, 1.4142135623730951
1778, 10, 493, 103, 492, 104, 1, -1, -0.7853981633974483, 1.4142135623730951
1778, 12, 285, 413, 284, 414, 1, -1, -0.7853981633974483, 1.4142135623730951
1778, 15, 484, 111, 483, 112, 1, -1, -0.7853981633974483, 1.4142135623730951
1778, 21, 429, 121, 428, 122, 1, -1, -0.7853981633974483, 1.4142135623730951
1778, 23, 486, 106, 484, 106, 2, 0, 0.0, 2.0
1778, 27, 381, 242, 382, 244, -1, -2, -2.0344439357957027, 2.23606797749979
1778, 34, 556, 147, 554, 147, 2, 0, 0.0, 2.0
1778, 35, 382, 150, 382, 152, 0, -2, -1.5707963267948966, 2.0
1779, 4, 461, 116, 460, 117, 1, -1, -0.7853981633974483, 1.4142135623730951
1779, 9, 495, 102, 493, 103, 2, -1, -0.4636476090008061, 2.23606797749979
1779, 12, 226, 370, 228, 370, -2, 0, 3.141592653589793, 2.0
1779, 13, 449, 323, 448, 322, 1, 1, 0.7853981633974483, 1.4142135623730951
1779, 14, 485, 110, 484, 111, 1, -1, -0.7853981633974483, 1.4142135623730951
1779, 24, 558, 187, 557, 185, 1, 2, 1.1071487177940904, 2.23606797749979
1779, 33, 383, 149, 382, 150, 1, -1, -0.7853981633974483, 1.4142135623730951
1780, 2, 457, 320, 457, 322, 0, -2, -1.5707963267948966, 2.0
1780, 6, 461, 119, 460, 120, 1, -1, -0.7853981633974483, 1.4142135623730951
1780, 7, 157, 366, 158, 368, -1, -2, -2.0344439357957027, 2.23606797749979
1780, 9, 287, 414, 286, 415, 1, -1, -0.7853981633974483, 1.4142135623730951
1780, 14, 494, 105, 493, 106, 1, -1, -0.7853981633974483, 1.4142135623730951
1780, 16, 238, 194, 239, 193, -1, 1, 2.356194490192345, 1.4142135623730951
1780, 21, 362, 299, 363, 301, -1, -2, -2.0344439357957027, 2.23606797749979
1780, 42, 202, 366, 201, 367, 1, -1, -0.7853981633974483, 1.4142135623730951
1780, 47, 604, 255, 602, 254, 2, 1, 0.4636476090008061, 2.23606797749979
1781, 5, 462, 118, 461, 119, 1, -1, -0.7853981633974483, 1.4142135623730951
1781, 11, 496, 104, 494, 105, 2, -1, -0.4636476090008061, 2.23606797749979
1781, 12, 451, 314, 451, 316, 0, -2, -1.5707963267948966, 2.0
1781, 13, 237, 195, 238, 194, -1, 1, 2.356194490192345, 1.4142135623730951
1781, 23, 290, 320, 289, 321, 1, -1, -0.7853981633974483, 1.4142135623730951
1781, 35, 203, 365, 202, 366, 1, -1, -0.7853981633974483, 1.4142135623730951
1781, 40, 606, 254, 604, 255, 2, -1, -0.4636476090008061, 2.23606797749979
1781, 43, 598, 345, 597, 344, 1, 1, 0.7853981633974483, 1.4142135623730951
1782, 1, 458, 317, 457, 319, 1, -2, -1.1071487177940904, 2.23606797749979
1782, 5, 463, 117, 462, 118, 1, -1, -0.7853981633974483, 1.4142135623730951
1782, 11, 497, 103, 496, 104, 1, -1, -0.7853981633974483, 1.4142135623730951
1782, 12, 451, 312, 451, 314, 0, -2, -1.5707963267948966, 2.0
1782, 27, 307, 185, 305, 188, 2, -3, -0.982793723247329, 3.605551275463989
1782, 34, 204, 364, 203, 365, 1, -1, -0.7853981633974483, 1.4142135623730951
1782, 39, 605, 252, 606, 254, -1, -2, -2.0344439357957027, 2.23606797749979
1783, 6, 622, 255, 623, 254, -1, 1, 2.356194490192345, 1.4142135623730951
1783, 7, 289, 412, 288, 413, 1, -1, -0.7853981633974483, 1.4142135623730951
1783, 9, 498, 102, 497, 103, 1, -1, -0.7853981633974483, 1.4142135623730951
1783, 10, 452, 311, 451, 312, 1, -1, -0.7853981633974483, 1.4142135623730951
1783, 11, 238, 194, 237, 195, 1, -1, -0.7853981633974483, 1.4142135623730951
1783, 27, 198, 333, 199, 332, -1, 1, 2.356194490192345, 1.4142135623730951
1783, 28, 374, 349, 373, 350, 1, -1, -0.7853981633974483, 1.4142135623730951
1783, 30, 205, 363, 204, 364, 1, -1, -0.7853981633974483, 1.4142135623730951
1783, 35, 603, 250, 605, 252, -2, -2, -2.356194490192345, 2.8284271247461903
1784, 0, 313, 352, 312, 353, 1, -1, -0.7853981633974483, 1.4142135623730951
1784, 6, 290, 411, 289, 412, 1, -1, -0.7853981633974483, 1.4142135623730951
1784, 7, 544, 190, 543, 187, 1, 3, 1.2490457723982544, 3.1622776601683795
1784, 8, 501, 101, 498, 102, 3, -1, -0.3217505543966422, 3.1622776601683795
1784, 9, 452, 309, 452, 311, 0, -2, -1.5707963267948966, 2.0
1784, 15, 274, 322, 273, 321, 1, 1, 0.7853981633974483, 1.4142135623730951
1784, 32, 602, 248, 603, 250, -1, -2, -2.0344439357957027, 2.23606797749979
1785, 5, 486, 132, 485, 133, 1, -1, -0.7853981633974483, 1.4142135623730951
1785, 6, 465, 117, 464, 119, 1, -2, -1.1071487177940904, 2.23606797749979
1785, 17, 501, 105, 499, 106, 2, -1, -0.4636476090008061, 2.23606797749979
1785, 28, 546, 191, 545, 188, 1, 3, 1.2490457723982544, 3.1622776601683795
1785, 38, 635, 331, 634, 332, 1, -1, -0.7853981633974483, 1.4142135623730951
1785, 41, 362, 298, 363, 300, -1, -2, -2.0344439357957027, 2.23606797749979
1785, 45, 288, 169, 286, 170, 2, -1, -0.4636476090008061, 2.23606797749979
1785, 52, 253, 271, 251, 273, 2, -2, -0.7853981633974483, 2.8284271247461903
1785, 55, 233, 209, 232, 211, 1, -2, -1.1071487177940904, 2.23606797749979
1785, 56, 376, 348, 375, 349, 1, -1, -0.7853981633974483, 1.4142135623730951
1785, 57, 563, 268, 562, 267, 1, 1, 0.7853981633974483, 1.4142135623730951
1785, 59, 556, 154, 555, 153, 1, 1, 0.7853981633974483, 1.4142135623730951
1785, 61, 561, 190, 560, 189, 1, 1, 0.7853981633974483, 1.4142135623730951
1786, 13, 290, 412, 289, 413, 1, -1, -0.7853981633974483, 1.4142135623730951
1786, 15, 503, 104, 501, 105, 2, -1, -0.4636476090008061, 2.23606797749979
1786, 23, 547, 194, 546, 191, 1, 3, 1.2490457723982544, 3.1622776601683795
1786, 33, 294, 363, 293, 364, 1, -1, -0.7853981633974483, 1.4142135623730951
1786, 35, 362, 296, 362, 298, 0, -2, -1.5707963267948966, 2.0
1786, 54, 562, 191, 561, 190, 1, 1, 0.7853981633974483, 1.4142135623730951
1787, 1, 314, 353, 313, 354, 1, -1, -0.7853981633974483, 1.4142135623730951
1787, 2, 459, 316, 458, 317, 1, -1, -0.7853981633974483, 1.4142135623730951
1787, 4, 466, 116, 465, 117, 1, -1, -0.7853981633974483, 1.4142135623730951
1787, 12, 291, 411, 290, 412, 1, -1, -0.7853981633974483, 1.4142135623730951
1787, 14, 505, 103, 503, 104, 2, -1, -0.4636476090008061, 2.23606797749979
1787, 20, 285, 406, 284, 407, 1, -1, -0.7853981633974483, 1.4142135623730951
1787, 22, 548, 197, 547, 194, 1, 3, 1.2490457723982544, 3.1622776601683795
1787, 24, 228, 374, 227, 375, 1, -1, -0.7853981633974483, 1.4142135623730951
1787, 48, 557, 156, 556, 155, 1, 1, 0.7853981633974483, 1.4142135623730951
1787, 50, 564, 192, 562, 191, 2, 1, 0.4636476090008061, 2.23606797749979
1788, 4, 467, 115, 466, 116, 1, -1, -0.7853981633974483, 1.4142135623730951
1788, 12, 292, 410, 291, 411, 1, -1, -0.7853981633974483, 1.4142135623730951
1788, 14, 506, 102, 505, 103, 1, -1, -0.7853981633974483, 1.4142135623730951
1788, 18, 286, 404, 285, 406, 1, -2, -1.1071487177940904, 2.23606797749979
1788, 20, 550, 200, 548, 197, 2, 3, 0.982793723247329, 3.605551275463989
1788, 29, 295, 361, 294, 362, 1, -1, -0.7853981633974483, 1.4142135623730951
1788, 31, 361, 293, 362, 295, -1, -2, -2.0344439357957027, 2.23606797749979
1788, 47, 565, 194, 564, 192, 1, 2, 1.1071487177940904, 2.23606797749979
1789, 2, 460, 314, 459, 315, 1, -1, -0.7853981633974483, 1.4142135623730951
1789, 3, 487, 128, 486, 129, 1, -1, -0.7853981633974483, 1.4142135623730951
1789, 4, 469, 115, 467, 115, 2, 0, 0.0, 2.0
1789, 10, 293, 409, 292, 410, 1, -1, -0.7853981633974483, 1.4142135623730951
1789, 12, 507, 101, 506, 102, 1, -1, -0.7853981633974483, 1.4142135623730951
1789, 16, 287, 403, 286, 404, 1, -1, -0.7853981633974483, 1.4142135623730951
1789, 18, 551, 202, 550, 200, 1, 2, 1.1071487177940904, 2.23606797749979
1789, 20, 229, 373, 228, 374, 1, -1, -0.7853981633974483, 1.4142135623730951
1789, 38, 611, 257, 612, 256, -1, 1, 2.356194490192345, 1.4142135623730951
1789, 41, 558, 158, 557, 157, 1, 1, 0.7853981633974483, 1.4142135623730951
1789, 43, 566, 195, 565, 194, 1, 1, 0.7853981633974483, 1.4142135623730951
1790, 19, 490, 136, 489, 137, 1, -1, -0.7853981633974483, 1.4142135623730951
1790, 20, 506, 105, 505, 106, 1, -1, -0.7853981633974483, 1.4142135623730951
1790, 23, 294, 402, 293, 403, 1, -1, -0.7853981633974483, 1.4142135623730951
1790, 27, 126, 363, 125, 365, 1, -2, -1.1071487177940904, 2.23606797749979
1790, 39, 300, 384, 299, 385, 1, -1, -0.7853981633974483, 1.4142135623730951
1790, 46, 551, 201, 550, 199, 1, 2, 1.1071487177940904, 2.23606797749979
1790, 49, 629, 348, 628, 349, 1, -1, -0.7853981633974483, 1.4142135623730951
1790, 56, 457, 289, 460, 291, -3, -2, -2.5535900500422257, 3.605551275463989
1790, 67, 405, 337, 405, 340, 0, -3, -1.5707963267948966, 3.0
1791, 2, 461, 315, 460, 316, 1, -1, -0.7853981633974483, 1.4142135623730951
1791, 5, 469, 118, 468, 119, 1, -1, -0.7853981633974483, 1.4142135623730951
1791, 9, 404, 249, 404, 251, 0, -2, -1.5707963267948966, 2.0
1791, 12, 293, 411, 293, 413, 0, -2, -1.5707963267948966, 2.0
1791, 16, 508, 105, 506, 105, 2, 0, 0.0, 2.0
1791, 19, 294, 400, 294, 402, 0, -2, -1.5707963267948966, 2.0
1791, 28, 447, 228, 449, 228, -2, 0, 3.141592653589793, 2.0
1791, 29, 577, 263, 576, 262, 1, 1, 0.7853981633974483, 1.4142135623730951
1791, 32, 301, 383, 300, 384, 1, -1, -0.7853981633974483, 1.4142135623730951
1791, 36, 611, 349, 606, 349, 5, 0, 0.0, 5.0
1791, 39, 552, 203, 551, 201, 1, 2, 1.1071487177940904, 2.23606797749979
1791, 41, 271, 327, 271, 329, 0, -2, -1.5707963267948966, 2.0
1791, 42, 631, 347, 629, 348, 2, -1, -0.4636476090008061, 2.23606797749979
1791, 48, 602, 344, 600, 344, 2, 0, 0.0, 2.0
1791, 49, 455, 288, 457, 289, -2, -1, -2.677945044588987, 2.23606797749979
1791, 59, 405, 335, 405, 337, 0, -2, -1.5707963267948966, 2.0
1792, 1, 431, 182, 431, 184, 0, -2, -1.5707963267948966, 2.0
1792, 16, 509, 104, 508, 105, 1, -1, -0.7853981633974483, 1.4142135623730951
1792, 17, 228, 315, 225, 315, 3, 0, 0.0, 3.0
1792, 19, 295, 399, 294, 400, 1, -1, -0.7853981633974483, 1.4142135623730951
1792, 28, 578, 264, 577, 263, 1, 1, 0.7853981633974483, 1.4142135623730951
1792, 32, 384, 191, 384, 193, 0, -2, -1.5707963267948966, 2.0
1792, 34, 485, 126, 484, 127, 1, -1, -0.7853981633974483, 1.4142135623730951
1792, 38, 554, 205, 552, 203, 2, 2, 0.7853981633974483, 2.8284271247461903
1792, 41, 633, 346, 631, 347, 2, -1, -0.4636476090008061, 2.23606797749979
1792, 58, 449, 201, 449, 203, 0, -2, -1.5707963267948966, 2.0
1793, 0, 316, 352, 315, 353, 1, -1, -0.7853981633974483, 1.4142135623730951
1793, 5, 470, 117, 469, 118, 1, -1, -0.7853981633974483, 1.4142135623730951
1793, 30, 613, 350, 612, 349, 1, 1, 0.7853981633974483, 1.4142135623730951
1793, 36, 635, 345, 633, 346, 2, -1, -0.4636476090008061, 2.23606797749979
1793, 40, 604, 345, 603, 344, 1, 1, 0.7853981633974483, 1.4142135623730951
1793, 48, 380, 344, 379, 346, 1, -2, -1.1071487177940904, 2.23606797749979
1794, 2, 462, 312, 461, 313, 1, -1, -0.7853981633974483, 1.4142135623730951
1794, 5, 471, 116, 470, 117, 1, -1, -0.7853981633974483, 1.4142135623730951
1794, 8, 295, 409, 294, 410, 1, -1, -0.7853981633974483, 1.4142135623730951
1794, 30, 556, 207, 554, 206, 2, 1, 0.4636476090008061, 2.23606797749979
1794, 40, 490, 109, 488, 109, 2, 0, 0.0, 2.0
1794, 43, 566, 270, 567, 269, -1, 1, 2.356194490192345, 1.4142135623730951
1795, 0, 387, 226, 387, 228, 0, -2, -1.5707963267948966, 2.0
1795, 3, 321, 354, 319, 355, 2, -1, -0.4636476090008061, 2.23606797749979
1795, 5, 465, 312, 464, 314, 1, -2, -1.1071487177940904, 2.23606797749979
1795, 8, 624, 264, 626, 262, -2, 2, 2.356194490192345, 2.8284271247461903
1795, 11, 510, 106, 508, 106, 2, 0, 0.0, 2.0
1795, 12, 556, 198, 555, 197, 1, 1, 0.7853981633974483, 1.4142135623730951
1795, 16, 301, 402, 300, 403, 1, -1, -0.7853981633974483, 1.4142135623730951
1795, 17, 616, 266, 615, 263, 1, 3, 1.2490457723982544, 3.1622776601683795
1795, 29, 303, 384, 302, 385, 1, -1, -0.7853981633974483, 1.4142135623730951
1795, 37, 558, 206, 558, 204, 0, 2, 1.5707963267948966, 2.0
1795, 47, 212, 330, 210, 331, 2, -1, -0.4636476090008061, 2.23606797749979
1795, 49, 499, 112, 496, 112, 3, 0, 0.0, 3.0
1795, 55, 403, 336, 404, 335, -1, 1, 2.356194490192345, 1.4142135623730951
1796, 8, 512, 106, 510, 106, 2, 0, 0.0, 2.0
1796, 9, 557, 199, 556, 198, 1, 1, 0.7853981633974483, 1.4142135623730951
1796, 13, 302, 401, 301, 402, 1, -1, -0.7853981633974483, 1.4142135623730951
1796, 14, 615, 267, 616, 266, -1, 1, 2.356194490192345, 1.4142135623730951
1796, 16, 296, 411, 295, 412, 1, -1, -0.7853981633974483, 1.4142135623730951
1796, 21, 391, 141, 391, 143, 0, -2, -1.5707963267948966, 2.0
1796, 33, 559, 207, 558, 206, 1, 1, 0.7853981633974483, 1.4142135623730951
1796, 41, 209, 329, 212, 330, -3, -1, -2.819842099193151, 3.1622776601683795
1796, 43, 500, 111, 499, 112, 1, -1, -0.7853981633974483, 1.4142135623730951
1796, 46, 381, 345, 380, 346, 1, -1, -0.7853981633974483, 1.4142135623730951
1796, 49, 402, 337, 403, 336, -1, 1, 2.356194490192345, 1.4142135623730951
1797, 8, 514, 106, 512, 106, 2, 0, 0.0, 2.0
1797, 9, 558, 200, 557, 199, 1, 1, 0.7853981633974483, 1.4142135623730951
1797, 14, 473, 116, 472, 117, 1, -1, -0.7853981633974483, 1.4142135623730951
1797, 30, 488, 130, 487, 129, 1, 1, 0.7853981633974483, 1.4142135623730951
1797, 37, 451, 285, 451, 287, 0, -2, -1.5707963267948966, 2.0
1797, 38, 421, 139, 420, 140, 1, -1, -0.7853981633974483, 1.4142135623730951
1797, 39, 207, 329, 209, 329, -2, 0, 3.141592653589793, 2.0
1797, 47, 401, 338, 402, 337, -1, 1, 2.356194490192345, 1.4142135623730951
1798, 9, 559, 201, 558, 200, 1, 1, 0.7853981633974483, 1.4142135623730951
1798, 12, 474, 115, 473, 116, 1, -1, -0.7853981633974483, 1.4142135623730951
1798, 19, 272, 332, 271, 331, 1, 1, 0.7853981633974483, 1.4142135623730951
1798, 26, 494, 135, 493, 136, 1, -1, -0.7853981633974483, 1.4142135623730951
1798, 27, 489, 131, 488, 130, 1, 1, 0.7853981633974483, 1.4142135623730951
1798, 32, 603, 298, 604, 297, -1, 1, 2.356194490192345, 1.4142135623730951
1798, 34, 421, 137, 421, 139, 0, -2, -1.5707963267948966, 2.0
1799, 9, 560, 202, 559, 201, 1, 1, 0.7853981633974483, 1.4142135623730951
1799, 12, 477, 115, 474, 115, 3, 0, 0.0, 3.0
1799, 13, 298, 410, 297, 411, 1, -1, -0.7853981633974483, 1.4142135623730951
1799, 18, 391, 137, 391, 139, 0, -2, -1.5707963267948966, 2.0
1799, 20, 247, 207, 245, 205, 2, 2, 0.7853981633974483, 2.8284271247461903
1799, 23, 293, 326, 292, 324, 1, 2, 1.1071487177940904, 2.23606797749979
1799, 25, 495, 134, 494, 135, 1, -1, -0.7853981633974483, 1.4142135623730951
1799, 28, 558, 210, 559, 209, -1, 1, 2.356194490192345, 1.4142135623730951
1799, 32, 451, 282, 451, 285, 0, -3, -1.5707963267948966, 3.0
1799, 33, 422, 136, 421, 137, 1, -1, -0.7853981633974483, 1.4142135623730951
1799, 34, 204, 328, 206, 329, -2, -1, -2.677945044588987, 2.23606797749979
1799, 36, 501, 109, 500, 110, 1, -1, -0.7853981633974483, 1.4142135623730951
1799, 39, 383, 339, 381, 343, 2, -4, -1.1071487177940904, 4.47213595499958
1799, 40, 401, 264, 400, 266, 1, -2, -1.1071487177940904, 2.23606797749979
1800, 27, 364, 290, 364, 292, 0, -2, -1.5707963267948966, 2.0
1800, 36, 457, 318, 455, 317, 2, 1, 0.4636476090008061, 2.23606797749979
1800, 45, 565, 170, 564, 169, 1, 1, 0.7853981633974483, 1.4142135623730951
1800, 48, 302, 387, 301, 388, 1, -1, -0.7853981633974483, 1.4142135623730951
1801, 1, 323, 353, 322, 354, 1, -1, -0.7853981633974483, 1.4142135623730951
1801, 4, 478, 117, 477, 118, 1, -1, -0.7853981633974483, 1.4142135623730951
1801, 8, 625, 265, 626, 264, -1, 1, 2.356194490192345, 1.4142135623730951
1801, 21, 364, 287, 364, 290, 0, -3, -1.5707963267948966, 3.0
1801, 30, 458, 317, 457, 318, 1, -1, -0.7853981633974483, 1.4142135623730951
1801, 33, 604, 300, 605, 299, -1, 1, 2.356194490192345, 1.4142135623730951
1801, 37, 505, 116, 503, 116, 2, 0, 0.0, 2.0
1801, 39, 566, 171, 565, 170, 1, 1, 0.7853981633974483, 1.4142135623730951
1802, 2, 466, 309, 466, 311, 0, -2, -1.5707963267948966, 2.0
1802, 17, 128, 365, 129, 364, -1, 1, 2.356194490192345, 1.4142135623730951
1802, 21, 364, 285, 364, 287, 0, -2, -1.5707963267948966, 2.0
1802, 24, 461, 285, 461, 287, 0, -2, -1.5707963267948966, 2.0
1802, 30, 459, 316, 458, 317, 1, -1, -0.7853981633974483, 1.4142135623730951
1802, 33, 603, 301, 604, 300, -1, 1, 2.356194490192345, 1.4142135623730951
1802, 36, 508, 116, 505, 116, 3, 0, 0.0, 3.0
1803, 17, 363, 283, 364, 285, -1, -2, -2.0344439357957027, 2.23606797749979
1803, 19, 613, 347, 612, 348, 1, -1, -0.7853981633974483, 1.4142135623730951
1803, 26, 460, 315, 459, 316, 1, -1, -0.7853981633974483, 1.4142135623730951
1803, 31, 510, 116, 508, 116, 2, 0, 0.0, 2.0
1803, 33, 567, 173, 566, 172, 1, 1, 0.7853981633974483, 1.4142135623730951
1804, 1, 324, 349, 323, 351, 1, -2, -1.1071487177940904, 2.23606797749979
1804, 2, 465, 306, 466, 308, -1, -2, -2.0344439357957027, 2.23606797749979
1804, 6, 625, 267, 624, 266, 1, 1, 0.7853981633974483, 1.4142135623730951
1804, 14, 571, 311, 573, 311, -2, 0, 3.141592653589793, 2.0
1804, 20, 462, 283, 461, 284, 1, -1, -0.7853981633974483, 1.4142135623730951
1804, 25, 303, 412, 302, 413, 1, -1, -0.7853981633974483, 1.4142135623730951
1804, 31, 511, 117, 510, 116, 1, 1, 0.7853981633974483, 1.4142135623730951
1804, 33, 568, 174, 567, 173, 1, 1, 0.7853981633974483, 1.4142135623730951
1805, 0, 384, 220, 385, 222, -1, -2, -2.0344439357957027, 2.23606797749979
1805, 16, 513, 116, 511, 117, 2, -1, -0.4636476090008061, 2.23606797749979
1805, 28, 404, 267, 404, 269, 0, -2, -1.5707963267948966, 2.0
1805, 33, 390, 309, 389, 311, 1, -2, -1.1071487177940904, 2.23606797749979
1805, 38, 613, 347, 612, 348, 1, -1, -0.7853981633974483, 1.4142135623730951
1805, 51, 573, 311, 575, 312, -2, -1, -2.677945044588987, 2.23606797749979
1805, 58, 389, 188, 389, 190, 0, -2, -1.5707963267948966, 2.0
1805, 59, 451, 176, 450, 177, 1, -1, -0.7853981633974483, 1.4142135623730951
1805, 60, 549, 153, 548, 152, 1, 1, 0.7853981633974483, 1.4142135623730951
1805, 66, 381, 229, 381, 231, 0, -2, -1.5707963267948966, 2.0
1805, 70, 406, 329, 405, 332, 1, -3, -1.2490457723982544, 3.1622776601683795
1806, 0, 383, 218, 384, 220, -1, -2, -2.0344439357957027, 2.23606797749979
1806, 4, 139, 257, 139, 259, 0, -2, -1.5707963267948966, 2.0
1806, 5, 184, 356, 185, 358, -1, -2, -2.0344439357957027, 2.23606797749979
1806, 18, 305, 412, 304, 413, 1, -1, -0.7853981633974483, 1.4142135623730951
1806, 37, 370, 400, 369, 401, 1, -1, -0.7853981633974483, 1.4142135623730951
1806, 38, 515, 162, 514, 161, 1, 1, 0.7853981633974483, 1.4142135623730951
1806, 42, 337, 366, 336, 367, 1, -1, -0.7853981633974483, 1.4142135623730951
1806, 48, 425, 139, 424, 140, 1, -1, -0.7853981633974483, 1.4142135623730951
1806, 50, 550, 155, 549, 153, 1, 2, 1.1071487177940904, 2.23606797749979
1806, 53, 377, 243, 378, 245, -1, -2, -2.0344439357957027, 2.23606797749979
1806, 56, 380, 227, 381, 229, -1, -2, -2.0344439357957027, 2.23606797749979
1806, 60, 407, 326, 406, 329, 1, -3, -1.2490457723982544, 3.1622776601683795
1807, 0, 383, 216, 383, 218, 0, -2, -1.5707963267948966, 2.0
1807, 38, 301, 362, 300, 363, 1, -1, -0.7853981633974483, 1.4142135623730951
1807, 39, 339, 365, 337, 366, 2, -1, -0.4636476090008061, 2.23606797749979
1807, 41, 594, 297, 595, 296, -1, 1, 2.356194490192345, 1.4142135623730951
1807, 45, 425, 137, 425, 139, 0, -2, -1.5707963267948966, 2.0
1807, 47, 551, 156, 550, 155, 1, 1, 0.7853981633974483, 1.4142135623730951
1807, 51, 605, 303, 607, 303, -2, 0, 3.141592653589793, 2.0
1807, 56, 408, 322, 407, 326, 1, -4, -1.3258176636680326, 4.123105625617661
1808, 0, 382, 214, 383, 216, -1, -2, -2.0344439357957027, 2.23606797749979
1808, 9, 627, 269, 626, 268, 1, 1, 0.7853981633974483, 1.4142135623730951
1808, 15, 306, 410, 305, 411, 1, -1, -0.7853981633974483, 1.4142135623730951
1808, 16, 170, 208, 171, 207, -1, 1, 2.356194490192345, 1.4142135623730951
1808, 28, 371, 398, 370, 399, 1, -1, -0.7853981633974483, 1.4142135623730951
1808, 38, 426, 136, 425, 137, 1, -1, -0.7853981633974483, 1.4142135623730951
1808, 40, 552, 157, 551, 156, 1, 1, 0.7853981633974483, 1.4142135623730951
1808, 45, 381, 226, 380, 227, 1, -1, -0.7853981633974483, 1.4142135623730951
1808, 48, 409, 319, 408, 322, 1, -3, -1.2490457723982544, 3.1622776601683795
1809, 3, 481, 116, 480, 117, 1, -1, -0.7853981633974483, 1.4142135623730951
1809, 14, 303, 398, 302, 399, 1, -1, -0.7853981633974483, 1.4142135623730951
1809, 18, 234, 318, 236, 319, -2, -1, -2.677945044588987, 2.23606797749979
1809, 24, 517, 164, 516, 163, 1, 1, 0.7853981633974483, 1.4142135623730951
1809, 28, 340, 363, 339, 364, 1, -1, -0.7853981633974483, 1.4142135623730951
1809, 33, 427, 134, 426, 136, 1, -2, -1.1071487177940904, 2.23606797749979
1809, 35, 553, 158, 552, 157, 1, 1, 0.7853981633974483, 1.4142135623730951
1809, 36, 495, 136, 494, 135, 1, 1, 0.7853981633974483, 1.4142135623730951
1809, 43, 409, 316, 409, 319, 0, -3, -1.5707963267948966, 3.0
1810, 14, 395, 138, 395, 140, 0, -2, -1.5707963267948966, 2.0
1810, 26, 514, 170, 515, 169, -1, 1, 2.356194490192345, 1.4142135623730951
1810, 32, 513, 119, 512, 120, 1, -1, -0.7853981633974483, 1.4142135623730951
1810, 34, 363, 287, 363, 289, 0, -2, -1.5707963267948966, 2.0
1810, 41, 427, 137, 426, 138, 1, -1, -0.7853981633974483, 1.4142135623730951
1810, 51, 461, 139, 460, 140, 1, -1, -0.7853981633974483, 1.4142135623730951
1810, 52, 391, 365, 391, 367, 0, -2, -1.5707963267948966, 2.0
1810, 61, 516, 112, 514, 112, 2, 0, 0.0, 2.0
1811, 1, 383, 216, 384, 218, -1, -2, -2.0344439357957027, 2.23606797749979
1811, 9, 528, 111, 524, 111, 4, 0, 0.0, 4.0
1811, 27, 372, 397, 371, 398, 1, -1, -0.7853981633974483, 1.4142135623730951
1811, 34, 428, 136, 427, 137, 1, -1, -0.7853981633974483, 1.4142135623730951
1811, 40, 301, 404, 300, 405, 1, -1, -0.7853981633974483, 1.4142135623730951
1811, 42, 390, 184, 390, 186, 0, -2, -1.5707963267948966, 2.0
1811, 47, 559, 211, 559, 209, 0, 2, 1.5707963267948966, 2.0
1811, 52, 619, 348, 618, 349, 1, -1, -0.7853981633974483, 1.4142135623730951
1811, 53, 514, 114, 516, 112, -2, 2, 2.356194490192345, 2.8284271247461903
1811, 57, 445, 148, 444, 149, 1, -1, -0.7853981633974483, 1.4142135623730951
1812, 1, 469, 306, 468, 307, 1, -1, -0.7853981633974483, 1.4142135623730951
1812, 2, 325, 350, 324, 351, 1, -1, -0.7853981633974483, 1.4142135623730951
1812, 10, 396, 135, 395, 137, 1, -2, -1.1071487177940904, 2.23606797749979
1812, 15, 308, 411, 307, 412, 1, -1, -0.7853981633974483, 1.4142135623730951
1812, 19, 512, 171, 513, 170, -1, 1, 2.356194490192345, 1.4142135623730951
1812, 31, 453, 286, 453, 288, 0, -2, -1.5707963267948966, 2.0
1812, 36, 302, 403, 301, 404, 1, -1, -0.7853981633974483, 1.4142135623730951
1812, 37, 242, 203, 243, 202, -1, 1, 2.356194490192345, 1.4142135623730951
1812, 38, 390, 182, 390, 184, 0, -2, -1.5707963267948966, 2.0
1812, 43, 559, 213, 559, 211, 0, 2, 1.5707963267948966, 2.0
1812, 48, 621, 347, 619, 348, 2, -1, -0.4636476090008061, 2.23606797749979
1813, 1, 469, 304, 469, 306, 0, -2, -1.5707963267948966, 2.0
1813, 9, 485, 116, 484, 117, 1, -1, -0.7853981633974483, 1.4142135623730951
1813, 14, 309, 410, 308, 411, 1, -1, -0.7853981633974483, 1.4142135623730951
1813, 15, 388, 335, 387, 336, 1, -1, -0.7853981633974483, 1.4142135623730951
1813, 17, 501, 139, 500, 140, 1, -1, -0.7853981633974483, 1.4142135623730951
1813, 22, 373, 395, 372, 396, 1, -1, -0.7853981633974483, 1.4142135623730951
1813, 31, 628, 353, 626, 353, 2, 0, 0.0, 2.0
1813, 33, 303, 402, 302, 403, 1, -1, -0.7853981633974483, 1.4142135623730951
1813, 36, 462, 136, 461, 137, 1, -1, -0.7853981633974483, 1.4142135623730951
1813, 37, 391, 361, 391, 363, 0, -2, -1.5707963267948966, 2.0
1813, 39, 559, 217, 559, 213, 0, 4, 1.5707963267948966, 4.0
1813, 43, 622, 346, 621, 347, 1, -1, -0.7853981633974483, 1.4142135623730951
1813, 44, 516, 116, 515, 114, 1, 2, 1.1071487177940904, 2.23606797749979
1814, 8, 531, 112, 530, 111, 1, 1, 0.7853981633974483, 1.4142135623730951
1814, 9, 486, 115, 485, 116, 1, -1, -0.7853981633974483, 1.4142135623730951
1814, 10, 397, 132, 396, 134, 1, -2, -1.1071487177940904, 2.23606797749979
1814, 14, 310, 409, 309, 410, 1, -1, -0.7853981633974483, 1.4142135623730951
1814, 22, 374, 394, 373, 395, 1, -1, -0.7853981633974483, 1.4142135623730951
1814, 27, 429, 133, 428, 134, 1, -1, -0.7853981633974483, 1.4142135623730951
1814, 28, 453, 283, 453, 285, 0, -2, -1.5707963267948966, 2.0
1814, 33, 305, 401, 303, 402, 2, -1, -0.4636476090008061, 2.23606797749979
1814, 34, 241, 201, 242, 204, -1, -3, -1.892546881191539, 3.1622776601683795
1814, 36, 463, 135, 462, 136, 1, -1, -0.7853981633974483, 1.4142135623730951
1814, 37, 391, 359, 391, 361, 0, -2, -1.5707963267948966, 2.0
1814, 39, 560, 220, 559, 217, 1, 3, 1.2490457723982544, 3.1622776601683795
1814, 43, 518, 118, 516, 116, 2, 2, 0.7853981633974483, 2.8284271247461903
1815, 0, 384, 215, 384, 217, 0, -2, -1.5707963267948966, 2.0
1815, 11, 529, 114, 528, 113, 1, 1, 0.7853981633974483, 1.4142135623730951
1815, 13, 311, 411, 310, 412, 1, -1, -0.7853981633974483, 1.4142135623730951
1815, 14, 449, 222, 450, 224, -1, -2, -2.0344439357957027, 2.23606797749979
1815, 21, 561, 217, 560, 215, 1, 2, 1.1071487177940904, 2.23606797749979
1815, 27, 361, 283, 362, 285, -1, -2, -2.0344439357957027, 2.23606797749979
1815, 29, 500, 136, 498, 138, 2, -2, -0.7853981633974483, 2.8284271247461903
1815, 42, 305, 404, 304, 405, 1, -1, -0.7853981633974483, 1.4142135623730951
1815, 44, 394, 309, 394, 312, 0, -3, -1.5707963267948966, 3.0
1816, 0, 384, 213, 384, 215, 0, -2, -1.5707963267948966, 2.0
1816, 10, 530, 115, 529, 114, 1, 1, 0.7853981633974483, 1.4142135623730951
1816, 12, 312, 410, 311, 411, 1, -1, -0.7853981633974483, 1.4142135623730951
1816, 18, 562, 219, 561, 217, 1, 2, 1.1071487177940904, 2.23606797749979
1816, 19, 397, 134, 397, 136, 0, -2, -1.5707963267948966, 2.0
1816, 24, 361, 281, 361, 283, 0, -2, -1.5707963267948966, 2.0
1816, 26, 501, 135, 500, 136, 1, -1, -0.7853981633974483, 1.4142135623730951
1816, 38, 306, 402, 305, 404, 1, -2, -1.1071487177940904, 2.23606797749979
1816, 42, 403, 289, 403, 291, 0, -2, -1.5707963267948966, 2.0
1817, 10, 531, 116, 530, 115, 1, 1, 0.7853981633974483, 1.4142135623730951
1817, 17, 563, 220, 562, 219, 1, 1, 0.7853981633974483, 1.4142135623730951
1817, 22, 361, 279, 361, 281, 0, -2, -1.5707963267948966, 2.0
1817, 23, 502, 134, 501, 135, 1, -1, -0.7853981633974483, 1.4142135623730951
1817, 25, 232, 319, 231, 320, 1, -1, -0.7853981633974483, 1.4142135623730951
1817, 28, 430, 132, 429, 133, 1, -1, -0.7853981633974483, 1.4142135623730951
1817, 33, 630, 354, 628, 354, 2, 0, 0.0, 2.0
1817, 35, 308, 402, 306, 402, 2, 0, 0.0, 2.0
1818, 10, 532, 117, 531, 116, 1, 1, 0.7853981633974483, 1.4142135623730951
1818, 11, 490, 117, 489, 118, 1, -1, -0.7853981633974483, 1.4142135623730951
1818, 22, 361, 276, 361, 279, 0, -3, -1.5707963267948966, 3.0
1818, 23, 504, 132, 502, 134, 2, -2, -0.7853981633974483, 2.8284271247461903
1818, 28, 430, 130, 430, 132, 0, -2, -1.5707963267948966, 2.0
1818, 35, 309, 401, 308, 402, 1, -1, -0.7853981633974483, 1.4142135623730951
1818, 39, 403, 286, 403, 288, 0, -2, -1.5707963267948966, 2.0
1818, 40, 461, 299, 462, 298, -1, 1, 2.356194490192345, 1.4142135623730951
1819, 1, 329, 349, 328, 350, 1, -1, -0.7853981633974483, 1.4142135623730951
1819, 7, 624, 276, 625, 275, -1, 1, 2.356194490192345, 1.4142135623730951
1819, 10, 536, 117, 532, 117, 4, 0, 0.0, 4.0
1819, 12, 313, 407, 312, 408, 1, -1, -0.7853981633974483, 1.4142135623730951
1819, 18, 397, 130, 397, 132, 0, -2, -1.5707963267948966, 2.0
1819, 21, 361, 274, 361, 276, 0, -2, -1.5707963267948966, 2.0
1819, 22, 507, 131, 504, 132, 3, -1, -0.3217505543966422, 3.1622776601683795
1819, 26, 431, 129, 430, 130, 1, -1, -0.7853981633974483, 1.4142135623730951
1819, 30, 632, 353, 631, 354, 1, -1, -0.7853981633974483, 1.4142135623730951
1819, 36, 403, 284, 403, 286, 0, -2, -1.5707963267948966, 2.0
1819, 37, 459, 300, 461, 299, -2, 1, 2.677945044588987, 2.23606797749979
1820, 2, 385, 212, 385, 214, 0, -2, -1.5707963267948966, 2.0
1820, 5, 534, 118, 533, 117, 1, 1, 0.7853981633974483, 1.4142135623730951
1820, 20, 400, 133, 399, 134, 1, -1, -0.7853981633974483, 1.4142135623730951
1820, 30, 631, 351, 629, 351, 2, 0, 0.0, 2.0
1820, 42, 379, 394, 378, 396, 1, -2, -1.1071487177940904, 2.23606797749979
1820, 44, 312, 400, 311, 401, 1, -1, -0.7853981633974483, 1.4142135623730951
1820, 54, 321, 349, 320, 350, 1, -1, -0.7853981633974483, 1.4142135623730951
1820, 57, 167, 378, 165, 378, 2, 0, 0.0, 2.0
1820, 60, 514, 179, 513, 177, 1, 2, 1.1071487177940904, 2.23606797749979
1821, 3, 535, 119, 534, 118, 1, 1, 0.7853981633974483, 1.4142135623730951
1821, 17, 401, 132, 400, 133, 1, -1, -0.7853981633974483, 1.4142135623730951
1821, 22, 522, 124, 520, 125, 2, -1, -0.4636476090008061, 2.23606797749979
1821, 30, 523, 173, 523, 171, 0, 2, 1.5707963267948966, 2.0
1821, 48, 566, 289, 565, 288, 1, 1, 0.7853981633974483, 1.4142135623730951
1821, 49, 321, 347, 321, 349, 0, -2, -1.5707963267948966, 2.0
1821, 53, 510, 149, 508, 149, 2, 0, 0.0, 2.0
1821, 55, 515, 180, 514, 179, 1, 1, 0.7853981633974483, 1.4142135623730951
1821, 56, 319, 380, 318, 381, 1, -1, -0.7853981633974483, 1.4142135623730951
1822, 2, 536, 120, 535, 119, 1, 1, 0.7853981633974483, 1.4142135623730951
1822, 4, 258, 321, 258, 323, 0, -2, -1.5707963267948966, 2.0
1822, 7, 508, 141, 507, 140, 1, 1, 0.7853981633974483, 1.4142135623730951
1822, 19, 315, 407, 314, 408, 1, -1, -0.7853981633974483, 1.4142135623730951
1822, 25, 634, 351, 632, 351, 2, 0, 0.0, 2.0
1822, 43, 322, 345, 321, 347, 1, -2, -1.1071487177940904, 2.23606797749979
1823, 2, 537, 121, 536, 120, 1, 1, 0.7853981633974483, 1.4142135623730951
1823, 20, 524, 123, 523, 124, 1, -1, -0.7853981633974483, 1.4142135623730951
1823, 32, 395, 358, 394, 360, 1, -2, -1.1071487177940904, 2.23606797749979
1823, 33, 380, 391, 379, 392, 1, -1, -0.7853981633974483, 1.4142135623730951
1823, 34, 314, 398, 313, 399, 1, -1, -0.7853981633974483, 1.4142135623730951
1823, 42, 322, 343, 322, 345, 0, -2, -1.5707963267948966, 2.0
1823, 47, 516, 182, 515, 181, 1, 1, 0.7853981633974483, 1.4142135623730951
1824, 8, 495, 118, 493, 118, 2, 0, 0.0, 2.0
1824, 13, 461, 299, 461, 301, 0, -2, -1.5707963267948966, 2.0
1824, 18, 317, 406, 316, 407, 1, -1, -0.7853981633974483, 1.4142135623730951
1824, 19, 525, 122, 524, 123, 1, -1, -0.7853981633974483, 1.4142135623730951
1824, 40, 320, 342, 322, 343, -2, -1, -2.677945044588987, 2.23606797749979
1824, 43, 511, 148, 510, 149, 1, -1, -0.7853981633974483, 1.4142135623730951
1825, 7, 538, 121, 537, 120, 1, 1, 0.7853981633974483, 1.4142135623730951
1825, 8, 494, 118, 493, 119, 1, -1, -0.7853981633974483, 1.4142135623730951
1825, 9, 321, 399, 320, 400, 1, -1, -0.7853981633974483, 1.4142135623730951
1825, 28, 318, 408, 317, 409, 1, -1, -0.7853981633974483, 1.4142135623730951
1825, 29, 402, 131, 401, 132, 1, -1, -0.7853981633974483, 1.4142135623730951
1825, 32, 322, 381, 321, 382, 1, -1, -0.7853981633974483, 1.4142135623730951
1825, 36, 529, 122, 527, 121, 2, 1, 0.4636476090008061, 2.23606797749979
1825, 37, 505, 136, 502, 136, 3, 0, 0.0, 3.0
1825, 41, 433, 130, 432, 131, 1, -1, -0.7853981633974483, 1.4142135623730951
1825, 43, 383, 393, 382, 394, 1, -1, -0.7853981633974483, 1.4142135623730951
1825, 52, 408, 327, 409, 326, -1, 1, 2.356194490192345, 1.4142135623730951
1825, 57, 397, 359, 396, 360, 1, -1, -0.7853981633974483, 1.4142135623730951
1826, 3, 260, 319, 260, 321, 0, -2, -1.5707963267948966, 2.0
1826, 5, 495, 119, 494, 118, 1, 1, 0.7853981633974483, 1.4142135623730951
1826, 6, 322, 398, 321, 399, 1, -1, -0.7853981633974483, 1.4142135623730951
1826, 19, 514, 168, 513, 167, 1, 1, 0.7853981633974483, 1.4142135623730951
1826, 32, 530, 123, 529, 122, 1, 1, 0.7853981633974483, 1.4142135623730951
1826, 33, 509, 137, 505, 136, 4, 1, 0.24497866312686414, 4.123105625617661
1826, 37, 434, 129, 433, 130, 1, -1, -0.7853981633974483, 1.4142135623730951
1826, 38, 526, 127, 526, 129, 0, -2, -1.5707963267948966, 2.0
1826, 39, 384, 392, 383, 393, 1, -1, -0.7853981633974483, 1.4142135623730951
1826, 40, 580, 193, 579, 192, 1, 1, 0.7853981633974483, 1.4142135623730951
1827, 3, 540, 122, 539, 121, 1, 1, 0.7853981633974483, 1.4142135623730951
1827, 16, 516, 170, 514, 168, 2, 2, 0.7853981633974483, 2.8284271247461903
1827, 23, 606, 316, 607, 315, -1, 1, 2.356194490192345, 1.4142135623730951
1827, 27, 510, 139, 509, 137, 1, 2, 1.1071487177940904, 2.23606797749979
1827, 31, 435, 128, 434, 129, 1, -1, -0.7853981633974483, 1.4142135623730951
1827, 41, 406, 328, 407, 327, -1, 1, 2.356194490192345, 1.4142135623730951
1827, 43, 398, 356, 397, 358, 1, -2, -1.1071487177940904, 2.23606797749979
1828, 3, 542, 123, 540, 122, 2, 1, 0.4636476090008061, 2.23606797749979
1828, 4, 497, 118, 495, 119, 2, -1, -0.4636476090008061, 2.23606797749979
1828, 11, 623, 277, 624, 276, -1, 1, 2.356194490192345, 1.4142135623730951
1828, 16, 518, 171, 516, 170, 2, 1, 0.4636476090008061, 2.23606797749979
1828, 26, 512, 140, 510, 139, 2, 1, 0.4636476090008061, 2.23606797749979
1828, 30, 385, 389, 384, 391, 1, -2, -1.1071487177940904, 2.23606797749979
1828, 31, 581, 195, 580, 194, 1, 1, 0.7853981633974483, 1.4142135623730951
1828, 35, 576, 222, 577, 221, -1, 1, 2.356194490192345, 1.4142135623730951
1829, 10, 564, 223, 565, 222, -1, 1, 2.356194490192345, 1.4142135623730951
1829, 16, 519, 174, 518, 171, 1, 3, 1.2490457723982544, 3.1622776601683795
1829, 23, 323, 377, 322, 378, 1, -1, -0.7853981633974483, 1.4142135623730951
1829, 26, 513, 142, 512, 140, 1, 2, 1.1071487177940904, 2.23606797749979
1829, 28, 571, 292, 572, 291, -1, 1, 2.356194490192345, 1.4142135623730951
1829, 30, 386, 388, 385, 389, 1, -1, -0.7853981633974483, 1.4142135623730951
1829, 31, 582, 196, 581, 195, 1, 1, 0.7853981633974483, 1.4142135623730951
1829, 37, 404, 328, 406, 328, -2, 0, 3.141592653589793, 2.0
1829, 38, 398, 353, 398, 355, 0, -2, -1.5707963267948966, 2.0
1830, 6, 467, 306, 470, 307, -3, -1, -2.819842099193151, 3.1622776601683795
1830, 10, 544, 125, 542, 125, 2, 0, 0.0, 2.0
1830, 17, 577, 224, 578, 223, -1, 1, 2.356194490192345, 1.4142135623730951
1830, 28, 511, 143, 510, 142, 1, 1, 0.7853981633974483, 1.4142135623730951
1830, 30, 635, 352, 638, 353, -3, -1, -2.819842099193151, 3.1622776601683795
1830, 33, 386, 391, 385, 392, 1, -1, -0.7853981633974483, 1.4142135623730951
1830, 35, 436, 129, 435, 130, 1, -1, -0.7853981633974483, 1.4142135623730951
1830, 36, 321, 408, 320, 409, 1, -1, -0.7853981633974483, 1.4142135623730951
1830, 45, 518, 177, 518, 174, 0, 3, 1.5707963267948966, 3.0
1830, 47, 436, 304, 435, 305, 1, -1, -0.7853981633974483, 1.4142135623730951
1830, 56, 582, 196, 581, 195, 1, 1, 0.7853981633974483, 1.4142135623730951
1831, 9, 546, 126, 544, 125, 2, 1, 0.4636476090008061, 2.23606797749979
1831, 30, 387, 390, 386, 391, 1, -1, -0.7853981633974483, 1.4142135623730951
1831, 42, 436, 302, 436, 304, 0, -2, -1.5707963267948966, 2.0
1831, 45, 361, 271, 362, 273, -1, -2, -2.0344439357957027, 2.23606797749979
1831, 49, 583, 197, 582, 196, 1, 1, 0.7853981633974483, 1.4142135623730951
1832, 3, 501, 121, 500, 120, 1, 1, 0.7853981633974483, 1.4142135623730951
1832, 8, 548, 126, 546, 126, 2, 0, 0.0, 2.0
1832, 12, 453, 217, 453, 219, 0, -2, -1.5707963267948966, 2.0
1832, 22, 512, 141, 511, 142, 1, -1, -0.7853981633974483, 1.4142135623730951
1832, 23, 635, 349, 635, 351, 0, -2, -1.5707963267948966, 2.0
1832, 26, 388, 389, 387, 390, 1, -1, -0.7853981633974483, 1.4142135623730951
1832, 27, 453, 167, 452, 168, 1, -1, -0.7853981633974483, 1.4142135623730951
1832, 28, 436, 126, 436, 128, 0, -2, -1.5707963267948966, 2.0
1832, 29, 323, 407, 322, 408, 1, -1, -0.7853981633974483, 1.4142135623730951
1832, 34, 525, 182, 525, 180, 0, 2, 1.5707963267948966, 2.0
1832, 42, 584, 198, 583, 197, 1, 1, 0.7853981633974483, 1.4142135623730951
1833, 4, 627, 278, 626, 277, 1, 1, 0.7853981633974483, 1.4142135623730951
1833, 7, 549, 127, 548, 126, 1, 1, 0.7853981633974483, 1.4142135623730951
1833, 12, 575, 226, 576, 225, -1, 1, 2.356194490192345, 1.4142135623730951
1833, 16, 406, 127, 404, 128, 2, -1, -0.4636476090008061, 2.23606797749979
1833, 18, 278, 338, 277, 337, 1, 1, 0.7853981633974483, 1.4142135623730951
1833, 24, 389, 388, 388, 389, 1, -1, -0.7853981633974483, 1.4142135623730951
1833, 27, 324, 406, 323, 407, 1, -1, -0.7853981633974483, 1.4142135623730951
1833, 35, 360, 268, 361, 270, -1, -2, -2.0344439357957027, 2.23606797749979
1834, 0, 332, 347, 331, 348, 1, -1, -0.7853981633974483, 1.4142135623730951
1834, 6, 238, 378, 240, 378, -2, 0, 3.141592653589793, 2.0
1834, 7, 550, 128, 549, 127, 1, 1, 0.7853981633974483, 1.4142135623730951
1834, 24, 325, 405, 324, 406, 1, -1, -0.7853981633974483, 1.4142135623730951
1834, 28, 526, 184, 525, 183, 1, 1, 0.7853981633974483, 1.4142135623730951
1834, 32, 360, 265, 360, 268, 0, -3, -1.5707963267948966, 3.0
1834, 33, 294, 369, 293, 370, 1, -1, -0.7853981633974483, 1.4142135623730951
1834, 34, 586, 199, 585, 198, 1, 1, 0.7853981633974483, 1.4142135623730951
1835, 0, 386, 201, 386, 203, 0, -2, -1.5707963267948966, 2.0
1835, 5, 504, 121, 502, 121, 2, 0, 0.0, 2.0
1835, 10, 550, 128, 549, 127, 1, 1, 0.7853981633974483, 1.4142135623730951
1835, 18, 407, 129, 406, 131, 1, -2, -1.1071487177940904, 2.23606797749979
1835, 23, 612, 321, 609, 321, 3, 0, 0.0, 3.0
1835, 25, 324, 410, 323, 411, 1, -1, -0.7853981633974483, 1.4142135623730951
1835, 31, 209, 377, 209, 379, 0, -2, -1.5707963267948966, 2.0
1835, 39, 395, 330, 395, 332, 0, -2, -1.5707963267948966, 2.0
1835, 42, 425, 182, 425, 184, 0, -2, -1.5707963267948966, 2.0
1835, 45, 452, 164, 453, 168, -1, -4, -1.8157749899217608, 4.123105625617661
1835, 46, 381, 210, 381, 212, 0, -2, -1.5707963267948966, 2.0
1836, 0, 386, 199, 386, 201, 0, -2, -1.5707963267948966, 2.0
1836, 16, 408, 128, 407, 129, 1, -1, -0.7853981633974483, 1.4142135623730951
1836, 20, 390, 388, 389, 389, 1, -1, -0.7853981633974483, 1.4142135623730951
1836, 29, 210, 376, 209, 377, 1, -1, -0.7853981633974483, 1.4142135623730951
1836, 40, 424, 180, 425, 182, -1, -2, -2.0344439357957027, 2.23606797749979
1836, 43, 381, 207, 381, 210, 0, -3, -1.5707963267948966, 3.0
1837, 0, 385, 197, 386, 199, -1, -2, -2.0344439357957027, 2.23606797749979
1837, 3, 506, 121, 504, 121, 2, 0, 0.0, 2.0
1837, 8, 552, 130, 550, 129, 2, 1, 0.4636476090008061, 2.23606797749979
1837, 9, 524, 155, 523, 154, 1, 1, 0.7853981633974483, 1.4142135623730951
1837, 16, 529, 186, 528, 185, 1, 1, 0.7853981633974483, 1.4142135623730951
1837, 22, 325, 408, 324, 409, 1, -1, -0.7853981633974483, 1.4142135623730951
1838, 0, 386, 194, 385, 197, 1, -3, -1.2490457723982544, 3.1622776601683795
1838, 8, 554, 131, 552, 130, 2, 1, 0.4636476090008061, 2.23606797749979
1838, 13, 409, 126, 408, 127, 1, -1, -0.7853981633974483, 1.4142135623730951
1839, 0, 386, 192, 386, 194, 0, -2, -1.5707963267948966, 2.0
1839, 3, 509, 121, 507, 121, 2, 0, 0.0, 2.0
1839, 4, 167, 252, 168, 251, -1, 1, 2.356194490192345, 1.4142135623730951
1839, 8, 555, 132, 554, 131, 1, 1, 0.7853981633974483, 1.4142135623730951
1839, 14, 530, 188, 529, 187, 1, 1, 0.7853981633974483, 1.4142135623730951
1839, 17, 391, 384, 390, 386, 1, -2, -1.1071487177940904, 2.23606797749979
1839, 28, 512, 147, 513, 146, -1, 1, 2.356194490192345, 1.4142135623730951
1839, 31, 452, 159, 452, 161, 0, -2, -1.5707963267948966, 2.0
1840, 5, 553, 134, 552, 132, 1, 2, 1.1071487177940904, 2.23606797749979
1840, 11, 168, 253, 169, 252, -1, 1, 2.356194490192345, 1.4142135623730951
1840, 14, 411, 127, 410, 128, 1, -1, -0.7853981633974483, 1.4142135623730951
1840, 18, 328, 410, 327, 411, 1, -1, -0.7853981633974483, 1.4142135623730951
1840, 20, 523, 153, 522, 152, 1, 1, 0.7853981633974483, 1.4142135623730951
1840, 21, 539, 137, 538, 138, 1, -1, -0.7853981633974483, 1.4142135623730951
1840, 22, 171, 211, 170, 212, 1, -1, -0.7853981633974483, 1.4142135623730951
1840, 24, 410, 134, 409, 136, 1, -2, -1.1071487177940904, 2.23606797749979
1840, 26, 441, 123, 440, 125, 1, -2, -1.1071487177940904, 2.23606797749979
1840, 29, 460, 141, 459, 142, 1, -1, -0.7853981633974483, 1.4142135623730951
1840, 32, 392, 386, 391, 387, 1, -1, -0.7853981633974483, 1.4142135623730951
1840, 34, 188, 267, 189, 266, -1, 1, 2.356194490192345, 1.4142135623730951
1840, 35, 320, 403, 319, 404, 1, -1, -0.7853981633974483, 1.4142135623730951
1840, 36, 437, 300, 437, 304, 0, -4, -1.5707963267948966, 4.0
1840, 38, 563, 227, 563, 225, 0, 2, 1.5707963267948966, 2.0
1840, 39, 584, 292, 583, 291, 1, 1, 0.7853981633974483, 1.4142135623730951
1840, 43, 402, 233, 403, 235, -1, -2, -2.0344439357957027, 2.23606797749979
1840, 46, 532, 188, 531, 187, 1, 1, 0.7853981633974483, 1.4142135623730951
1840, 50, 397, 330, 397, 332, 0, -2, -1.5707963267948966, 2.0
1840, 55, 485, 136, 484, 137, 1, -1, -0.7853981633974483, 1.4142135623730951
1840, 63, 606, 286, 606, 284, 0, 2, 1.5707963267948966, 2.0
1840, 74, 193, 221, 192, 222, 1, -1, -0.7853981633974483, 1.4142135623730951
1840, 82, 401, 130, 401, 132, 0, -2, -1.5707963267948966, 2.0
1841, 3, 385, 197, 386, 199, -1, -2, -2.0344439357957027, 2.23606797749979
1841, 5, 554, 136, 553, 134, 1, 2, 1.1071487177940904, 2.23606797749979
1841, 11, 509, 123, 508, 122, 1, 1, 0.7853981633974483, 1.4142135623730951
1841, 12, 412, 126, 411, 127, 1, -1, -0.7853981633974483, 1.4142135623730951
1841, 16, 329, 409, 328, 410, 1, -1, -0.7853981633974483, 1.4142135623730951
1841, 18, 524, 155, 523, 153, 1, 2, 1.1071487177940904, 2.23606797749979
1841, 19, 540, 136, 539, 137, 1, -1, -0.7853981633974483, 1.4142135623730951
1841, 23, 442, 122, 441, 123, 1, -1, -0.7853981633974483, 1.4142135623730951
1841, 26, 461, 140, 460, 141, 1, -1, -0.7853981633974483, 1.4142135623730951
1841, 29, 393, 384, 392, 386, 1, -2, -1.1071487177940904, 2.23606797749979
1841, 32, 321, 402, 320, 403, 1, -1, -0.7853981633974483, 1.4142135623730951
1841, 33, 438, 299, 437, 300, 1, -1, -0.7853981633974483, 1.4142135623730951
1841, 35, 563, 230, 563, 227, 0, 3, 1.5707963267948966, 3.0
1841, 42, 304, 326, 303, 327, 1, -1, -0.7853981633974483, 1.4142135623730951
1841, 47, 405, 351, 404, 352, 1, -1, -0.7853981633974483, 1.4142135623730951
1841, 49, 486, 135, 485, 136, 1, -1, -0.7853981633974483, 1.4142135623730951
1841, 69, 589, 202, 588, 201, 1, 1, 0.7853981633974483, 1.4142135623730951
1841, 74, 419, 180, 421, 180, -2, 0, 3.141592653589793, 2.0
1842, 0, 336, 346, 335, 347, 1, -1, -0.7853981633974483, 1.4142135623730951
1842, 4, 555, 138, 554, 136, 1, 2, 1.1071487177940904, 2.23606797749979
1842, 6, 190, 360, 191, 359, -1, 1, 2.356194490192345, 1.4142135623730951
1842, 9, 511, 123, 509, 123, 2, 0, 0.0, 2.0
1842, 14, 330, 407, 329, 409, 1, -2, -1.1071487177940904, 2.23606797749979
1842, 21, 442, 120, 442, 122, 0, -2, -1.5707963267948966, 2.0
1842, 24, 462, 139, 461, 140, 1, -1, -0.7853981633974483, 1.4142135623730951
1842, 26, 394, 383, 393, 384, 1, -1, -0.7853981633974483, 1.4142135623730951
1842, 29, 322, 401, 321, 402, 1, -1, -0.7853981633974483, 1.4142135623730951
1842, 30, 439, 298, 438, 299, 1, -1, -0.7853981633974483, 1.4142135623730951
1842, 32, 563, 233, 563, 230, 0, 3, 1.5707963267948966, 3.0
1842, 33, 583, 293, 584, 292, -1, 1, 2.356194490192345, 1.4142135623730951
1842, 34, 611, 327, 612, 326, -1, 1, 2.356194490192345, 1.4142135623730951
1842, 35, 142, 373, 141, 374, 1, -1, -0.7853981633974483, 1.4142135623730951
1842, 44, 405, 349, 405, 351, 0, -2, -1.5707963267948966, 2.0
1842, 45, 487, 134, 486, 135, 1, -1, -0.7853981633974483, 1.4142135623730951
1842, 68, 348, 353, 347, 354, 1, -1, -0.7853981633974483, 1.4142135623730951
1842, 71, 240, 381, 239, 382, 1, -1, -0.7853981633974483, 1.4142135623730951
1843, 2, 385, 194, 385, 196, 0, -2, -1.5707963267948966, 2.0
1843, 9, 413, 124, 412, 125, 1, -1, -0.7853981633974483, 1.4142135623730951
1843, 13, 331, 406, 330, 407, 1, -1, -0.7853981633974483, 1.4142135623730951
1843, 19, 443, 119, 442, 120, 1, -1, -0.7853981633974483, 1.4142135623730951
1843, 23, 151, 261, 150, 260, 1, 1, 0.7853981633974483, 1.4142135623730951
1843, 24, 394, 381, 394, 383, 0, -2, -1.5707963267948966, 2.0
1843, 28, 440, 297, 439, 298, 1, -1, -0.7853981633974483, 1.4142135623730951
1843, 30, 563, 237, 563, 233, 0, 4, 1.5707963267948966, 4.0
1843, 42, 406, 348, 405, 349, 1, -1, -0.7853981633974483, 1.4142135623730951
1843, 43, 488, 133, 487, 134, 1, -1, -0.7853981633974483, 1.4142135623730951
1843, 52, 317, 358, 316, 359, 1, -1, -0.7853981633974483, 1.4142135623730951
1843, 61, 590, 204, 589, 203, 1, 1, 0.7853981633974483, 1.4142135623730951
1843, 67, 568, 235, 568, 233, 0, 2, 1.5707963267948966, 2.0
1844, 1, 556, 140, 555, 139, 1, 1, 0.7853981633974483, 1.4142135623730951
1844, 6, 513, 124, 512, 123, 1, 1, 0.7853981633974483, 1.4142135623730951
1844, 17, 442, 117, 443, 119, -1, -2, -2.0344439357957027, 2.23606797749979
1844, 21, 395, 379, 394, 381, 1, -2, -1.1071487177940904, 2.23606797749979
1844, 23, 186, 266, 187, 268, -1, -2, -2.0344439357957027, 2.23606797749979
1844, 24, 324, 398, 322, 400, 2, -2, -0.7853981633974483, 2.8284271247461903
1844, 26, 562, 239, 563, 237, -1, 2, 2.0344439357957027, 2.23606797749979
1844, 27, 582, 294, 583, 293, -1, 1, 2.356194490192345, 1.4142135623730951
1844, 36, 406, 346, 406, 348, 0, -2, -1.5707963267948966, 2.0
1844, 37, 489, 132, 488, 133, 1, -1, -0.7853981633974483, 1.4142135623730951
1844, 41, 572, 190, 571, 189, 1, 1, 0.7853981633974483, 1.4142135623730951
1844, 43, 606, 286, 606, 288, 0, -2, -1.5707963267948966, 2.0
1844, 56, 402, 126, 401, 127, 1, -1, -0.7853981633974483, 1.4142135623730951
1844, 57, 349, 352, 348, 353, 1, -1, -0.7853981633974483, 1.4142135623730951
1844, 59, 241, 379, 240, 380, 1, -1, -0.7853981633974483, 1.4142135623730951
1845, 0, 385, 194, 385, 197, 0, -3, -1.5707963267948966, 3.0
1845, 11, 512, 123, 511, 124, 1, -1, -0.7853981633974483, 1.4142135623730951
1845, 15, 332, 408, 330, 409, 2, -1, -0.4636476090008061, 2.23606797749979
1845, 19, 564, 236, 564, 234, 0, 2, 1.5707963267948966, 2.0
1845, 21, 584, 230, 583, 229, 1, 1, 0.7853981633974483, 1.4142135623730951
1845, 23, 549, 138, 546, 136, 3, 2, 0.5880026035475675, 3.605551275463989
1845, 31, 333, 400, 332, 401, 1, -1, -0.7853981633974483, 1.4142135623730951
1845, 32, 519, 157, 516, 154, 3, 3, 0.7853981633974483, 4.242640687119285
1845, 33, 458, 281, 459, 284, -1, -3, -1.892546881191539, 3.1622776601683795
1845, 36, 396, 300, 398, 301, -2, -1, -2.677945044588987, 2.23606797749979
1845, 37, 395, 381, 395, 383, 0, -2, -1.5707963267948966, 2.0
1845, 51, 281, 329, 280, 330, 1, -1, -0.7853981633974483, 1.4142135623730951
1845, 54, 325, 402, 324, 403, 1, -1, -0.7853981633974483, 1.4142135623730951
1845, 59, 319, 360, 318, 361, 1, -1, -0.7853981633974483, 1.4142135623730951
1845, 63, 521, 191, 519, 189, 2, 2, 0.7853981633974483, 2.8284271247461903
1845, 64, 380, 223, 380, 225, 0, -2, -1.5707963267948966, 2.0
1845, 68, 415, 322, 414, 323, 1, -1, -0.7853981633974483, 1.4142135623730951
1845, 69, 567, 299, 567, 297, 0, 2, 1.5707963267948966, 2.0
1845, 72, 356, 265, 357, 268, -1, -3, -1.892546881191539, 3.1622776601683795
1846, 1, 337, 347, 336, 348, 1, -1, -0.7853981633974483, 1.4142135623730951
1846, 6, 558, 137, 557, 136, 1, 1, 0.7853981633974483, 1.4142135623730951
1846, 9, 514, 123, 512, 123, 2, 0, 0.0, 2.0
1846, 13, 333, 407, 332, 408, 1, -1, -0.7853981633974483, 1.4142135623730951
1846, 17, 564, 238, 564, 236, 0, 2, 1.5707963267948966, 2.0
1846, 19, 585, 231, 584, 230, 1, 1, 0.7853981633974483, 1.4142135623730951
1846, 21, 549, 140, 549, 138, 0, 2, 1.5707963267948966, 2.0
1846, 30, 521, 158, 519, 157, 2, 1, 0.4636476090008061, 2.23606797749979
1846, 31, 458, 279, 458, 281, 0, -2, -1.5707963267948966, 2.0
1846, 35, 396, 380, 395, 381, 1, -1, -0.7853981633974483, 1.4142135623730951
1846, 51, 326, 401, 325, 402, 1, -1, -0.7853981633974483, 1.4142135623730951
1846, 57, 379, 221, 380, 223, -1, -2, -2.0344439357957027, 2.23606797749979
1846, 61, 416, 319, 415, 322, 1, -3, -1.2490457723982544, 3.1622776601683795
1846, 62, 568, 302, 567, 299, 1, 3, 1.2490457723982544, 3.1622776601683795
1846, 65, 355, 263, 356, 265, -1, -2, -2.0344439357957027, 2.23606797749979
1847, 6, 559, 138, 558, 137, 1, 1, 0.7853981633974483, 1.4142135623730951
1847, 9, 516, 124, 514, 123, 2, 1, 0.4636476090008061, 2.23606797749979
1847, 14, 244, 388, 245, 390, -1, -2, -2.0344439357957027, 2.23606797749979
1847, 15, 565, 240, 564, 238, 1, 2, 1.1071487177940904, 2.23606797749979
1847, 17, 587, 231, 585, 231, 2, 0, 0.0, 2.0
1847, 23, 444, 121, 443, 122, 1, -1, -0.7853981633974483, 1.4142135623730951
1847, 24, 283, 335, 284, 337, -1, -2, -2.0344439357957027, 2.23606797749979
1847, 27, 332, 396, 333, 399, -1, -3, -1.892546881191539, 3.1622776601683795
1847, 29, 457, 277, 458, 279, -1, -2, -2.0344439357957027, 2.23606797749979
1847, 35, 602, 321, 601, 320, 1, 1, 0.7853981633974483, 1.4142135623730951
1847, 38, 484, 149, 484, 151, 0, -2, -1.5707963267948966, 2.0
1847, 44, 409, 278, 409, 280, 0, -2, -1.5707963267948966, 2.0
1847, 46, 241, 379, 241, 382, 0, -3, -1.5707963267948966, 3.0
1847, 47, 327, 398, 326, 401, 1, -3, -1.2490457723982544, 3.1622776601683795
1847, 48, 614, 280, 615, 279, -1, 1, 2.356194490192345, 1.4142135623730951
1847, 49, 635, 343, 631, 343, 4, 0, 0.0, 4.0
1847, 52, 379, 219, 379, 221, 0, -2, -1.5707963267948966, 2.0
1847, 55, 417, 317, 416, 319, 1, -2, -1.1071487177940904, 2.23606797749979
1847, 56, 569, 303, 568, 302, 1, 1, 0.7853981633974483, 1.4142135623730951
1847, 62, 266, 318, 265, 319, 1, -1, -0.7853981633974483, 1.4142135623730951
1848, 0, 338, 345, 337, 346, 1, -1, -0.7853981633974483, 1.4142135623730951
1848, 5, 560, 139, 559, 138, 1, 1, 0.7853981633974483, 1.4142135623730951
1848, 21, 444, 119, 444, 121, 0, -2, -1.5707963267948966, 2.0
1848, 25, 334, 395, 332, 396, 2, -1, -0.4636476090008061, 2.23606797749979
1848, 26, 523, 159, 522, 158, 1, 1, 0.7853981633974483, 1.4142135623730951
1848, 33, 603, 322, 602, 321, 1, 1, 0.7853981633974483, 1.4142135623730951
1848, 46, 613, 281, 614, 280, -1, 1, 2.356194490192345, 1.4142135623730951
1848, 50, 378, 217, 379, 219, -1, -2, -2.0344439357957027, 2.23606797749979
1848, 52, 418, 315, 417, 317, 1, -2, -1.1071487177940904, 2.23606797749979
1848, 53, 570, 305, 569, 303, 1, 2, 1.1071487177940904, 2.23606797749979
1849, 1, 434, 167, 433, 168, 1, -1, -0.7853981633974483, 1.4142135623730951
1849, 5, 562, 140, 560, 139, 2, 1, 0.4636476090008061, 2.23606797749979
1849, 8, 519, 125, 517, 124, 2, 1, 0.4636476090008061, 2.23606797749979
1849, 10, 411, 127, 410, 128, 1, -1, -0.7853981633974483, 1.4142135623730951
1849, 17, 549, 142, 548, 141, 1, 1, 0.7853981633974483, 1.4142135623730951
1849, 21, 445, 118, 444, 119, 1, -1, -0.7853981633974483, 1.4142135623730951
1849, 25, 335, 394, 334, 395, 1, -1, -0.7853981633974483, 1.4142135623730951
1849, 30, 397, 377, 396, 378, 1, -1, -0.7853981633974483, 1.4142135623730951
1849, 32, 604, 323, 603, 322, 1, 1, 0.7853981633974483, 1.4142135623730951
1849, 33, 143, 370, 143, 372, 0, -2, -1.5707963267948966, 2.0
1849, 34, 204, 405, 203, 406, 1, -1, -0.7853981633974483, 1.4142135623730951
1849, 38, 355, 358, 354, 359, 1, -1, -0.7853981633974483, 1.4142135623730951
1849, 41, 410, 276, 409, 277, 1, -1, -0.7853981633974483, 1.4142135623730951
1849, 42, 278, 328, 280, 328, -2, 0, 3.141592653589793, 2.0
1849, 44, 328, 397, 327, 398, 1, -1, -0.7853981633974483, 1.4142135623730951
1850, 0, 388, 192, 388, 194, 0, -2, -1.5707963267948966, 2.0
1850, 10, 563, 143, 561, 141, 2, 2, 0.7853981633974483, 2.8284271247461903
1850, 16, 334, 407, 333, 408, 1, -1, -0.7853981633974483, 1.4142135623730951
1850, 17, 517, 127, 516, 126, 1, 1, 0.7853981633974483, 1.4142135623730951
1850, 20, 572, 305, 571, 304, 1, 1, 0.7853981633974483, 1.4142135623730951
1850, 21, 415, 123, 415, 125, 0, -2, -1.5707963267948966, 2.0
1850, 22, 399, 380, 398, 381, 1, -1, -0.7853981633974483, 1.4142135623730951
1850, 27, 446, 121, 445, 122, 1, -1, -0.7853981633974483, 1.4142135623730951
1850, 38, 487, 147, 486, 148, 1, -1, -0.7853981633974483, 1.4142135623730951
1850, 40, 337, 398, 336, 399, 1, -1, -0.7853981633974483, 1.4142135623730951
1850, 42, 480, 136, 479, 137, 1, -1, -0.7853981633974483, 1.4142135623730951
1850, 46, 155, 263, 157, 264, -2, -1, -2.677945044588987, 2.23606797749979
1850, 50, 361, 261, 361, 264, 0, -3, -1.5707963267948966, 3.0
1850, 52, 418, 314, 418, 317, 0, -3, -1.5707963267948966, 3.0
1850, 60, 579, 237, 580, 236, -1, 1, 2.356194490192345, 1.4142135623730951
1850, 67, 577, 197, 576, 196, 1, 1, 0.7853981633974483, 1.4142135623730951
1850, 76, 395, 163, 395, 165, 0, -2, -1.5707963267948966, 2.0
1851, 0, 388, 190, 388, 192, 0, -2, -1.5707963267948966, 2.0
1851, 10, 564, 144, 563, 143, 1, 1, 0.7853981633974483, 1.4142135623730951
1851, 13, 472, 278, 470, 279, 2, -1, -0.4636476090008061, 2.23606797749979
1851, 17, 518, 128, 517, 127, 1, 1, 0.7853981633974483, 1.4142135623730951
1851, 19, 573, 306, 572, 305, 1, 1, 0.7853981633974483, 1.4142135623730951
1851, 20, 416, 122, 415, 123, 1, -1, -0.7853981633974483, 1.4142135623730951
1851, 21, 400, 379, 399, 380, 1, -1, -0.7853981633974483, 1.4142135623730951
1851, 27, 529, 164, 528, 163, 1, 1, 0.7853981633974483, 1.4142135623730951
1851, 31, 463, 277, 461, 278, 2, -1, -0.4636476090008061, 2.23606797749979
1851, 34, 206, 407, 205, 408, 1, -1, -0.7853981633974483, 1.4142135623730951
1851, 35, 488, 146, 487, 147, 1, -1, -0.7853981633974483, 1.4142135623730951
1851, 38, 481, 135, 480, 136, 1, -1, -0.7853981633974483, 1.4142135623730951
1851, 41, 154, 261, 155, 263, -1, -2, -2.0344439357957027, 2.23606797749979
1851, 45, 360, 259, 361, 261, -1, -2, -2.0344439357957027, 2.23606797749979
1851, 47, 417, 312, 418, 314, -1, -2, -2.0344439357957027, 2.23606797749979
1851, 69, 423, 173, 423, 175, 0, -2, -1.5707963267948966, 2.0
1851, 70, 396, 162, 395, 163, 1, -1, -0.7853981633974483, 1.4142135623730951
1852, 0, 388, 188, 388, 190, 0, -2, -1.5707963267948966, 2.0
1852, 9, 566, 146, 564, 144, 2, 2, 0.7853981633974483, 2.8284271247461903
1852, 10, 243, 327, 242, 328, 1, -1, -0.7853981633974483, 1.4142135623730951
1852, 15, 336, 406, 335, 407, 1, -1, -0.7853981633974483, 1.4142135623730951
1852, 19, 417, 121, 416, 122, 1, -1, -0.7853981633974483, 1.4142135623730951
1852, 21, 215, 376, 214, 377, 1, -1, -0.7853981633974483, 1.4142135623730951
1852, 23, 219, 370, 218, 371, 1, -1, -0.7853981633974483, 1.4142135623730951
1852, 32, 489, 145, 488, 146, 1, -1, -0.7853981633974483, 1.4142135623730951
1852, 34, 338, 396, 337, 397, 1, -1, -0.7853981633974483, 1.4142135623730951
1852, 36, 178, 251, 177, 250, 1, 1, 0.7853981633974483, 1.4142135623730951
1852, 40, 410, 346, 409, 347, 1, -1, -0.7853981633974483, 1.4142135623730951
1852, 42, 359, 257, 360, 259, -1, -2, -2.0344439357957027, 2.23606797749979
1852, 61, 210, 400, 209, 401, 1, -1, -0.7853981633974483, 1.4142135623730951
1852, 65, 424, 172, 423, 173, 1, -1, -0.7853981633974483, 1.4142135623730951
1852, 71, 355, 357, 354, 358, 1, -1, -0.7853981633974483, 1.4142135623730951
1853, 2, 339, 345, 338, 346, 1, -1, -0.7853981633974483, 1.4142135623730951
1853, 3, 624, 284, 626, 284, -2, 0, 3.141592653589793, 2.0
1853, 18, 401, 377, 400, 378, 1, -1, -0.7853981633974483, 1.4142135623730951
1853, 21, 220, 369, 219, 370, 1, -1, -0.7853981633974483, 1.4142135623730951
1853, 23, 530, 166, 529, 165, 1, 1, 0.7853981633974483, 1.4142135623730951
1853, 29, 207, 405, 206, 406, 1, -1, -0.7853981633974483, 1.4142135623730951
1853, 33, 482, 133, 481, 134, 1, -1, -0.7853981633974483, 1.4142135623730951
1853, 36, 153, 264, 154, 262, -1, 2, 2.0344439357957027, 2.23606797749979
1853, 49, 579, 240, 579, 238, 0, 2, 1.5707963267948966, 2.0
1853, 55, 337, 374, 336, 375, 1, -1, -0.7853981633974483, 1.4142135623730951
1853, 58, 211, 399, 210, 400, 1, -1, -0.7853981633974483, 1.4142135623730951
1854, 0, 387, 185, 388, 187, -1, -2, -2.0344439357957027, 2.23606797749979
1854, 8, 567, 149, 566, 147, 1, 2, 1.1071487177940904, 2.23606797749979
1854, 11, 269, 322, 268, 323, 1, -1, -0.7853981633974483, 1.4142135623730951
1854, 13, 338, 405, 337, 406, 1, -1, -0.7853981633974483, 1.4142135623730951
1854, 14, 520, 130, 519, 129, 1, 1, 0.7853981633974483, 1.4142135623730951
1854, 17, 418, 119, 417, 120, 1, -1, -0.7853981633974483, 1.4142135623730951
1854, 22, 447, 118, 446, 119, 1, -1, -0.7853981633974483, 1.4142135623730951
1854, 23, 531, 167, 530, 166, 1, 1, 0.7853981633974483, 1.4142135623730951
1854, 33, 483, 132, 482, 133, 1, -1, -0.7853981633974483, 1.4142135623730951
1854, 37, 412, 344, 411, 346, 1, -2, -1.1071487177940904, 2.23606797749979
1854, 38, 165, 213, 167, 212, -2, 1, 2.677945044588987, 2.23606797749979
1854, 39, 358, 253, 359, 256, -1, -3, -1.892546881191539, 3.1622776601683795
1854, 52, 338, 373, 337, 374, 1, -1, -0.7853981633974483, 1.4142135623730951
1854, 58, 397, 159, 396, 161, 1, -2, -1.1071487177940904, 2.23606797749979
1855, 4, 341, 347, 340, 348, 1, -1, -0.7853981633974483, 1.4142135623730951
1855, 7, 625, 285, 626, 284, -1, 1, 2.356194490192345, 1.4142135623730951
1855, 8, 566, 147, 565, 146, 1, 1, 0.7853981633974483, 1.4142135623730951
1855, 17, 244, 325, 243, 327, 1, -2, -1.1071487177940904, 2.23606797749979
1855, 41, 538, 202, 538, 200, 0, 2, 1.5707963267948966, 2.0
1855, 43, 402, 377, 401, 378, 1, -1, -0.7853981633974483, 1.4142135623730951
1855, 47, 448, 120, 447, 121, 1, -1, -0.7853981633974483, 1.4142135623730951
1855, 51, 208, 407, 207, 408, 1, -1, -0.7853981633974483, 1.4142135623730951
1855, 55, 635, 345, 637, 345, -2, 0, 3.141592653589793, 2.0
1855, 59, 413, 347, 412, 348, 1, -1, -0.7853981633974483, 1.4142135623730951
1855, 70, 279, 392, 278, 393, 1, -1, -0.7853981633974483, 1.4142135623730951
1856, 13, 336, 395, 334, 396, 2, -1, -0.4636476090008061, 2.23606797749979
1856, 14, 524, 132, 522, 129, 2, 3, 0.982793723247329, 3.605551275463989
1856, 21, 530, 156, 529, 155, 1, 1, 0.7853981633974483, 1.4142135623730951
1856, 22, 339, 375, 338, 376, 1, -1, -0.7853981633974483, 1.4142135623730951
1856, 24, 339, 407, 338, 408, 1, -1, -0.7853981633974483, 1.4142135623730951
1856, 26, 419, 121, 418, 122, 1, -1, -0.7853981633974483, 1.4142135623730951
1856, 41, 403, 376, 402, 377, 1, -1, -0.7853981633974483, 1.4142135623730951
1856, 55, 619, 334, 618, 333, 1, 1, 0.7853981633974483, 1.4142135623730951
1856, 57, 414, 346, 413, 347, 1, -1, -0.7853981633974483, 1.4142135623730951
1856, 60, 530, 205, 531, 204, -1, 1, 2.356194490192345, 1.4142135623730951
1857, 5, 567, 150, 566, 148, 1, 2, 1.1071487177940904, 2.23606797749979
1857, 18, 531, 157, 530, 156, 1, 1, 0.7853981633974483, 1.4142135623730951
1857, 21, 340, 406, 339, 407, 1, -1, -0.7853981633974483, 1.4142135623730951
1857, 22, 217, 374, 216, 376, 1, -2, -1.1071487177940904, 2.23606797749979
1857, 23, 420, 120, 419, 121, 1, -1, -0.7853981633974483, 1.4142135623730951
1857, 24, 456, 155, 456, 157, 0, -2, -1.5707963267948966, 2.0
1857, 34, 539, 204, 538, 203, 1, 1, 0.7853981633974483, 1.4142135623730951
1857, 44, 209, 405, 208, 406, 1, -1, -0.7853981633974483, 1.4142135623730951
1857, 50, 415, 345, 414, 346, 1, -1, -0.7853981633974483, 1.4142135623730951
1857, 54, 634, 339, 633, 340, 1, -1, -0.7853981633974483, 1.4142135623730951
1857, 55, 280, 391, 279, 392, 1, -1, -0.7853981633974483, 1.4142135623730951
1858, 3, 342, 344, 341, 345, 1, -1, -0.7853981633974483, 1.4142135623730951
1858, 4, 623, 286, 624, 285, -1, 1, 2.356194490192345, 1.4142135623730951
1858, 5, 568, 152, 567, 150, 1, 2, 1.1071487177940904, 2.23606797749979
1858, 6, 269, 321, 269, 323, 0, -2, -1.5707963267948966, 2.0
1858, 16, 532, 159, 531, 157, 1, 2, 1.1071487177940904, 2.23606797749979
1858, 17, 340, 373, 339, 374, 1, -1, -0.7853981633974483, 1.4142135623730951
1858, 19, 341, 405, 340, 406, 1, -1, -0.7853981633974483, 1.4142135623730951
1858, 35, 165, 214, 167, 213, -2, 1, 2.677945044588987, 2.23606797749979
1858, 37, 449, 117, 448, 118, 1, -1, -0.7853981633974483, 1.4142135623730951
1858, 41, 209, 403, 209, 405, 0, -2, -1.5707963267948966, 2.0
1858, 51, 635, 338, 634, 339, 1, -1, -0.7853981633974483, 1.4142135623730951
1859, 5, 569, 154, 568, 152, 1, 2, 1.1071487177940904, 2.23606797749979
1859, 8, 337, 392, 336, 393, 1, -1, -0.7853981633974483, 1.4142135623730951
1859, 11, 498, 138, 496, 137, 2, 1, 0.4636476090008061, 2.23606797749979
1859, 12, 532, 161, 532, 159, 0, 2, 1.5707963267948966, 2.0
1859, 13, 341, 372, 340, 373, 1, -1, -0.7853981633974483, 1.4142135623730951
1859, 14, 405, 225, 404, 228, 1, -3, -1.2490457723982544, 3.1622776601683795
1859, 15, 342, 404, 341, 405, 1, -1, -0.7853981633974483, 1.4142135623730951
1859, 17, 421, 118, 420, 119, 1, -1, -0.7853981633974483, 1.4142135623730951
1859, 18, 455, 152, 456, 154, -1, -2, -2.0344439357957027, 2.23606797749979
1859, 20, 214, 341, 211, 343, 3, -2, -0.5880026035475675, 3.605551275463989
1859, 25, 613, 287, 614, 286, -1, 1, 2.356194490192345, 1.4142135623730951
1859, 27, 541, 208, 539, 205, 2, 3, 0.982793723247329, 3.605551275463989
1859, 29, 405, 371, 403, 374, 2, -3, -0.982793723247329, 3.605551275463989
1859, 31, 167, 215, 165, 214, 2, 1, 0.4636476090008061, 2.23606797749979
1859, 36, 210, 402, 209, 403, 1, -1, -0.7853981633974483, 1.4142135623730951
1859, 37, 577, 309, 578, 308, -1, 1, 2.356194490192345, 1.4142135623730951
1859, 39, 159, 294, 156, 295, 3, -1, -0.3217505543966422, 3.1622776601683795
1859, 42, 416, 342, 415, 344, 1, -2, -1.1071487177940904, 2.23606797749979
1859, 47, 281, 390, 280, 391, 1, -1, -0.7853981633974483, 1.4142135623730951
1860, 2, 341, 345, 340, 346, 1, -1, -0.7853981633974483, 1.4142135623730951
1860, 3, 388, 186, 389, 188, -1, -2, -2.0344439357957027, 2.23606797749979
1860, 5, 571, 152, 568, 151, 3, 1, 0.3217505543966422, 3.1622776601683795
1860, 15, 532, 162, 531, 159, 1, 3, 1.2490457723982544, 3.1622776601683795
1860, 17, 453, 214, 453, 216, 0, -2, -1.5707963267948966, 2.0
1860, 22, 405, 324, 404, 325, 1, -1, -0.7853981633974483, 1.4142135623730951
1860, 44, 342, 375, 341, 376, 1, -1, -0.7853981633974483, 1.4142135623730951
1860, 54, 635, 345, 637, 345, -2, 0, 3.141592653589793, 2.0
1860, 55, 355, 346, 354, 348, 1, -2, -1.1071487177940904, 2.23606797749979
1860, 62, 408, 281, 407, 282, 1, -1, -0.7853981633974483, 1.4142135623730951
1860, 67, 531, 199, 531, 197, 0, 2, 1.5707963267948966, 2.0
1860, 69, 397, 306, 395, 308, 2, -2, -0.7853981633974483, 2.8284271247461903
1860, 74, 378, 212, 378, 214, 0, -2, -1.5707963267948966, 2.0
1861, 0, 436, 166, 436, 168, 0, -2, -1.5707963267948966, 2.0
1861, 2, 389, 185, 388, 186, 1, -1, -0.7853981633974483, 1.4142135623730951
1861, 4, 572, 154, 571, 152, 1, 2, 1.1071487177940904, 2.23606797749979
1861, 6, 625, 288, 626, 287, -1, 1, 2.356194490192345, 1.4142135623730951
1861, 28, 406, 372, 405, 374, 1, -2, -1.1071487177940904, 2.23606797749979
1861, 32, 342, 405, 340, 406, 2, -1, -0.4636476090008061, 2.23606797749979
1861, 37, 616, 285, 617, 284, -1, 1, 2.356194490192345, 1.4142135623730951
1861, 51, 408, 279, 408, 281, 0, -2, -1.5707963267948966, 2.0
1861, 54, 364, 354, 363, 356, 1, -2, -1.1071487177940904, 2.23606797749979
1861, 55, 532, 201, 531, 199, 1, 2, 1.1071487177940904, 2.23606797749979
1861, 57, 397, 304, 397, 306, 0, -2, -1.5707963267948966, 2.0
1862, 1, 342, 342, 341, 344, 1, -2, -1.1071487177940904, 2.23606797749979
1862, 2, 388, 183, 389, 185, -1, -2, -2.0344439357957027, 2.23606797749979
1862, 4, 573, 156, 572, 154, 1, 2, 1.1071487177940904, 2.23606797749979
1862, 25, 407, 370, 406, 372, 1, -2, -1.1071487177940904, 2.23606797749979
1862, 29, 343, 404, 342, 405, 1, -1, -0.7853981633974483, 1.4142135623730951
1862, 37, 415, 342, 415, 344, 0, -2, -1.5707963267948966, 2.0
1862, 38, 336, 344, 334, 345, 2, -1, -0.4636476090008061, 2.23606797749979
1862, 43, 356, 345, 355, 346, 1, -1, -0.7853981633974483, 1.4142135623730951
1862, 53, 398, 303, 397, 304, 1, -1, -0.7853981633974483, 1.4142135623730951
1862, 58, 377, 208, 378, 211, -1, -3, -1.892546881191539, 3.1622776601683795
1863, 4, 573, 158, 573, 156, 0, 2, 1.5707963267948966, 2.0
1863, 7, 528, 134, 527, 133, 1, 1, 0.7853981633974483, 1.4142135623730951
1863, 9, 422, 118, 421, 119, 1, -1, -0.7853981633974483, 1.4142135623730951
1863, 14, 166, 217, 167, 216, -1, 1, 2.356194490192345, 1.4142135623730951
1863, 43, 572, 302, 571, 301, 1, 1, 0.7853981633974483, 1.4142135623730951
1863, 48, 574, 329, 576, 330, -2, -1, -2.677945044588987, 2.23606797749979
1864, 0, 343, 339, 342, 341, 1, -2, -1.1071487177940904, 2.23606797749979
1864, 1, 387, 180, 388, 182, -1, -2, -2.0344439357957027, 2.23606797749979
1864, 3, 573, 160, 573, 158, 0, 2, 1.5707963267948966, 2.0
1864, 6, 530, 135, 528, 134, 2, 1, 0.4636476090008061, 2.23606797749979
1864, 11, 251, 379, 252, 378, -1, 1, 2.356194490192345, 1.4142135623730951
1864, 17, 338, 393, 337, 394, 1, -1, -0.7853981633974483, 1.4142135623730951
1864, 21, 344, 402, 343, 403, 1, -1, -0.7853981633974483, 1.4142135623730951
1864, 38, 239, 365, 238, 366, 1, -1, -0.7853981633974483, 1.4142135623730951
1864, 44, 572, 329, 574, 329, -2, 0, 3.141592653589793, 2.0
1865, 2, 390, 184, 390, 186, 0, -2, -1.5707963267948966, 2.0
1865, 6, 574, 157, 573, 156, 1, 1, 0.7853981633974483, 1.4142135623730951
1865, 8, 530, 136, 529, 135, 1, 1, 0.7853981633974483, 1.4142135623730951
1865, 18, 564, 156, 562, 155, 2, 1, 0.4636476090008061, 2.23606797749979
1865, 24, 345, 406, 344, 407, 1, -1, -0.7853981633974483, 1.4142135623730951
1865, 40, 429, 173, 429, 175, 0, -2, -1.5707963267948966, 2.0
1865, 48, 419, 343, 418, 344, 1, -1, -0.7853981633974483, 1.4142135623730951
1865, 56, 416, 127, 415, 128, 1, -1, -0.7853981633974483, 1.4142135623730951
1865, 57, 417, 305, 416, 308, 1, -3, -1.2490457723982544, 3.1622776601683795
1865, 67, 607, 336, 606, 335, 1, 1, 0.7853981633974483, 1.4142135623730951
1865, 69, 414, 272, 413, 273, 1, -1, -0.7853981633974483, 1.4142135623730951
1865, 70, 385, 192, 385, 194, 0, -2, -1.5707963267948966, 2.0
1865, 72, 595, 243, 594, 242, 1, 1, 0.7853981633974483, 1.4142135623730951
1866, 2, 345, 342, 344, 343, 1, -1, -0.7853981633974483, 1.4142135623730951
1866, 4, 575, 159, 574, 157, 1, 2, 1.1071487177940904, 2.23606797749979
1866, 6, 532, 137, 530, 136, 2, 1, 0.4636476090008061, 2.23606797749979
1866, 15, 566, 158, 564, 156, 2, 2, 0.7853981633974483, 2.8284271247461903
1866, 17, 424, 119, 423, 120, 1, -1, -0.7853981633974483, 1.4142135623730951
1866, 24, 453, 117, 452, 118, 1, -1, -0.7853981633974483, 1.4142135623730951
1866, 39, 258, 380, 257, 379, 1, 1, 0.7853981633974483, 1.4142135623730951
1866, 46, 600, 316, 601, 315, -1, 1, 2.356194490192345, 1.4142135623730951
1866, 49, 417, 126, 416, 127, 1, -1, -0.7853981633974483, 1.4142135623730951
1866, 50, 416, 301, 417, 305, -1, -4, -1.8157749899217608, 4.123105625617661
1866, 51, 213, 404, 211, 405, 2, -1, -0.4636476090008061, 2.23606797749979
1866, 54, 493, 148, 492, 149, 1, -1, -0.7853981633974483, 1.4142135623730951
1866, 63, 385, 190, 385, 192, 0, -2, -1.5707963267948966, 2.0
1866, 64, 596, 244, 595, 243, 1, 1, 0.7853981633974483, 1.4142135623730951
1867, 0, 345, 340, 345, 342, 0, -2, -1.5707963267948966, 2.0
1867, 2, 576, 160, 575, 159, 1, 1, 0.7853981633974483, 1.4142135623730951
1867, 3, 534, 138, 532, 137, 2, 1, 0.4636476090008061, 2.23606797749979
1867, 10, 567, 160, 566, 158, 1, 2, 1.1071487177940904, 2.23606797749979
1867, 15, 409, 369, 408, 371, 1, -2, -1.1071487177940904, 2.23606797749979
1867, 16, 346, 404, 345, 405, 1, -1, -0.7853981633974483, 1.4142135623730951
1867, 17, 597, 273, 598, 272, -1, 1, 2.356194490192345, 1.4142135623730951
1867, 18, 453, 115, 453, 117, 0, -2, -1.5707963267948966, 2.0
1867, 22, 539, 173, 538, 172, 1, 1, 0.7853981633974483, 1.4142135623730951
1867, 30, 567, 247, 567, 245, 0, 2, 1.5707963267948966, 2.0
1867, 34, 420, 340, 419, 342, 1, -2, -1.1071487177940904, 2.23606797749979
1867, 38, 418, 125, 417, 126, 1, -1, -0.7853981633974483, 1.4142135623730951
1867, 39, 418, 296, 416, 301, 2, -5, -1.1902899496825317, 5.385164807134504
1867, 40, 214, 403, 213, 404, 1, -1, -0.7853981633974483, 1.4142135623730951
1867, 42, 337, 397, 336, 398, 1, -1, -0.7853981633974483, 1.4142135623730951
1867, 50, 415, 270, 414, 271, 1, -1, -0.7853981633974483, 1.4142135623730951
1868, 0, 346, 339, 345, 340, 1, -1, -0.7853981633974483, 1.4142135623730951
1868, 2, 578, 162, 576, 160, 2, 2, 0.7853981633974483, 2.8284271247461903
1868, 3, 535, 139, 534, 138, 1, 1, 0.7853981633974483, 1.4142135623730951
1868, 10, 567, 162, 567, 160, 0, 2, 1.5707963267948966, 2.0
1868, 13, 409, 367, 409, 369, 0, -2, -1.5707963267948966, 2.0
1868, 15, 454, 114, 453, 115, 1, -1, -0.7853981633974483, 1.4142135623730951
1868, 26, 567, 250, 567, 247, 0, 3, 1.5707963267948966, 3.0
1868, 29, 421, 339, 420, 340, 1, -1, -0.7853981633974483, 1.4142135623730951
1868, 34, 419, 294, 418, 296, 1, -2, -1.1071487177940904, 2.23606797749979
1868, 37, 338, 395, 337, 397, 1, -2, -1.1071487177940904, 2.23606797749979
1868, 43, 584, 309, 585, 308, -1, 1, 2.356194490192345, 1.4142135623730951
1869, 0, 346, 337, 346, 339, 0, -2, -1.5707963267948966, 2.0
1869, 2, 579, 163, 578, 162, 1, 1, 0.7853981633974483, 1.4142135623730951
1869, 3, 536, 140, 535, 139, 1, 1, 0.7853981633974483, 1.4142135623730951
1869, 5, 624, 291, 626, 291, -2, 0, 3.141592653589793, 2.0
1869, 12, 410, 366, 409, 367, 1, -1, -0.7853981633974483, 1.4142135623730951
1869, 13, 347, 402, 346, 403, 1, -1, -0.7853981633974483, 1.4142135623730951
1869, 14, 456, 113, 454, 114, 2, -1, -0.4636476090008061, 2.23606797749979
1869, 18, 540, 174, 539, 173, 1, 1, 0.7853981633974483, 1.4142135623730951
1869, 25, 568, 253, 567, 250, 1, 3, 1.2490457723982544, 3.1622776601683795
1869, 27, 421, 337, 421, 339, 0, -2, -1.5707963267948966, 2.0
1869, 30, 365, 349, 364, 350, 1, -1, -0.7853981633974483, 1.4142135623730951
1869, 31, 418, 122, 418, 124, 0, -2, -1.5707963267948966, 2.0
1869, 32, 419, 290, 419, 294, 0, -4, -1.5707963267948966, 4.0
1869, 34, 339, 394, 338, 395, 1, -1, -0.7853981633974483, 1.4142135623730951
1869, 41, 385, 186, 385, 188, 0, -2, -1.5707963267948966, 2.0
1870, 3, 345, 339, 345, 341, 0, -2, -1.5707963267948966, 2.0
1870, 7, 578, 163, 577, 162, 1, 1, 0.7853981633974483, 1.4142135623730951
1870, 8, 625, 292, 626, 291, -1, 1, 2.356194490192345, 1.4142135623730951
1870, 9, 471, 275, 472, 277, -1, -2, -2.0344439357957027, 2.23606797749979
1870, 11, 535, 140, 534, 139, 1, 1, 0.7853981633974483, 1.4142135623730951
1870, 12, 568, 253, 568, 250, 0, 3, 1.5707963267948966, 3.0
1870, 14, 347, 404, 346, 406, 1, -2, -1.1071487177940904, 2.23606797749979
1870, 16, 449, 208, 451, 209, -2, -1, -2.677945044588987, 2.23606797749979
1870, 17, 427, 119, 426, 120, 1, -1, -0.7853981633974483, 1.4142135623730951
1870, 18, 220, 400, 220, 402, 0, -2, -1.5707963267948966, 2.0
1870, 22, 362, 248, 362, 250, 0, -2, -1.5707963267948966, 2.0
1870, 23, 540, 218, 541, 217, -1, 1, 2.356194490192345, 1.4142135623730951
1870, 28, 535, 174, 536, 172, -1, 2, 2.0344439357957027, 2.23606797749979
1870, 38, 233, 210, 232, 211, 1, -1, -0.7853981633974483, 1.4142135623730951
1870, 42, 383, 204, 384, 206, -1, -2, -2.0344439357957027, 2.23606797749979
1870, 43, 286, 332, 285, 333, 1, -1, -0.7853981633974483, 1.4142135623730951
1870, 48, 342, 398, 341, 400, 1, -2, -1.1071487177940904, 2.23606797749979
1870, 50, 419, 308, 420, 307, -1, 1, 2.356194490192345, 1.4142135623730951
1870, 52, 507, 138, 506, 139, 1, -1, -0.7853981633974483, 1.4142135623730951
1870, 61, 155, 296, 156, 295, -1, 1, 2.356194490192345, 1.4142135623730951
1871, 2, 346, 338, 345, 339, 1, -1, -0.7853981633974483, 1.4142135623730951
1871, 4, 579, 165, 578, 163, 1, 2, 1.1071487177940904, 2.23606797749979
1871, 7, 536, 141, 535, 140, 1, 1, 0.7853981633974483, 1.4142135623730951
1871, 8, 569, 256, 568, 253, 1, 3, 1.2490457723982544, 3.1622776601683795
1871, 10, 348, 403, 347, 404, 1, -1, -0.7853981633974483, 1.4142135623730951
1871, 12, 449, 206, 449, 208, 0, -2, -1.5707963267948966, 2.0
1871, 13, 428, 118, 427, 119, 1, -1, -0.7853981633974483, 1.4142135623730951
1871, 17, 362, 246, 362, 248, 0, -2, -1.5707963267948966, 2.0
1871, 22, 460, 151, 459, 152, 1, -1, -0.7853981633974483, 1.4142135623730951
1871, 23, 535, 177, 535, 174, 0, 3, 1.5707963267948966, 3.0
1871, 37, 288, 332, 286, 332, 2, 0, 0.0, 2.0
1871, 38, 456, 115, 455, 116, 1, -1, -0.7853981633974483, 1.4142135623730951
1871, 42, 343, 397, 342, 398, 1, -1, -0.7853981633974483, 1.4142135623730951
1871, 50, 511, 187, 512, 186, -1, 1, 2.356194490192345, 1.4142135623730951
1871, 55, 156, 295, 155, 296, 1, -1, -0.7853981633974483, 1.4142135623730951
1872, 1, 346, 336, 346, 338, 0, -2, -1.5707963267948966, 2.0
1872, 3, 580, 167, 579, 165, 1, 2, 1.1071487177940904, 2.23606797749979
1872, 7, 571, 258, 569, 256, 2, 2, 0.7853981633974483, 2.8284271247461903
1872, 9, 349, 402, 348, 403, 1, -1, -0.7853981633974483, 1.4142135623730951
1872, 12, 221, 399, 220, 400, 1, -1, -0.7853981633974483, 1.4142135623730951
1872, 14, 542, 180, 543, 179, -1, 1, 2.356194490192345, 1.4142135623730951
1872, 15, 362, 244, 362, 246, 0, -2, -1.5707963267948966, 2.0
1872, 18, 410, 365, 410, 367, 0, -2, -1.5707963267948966, 2.0
1872, 21, 535, 180, 535, 177, 0, 3, 1.5707963267948966, 3.0
1872, 28, 406, 318, 407, 320, -1, -2, -2.0344439357957027, 2.23606797749979
1872, 35, 457, 114, 456, 115, 1, -1, -0.7853981633974483, 1.4142135623730951
1872, 38, 345, 395, 343, 397, 2, -2, -0.7853981633974483, 2.8284271247461903
1872, 41, 618, 248, 617, 247, 1, 1, 0.7853981633974483, 1.4142135623730951
1872, 42, 509, 137, 508, 138, 1, -1, -0.7853981633974483, 1.4142135623730951
1872, 43, 258, 323, 259, 322, -1, 1, 2.356194490192345, 1.4142135623730951
1873, 1, 347, 335, 346, 336, 1, -1, -0.7853981633974483, 1.4142135623730951
1873, 3, 582, 169, 580, 167, 2, 2, 0.7853981633974483, 2.8284271247461903
1873, 6, 537, 144, 536, 142, 1, 2, 1.1071487177940904, 2.23606797749979
1873, 7, 572, 260, 571, 258, 1, 2, 1.1071487177940904, 2.23606797749979
1873, 9, 350, 401, 349, 402, 1, -1, -0.7853981633974483, 1.4142135623730951
1873, 20, 536, 183, 535, 180, 1, 3, 1.2490457723982544, 3.1622776601683795
1873, 29, 259, 381, 258, 380, 1, 1, 0.7853981633974483, 1.4142135623730951
1873, 34, 457, 112, 457, 114, 0, -2, -1.5707963267948966, 2.0
1873, 37, 346, 394, 345, 395, 1, -1, -0.7853981633974483, 1.4142135623730951
1873, 46, 368, 349, 367, 350, 1, -1, -0.7853981633974483, 1.4142135623730951
1874, 3, 583, 171, 582, 169, 1, 2, 1.1071487177940904, 2.23606797749979
1874, 6, 539, 146, 537, 144, 2, 2, 0.7853981633974483, 2.8284271247461903
1874, 7, 573, 261, 572, 260, 1, 1, 0.7853981633974483, 1.4142135623730951
1874, 17, 411, 362, 410, 364, 1, -2, -1.1071487177940904, 2.23606797749979
1874, 18, 461, 147, 460, 149, 1, -2, -1.1071487177940904, 2.23606797749979
1874, 19, 536, 185, 536, 183, 0, 2, 1.5707963267948966, 2.0
1874, 24, 406, 315, 406, 317, 0, -2, -1.5707963267948966, 2.0
1874, 25, 254, 383, 253, 384, 1, -1, -0.7853981633974483, 1.4142135623730951
1874, 30, 458, 111, 457, 112, 1, -1, -0.7853981633974483, 1.4142135623730951
1874, 33, 347, 393, 346, 394, 1, -1, -0.7853981633974483, 1.4142135623730951
1874, 38, 260, 323, 258, 324, 2, -1, -0.4636476090008061, 2.23606797749979
1875, 2, 392, 180, 391, 182, 1, -2, -1.1071487177940904, 2.23606797749979
1875, 4, 349, 338, 348, 340, 1, -2, -1.1071487177940904, 2.23606797749979
1875, 5, 539, 146, 538, 145, 1, 1, 0.7853981633974483, 1.4142135623730951
1875, 16, 351, 403, 350, 404, 1, -1, -0.7853981633974483, 1.4142135623730951
1875, 24, 346, 393, 345, 394, 1, -1, -0.7853981633974483, 1.4142135623730951
1875, 39, 536, 176, 534, 173, 2, 3, 0.982793723247329, 3.605551275463989
1875, 43, 167, 219, 168, 218, -1, 1, 2.356194490192345, 1.4142135623730951
1875, 44, 416, 280, 415, 282, 1, -2, -1.1071487177940904, 2.23606797749979
1875, 47, 615, 293, 616, 292, -1, 1, 2.356194490192345, 1.4142135623730951
1876, 1, 349, 336, 349, 338, 0, -2, -1.5707963267948966, 2.0
1876, 10, 583, 170, 582, 168, 1, 2, 1.1071487177940904, 2.23606797749979
1876, 13, 352, 401, 351, 403, 1, -2, -1.1071487177940904, 2.23606797749979
1876, 29, 570, 173, 571, 172, -1, 1, 2.356194490192345, 1.4142135623730951
1876, 36, 537, 178, 536, 176, 1, 2, 1.1071487177940904, 2.23606797749979
1876, 41, 415, 278, 416, 280, -1, -2, -2.0344439357957027, 2.23606797749979
1876, 44, 614, 294, 615, 293, -1, 1, 2.356194490192345, 1.4142135623730951
1876, 45, 397, 289, 399, 290, -2, -1, -2.677945044588987, 2.23606797749979
1876, 50, 353, 393, 352, 395, 1, -2, -1.1071487177940904, 2.23606797749979
1877, 0, 439, 160, 438, 161, 1, -1, -0.7853981633974483, 1.4142135623730951
1877, 1, 350, 334, 349, 336, 1, -2, -1.1071487177940904, 2.23606797749979
1877, 9, 584, 172, 583, 170, 1, 2, 1.1071487177940904, 2.23606797749979
1877, 27, 569, 174, 570, 173, -1, 1, 2.356194490192345, 1.4142135623730951
1877, 32, 563, 167, 562, 165, 1, 2, 1.1071487177940904, 2.23606797749979
1877, 33, 539, 180, 537, 178, 2, 2, 0.7853981633974483, 2.8284271247461903
1877, 37, 415, 276, 415, 278, 0, -2, -1.5707963267948966, 2.0
1877, 39, 613, 295, 614, 294, -1, 1, 2.356194490192345, 1.4142135623730951
1877, 45, 354, 392, 353, 393, 1, -1, -0.7853981633974483, 1.4142135623730951
1877, 47, 418, 144, 417, 145, 1, -1, -0.7853981633974483, 1.4142135623730951
1878, 1, 351, 332, 350, 334, 1, -2, -1.1071487177940904, 2.23606797749979
1878, 2, 542, 148, 540, 147, 2, 1, 0.4636476090008061, 2.23606797749979
1878, 5, 144, 271, 145, 270, -1, 1, 2.356194490192345, 1.4142135623730951
1878, 12, 353, 400, 352, 401, 1, -1, -0.7853981633974483, 1.4142135623730951
1878, 13, 543, 181, 542, 180, 1, 1, 0.7853981633974483, 1.4142135623730951
1878, 15, 620, 254, 619, 251, 1, 3, 1.2490457723982544, 3.1622776601683795
1878, 18, 429, 116, 428, 117, 1, -1, -0.7853981633974483, 1.4142135623730951
1878, 21, 274, 321, 273, 322, 1, -1, -0.7853981633974483, 1.4142135623730951
1878, 24, 461, 146, 461, 148, 0, -2, -1.5707963267948966, 2.0
1878, 27, 569, 176, 569, 174, 0, 2, 1.5707963267948966, 2.0
1878, 28, 407, 314, 408, 316, -1, -2, -2.0344439357957027, 2.23606797749979
1878, 30, 401, 153, 399, 156, 2, -3, -0.982793723247329, 3.605551275463989
1878, 33, 542, 180, 539, 180, 3, 0, 0.0, 3.0
1878, 41, 493, 154, 492, 155, 1, -1, -0.7853981633974483, 1.4142135623730951
1878, 43, 355, 391, 354, 392, 1, -1, -0.7853981633974483, 1.4142135623730951
1878, 45, 419, 143, 418, 144, 1, -1, -0.7853981633974483, 1.4142135623730951
1879, 9, 585, 175, 584, 173, 1, 2, 1.1071487177940904, 2.23606797749979
1879, 12, 354, 399, 353, 400, 1, -1, -0.7853981633974483, 1.4142135623730951
1879, 19, 347, 391, 346, 392, 1, -1, -0.7853981633974483, 1.4142135623730951
1879, 21, 275, 320, 274, 321, 1, -1, -0.7853981633974483, 1.4142135623730951
1879, 26, 570, 178, 569, 176, 1, 2, 1.1071487177940904, 2.23606797749979
1879, 29, 400, 151, 401, 153, -1, -2, -2.0344439357957027, 2.23606797749979
1879, 36, 612, 297, 613, 296, -1, 1, 2.356194490192345, 1.4142135623730951
1879, 41, 356, 390, 355, 391, 1, -1, -0.7853981633974483, 1.4142135623730951
1879, 43, 420, 142, 419, 143, 1, -1, -0.7853981633974483, 1.4142135623730951
1880, 2, 353, 333, 352, 335, 1, -2, -1.1071487177940904, 2.23606797749979
1880, 9, 585, 175, 585, 172, 0, 3, 1.5707963267948966, 3.0
1880, 24, 427, 124, 427, 126, 0, -2, -1.5707963267948966, 2.0
1880, 33, 424, 119, 423, 120, 1, -1, -0.7853981633974483, 1.4142135623730951
1880, 37, 238, 349, 239, 348, -1, 1, 2.356194490192345, 1.4142135623730951
1880, 40, 543, 149, 542, 148, 1, 1, 0.7853981633974483, 1.4142135623730951
1880, 49, 573, 314, 572, 313, 1, 1, 0.7853981633974483, 1.4142135623730951
1880, 51, 221, 404, 220, 405, 1, -1, -0.7853981633974483, 1.4142135623730951
1880, 55, 356, 245, 357, 247, -1, -2, -2.0344439357957027, 2.23606797749979
1881, 2, 354, 331, 353, 333, 1, -2, -1.1071487177940904, 2.23606797749979
1881, 3, 394, 177, 393, 179, 1, -2, -1.1071487177940904, 2.23606797749979
1881, 5, 442, 160, 441, 161, 1, -1, -0.7853981633974483, 1.4142135623730951
1881, 6, 146, 272, 145, 271, 1, 1, 0.7853981633974483, 1.4142135623730951
1881, 9, 586, 177, 585, 175, 1, 2, 1.1071487177940904, 2.23606797749979
1881, 10, 625, 300, 626, 298, -1, 2, 2.0344439357957027, 2.23606797749979
1881, 17, 354, 401, 353, 402, 1, -1, -0.7853981633974483, 1.4142135623730951
1881, 21, 409, 314, 409, 316, 0, -2, -1.5707963267948966, 2.0
1881, 24, 432, 117, 431, 118, 1, -1, -0.7853981633974483, 1.4142135623730951
1881, 27, 357, 391, 356, 392, 1, -1, -0.7853981633974483, 1.4142135623730951
1881, 30, 425, 118, 424, 119, 1, -1, -0.7853981633974483, 1.4142135623730951
1881, 37, 544, 150, 543, 149, 1, 1, 0.7853981633974483, 1.4142135623730951
1881, 51, 355, 242, 356, 245, -1, -3, -1.892546881191539, 3.1622776601683795
1881, 57, 464, 146, 463, 148, 1, -2, -1.1071487177940904, 2.23606797749979
1881, 59, 161, 267, 160, 268, 1, -1, -0.7853981633974483, 1.4142135623730951
1882, 2, 354, 329, 354, 331, 0, -2, -1.5707963267948966, 2.0
1882, 7, 587, 179, 586, 177, 1, 2, 1.1071487177940904, 2.23606797749979
1882, 15, 355, 400, 354, 401, 1, -1, -0.7853981633974483, 1.4142135623730951
1882, 33, 546, 151, 544, 150, 2, 1, 0.4636476090008061, 2.23606797749979
1882, 37, 165, 221, 166, 220, -1, 1, 2.356194490192345, 1.4142135623730951
1882, 40, 574, 317, 573, 315, 1, 2, 1.1071487177940904, 2.23606797749979
1882, 46, 354, 240, 355, 242, -1, -2, -2.0344439357957027, 2.23606797749979
1883, 2, 354, 327, 354, 329, 0, -2, -1.5707963267948966, 2.0
1883, 7, 587, 181, 587, 179, 0, 2, 1.5707963267948966, 2.0
1883, 8, 623, 301, 624, 300, -1, 1, 2.356194490192345, 1.4142135623730951
1883, 15, 356, 399, 355, 400, 1, -1, -0.7853981633974483, 1.4142135623730951
1883, 20, 433, 115, 432, 116, 1, -1, -0.7853981633974483, 1.4142135623730951
1883, 27, 613, 299, 614, 298, -1, 1, 2.356194490192345, 1.4142135623730951
1883, 31, 547, 152, 546, 151, 1, 1, 0.7853981633974483, 1.4142135623730951
1883, 37, 223, 402, 222, 403, 1, -1, -0.7853981633974483, 1.4142135623730951
1883, 41, 354, 238, 354, 240, 0, -2, -1.5707963267948966, 2.0
1883, 45, 464, 143, 464, 145, 0, -2, -1.5707963267948966, 2.0
1884, 0, 354, 325, 354, 327, 0, -2, -1.5707963267948966, 2.0
1884, 5, 587, 183, 587, 181, 0, 2, 1.5707963267948966, 2.0
1884, 13, 357, 398, 356, 399, 1, -1, -0.7853981633974483, 1.4142135623730951
1884, 20, 358, 388, 357, 389, 1, -1, -0.7853981633974483, 1.4142135623730951
1884, 29, 548, 153, 547, 152, 1, 1, 0.7853981633974483, 1.4142135623730951
1884, 33, 576, 318, 575, 317, 1, 1, 0.7853981633974483, 1.4142135623730951
1884, 38, 354, 236, 354, 238, 0, -2, -1.5707963267948966, 2.0
1885, 3, 354, 331, 354, 333, 0, -2, -1.5707963267948966, 2.0
1885, 15, 355, 389, 354, 390, 1, -1, -0.7853981633974483, 1.4142135623730951
1885, 17, 433, 116, 432, 117, 1, -1, -0.7853981633974483, 1.4142135623730951
1885, 23, 358, 400, 357, 401, 1, -1, -0.7853981633974483, 1.4142135623730951
1885, 26, 359, 241, 360, 243, -1, -2, -2.0344439357957027, 2.23606797749979
1885, 34, 464, 113, 463, 114, 1, -1, -0.7853981633974483, 1.4142135623730951
1885, 38, 224, 404, 223, 405, 1, -1, -0.7853981633974483, 1.4142135623730951
1885, 39, 416, 302, 418, 301, -2, 1, 2.677945044588987, 2.23606797749979
1885, 48, 418, 361, 417, 362, 1, -1, -0.7853981633974483, 1.4142135623730951
1885, 52, 503, 136, 502, 137, 1, -1, -0.7853981633974483, 1.4142135623730951
1885, 54, 431, 332, 430, 334, 1, -2, -1.1071487177940904, 2.23606797749979
1885, 55, 443, 201, 443, 203, 0, -2, -1.5707963267948966, 2.0
1886, 3, 354, 329, 354, 331, 0, -2, -1.5707963267948966, 2.0
1886, 11, 589, 180, 588, 179, 1, 1, 0.7853981633974483, 1.4142135623730951
1886, 20, 359, 399, 358, 400, 1, -1, -0.7853981633974483, 1.4142135623730951
1886, 23, 358, 239, 359, 241, -1, -2, -2.0344439357957027, 2.23606797749979
1886, 25, 548, 155, 547, 153, 1, 2, 1.1071487177940904, 2.23606797749979
1886, 31, 465, 112, 464, 113, 1, -1, -0.7853981633974483, 1.4142135623730951
1886, 32, 578, 177, 576, 176, 2, 1, 0.4636476090008061, 2.23606797749979
1886, 34, 332, 323, 331, 324, 1, -1, -0.7853981633974483, 1.4142135623730951
1886, 36, 415, 303, 416, 302, -1, 1, 2.356194490192345, 1.4142135623730951
1886, 45, 418, 359, 418, 361, 0, -2, -1.5707963267948966, 2.0
1886, 48, 505, 136, 503, 136, 2, 0, 0.0, 2.0
1886, 49, 575, 187, 576, 186, -1, 1, 2.356194490192345, 1.4142135623730951
1886, 50, 432, 331, 431, 332, 1, -1, -0.7853981633974483, 1.4142135623730951
1886, 52, 520, 141, 519, 140, 1, 1, 0.7853981633974483, 1.4142135623730951
1887, 0, 394, 174, 394, 176, 0, -2, -1.5707963267948966, 2.0
1887, 3, 355, 327, 354, 329, 1, -2, -1.1071487177940904, 2.23606797749979
1887, 10, 590, 181, 589, 180, 1, 1, 0.7853981633974483, 1.4142135623730951
1887, 15, 434, 114, 433, 115, 1, -1, -0.7853981633974483, 1.4142135623730951
1887, 19, 361, 399, 359, 399, 2, 0, 0.0, 2.0
1887, 22, 358, 237, 358, 239, 0, -2, -1.5707963267948966, 2.0
1887, 26, 240, 347, 239, 348, 1, -1, -0.7853981633974483, 1.4142135623730951
1887, 27, 465, 143, 464, 145, 1, -2, -1.1071487177940904, 2.23606797749979
1887, 29, 466, 111, 465, 112, 1, -1, -0.7853981633974483, 1.4142135623730951
1887, 30, 580, 179, 578, 177, 2, 2, 0.7853981633974483, 2.8284271247461903
1887, 33, 225, 402, 224, 403, 1, -1, -0.7853981633974483, 1.4142135623730951
1887, 45, 508, 136, 505, 136, 3, 0, 0.0, 3.0
1887, 47, 432, 329, 432, 331, 0, -2, -1.5707963267948966, 2.0
1888, 2, 355, 325, 355, 327, 0, -2, -1.5707963267948966, 2.0
1888, 9, 591, 182, 590, 181, 1, 1, 0.7853981633974483, 1.4142135623730951
1888, 11, 356, 386, 355, 387, 1, -1, -0.7853981633974483, 1.4142135623730951
1888, 12, 545, 179, 542, 178, 3, 1, 0.3217505543966422, 3.1622776601683795
1888, 13, 435, 113, 434, 114, 1, -1, -0.7853981633974483, 1.4142135623730951
1888, 17, 362, 397, 361, 399, 1, -2, -1.1071487177940904, 2.23606797749979
1888, 20, 358, 235, 358, 237, 0, -2, -1.5707963267948966, 2.0
1888, 23, 206, 278, 206, 280, 0, -2, -1.5707963267948966, 2.0
1888, 26, 619, 337, 618, 338, 1, -1, -0.7853981633974483, 1.4142135623730951
1888, 27, 467, 110, 466, 111, 1, -1, -0.7853981633974483, 1.4142135623730951
1888, 28, 579, 181, 580, 179, -1, 2, 2.0344439357957027, 2.23606797749979
1888, 31, 226, 401, 225, 402, 1, -1, -0.7853981633974483, 1.4142135623730951
1888, 37, 512, 147, 511, 146, 1, 1, 0.7853981633974483, 1.4142135623730951
1888, 40, 419, 357, 418, 358, 1, -1, -0.7853981633974483, 1.4142135623730951
1888, 41, 511, 137, 508, 136, 3, 1, 0.3217505543966422, 3.1622776601683795
1888, 43, 433, 328, 432, 329, 1, -1, -0.7853981633974483, 1.4142135623730951
1889, 0, 441, 154, 442, 156, -1, -2, -2.0344439357957027, 2.23606797749979
1889, 1, 147, 271, 146, 272, 1, -1, -0.7853981633974483, 1.4142135623730951
1889, 2, 355, 322, 355, 325, 0, -3, -1.5707963267948966, 3.0
1889, 8, 592, 183, 591, 182, 1, 1, 0.7853981633974483, 1.4142135623730951
1889, 11, 548, 181, 545, 179, 3, 2, 0.5880026035475675, 3.605551275463989
1889, 16, 363, 396, 362, 397, 1, -1, -0.7853981633974483, 1.4142135623730951
1889, 19, 358, 232, 358, 235, 0, -3, -1.5707963267948966, 3.0
1889, 21, 549, 158, 548, 157, 1, 1, 0.7853981633974483, 1.4142135623730951
1889, 25, 578, 182, 579, 181, -1, 1, 2.356194490192345, 1.4142135623730951
1889, 27, 329, 321, 331, 322, -2, -1, -2.677945044588987, 2.23606797749979
1889, 29, 412, 301, 413, 303, -1, -2, -2.0344439357957027, 2.23606797749979
1889, 30, 259, 396, 258, 395, 1, 1, 0.7853981633974483, 1.4142135623730951
1889, 36, 419, 355, 419, 357, 0, -2, -1.5707963267948966, 2.0
1889, 37, 513, 139, 511, 137, 2, 2, 0.7853981633974483, 2.8284271247461903
1889, 39, 433, 326, 433, 328, 0, -2, -1.5707963267948966, 2.0
1889, 40, 445, 198, 443, 199, 2, -1, -0.4636476090008061, 2.23606797749979
1890, 0, 357, 326, 357, 328, 0, -2, -1.5707963267948966, 2.0
1890, 1, 395, 173, 395, 175, 0, -2, -1.5707963267948966, 2.0
1890, 3, 443, 157, 442, 158, 1, -1, -0.7853981633974483, 1.4142135623730951
1890, 9, 550, 158, 549, 157, 1, 1, 0.7853981633974483, 1.4142135623730951
1890, 12, 592, 186, 591, 184, 1, 2, 1.1071487177940904, 2.23606797749979
1890, 13, 547, 184, 546, 182, 1, 2, 1.1071487177940904, 2.23606797749979
1890, 24, 436, 114, 435, 115, 1, -1, -0.7853981633974483, 1.4142135623730951
1890, 27, 227, 403, 226, 404, 1, -1, -0.7853981633974483, 1.4142135623730951
1890, 30, 420, 359, 419, 360, 1, -1, -0.7853981633974483, 1.4142135623730951
1890, 34, 513, 141, 511, 140, 2, 1, 0.4636476090008061, 2.23606797749979
1890, 44, 521, 145, 520, 144, 1, 1, 0.7853981633974483, 1.4142135623730951
1890, 47, 468, 112, 467, 113, 1, -1, -0.7853981633974483, 1.4142135623730951
1890, 48, 362, 397, 361, 398, 1, -1, -0.7853981633974483, 1.4142135623730951
1890, 49, 357, 386, 356, 387, 1, -1, -0.7853981633974483, 1.4142135623730951
1890, 57, 468, 144, 467, 145, 1, -1, -0.7853981633974483, 1.4142135623730951
1891, 0, 357, 323, 357, 326, 0, -3, -1.5707963267948966, 3.0
1891, 1, 395, 171, 395, 173, 0, -2, -1.5707963267948966, 2.0
1891, 3, 443, 155, 443, 157, 0, -2, -1.5707963267948966, 2.0
1891, 11, 593, 188, 592, 186, 1, 2, 1.1071487177940904, 2.23606797749979
1891, 12, 548, 186, 547, 184, 1, 2, 1.1071487177940904, 2.23606797749979
1891, 19, 460, 273, 461, 272, -1, 1, 2.356194490192345, 1.4142135623730951
1891, 25, 263, 384, 264, 383, -1, 1, 2.356194490192345, 1.4142135623730951
1891, 27, 420, 357, 420, 359, 0, -2, -1.5707963267948966, 2.0
1891, 30, 514, 142, 513, 141, 1, 1, 0.7853981633974483, 1.4142135623730951
1891, 39, 522, 146, 521, 145, 1, 1, 0.7853981633974483, 1.4142135623730951
1891, 41, 469, 111, 468, 112, 1, -1, -0.7853981633974483, 1.4142135623730951
1891, 42, 363, 396, 362, 397, 1, -1, -0.7853981633974483, 1.4142135623730951
1892, 0, 358, 321, 357, 323, 1, -2, -1.1071487177940904, 2.23606797749979
1892, 8, 551, 160, 550, 159, 1, 1, 0.7853981633974483, 1.4142135623730951
1892, 11, 594, 191, 593, 188, 1, 3, 1.2490457723982544, 3.1622776601683795
1892, 12, 548, 188, 548, 186, 0, 2, 1.5707963267948966, 2.0
1892, 21, 437, 112, 436, 113, 1, -1, -0.7853981633974483, 1.4142135623730951
1892, 23, 228, 401, 227, 402, 1, -1, -0.7853981633974483, 1.4142135623730951
1892, 26, 421, 356, 420, 357, 1, -1, -0.7853981633974483, 1.4142135623730951
1892, 34, 383, 189, 383, 191, 0, -2, -1.5707963267948966, 2.0
1892, 38, 364, 395, 363, 396, 1, -1, -0.7853981633974483, 1.4142135623730951
1892, 39, 359, 385, 358, 386, 1, -1, -0.7853981633974483, 1.4142135623730951
1892, 46, 469, 142, 468, 143, 1, -1, -0.7853981633974483, 1.4142135623730951
1893, 0, 357, 319, 358, 321, -1, -2, -2.0344439357957027, 2.23606797749979
1893, 1, 394, 168, 395, 170, -1, -2, -2.0344439357957027, 2.23606797749979
1893, 9, 595, 193, 594, 191, 1, 2, 1.1071487177940904, 2.23606797749979
1893, 22, 421, 354, 421, 356, 0, -2, -1.5707963267948966, 2.0
1893, 31, 524, 147, 523, 146, 1, 1, 0.7853981633974483, 1.4142135623730951
1893, 33, 470, 109, 469, 110, 1, -1, -0.7853981633974483, 1.4142135623730951
1893, 34, 365, 394, 364, 395, 1, -1, -0.7853981633974483, 1.4142135623730951
1893, 35, 360, 384, 359, 385, 1, -1, -0.7853981633974483, 1.4142135623730951
1893, 42, 471, 141, 469, 142, 2, -1, -0.4636476090008061, 2.23606797749979
1894, 0, 358, 317, 357, 319, 1, -2, -1.1071487177940904, 2.23606797749979
1894, 1, 394, 166, 394, 168, 0, -2, -1.5707963267948966, 2.0
1894, 6, 627, 303, 626, 302, 1, 1, 0.7853981633974483, 1.4142135623730951
1894, 9, 595, 195, 595, 193, 0, 2, 1.5707963267948966, 2.0
1894, 16, 438, 110, 437, 111, 1, -1, -0.7853981633974483, 1.4142135623730951
1894, 22, 410, 310, 411, 312, -1, -2, -2.0344439357957027, 2.23606797749979
1894, 31, 366, 393, 365, 394, 1, -1, -0.7853981633974483, 1.4142135623730951
1894, 32, 362, 382, 360, 384, 2, -2, -0.7853981633974483, 2.8284271247461903
1894, 39, 472, 140, 471, 141, 1, -1, -0.7853981633974483, 1.4142135623730951
1895, 2, 359, 323, 359, 325, 0, -2, -1.5707963267948966, 2.0
1895, 5, 444, 154, 444, 156, 0, -2, -1.5707963267948966, 2.0
1895, 11, 596, 192, 595, 190, 1, 2, 1.1071487177940904, 2.23606797749979
1895, 15, 406, 218, 406, 220, 0, -2, -1.5707963267948966, 2.0
1895, 23, 635, 345, 638, 345, -3, 0, 3.141592653589793, 3.0
1895, 27, 366, 397, 365, 398, 1, -1, -0.7853981633974483, 1.4142135623730951
1895, 33, 417, 295, 417, 298, 0, -3, -1.5707963267948966, 3.0
1895, 44, 445, 284, 444, 285, 1, -1, -0.7853981633974483, 1.4142135623730951
1895, 48, 361, 384, 360, 385, 1, -1, -0.7853981633974483, 1.4142135623730951
1896, 2, 359, 321, 359, 323, 0, -2, -1.5707963267948966, 2.0
1896, 7, 555, 163, 553, 161, 2, 2, 0.7853981633974483, 2.8284271247461903
1896, 9, 596, 194, 596, 192, 0, 2, 1.5707963267948966, 2.0
1896, 13, 421, 353, 421, 355, 0, -2, -1.5707963267948966, 2.0
1896, 18, 470, 112, 469, 113, 1, -1, -0.7853981633974483, 1.4142135623730951
1896, 29, 417, 292, 417, 295, 0, -3, -1.5707963267948966, 3.0
1896, 43, 362, 383, 361, 384, 1, -1, -0.7853981633974483, 1.4142135623730951
1897, 2, 360, 319, 359, 321, 1, -2, -1.1071487177940904, 2.23606797749979
1897, 7, 556, 164, 555, 163, 1, 1, 0.7853981633974483, 1.4142135623730951
1897, 9, 596, 196, 596, 194, 0, 2, 1.5707963267948966, 2.0
1897, 10, 624, 304, 626, 304, -2, 0, 3.141592653589793, 2.0
1897, 16, 471, 111, 470, 112, 1, -1, -0.7853981633974483, 1.4142135623730951
1897, 17, 264, 397, 263, 398, 1, -1, -0.7853981633974483, 1.4142135623730951
1897, 22, 366, 394, 366, 396, 0, -2, -1.5707963267948966, 2.0
1897, 27, 417, 288, 417, 292, 0, -4, -1.5707963267948966, 4.0
1897, 33, 164, 225, 165, 224, -1, 1, 2.356194490192345, 1.4142135623730951
1898, 2, 360, 316, 360, 319, 0, -3, -1.5707963267948966, 3.0
1898, 4, 445, 152, 444, 153, 1, -1, -0.7853981633974483, 1.4142135623730951
1898, 7, 557, 165, 556, 164, 1, 1, 0.7853981633974483, 1.4142135623730951
1898, 9, 597, 197, 596, 196, 1, 1, 0.7853981633974483, 1.4142135623730951
1898, 14, 626, 263, 627, 262, -1, 1, 2.356194490192345, 1.4142135623730951
1898, 16, 472, 110, 471, 111, 1, -1, -0.7853981633974483, 1.4142135623730951
1898, 19, 461, 270, 461, 272, 0, -2, -1.5707963267948966, 2.0
1898, 22, 367, 392, 366, 394, 1, -2, -1.1071487177940904, 2.23606797749979
1898, 27, 417, 284, 417, 288, 0, -4, -1.5707963267948966, 4.0
1898, 36, 466, 265, 466, 267, 0, -2, -1.5707963267948966, 2.0
1898, 38, 442, 202, 442, 204, 0, -2, -1.5707963267948966, 2.0
1898, 44, 527, 149, 526, 148, 1, 1, 0.7853981633974483, 1.4142135623730951
1899, 1, 360, 314, 360, 316, 0, -2, -1.5707963267948966, 2.0
1899, 7, 597, 199, 597, 197, 0, 2, 1.5707963267948966, 2.0
1899, 11, 625, 264, 626, 263, -1, 1, 2.356194490192345, 1.4142135623730951
1899, 13, 473, 109, 472, 110, 1, -1, -0.7853981633974483, 1.4142135623730951
1899, 18, 367, 390, 367, 392, 0, -2, -1.5707963267948966, 2.0
1899, 29, 261, 389, 260, 390, 1, -1, -0.7853981633974483, 1.4142135623730951
1899, 39, 377, 338, 378, 340, -1, -2, -2.0344439357957027, 2.23606797749979
1900, 0, 361, 319, 361, 321, 0, -2, -1.5707963267948966, 2.0
1900, 7, 557, 167, 556, 166, 1, 1, 0.7853981633974483, 1.4142135623730951
1900, 9, 598, 197, 597, 195, 1, 2, 1.1071487177940904, 2.23606797749979
1900, 14, 424, 353, 423, 354, 1, -1, -0.7853981633974483, 1.4142135623730951
1900, 15, 369, 394, 368, 396, 1, -2, -1.1071487177940904, 2.23606797749979
1900, 19, 577, 271, 576, 269, 1, 2, 1.1071487177940904, 2.23606797749979
1900, 26, 529, 150, 528, 149, 1, 1, 0.7853981633974483, 1.4142135623730951
1900, 27, 473, 111, 472, 112, 1, -1, -0.7853981633974483, 1.4142135623730951
1900, 33, 379, 339, 379, 341, 0, -2, -1.5707963267948966, 2.0
1900, 41, 433, 119, 432, 120, 1, -1, -0.7853981633974483, 1.4142135623730951
1900, 46, 232, 403, 231, 404, 1, -1, -0.7853981633974483, 1.4142135623730951
1900, 58, 419, 300, 420, 299, -1, 1, 2.356194490192345, 1.4142135623730951
1901, 0, 361, 317, 361, 319, 0, -2, -1.5707963267948966, 2.0
1901, 7, 558, 168, 557, 167, 1, 1, 0.7853981633974483, 1.4142135623730951
1901, 9, 598, 199, 598, 197, 0, 2, 1.5707963267948966, 2.0
1901, 14, 424, 351, 424, 353, 0, -2, -1.5707963267948966, 2.0
1901, 15, 370, 392, 369, 394, 1, -2, -1.1071487177940904, 2.23606797749979
1901, 19, 578, 273, 577, 271, 1, 2, 1.1071487177940904, 2.23606797749979
1901, 20, 292, 336, 291, 337, 1, -1, -0.7853981633974483, 1.4142135623730951
1901, 21, 441, 110, 440, 111, 1, -1, -0.7853981633974483, 1.4142135623730951
1901, 22, 263, 327, 264, 326, -1, 1, 2.356194490192345, 1.4142135623730951
1901, 27, 475, 111, 473, 111, 2, 0, 0.0, 2.0
1901, 40, 434, 117, 433, 119, 1, -2, -1.1071487177940904, 2.23606797749979
1901, 50, 322, 370, 321, 371, 1, -1, -0.7853981633974483, 1.4142135623730951
1902, 0, 362, 315, 361, 317, 1, -2, -1.1071487177940904, 2.23606797749979
1902, 6, 623, 305, 625, 306, -2, -1, -2.677945044588987, 2.23606797749979
1902, 7, 559, 169, 558, 168, 1, 1, 0.7853981633974483, 1.4142135623730951
1902, 9, 600, 201, 598, 199, 2, 2, 0.7853981633974483, 2.8284271247461903
1902, 14, 424, 349, 424, 351, 0, -2, -1.5707963267948966, 2.0
1902, 15, 371, 391, 370, 392, 1, -1, -0.7853981633974483, 1.4142135623730951
1902, 17, 626, 266, 627, 265, -1, 1, 2.356194490192345, 1.4142135623730951
1902, 20, 293, 335, 292, 336, 1, -1, -0.7853981633974483, 1.4142135623730951
1902, 27, 476, 110, 475, 111, 1, -1, -0.7853981633974483, 1.4142135623730951
1902, 32, 398, 275, 399, 277, -1, -2, -2.0344439357957027, 2.23606797749979
1902, 39, 435, 116, 434, 117, 1, -1, -0.7853981633974483, 1.4142135623730951
1902, 52, 552, 200, 551, 196, 1, 4, 1.3258176636680326, 4.123105625617661
1902, 54, 344, 344, 343, 345, 1, -1, -0.7853981633974483, 1.4142135623730951
1903, 3, 147, 276, 148, 275, -1, 1, 2.356194490192345, 1.4142135623730951
1903, 5, 560, 170, 559, 169, 1, 1, 0.7853981633974483, 1.4142135623730951
1903, 7, 600, 203, 600, 201, 0, 2, 1.5707963267948966, 2.0
1903, 9, 266, 397, 267, 399, -1, -2, -2.0344439357957027, 2.23606797749979
1903, 13, 370, 389, 371, 391, -1, -2, -2.0344439357957027, 2.23606797749979
1903, 14, 163, 228, 164, 227, -1, 1, 2.356194490192345, 1.4142135623730951
1903, 17, 578, 276, 578, 274, 0, 2, 1.5707963267948966, 2.0
1903, 18, 294, 334, 293, 335, 1, -1, -0.7853981633974483, 1.4142135623730951
1903, 20, 263, 328, 262, 327, 1, 1, 0.7853981633974483, 1.4142135623730951
1903, 39, 234, 402, 233, 403, 1, -1, -0.7853981633974483, 1.4142135623730951
1903, 42, 265, 389, 266, 391, -1, -2, -2.0344439357957027, 2.23606797749979
1903, 47, 552, 203, 552, 200, 0, 3, 1.5707963267948966, 3.0
1903, 52, 294, 343, 295, 345, -1, -2, -2.0344439357957027, 2.23606797749979
1904, 0, 363, 312, 362, 314, 1, -2, -1.1071487177940904, 2.23606797749979
1904, 4, 561, 171, 560, 170, 1, 1, 0.7853981633974483, 1.4142135623730951
1904, 6, 600, 205, 600, 203, 0, 2, 1.5707963267948966, 2.0
1904, 11, 424, 346, 424, 348, 0, -2, -1.5707963267948966, 2.0
1904, 12, 370, 387, 370, 389, 0, -2, -1.5707963267948966, 2.0
1904, 16, 579, 277, 578, 276, 1, 1, 0.7853981633974483, 1.4142135623730951
1904, 23, 534, 150, 532, 150, 2, 0, 0.0, 2.0
1904, 38, 266, 388, 265, 389, 1, -1, -0.7853981633974483, 1.4142135623730951
1904, 40, 323, 367, 322, 368, 1, -1, -0.7853981633974483, 1.4142135623730951
1904, 43, 552, 205, 552, 203, 0, 2, 1.5707963267948966, 2.0
1904, 44, 345, 342, 344, 343, 1, -1, -0.7853981633974483, 1.4142135623730951
1905, 1, 365, 313, 364, 315, 1, -2, -1.1071487177940904, 2.23606797749979
1905, 2, 398, 169, 397, 170, 1, -1, -0.7853981633974483, 1.4142135623730951
1905, 9, 561, 171, 560, 170, 1, 1, 0.7853981633974483, 1.4142135623730951
1905, 16, 372, 390, 371, 391, 1, -1, -0.7853981633974483, 1.4142135623730951
1905, 18, 444, 111, 443, 112, 1, -1, -0.7853981633974483, 1.4142135623730951
1905, 19, 361, 232, 361, 234, 0, -2, -1.5707963267948966, 2.0
1905, 24, 240, 397, 239, 398, 1, -1, -0.7853981633974483, 1.4142135623730951
1905, 26, 580, 319, 579, 317, 1, 2, 1.1071487177940904, 2.23606797749979
1905, 29, 475, 140, 474, 141, 1, -1, -0.7853981633974483, 1.4142135623730951
1905, 31, 370, 380, 369, 381, 1, -1, -0.7853981633974483, 1.4142135623730951
1905, 36, 591, 201, 590, 200, 1, 1, 0.7853981633974483, 1.4142135623730951
1905, 42, 519, 153, 517, 151, 2, 2, 0.7853981633974483, 2.8284271247461903
1905, 47, 553, 203, 553, 201, 0, 2, 1.5707963267948966, 2.0
1905, 59, 440, 118, 439, 119, 1, -1, -0.7853981633974483, 1.4142135623730951
1905, 62, 548, 234, 546, 233, 2, 1, 0.4636476090008061, 2.23606797749979
1905, 73, 607, 306, 607, 308, 0, -2, -1.5707963267948966, 2.0
1906, 0, 365, 311, 365, 313, 0, -2, -1.5707963267948966, 2.0
1906, 2, 449, 151, 448, 152, 1, -1, -0.7853981633974483, 1.4142135623730951
1906, 9, 179, 264, 177, 265, 2, -1, -0.4636476090008061, 2.23606797749979
1906, 11, 601, 205, 601, 203, 0, 2, 1.5707963267948966, 2.0
1906, 13, 625, 267, 626, 266, -1, 1, 2.356194490192345, 1.4142135623730951
1906, 14, 373, 389, 372, 390, 1, -1, -0.7853981633974483, 1.4142135623730951
1906, 15, 445, 107, 444, 111, 1, -4, -1.3258176636680326, 4.123105625617661
1906, 16, 359, 229, 361, 232, -2, -3, -2.158798930342464, 3.605551275463989
1906, 19, 230, 375, 229, 378, 1, -3, -1.2490457723982544, 3.1622776601683795
1906, 23, 582, 319, 580, 319, 2, 0, 0.0, 2.0
1906, 25, 339, 324, 338, 325, 1, -1, -0.7853981633974483, 1.4142135623730951
1906, 26, 476, 137, 475, 140, 1, -3, -1.2490457723982544, 3.1622776601683795
1906, 28, 371, 378, 370, 380, 1, -2, -1.1071487177940904, 2.23606797749979
1906, 29, 246, 347, 248, 347, -2, 0, 3.141592653589793, 2.0
1906, 32, 234, 372, 235, 371, -1, 1, 2.356194490192345, 1.4142135623730951
1906, 33, 592, 202, 591, 201, 1, 1, 0.7853981633974483, 1.4142135623730951
1906, 37, 522, 154, 519, 153, 3, 1, 0.3217505543966422, 3.1622776601683795
1906, 51, 236, 401, 235, 404, 1, -3, -1.2490457723982544, 3.1622776601683795
1906, 53, 265, 408, 264, 409, 1, -1, -0.7853981633974483, 1.4142135623730951
1906, 54, 549, 235, 548, 234, 1, 1, 0.7853981633974483, 1.4142135623730951
1906, 58, 611, 255, 610, 254, 1, 1, 0.7853981633974483, 1.4142135623730951
1906, 59, 411, 145, 410, 146, 1, -1, -0.7853981633974483, 1.4142135623730951
1906, 61, 420, 298, 419, 301, 1, -3, -1.2490457723982544, 3.1622776601683795
1906, 65, 606, 303, 607, 306, -1, -3, -1.892546881191539, 3.1622776601683795
1907, 2, 450, 150, 449, 151, 1, -1, -0.7853981633974483, 1.4142135623730951
1907, 6, 562, 173, 561, 172, 1, 1, 0.7853981633974483, 1.4142135623730951
1907, 10, 601, 207, 601, 205, 0, 2, 1.5707963267948966, 2.0
1907, 13, 373, 387, 373, 389, 0, -2, -1.5707963267948966, 2.0
1907, 20, 241, 397, 240, 398, 1, -1, -0.7853981633974483, 1.4142135623730951
1907, 24, 478, 136, 476, 137, 2, -1, -0.4636476090008061, 2.23606797749979
1907, 25, 372, 377, 371, 378, 1, -1, -0.7853981633974483, 1.4142135623730951
1907, 29, 593, 204, 592, 202, 1, 2, 1.1071487177940904, 2.23606797749979
1907, 30, 612, 306, 613, 305, -1, 1, 2.356194490192345, 1.4142135623730951
1907, 44, 237, 400, 236, 401, 1, -1, -0.7853981633974483, 1.4142135623730951
1907, 45, 441, 116, 440, 117, 1, -1, -0.7853981633974483, 1.4142135623730951
1907, 46, 266, 407, 265, 408, 1, -1, -0.7853981633974483, 1.4142135623730951
1907, 51, 612, 256, 611, 255, 1, 1, 0.7853981633974483, 1.4142135623730951
1907, 54, 420, 296, 420, 298, 0, -2, -1.5707963267948966, 2.0
1907, 57, 605, 301, 606, 303, -1, -2, -2.0344439357957027, 2.23606797749979
1908, 0, 366, 309, 365, 310, 1, -1, -0.7853981633974483, 1.4142135623730951
1908, 6, 563, 174, 562, 173, 1, 1, 0.7853981633974483, 1.4142135623730951
1908, 10, 602, 209, 601, 207, 1, 2, 1.1071487177940904, 2.23606797749979
1908, 13, 374, 386, 373, 387, 1, -1, -0.7853981633974483, 1.4142135623730951
1908, 24, 480, 136, 478, 136, 2, 0, 0.0, 2.0
1908, 25, 373, 376, 372, 377, 1, -1, -0.7853981633974483, 1.4142135623730951
1908, 29, 594, 206, 593, 204, 1, 2, 1.1071487177940904, 2.23606797749979
1908, 34, 537, 152, 536, 151, 1, 1, 0.7853981633974483, 1.4142135623730951
1908, 38, 424, 345, 424, 347, 0, -2, -1.5707963267948966, 2.0
1908, 42, 442, 115, 441, 116, 1, -1, -0.7853981633974483, 1.4142135623730951
1908, 44, 547, 233, 549, 235, -2, -2, -2.356194490192345, 2.8284271247461903
1908, 48, 613, 259, 612, 256, 1, 3, 1.2490457723982544, 3.1622776601683795
1908, 51, 420, 294, 420, 296, 0, -2, -1.5707963267948966, 2.0
1908, 54, 604, 299, 605, 301, -1, -2, -2.0344439357957027, 2.23606797749979
1909, 0, 366, 307, 366, 309, 0, -2, -1.5707963267948966, 2.0
1909, 6, 564, 175, 563, 174, 1, 1, 0.7853981633974483, 1.4142135623730951
1909, 10, 603, 211, 602, 209, 1, 2, 1.1071487177940904, 2.23606797749979
1909, 23, 482, 136, 480, 136, 2, 0, 0.0, 2.0
1909, 31, 480, 108, 479, 109, 1, -1, -0.7853981633974483, 1.4142135623730951
1909, 33, 553, 204, 552, 203, 1, 1, 0.7853981633974483, 1.4142135623730951
1909, 36, 425, 344, 424, 345, 1, -1, -0.7853981633974483, 1.4142135623730951
1909, 38, 395, 251, 395, 253, 0, -2, -1.5707963267948966, 2.0
1909, 40, 443, 114, 442, 115, 1, -1, -0.7853981633974483, 1.4142135623730951
1909, 41, 267, 406, 266, 407, 1, -1, -0.7853981633974483, 1.4142135623730951
1909, 45, 613, 261, 613, 259, 0, 2, 1.5707963267948966, 2.0
1909, 50, 603, 296, 604, 299, -1, -3, -1.892546881191539, 3.1622776601683795
1910, 2, 366, 311, 366, 313, 0, -2, -1.5707963267948966, 2.0
1910, 10, 375, 378, 375, 380, 0, -2, -1.5707963267948966, 2.0
1910, 12, 564, 176, 564, 174, 0, 2, 1.5707963267948966, 2.0
1910, 14, 604, 210, 603, 208, 1, 2, 1.1071487177940904, 2.23606797749979
1910, 15, 375, 390, 374, 391, 1, -1, -0.7853981633974483, 1.4142135623730951
1910, 25, 380, 337, 380, 339, 0, -2, -1.5707963267948966, 2.0
1910, 26, 442, 117, 441, 119, 1, -2, -1.1071487177940904, 2.23606797749979
1910, 37, 439, 202, 440, 205, -1, -3, -1.892546881191539, 3.1622776601683795
1910, 42, 524, 127, 522, 126, 2, 1, 0.4636476090008061, 2.23606797749979
1910, 47, 435, 112, 435, 114, 0, -2, -1.5707963267948966, 2.0
1910, 50, 167, 274, 165, 273, 2, 1, 0.4636476090008061, 2.23606797749979
1910, 58, 599, 283, 598, 281, 1, 2, 1.1071487177940904, 2.23606797749979
1910, 68, 268, 407, 267, 408, 1, -1, -0.7853981633974483, 1.4142135623730951
1911, 14, 376, 389, 375, 390, 1, -1, -0.7853981633974483, 1.4142135623730951
1911, 18, 448, 107, 447, 108, 1, -1, -0.7853981633974483, 1.4142135623730951
1911, 20, 603, 353, 602, 354, 1, -1, -0.7853981633974483, 1.4142135623730951
1911, 23, 443, 116, 442, 117, 1, -1, -0.7853981633974483, 1.4142135623730951
1911, 24, 451, 195, 451, 197, 0, -2, -1.5707963267948966, 2.0
1911, 26, 482, 137, 481, 138, 1, -1, -0.7853981633974483, 1.4142135623730951
1911, 31, 362, 304, 361, 306, 1, -2, -1.1071487177940904, 2.23606797749979
1911, 33, 438, 199, 439, 202, -1, -3, -1.892546881191539, 3.1622776601683795
1911, 39, 394, 169, 394, 171, 0, -2, -1.5707963267948966, 2.0
1911, 42, 468, 142, 467, 143, 1, -1, -0.7853981633974483, 1.4142135623730951
1911, 49, 438, 319, 438, 321, 0, -2, -1.5707963267948966, 2.0
1911, 56, 402, 273, 403, 275, -1, -2, -2.0344439357957027, 2.23606797749979
1912, 1, 365, 308, 366, 310, -1, -2, -2.0344439357957027, 2.23606797749979
1912, 10, 564, 179, 564, 177, 0, 2, 1.5707963267948966, 2.0
1912, 12, 605, 213, 604, 211, 1, 2, 1.1071487177940904, 2.23606797749979
1912, 13, 377, 388, 376, 389, 1, -1, -0.7853981633974483, 1.4142135623730951
1912, 14, 612, 309, 614, 309, -2, 0, 3.141592653589793, 2.0
1912, 21, 298, 343, 297, 344, 1, -1, -0.7853981633974483, 1.4142135623730951
1912, 31, 438, 195, 438, 199, 0, -4, -1.5707963267948966, 4.0
1912, 40, 168, 276, 167, 275, 1, 1, 0.7853981633974483, 1.4142135623730951
1912, 47, 598, 285, 599, 284, -1, 1, 2.356194490192345, 1.4142135623730951
1912, 51, 403, 272, 402, 273, 1, -1, -0.7853981633974483, 1.4142135623730951
1912, 52, 604, 346, 603, 347, 1, -1, -0.7853981633974483, 1.4142135623730951
1912, 53, 368, 356, 367, 357, 1, -1, -0.7853981633974483, 1.4142135623730951
1913, 1, 365, 306, 365, 308, 0, -2, -1.5707963267948966, 2.0
1913, 5, 472, 262, 472, 264, 0, -2, -1.5707963267948966, 2.0
1913, 6, 178, 369, 178, 372, 0, -3, -1.5707963267948966, 3.0
1913, 9, 565, 180, 564, 179, 1, 1, 0.7853981633974483, 1.4142135623730951
1913, 11, 606, 215, 605, 213, 1, 2, 1.1071487177940904, 2.23606797749979
1913, 12, 378, 386, 377, 388, 1, -2, -1.1071487177940904, 2.23606797749979
1913, 23, 482, 136, 481, 137, 1, -1, -0.7853981633974483, 1.4142135623730951
1913, 28, 362, 301, 362, 303, 0, -2, -1.5707963267948966, 2.0
1913, 30, 437, 193, 438, 195, -1, -2, -2.0344439357957027, 2.23606797749979
1913, 34, 526, 127, 524, 127, 2, 0, 0.0, 2.0
1913, 41, 256, 367, 255, 368, 1, -1, -0.7853981633974483, 1.4142135623730951
1914, 1, 365, 304, 365, 306, 0, -2, -1.5707963267948966, 2.0
1914, 11, 607, 217, 606, 215, 1, 2, 1.1071487177940904, 2.23606797749979
1914, 12, 379, 385, 378, 386, 1, -1, -0.7853981633974483, 1.4142135623730951
1914, 16, 449, 104, 448, 105, 1, -1, -0.7853981633974483, 1.4142135623730951
1914, 24, 160, 231, 161, 230, -1, 1, 2.356194490192345, 1.4142135623730951
1914, 28, 362, 299, 362, 301, 0, -2, -1.5707963267948966, 2.0
1914, 31, 526, 147, 525, 148, 1, -1, -0.7853981633974483, 1.4142135623730951
1914, 36, 485, 111, 484, 112, 1, -1, -0.7853981633974483, 1.4142135623730951
1914, 37, 469, 139, 468, 140, 1, -1, -0.7853981633974483, 1.4142135623730951
1914, 42, 598, 288, 598, 286, 0, 2, 1.5707963267948966, 2.0
1914, 46, 401, 270, 402, 272, -1, -2, -2.0344439357957027, 2.23606797749979
1915, 0, 368, 308, 368, 310, 0, -2, -1.5707963267948966, 2.0
1915, 1, 453, 150, 452, 151, 1, -1, -0.7853981633974483, 1.4142135623730951
1915, 16, 608, 214, 607, 213, 1, 1, 0.7853981633974483, 1.4142135623730951
1915, 22, 527, 150, 525, 150, 2, 0, 0.0, 2.0
1915, 31, 379, 387, 378, 388, 1, -1, -0.7853981633974483, 1.4142135623730951
1915, 33, 553, 235, 551, 234, 2, 1, 0.4636476090008061, 2.23606797749979
1915, 36, 452, 136, 452, 138, 0, -2, -1.5707963267948966, 2.0
1916, 11, 449, 106, 448, 107, 1, -1, -0.7853981633974483, 1.4142135623730951
1916, 13, 608, 216, 608, 214, 0, 2, 1.5707963267948966, 2.0
1916, 17, 270, 397, 269, 398, 1, -1, -0.7853981633974483, 1.4142135623730951
1916, 18, 562, 214, 561, 213, 1, 1, 0.7853981633974483, 1.4142135623730951
1916, 19, 529, 150, 527, 150, 2, 0, 0.0, 2.0
1916, 23, 471, 262, 471, 264, 0, -2, -1.5707963267948966, 2.0
1916, 28, 380, 386, 379, 387, 1, -1, -0.7853981633974483, 1.4142135623730951
1916, 30, 554, 236, 553, 235, 1, 1, 0.7853981633974483, 1.4142135623730951
1916, 33, 453, 135, 452, 136, 1, -1, -0.7853981633974483, 1.4142135623730951
1916, 34, 596, 273, 597, 272, -1, 1, 2.356194490192345, 1.4142135623730951
1917, 0, 367, 305, 368, 307, -1, -2, -2.0344439357957027, 2.23606797749979
1917, 10, 450, 105, 449, 106, 1, -1, -0.7853981633974483, 1.4142135623730951
1917, 12, 609, 217, 608, 216, 1, 1, 0.7853981633974483, 1.4142135623730951
1917, 14, 482, 139, 481, 140, 1, -1, -0.7853981633974483, 1.4142135623730951
1917, 18, 531, 152, 529, 150, 2, 2, 0.7853981633974483, 2.8284271247461903
1917, 24, 567, 182, 566, 180, 1, 2, 1.1071487177940904, 2.23606797749979
1917, 27, 381, 385, 380, 386, 1, -1, -0.7853981633974483, 1.4142135623730951
1917, 28, 161, 232, 162, 231, -1, 1, 2.356194490192345, 1.4142135623730951
1917, 29, 556, 238, 554, 236, 2, 2, 0.7853981633974483, 2.8284271247461903
1918, 0, 367, 303, 367, 305, 0, -2, -1.5707963267948966, 2.0
1918, 1, 454, 147, 453, 148, 1, -1, -0.7853981633974483, 1.4142135623730951
1918, 9, 609, 219, 609, 217, 0, 2, 1.5707963267948966, 2.0
1918, 11, 483, 138, 482, 139, 1, -1, -0.7853981633974483, 1.4142135623730951
1918, 15, 533, 153, 531, 152, 2, 1, 0.4636476090008061, 2.23606797749979
1918, 18, 488, 111, 487, 112, 1, -1, -0.7853981633974483, 1.4142135623730951
1918, 24, 382, 384, 381, 385, 1, -1, -0.7853981633974483, 1.4142135623730951
1918, 25, 160, 233, 161, 232, -1, 1, 2.356194490192345, 1.4142135623730951
1918, 26, 557, 240, 556, 238, 1, 2, 1.1071487177940904, 2.23606797749979
1918, 29, 454, 134, 453, 135, 1, -1, -0.7853981633974483, 1.4142135623730951
1919, 0, 367, 301, 367, 303, 0, -2, -1.5707963267948966, 2.0
1919, 1, 455, 145, 454, 147, 1, -2, -1.1071487177940904, 2.23606797749979
1919, 6, 557, 202, 556, 201, 1, 1, 0.7853981633974483, 1.4142135623730951
1919, 7, 451, 103, 450, 104, 1, -1, -0.7853981633974483, 1.4142135623730951
1919, 18, 407, 208, 406, 212, 1, -4, -1.3258176636680326, 4.123105625617661
1919, 19, 569, 185, 567, 183, 2, 2, 0.7853981633974483, 2.8284271247461903
1919, 22, 383, 382, 382, 384, 1, -2, -1.1071487177940904, 2.23606797749979
1919, 23, 162, 235, 160, 233, 2, 2, 0.7853981633974483, 2.8284271247461903
1919, 25, 375, 372, 374, 374, 1, -2, -1.1071487177940904, 2.23606797749979
1920, 0, 368, 304, 368, 306, 0, -2, -1.5707963267948966, 2.0
1920, 2, 402, 162, 402, 164, 0, -2, -1.5707963267948966, 2.0
1920, 11, 626, 270, 627, 272, -1, -2, -2.0344439357957027, 2.23606797749979
1920, 12, 452, 106, 451, 107, 1, -1, -0.7853981633974483, 1.4142135623730951
1920, 14, 384, 385, 383, 386, 1, -1, -0.7853981633974483, 1.4142135623730951
1920, 15, 607, 220, 609, 218, -2, 2, 2.356194490192345, 2.8284271247461903
1920, 17, 559, 204, 557, 203, 2, 1, 0.4636476090008061, 2.23606797749979
1920, 21, 561, 217, 562, 216, -1, 1, 2.356194490192345, 1.4142135623730951
1920, 24, 484, 138, 483, 139, 1, -1, -0.7853981633974483, 1.4142135623730951
1920, 29, 377, 372, 377, 374, 0, -2, -1.5707963267948966, 2.0
1920, 37, 533, 157, 532, 155, 1, 2, 1.1071487177940904, 2.23606797749979
1920, 45, 443, 112, 443, 114, 0, -2, -1.5707963267948966, 2.0
1920, 53, 507, 147, 506, 146, 1, 1, 0.7853981633974483, 1.4142135623730951
1920, 54, 592, 331, 590, 330, 2, 1, 0.4636476090008061, 2.23606797749979
1920, 57, 275, 384, 274, 385, 1, -1, -0.7853981633974483, 1.4142135623730951
1920, 58, 593, 220, 593, 218, 0, 2, 1.5707963267948966, 2.0
1920, 59, 466, 261, 466, 263, 0, -2, -1.5707963267948966, 2.0
1920, 74, 339, 324, 338, 325, 1, -1, -0.7853981633974483, 1.4142135623730951
1921, 0, 368, 302, 368, 304, 0, -2, -1.5707963267948966, 2.0
1921, 1, 403, 161, 402, 162, 1, -1, -0.7853981633974483, 1.4142135623730951
1921, 2, 456, 148, 455, 149, 1, -1, -0.7853981633974483, 1.4142135623730951
1921, 11, 385, 384, 384, 385, 1, -1, -0.7853981633974483, 1.4142135623730951
1921, 14, 562, 206, 559, 204, 3, 2, 0.5880026035475675, 3.605551275463989
1921, 26, 379, 371, 377, 372, 2, -1, -0.4636476090008061, 2.23606797749979
1921, 33, 534, 159, 533, 157, 1, 2, 1.1071487177940904, 2.23606797749979
1921, 39, 385, 180, 386, 182, -1, -2, -2.0344439357957027, 2.23606797749979
1921, 40, 208, 278, 210, 280, -2, -2, -2.356194490192345, 2.8284271247461903
1921, 43, 258, 368, 257, 369, 1, -1, -0.7853981633974483, 1.4142135623730951
1921, 44, 508, 148, 507, 147, 1, 1, 0.7853981633974483, 1.4142135623730951
1921, 55, 563, 211, 563, 209, 0, 2, 1.5707963267948966, 2.0
1922, 0, 403, 159, 403, 161, 0, -2, -1.5707963267948966, 2.0
1922, 8, 453, 104, 452, 105, 1, -1, -0.7853981633974483, 1.4142135623730951
1922, 10, 386, 382, 385, 384, 1, -2, -1.1071487177940904, 2.23606797749979
1922, 13, 563, 208, 562, 206, 1, 2, 1.1071487177940904, 2.23606797749979
1922, 16, 432, 339, 432, 341, 0, -2, -1.5707963267948966, 2.0
1922, 19, 246, 394, 245, 395, 1, -1, -0.7853981633974483, 1.4142135623730951
1922, 20, 485, 136, 484, 137, 1, -1, -0.7853981633974483, 1.4142135623730951
1922, 25, 380, 370, 379, 371, 1, -1, -0.7853981633974483, 1.4142135623730951
1922, 27, 188, 263, 187, 262, 1, 1, 0.7853981633974483, 1.4142135623730951
1922, 30, 579, 275, 580, 274, -1, 1, 2.356194490192345, 1.4142135623730951
1922, 32, 535, 160, 534, 159, 1, 1, 0.7853981633974483, 1.4142135623730951
1922, 34, 321, 325, 320, 326, 1, -1, -0.7853981633974483, 1.4142135623730951
1922, 40, 509, 149, 508, 148, 1, 1, 0.7853981633974483, 1.4142135623730951
1922, 57, 340, 322, 339, 323, 1, -1, -0.7853981633974483, 1.4142135623730951
1923, 1, 457, 146, 456, 147, 1, -1, -0.7853981633974483, 1.4142135623730951
1923, 7, 454, 103, 453, 104, 1, -1, -0.7853981633974483, 1.4142135623730951
1923, 9, 387, 381, 386, 382, 1, -1, -0.7853981633974483, 1.4142135623730951
1923, 12, 563, 210, 563, 208, 0, 2, 1.5707963267948966, 2.0
1923, 15, 432, 337, 432, 339, 0, -2, -1.5707963267948966, 2.0
1923, 18, 247, 392, 246, 394, 1, -2, -1.1071487177940904, 2.23606797749979
1923, 19, 486, 135, 485, 136, 1, -1, -0.7853981633974483, 1.4142135623730951
1923, 24, 382, 368, 380, 370, 2, -2, -0.7853981633974483, 2.8284271247461903
1923, 26, 189, 264, 188, 263, 1, 1, 0.7853981633974483, 1.4142135623730951
1923, 28, 161, 236, 162, 235, -1, 1, 2.356194490192345, 1.4142135623730951
1923, 29, 579, 277, 579, 275, 0, 2, 1.5707963267948966, 2.0
1923, 30, 157, 377, 156, 376, 1, 1, 0.7853981633974483, 1.4142135623730951
1923, 36, 410, 300, 410, 302, 0, -2, -1.5707963267948966, 2.0
1923, 40, 595, 332, 594, 331, 1, 1, 0.7853981633974483, 1.4142135623730951
1923, 41, 611, 310, 612, 312, -1, -2, -2.0344439357957027, 2.23606797749979
1923, 49, 564, 213, 563, 212, 1, 1, 0.7853981633974483, 1.4142135623730951
1924, 6, 455, 102, 454, 103, 1, -1, -0.7853981633974483, 1.4142135623730951
1924, 8, 388, 379, 387, 381, 1, -2, -1.1071487177940904, 2.23606797749979
1924, 9, 607, 225, 607, 223, 0, 2, 1.5707963267948966, 2.0
1924, 10, 237, 366, 236, 367, 1, -1, -0.7853981633974483, 1.4142135623730951
1924, 11, 563, 212, 563, 210, 0, 2, 1.5707963267948966, 2.0
1924, 12, 595, 276, 596, 275, -1, 1, 2.356194490192345, 1.4142135623730951
1924, 13, 272, 395, 273, 397, -1, -2, -2.0344439357957027, 2.23606797749979
1924, 14, 433, 338, 432, 337, 1, 1, 0.7853981633974483, 1.4142135623730951
1924, 16, 441, 196, 441, 198, 0, -2, -1.5707963267948966, 2.0
1924, 22, 383, 367, 382, 368, 1, -1, -0.7853981633974483, 1.4142135623730951
1924, 27, 579, 279, 579, 277, 0, 2, 1.5707963267948966, 2.0
1924, 30, 254, 343, 252, 343, 2, 0, 0.0, 2.0
1924, 38, 272, 385, 275, 383, -3, 2, 2.5535900500422257, 3.605551275463989
1924, 43, 408, 227, 408, 229, 0, -2, -1.5707963267948966, 2.0
1925, 4, 404, 160, 403, 161, 1, -1, -0.7853981633974483, 1.4142135623730951
1925, 10, 386, 382, 386, 384, 0, -2, -1.5707963267948966, 2.0
1925, 14, 463, 286, 464, 288, -1, -2, -2.0344439357957027, 2.23606797749979
1925, 16, 304, 344, 303, 345, 1, -1, -0.7853981633974483, 1.4142135623730951
1925, 17, 361, 222, 361, 224, 0, -2, -1.5707963267948966, 2.0
1925, 19, 246, 401, 245, 402, 1, -1, -0.7853981633974483, 1.4142135623730951
1925, 26, 488, 136, 487, 137, 1, -1, -0.7853981633974483, 1.4142135623730951
1925, 30, 546, 166, 545, 165, 1, 1, 0.7853981633974483, 1.4142135623730951
1925, 31, 579, 279, 579, 277, 0, 2, 1.5707963267948966, 2.0
1925, 42, 419, 287, 418, 290, 1, -3, -1.2490457723982544, 3.1622776601683795
1925, 43, 432, 338, 432, 340, 0, -2, -1.5707963267948966, 2.0
1925, 50, 563, 214, 563, 212, 0, 2, 1.5707963267948966, 2.0
1925, 52, 612, 346, 611, 347, 1, -1, -0.7853981633974483, 1.4142135623730951
1926, 8, 387, 380, 386, 382, 1, -2, -1.1071487177940904, 2.23606797749979
1926, 15, 360, 220, 361, 222, -1, -2, -2.0344439357957027, 2.23606797749979
1926, 20, 456, 103, 455, 104, 1, -1, -0.7853981633974483, 1.4142135623730951
1926, 21, 489, 135, 488, 136, 1, -1, -0.7853981633974483, 1.4142135623730951
1926, 26, 580, 281, 579, 279, 1, 2, 1.1071487177940904, 2.23606797749979
1926, 36, 420, 283, 419, 287, 1, -4, -1.3258176636680326, 4.123105625617661
1926, 45, 613, 345, 612, 346, 1, -1, -0.7853981633974483, 1.4142135623730951
1926, 46, 343, 323, 342, 324, 1, -1, -0.7853981633974483, 1.4142135623730951
1927, 2, 574, 189, 573, 188, 1, 1, 0.7853981633974483, 1.4142135623730951
1927, 7, 387, 378, 387, 380, 0, -2, -1.5707963267948966, 2.0
1927, 12, 305, 342, 304, 343, 1, -1, -0.7853981633974483, 1.4142135623730951
1927, 14, 611, 228, 610, 226, 1, 2, 1.1071487177940904, 2.23606797749979
1927, 15, 247, 399, 246, 400, 1, -1, -0.7853981633974483, 1.4142135623730951
1927, 18, 457, 101, 456, 103, 1, -2, -1.1071487177940904, 2.23606797749979
1927, 19, 490, 134, 489, 135, 1, -1, -0.7853981633974483, 1.4142135623730951
1927, 28, 496, 114, 494, 114, 2, 0, 0.0, 2.0
1927, 31, 337, 369, 336, 370, 1, -1, -0.7853981633974483, 1.4142135623730951
1927, 33, 420, 280, 420, 283, 0, -3, -1.5707963267948966, 3.0
1928, 7, 388, 376, 387, 378, 1, -2, -1.1071487177940904, 2.23606797749979
1928, 12, 360, 217, 360, 219, 0, -2, -1.5707963267948966, 2.0
1928, 17, 458, 100, 457, 101, 1, -1, -0.7853981633974483, 1.4142135623730951
1928, 22, 548, 168, 547, 167, 1, 1, 0.7853981633974483, 1.4142135623730951
1928, 23, 581, 284, 580, 282, 1, 2, 1.1071487177940904, 2.23606797749979
1928, 27, 498, 114, 496, 114, 2, 0, 0.0, 2.0
1928, 32, 421, 277, 420, 280, 1, -3, -1.2490457723982544, 3.1622776601683795
1929, 1, 575, 190, 574, 189, 1, 1, 0.7853981633974483, 1.4142135623730951
1929, 10, 306, 341, 305, 342, 1, -1, -0.7853981633974483, 1.4142135623730951
1929, 15, 459, 99, 458, 100, 1, -1, -0.7853981633974483, 1.4142135623730951
1929, 19, 324, 325, 323, 326, 1, -1, -0.7853981633974483, 1.4142135623730951
1929, 24, 500, 114, 498, 114, 2, 0, 0.0, 2.0
1930, 8, 461, 259, 461, 261, 0, -2, -1.5707963267948966, 2.0
1930, 10, 385, 370, 384, 372, 1, -2, -1.1071487177940904, 2.23606797749979
1930, 19, 389, 379, 389, 381, 0, -2, -1.5707963267948966, 2.0
1930, 20, 459, 103, 458, 104, 1, -1, -0.7853981633974483, 1.4142135623730951
1930, 22, 491, 136, 490, 137, 1, -1, -0.7853981633974483, 1.4142135623730951
1930, 35, 500, 114, 498, 114, 2, 0, 0.0, 2.0
1930, 39, 212, 282, 213, 281, -1, 1, 2.356194490192345, 1.4142135623730951
1930, 42, 457, 201, 456, 203, 1, -2, -1.1071487177940904, 2.23606797749979
1930, 47, 443, 193, 443, 195, 0, -2, -1.5707963267948966, 2.0
1930, 56, 419, 293, 420, 292, -1, 1, 2.356194490192345, 1.4142135623730951
1930, 62, 517, 150, 516, 148, 1, 2, 1.1071487177940904, 2.23606797749979
1930, 64, 552, 167, 551, 166, 1, 1, 0.7853981633974483, 1.4142135623730951
1930, 68, 178, 331, 177, 332, 1, -1, -0.7853981633974483, 1.4142135623730951
1930, 71, 285, 406, 284, 407, 1, -1, -0.7853981633974483, 1.4142135623730951
1931, 9, 386, 368, 385, 370, 1, -2, -1.1071487177940904, 2.23606797749979
1931, 14, 544, 175, 545, 174, -1, 1, 2.356194490192345, 1.4142135623730951
1931, 16, 390, 378, 389, 379, 1, -1, -0.7853981633974483, 1.4142135623730951
1931, 17, 460, 102, 459, 103, 1, -1, -0.7853981633974483, 1.4142135623730951
1931, 39, 379, 351, 378, 352, 1, -1, -0.7853981633974483, 1.4142135623730951
1931, 41, 592, 220, 594, 220, -2, 0, 3.141592653589793, 2.0
1931, 53, 608, 316, 608, 318, 0, -2, -1.5707963267948966, 2.0
1931, 54, 326, 325, 325, 326, 1, -1, -0.7853981633974483, 1.4142135623730951
1931, 63, 287, 405, 285, 406, 2, -1, -0.4636476090008061, 2.23606797749979
1932, 0, 470, 287, 469, 288, 1, -1, -0.7853981633974483, 1.4142135623730951
1932, 2, 459, 144, 458, 145, 1, -1, -0.7853981633974483, 1.4142135623730951
1932, 5, 461, 256, 461, 258, 0, -2, -1.5707963267948966, 2.0
1932, 7, 575, 193, 574, 192, 1, 1, 0.7853981633974483, 1.4142135623730951
1932, 13, 391, 376, 390, 378, 1, -2, -1.1071487177940904, 2.23606797749979
1932, 16, 492, 134, 491, 135, 1, -1, -0.7853981633974483, 1.4142135623730951
1932, 17, 571, 227, 572, 226, -1, 1, 2.356194490192345, 1.4142135623730951
1932, 30, 163, 238, 164, 237, -1, 1, 2.356194490192345, 1.4142135623730951
1932, 36, 380, 350, 379, 351, 1, -1, -0.7853981633974483, 1.4142135623730951
1932, 51, 553, 168, 552, 167, 1, 1, 0.7853981633974483, 1.4142135623730951
1932, 55, 288, 404, 287, 405, 1, -1, -0.7853981633974483, 1.4142135623730951
1933, 5, 461, 254, 461, 256, 0, -2, -1.5707963267948966, 2.0
1933, 7, 576, 194, 575, 193, 1, 1, 0.7853981633974483, 1.4142135623730951
1933, 13, 392, 375, 391, 376, 1, -1, -0.7853981633974483, 1.4142135623730951
1933, 14, 462, 100, 460, 101, 2, -1, -0.4636476090008061, 2.23606797749979
1933, 47, 517, 154, 517, 152, 0, 2, 1.5707963267948966, 2.0
1933, 52, 290, 403, 288, 404, 2, -1, -0.4636476090008061, 2.23606797749979
1934, 2, 460, 143, 459, 144, 1, -1, -0.7853981633974483, 1.4142135623730951
1934, 5, 461, 252, 461, 254, 0, -2, -1.5707963267948966, 2.0
1934, 6, 387, 365, 386, 366, 1, -1, -0.7853981633974483, 1.4142135623730951
1934, 12, 308, 340, 307, 341, 1, -1, -0.7853981633974483, 1.4142135623730951
1934, 13, 393, 373, 392, 375, 1, -2, -1.1071487177940904, 2.23606797749979
1934, 45, 555, 169, 554, 168, 1, 1, 0.7853981633974483, 1.4142135623730951
1934, 48, 292, 402, 290, 403, 2, -1, -0.4636476090008061, 2.23606797749979
1935, 17, 470, 258, 470, 260, 0, -2, -1.5707963267948966, 2.0
1935, 23, 463, 102, 462, 103, 1, -1, -0.7853981633974483, 1.4142135623730951
1935, 25, 394, 376, 393, 377, 1, -1, -0.7853981633974483, 1.4142135623730951
1935, 32, 349, 320, 349, 322, 0, -2, -1.5707963267948966, 2.0
1935, 41, 390, 366, 389, 367, 1, -1, -0.7853981633974483, 1.4142135623730951
1935, 64, 556, 252, 555, 250, 1, 2, 1.1071487177940904, 2.23606797749979
1935, 66, 537, 169, 535, 167, 2, 2, 0.7853981633974483, 2.8284271247461903
1936, 1, 407, 157, 406, 158, 1, -1, -0.7853981633974483, 1.4142135623730951
1936, 15, 273, 333, 272, 332, 1, 1, 0.7853981633974483, 1.4142135623730951
1936, 19, 464, 101, 463, 102, 1, -1, -0.7853981633974483, 1.4142135623730951
1936, 20, 360, 217, 361, 219, -1, -2, -2.0344439357957027, 2.23606797749979
1936, 21, 395, 375, 394, 376, 1, -1, -0.7853981633974483, 1.4142135623730951
1936, 23, 497, 137, 495, 137, 2, 0, 0.0, 2.0
1936, 29, 436, 335, 435, 336, 1, -1, -0.7853981633974483, 1.4142135623730951
1936, 47, 163, 241, 164, 240, -1, 1, 2.356194490192345, 1.4142135623730951
1936, 56, 558, 254, 556, 252, 2, 2, 0.7853981633974483, 2.8284271247461903
1936, 58, 539, 172, 537, 169, 2, 3, 0.982793723247329, 3.605551275463989
1936, 61, 223, 380, 225, 380, -2, 0, 3.141592653589793, 2.0
1937, 6, 579, 196, 578, 195, 1, 1, 0.7853981633974483, 1.4142135623730951
1937, 17, 465, 100, 464, 101, 1, -1, -0.7853981633974483, 1.4142135623730951
1937, 34, 391, 363, 390, 365, 1, -2, -1.1071487177940904, 2.23606797749979
1937, 35, 571, 227, 572, 225, -1, 2, 2.0344439357957027, 2.23606797749979
1937, 42, 506, 149, 505, 150, 1, -1, -0.7853981633974483, 1.4142135623730951
1937, 52, 560, 253, 558, 254, 2, -1, -0.4636476090008061, 2.23606797749979
1937, 54, 541, 173, 539, 172, 2, 1, 0.4636476090008061, 2.23606797749979
1937, 57, 221, 380, 223, 380, -2, 0, 3.141592653589793, 2.0
1938, 6, 580, 197, 579, 196, 1, 1, 0.7853981633974483, 1.4142135623730951
1938, 18, 396, 373, 395, 374, 1, -1, -0.7853981633974483, 1.4142135623730951
1938, 24, 349, 317, 349, 319, 0, -2, -1.5707963267948966, 2.0
1938, 27, 506, 115, 504, 114, 2, 1, 0.4636476090008061, 2.23606797749979
1938, 28, 238, 372, 237, 373, 1, -1, -0.7853981633974483, 1.4142135623730951
1938, 31, 572, 226, 571, 227, 1, -1, -0.7853981633974483, 1.4142135623730951
1938, 35, 256, 347, 255, 348, 1, -1, -0.7853981633974483, 1.4142135623730951
1938, 37, 508, 151, 506, 149, 2, 2, 0.7853981633974483, 2.8284271247461903
1938, 46, 594, 284, 595, 283, -1, 1, 2.356194490192345, 1.4142135623730951
1938, 48, 542, 172, 541, 173, 1, -1, -0.7853981633974483, 1.4142135623730951
1939, 1, 462, 142, 461, 143, 1, -1, -0.7853981633974483, 1.4142135623730951
1939, 17, 397, 372, 396, 373, 1, -1, -0.7853981633974483, 1.4142135623730951
1939, 23, 349, 315, 349, 317, 0, -2, -1.5707963267948966, 2.0
1939, 24, 437, 332, 436, 333, 1, -1, -0.7853981633974483, 1.4142135623730951
1939, 28, 463, 132, 461, 133, 2, -1, -0.4636476090008061, 2.23606797749979
1939, 35, 511, 153, 508, 151, 3, 2, 0.5880026035475675, 3.605551275463989
1940, 24, 236, 350, 235, 351, 1, -1, -0.7853981633974483, 1.4142135623730951
1940, 32, 262, 347, 261, 348, 1, -1, -0.7853981633974483, 1.4142135623730951
1940, 33, 255, 397, 254, 398, 1, -1, -0.7853981633974483, 1.4142135623730951
1940, 35, 398, 375, 396, 376, 2, -1, -0.4636476090008061, 2.23606797749979
1940, 37, 455, 109, 453, 110, 2, -1, -0.4636476090008061, 2.23606797749979
1940, 40, 508, 116, 506, 116, 2, 0, 0.0, 2.0
1940, 45, 486, 144, 484, 144, 2, 0, 0.0, 2.0
1940, 49, 439, 195, 440, 198, -1, -3, -1.892546881191539, 3.1622776601683795
1940, 50, 565, 227, 563, 224, 2, 3, 0.982793723247329, 3.605551275463989
1940, 52, 597, 327, 594, 328, 3, -1, -0.3217505543966422, 3.1622776601683795
1940, 64, 460, 138, 459, 139, 1, -1, -0.7853981633974483, 1.4142135623730951
1940, 67, 436, 333, 436, 335, 0, -2, -1.5707963267948966, 2.0
1940, 68, 354, 317, 354, 319, 0, -2, -1.5707963267948966, 2.0
1940, 74, 294, 402, 293, 404, 1, -2, -1.1071487177940904, 2.23606797749979
1941, 7, 182, 271, 183, 270, -1, 1, 2.356194490192345, 1.4142135623730951
1941, 9, 580, 201, 580, 199, 0, 2, 1.5707963267948966, 2.0
1941, 12, 467, 101, 466, 102, 1, -1, -0.7853981633974483, 1.4142135623730951
1941, 17, 571, 228, 570, 227, 1, 1, 0.7853981633974483, 1.4142135623730951
1941, 27, 263, 346, 262, 347, 1, -1, -0.7853981633974483, 1.4142135623730951
1941, 30, 399, 374, 398, 375, 1, -1, -0.7853981633974483, 1.4142135623730951
1941, 32, 456, 108, 455, 109, 1, -1, -0.7853981633974483, 1.4142135623730951
1941, 34, 509, 117, 508, 116, 1, 1, 0.7853981633974483, 1.4142135623730951
1941, 36, 557, 176, 557, 174, 0, 2, 1.5707963267948966, 2.0
1941, 37, 188, 267, 189, 266, -1, 1, 2.356194490192345, 1.4142135623730951
1941, 38, 488, 144, 486, 144, 2, 0, 0.0, 2.0
1941, 41, 438, 192, 439, 195, -1, -3, -1.892546881191539, 3.1622776601683795
1941, 43, 287, 329, 285, 330, 2, -1, -0.4636476090008061, 2.23606797749979
1941, 44, 600, 328, 597, 327, 3, 1, 0.3217505543966422, 3.1622776601683795
1941, 45, 163, 243, 164, 242, -1, 1, 2.356194490192345, 1.4142135623730951
1941, 50, 211, 291, 209, 290, 2, 1, 0.4636476090008061, 2.23606797749979
1941, 52, 461, 137, 460, 138, 1, -1, -0.7853981633974483, 1.4142135623730951
1941, 53, 400, 264, 400, 267, 0, -3, -1.5707963267948966, 3.0
1941, 54, 437, 332, 436, 333, 1, -1, -0.7853981633974483, 1.4142135623730951
1941, 61, 295, 401, 294, 402, 1, -1, -0.7853981633974483, 1.4142135623730951
1941, 62, 523, 160, 521, 157, 2, 3, 0.982793723247329, 3.605551275463989
1941, 63, 606, 332, 605, 331, 1, 1, 0.7853981633974483, 1.4142135623730951
1942, 10, 468, 100, 467, 101, 1, -1, -0.7853981633974483, 1.4142135623730951
1942, 22, 502, 139, 501, 138, 1, 1, 0.7853981633974483, 1.4142135623730951
1942, 25, 264, 345, 263, 346, 1, -1, -0.7853981633974483, 1.4142135623730951
1942, 28, 400, 373, 399, 374, 1, -1, -0.7853981633974483, 1.4142135623730951
1942, 33, 595, 236, 595, 234, 0, 2, 1.5707963267948966, 2.0
1942, 35, 489, 143, 488, 144, 1, -1, -0.7853981633974483, 1.4142135623730951
1942, 38, 438, 188, 438, 192, 0, -4, -1.5707963267948966, 4.0
1942, 39, 567, 229, 565, 228, 2, 1, 0.4636476090008061, 2.23606797749979
1942, 41, 603, 330, 600, 328, 3, 2, 0.5880026035475675, 3.605551275463989
1942, 49, 462, 136, 461, 137, 1, -1, -0.7853981633974483, 1.4142135623730951
1942, 52, 354, 314, 354, 316, 0, -2, -1.5707963267948966, 2.0
1942, 56, 296, 400, 295, 401, 1, -1, -0.7853981633974483, 1.4142135623730951
1943, 10, 469, 99, 468, 100, 1, -1, -0.7853981633974483, 1.4142135623730951
1943, 15, 261, 324, 260, 325, 1, -1, -0.7853981633974483, 1.4142135623730951
1943, 27, 402, 371, 400, 373, 2, -2, -0.7853981633974483, 2.8284271247461903
1943, 32, 595, 238, 595, 236, 0, 2, 1.5707963267948966, 2.0
1943, 37, 438, 186, 438, 188, 0, -2, -1.5707963267948966, 2.0
1943, 45, 443, 126, 443, 128, 0, -2, -1.5707963267948966, 2.0
1943, 48, 464, 136, 462, 136, 2, 0, 0.0, 2.0
1943, 54, 458, 188, 459, 187, -1, 1, 2.356194490192345, 1.4142135623730951
1943, 55, 297, 399, 296, 400, 1, -1, -0.7853981633974483, 1.4142135623730951
1943, 56, 523, 163, 523, 161, 0, 2, 1.5707963267948966, 2.0
1944, 3, 177, 376, 179, 377, -2, -1, -2.677945044588987, 2.23606797749979
1944, 10, 471, 255, 471, 257, 0, -2, -1.5707963267948966, 2.0
1944, 26, 403, 369, 402, 371, 1, -2, -1.1071487177940904, 2.23606797749979
1944, 28, 456, 104, 456, 106, 0, -2, -1.5707963267948966, 2.0
1944, 30, 513, 117, 511, 117, 2, 0, 0.0, 2.0
1944, 35, 438, 184, 438, 186, 0, -2, -1.5707963267948966, 2.0
1944, 38, 605, 331, 604, 330, 1, 1, 0.7853981633974483, 1.4142135623730951
1944, 47, 438, 329, 437, 330, 1, -1, -0.7853981633974483, 1.4142135623730951
1944, 49, 283, 352, 282, 353, 1, -1, -0.7853981633974483, 1.4142135623730951
1944, 52, 298, 397, 297, 399, 1, -2, -1.1071487177940904, 2.23606797749979
1944, 53, 522, 164, 523, 163, -1, 1, 2.356194490192345, 1.4142135623730951
1945, 21, 498, 147, 496, 147, 2, 0, 0.0, 2.0
1945, 25, 241, 373, 240, 374, 1, -1, -0.7853981633974483, 1.4142135623730951
1945, 39, 492, 141, 491, 142, 1, -1, -0.7853981633974483, 1.4142135623730951
1945, 47, 594, 242, 595, 241, -1, 1, 2.356194490192345, 1.4142135623730951
1945, 48, 465, 110, 464, 111, 1, -1, -0.7853981633974483, 1.4142135623730951
1945, 52, 402, 373, 401, 374, 1, -1, -0.7853981633974483, 1.4142135623730951
1945, 62, 499, 118, 497, 117, 2, 1, 0.4636476090008061, 2.23606797749979
1946, 17, 396, 361, 395, 362, 1, -1, -0.7853981633974483, 1.4142135623730951
1946, 26, 460, 259, 461, 258, -1, 1, 2.356194490192345, 1.4142135623730951
1946, 28, 440, 331, 439, 332, 1, -1, -0.7853981633974483, 1.4142135623730951
1946, 30, 250, 401, 251, 403, -1, -2, -2.0344439357957027, 2.23606797749979
1946, 44, 403, 372, 402, 373, 1, -1, -0.7853981633974483, 1.4142135623730951
1946, 46, 466, 131, 466, 133, 0, -2, -1.5707963267948966, 2.0
1946, 48, 300, 400, 299, 401, 1, -1, -0.7853981633974483, 1.4142135623730951
1946, 49, 351, 312, 351, 314, 0, -2, -1.5707963267948966, 2.0
1946, 52, 503, 120, 499, 118, 4, 2, 0.4636476090008061, 4.47213595499958
1946, 53, 545, 170, 543, 170, 2, 0, 0.0, 2.0
1947, 5, 157, 280, 156, 281, 1, -1, -0.7853981633974483, 1.4142135623730951
1947, 9, 471, 100, 470, 101, 1, -1, -0.7853981633974483, 1.4142135623730951
1947, 15, 397, 360, 396, 361, 1, -1, -0.7853981633974483, 1.4142135623730951
1947, 26, 515, 117, 513, 117, 2, 0, 0.0, 2.0
1947, 33, 314, 344, 313, 345, 1, -1, -0.7853981633974483, 1.4142135623730951
1947, 40, 404, 371, 403, 372, 1, -1, -0.7853981633974483, 1.4142135623730951
1947, 41, 467, 130, 466, 131, 1, -1, -0.7853981633974483, 1.4142135623730951
1947, 43, 301, 399, 300, 400, 1, -1, -0.7853981633974483, 1.4142135623730951
1947, 44, 351, 310, 351, 312, 0, -2, -1.5707963267948966, 2.0
1947, 46, 392, 166, 391, 167, 1, -1, -0.7853981633974483, 1.4142135623730951
1947, 48, 547, 172, 545, 170, 2, 2, 0.7853981633974483, 2.8284271247461903
1948, 0, 408, 151, 408, 153, 0, -2, -1.5707963267948966, 2.0
1948, 2, 465, 140, 464, 141, 1, -1, -0.7853981633974483, 1.4142135623730951
1948, 10, 631, 321, 630, 320, 1, 1, 0.7853981633974483, 1.4142135623730951
1948, 14, 398, 359, 397, 360, 1, -1, -0.7853981633974483, 1.4142135623730951
1948, 29, 496, 141, 494, 141, 2, 0, 0.0, 2.0
1948, 38, 405, 370, 404, 371, 1, -1, -0.7853981633974483, 1.4142135623730951
1948, 39, 468, 129, 467, 130, 1, -1, -0.7853981633974483, 1.4142135623730951
1948, 41, 302, 398, 301, 399, 1, -1, -0.7853981633974483, 1.4142135623730951
1948, 42, 351, 308, 351, 310, 0, -2, -1.5707963267948966, 2.0
1948, 43, 277, 387, 275, 387, 2, 0, 0.0, 2.0
1948, 44, 394, 165, 392, 166, 2, -1, -0.4636476090008061, 2.23606797749979
1948, 45, 505, 119, 504, 120, 1, -1, -0.7853981633974483, 1.4142135623730951
1948, 46, 549, 174, 547, 172, 2, 2, 0.7853981633974483, 2.8284271247461903
1949, 0, 409, 150, 408, 151, 1, -1, -0.7853981633974483, 1.4142135623730951
1949, 4, 290, 331, 290, 333, 0, -2, -1.5707963267948966, 2.0
1949, 6, 472, 98, 471, 99, 1, -1, -0.7853981633974483, 1.4142135623730951
1949, 9, 583, 207, 582, 206, 1, 1, 0.7853981633974483, 1.4142135623730951
1949, 12, 400, 357, 398, 359, 2, -2, -0.7853981633974483, 2.8284271247461903
1949, 23, 517, 118, 516, 117, 1, 1, 0.7853981633974483, 1.4142135623730951
1949, 33, 467, 107, 466, 108, 1, -1, -0.7853981633974483, 1.4142135623730951
1949, 36, 406, 368, 405, 370, 1, -2, -1.1071487177940904, 2.23606797749979
1949, 38, 559, 183, 558, 182, 1, 1, 0.7853981633974483, 1.4142135623730951
1949, 39, 303, 397, 302, 398, 1, -1, -0.7853981633974483, 1.4142135623730951
1949, 40, 351, 306, 351, 308, 0, -2, -1.5707963267948966, 2.0
1949, 42, 395, 163, 394, 165, 1, -2, -1.1071487177940904, 2.23606797749979
1949, 44, 550, 176, 549, 174, 1, 2, 1.1071487177940904, 2.23606797749979
1950, 3, 466, 141, 465, 142, 1, -1, -0.7853981633974483, 1.4142135623730951
1950, 8, 633, 321, 632, 322, 1, -1, -0.7853981633974483, 1.4142135623730951
1950, 12, 473, 100, 472, 101, 1, -1, -0.7853981633974483, 1.4142135623730951
1950, 23, 498, 140, 495, 140, 3, 0, 0.0, 3.0
1950, 38, 549, 178, 549, 176, 0, 2, 1.5707963267948966, 2.0
1950, 44, 465, 103, 463, 104, 2, -1, -0.4636476090008061, 2.23606797749979
1950, 48, 406, 369, 405, 370, 1, -1, -0.7853981633974483, 1.4142135623730951
1951, 1, 411, 151, 411, 153, 0, -2, -1.5707963267948966, 2.0
1951, 8, 634, 322, 633, 321, 1, 1, 0.7853981633974483, 1.4142135623730951
1951, 12, 474, 99, 473, 100, 1, -1, -0.7853981633974483, 1.4142135623730951
1951, 19, 468, 108, 467, 109, 1, -1, -0.7853981633974483, 1.4142135623730951
1951, 22, 500, 140, 498, 140, 2, 0, 0.0, 2.0
1951, 34, 574, 227, 575, 226, -1, 1, 2.356194490192345, 1.4142135623730951
1951, 37, 550, 179, 549, 178, 1, 1, 0.7853981633974483, 1.4142135623730951
1951, 41, 220, 226, 219, 228, 1, -2, -1.1071487177940904, 2.23606797749979
1951, 44, 262, 349, 261, 350, 1, -1, -0.7853981633974483, 1.4142135623730951
1951, 47, 407, 368, 406, 369, 1, -1, -0.7853981633974483, 1.4142135623730951
1952, 1, 412, 150, 411, 151, 1, -1, -0.7853981633974483, 1.4142135623730951
1952, 7, 587, 208, 586, 207, 1, 1, 0.7853981633974483, 1.4142135623730951
1952, 9, 389, 162, 389, 164, 0, -2, -1.5707963267948966, 2.0
1952, 11, 475, 98, 474, 99, 1, -1, -0.7853981633974483, 1.4142135623730951
1952, 15, 242, 371, 241, 372, 1, -1, -0.7853981633974483, 1.4142135623730951
1952, 18, 468, 106, 468, 108, 0, -2, -1.5707963267948966, 2.0
1952, 21, 502, 140, 500, 140, 2, 0, 0.0, 2.0
1952, 37, 334, 327, 333, 328, 1, -1, -0.7853981633974483, 1.4142135623730951
1952, 39, 468, 102, 466, 103, 2, -1, -0.4636476090008061, 2.23606797749979
1953, 1, 467, 138, 466, 139, 1, -1, -0.7853981633974483, 1.4142135623730951
1953, 6, 387, 159, 389, 162, -2, -3, -2.158798930342464, 3.605551275463989
1953, 8, 476, 97, 475, 98, 1, -1, -0.7853981633974483, 1.4142135623730951
1953, 10, 511, 140, 509, 140, 2, 0, 0.0, 2.0
1953, 15, 469, 105, 468, 106, 1, -1, -0.7853981633974483, 1.4142135623730951
1953, 18, 503, 141, 502, 140, 1, 1, 0.7853981633974483, 1.4142135623730951
1953, 21, 442, 329, 441, 330, 1, -1, -0.7853981633974483, 1.4142135623730951
1953, 22, 568, 236, 570, 237, -2, -1, -2.677945044588987, 2.23606797749979
1953, 28, 575, 229, 574, 227, 1, 2, 1.1071487177940904, 2.23606797749979
1953, 37, 408, 365, 407, 367, 1, -2, -1.1071487177940904, 2.23606797749979
1954, 5, 387, 157, 387, 159, 0, -2, -1.5707963267948966, 2.0
1954, 7, 477, 96, 476, 97, 1, -1, -0.7853981633974483, 1.4142135623730951
1954, 8, 469, 253, 470, 255, -1, -2, -2.0344439357957027, 2.23606797749979
1954, 14, 470, 104, 469, 105, 1, -1, -0.7853981633974483, 1.4142135623730951
1954, 17, 505, 142, 503, 141, 2, 1, 0.4636476090008061, 2.23606797749979
1954, 24, 575, 231, 575, 229, 0, 2, 1.5707963267948966, 2.0
1955, 0, 364, 292, 365, 294, -1, -2, -2.0344439357957027, 2.23606797749979
1955, 7, 478, 100, 477, 101, 1, -1, -0.7853981633974483, 1.4142135623730951
1955, 11, 409, 368, 408, 370, 1, -2, -1.1071487177940904, 2.23606797749979
1955, 24, 582, 295, 582, 292, 0, 3, 1.5707963267948966, 3.0
1955, 25, 444, 331, 443, 332, 1, -1, -0.7853981633974483, 1.4142135623730951
1955, 26, 457, 181, 458, 183, -1, -2, -2.0344439357957027, 2.23606797749979
1955, 33, 522, 121, 520, 121, 2, 0, 0.0, 2.0
1955, 34, 318, 346, 317, 347, 1, -1, -0.7853981633974483, 1.4142135623730951
1955, 41, 193, 268, 192, 267, 1, 1, 0.7853981633974483, 1.4142135623730951
1955, 44, 418, 282, 418, 284, 0, -2, -1.5707963267948966, 2.0
1955, 50, 403, 357, 402, 358, 1, -1, -0.7853981633974483, 1.4142135623730951
1956, 5, 479, 99, 478, 100, 1, -1, -0.7853981633974483, 1.4142135623730951
1956, 9, 409, 366, 409, 368, 0, -2, -1.5707963267948966, 2.0
1956, 17, 513, 144, 512, 143, 1, 1, 0.7853981633974483, 1.4142135623730951
1956, 18, 583, 298, 582, 295, 1, 3, 1.2490457723982544, 3.1622776601683795
1956, 20, 456, 177, 457, 181, -1, -4, -1.8157749899217608, 4.123105625617661
1956, 23, 362, 209, 363, 211, -1, -2, -2.0344439357957027, 2.23606797749979
1956, 36, 562, 188, 561, 187, 1, 1, 0.7853981633974483, 1.4142135623730951
1956, 37, 418, 278, 418, 282, 0, -4, -1.5707963267948966, 4.0
1956, 38, 288, 169, 287, 170, 1, -1, -0.7853981633974483, 1.4142135623730951
1956, 39, 233, 207, 232, 209, 1, -2, -1.1071487177940904, 2.23606797749979
1957, 2, 155, 284, 156, 281, -1, 3, 1.892546881191539, 3.1622776601683795
1957, 5, 481, 98, 479, 99, 2, -1, -0.4636476090008061, 2.23606797749979
1957, 8, 244, 370, 243, 371, 1, -1, -0.7853981633974483, 1.4142135623730951
1957, 9, 410, 364, 409, 366, 1, -2, -1.1071487177940904, 2.23606797749979
1957, 15, 264, 348, 263, 349, 1, -1, -0.7853981633974483, 1.4142135623730951
1957, 16, 515, 145, 513, 144, 2, 1, 0.4636476090008061, 2.23606797749979
1957, 17, 584, 300, 583, 298, 1, 2, 1.1071487177940904, 2.23606797749979
1957, 19, 456, 172, 456, 177, 0, -5, -1.5707963267948966, 5.0
1957, 21, 362, 207, 362, 209, 0, -2, -1.5707963267948966, 2.0
1957, 25, 319, 345, 318, 346, 1, -1, -0.7853981633974483, 1.4142135623730951
1957, 30, 194, 269, 193, 268, 1, 1, 0.7853981633974483, 1.4142135623730951
1957, 33, 418, 275, 418, 278, 0, -3, -1.5707963267948966, 3.0
1958, 4, 482, 97, 481, 98, 1, -1, -0.7853981633974483, 1.4142135623730951
1958, 8, 411, 363, 410, 364, 1, -1, -0.7853981633974483, 1.4142135623730951
1958, 15, 517, 145, 515, 145, 2, 0, 0.0, 2.0
1958, 16, 585, 301, 584, 300, 1, 1, 0.7853981633974483, 1.4142135623730951
1958, 18, 455, 168, 456, 172, -1, -4, -1.8157749899217608, 4.123105625617661
1958, 20, 362, 205, 362, 207, 0, -2, -1.5707963267948966, 2.0
1958, 23, 527, 122, 524, 121, 3, 1, 0.3217505543966422, 3.1622776601683795
1958, 31, 419, 272, 418, 275, 1, -3, -1.2490457723982544, 3.1622776601683795
1958, 34, 403, 355, 402, 356, 1, -1, -0.7853981633974483, 1.4142135623730951
1959, 4, 483, 96, 482, 97, 1, -1, -0.7853981633974483, 1.4142135623730951
1959, 6, 626, 272, 625, 270, 1, 2, 1.1071487177940904, 2.23606797749979
1959, 7, 245, 368, 244, 369, 1, -1, -0.7853981633974483, 1.4142135623730951
1959, 8, 411, 361, 411, 363, 0, -2, -1.5707963267948966, 2.0
1959, 15, 518, 146, 517, 145, 1, 1, 0.7853981633974483, 1.4142135623730951
1959, 16, 586, 302, 585, 301, 1, 1, 0.7853981633974483, 1.4142135623730951
1959, 20, 361, 203, 362, 205, -1, -2, -2.0344439357957027, 2.23606797749979
1959, 23, 529, 122, 527, 122, 2, 0, 0.0, 2.0
1959, 24, 318, 342, 319, 344, -1, -2, -2.0344439357957027, 2.23606797749979
1959, 30, 419, 270, 419, 272, 0, -2, -1.5707963267948966, 2.0
1959, 33, 401, 356, 403, 355, -2, 1, 2.677945044588987, 2.23606797749979
1960, 6, 635, 325, 638, 325, -3, 0, 3.141592653589793, 3.0
1960, 10, 591, 213, 590, 212, 1, 1, 0.7853981633974483, 1.4142135623730951
1960, 13, 518, 147, 517, 146, 1, 1, 0.7853981633974483, 1.4142135623730951
1960, 16, 484, 99, 483, 100, 1, -1, -0.7853981633974483, 1.4142135623730951
1960, 20, 412, 362, 412, 364, 0, -2, -1.5707963267948966, 2.0
1960, 28, 407, 199, 408, 201, -1, -2, -2.0344439357957027, 2.23606797749979
1960, 38, 457, 194, 457, 196, 0, -2, -1.5707963267948966, 2.0
1960, 41, 606, 340, 604, 340, 2, 0, 0.0, 2.0
1960, 42, 240, 351, 239, 352, 1, -1, -0.7853981633974483, 1.4142135623730951
1960, 46, 362, 207, 362, 209, 0, -2, -1.5707963267948966, 2.0
1961, 11, 519, 148, 518, 147, 1, 1, 0.7853981633974483, 1.4142135623730951
1961, 13, 529, 122, 527, 122, 2, 0, 0.0, 2.0
1961, 14, 485, 98, 484, 99, 1, -1, -0.7853981633974483, 1.4142135623730951
1961, 18, 413, 361, 412, 362, 1, -1, -0.7853981633974483, 1.4142135623730951
1961, 31, 281, 389, 280, 390, 1, -1, -0.7853981633974483, 1.4142135623730951
1961, 47, 339, 326, 338, 327, 1, -1, -0.7853981633974483, 1.4142135623730951
1962, 9, 520, 149, 519, 148, 1, 1, 0.7853981633974483, 1.4142135623730951
1962, 12, 486, 97, 485, 98, 1, -1, -0.7853981633974483, 1.4142135623730951
1962, 16, 414, 359, 413, 361, 1, -2, -1.1071487177940904, 2.23606797749979
1962, 24, 575, 244, 576, 243, -1, 1, 2.356194490192345, 1.4142135623730951
1962, 34, 605, 336, 606, 339, -1, -3, -1.892546881191539, 3.1622776601683795
1963, 0, 412, 146, 411, 147, 1, -1, -0.7853981633974483, 1.4142135623730951
1963, 6, 593, 216, 592, 214, 1, 2, 1.1071487177940904, 2.23606797749979
1963, 8, 521, 151, 520, 149, 1, 2, 1.1071487177940904, 2.23606797749979
1963, 10, 488, 96, 486, 97, 2, -1, -0.4636476090008061, 2.23606797749979
1963, 15, 446, 325, 445, 327, 1, -2, -1.1071487177940904, 2.23606797749979
1963, 39, 340, 324, 339, 325, 1, -1, -0.7853981633974483, 1.4142135623730951
1963, 44, 360, 307, 361, 309, -1, -2, -2.0344439357957027, 2.23606797749979
1964, 8, 522, 152, 521, 151, 1, 1, 0.7853981633974483, 1.4142135623730951
1964, 9, 532, 123, 531, 122, 1, 1, 0.7853981633974483, 1.4142135623730951
1964, 10, 489, 95, 488, 96, 1, -1, -0.7853981633974483, 1.4142135623730951
1964, 12, 624, 275, 625, 274, -1, 1, 2.356194490192345, 1.4142135623730951
1964, 14, 415, 356, 414, 358, 1, -2, -1.1071487177940904, 2.23606797749979
1964, 20, 574, 246, 574, 244, 0, 2, 1.5707963267948966, 2.0
1964, 35, 429, 197, 429, 199, 0, -2, -1.5707963267948966, 2.0
1964, 37, 341, 323, 340, 324, 1, -1, -0.7853981633974483, 1.4142135623730951
1964, 41, 571, 236, 572, 235, -1, 1, 2.356194490192345, 1.4142135623730951
1965, 4, 472, 139, 471, 140, 1, -1, -0.7853981633974483, 1.4142135623730951
1965, 11, 521, 150, 520, 149, 1, 1, 0.7853981633974483, 1.4142135623730951
1965, 15, 487, 98, 486, 99, 1, -1, -0.7853981633974483, 1.4142135623730951
1965, 16, 513, 155, 511, 155, 2, 0, 0.0, 2.0
1965, 17, 415, 352, 414, 354, 1, -2, -1.1071487177940904, 2.23606797749979
1965, 28, 416, 360, 414, 362, 2, -2, -0.7853981633974483, 2.8284271247461903
1965, 33, 440, 191, 441, 193, -1, -2, -2.0344439357957027, 2.23606797749979
1965, 40, 552, 193, 550, 190, 2, 3, 0.982793723247329, 3.605551275463989
1965, 41, 393, 161, 393, 163, 0, -2, -1.5707963267948966, 2.0
1965, 48, 460, 142, 459, 143, 1, -1, -0.7853981633974483, 1.4142135623730951
1965, 51, 588, 291, 586, 290, 2, 1, 0.4636476090008061, 2.23606797749979
1966, 2, 415, 147, 414, 148, 1, -1, -0.7853981633974483, 1.4142135623730951
1966, 4, 473, 138, 472, 139, 1, -1, -0.7853981633974483, 1.4142135623730951
1966, 11, 522, 152, 521, 150, 1, 2, 1.1071487177940904, 2.23606797749979
1966, 16, 514, 156, 513, 155, 1, 1, 0.7853981633974483, 1.4142135623730951
1966, 17, 416, 351, 415, 352, 1, -1, -0.7853981633974483, 1.4142135623730951
1966, 19, 283, 335, 282, 334, 1, 1, 0.7853981633974483, 1.4142135623730951
1966, 28, 417, 359, 416, 360, 1, -1, -0.7853981633974483, 1.4142135623730951
1966, 31, 576, 246, 577, 245, -1, 1, 2.356194490192345, 1.4142135623730951
1966, 33, 439, 187, 440, 191, -1, -4, -1.8157749899217608, 4.123105625617661
1966, 35, 532, 125, 531, 124, 1, 1, 0.7853981633974483, 1.4142135623730951
1966, 36, 270, 348, 269, 349, 1, -1, -0.7853981633974483, 1.4142135623730951
1966, 40, 553, 194, 552, 193, 1, 1, 0.7853981633974483, 1.4142135623730951
1966, 41, 393, 159, 393, 161, 0, -2, -1.5707963267948966, 2.0
1966, 50, 589, 292, 588, 291, 1, 1, 0.7853981633974483, 1.4142135623730951
1967, 2, 416, 146, 415, 147, 1, -1, -0.7853981633974483, 1.4142135623730951
1967, 3, 364, 285, 364, 288, 0, -3, -1.5707963267948966, 3.0
1967, 4, 474, 137, 473, 138, 1, -1, -0.7853981633974483, 1.4142135623730951
1967, 6, 469, 279, 469, 281, 0, -2, -1.5707963267948966, 2.0
1967, 15, 489, 97, 488, 98, 1, -1, -0.7853981633974483, 1.4142135623730951
1967, 16, 515, 157, 514, 156, 1, 1, 0.7853981633974483, 1.4142135623730951
1967, 17, 416, 349, 416, 351, 0, -2, -1.5707963267948966, 2.0
1967, 19, 285, 336, 283, 335, 2, 1, 0.4636476090008061, 2.23606797749979
1967, 28, 418, 357, 417, 359, 1, -2, -1.1071487177940904, 2.23606797749979
1967, 31, 575, 247, 576, 246, -1, 1, 2.356194490192345, 1.4142135623730951
1967, 33, 438, 184, 439, 187, -1, -3, -1.892546881191539, 3.1622776601683795
1967, 34, 205, 287, 206, 286, -1, 1, 2.356194490192345, 1.4142135623730951
1967, 38, 341, 324, 340, 325, 1, -1, -0.7853981633974483, 1.4142135623730951
1967, 39, 555, 194, 553, 194, 2, 0, 0.0, 2.0
1967, 46, 461, 144, 461, 142, 0, 2, 1.5707963267948966, 2.0
1968, 10, 523, 154, 522, 153, 1, 1, 0.7853981633974483, 1.4142135623730951
1968, 27, 419, 356, 418, 357, 1, -1, -0.7853981633974483, 1.4142135623730951
1968, 28, 604, 241, 605, 240, -1, 1, 2.356194490192345, 1.4142135623730951
1968, 32, 438, 180, 438, 184, 0, -4, -1.5707963267948966, 4.0
1968, 36, 485, 130, 483, 131, 2, -1, -0.4636476090008061, 2.23606797749979
1968, 47, 362, 279, 362, 281, 0, -2, -1.5707963267948966, 2.0
1968, 49, 497, 144, 496, 145, 1, -1, -0.7853981633974483, 1.4142135623730951
1969, 2, 475, 135, 474, 136, 1, -1, -0.7853981633974483, 1.4142135623730951
1969, 8, 524, 155, 523, 154, 1, 1, 0.7853981633974483, 1.4142135623730951
1969, 13, 415, 350, 416, 349, -1, 1, 2.356194490192345, 1.4142135623730951
1969, 15, 287, 335, 286, 336, 1, -1, -0.7853981633974483, 1.4142135623730951
1969, 24, 419, 354, 419, 356, 0, -2, -1.5707963267948966, 2.0
1969, 32, 487, 130, 485, 130, 2, 0, 0.0, 2.0
1969, 43, 498, 143, 497, 144, 1, -1, -0.7853981633974483, 1.4142135623730951
1970, 9, 524, 154, 523, 153, 1, 1, 0.7853981633974483, 1.4142135623730951
1970, 12, 399, 258, 401, 259, -2, -1, -2.677945044588987, 2.23606797749979
1970, 14, 491, 99, 490, 100, 1, -1, -0.7853981633974483, 1.4142135623730951
1970, 29, 299, 331, 298, 332, 1, -1, -0.7853981633974483, 1.4142135623730951
1970, 32, 536, 127, 534, 126, 2, 1, 0.4636476090008061, 2.23606797749979
1970, 34, 247, 347, 246, 348, 1, -1, -0.7853981633974483, 1.4142135623730951
1970, 52, 568, 244, 568, 240, 0, 4, 1.5707963267948966, 4.0
1971, 8, 525, 155, 524, 154, 1, 1, 0.7853981633974483, 1.4142135623730951
1971, 17, 458, 151, 457, 152, 1, -1, -0.7853981633974483, 1.4142135623730951
1971, 23, 257, 403, 256, 404, 1, -1, -0.7853981633974483, 1.4142135623730951
1971, 36, 569, 198, 570, 197, -1, 1, 2.356194490192345, 1.4142135623730951
1971, 46, 602, 299, 603, 298, -1, 1, 2.356194490192345, 1.4142135623730951
1971, 47, 568, 249, 568, 244, 0, 5, 1.5707963267948966, 5.0
1972, 7, 526, 156, 525, 155, 1, 1, 0.7853981633974483, 1.4142135623730951
1972, 23, 300, 329, 299, 330, 1, -1, -0.7853981633974483, 1.4142135623730951
1972, 33, 500, 145, 499, 146, 1, -1, -0.7853981633974483, 1.4142135623730951
1972, 41, 601, 300, 602, 299, -1, 1, 2.356194490192345, 1.4142135623730951
1972, 42, 568, 253, 568, 249, 0, 4, 1.5707963267948966, 4.0
1973, 6, 527, 157, 526, 156, 1, 1, 0.7853981633974483, 1.4142135623730951
1973, 9, 473, 247, 473, 249, 0, -2, -1.5707963267948966, 2.0
1973, 10, 495, 99, 493, 99, 2, 0, 0.0, 2.0
1973, 13, 251, 371, 250, 372, 1, -1, -0.7853981633974483, 1.4142135623730951
1973, 22, 302, 329, 300, 329, 2, 0, 0.0, 2.0
1973, 23, 273, 348, 272, 349, 1, -1, -0.7853981633974483, 1.4142135623730951
1973, 25, 539, 128, 538, 127, 1, 1, 0.7853981633974483, 1.4142135623730951
1973, 37, 414, 346, 413, 348, 1, -2, -1.1071487177940904, 2.23606797749979
1973, 39, 600, 301, 601, 300, -1, 1, 2.356194490192345, 1.4142135623730951
1973, 40, 567, 255, 568, 253, -1, 2, 2.0344439357957027, 2.23606797749979
1973, 42, 604, 243, 605, 242, -1, 1, 2.356194490192345, 1.4142135623730951
1974, 5, 528, 158, 527, 157, 1, 1, 0.7853981633974483, 1.4142135623730951
1974, 11, 365, 199, 364, 201, 1, -2, -1.1071487177940904, 2.23606797749979
1974, 13, 459, 148, 458, 149, 1, -1, -0.7853981633974483, 1.4142135623730951
1974, 20, 303, 328, 302, 329, 1, -1, -0.7853981633974483, 1.4142135623730951
1974, 23, 540, 129, 539, 128, 1, 1, 0.7853981633974483, 1.4142135623730951
1974, 25, 247, 346, 246, 347, 1, -1, -0.7853981633974483, 1.4142135623730951
1974, 29, 268, 324, 267, 325, 1, -1, -0.7853981633974483, 1.4142135623730951
1974, 35, 415, 345, 414, 346, 1, -1, -0.7853981633974483, 1.4142135623730951
1974, 38, 567, 259, 567, 255, 0, 4, 1.5707963267948966, 4.0
1975, 0, 364, 283, 365, 285, -1, -2, -2.0344439357957027, 2.23606797749979
1975, 2, 418, 144, 417, 146, 1, -2, -1.1071487177940904, 2.23606797749979
1975, 4, 477, 139, 476, 140, 1, -1, -0.7853981633974483, 1.4142135623730951
1975, 10, 529, 160, 528, 159, 1, 1, 0.7853981633974483, 1.4142135623730951
1975, 12, 626, 279, 627, 278, -1, 1, 2.356194490192345, 1.4142135623730951
1975, 14, 495, 100, 494, 101, 1, -1, -0.7853981633974483, 1.4142135623730951
1975, 21, 415, 345, 414, 347, 1, -2, -1.1071487177940904, 2.23606797749979
1975, 22, 325, 346, 324, 347, 1, -1, -0.7853981633974483, 1.4142135623730951
1975, 24, 602, 302, 603, 301, -1, 1, 2.356194490192345, 1.4142135623730951
1975, 27, 257, 367, 256, 369, 1, -2, -1.1071487177940904, 2.23606797749979
1975, 28, 423, 354, 422, 356, 1, -2, -1.1071487177940904, 2.23606797749979
1975, 30, 593, 249, 594, 248, -1, 1, 2.356194490192345, 1.4142135623730951
1975, 31, 502, 146, 501, 147, 1, -1, -0.7853981633974483, 1.4142135623730951
1975, 34, 539, 131, 538, 130, 1, 1, 0.7853981633974483, 1.4142135623730951
1975, 35, 428, 196, 428, 198, 0, -2, -1.5707963267948966, 2.0
1975, 37, 605, 244, 606, 243, -1, 1, 2.356194490192345, 1.4142135623730951
1975, 38, 251, 372, 250, 373, 1, -1, -0.7853981633974483, 1.4142135623730951
1975, 41, 532, 201, 533, 200, -1, 1, 2.356194490192345, 1.4142135623730951
1975, 42, 465, 284, 464, 286, 1, -2, -1.1071487177940904, 2.23606797749979
1975, 44, 490, 108, 488, 108, 2, 0, 0.0, 2.0
1975, 45, 608, 337, 607, 338, 1, -1, -0.7853981633974483, 1.4142135623730951
1976, 0, 363, 281, 364, 283, -1, -2, -2.0344439357957027, 2.23606797749979
1976, 2, 418, 142, 418, 144, 0, -2, -1.5707963267948966, 2.0
1976, 9, 530, 161, 529, 160, 1, 1, 0.7853981633974483, 1.4142135623730951
1976, 10, 188, 274, 186, 275, 2, -1, -0.4636476090008061, 2.23606797749979
1976, 13, 498, 98, 495, 100, 3, -2, -0.5880026035475675, 3.605551275463989
1976, 18, 365, 199, 365, 203, 0, -4, -1.5707963267948966, 4.0
1976, 19, 415, 343, 415, 345, 0, -2, -1.5707963267948966, 2.0
1976, 25, 255, 367, 257, 367, -2, 0, 3.141592653589793, 2.0
1976, 26, 423, 352, 423, 354, 0, -2, -1.5707963267948966, 2.0
1976, 27, 246, 346, 245, 347, 1, -1, -0.7853981633974483, 1.4142135623730951
1976, 30, 561, 193, 558, 192, 3, 1, 0.3217505543966422, 3.1622776601683795
1976, 31, 540, 132, 539, 131, 1, 1, 0.7853981633974483, 1.4142135623730951
1976, 35, 252, 369, 251, 372, 1, -3, -1.2490457723982544, 3.1622776601683795
1976, 37, 259, 401, 258, 404, 1, -3, -1.2490457723982544, 3.1622776601683795
1976, 43, 274, 347, 273, 350, 1, -3, -1.2490457723982544, 3.1622776601683795
1977, 4, 479, 138, 478, 139, 1, -1, -0.7853981633974483, 1.4142135623730951
1977, 9, 531, 163, 530, 161, 1, 2, 1.1071487177940904, 2.23606797749979
1977, 18, 417, 341, 415, 343, 2, -2, -0.7853981633974483, 2.8284271247461903
1977, 25, 424, 351, 423, 352, 1, -1, -0.7853981633974483, 1.4142135623730951
1977, 29, 563, 195, 561, 193, 2, 2, 0.7853981633974483, 2.8284271247461903
1977, 30, 541, 133, 540, 132, 1, 1, 0.7853981633974483, 1.4142135623730951
1978, 3, 480, 137, 479, 138, 1, -1, -0.7853981633974483, 1.4142135623730951
1978, 9, 624, 280, 625, 279, -1, 1, 2.356194490192345, 1.4142135623730951
1978, 16, 418, 340, 417, 341, 1, -1, -0.7853981633974483, 1.4142135623730951
1978, 22, 425, 349, 424, 351, 1, -2, -1.1071487177940904, 2.23606797749979
1978, 24, 505, 145, 504, 146, 1, -1, -0.7853981633974483, 1.4142135623730951
1978, 26, 564, 197, 563, 195, 1, 2, 1.1071487177940904, 2.23606797749979
1978, 27, 542, 134, 541, 133, 1, 1, 0.7853981633974483, 1.4142135623730951
1978, 34, 493, 107, 491, 107, 2, 0, 0.0, 2.0
1979, 3, 482, 136, 480, 137, 2, -1, -0.4636476090008061, 2.23606797749979
1979, 5, 598, 224, 596, 221, 2, 3, 0.982793723247329, 3.605551275463989
1979, 7, 531, 166, 531, 164, 0, 2, 1.5707963267948966, 2.0
1979, 11, 500, 97, 498, 97, 2, 0, 0.0, 2.0
1979, 15, 419, 337, 418, 340, 1, -3, -1.2490457723982544, 3.1622776601683795
1979, 16, 601, 304, 602, 303, -1, 1, 2.356194490192345, 1.4142135623730951
1979, 21, 247, 344, 246, 345, 1, -1, -0.7853981633974483, 1.4142135623730951
1979, 24, 565, 199, 564, 197, 1, 2, 1.1071487177940904, 2.23606797749979
1979, 25, 543, 135, 542, 134, 1, 1, 0.7853981633974483, 1.4142135623730951
1979, 29, 260, 399, 259, 400, 1, -1, -0.7853981633974483, 1.4142135623730951
1979, 30, 530, 202, 529, 201, 1, 1, 0.7853981633974483, 1.4142135623730951
1979, 31, 495, 107, 493, 107, 2, 0, 0.0, 2.0
1979, 33, 275, 346, 274, 347, 1, -1, -0.7853981633974483, 1.4142135623730951
1979, 34, 168, 254, 165, 252, 3, 2, 0.5880026035475675, 3.605551275463989
1980, 4, 420, 142, 420, 144, 0, -2, -1.5707963267948966, 2.0
1980, 18, 469, 145, 468, 146, 1, -1, -0.7853981633974483, 1.4142135623730951
1980, 19, 249, 346, 247, 348, 2, -2, -0.7853981633974483, 2.8284271247461903
1980, 21, 426, 352, 426, 354, 0, -2, -1.5707963267948966, 2.0
1980, 22, 460, 273, 461, 275, -1, -2, -2.0344439357957027, 2.23606797749979
1980, 26, 441, 123, 440, 124, 1, -1, -0.7853981633974483, 1.4142135623730951
1980, 33, 573, 257, 574, 256, -1, 1, 2.356194490192345, 1.4142135623730951
1980, 35, 428, 194, 428, 196, 0, -2, -1.5707963267948966, 2.0
1980, 48, 401, 329, 400, 330, 1, -1, -0.7853981633974483, 1.4142135623730951
1980, 52, 587, 305, 588, 304, -1, 1, 2.356194490192345, 1.4142135623730951
1980, 54, 492, 112, 490, 112, 2, 0, 0.0, 2.0
1980, 56, 592, 251, 593, 250, -1, 1, 2.356194490192345, 1.4142135623730951
1980, 58, 169, 279, 170, 281, -1, -2, -2.0344439357957027, 2.23606797749979
1981, 2, 482, 137, 481, 138, 1, -1, -0.7853981633974483, 1.4142135623730951
1981, 12, 624, 281, 625, 280, -1, 1, 2.356194490192345, 1.4142135623730951
1981, 18, 426, 350, 426, 352, 0, -2, -1.5707963267948966, 2.0
1981, 19, 459, 270, 460, 273, -1, -3, -1.892546881191539, 3.1622776601683795
1981, 22, 442, 122, 441, 123, 1, -1, -0.7853981633974483, 1.4142135623730951
1981, 28, 572, 258, 573, 257, -1, 1, 2.356194490192345, 1.4142135623730951
1981, 41, 260, 402, 259, 403, 1, -1, -0.7853981633974483, 1.4142135623730951
1981, 45, 563, 202, 563, 199, 0, 3, 1.5707963267948966, 3.0
1981, 46, 587, 307, 587, 305, 0, 2, 1.5707963267948966, 2.0
1981, 48, 494, 111, 492, 112, 2, -1, -0.4636476090008061, 2.23606797749979
1981, 54, 461, 252, 462, 254, -1, -2, -2.0344439357957027, 2.23606797749979
1982, 2, 483, 136, 482, 137, 1, -1, -0.7853981633974483, 1.4142135623730951
1982, 7, 304, 331, 304, 333, 0, -2, -1.5707963267948966, 2.0
1982, 8, 532, 167, 531, 165, 1, 2, 1.1071487177940904, 2.23606797749979
1982, 10, 167, 255, 168, 254, -1, 1, 2.356194490192345, 1.4142135623730951
1982, 18, 427, 347, 426, 350, 1, -3, -1.2490457723982544, 3.1622776601683795
1982, 19, 459, 268, 459, 270, 0, -2, -1.5707963267948966, 2.0
1982, 22, 443, 121, 442, 122, 1, -1, -0.7853981633974483, 1.4142135623730951
1982, 25, 368, 198, 367, 199, 1, -1, -0.7853981633974483, 1.4142135623730951
1982, 29, 322, 335, 321, 337, 1, -2, -1.1071487177940904, 2.23606797749979
1982, 37, 401, 326, 401, 328, 0, -2, -1.5707963267948966, 2.0
1982, 39, 563, 204, 563, 202, 0, 2, 1.5707963267948966, 2.0
1982, 46, 172, 278, 169, 278, 3, 0, 0.0, 3.0
1982, 47, 560, 279, 562, 281, -2, -2, -2.356194490192345, 2.8284271247461903
1982, 48, 461, 250, 461, 252, 0, -2, -1.5707963267948966, 2.0
1983, 17, 428, 345, 427, 347, 1, -2, -1.1071487177940904, 2.23606797749979
1983, 18, 459, 263, 459, 268, 0, -5, -1.5707963267948966, 5.0
1983, 21, 444, 120, 443, 121, 1, -1, -0.7853981633974483, 1.4142135623730951
1983, 28, 323, 334, 322, 335, 1, -1, -0.7853981633974483, 1.4142135623730951
1983, 35, 402, 325, 401, 326, 1, -1, -0.7853981633974483, 1.4142135623730951
1983, 38, 587, 311, 587, 308, 0, 3, 1.5707963267948966, 3.0
1983, 41, 545, 134, 544, 133, 1, 1, 0.7853981633974483, 1.4142135623730951
1983, 46, 460, 248, 461, 250, -1, -2, -2.0344439357957027, 2.23606797749979
1984, 3, 420, 139, 419, 140, 1, -1, -0.7853981633974483, 1.4142135623730951
1984, 7, 534, 169, 532, 168, 2, 1, 0.4636476090008061, 2.23606797749979
1984, 8, 503, 99, 502, 100, 1, -1, -0.7853981633974483, 1.4142135623730951
1984, 9, 604, 305, 603, 304, 1, 1, 0.7853981633974483, 1.4142135623730951
1984, 16, 458, 261, 459, 263, -1, -2, -2.0344439357957027, 2.23606797749979
1984, 19, 445, 118, 444, 120, 1, -2, -1.1071487177940904, 2.23606797749979
1984, 25, 324, 333, 323, 334, 1, -1, -0.7853981633974483, 1.4142135623730951
1984, 29, 254, 371, 253, 372, 1, -1, -0.7853981633974483, 1.4142135623730951
1984, 31, 402, 323, 402, 325, 0, -2, -1.5707963267948966, 2.0
1984, 34, 588, 312, 587, 311, 1, 1, 0.7853981633974483, 1.4142135623730951
1984, 36, 495, 110, 494, 111, 1, -1, -0.7853981633974483, 1.4142135623730951
1984, 37, 546, 135, 545, 134, 1, 1, 0.7853981633974483, 1.4142135623730951
1984, 38, 588, 252, 590, 252, -2, 0, 3.141592653589793, 2.0
1984, 40, 557, 279, 559, 279, -2, 0, 3.141592653589793, 2.0
1984, 41, 460, 246, 460, 248, 0, -2, -1.5707963267948966, 2.0
1985, 9, 536, 170, 535, 168, 1, 2, 1.1071487177940904, 2.23606797749979
1985, 12, 307, 307, 309, 306, -2, 1, 2.677945044588987, 2.23606797749979
1985, 13, 290, 397, 289, 398, 1, -1, -0.7853981633974483, 1.4142135623730951
1985, 14, 459, 249, 460, 251, -1, -2, -2.0344439357957027, 2.23606797749979
1985, 18, 573, 252, 573, 249, 0, 3, 1.5707963267948966, 3.0
1985, 21, 428, 348, 428, 350, 0, -2, -1.5707963267948966, 2.0
1985, 23, 422, 342, 421, 344, 1, -2, -1.1071487177940904, 2.23606797749979
1985, 25, 547, 137, 546, 136, 1, 1, 0.7853981633974483, 1.4142135623730951
1985, 27, 325, 333, 324, 334, 1, -1, -0.7853981633974483, 1.4142135623730951
1985, 29, 368, 197, 368, 199, 0, -2, -1.5707963267948966, 2.0
1985, 40, 605, 248, 606, 247, -1, 1, 2.356194490192345, 1.4142135623730951
1986, 12, 458, 247, 459, 249, -1, -2, -2.0344439357957027, 2.23606797749979
1986, 15, 625, 285, 626, 284, -1, 1, 2.356194490192345, 1.4142135623730951
1986, 16, 572, 253, 573, 252, -1, 1, 2.356194490192345, 1.4142135623730951
1986, 19, 429, 347, 428, 348, 1, -1, -0.7853981633974483, 1.4142135623730951
1986, 23, 548, 138, 547, 137, 1, 1, 0.7853981633974483, 1.4142135623730951
1986, 30, 262, 402, 261, 403, 1, -1, -0.7853981633974483, 1.4142135623730951
1986, 35, 496, 110, 495, 111, 1, -1, -0.7853981633974483, 1.4142135623730951
1986, 39, 278, 348, 277, 349, 1, -1, -0.7853981633974483, 1.4142135623730951
1986, 46, 595, 245, 596, 244, -1, 1, 2.356194490192345, 1.4142135623730951
1986, 51, 161, 316, 163, 316, -2, 0, 3.141592653589793, 2.0
1987, 1, 485, 138, 484, 139, 1, -1, -0.7853981633974483, 1.4142135623730951
1987, 7, 537, 173, 536, 171, 1, 2, 1.1071487177940904, 2.23606797749979
1987, 15, 624, 286, 625, 285, -1, 1, 2.356194490192345, 1.4142135623730951
1987, 19, 429, 345, 429, 347, 0, -2, -1.5707963267948966, 2.0
1987, 21, 423, 339, 422, 341, 1, -2, -1.1071487177940904, 2.23606797749979
1987, 22, 478, 144, 477, 145, 1, -1, -0.7853981633974483, 1.4142135623730951
1987, 23, 550, 139, 548, 138, 2, 1, 0.4636476090008061, 2.23606797749979
1987, 25, 326, 331, 325, 332, 1, -1, -0.7853981633974483, 1.4142135623730951
1987, 35, 497, 109, 496, 110, 1, -1, -0.7853981633974483, 1.4142135623730951
1987, 37, 511, 150, 510, 149, 1, 1, 0.7853981633974483, 1.4142135623730951
1987, 38, 496, 103, 494, 104, 2, -1, -0.4636476090008061, 2.23606797749979
1988, 12, 507, 100, 506, 101, 1, -1, -0.7853981633974483, 1.4142135623730951
1988, 15, 571, 256, 572, 254, -1, 2, 2.0344439357957027, 2.23606797749979
1988, 18, 430, 343, 429, 345, 1, -2, -1.1071487177940904, 2.23606797749979
1988, 22, 551, 140, 550, 139, 1, 1, 0.7853981633974483, 1.4142135623730951
1988, 23, 302, 328, 303, 330, -1, -2, -2.0344439357957027, 2.23606797749979
1988, 26, 368, 193, 368, 195, 0, -2, -1.5707963267948966, 2.0
1988, 34, 603, 249, 604, 248, -1, 1, 2.356194490192345, 1.4142135623730951
1988, 36, 498, 103, 496, 103, 2, 0, 0.0, 2.0
1988, 37, 278, 345, 278, 347, 0, -2, -1.5707963267948966, 2.0
1989, 9, 291, 396, 290, 397, 1, -1, -0.7853981633974483, 1.4142135623730951
1989, 10, 458, 243, 458, 245, 0, -2, -1.5707963267948966, 2.0
1989, 11, 509, 100, 507, 100, 2, 0, 0.0, 2.0
1989, 16, 585, 313, 586, 312, -1, 1, 2.356194490192345, 1.4142135623730951
1989, 17, 431, 341, 430, 343, 1, -2, -1.1071487177940904, 2.23606797749979
1989, 19, 424, 336, 423, 338, 1, -2, -1.1071487177940904, 2.23606797749979
1989, 21, 552, 141, 551, 140, 1, 1, 0.7853981633974483, 1.4142135623730951
1989, 28, 623, 351, 621, 350, 2, 1, 0.4636476090008061, 2.23606797749979
1989, 32, 513, 151, 512, 150, 1, 1, 0.7853981633974483, 1.4142135623730951
1989, 34, 279, 344, 278, 345, 1, -1, -0.7853981633974483, 1.4142135623730951
1989, 45, 234, 377, 233, 378, 1, -1, -0.7853981633974483, 1.4142135623730951
1990, 9, 537, 175, 537, 173, 0, 2, 1.5707963267948966, 2.0
1990, 19, 552, 141, 551, 140, 1, 1, 0.7853981633974483, 1.4142135623730951
1990, 21, 431, 342, 430, 344, 1, -2, -1.1071487177940904, 2.23606797749979
1990, 29, 369, 195, 369, 197, 0, -2, -1.5707963267948966, 2.0
1990, 33, 529, 174, 527, 172, 2, 2, 0.7853981633974483, 2.8284271247461903
1990, 40, 466, 144, 465, 145, 1, -1, -0.7853981633974483, 1.4142135623730951
1990, 44, 431, 195, 431, 197, 0, -2, -1.5707963267948966, 2.0
1990, 50, 480, 144, 479, 145, 1, -1, -0.7853981633974483, 1.4142135623730951
1990, 58, 369, 368, 368, 369, 1, -1, -0.7853981633974483, 1.4142135623730951
1990, 73, 619, 257, 620, 256, -1, 1, 2.356194490192345, 1.4142135623730951
1991, 8, 538, 176, 537, 175, 1, 1, 0.7853981633974483, 1.4142135623730951
1991, 10, 510, 100, 509, 101, 1, -1, -0.7853981633974483, 1.4142135623730951
1991, 18, 553, 142, 552, 141, 1, 1, 0.7853981633974483, 1.4142135623730951
1991, 20, 431, 340, 431, 342, 0, -2, -1.5707963267948966, 2.0
1991, 38, 467, 143, 466, 144, 1, -1, -0.7853981633974483, 1.4142135623730951
1991, 45, 481, 143, 480, 144, 1, -1, -0.7853981633974483, 1.4142135623730951
1991, 50, 295, 388, 294, 389, 1, -1, -0.7853981633974483, 1.4142135623730951
1992, 4, 492, 138, 490, 139, 2, -1, -0.4636476090008061, 2.23606797749979
1992, 8, 539, 177, 538, 176, 1, 1, 0.7853981633974483, 1.4142135623730951
1992, 16, 627, 290, 628, 289, -1, 1, 2.356194490192345, 1.4142135623730951
1992, 18, 554, 143, 553, 142, 1, 1, 0.7853981633974483, 1.4142135623730951
1992, 25, 369, 192, 369, 194, 0, -2, -1.5707963267948966, 2.0
1992, 28, 529, 175, 530, 174, -1, 1, 2.356194490192345, 1.4142135623730951
1992, 29, 309, 328, 308, 329, 1, -1, -0.7853981633974483, 1.4142135623730951
1992, 35, 468, 142, 467, 143, 1, -1, -0.7853981633974483, 1.4142135623730951
1992, 42, 482, 142, 481, 143, 1, -1, -0.7853981633974483, 1.4142135623730951
1992, 45, 281, 347, 280, 348, 1, -1, -0.7853981633974483, 1.4142135623730951
1992, 61, 618, 258, 619, 257, -1, 1, 2.356194490192345, 1.4142135623730951
1993, 8, 540, 178, 539, 177, 1, 1, 0.7853981633974483, 1.4142135623730951
1993, 16, 626, 291, 627, 290, -1, 1, 2.356194490192345, 1.4142135623730951
1993, 18, 555, 144, 554, 143, 1, 1, 0.7853981633974483, 1.4142135623730951
1993, 20, 431, 337, 431, 339, 0, -2, -1.5707963267948966, 2.0
1993, 25, 369, 190, 369, 192, 0, -2, -1.5707963267948966, 2.0
1993, 27, 398, 142, 398, 144, 0, -2, -1.5707963267948966, 2.0
1993, 28, 528, 176, 529, 175, -1, 1, 2.356194490192345, 1.4142135623730951
1993, 33, 257, 370, 256, 371, 1, -1, -0.7853981633974483, 1.4142135623730951
1993, 35, 469, 141, 468, 142, 1, -1, -0.7853981633974483, 1.4142135623730951
1993, 41, 518, 153, 517, 152, 1, 1, 0.7853981633974483, 1.4142135623730951
1993, 60, 617, 259, 618, 258, -1, 1, 2.356194490192345, 1.4142135623730951
1994, 4, 494, 139, 493, 138, 1, 1, 0.7853981633974483, 1.4142135623730951
1994, 8, 541, 179, 540, 178, 1, 1, 0.7853981633974483, 1.4142135623730951
1994, 10, 513, 99, 512, 100, 1, -1, -0.7853981633974483, 1.4142135623730951
1994, 16, 625, 292, 626, 291, -1, 1, 2.356194490192345, 1.4142135623730951
1994, 18, 556, 145, 555, 144, 1, 1, 0.7853981633974483, 1.4142135623730951
1994, 20, 432, 335, 431, 337, 1, -2, -1.1071487177940904, 2.23606797749979
1994, 23, 268, 392, 266, 393, 2, -1, -0.4636476090008061, 2.23606797749979
1994, 26, 261, 363, 260, 364, 1, -1, -0.7853981633974483, 1.4142135623730951
1994, 34, 469, 139, 469, 141, 0, -2, -1.5707963267948966, 2.0
1994, 35, 282, 363, 281, 364, 1, -1, -0.7853981633974483, 1.4142135623730951
1994, 44, 370, 364, 369, 365, 1, -1, -0.7853981633974483, 1.4142135623730951
1994, 50, 214, 401, 213, 402, 1, -1, -0.7853981633974483, 1.4142135623730951
1995, 0, 424, 139, 423, 140, 1, -1, -0.7853981633974483, 1.4142135623730951
1995, 9, 541, 178, 540, 177, 1, 1, 0.7853981633974483, 1.4142135623730951
1995, 19, 369, 192, 369, 194, 0, -2, -1.5707963267948966, 2.0
1995, 29, 284, 340, 283, 341, 1, -1, -0.7853981633974483, 1.4142135623730951
1995, 30, 434, 341, 433, 343, 1, -2, -1.1071487177940904, 2.23606797749979
1995, 36, 404, 281, 404, 283, 0, -2, -1.5707963267948966, 2.0
1995, 37, 440, 183, 441, 186, -1, -3, -1.892546881191539, 3.1622776601683795
1995, 39, 555, 145, 554, 144, 1, 1, 0.7853981633974483, 1.4142135623730951
1995, 45, 590, 305, 589, 304, 1, 1, 0.7853981633974483, 1.4142135623730951
1995, 52, 577, 269, 579, 268, -2, 1, 2.677945044588987, 2.23606797749979
1995, 67, 451, 239, 451, 242, 0, -3, -1.5707963267948966, 3.0
1995, 73, 562, 211, 561, 208, 1, 3, 1.2490457723982544, 3.1622776601683795
1995, 74, 446, 127, 445, 128, 1, -1, -0.7853981633974483, 1.4142135623730951
1995, 78, 623, 352, 619, 353, 4, -1, -0.24497866312686414, 4.123105625617661
1995, 81, 148, 326, 149, 325, -1, 1, 2.356194490192345, 1.4142135623730951
1995, 84, 422, 336, 422, 341, 0, -5, -1.5707963267948966, 5.0
1995, 85, 268, 391, 266, 392, 2, -1, -0.4636476090008061, 2.23606797749979
1996, 7, 542, 179, 541, 178, 1, 1, 0.7853981633974483, 1.4142135623730951
1996, 14, 515, 102, 513, 102, 2, 0, 0.0, 2.0
1996, 15, 626, 291, 627, 290, -1, 1, 2.356194490192345, 1.4142135623730951
1996, 16, 369, 190, 369, 192, 0, -2, -1.5707963267948966, 2.0
1996, 27, 435, 340, 434, 341, 1, -1, -0.7853981633974483, 1.4142135623730951
1996, 30, 518, 156, 517, 155, 1, 1, 0.7853981633974483, 1.4142135623730951
1996, 34, 439, 180, 440, 183, -1, -3, -1.892546881191539, 3.1622776601683795
1996, 36, 556, 146, 555, 145, 1, 1, 0.7853981633974483, 1.4142135623730951
1996, 47, 258, 329, 259, 328, -1, 1, 2.356194490192345, 1.4142135623730951
1996, 65, 562, 214, 562, 211, 0, 3, 1.5707963267948966, 3.0
1996, 66, 447, 126, 446, 127, 1, -1, -0.7853981633974483, 1.4142135623730951
1996, 68, 222, 320, 223, 319, -1, 1, 2.356194490192345, 1.4142135623730951
1996, 72, 422, 332, 422, 336, 0, -4, -1.5707963267948966, 4.0
1996, 73, 269, 390, 268, 391, 1, -1, -0.7853981633974483, 1.4142135623730951
1997, 0, 495, 141, 493, 141, 2, 0, 0.0, 2.0
1997, 12, 516, 101, 515, 102, 1, -1, -0.7853981633974483, 1.4142135623730951
1997, 14, 369, 188, 369, 190, 0, -2, -1.5707963267948966, 2.0
1997, 20, 267, 399, 266, 400, 1, -1, -0.7853981633974483, 1.4142135623730951
1997, 24, 286, 339, 285, 340, 1, -1, -0.7853981633974483, 1.4142135623730951
1997, 25, 436, 338, 435, 340, 1, -2, -1.1071487177940904, 2.23606797749979
1997, 31, 438, 178, 439, 180, -1, -2, -2.0344439357957027, 2.23606797749979
1997, 32, 414, 142, 414, 144, 0, -2, -1.5707963267948966, 2.0
1997, 33, 557, 147, 556, 146, 1, 1, 0.7853981633974483, 1.4142135623730951
1997, 47, 169, 281, 170, 283, -1, -2, -2.0344439357957027, 2.23606797749979
1997, 55, 586, 332, 585, 331, 1, 1, 0.7853981633974483, 1.4142135623730951
1997, 56, 563, 215, 562, 214, 1, 1, 0.7853981633974483, 1.4142135623730951
1997, 57, 448, 125, 447, 126, 1, -1, -0.7853981633974483, 1.4142135623730951
1997, 62, 423, 327, 422, 332, 1, -5, -1.373400766945016, 5.0990195135927845
1998, 5, 543, 182, 542, 180, 1, 2, 1.1071487177940904, 2.23606797749979
1998, 12, 624, 292, 625, 291, -1, 1, 2.356194490192345, 1.4142135623730951
1998, 13, 369, 186, 369, 188, 0, -2, -1.5707963267948966, 2.0
1998, 19, 485, 144, 483, 144, 2, 0, 0.0, 2.0
1998, 20, 297, 334, 296, 333, 1, 1, 0.7853981633974483, 1.4142135623730951
1998, 23, 437, 336, 436, 338, 1, -2, -1.1071487177940904, 2.23606797749979
1998, 29, 437, 174, 438, 178, -1, -4, -1.8157749899217608, 4.123105625617661
1998, 31, 558, 148, 557, 147, 1, 1, 0.7853981633974483, 1.4142135623730951
1998, 36, 309, 257, 308, 258, 1, -1, -0.7853981633974483, 1.4142135623730951
1998, 39, 257, 330, 258, 329, -1, 1, 2.356194490192345, 1.4142135623730951
1998, 50, 566, 256, 566, 254, 0, 2, 1.5707963267948966, 2.0
1998, 52, 587, 333, 586, 332, 1, 1, 0.7853981633974483, 1.4142135623730951
1998, 53, 566, 215, 563, 215, 3, 0, 0.0, 3.0
1998, 54, 449, 124, 448, 125, 1, -1, -0.7853981633974483, 1.4142135623730951
1998, 58, 373, 362, 372, 363, 1, -1, -0.7853981633974483, 1.4142135623730951
1998, 59, 423, 324, 423, 327, 0, -3, -1.5707963267948966, 3.0
1998, 60, 270, 389, 269, 390, 1, -1, -0.7853981633974483, 1.4142135623730951
1999, 4, 544, 183, 543, 182, 1, 1, 0.7853981633974483, 1.4142135623730951
1999, 11, 370, 184, 369, 186, 1, -2, -1.1071487177940904, 2.23606797749979
1999, 19, 288, 338, 287, 339, 1, -1, -0.7853981633974483, 1.4142135623730951
1999, 20, 438, 333, 437, 336, 1, -3, -1.2490457723982544, 3.1622776601683795
1999, 23, 520, 158, 519, 157, 1, 1, 0.7853981633974483, 1.4142135623730951
1999, 26, 438, 172, 437, 174, 1, -2, -1.1071487177940904, 2.23606797749979
1999, 28, 559, 149, 558, 148, 1, 1, 0.7853981633974483, 1.4142135623730951
1999, 32, 591, 306, 592, 305, -1, 1, 2.356194490192345, 1.4142135623730951
1999, 39, 577, 217, 578, 216, -1, 1, 2.356194490192345, 1.4142135623730951
1999, 46, 566, 258, 566, 256, 0, 2, 1.5707963267948966, 2.0
1999, 50, 450, 123, 449, 124, 1, -1, -0.7853981633974483, 1.4142135623730951
1999, 53, 344, 384, 343, 385, 1, -1, -0.7853981633974483, 1.4142135623730951
1999, 54, 374, 360, 373, 362, 1, -2, -1.1071487177940904, 2.23606797749979
1999, 55, 421, 324, 423, 324, -2, 0, 3.141592653589793, 2.0
1999, 56, 271, 388, 270, 389, 1, -1, -0.7853981633974483, 1.4142135623730951
2000, 10, 518, 101, 517, 102, 1, -1, -0.7853981633974483, 1.4142135623730951
2000, 22, 309, 313, 310, 312, -1, 1, 2.356194490192345, 1.4142135623730951
2000, 32, 224, 292, 223, 294, 1, -2, -1.1071487177940904, 2.23606797749979
2000, 48, 437, 336, 436, 338, 1, -2, -1.1071487177940904, 2.23606797749979
2000, 54, 567, 258, 566, 256, 1, 2, 1.1071487177940904, 2.23606797749979
2000, 55, 558, 148, 557, 147, 1, 1, 0.7853981633974483, 1.4142135623730951
2000, 57, 575, 269, 576, 268, -1, 1, 2.356194490192345, 1.4142135623730951
2001, 14, 474, 244, 473, 245, 1, -1, -0.7853981633974483, 1.4142135623730951
2001, 16, 625, 294, 626, 293, -1, 1, 2.356194490192345, 1.4142135623730951
2001, 30, 523, 158, 521, 157, 2, 1, 0.4636476090008061, 2.23606797749979
2001, 43, 438, 334, 437, 336, 1, -2, -1.1071487177940904, 2.23606797749979
2001, 49, 567, 260, 567, 258, 0, 2, 1.5707963267948966, 2.0
2001, 50, 559, 149, 558, 148, 1, 1, 0.7853981633974483, 1.4142135623730951
2002, 0, 365, 272, 366, 274, -1, -2, -2.0344439357957027, 2.23606797749979
2002, 6, 545, 185, 544, 184, 1, 1, 0.7853981633974483, 1.4142135623730951
2002, 15, 624, 295, 625, 294, -1, 1, 2.356194490192345, 1.4142135623730951
2002, 23, 461, 247, 462, 246, -1, 1, 2.356194490192345, 1.4142135623730951
2002, 27, 524, 161, 523, 158, 1, 3, 1.2490457723982544, 3.1622776601683795
2002, 40, 400, 140, 400, 142, 0, -2, -1.5707963267948966, 2.0
2002, 43, 569, 262, 567, 260, 2, 2, 0.7853981633974483, 2.8284271247461903
2002, 44, 559, 151, 559, 149, 0, 2, 1.5707963267948966, 2.0
2003, 6, 521, 101, 519, 101, 2, 0, 0.0, 2.0
2003, 12, 623, 296, 624, 295, -1, 1, 2.356194490192345, 1.4142135623730951
2003, 19, 289, 389, 291, 389, -2, 0, 3.141592653589793, 2.0
2003, 34, 438, 331, 438, 333, 0, -2, -1.5707963267948966, 2.0
2003, 39, 571, 264, 569, 262, 2, 2, 0.7853981633974483, 2.8284271247461903
2003, 40, 560, 152, 559, 151, 1, 1, 0.7853981633974483, 1.4142135623730951
2004, 1, 425, 133, 425, 135, 0, -2, -1.5707963267948966, 2.0
2004, 4, 546, 187, 545, 186, 1, 1, 0.7853981633974483, 1.4142135623730951
2004, 10, 262, 370, 261, 371, 1, -1, -0.7853981633974483, 1.4142135623730951
2004, 12, 623, 300, 623, 296, 0, 4, 1.5707963267948966, 4.0
2004, 19, 287, 389, 289, 389, -2, 0, 3.141592653589793, 2.0
2004, 24, 525, 162, 524, 161, 1, 1, 0.7853981633974483, 1.4142135623730951
2004, 26, 312, 328, 311, 329, 1, -1, -0.7853981633974483, 1.4142135623730951
2004, 30, 500, 104, 499, 103, 1, 1, 0.7853981633974483, 1.4142135623730951
2004, 34, 439, 330, 438, 331, 1, -1, -0.7853981633974483, 1.4142135623730951
2004, 37, 402, 137, 400, 139, 2, -2, -0.7853981633974483, 2.8284271247461903
2004, 40, 561, 153, 560, 152, 1, 1, 0.7853981633974483, 1.4142135623730951
2004, 42, 575, 271, 575, 269, 0, 2, 1.5707963267948966, 2.0
2005, 0, 366, 272, 367, 274, -1, -2, -2.0344439357957027, 2.23606797749979
2005, 3, 502, 143, 500, 143, 2, 0, 0.0, 2.0
2005, 7, 427, 136, 426, 137, 1, -1, -0.7853981633974483, 1.4142135623730951
2005, 23, 439, 333, 438, 335, 1, -2, -1.1071487177940904, 2.23606797749979
2005, 32, 562, 153, 561, 152, 1, 1, 0.7853981633974483, 1.4142135623730951
2005, 39, 586, 312, 588, 313, -2, -1, -2.677945044588987, 2.23606797749979
2005, 45, 473, 145, 472, 146, 1, -1, -0.7853981633974483, 1.4142135623730951
2005, 46, 349, 386, 348, 387, 1, -1, -0.7853981633974483, 1.4142135623730951
2006, 0, 367, 271, 366, 272, 1, -1, -0.7853981633974483, 1.4142135623730951
2006, 3, 504, 143, 502, 143, 2, 0, 0.0, 2.0
2006, 4, 202, 382, 201, 383, 1, -1, -0.7853981633974483, 1.4142135623730951
2006, 7, 427, 134, 427, 136, 0, -2, -1.5707963267948966, 2.0
2006, 16, 625, 299, 626, 298, -1, 1, 2.356194490192345, 1.4142135623730951
2006, 42, 474, 144, 473, 145, 1, -1, -0.7853981633974483, 1.4142135623730951
2006, 43, 350, 385, 349, 386, 1, -1, -0.7853981633974483, 1.4142135623730951
2007, 5, 428, 133, 427, 134, 1, -1, -0.7853981633974483, 1.4142135623730951
2007, 8, 548, 190, 547, 188, 1, 2, 1.1071487177940904, 2.23606797749979
2007, 14, 624, 300, 625, 299, -1, 1, 2.356194490192345, 1.4142135623730951
2007, 21, 439, 330, 439, 332, 0, -2, -1.5707963267948966, 2.0
2007, 38, 351, 384, 350, 385, 1, -1, -0.7853981633974483, 1.4142135623730951
2008, 1, 507, 144, 505, 143, 2, 1, 0.4636476090008061, 2.23606797749979
2008, 12, 623, 301, 624, 300, -1, 1, 2.356194490192345, 1.4142135623730951
2008, 24, 563, 156, 562, 155, 1, 1, 0.7853981633974483, 1.4142135623730951
2008, 26, 271, 398, 270, 399, 1, -1, -0.7853981633974483, 1.4142135623730951
2008, 29, 372, 184, 372, 186, 0, -2, -1.5707963267948966, 2.0
2008, 30, 586, 315, 585, 313, 1, 2, 1.1071487177940904, 2.23606797749979
2008, 35, 352, 383, 351, 384, 1, -1, -0.7853981633974483, 1.4142135623730951
2009, 5, 549, 193, 548, 191, 1, 2, 1.1071487177940904, 2.23606797749979
2009, 7, 187, 280, 188, 279, -1, 1, 2.356194490192345, 1.4142135623730951
2009, 14, 338, 340, 337, 341, 1, -1, -0.7853981633974483, 1.4142135623730951
2009, 21, 564, 157, 563, 156, 1, 1, 0.7853981633974483, 1.4142135623730951
2009, 27, 587, 317, 586, 315, 1, 2, 1.1071487177940904, 2.23606797749979
2009, 31, 476, 142, 475, 143, 1, -1, -0.7853981633974483, 1.4142135623730951
2009, 32, 353, 382, 352, 383, 1, -1, -0.7853981633974483, 1.4142135623730951
2010, 1, 471, 269, 471, 271, 0, -2, -1.5707963267948966, 2.0
2010, 3, 428, 135, 427, 136, 1, -1, -0.7853981633974483, 1.4142135623730951
2010, 16, 442, 332, 442, 334, 0, -2, -1.5707963267948966, 2.0
2010, 19, 625, 302, 626, 301, -1, 1, 2.356194490192345, 1.4142135623730951
2010, 21, 471, 241, 472, 243, -1, -2, -2.0344439357957027, 2.23606797749979
2010, 22, 290, 346, 289, 347, 1, -1, -0.7853981633974483, 1.4142135623730951
2010, 24, 591, 318, 590, 317, 1, 1, 0.7853981633974483, 1.4142135623730951
2010, 25, 570, 220, 570, 217, 0, 3, 1.5707963267948966, 3.0
2010, 27, 373, 185, 373, 187, 0, -2, -1.5707963267948966, 2.0
2010, 33, 276, 395, 275, 397, 1, -2, -1.1071487177940904, 2.23606797749979
2010, 35, 338, 342, 337, 343, 1, -1, -0.7853981633974483, 1.4142135623730951
2010, 37, 564, 159, 563, 157, 1, 2, 1.1071487177940904, 2.23606797749979
2010, 40, 528, 167, 527, 166, 1, 1, 0.7853981633974483, 1.4142135623730951
2010, 54, 635, 345, 635, 347, 0, -2, -1.5707963267948966, 2.0
2010, 55, 540, 195, 538, 194, 2, 1, 0.4636476090008061, 2.23606797749979
2010, 60, 210, 376, 209, 374, 1, 2, 1.1071487177940904, 2.23606797749979
2010, 65, 353, 385, 352, 386, 1, -1, -0.7853981633974483, 1.4142135623730951
2011, 4, 507, 147, 506, 146, 1, 1, 0.7853981633974483, 1.4142135623730951
2011, 12, 549, 194, 549, 192, 0, 2, 1.5707963267948966, 2.0
2011, 16, 442, 330, 442, 332, 0, -2, -1.5707963267948966, 2.0
2011, 21, 592, 319, 591, 318, 1, 1, 0.7853981633974483, 1.4142135623730951
2011, 22, 570, 222, 570, 220, 0, 2, 1.5707963267948966, 2.0
2011, 30, 277, 394, 276, 395, 1, -1, -0.7853981633974483, 1.4142135623730951
2011, 31, 576, 276, 575, 275, 1, 1, 0.7853981633974483, 1.4142135623730951
2011, 32, 339, 341, 338, 342, 1, -1, -0.7853981633974483, 1.4142135623730951
2011, 34, 565, 161, 564, 159, 1, 2, 1.1071487177940904, 2.23606797749979
2011, 37, 529, 169, 528, 167, 1, 2, 1.1071487177940904, 2.23606797749979
2011, 53, 418, 141, 419, 143, -1, -2, -2.0344439357957027, 2.23606797749979
2011, 60, 354, 384, 353, 385, 1, -1, -0.7853981633974483, 1.4142135623730951
2011, 64, 220, 273, 221, 272, -1, 1, 2.356194490192345, 1.4142135623730951
2011, 77, 510, 111, 508, 111, 2, 0, 0.0, 2.0
2012, 0, 367, 265, 367, 267, 0, -2, -1.5707963267948966, 2.0
2012, 4, 508, 148, 507, 147, 1, 1, 0.7853981633974483, 1.4142135623730951
2012, 11, 550, 195, 549, 194, 1, 1, 0.7853981633974483, 1.4142135623730951
2012, 14, 442, 328, 442, 330, 0, -2, -1.5707963267948966, 2.0
2012, 18, 291, 344, 290, 345, 1, -1, -0.7853981633974483, 1.4142135623730951
2012, 19, 593, 320, 592, 319, 1, 1, 0.7853981633974483, 1.4142135623730951
2012, 22, 373, 182, 373, 184, 0, -2, -1.5707963267948966, 2.0
2012, 28, 278, 393, 277, 394, 1, -1, -0.7853981633974483, 1.4142135623730951
2012, 30, 340, 340, 339, 341, 1, -1, -0.7853981633974483, 1.4142135623730951
2012, 31, 591, 340, 590, 339, 1, 1, 0.7853981633974483, 1.4142135623730951
2012, 32, 566, 162, 565, 161, 1, 1, 0.7853981633974483, 1.4142135623730951
2012, 35, 530, 170, 529, 169, 1, 1, 0.7853981633974483, 1.4142135623730951
2012, 43, 338, 330, 340, 331, -2, -1, -2.677945044588987, 2.23606797749979
2012, 47, 635, 342, 635, 344, 0, -2, -1.5707963267948966, 2.0
2012, 48, 541, 197, 540, 196, 1, 1, 0.7853981633974483, 1.4142135623730951
2012, 49, 460, 318, 459, 319, 1, -1, -0.7853981633974483, 1.4142135623730951
2012, 60, 219, 274, 220, 273, -1, 1, 2.356194490192345, 1.4142135623730951
2012, 65, 293, 393, 292, 394, 1, -1, -0.7853981633974483, 1.4142135623730951
2012, 74, 357, 312, 356, 313, 1, -1, -0.7853981633974483, 1.4142135623730951
2012, 77, 329, 400, 328, 401, 1, -1, -0.7853981633974483, 1.4142135623730951
2013, 0, 367, 263, 367, 265, 0, -2, -1.5707963267948966, 2.0
2013, 9, 526, 106, 525, 105, 1, 1, 0.7853981633974483, 1.4142135623730951
2013, 10, 551, 197, 550, 195, 1, 2, 1.1071487177940904, 2.23606797749979
2013, 18, 594, 321, 593, 320, 1, 1, 0.7853981633974483, 1.4142135623730951
2013, 28, 341, 339, 340, 340, 1, -1, -0.7853981633974483, 1.4142135623730951
2013, 30, 567, 163, 566, 162, 1, 1, 0.7853981633974483, 1.4142135623730951
2013, 32, 531, 171, 530, 170, 1, 1, 0.7853981633974483, 1.4142135623730951
2013, 37, 577, 304, 578, 303, -1, 1, 2.356194490192345, 1.4142135623730951
2013, 44, 542, 198, 541, 197, 1, 1, 0.7853981633974483, 1.4142135623730951
2013, 60, 294, 392, 293, 393, 1, -1, -0.7853981633974483, 1.4142135623730951
2014, 8, 610, 232, 609, 231, 1, 1, 0.7853981633974483, 1.4142135623730951
2014, 17, 595, 322, 594, 321, 1, 1, 0.7853981633974483, 1.4142135623730951
2014, 23, 225, 250, 227, 250, -2, 0, 3.141592653589793, 2.0
2014, 28, 592, 342, 591, 341, 1, 1, 0.7853981633974483, 1.4142135623730951
2014, 31, 531, 173, 531, 171, 0, 2, 1.5707963267948966, 2.0
2014, 38, 337, 330, 338, 329, -1, 1, 2.356194490192345, 1.4142135623730951
2014, 41, 367, 290, 367, 292, 0, -2, -1.5707963267948966, 2.0
2014, 42, 634, 339, 635, 342, -1, -3, -1.892546881191539, 3.1622776601683795
2014, 43, 543, 199, 542, 198, 1, 1, 0.7853981633974483, 1.4142135623730951
2014, 45, 418, 137, 418, 139, 0, -2, -1.5707963267948966, 2.0
2014, 47, 208, 378, 209, 377, -1, 1, 2.356194490192345, 1.4142135623730951
2014, 48, 309, 351, 308, 353, 1, -2, -1.1071487177940904, 2.23606797749979
2014, 51, 198, 305, 197, 306, 1, -1, -0.7853981633974483, 1.4142135623730951
2014, 59, 295, 391, 294, 392, 1, -1, -0.7853981633974483, 1.4142135623730951
2015, 7, 551, 198, 551, 196, 0, 2, 1.5707963267948966, 2.0
2015, 12, 460, 242, 461, 244, -1, -2, -2.0344439357957027, 2.23606797749979
2015, 16, 430, 322, 431, 325, -1, -3, -1.892546881191539, 3.1622776601683795
2015, 18, 298, 393, 299, 395, -1, -2, -2.0344439357957027, 2.23606797749979
2015, 19, 436, 325, 438, 326, -2, -1, -2.677945044588987, 2.23606797749979
2015, 21, 543, 203, 541, 201, 2, 2, 0.7853981633974483, 2.8284271247461903
2015, 26, 341, 339, 342, 341, -1, -2, -2.0344439357957027, 2.23606797749979
2015, 31, 611, 316, 609, 317, 2, -1, -0.4636476090008061, 2.23606797749979
2015, 35, 520, 119, 518, 119, 2, 0, 0.0, 2.0
2015, 38, 337, 334, 336, 336, 1, -2, -1.1071487177940904, 2.23606797749979
2015, 44, 458, 193, 459, 195, -1, -2, -2.0344439357957027, 2.23606797749979
2015, 49, 449, 233, 449, 235, 0, -2, -1.5707963267948966, 2.0
2015, 55, 458, 220, 459, 222, -1, -2, -2.0344439357957027, 2.23606797749979
2015, 58, 579, 231, 580, 230, -1, 1, 2.356194490192345, 1.4142135623730951
2015, 60, 183, 395, 182, 396, 1, -1, -0.7853981633974483, 1.4142135623730951
2015, 74, 265, 339, 266, 338, -1, 1, 2.356194490192345, 1.4142135623730951
2016, 5, 511, 149, 510, 148, 1, 1, 0.7853981633974483, 1.4142135623730951
2016, 19, 436, 323, 436, 325, 0, -2, -1.5707963267948966, 2.0
2016, 22, 593, 343, 593, 341, 0, 2, 1.5707963267948966, 2.0
2016, 33, 429, 186, 430, 188, -1, -2, -2.0344439357957027, 2.23606797749979
2016, 39, 518, 145, 516, 144, 2, 1, 0.4636476090008061, 2.23606797749979
2016, 44, 458, 189, 458, 193, 0, -4, -1.5707963267948966, 4.0
2016, 53, 457, 216, 458, 220, -1, -4, -1.8157749899217608, 4.123105625617661
2016, 63, 459, 166, 458, 170, 1, -4, -1.3258176636680326, 4.123105625617661
2016, 67, 573, 230, 573, 228, 0, 2, 1.5707963267948966, 2.0
2016, 72, 373, 317, 372, 318, 1, -1, -0.7853981633974483, 1.4142135623730951
2017, 16, 429, 319, 430, 321, -1, -2, -2.0344439357957027, 2.23606797749979
2017, 19, 437, 321, 436, 323, 1, -2, -1.1071487177940904, 2.23606797749979
2017, 21, 544, 205, 543, 204, 1, 1, 0.7853981633974483, 1.4142135623730951
2017, 28, 572, 263, 571, 262, 1, 1, 0.7853981633974483, 1.4142135623730951
2017, 38, 519, 146, 518, 145, 1, 1, 0.7853981633974483, 1.4142135623730951
2017, 42, 458, 186, 458, 189, 0, -3, -1.5707963267948966, 3.0
2017, 45, 418, 136, 418, 138, 0, -2, -1.5707963267948966, 2.0
2017, 49, 532, 175, 532, 173, 0, 2, 1.5707963267948966, 2.0
2017, 51, 457, 213, 457, 216, 0, -3, -1.5707963267948966, 3.0
2017, 61, 461, 164, 459, 166, 2, -2, -0.7853981633974483, 2.8284271247461903
2017, 63, 358, 312, 357, 313, 1, -1, -0.7853981633974483, 1.4142135623730951
2017, 68, 174, 366, 173, 367, 1, -1, -0.7853981633974483, 1.4142135623730951
2017, 69, 374, 315, 373, 317, 1, -2, -1.1071487177940904, 2.23606797749979
2018, 0, 431, 130, 430, 131, 1, -1, -0.7853981633974483, 1.4142135623730951
2018, 1, 369, 267, 368, 268, 1, -1, -0.7853981633974483, 1.4142135623730951
2018, 5, 513, 150, 512, 149, 1, 1, 0.7853981633974483, 1.4142135623730951
2018, 6, 551, 202, 551, 200, 0, 2, 1.5707963267948966, 2.0
2018, 13, 612, 234, 610, 233, 2, 1, 0.4636476090008061, 2.23606797749979
2018, 21, 569, 166, 568, 165, 1, 1, 0.7853981633974483, 1.4142135623730951
2018, 31, 576, 272, 577, 271, -1, 1, 2.356194490192345, 1.4142135623730951
2018, 37, 458, 182, 458, 186, 0, -4, -1.5707963267948966, 4.0
2018, 39, 419, 134, 418, 136, 1, -2, -1.1071487177940904, 2.23606797749979
2018, 41, 533, 176, 532, 175, 1, 1, 0.7853981633974483, 1.4142135623730951
2018, 43, 457, 209, 457, 213, 0, -4, -1.5707963267948966, 4.0
2018, 50, 242, 380, 241, 381, 1, -1, -0.7853981633974483, 1.4142135623730951
2018, 53, 462, 163, 461, 164, 1, -1, -0.7853981633974483, 1.4142135623730951
2018, 54, 405, 133, 405, 135, 0, -2, -1.5707963267948966, 2.0
2019, 5, 514, 151, 513, 150, 1, 1, 0.7853981633974483, 1.4142135623730951
2019, 6, 552, 203, 551, 202, 1, 1, 0.7853981633974483, 1.4142135623730951
2019, 9, 529, 109, 528, 108, 1, 1, 0.7853981633974483, 1.4142135623730951
2019, 20, 570, 168, 569, 166, 1, 2, 1.1071487177940904, 2.23606797749979
2019, 32, 521, 147, 520, 146, 1, 1, 0.7853981633974483, 1.4142135623730951
2019, 36, 458, 180, 458, 182, 0, -2, -1.5707963267948966, 2.0
2019, 38, 419, 132, 419, 134, 0, -2, -1.5707963267948966, 2.0
2019, 40, 534, 178, 533, 176, 1, 2, 1.1071487177940904, 2.23606797749979
2019, 49, 463, 162, 462, 163, 1, -1, -0.7853981633974483, 1.4142135623730951
2020, 2, 513, 152, 512, 151, 1, 1, 0.7853981633974483, 1.4142135623730951
2020, 8, 409, 180, 410, 182, -1, -2, -2.0344439357957027, 2.23606797749979
2020, 9, 555, 201, 554, 200, 1, 1, 0.7853981633974483, 1.4142135623730951
2020, 10, 441, 325, 441, 327, 0, -2, -1.5707963267948966, 2.0
2020, 18, 522, 109, 520, 109, 2, 0, 0.0, 2.0
2020, 25, 385, 351, 385, 353, 0, -2, -1.5707963267948966, 2.0
2020, 32, 205, 251, 207, 251, -2, 0, 3.141592653589793, 2.0
2020, 34, 376, 181, 376, 183, 0, -2, -1.5707963267948966, 2.0
2020, 36, 544, 198, 543, 197, 1, 1, 0.7853981633974483, 1.4142135623730951
2020, 48, 485, 139, 483, 140, 2, -1, -0.4636476090008061, 2.23606797749979
2020, 52, 574, 239, 575, 238, -1, 1, 2.356194490192345, 1.4142135623730951
2020, 58, 519, 171, 520, 170, -1, 1, 2.356194490192345, 1.4142135623730951
2020, 67, 346, 334, 345, 335, 1, -1, -0.7853981633974483, 1.4142135623730951
2021, 2, 514, 153, 513, 152, 1, 1, 0.7853981633974483, 1.4142135623730951
2021, 8, 556, 202, 555, 201, 1, 1, 0.7853981633974483, 1.4142135623730951
2021, 9, 442, 324, 441, 325, 1, -1, -0.7853981633974483, 1.4142135623730951
2021, 16, 523, 110, 522, 109, 1, 1, 0.7853981633974483, 1.4142135623730951
2021, 17, 345, 342, 344, 343, 1, -1, -0.7853981633974483, 1.4142135623730951
2021, 22, 615, 236, 614, 235, 1, 1, 0.7853981633974483, 1.4142135623730951
2021, 31, 598, 316, 595, 315, 3, 1, 0.3217505543966422, 3.1622776601683795
2021, 33, 545, 199, 544, 198, 1, 1, 0.7853981633974483, 1.4142135623730951
2021, 42, 486, 138, 485, 139, 1, -1, -0.7853981633974483, 1.4142135623730951
2021, 52, 522, 171, 519, 171, 3, 0, 0.0, 3.0
2021, 58, 571, 169, 570, 166, 1, 3, 1.2490457723982544, 3.1622776601683795
2022, 1, 307, 289, 308, 288, -1, 1, 2.356194490192345, 1.4142135623730951
2022, 6, 557, 203, 556, 202, 1, 1, 0.7853981633974483, 1.4142135623730951
2022, 7, 442, 322, 442, 324, 0, -2, -1.5707963267948966, 2.0
2022, 14, 524, 111, 523, 110, 1, 1, 0.7853981633974483, 1.4142135623730951
2022, 15, 346, 341, 345, 342, 1, -1, -0.7853981633974483, 1.4142135623730951
2022, 16, 193, 230, 191, 230, 2, 0, 0.0, 2.0
2022, 20, 616, 237, 615, 236, 1, 1, 0.7853981633974483, 1.4142135623730951
2022, 21, 385, 348, 385, 350, 0, -2, -1.5707963267948966, 2.0
2022, 29, 600, 316, 598, 316, 2, 0, 0.0, 2.0
2022, 31, 546, 200, 545, 199, 1, 1, 0.7853981633974483, 1.4142135623730951
2022, 41, 506, 154, 505, 153, 1, 1, 0.7853981633974483, 1.4142135623730951
2022, 50, 522, 173, 522, 171, 0, 2, 1.5707963267948966, 2.0
2022, 56, 572, 171, 571, 169, 1, 2, 1.1071487177940904, 2.23606797749979
2023, 1, 306, 290, 307, 289, -1, 1, 2.356194490192345, 1.4142135623730951
2023, 2, 515, 155, 514, 154, 1, 1, 0.7853981633974483, 1.4142135623730951
2023, 3, 228, 370, 227, 371, 1, -1, -0.7853981633974483, 1.4142135623730951
2023, 4, 432, 128, 431, 130, 1, -2, -1.1071487177940904, 2.23606797749979
2023, 6, 558, 204, 557, 203, 1, 1, 0.7853981633974483, 1.4142135623730951
2023, 12, 186, 285, 187, 284, -1, 1, 2.356194490192345, 1.4142135623730951
2023, 14, 526, 112, 524, 111, 2, 1, 0.4636476090008061, 2.23606797749979
2023, 16, 194, 229, 193, 230, 1, -1, -0.7853981633974483, 1.4142135623730951
2023, 23, 615, 320, 614, 319, 1, 1, 0.7853981633974483, 1.4142135623730951
2023, 24, 544, 205, 543, 206, 1, -1, -0.7853981633974483, 1.4142135623730951
2023, 29, 602, 316, 600, 316, 2, 0, 0.0, 2.0
2023, 31, 548, 201, 546, 200, 2, 1, 0.4636476090008061, 2.23606797749979
2023, 41, 507, 155, 506, 154, 1, 1, 0.7853981633974483, 1.4142135623730951
2023, 53, 573, 172, 572, 171, 1, 1, 0.7853981633974483, 1.4142135623730951
2024, 1, 516, 157, 515, 155, 1, 2, 1.1071487177940904, 2.23606797749979
2024, 9, 302, 401, 301, 402, 1, -1, -0.7853981633974483, 1.4142135623730951
2024, 13, 347, 340, 346, 341, 1, -1, -0.7853981633974483, 1.4142135623730951
2024, 17, 618, 238, 616, 237, 2, 1, 0.4636476090008061, 2.23606797749979
2024, 26, 604, 317, 602, 316, 2, 1, 0.4636476090008061, 2.23606797749979
2024, 35, 488, 137, 487, 138, 1, -1, -0.7853981633974483, 1.4142135623730951
2024, 43, 523, 170, 522, 172, 1, -2, -1.1071487177940904, 2.23606797749979
2024, 48, 573, 174, 573, 172, 0, 2, 1.5707963267948966, 2.0
2024, 49, 347, 330, 346, 331, 1, -1, -0.7853981633974483, 1.4142135623730951
2025, 2, 517, 156, 516, 155, 1, 1, 0.7853981633974483, 1.4142135623730951
2025, 4, 433, 131, 432, 132, 1, -1, -0.7853981633974483, 1.4142135623730951
2025, 10, 557, 205, 556, 204, 1, 1, 0.7853981633974483, 1.4142135623730951
2025, 17, 627, 313, 628, 312, -1, 1, 2.356194490192345, 1.4142135623730951
2025, 25, 442, 321, 442, 323, 0, -2, -1.5707963267948966, 2.0
2025, 27, 377, 179, 377, 181, 0, -2, -1.5707963267948966, 2.0
2025, 35, 538, 182, 536, 180, 2, 2, 0.7853981633974483, 2.8284271247461903
2025, 37, 574, 172, 573, 171, 1, 1, 0.7853981633974483, 1.4142135623730951
2025, 40, 586, 237, 585, 236, 1, 1, 0.7853981633974483, 1.4142135623730951
2025, 53, 388, 353, 388, 355, 0, -2, -1.5707963267948966, 2.0
2025, 55, 567, 233, 566, 231, 1, 2, 1.1071487177940904, 2.23606797749979
2025, 57, 603, 319, 602, 318, 1, 1, 0.7853981633974483, 1.4142135623730951
2025, 58, 561, 306, 559, 303, 2, 3, 0.982793723247329, 3.605551275463989
2026, 10, 537, 112, 536, 111, 1, 1, 0.7853981633974483, 1.4142135623730951
2026, 14, 626, 314, 627, 313, -1, 1, 2.356194490192345, 1.4142135623730951
2026, 17, 348, 340, 347, 341, 1, -1, -0.7853981633974483, 1.4142135623730951
2026, 29, 620, 323, 619, 322, 1, 1, 0.7853981633974483, 1.4142135623730951
2026, 32, 539, 183, 538, 182, 1, 1, 0.7853981633974483, 1.4142135623730951
2026, 34, 575, 173, 574, 172, 1, 1, 0.7853981633974483, 1.4142135623730951
2026, 51, 568, 236, 567, 233, 1, 3, 1.2490457723982544, 3.1622776601683795
2026, 53, 604, 320, 603, 319, 1, 1, 0.7853981633974483, 1.4142135623730951
2026, 54, 562, 308, 561, 306, 1, 2, 1.1071487177940904, 2.23606797749979
2027, 7, 558, 207, 557, 206, 1, 1, 0.7853981633974483, 1.4142135623730951
2027, 13, 625, 315, 626, 314, -1, 1, 2.356194490192345, 1.4142135623730951
2027, 23, 376, 176, 377, 178, -1, -2, -2.0344439357957027, 2.23606797749979
2027, 29, 600, 346, 599, 347, 1, -1, -0.7853981633974483, 1.4142135623730951
2027, 31, 539, 185, 539, 183, 0, 2, 1.5707963267948966, 2.0
2027, 33, 576, 174, 575, 173, 1, 1, 0.7853981633974483, 1.4142135623730951
2027, 34, 302, 401, 301, 402, 1, -1, -0.7853981633974483, 1.4142135623730951
2027, 36, 634, 356, 633, 355, 1, 1, 0.7853981633974483, 1.4142135623730951
2027, 41, 187, 397, 186, 398, 1, -1, -0.7853981633974483, 1.4142135623730951
2027, 52, 563, 309, 562, 308, 1, 1, 0.7853981633974483, 1.4142135623730951
2028, 2, 518, 160, 517, 158, 1, 2, 1.1071487177940904, 2.23606797749979
2028, 7, 559, 209, 558, 207, 1, 2, 1.1071487177940904, 2.23606797749979
2028, 9, 539, 113, 538, 112, 1, 1, 0.7853981633974483, 1.4142135623730951
2028, 17, 197, 281, 197, 279, 0, 2, 1.5707963267948966, 2.0
2028, 19, 443, 318, 442, 319, 1, -1, -0.7853981633974483, 1.4142135623730951
2028, 23, 617, 238, 616, 237, 1, 1, 0.7853981633974483, 1.4142135623730951
2028, 28, 540, 186, 539, 185, 1, 1, 0.7853981633974483, 1.4142135623730951
2028, 30, 578, 176, 576, 174, 2, 2, 0.7853981633974483, 2.8284271247461903
2028, 40, 228, 403, 227, 404, 1, -1, -0.7853981633974483, 1.4142135623730951
2028, 43, 388, 349, 388, 351, 0, -2, -1.5707963267948966, 2.0
2028, 47, 564, 310, 563, 309, 1, 1, 0.7853981633974483, 1.4142135623730951
2029, 1, 519, 161, 518, 160, 1, 1, 0.7853981633974483, 1.4142135623730951
2029, 5, 206, 384, 204, 384, 2, 0, 0.0, 2.0
2029, 6, 560, 210, 559, 209, 1, 1, 0.7853981633974483, 1.4142135623730951
2029, 9, 472, 236, 471, 237, 1, -1, -0.7853981633974483, 1.4142135623730951
2029, 14, 350, 338, 349, 339, 1, -1, -0.7853981633974483, 1.4142135623730951
2029, 20, 269, 371, 268, 372, 1, -1, -0.7853981633974483, 1.4142135623730951
2029, 24, 602, 347, 601, 346, 1, 1, 0.7853981633974483, 1.4142135623730951
2029, 28, 579, 177, 578, 176, 1, 1, 0.7853981633974483, 1.4142135623730951
2029, 33, 223, 293, 225, 294, -2, -1, -2.677945044588987, 2.23606797749979
2029, 35, 188, 396, 187, 397, 1, -1, -0.7853981633974483, 1.4142135623730951
2029, 41, 388, 347, 388, 349, 0, -2, -1.5707963267948966, 2.0
2030, 1, 165, 296, 164, 295, 1, 1, 0.7853981633974483, 1.4142135623730951
2030, 4, 519, 160, 518, 159, 1, 1, 0.7853981633974483, 1.4142135623730951
2030, 7, 539, 115, 538, 114, 1, 1, 0.7853981633974483, 1.4142135623730951
2030, 11, 561, 210, 560, 209, 1, 1, 0.7853981633974483, 1.4142135623730951
2030, 14, 378, 176, 378, 178, 0, -2, -1.5707963267948966, 2.0
2030, 20, 578, 177, 577, 176, 1, 1, 0.7853981633974483, 1.4142135623730951
2030, 35, 366, 381, 365, 382, 1, -1, -0.7853981633974483, 1.4142135623730951
2030, 41, 540, 186, 539, 185, 1, 1, 0.7853981633974483, 1.4142135623730951
2031, 2, 435, 129, 434, 130, 1, -1, -0.7853981633974483, 1.4142135623730951
2031, 3, 523, 162, 519, 160, 4, 2, 0.4636476090008061, 4.47213595499958
2031, 6, 540, 116, 539, 115, 1, 1, 0.7853981633974483, 1.4142135623730951
2031, 10, 562, 211, 561, 210, 1, 1, 0.7853981633974483, 1.4142135623730951
2031, 18, 578, 179, 578, 177, 0, 2, 1.5707963267948966, 2.0
2031, 21, 351, 340, 350, 341, 1, -1, -0.7853981633974483, 1.4142135623730951
2031, 23, 617, 240, 616, 239, 1, 1, 0.7853981633974483, 1.4142135623730951
2031, 26, 432, 312, 433, 314, -1, -2, -2.0344439357957027, 2.23606797749979
2031, 29, 310, 335, 308, 335, 2, 0, 0.0, 2.0
2031, 32, 367, 380, 366, 381, 1, -1, -0.7853981633974483, 1.4142135623730951
2031, 37, 540, 188, 540, 186, 0, 2, 1.5707963267948966, 2.0
2032, 2, 435, 127, 435, 129, 0, -2, -1.5707963267948966, 2.0
2032, 3, 524, 163, 523, 162, 1, 1, 0.7853981633974483, 1.4142135623730951
2032, 9, 563, 212, 562, 211, 1, 1, 0.7853981633974483, 1.4142135623730951
2032, 11, 378, 173, 378, 175, 0, -2, -1.5707963267948966, 2.0
2032, 14, 570, 232, 571, 234, -1, -2, -2.0344439357957027, 2.23606797749979
2032, 17, 579, 180, 578, 179, 1, 1, 0.7853981633974483, 1.4142135623730951
2032, 30, 369, 379, 367, 380, 2, -1, -0.4636476090008061, 2.23606797749979
2032, 36, 581, 315, 582, 314, -1, 1, 2.356194490192345, 1.4142135623730951
2032, 43, 603, 349, 602, 348, 1, 1, 0.7853981633974483, 1.4142135623730951
2033, 2, 436, 126, 435, 127, 1, -1, -0.7853981633974483, 1.4142135623730951
2033, 6, 542, 117, 541, 116, 1, 1, 0.7853981633974483, 1.4142135623730951
2033, 15, 578, 181, 579, 180, -1, 1, 2.356194490192345, 1.4142135623730951
2033, 21, 432, 308, 432, 311, 0, -3, -1.5707963267948966, 3.0
2033, 32, 541, 190, 540, 189, 1, 1, 0.7853981633974483, 1.4142135623730951
2033, 34, 607, 316, 607, 318, 0, -2, -1.5707963267948966, 2.0
2034, 0, 373, 260, 373, 262, 0, -2, -1.5707963267948966, 2.0
2034, 2, 437, 125, 436, 126, 1, -1, -0.7853981633974483, 1.4142135623730951
2034, 3, 525, 166, 524, 164, 1, 2, 1.1071487177940904, 2.23606797749979
2034, 12, 213, 295, 213, 297, 0, -2, -1.5707963267948966, 2.0
2034, 14, 579, 182, 578, 181, 1, 1, 0.7853981633974483, 1.4142135623730951
2034, 20, 432, 305, 432, 308, 0, -3, -1.5707963267948966, 3.0
2034, 23, 313, 334, 312, 335, 1, -1, -0.7853981633974483, 1.4142135623730951
2034, 26, 372, 378, 370, 379, 2, -1, -0.4636476090008061, 2.23606797749979
2034, 30, 542, 192, 541, 190, 1, 2, 1.1071487177940904, 2.23606797749979
2035, 2, 523, 165, 522, 164, 1, 1, 0.7853981633974483, 1.4142135623730951
2035, 7, 189, 288, 190, 287, -1, 1, 2.356194490192345, 1.4142135623730951
2035, 25, 352, 340, 351, 341, 1, -1, -0.7853981633974483, 1.4142135623730951
2035, 34, 368, 268, 367, 269, 1, -1, -0.7853981633974483, 1.4142135623730951
2035, 36, 371, 380, 370, 381, 1, -1, -0.7853981633974483, 1.4142135623730951
2035, 44, 543, 191, 542, 190, 1, 1, 0.7853981633974483, 1.4142135623730951
2036, 0, 375, 261, 374, 263, 1, -2, -1.1071487177940904, 2.23606797749979
2036, 2, 524, 167, 523, 165, 1, 2, 1.1071487177940904, 2.23606797749979
2036, 4, 438, 127, 437, 128, 1, -1, -0.7853981633974483, 1.4142135623730951
2036, 6, 543, 118, 542, 117, 1, 1, 0.7853981633974483, 1.4142135623730951
2036, 22, 574, 277, 573, 278, 1, -1, -0.7853981633974483, 1.4142135623730951
2036, 23, 581, 183, 580, 181, 1, 2, 1.1071487177940904, 2.23606797749979
2036, 37, 433, 317, 434, 319, -1, -2, -2.0344439357957027, 2.23606797749979
2036, 42, 544, 192, 543, 191, 1, 1, 0.7853981633974483, 1.4142135623730951
2036, 43, 351, 328, 350, 329, 1, -1, -0.7853981633974483, 1.4142135623730951
2037, 2, 524, 169, 524, 167, 0, 2, 1.5707963267948966, 2.0
2037, 6, 544, 119, 543, 118, 1, 1, 0.7853981633974483, 1.4142135623730951
2037, 9, 564, 215, 563, 214, 1, 1, 0.7853981633974483, 1.4142135623730951
2037, 13, 306, 402, 305, 403, 1, -1, -0.7853981633974483, 1.4142135623730951
2037, 21, 379, 171, 379, 173, 0, -2, -1.5707963267948966, 2.0
2037, 22, 572, 275, 574, 277, -2, -2, -2.356194490192345, 2.8284271247461903
2037, 23, 581, 185, 581, 183, 0, 2, 1.5707963267948966, 2.0
2037, 32, 368, 265, 368, 267, 0, -2, -1.5707963267948966, 2.0
2037, 34, 373, 378, 372, 380, 1, -2, -1.1071487177940904, 2.23606797749979
2037, 36, 433, 314, 433, 317, 0, -3, -1.5707963267948966, 3.0
2037, 43, 301, 394, 300, 395, 1, -1, -0.7853981633974483, 1.4142135623730951
2037, 44, 250, 380, 249, 381, 1, -1, -0.7853981633974483, 1.4142135623730951
2037, 51, 604, 332, 603, 331, 1, 1, 0.7853981633974483, 1.4142135623730951
2038, 4, 439, 125, 438, 126, 1, -1, -0.7853981633974483, 1.4142135623730951
2038, 21, 571, 273, 572, 275, -1, -2, -2.0344439357957027, 2.23606797749979
2038, 30, 347, 333, 346, 334, 1, -1, -0.7853981633974483, 1.4142135623730951
2038, 32, 374, 377, 373, 378, 1, -1, -0.7853981633974483, 1.4142135623730951
2038, 33, 433, 311, 433, 314, 0, -3, -1.5707963267948966, 3.0
2038, 40, 302, 393, 301, 394, 1, -1, -0.7853981633974483, 1.4142135623730951
2038, 42, 192, 233, 193, 232, -1, 1, 2.356194490192345, 1.4142135623730951
2038, 46, 605, 334, 604, 332, 1, 2, 1.1071487177940904, 2.23606797749979
2039, 2, 524, 172, 524, 170, 0, 2, 1.5707963267948966, 2.0
2039, 12, 307, 400, 306, 401, 1, -1, -0.7853981633974483, 1.4142135623730951
2039, 13, 621, 246, 619, 243, 2, 3, 0.982793723247329, 3.605551275463989
2039, 14, 409, 172, 408, 175, 1, -3, -1.2490457723982544, 3.1622776601683795
2039, 20, 582, 187, 581, 186, 1, 1, 0.7853981633974483, 1.4142135623730951
2039, 26, 200, 254, 202, 255, -2, -1, -2.677945044588987, 2.23606797749979
2039, 28, 348, 331, 347, 333, 1, -2, -1.1071487177940904, 2.23606797749979
2039, 29, 368, 263, 368, 265, 0, -2, -1.5707963267948966, 2.0
2039, 35, 545, 195, 544, 194, 1, 1, 0.7853981633974483, 1.4142135623730951
2039, 37, 303, 392, 302, 393, 1, -1, -0.7853981633974483, 1.4142135623730951
2039, 39, 194, 236, 192, 233, 2, 3, 0.982793723247329, 3.605551275463989
2039, 43, 606, 335, 605, 334, 1, 1, 0.7853981633974483, 1.4142135623730951
2040, 4, 440, 125, 440, 127, 0, -2, -1.5707963267948966, 2.0
2040, 7, 546, 121, 545, 120, 1, 1, 0.7853981633974483, 1.4142135623730951
2040, 13, 607, 336, 606, 335, 1, 1, 0.7853981633974483, 1.4142135623730951
2040, 15, 442, 315, 443, 317, -1, -2, -2.0344439357957027, 2.23606797749979
2040, 28, 460, 239, 461, 241, -1, -2, -2.0344439357957027, 2.23606797749979
2040, 29, 349, 334, 348, 335, 1, -1, -0.7853981633974483, 1.4142135623730951
2040, 32, 433, 308, 434, 310, -1, -2, -2.0344439357957027, 2.23606797749979
2040, 33, 272, 351, 270, 353, 2, -2, -0.7853981633974483, 2.8284271247461903
2040, 36, 303, 391, 302, 392, 1, -1, -0.7853981633974483, 1.4142135623730951
2040, 40, 204, 258, 202, 257, 2, 1, 0.4636476090008061, 2.23606797749979
2040, 45, 391, 346, 391, 348, 0, -2, -1.5707963267948966, 2.0
2040, 48, 534, 125, 533, 123, 1, 2, 1.1071487177940904, 2.23606797749979
2040, 52, 375, 380, 374, 381, 1, -1, -0.7853981633974483, 1.4142135623730951
2040, 64, 552, 217, 551, 216, 1, 1, 0.7853981633974483, 1.4142135623730951
2041, 4, 525, 172, 524, 170, 1, 2, 1.1071487177940904, 2.23606797749979
2041, 21, 606, 353, 605, 352, 1, 1, 0.7853981633974483, 1.4142135623730951
2041, 22, 381, 171, 381, 173, 0, -2, -1.5707963267948966, 2.0
2041, 26, 459, 236, 460, 239, -1, -3, -1.892546881191539, 3.1622776601683795
2041, 28, 231, 208, 230, 209, 1, -1, -0.7853981633974483, 1.4142135623730951
2041, 42, 414, 266, 417, 268, -3, -2, -2.5535900500422257, 3.605551275463989
2041, 46, 535, 126, 534, 125, 1, 1, 0.7853981633974483, 1.4142135623730951
2041, 49, 578, 241, 578, 239, 0, 2, 1.5707963267948966, 2.0
2041, 50, 377, 379, 375, 380, 2, -1, -0.4636476090008061, 2.23606797749979
2041, 54, 436, 134, 435, 135, 1, -1, -0.7853981633974483, 1.4142135623730951
2042, 3, 441, 124, 440, 125, 1, -1, -0.7853981633974483, 1.4142135623730951
2042, 4, 526, 174, 525, 172, 1, 2, 1.1071487177940904, 2.23606797749979
2042, 6, 547, 123, 546, 122, 1, 1, 0.7853981633974483, 1.4142135623730951
2042, 12, 609, 337, 608, 336, 1, 1, 0.7853981633974483, 1.4142135623730951
2042, 25, 459, 233, 459, 236, 0, -3, -1.5707963267948966, 3.0
2042, 29, 437, 310, 433, 307, 4, 3, 0.6435011087932844, 5.0
2042, 43, 536, 127, 535, 126, 1, 1, 0.7853981633974483, 1.4142135623730951
2042, 45, 579, 243, 578, 241, 1, 2, 1.1071487177940904, 2.23606797749979
2042, 46, 378, 378, 377, 379, 1, -1, -0.7853981633974483, 1.4142135623730951
2043, 4, 528, 176, 526, 174, 2, 2, 0.7853981633974483, 2.8284271247461903
2043, 5, 548, 124, 547, 123, 1, 1, 0.7853981633974483, 1.4142135623730951
2043, 14, 329, 330, 328, 332, 1, -2, -1.1071487177940904, 2.23606797749979
2043, 15, 309, 398, 308, 399, 1, -1, -0.7853981633974483, 1.4142135623730951
2043, 21, 545, 199, 544, 198, 1, 1, 0.7853981633974483, 1.4142135623730951
2043, 38, 391, 340, 391, 344, 0, -4, -1.5707963267948966, 4.0
2043, 40, 584, 189, 583, 188, 1, 1, 0.7853981633974483, 1.4142135623730951
2043, 41, 579, 245, 579, 243, 0, 2, 1.5707963267948966, 2.0
2043, 42, 379, 377, 378, 378, 1, -1, -0.7853981633974483, 1.4142135623730951
2044, 3, 441, 122, 440, 124, 1, -2, -1.1071487177940904, 2.23606797749979
2044, 4, 529, 177, 528, 176, 1, 1, 0.7853981633974483, 1.4142135623730951
2044, 5, 549, 125, 548, 124, 1, 1, 0.7853981633974483, 1.4142135623730951
2044, 8, 621, 247, 622, 246, -1, 1, 2.356194490192345, 1.4142135623730951
2044, 12, 565, 223, 565, 221, 0, 2, 1.5707963267948966, 2.0
2044, 15, 520, 181, 519, 180, 1, 1, 0.7853981633974483, 1.4142135623730951
2044, 22, 459, 230, 459, 232, 0, -2, -1.5707963267948966, 2.0
2044, 26, 437, 307, 437, 309, 0, -2, -1.5707963267948966, 2.0
2044, 39, 585, 190, 584, 189, 1, 1, 0.7853981633974483, 1.4142135623730951
2044, 41, 381, 376, 379, 377, 2, -1, -0.4636476090008061, 2.23606797749979
2044, 44, 438, 132, 437, 133, 1, -1, -0.7853981633974483, 1.4142135623730951
2045, 2, 529, 175, 528, 174, 1, 1, 0.7853981633974483, 1.4142135623730951
2045, 4, 443, 124, 442, 125, 1, -1, -0.7853981633974483, 1.4142135623730951
2045, 12, 625, 249, 624, 248, 1, 1, 0.7853981633974483, 1.4142135623730951
2045, 23, 609, 356, 608, 355, 1, 1, 0.7853981633974483, 1.4142135623730951
2045, 25, 513, 176, 512, 177, 1, -1, -0.7853981633974483, 1.4142135623730951
2045, 27, 416, 129, 415, 130, 1, -1, -0.7853981633974483, 1.4142135623730951
2045, 30, 546, 201, 545, 199, 1, 2, 1.1071487177940904, 2.23606797749979
2045, 35, 213, 258, 212, 257, 1, 1, 0.7853981633974483, 1.4142135623730951
2045, 47, 429, 179, 430, 181, -1, -2, -2.0344439357957027, 2.23606797749979
2045, 57, 458, 210, 459, 214, -1, -4, -1.8157749899217608, 4.123105625617661
2046, 6, 550, 125, 549, 124, 1, 1, 0.7853981633974483, 1.4142135623730951
2046, 7, 330, 330, 330, 332, 0, -2, -1.5707963267948966, 2.0
2046, 10, 442, 309, 443, 311, -1, -2, -2.0344439357957027, 2.23606797749979
2046, 16, 586, 192, 585, 190, 1, 2, 1.1071487177940904, 2.23606797749979
2046, 20, 438, 129, 437, 130, 1, -1, -0.7853981633974483, 1.4142135623730951
2046, 23, 512, 174, 513, 176, -1, -2, -2.0344439357957027, 2.23606797749979
2046, 27, 547, 202, 546, 201, 1, 1, 0.7853981633974483, 1.4142135623730951
2046, 30, 310, 390, 309, 391, 1, -1, -0.7853981633974483, 1.4142135623730951
2046, 53, 542, 162, 540, 160, 2, 2, 0.7853981633974483, 2.8284271247461903
2046, 54, 458, 206, 458, 210, 0, -4, -1.5707963267948966, 4.0
2047, 5, 553, 126, 550, 125, 3, 1, 0.3217505543966422, 3.1622776601683795
2047, 7, 569, 223, 567, 222, 2, 1, 0.4636476090008061, 2.23606797749979
2047, 8, 206, 384, 207, 386, -1, -2, -2.0344439357957027, 2.23606797749979
2047, 10, 625, 250, 624, 249, 1, 1, 0.7853981633974483, 1.4142135623730951
2047, 15, 587, 193, 586, 192, 1, 1, 0.7853981633974483, 1.4142135623730951
2047, 16, 381, 167, 382, 170, -1, -3, -1.892546881191539, 3.1622776601683795
2047, 18, 191, 290, 193, 291, -2, -1, -2.677945044588987, 2.23606797749979
2047, 25, 548, 204, 547, 202, 1, 2, 1.1071487177940904, 2.23606797749979
2047, 27, 214, 376, 212, 377, 2, -1, -0.4636476090008061, 2.23606797749979
2047, 32, 605, 330, 607, 330, -2, 0, 3.141592653589793, 2.0
2047, 40, 491, 122, 490, 123, 1, -1, -0.7853981633974483, 1.4142135623730951
2047, 42, 298, 343, 297, 347, 1, -4, -1.3258176636680326, 4.123105625617661
2047, 44, 543, 163, 542, 162, 1, 1, 0.7853981633974483, 1.4142135623730951
2047, 45, 458, 203, 458, 206, 0, -3, -1.5707963267948966, 3.0
2048, 2, 444, 121, 443, 122, 1, -1, -0.7853981633974483, 1.4142135623730951
2048, 6, 570, 224, 569, 223, 1, 1, 0.7853981633974483, 1.4142135623730951
2048, 8, 441, 306, 442, 308, -1, -2, -2.0344439357957027, 2.23606797749979
2048, 13, 355, 340, 354, 338, 1, 2, 1.1071487177940904, 2.23606797749979
2048, 14, 588, 194, 587, 193, 1, 1, 0.7853981633974483, 1.4142135623730951
2048, 15, 381, 165, 381, 167, 0, -2, -1.5707963267948966, 2.0
2048, 20, 509, 147, 508, 146, 1, 1, 0.7853981633974483, 1.4142135623730951
2048, 23, 548, 206, 548, 204, 0, 2, 1.5707963267948966, 2.0
2048, 36, 493, 122, 491, 122, 2, 0, 0.0, 2.0
2048, 40, 544, 165, 543, 163, 1, 2, 1.1071487177940904, 2.23606797749979
2048, 41, 458, 200, 458, 203, 0, -3, -1.5707963267948966, 3.0
2049, 1, 530, 179, 529, 178, 1, 1, 0.7853981633974483, 1.4142135623730951
2049, 2, 445, 120, 444, 121, 1, -1, -0.7853981633974483, 1.4142135623730951
2049, 4, 554, 128, 553, 127, 1, 1, 0.7853981633974483, 1.4142135623730951
2049, 9, 624, 251, 625, 250, -1, 1, 2.356194490192345, 1.4142135623730951
2049, 14, 589, 196, 588, 194, 1, 2, 1.1071487177940904, 2.23606797749979
2049, 16, 439, 125, 438, 127, 1, -2, -1.1071487177940904, 2.23606797749979
2049, 25, 211, 261, 212, 260, -1, 1, 2.356194490192345, 1.4142135623730951
2049, 27, 606, 331, 605, 330, 1, 1, 0.7853981633974483, 1.4142135623730951
2050, 0, 379, 257, 378, 258, 1, -1, -0.7853981633974483, 1.4142135623730951
2050, 5, 530, 181, 530, 179, 0, 2, 1.5707963267948966, 2.0
2050, 12, 443, 311, 443, 313, 0, -2, -1.5707963267948966, 2.0
2050, 13, 437, 302, 437, 304, 0, -2, -1.5707963267948966, 2.0
2050, 16, 575, 279, 576, 278, -1, 1, 2.356194490192345, 1.4142135623730951
2050, 28, 541, 137, 539, 136, 2, 1, 0.4636476090008061, 2.23606797749979
2050, 32, 609, 332, 607, 332, 2, 0, 0.0, 2.0
2050, 41, 557, 228, 555, 227, 2, 1, 0.4636476090008061, 2.23606797749979
2050, 46, 597, 276, 596, 275, 1, 1, 0.7853981633974483, 1.4142135623730951
2050, 48, 635, 324, 638, 324, -3, 0, 3.141592653589793, 3.0
2050, 50, 520, 181, 520, 179, 0, 2, 1.5707963267948966, 2.0
2050, 51, 515, 175, 513, 175, 2, 0, 0.0, 2.0
2050, 54, 441, 172, 442, 175, -1, -3, -1.892546881191539, 3.1622776601683795
2050, 62, 534, 205, 533, 203, 1, 2, 1.1071487177940904, 2.23606797749979
2051, 1, 308, 241, 309, 240, -1, 1, 2.356194490192345, 1.4142135623730951
2051, 2, 447, 123, 446, 124, 1, -1, -0.7853981633974483, 1.4142135623730951
2051, 5, 531, 183, 530, 181, 1, 2, 1.1071487177940904, 2.23606797749979
2051, 7, 554, 129, 553, 128, 1, 1, 0.7853981633974483, 1.4142135623730951
2051, 21, 518, 187, 519, 189, -1, -2, -2.0344439357957027, 2.23606797749979
2051, 26, 543, 138, 541, 137, 2, 1, 0.4636476090008061, 2.23606797749979
2051, 30, 612, 331, 609, 332, 3, -1, -0.3217505543966422, 3.1622776601683795
2051, 33, 441, 128, 440, 129, 1, -1, -0.7853981633974483, 1.4142135623730951
2051, 34, 590, 196, 589, 195, 1, 1, 0.7853981633974483, 1.4142135623730951
2051, 45, 522, 182, 520, 181, 2, 1, 0.4636476090008061, 2.23606797749979
2051, 46, 517, 177, 515, 175, 2, 2, 0.7853981633974483, 2.8284271247461903
2051, 49, 441, 169, 441, 172, 0, -3, -1.5707963267948966, 3.0
2052, 5, 532, 184, 531, 183, 1, 1, 0.7853981633974483, 1.4142135623730951
2052, 6, 471, 260, 471, 262, 0, -2, -1.5707963267948966, 2.0
2052, 21, 516, 184, 518, 187, -2, -3, -2.158798930342464, 3.605551275463989
2052, 26, 544, 140, 543, 138, 1, 2, 1.1071487177940904, 2.23606797749979
2052, 30, 616, 332, 612, 331, 4, 1, 0.24497866312686414, 4.123105625617661
2052, 35, 559, 229, 558, 228, 1, 1, 0.7853981633974483, 1.4142135623730951
2052, 45, 518, 181, 517, 177, 1, 4, 1.3258176636680326, 4.123105625617661
2052, 47, 441, 166, 441, 169, 0, -3, -1.5707963267948966, 3.0
2052, 49, 315, 354, 315, 356, 0, -2, -1.5707963267948966, 2.0
2053, 0, 381, 255, 379, 256, 2, -1, -0.4636476090008061, 2.23606797749979
2053, 2, 450, 123, 448, 123, 2, 0, 0.0, 2.0
2053, 5, 532, 187, 532, 184, 0, 3, 1.5707963267948966, 3.0
2053, 6, 471, 258, 471, 260, 0, -2, -1.5707963267948966, 2.0
2053, 7, 555, 131, 554, 130, 1, 1, 0.7853981633974483, 1.4142135623730951
2053, 10, 210, 386, 209, 387, 1, -1, -0.7853981633974483, 1.4142135623730951
2053, 11, 443, 307, 443, 309, 0, -2, -1.5707963267948966, 2.0
2053, 12, 434, 300, 435, 302, -1, -2, -2.0344439357957027, 2.23606797749979
2053, 14, 622, 253, 623, 252, -1, 1, 2.356194490192345, 1.4142135623730951
2053, 15, 575, 281, 576, 280, -1, 1, 2.356194490192345, 1.4142135623730951
2053, 20, 513, 180, 516, 184, -3, -4, -2.214297435588181, 5.0
2053, 22, 549, 210, 549, 208, 0, 2, 1.5707963267948966, 2.0
2053, 28, 618, 332, 616, 332, 2, 0, 0.0, 2.0
2053, 32, 591, 198, 590, 197, 1, 1, 0.7853981633974483, 1.4142135623730951
2053, 43, 517, 179, 518, 181, -1, -2, -2.0344439357957027, 2.23606797749979
2053, 45, 441, 161, 441, 166, 0, -5, -1.5707963267948966, 5.0
2054, 2, 451, 122, 450, 123, 1, -1, -0.7853981633974483, 1.4142135623730951
2054, 3, 307, 291, 308, 290, -1, 1, 2.356194490192345, 1.4142135623730951
2054, 5, 533, 188, 532, 187, 1, 1, 0.7853981633974483, 1.4142135623730951
2054, 6, 556, 132, 555, 131, 1, 1, 0.7853981633974483, 1.4142135623730951
2054, 8, 314, 387, 313, 388, 1, -1, -0.7853981633974483, 1.4142135623730951
2054, 17, 315, 401, 314, 402, 1, -1, -0.7853981633974483, 1.4142135623730951
2054, 18, 511, 179, 513, 180, -2, -1, -2.677945044588987, 2.23606797749979
2054, 25, 620, 333, 618, 332, 2, 1, 0.4636476090008061, 2.23606797749979
2054, 38, 515, 178, 517, 179, -2, -1, -2.677945044588987, 2.23606797749979
2054, 45, 271, 356, 270, 353, 1, 3, 1.2490457723982544, 3.1622776601683795
2055, 2, 533, 187, 533, 185, 0, 2, 1.5707963267948966, 2.0
2055, 9, 410, 169, 410, 171, 0, -2, -1.5707963267948966, 2.0
2055, 12, 545, 131, 544, 130, 1, 1, 0.7853981633974483, 1.4142135623730951
2055, 15, 437, 305, 437, 307, 0, -2, -1.5707963267948966, 2.0
2055, 17, 457, 233, 457, 235, 0, -2, -1.5707963267948966, 2.0
2055, 22, 563, 223, 562, 222, 1, 1, 0.7853981633974483, 1.4142135623730951
2055, 30, 444, 307, 444, 309, 0, -2, -1.5707963267948966, 2.0
2055, 48, 389, 376, 388, 377, 1, -1, -0.7853981633974483, 1.4142135623730951
2055, 56, 551, 210, 551, 208, 0, 2, 1.5707963267948966, 2.0
2056, 2, 534, 188, 533, 187, 1, 1, 0.7853981633974483, 1.4142135623730951
2056, 6, 557, 133, 556, 132, 1, 1, 0.7853981633974483, 1.4142135623730951
2056, 10, 546, 132, 545, 131, 1, 1, 0.7853981633974483, 1.4142135623730951
2056, 15, 456, 231, 457, 233, -1, -2, -2.0344439357957027, 2.23606797749979
2056, 20, 564, 224, 563, 223, 1, 1, 0.7853981633974483, 1.4142135623730951
2056, 24, 619, 339, 618, 338, 1, 1, 0.7853981633974483, 1.4142135623730951
2056, 32, 527, 190, 526, 189, 1, 1, 0.7853981633974483, 1.4142135623730951
2056, 45, 390, 375, 389, 376, 1, -1, -0.7853981633974483, 1.4142135623730951
2057, 7, 574, 229, 573, 228, 1, 1, 0.7853981633974483, 1.4142135623730951
2057, 10, 547, 133, 546, 132, 1, 1, 0.7853981633974483, 1.4142135623730951
2057, 42, 391, 373, 390, 375, 1, -2, -1.1071487177940904, 2.23606797749979
2058, 2, 535, 190, 534, 189, 1, 1, 0.7853981633974483, 1.4142135623730951
2058, 10, 548, 134, 547, 133, 1, 1, 0.7853981633974483, 1.4142135623730951
2058, 12, 385, 163, 385, 165, 0, -2, -1.5707963267948966, 2.0
2058, 16, 172, 265, 173, 264, -1, 1, 2.356194490192345, 1.4142135623730951
2058, 19, 566, 225, 565, 224, 1, 1, 0.7853981633974483, 1.4142135623730951
2058, 25, 445, 303, 444, 305, 1, -2, -1.1071487177940904, 2.23606797749979
2058, 27, 613, 361, 612, 360, 1, 1, 0.7853981633974483, 1.4142135623730951
2058, 33, 329, 326, 328, 327, 1, -1, -0.7853981633974483, 1.4142135623730951
2058, 40, 392, 372, 391, 373, 1, -1, -0.7853981633974483, 1.4142135623730951
2059, 4, 453, 121, 452, 122, 1, -1, -0.7853981633974483, 1.4142135623730951
2059, 6, 559, 135, 558, 134, 1, 1, 0.7853981633974483, 1.4142135623730951
2059, 10, 549, 135, 548, 134, 1, 1, 0.7853981633974483, 1.4142135623730951
2059, 11, 622, 257, 623, 256, -1, 1, 2.356194490192345, 1.4142135623730951
2059, 18, 567, 226, 566, 225, 1, 1, 0.7853981633974483, 1.4142135623730951
2059, 33, 303, 342, 302, 344, 1, -2, -1.1071487177940904, 2.23606797749979
2059, 38, 393, 371, 392, 372, 1, -1, -0.7853981633974483, 1.4142135623730951
2060, 3, 536, 191, 535, 190, 1, 1, 0.7853981633974483, 1.4142135623730951
2060, 4, 454, 122, 453, 123, 1, -1, -0.7853981633974483, 1.4142135623730951
2060, 8, 561, 135, 560, 134, 1, 1, 0.7853981633974483, 1.4142135623730951
2060, 15, 218, 300, 219, 299, -1, 1, 2.356194490192345, 1.4142135623730951
2060, 17, 623, 257, 625, 257, -2, 0, 3.141592653589793, 2.0
2060, 21, 323, 334, 324, 333, -1, 1, 2.356194490192345, 1.4142135623730951
2060, 45, 392, 374, 391, 375, 1, -1, -0.7853981633974483, 1.4142135623730951
2060, 49, 545, 174, 543, 173, 2, 1, 0.4636476090008061, 2.23606797749979
2060, 67, 620, 338, 621, 337, -1, 1, 2.356194490192345, 1.4142135623730951
2060, 70, 190, 347, 192, 346, -2, 1, 2.677945044588987, 2.23606797749979
2061, 3, 537, 192, 536, 191, 1, 1, 0.7853981633974483, 1.4142135623730951
2061, 4, 455, 121, 454, 122, 1, -1, -0.7853981633974483, 1.4142135623730951
2061, 8, 562, 136, 561, 135, 1, 1, 0.7853981633974483, 1.4142135623730951
2061, 12, 318, 400, 317, 401, 1, -1, -0.7853981633974483, 1.4142135623730951
2061, 13, 217, 301, 218, 300, -1, 1, 2.356194490192345, 1.4142135623730951
2061, 19, 325, 334, 323, 334, 2, 0, 0.0, 2.0
2061, 23, 356, 337, 357, 340, -1, -3, -1.892546881191539, 3.1622776601683795
2061, 30, 467, 229, 467, 231, 0, -2, -1.5707963267948966, 2.0
2061, 33, 286, 355, 285, 356, 1, -1, -0.7853981633974483, 1.4142135623730951
2061, 35, 611, 344, 613, 344, -2, 0, 3.141592653589793, 2.0
2061, 39, 595, 205, 594, 203, 1, 2, 1.1071487177940904, 2.23606797749979
2061, 41, 393, 373, 392, 374, 1, -1, -0.7853981633974483, 1.4142135623730951
2061, 45, 546, 175, 545, 174, 1, 1, 0.7853981633974483, 1.4142135623730951
2061, 46, 554, 214, 553, 212, 1, 2, 1.1071487177940904, 2.23606797749979
2062, 3, 539, 193, 537, 192, 2, 1, 0.4636476090008061, 2.23606797749979
2062, 4, 457, 119, 455, 121, 2, -2, -0.7853981633974483, 2.8284271247461903
2062, 5, 208, 385, 209, 387, -1, -2, -2.0344439357957027, 2.23606797749979
2062, 7, 563, 137, 562, 136, 1, 1, 0.7853981633974483, 1.4142135623730951
2062, 13, 622, 259, 623, 258, -1, 1, 2.356194490192345, 1.4142135623730951
2062, 14, 385, 162, 385, 164, 0, -2, -1.5707963267948966, 2.0
2062, 18, 204, 266, 205, 265, -1, 1, 2.356194490192345, 1.4142135623730951
2062, 37, 395, 372, 393, 373, 2, -1, -0.4636476090008061, 2.23606797749979
2062, 39, 547, 176, 546, 175, 1, 1, 0.7853981633974483, 1.4142135623730951
2062, 40, 554, 216, 554, 214, 0, 2, 1.5707963267948966, 2.0
2062, 60, 595, 261, 596, 260, -1, 1, 2.356194490192345, 1.4142135623730951
2063, 4, 458, 118, 457, 119, 1, -1, -0.7853981633974483, 1.4142135623730951
2063, 7, 564, 138, 563, 137, 1, 1, 0.7853981633974483, 1.4142135623730951
2063, 10, 319, 399, 318, 400, 1, -1, -0.7853981633974483, 1.4142135623730951
2063, 30, 306, 344, 305, 345, 1, -1, -0.7853981633974483, 1.4142135623730951
2063, 31, 596, 207, 595, 206, 1, 1, 0.7853981633974483, 1.4142135623730951
2063, 33, 396, 371, 395, 372, 1, -1, -0.7853981633974483, 1.4142135623730951
2063, 34, 516, 156, 517, 155, -1, 1, 2.356194490192345, 1.4142135623730951
2063, 35, 548, 177, 547, 176, 1, 1, 0.7853981633974483, 1.4142135623730951
2064, 2, 540, 196, 539, 194, 1, 2, 1.1071487177940904, 2.23606797749979
2064, 3, 459, 117, 458, 118, 1, -1, -0.7853981633974483, 1.4142135623730951
2064, 5, 565, 139, 564, 138, 1, 1, 0.7853981633974483, 1.4142135623730951
2064, 7, 579, 231, 578, 230, 1, 1, 0.7853981633974483, 1.4142135623730951
2064, 13, 327, 333, 326, 334, 1, -1, -0.7853981633974483, 1.4142135623730951
2064, 25, 612, 346, 611, 345, 1, 1, 0.7853981633974483, 1.4142135623730951
2064, 30, 397, 369, 396, 371, 1, -2, -1.1071487177940904, 2.23606797749979
2064, 31, 515, 157, 516, 156, -1, 1, 2.356194490192345, 1.4142135623730951
2064, 32, 549, 178, 548, 177, 1, 1, 0.7853981633974483, 1.4142135623730951
2064, 33, 555, 218, 554, 217, 1, 1, 0.7853981633974483, 1.4142135623730951
2064, 51, 594, 262, 595, 261, -1, 1, 2.356194490192345, 1.4142135623730951
2065, 6, 458, 121, 457, 122, 1, -1, -0.7853981633974483, 1.4142135623730951
2065, 8, 565, 139, 564, 138, 1, 1, 0.7853981633974483, 1.4142135623730951
2065, 9, 197, 289, 196, 288, 1, 1, 0.7853981633974483, 1.4142135623730951
2065, 10, 309, 343, 308, 345, 1, -2, -1.1071487177940904, 2.23606797749979
2065, 22, 618, 348, 615, 347, 3, 1, 0.3217505543966422, 3.1622776601683795
2065, 24, 173, 267, 174, 266, -1, 1, 2.356194490192345, 1.4142135623730951
2065, 31, 318, 399, 318, 401, 0, -2, -1.5707963267948966, 2.0
2065, 33, 496, 124, 493, 124, 3, 0, 0.0, 3.0
2065, 34, 519, 160, 518, 159, 1, 1, 0.7853981633974483, 1.4142135623730951
2065, 36, 598, 209, 597, 208, 1, 1, 0.7853981633974483, 1.4142135623730951
2065, 38, 280, 368, 279, 369, 1, -1, -0.7853981633974483, 1.4142135623730951
2065, 40, 398, 372, 397, 373, 1, -1, -0.7853981633974483, 1.4142135623730951
2065, 41, 291, 390, 289, 391, 2, -1, -0.4636476090008061, 2.23606797749979
2066, 6, 540, 196, 539, 195, 1, 1, 0.7853981633974483, 1.4142135623730951
2066, 7, 566, 140, 565, 139, 1, 1, 0.7853981633974483, 1.4142135623730951
2066, 22, 456, 160, 456, 162, 0, -2, -1.5707963267948966, 2.0
2066, 31, 498, 125, 496, 124, 2, 1, 0.4636476090008061, 2.23606797749979
2066, 32, 520, 161, 519, 160, 1, 1, 0.7853981633974483, 1.4142135623730951
2066, 36, 281, 367, 280, 368, 1, -1, -0.7853981633974483, 1.4142135623730951
2066, 38, 400, 370, 398, 372, 2, -2, -0.7853981633974483, 2.8284271247461903
2066, 39, 292, 389, 291, 390, 1, -1, -0.7853981633974483, 1.4142135623730951
2066, 53, 312, 393, 311, 394, 1, -1, -0.7853981633974483, 1.4142135623730951
2067, 0, 384, 250, 383, 251, 1, -1, -0.7853981633974483, 1.4142135623730951
2067, 5, 459, 119, 458, 120, 1, -1, -0.7853981633974483, 1.4142135623730951
2067, 7, 567, 141, 566, 140, 1, 1, 0.7853981633974483, 1.4142135623730951
2067, 9, 310, 341, 309, 342, 1, -1, -0.7853981633974483, 1.4142135623730951
2067, 18, 581, 233, 580, 232, 1, 1, 0.7853981633974483, 1.4142135623730951
2067, 20, 621, 349, 619, 348, 2, 1, 0.4636476090008061, 2.23606797749979
2067, 27, 319, 397, 318, 398, 1, -1, -0.7853981633974483, 1.4142135623730951
2067, 28, 499, 126, 498, 125, 1, 1, 0.7853981633974483, 1.4142135623730951
2067, 32, 635, 352, 633, 352, 2, 0, 0.0, 2.0
2067, 35, 401, 369, 400, 370, 1, -1, -0.7853981633974483, 1.4142135623730951
2067, 44, 242, 405, 239, 407, 3, -2, -0.5880026035475675, 3.605551275463989
2067, 46, 234, 363, 235, 365, -1, -2, -2.0344439357957027, 2.23606797749979
2068, 5, 541, 199, 540, 197, 1, 2, 1.1071487177940904, 2.23606797749979
2068, 6, 568, 142, 567, 141, 1, 1, 0.7853981633974483, 1.4142135623730951
2068, 20, 386, 158, 386, 160, 0, -2, -1.5707963267948966, 2.0
2068, 25, 500, 127, 499, 126, 1, 1, 0.7853981633974483, 1.4142135623730951
2068, 26, 520, 164, 520, 162, 0, 2, 1.5707963267948966, 2.0
2068, 28, 599, 213, 598, 211, 1, 2, 1.1071487177940904, 2.23606797749979
2068, 32, 403, 367, 401, 369, 2, -2, -0.7853981633974483, 2.8284271247461903
2068, 33, 295, 389, 293, 389, 2, 0, 0.0, 2.0
2068, 41, 239, 361, 234, 363, 5, -2, -0.3805063771123649, 5.385164807134504
2068, 43, 313, 390, 312, 392, 1, -2, -1.1071487177940904, 2.23606797749979
2069, 4, 460, 118, 459, 119, 1, -1, -0.7853981633974483, 1.4142135623730951
2069, 6, 570, 143, 568, 142, 2, 1, 0.4636476090008061, 2.23606797749979
2069, 7, 193, 288, 196, 291, -3, -3, -2.356194490192345, 4.242640687119285
2069, 8, 311, 339, 310, 340, 1, -1, -0.7853981633974483, 1.4142135623730951
2069, 9, 626, 340, 625, 341, 1, -1, -0.7853981633974483, 1.4142135623730951
2069, 21, 320, 395, 319, 396, 1, -1, -0.7853981633974483, 1.4142135623730951
2069, 22, 501, 128, 500, 127, 1, 1, 0.7853981633974483, 1.4142135623730951
2069, 23, 521, 165, 520, 164, 1, 1, 0.7853981633974483, 1.4142135623730951
2069, 27, 282, 366, 281, 367, 1, -1, -0.7853981633974483, 1.4142135623730951
2069, 28, 404, 365, 403, 367, 1, -2, -1.1071487177940904, 2.23606797749979
2069, 37, 240, 360, 239, 361, 1, -1, -0.7853981633974483, 1.4142135623730951
2069, 39, 315, 388, 313, 390, 2, -2, -0.7853981633974483, 2.8284271247461903
2070, 5, 461, 120, 460, 121, 1, -1, -0.7853981633974483, 1.4142135623730951
2070, 15, 322, 399, 321, 400, 1, -1, -0.7853981633974483, 1.4142135623730951
2070, 18, 387, 158, 387, 160, 0, -2, -1.5707963267948966, 2.0
2070, 26, 461, 232, 462, 234, -1, -2, -2.0344439357957027, 2.23606797749979
2070, 32, 430, 172, 430, 174, 0, -2, -1.5707963267948966, 2.0
2070, 39, 530, 208, 528, 207, 2, 1, 0.4636476090008061, 2.23606797749979
2070, 40, 317, 393, 316, 394, 1, -1, -0.7853981633974483, 1.4142135623730951
2070, 50, 401, 368, 401, 370, 0, -2, -1.5707963267948966, 2.0
2070, 55, 587, 256, 586, 254, 1, 2, 1.1071487177940904, 2.23606797749979
2071, 6, 542, 201, 541, 200, 1, 1, 0.7853981633974483, 1.4142135623730951
2071, 7, 569, 144, 568, 143, 1, 1, 0.7853981633974483, 1.4142135623730951
2071, 14, 321, 397, 322, 399, -1, -2, -2.0344439357957027, 2.23606797749979
2071, 17, 469, 229, 472, 229, -3, 0, 3.141592653589793, 3.0
2071, 18, 359, 335, 360, 337, -1, -2, -2.0344439357957027, 2.23606797749979
2071, 20, 174, 268, 175, 267, -1, 1, 2.356194490192345, 1.4142135623730951
2071, 23, 444, 300, 446, 301, -2, -1, -2.677945044588987, 2.23606797749979
2071, 24, 458, 230, 461, 232, -3, -2, -2.5535900500422257, 3.605551275463989
2071, 27, 584, 235, 583, 234, 1, 1, 0.7853981633974483, 1.4142135623730951
2071, 30, 312, 342, 311, 343, 1, -1, -0.7853981633974483, 1.4142135623730951
2071, 34, 531, 210, 530, 208, 1, 2, 1.1071487177940904, 2.23606797749979
2071, 35, 317, 391, 317, 393, 0, -2, -1.5707963267948966, 2.0
2071, 40, 306, 371, 305, 372, 1, -1, -0.7853981633974483, 1.4142135623730951
2071, 41, 600, 214, 599, 213, 1, 1, 0.7853981633974483, 1.4142135623730951
2071, 44, 402, 367, 401, 368, 1, -1, -0.7853981633974483, 1.4142135623730951
2071, 47, 586, 258, 587, 256, -1, 2, 2.0344439357957027, 2.23606797749979
2071, 48, 352, 332, 353, 335, -1, -3, -1.892546881191539, 3.1622776601683795
2071, 51, 456, 163, 458, 165, -2, -2, -2.356194490192345, 2.8284271247461903
2072, 7, 570, 145, 569, 144, 1, 1, 0.7853981633974483, 1.4142135623730951
2072, 26, 430, 169, 430, 171, 0, -2, -1.5707963267948966, 2.0
2072, 27, 531, 202, 530, 201, 1, 1, 0.7853981633974483, 1.4142135623730951
2072, 32, 532, 211, 531, 210, 1, 1, 0.7853981633974483, 1.4142135623730951
2072, 36, 321, 354, 320, 355, 1, -1, -0.7853981633974483, 1.4142135623730951
2072, 42, 403, 365, 402, 367, 1, -2, -1.1071487177940904, 2.23606797749979
2073, 6, 543, 203, 542, 202, 1, 1, 0.7853981633974483, 1.4142135623730951
2073, 7, 571, 146, 570, 145, 1, 1, 0.7853981633974483, 1.4142135623730951
2073, 29, 533, 212, 532, 211, 1, 1, 0.7853981633974483, 1.4142135623730951
2073, 39, 404, 363, 403, 365, 1, -2, -1.1071487177940904, 2.23606797749979
2073, 42, 585, 261, 586, 259, -1, 2, 2.0344439357957027, 2.23606797749979
2074, 7, 572, 147, 571, 146, 1, 1, 0.7853981633974483, 1.4142135623730951
2074, 9, 455, 123, 454, 124, 1, -1, -0.7853981633974483, 1.4142135623730951
2074, 13, 322, 394, 321, 395, 1, -1, -0.7853981633974483, 1.4142135623730951
2074, 24, 532, 203, 531, 202, 1, 1, 0.7853981633974483, 1.4142135623730951
2074, 35, 601, 216, 600, 215, 1, 1, 0.7853981633974483, 1.4142135623730951
2075, 2, 464, 120, 463, 121, 1, -1, -0.7853981633974483, 1.4142135623730951
2075, 10, 573, 146, 572, 145, 1, 1, 0.7853981633974483, 1.4142135623730951
2075, 18, 439, 122, 438, 123, 1, -1, -0.7853981633974483, 1.4142135623730951
2075, 22, 458, 124, 456, 125, 2, -1, -0.4636476090008061, 2.23606797749979
2075, 31, 602, 216, 601, 215, 1, 1, 0.7853981633974483, 1.4142135623730951
2075, 35, 557, 186, 556, 185, 1, 1, 0.7853981633974483, 1.4142135623730951
2075, 36, 371, 272, 371, 274, 0, -2, -1.5707963267948966, 2.0
2075, 37, 531, 200, 530, 199, 1, 1, 0.7853981633974483, 1.4142135623730951
2075, 42, 465, 143, 464, 144, 1, -1, -0.7853981633974483, 1.4142135623730951
2075, 43, 327, 388, 327, 390, 0, -2, -1.5707963267948966, 2.0
2075, 51, 452, 218, 453, 220, -1, -2, -2.0344439357957027, 2.23606797749979
2075, 52, 526, 195, 523, 195, 3, 0, 0.0, 3.0
2075, 55, 443, 166, 444, 168, -1, -2, -2.0344439357957027, 2.23606797749979
2075, 60, 212, 266, 213, 265, -1, 1, 2.356194490192345, 1.4142135623730951
2076, 9, 574, 147, 573, 146, 1, 1, 0.7853981633974483, 1.4142135623730951
2076, 10, 325, 397, 324, 398, 1, -1, -0.7853981633974483, 1.4142135623730951
2076, 15, 440, 121, 439, 122, 1, -1, -0.7853981633974483, 1.4142135623730951
2076, 28, 603, 217, 602, 216, 1, 1, 0.7853981633974483, 1.4142135623730951
2076, 33, 558, 229, 557, 227, 1, 2, 1.1071487177940904, 2.23606797749979
2076, 38, 328, 387, 327, 388, 1, -1, -0.7853981633974483, 1.4142135623730951
2076, 46, 527, 196, 526, 195, 1, 1, 0.7853981633974483, 1.4142135623730951
2076, 50, 368, 377, 367, 378, 1, -1, -0.7853981633974483, 1.4142135623730951
2077, 2, 465, 119, 464, 120, 1, -1, -0.7853981633974483, 1.4142135623730951
2077, 3, 544, 207, 543, 205, 1, 2, 1.1071487177940904, 2.23606797749979
2077, 9, 575, 148, 574, 147, 1, 1, 0.7853981633974483, 1.4142135623730951
2077, 10, 326, 396, 325, 397, 1, -1, -0.7853981633974483, 1.4142135623730951
2077, 19, 460, 123, 459, 124, 1, -1, -0.7853981633974483, 1.4142135623730951
2077, 24, 587, 239, 586, 238, 1, 1, 0.7853981633974483, 1.4142135623730951
2077, 27, 604, 218, 603, 217, 1, 1, 0.7853981633974483, 1.4142135623730951
2077, 29, 622, 345, 620, 345, 2, 0, 0.0, 2.0
2077, 30, 558, 188, 557, 187, 1, 1, 0.7853981633974483, 1.4142135623730951
2077, 36, 466, 141, 465, 142, 1, -1, -0.7853981633974483, 1.4142135623730951
2077, 43, 596, 269, 597, 268, -1, 1, 2.356194490192345, 1.4142135623730951
2077, 45, 529, 198, 527, 196, 2, 2, 0.7853981633974483, 2.8284271247461903
2078, 6, 576, 149, 575, 148, 1, 1, 0.7853981633974483, 1.4142135623730951
2078, 16, 461, 122, 460, 123, 1, -1, -0.7853981633974483, 1.4142135623730951
2078, 23, 605, 219, 604, 218, 1, 1, 0.7853981633974483, 1.4142135623730951
2078, 25, 624, 344, 622, 345, 2, -1, -0.4636476090008061, 2.23606797749979
2078, 26, 559, 190, 558, 188, 1, 2, 1.1071487177940904, 2.23606797749979
2078, 27, 532, 203, 531, 201, 1, 2, 1.1071487177940904, 2.23606797749979
2078, 28, 559, 231, 558, 230, 1, 1, 0.7853981633974483, 1.4142135623730951
2078, 41, 530, 200, 529, 198, 1, 2, 1.1071487177940904, 2.23606797749979
2078, 42, 579, 301, 578, 300, 1, 1, 0.7853981633974483, 1.4142135623730951
2078, 43, 369, 375, 368, 376, 1, -1, -0.7853981633974483, 1.4142135623730951
2078, 48, 571, 284, 572, 283, -1, 1, 2.356194490192345, 1.4142135623730951
2079, 2, 545, 209, 544, 208, 1, 1, 0.7853981633974483, 1.4142135623730951
2079, 12, 441, 118, 441, 120, 0, -2, -1.5707963267948966, 2.0
2079, 15, 527, 207, 529, 208, -2, -1, -2.677945044588987, 2.23606797749979
2079, 22, 295, 398, 294, 399, 1, -1, -0.7853981633974483, 1.4142135623730951
2079, 23, 606, 220, 605, 219, 1, 1, 0.7853981633974483, 1.4142135623730951
2079, 24, 373, 316, 373, 318, 0, -2, -1.5707963267948966, 2.0
2079, 25, 627, 343, 624, 344, 3, -1, -0.3217505543966422, 3.1622776601683795
2079, 27, 532, 205, 532, 203, 0, 2, 1.5707963267948966, 2.0
2079, 39, 595, 270, 596, 269, -1, 1, 2.356194490192345, 1.4142135623730951
2079, 41, 531, 203, 530, 200, 1, 3, 1.2490457723982544, 3.1622776601683795
2079, 42, 369, 373, 369, 375, 0, -2, -1.5707963267948966, 2.0
2080, 5, 467, 119, 466, 120, 1, -1, -0.7853981633974483, 1.4142135623730951
2080, 8, 576, 151, 575, 150, 1, 1, 0.7853981633974483, 1.4142135623730951
2080, 17, 361, 335, 360, 336, 1, -1, -0.7853981633974483, 1.4142135623730951
2080, 19, 628, 343, 624, 344, 4, -1, -0.24497866312686414, 4.123105625617661
2080, 20, 318, 341, 316, 342, 2, -1, -0.4636476090008061, 2.23606797749979
2080, 21, 413, 161, 413, 163, 0, -2, -1.5707963267948966, 2.0
2080, 22, 533, 205, 532, 202, 1, 3, 1.2490457723982544, 3.1622776601683795
2080, 30, 389, 155, 389, 157, 0, -2, -1.5707963267948966, 2.0
2080, 45, 409, 362, 408, 364, 1, -2, -1.1071487177940904, 2.23606797749979
2080, 50, 443, 160, 444, 162, -1, -2, -2.0344439357957027, 2.23606797749979
2081, 5, 468, 118, 467, 119, 1, -1, -0.7853981633974483, 1.4142135623730951
2081, 7, 577, 152, 576, 151, 1, 1, 0.7853981633974483, 1.4142135623730951
2081, 18, 630, 343, 628, 343, 2, 0, 0.0, 2.0
2081, 19, 319, 340, 318, 341, 1, -1, -0.7853981633974483, 1.4142135623730951
2081, 30, 590, 242, 589, 241, 1, 1, 0.7853981633974483, 1.4142135623730951
2081, 32, 561, 232, 560, 231, 1, 1, 0.7853981633974483, 1.4142135623730951
2081, 37, 559, 155, 557, 153, 2, 2, 0.7853981633974483, 2.8284271247461903
2081, 38, 368, 289, 369, 291, -1, -2, -2.0344439357957027, 2.23606797749979
2081, 40, 409, 360, 409, 362, 0, -2, -1.5707963267948966, 2.0
2081, 45, 443, 158, 443, 160, 0, -2, -1.5707963267948966, 2.0
2081, 48, 469, 141, 468, 142, 1, -1, -0.7853981633974483, 1.4142135623730951
2082, 2, 386, 245, 387, 247, -1, -2, -2.0344439357957027, 2.23606797749979
2082, 18, 632, 343, 630, 343, 2, 0, 0.0, 2.0
2082, 19, 321, 338, 319, 340, 2, -2, -0.7853981633974483, 2.8284271247461903
2082, 25, 233, 304, 233, 306, 0, -2, -1.5707963267948966, 2.0
2082, 37, 560, 156, 559, 155, 1, 1, 0.7853981633974483, 1.4142135623730951
2082, 40, 410, 359, 409, 360, 1, -1, -0.7853981633974483, 1.4142135623730951
2082, 44, 512, 174, 512, 172, 0, 2, 1.5707963267948966, 2.0
2082, 45, 443, 155, 443, 158, 0, -3, -1.5707963267948966, 3.0
2083, 3, 546, 211, 545, 210, 1, 1, 0.7853981633974483, 1.4142135623730951
2083, 7, 578, 154, 577, 153, 1, 1, 0.7853981633974483, 1.4142135623730951
2083, 12, 456, 122, 456, 124, 0, -2, -1.5707963267948966, 2.0
2083, 19, 323, 337, 321, 338, 2, -1, -0.4636476090008061, 2.23606797749979
2083, 23, 329, 397, 328, 398, 1, -1, -0.7853981633974483, 1.4142135623730951
2083, 29, 591, 243, 590, 242, 1, 1, 0.7853981633974483, 1.4142135623730951
2083, 30, 201, 263, 202, 262, -1, 1, 2.356194490192345, 1.4142135623730951
2083, 31, 560, 234, 561, 233, -1, 1, 2.356194490192345, 1.4142135623730951
2083, 36, 561, 158, 560, 156, 1, 2, 1.1071487177940904, 2.23606797749979
2083, 39, 410, 357, 410, 359, 0, -2, -1.5707963267948966, 2.0
2083, 42, 512, 176, 512, 174, 0, 2, 1.5707963267948966, 2.0
2084, 7, 579, 155, 578, 154, 1, 1, 0.7853981633974483, 1.4142135623730951
2084, 12, 457, 121, 456, 122, 1, -1, -0.7853981633974483, 1.4142135623730951
2084, 19, 325, 335, 323, 337, 2, -2, -0.7853981633974483, 2.8284271247461903
2084, 20, 413, 156, 413, 158, 0, -2, -1.5707963267948966, 2.0
2084, 22, 330, 396, 329, 397, 1, -1, -0.7853981633974483, 1.4142135623730951
2084, 35, 562, 159, 561, 158, 1, 1, 0.7853981633974483, 1.4142135623730951
2084, 36, 411, 355, 410, 357, 1, -2, -1.1071487177940904, 2.23606797749979
2084, 39, 512, 178, 512, 176, 0, 2, 1.5707963267948966, 2.0
2085, 8, 414, 159, 414, 161, 0, -2, -1.5707963267948966, 2.0
2085, 17, 579, 238, 578, 239, 1, -1, -0.7853981633974483, 1.4142135623730951
2085, 21, 235, 306, 234, 305, 1, 1, 0.7853981633974483, 1.4142135623730951
2085, 32, 579, 248, 577, 247, 2, 1, 0.4636476090008061, 2.23606797749979
2085, 33, 330, 396, 329, 397, 1, -1, -0.7853981633974483, 1.4142135623730951
2085, 45, 567, 164, 565, 162, 2, 2, 0.7853981633974483, 2.8284271247461903
2085, 49, 578, 263, 577, 262, 1, 1, 0.7853981633974483, 1.4142135623730951
2086, 6, 578, 157, 578, 155, 0, 2, 1.5707963267948966, 2.0
2086, 20, 620, 368, 619, 369, 1, -1, -0.7853981633974483, 1.4142135623730951
2086, 29, 580, 249, 579, 248, 1, 1, 0.7853981633974483, 1.4142135623730951
2087, 16, 619, 366, 620, 368, -1, -2, -2.0344439357957027, 2.23606797749979
2087, 22, 370, 285, 370, 287, 0, -2, -1.5707963267948966, 2.0
2087, 27, 196, 245, 197, 244, -1, 1, 2.356194490192345, 1.4142135623730951
2087, 35, 568, 166, 567, 165, 1, 1, 0.7853981633974483, 1.4142135623730951
2087, 39, 579, 265, 578, 264, 1, 1, 0.7853981633974483, 1.4142135623730951
2087, 44, 505, 156, 503, 155, 2, 1, 0.4636476090008061, 2.23606797749979
2087, 45, 423, 261, 424, 259, -1, 2, 2.0344439357957027, 2.23606797749979
2088, 0, 548, 215, 547, 214, 1, 1, 0.7853981633974483, 1.4142135623730951
2088, 4, 471, 118, 470, 119, 1, -1, -0.7853981633974483, 1.4142135623730951
2088, 5, 579, 159, 578, 158, 1, 1, 0.7853981633974483, 1.4142135623730951
2088, 9, 436, 291, 436, 293, 0, -2, -1.5707963267948966, 2.0
2088, 43, 507, 156, 505, 156, 2, 0, 0.0, 2.0
2088, 44, 421, 261, 423, 261, -2, 0, 3.141592653589793, 2.0
2089, 0, 549, 216, 548, 215, 1, 1, 0.7853981633974483, 1.4142135623730951
2089, 13, 327, 382, 326, 383, 1, -1, -0.7853981633974483, 1.4142135623730951
2090, 4, 473, 119, 472, 120, 1, -1, -0.7853981633974483, 1.4142135623730951
2090, 7, 582, 160, 581, 159, 1, 1, 0.7853981633974483, 1.4142135623730951
2090, 16, 627, 358, 626, 357, 1, 1, 0.7853981633974483, 1.4142135623730951
2090, 20, 333, 396, 332, 397, 1, -1, -0.7853981633974483, 1.4142135623730951
2090, 22, 582, 242, 581, 241, 1, 1, 0.7853981633974483, 1.4142135623730951
2090, 23, 498, 154, 497, 155, 1, -1, -0.7853981633974483, 1.4142135623730951
2090, 37, 571, 158, 570, 157, 1, 1, 0.7853981633974483, 1.4142135623730951
2090, 59, 561, 198, 560, 197, 1, 1, 0.7853981633974483, 1.4142135623730951
2090, 60, 477, 140, 476, 141, 1, -1, -0.7853981633974483, 1.4142135623730951
2090, 62, 230, 375, 229, 376, 1, -1, -0.7853981633974483, 1.4142135623730951
2090, 63, 583, 278, 583, 276, 0, 2, 1.5707963267948966, 2.0
2091, 4, 474, 118, 473, 119, 1, -1, -0.7853981633974483, 1.4142135623730951
2091, 5, 550, 217, 549, 216, 1, 1, 0.7853981633974483, 1.4142135623730951
2091, 7, 583, 162, 582, 160, 1, 2, 1.1071487177940904, 2.23606797749979
2091, 15, 569, 170, 568, 168, 1, 2, 1.1071487177940904, 2.23606797749979
2091, 16, 629, 357, 627, 358, 2, -1, -0.4636476090008061, 2.23606797749979
2091, 22, 583, 243, 582, 242, 1, 1, 0.7853981633974483, 1.4142135623730951
2091, 23, 497, 152, 498, 154, -1, -2, -2.0344439357957027, 2.23606797749979
2091, 39, 518, 142, 517, 143, 1, -1, -0.7853981633974483, 1.4142135623730951
2091, 47, 384, 155, 384, 157, 0, -2, -1.5707963267948966, 2.0
2091, 51, 562, 199, 561, 198, 1, 1, 0.7853981633974483, 1.4142135623730951
2091, 52, 478, 139, 477, 140, 1, -1, -0.7853981633974483, 1.4142135623730951
2091, 53, 278, 334, 281, 334, -3, 0, 3.141592653589793, 3.0
2091, 54, 229, 376, 230, 375, -1, 1, 2.356194490192345, 1.4142135623730951
2091, 55, 583, 280, 583, 278, 0, 2, 1.5707963267948966, 2.0
2091, 56, 332, 383, 331, 384, 1, -1, -0.7853981633974483, 1.4142135623730951
2092, 3, 476, 117, 474, 118, 2, -1, -0.4636476090008061, 2.23606797749979
2092, 5, 598, 277, 599, 276, -1, 1, 2.356194490192345, 1.4142135623730951
2092, 12, 445, 299, 446, 301, -1, -2, -2.0344439357957027, 2.23606797749979
2092, 33, 572, 160, 571, 159, 1, 1, 0.7853981633974483, 1.4142135623730951
2092, 45, 385, 153, 384, 155, 1, -2, -1.1071487177940904, 2.23606797749979
2092, 48, 563, 239, 562, 238, 1, 1, 0.7853981633974483, 1.4142135623730951
2092, 49, 562, 201, 562, 199, 0, 2, 1.5707963267948966, 2.0
2092, 50, 479, 138, 478, 139, 1, -1, -0.7853981633974483, 1.4142135623730951
2093, 3, 478, 116, 476, 117, 2, -1, -0.4636476090008061, 2.23606797749979
2093, 4, 551, 219, 550, 218, 1, 1, 0.7853981633974483, 1.4142135623730951
2093, 6, 584, 164, 583, 163, 1, 1, 0.7853981633974483, 1.4142135623730951
2093, 8, 634, 350, 633, 351, 1, -1, -0.7853981633974483, 1.4142135623730951
2093, 13, 631, 356, 630, 357, 1, -1, -0.7853981633974483, 1.4142135623730951
2093, 19, 584, 245, 583, 244, 1, 1, 0.7853981633974483, 1.4142135623730951
2093, 31, 574, 163, 572, 160, 2, 3, 0.982793723247329, 3.605551275463989
2093, 42, 385, 151, 385, 153, 0, -2, -1.5707963267948966, 2.0
2093, 46, 563, 203, 562, 201, 1, 2, 1.1071487177940904, 2.23606797749979
2093, 51, 333, 382, 332, 383, 1, -1, -0.7853981633974483, 1.4142135623730951
2093, 53, 224, 305, 225, 304, -1, 1, 2.356194490192345, 1.4142135623730951
2094, 6, 585, 165, 584, 164, 1, 1, 0.7853981633974483, 1.4142135623730951
2094, 7, 635, 349, 634, 350, 1, -1, -0.7853981633974483, 1.4142135623730951
2094, 15, 334, 391, 333, 393, 1, -2, -1.1071487177940904, 2.23606797749979
2094, 18, 497, 148, 497, 150, 0, -2, -1.5707963267948966, 2.0
2094, 19, 299, 348, 298, 349, 1, -1, -0.7853981633974483, 1.4142135623730951
2094, 28, 371, 281, 371, 283, 0, -2, -1.5707963267948966, 2.0
2094, 30, 602, 286, 603, 288, -1, -2, -2.0344439357957027, 2.23606797749979
2094, 31, 521, 144, 520, 142, 1, 2, 1.1071487177940904, 2.23606797749979
2094, 42, 564, 204, 563, 203, 1, 1, 0.7853981633974483, 1.4142135623730951
2094, 43, 481, 137, 480, 138, 1, -1, -0.7853981633974483, 1.4142135623730951
2095, 9, 585, 164, 584, 163, 1, 1, 0.7853981633974483, 1.4142135623730951
2095, 18, 634, 350, 633, 351, 1, -1, -0.7853981633974483, 1.4142135623730951
2095, 43, 419, 352, 418, 354, 1, -2, -1.1071487177940904, 2.23606797749979
2095, 47, 463, 125, 462, 127, 1, -2, -1.1071487177940904, 2.23606797749979
2095, 48, 565, 204, 564, 203, 1, 1, 0.7853981633974483, 1.4142135623730951
2095, 49, 437, 297, 437, 299, 0, -2, -1.5707963267948966, 2.0
2095, 61, 363, 257, 363, 259, 0, -2, -1.5707963267948966, 2.0
2095, 62, 534, 218, 532, 217, 2, 1, 0.4636476090008061, 2.23606797749979
2095, 67, 575, 295, 576, 294, -1, 1, 2.356194490192345, 1.4142135623730951
2095, 74, 329, 388, 328, 390, 1, -2, -1.1071487177940904, 2.23606797749979
2095, 76, 455, 156, 456, 158, -1, -2, -2.0344439357957027, 2.23606797749979
2096, 0, 387, 240, 388, 242, -1, -2, -2.0344439357957027, 2.23606797749979
2096, 3, 478, 118, 477, 119, 1, -1, -0.7853981633974483, 1.4142135623730951
2096, 9, 586, 165, 585, 164, 1, 1, 0.7853981633974483, 1.4142135623730951
2096, 13, 335, 393, 334, 395, 1, -2, -1.1071487177940904, 2.23606797749979
2096, 15, 447, 298, 447, 300, 0, -2, -1.5707963267948966, 2.0
2096, 19, 392, 149, 392, 151, 0, -2, -1.5707963267948966, 2.0
2096, 23, 325, 340, 324, 341, 1, -1, -0.7853981633974483, 1.4142135623730951
2096, 36, 458, 210, 458, 212, 0, -2, -1.5707963267948966, 2.0
2096, 41, 420, 351, 419, 352, 1, -1, -0.7853981633974483, 1.4142135623730951
2096, 44, 463, 123, 463, 125, 0, -2, -1.5707963267948966, 2.0
2096, 45, 566, 205, 565, 204, 1, 1, 0.7853981633974483, 1.4142135623730951
2096, 46, 437, 295, 437, 297, 0, -2, -1.5707963267948966, 2.0
2096, 50, 530, 195, 529, 193, 1, 2, 1.1071487177940904, 2.23606797749979
2096, 56, 363, 255, 363, 257, 0, -2, -1.5707963267948966, 2.0
2096, 61, 574, 296, 575, 295, -1, 1, 2.356194490192345, 1.4142135623730951
2096, 68, 330, 387, 329, 388, 1, -1, -0.7853981633974483, 1.4142135623730951
2097, 7, 553, 221, 552, 220, 1, 1, 0.7853981633974483, 1.4142135623730951
2097, 8, 588, 166, 586, 165, 2, 1, 0.4636476090008061, 2.23606797749979
2097, 10, 364, 331, 364, 333, 0, -2, -1.5707963267948966, 2.0
2097, 20, 326, 339, 325, 340, 1, -1, -0.7853981633974483, 1.4142135623730951
2097, 28, 236, 303, 236, 305, 0, -2, -1.5707963267948966, 2.0
2097, 29, 305, 401, 304, 402, 1, -1, -0.7853981633974483, 1.4142135623730951
2097, 34, 594, 278, 595, 277, -1, 1, 2.356194490192345, 1.4142135623730951
2097, 37, 420, 349, 420, 351, 0, -2, -1.5707963267948966, 2.0
2097, 40, 461, 122, 463, 123, -2, -1, -2.677945044588987, 2.23606797749979
2097, 42, 438, 293, 437, 295, 1, -2, -1.1071487177940904, 2.23606797749979
2097, 46, 529, 196, 530, 195, -1, 1, 2.356194490192345, 1.4142135623730951
2097, 48, 501, 150, 499, 150, 2, 0, 0.0, 2.0
2097, 52, 363, 253, 363, 255, 0, -2, -1.5707963267948966, 2.0
2097, 60, 224, 304, 225, 306, -1, -2, -2.0344439357957027, 2.23606797749979
2097, 62, 331, 385, 330, 387, 1, -2, -1.1071487177940904, 2.23606797749979
2098, 8, 589, 168, 588, 166, 1, 2, 1.1071487177940904, 2.23606797749979
2098, 15, 633, 351, 634, 350, -1, 1, 2.356194490192345, 1.4142135623730951
2098, 17, 392, 146, 392, 148, 0, -2, -1.5707963267948966, 2.0
2098, 20, 327, 338, 326, 339, 1, -1, -0.7853981633974483, 1.4142135623730951
2098, 23, 301, 350, 300, 351, 1, -1, -0.7853981633974483, 1.4142135623730951
2098, 33, 458, 207, 458, 209, 0, -2, -1.5707963267948966, 2.0
2098, 37, 421, 347, 420, 349, 1, -2, -1.1071487177940904, 2.23606797749979
2098, 42, 372, 281, 372, 283, 0, -2, -1.5707963267948966, 2.0
2098, 47, 503, 151, 501, 150, 2, 1, 0.4636476090008061, 2.23606797749979
2098, 51, 363, 251, 363, 253, 0, -2, -1.5707963267948966, 2.0
2098, 52, 532, 216, 534, 218, -2, -2, -2.356194490192345, 2.8284271247461903
2098, 55, 573, 297, 574, 296, -1, 1, 2.356194490192345, 1.4142135623730951
2099, 1, 480, 116, 479, 117, 1, -1, -0.7853981633974483, 1.4142135623730951
2099, 7, 590, 170, 589, 168, 1, 2, 1.1071487177940904, 2.23606797749979
2099, 8, 418, 152, 416, 155, 2, -3, -0.982793723247329, 3.605551275463989
2099, 13, 632, 352, 633, 351, -1, 1, 2.356194490192345, 1.4142135623730951
2099, 14, 197, 249, 196, 246, 1, 3, 1.2490457723982544, 3.1622776601683795
2099, 21, 410, 249, 409, 253, 1, -4, -1.3258176636680326, 4.123105625617661
2099, 30, 593, 280, 594, 279, -1, 1, 2.356194490192345, 1.4142135623730951
2099, 32, 422, 345, 421, 347, 1, -2, -1.1071487177940904, 2.23606797749979
2099, 37, 373, 280, 372, 281, 1, -1, -0.7853981633974483, 1.4142135623730951
2099, 42, 507, 152, 503, 151, 4, 1, 0.24497866312686414, 4.123105625617661
2099, 46, 363, 248, 363, 251, 0, -3, -1.5707963267948966, 3.0
2099, 50, 574, 298, 573, 297, 1, 1, 0.7853981633974483, 1.4142135623730951
2099, 55, 333, 384, 332, 385, 1, -1, -0.7853981633974483, 1.4142135623730951
2100, 9, 308, 401, 307, 402, 1, -1, -0.7853981633974483, 1.4142135623730951
2100, 10, 589, 169, 588, 168, 1, 1, 0.7853981633974483, 1.4142135623730951
2100, 15, 472, 123, 471, 124, 1, -1, -0.7853981633974483, 1.4142135623730951
2100, 19, 394, 148, 394, 150, 0, -2, -1.5707963267948966, 2.0
2100, 23, 584, 269, 586, 270, -2, -1, -2.677945044588987, 2.23606797749979
2100, 30, 303, 349, 301, 351, 2, -2, -0.7853981633974483, 2.8284271247461903
2100, 31, 209, 272, 207, 271, 2, 1, 0.4636476090008061, 2.23606797749979
2100, 34, 337, 385, 336, 386, 1, -1, -0.7853981633974483, 1.4142135623730951
2100, 40, 600, 284, 599, 280, 1, 4, 1.3258176636680326, 4.123105625617661
2100, 42, 458, 209, 458, 211, 0, -2, -1.5707963267948966, 2.0
2100, 46, 329, 332, 327, 333, 2, -1, -0.4636476090008061, 2.23606797749979
2100, 47, 507, 154, 504, 152, 3, 2, 0.5880026035475675, 3.605551275463989
2100, 49, 374, 280, 374, 282, 0, -2, -1.5707963267948966, 2.0
2100, 54, 422, 350, 421, 351, 1, -1, -0.7853981633974483, 1.4142135623730951
2100, 58, 426, 233, 426, 235, 0, -2, -1.5707963267948966, 2.0
2100, 60, 418, 240, 419, 239, -1, 1, 2.356194490192345, 1.4142135623730951
2100, 66, 511, 164, 512, 163, -1, 1, 2.356194490192345, 1.4142135623730951
2100, 67, 383, 369, 382, 370, 1, -1, -0.7853981633974483, 1.4142135623730951
2100, 68, 613, 346, 612, 348, 1, -2, -1.1071487177940904, 2.23606797749979
2101, 3, 481, 117, 480, 118, 1, -1, -0.7853981633974483, 1.4142135623730951
2101, 7, 187, 297, 189, 298, -2, -1, -2.677945044588987, 2.23606797749979
2101, 8, 309, 400, 308, 401, 1, -1, -0.7853981633974483, 1.4142135623730951
2101, 11, 329, 338, 328, 339, 1, -1, -0.7853981633974483, 1.4142135623730951
2101, 20, 584, 271, 584, 269, 0, 2, 1.5707963267948966, 2.0
2101, 32, 602, 253, 601, 252, 1, 1, 0.7853981633974483, 1.4142135623730951
2101, 35, 599, 285, 600, 284, -1, 1, 2.356194490192345, 1.4142135623730951
2101, 39, 331, 332, 329, 332, 2, 0, 0.0, 2.0
2101, 40, 509, 156, 507, 154, 2, 2, 0.7853981633974483, 2.8284271247461903
2101, 52, 418, 238, 418, 240, 0, -2, -1.5707963267948966, 2.0
2101, 54, 291, 366, 290, 367, 1, -1, -0.7853981633974483, 1.4142135623730951
2101, 60, 578, 175, 580, 175, -2, 0, 3.141592653589793, 2.0
2102, 6, 590, 171, 589, 170, 1, 1, 0.7853981633974483, 1.4142135623730951
2102, 7, 330, 337, 329, 338, 1, -1, -0.7853981633974483, 1.4142135623730951
2102, 9, 473, 121, 472, 122, 1, -1, -0.7853981633974483, 1.4142135623730951
2102, 12, 394, 145, 394, 147, 0, -2, -1.5707963267948966, 2.0
2102, 24, 338, 383, 337, 384, 1, -1, -0.7853981633974483, 1.4142135623730951
2102, 31, 196, 250, 197, 249, -1, 1, 2.356194490192345, 1.4142135623730951
2102, 33, 510, 157, 509, 156, 1, 1, 0.7853981633974483, 1.4142135623730951
2102, 35, 313, 374, 312, 375, 1, -1, -0.7853981633974483, 1.4142135623730951
2102, 39, 423, 347, 422, 349, 1, -2, -1.1071487177940904, 2.23606797749979
2103, 5, 310, 398, 309, 399, 1, -1, -0.7853981633974483, 1.4142135623730951
2103, 9, 474, 120, 473, 121, 1, -1, -0.7853981633974483, 1.4142135623730951
2103, 16, 582, 273, 583, 271, -1, 2, 2.0344439357957027, 2.23606797749979
2103, 24, 339, 382, 338, 383, 1, -1, -0.7853981633974483, 1.4142135623730951
2103, 28, 597, 286, 598, 285, -1, 1, 2.356194490192345, 1.4142135623730951
2103, 46, 510, 165, 511, 164, -1, 1, 2.356194490192345, 1.4142135623730951
2103, 47, 384, 367, 383, 368, 1, -1, -0.7853981633974483, 1.4142135623730951
2103, 49, 575, 175, 577, 175, -2, 0, 3.141592653589793, 2.0
2104, 11, 338, 391, 337, 392, 1, -1, -0.7853981633974483, 1.4142135623730951
2104, 27, 596, 287, 597, 286, -1, 1, 2.356194490192345, 1.4142135623730951
2104, 30, 333, 331, 332, 332, 1, -1, -0.7853981633974483, 1.4142135623730951
2104, 31, 512, 158, 511, 157, 1, 1, 0.7853981633974483, 1.4142135623730951
2104, 35, 424, 345, 423, 346, 1, -1, -0.7853981633974483, 1.4142135623730951
2104, 46, 385, 365, 384, 367, 1, -2, -1.1071487177940904, 2.23606797749979
2105, 4, 555, 225, 554, 224, 1, 1, 0.7853981633974483, 1.4142135623730951
2105, 7, 419, 152, 419, 154, 0, -2, -1.5707963267948966, 2.0
2105, 8, 591, 174, 590, 172, 1, 2, 1.1071487177940904, 2.23606797749979
2105, 9, 349, 318, 350, 320, -1, -2, -2.0344439357957027, 2.23606797749979
2105, 16, 476, 122, 475, 123, 1, -1, -0.7853981633974483, 1.4142135623730951
2105, 28, 440, 287, 441, 289, -1, -2, -2.0344439357957027, 2.23606797749979
2105, 31, 577, 175, 576, 173, 1, 2, 1.1071487177940904, 2.23606797749979
2105, 38, 574, 212, 573, 211, 1, 1, 0.7853981633974483, 1.4142135623730951
2105, 43, 204, 370, 203, 371, 1, -1, -0.7853981633974483, 1.4142135623730951
2105, 50, 443, 156, 443, 158, 0, -2, -1.5707963267948966, 2.0
2105, 51, 369, 257, 370, 259, -1, -2, -2.0344439357957027, 2.23606797749979
2105, 53, 362, 255, 363, 257, -1, -2, -2.0344439357957027, 2.23606797749979
2105, 57, 424, 345, 424, 347, 0, -2, -1.5707963267948966, 2.0
2105, 58, 464, 119, 462, 120, 2, -1, -0.4636476090008061, 2.23606797749979
2105, 60, 590, 344, 591, 343, -1, 1, 2.356194490192345, 1.4142135623730951
2105, 61, 461, 194, 461, 196, 0, -2, -1.5707963267948966, 2.0
2106, 0, 388, 239, 387, 240, 1, -1, -0.7853981633974483, 1.4142135623730951
2106, 1, 485, 117, 483, 118, 2, -1, -0.4636476090008061, 2.23606797749979
2106, 7, 591, 176, 591, 174, 0, 2, 1.5707963267948966, 2.0
2106, 12, 340, 393, 339, 394, 1, -1, -0.7853981633974483, 1.4142135623730951
2106, 14, 343, 383, 342, 384, 1, -1, -0.7853981633974483, 1.4142135623730951
2106, 33, 575, 213, 574, 212, 1, 1, 0.7853981633974483, 1.4142135623730951
2106, 36, 631, 353, 629, 354, 2, -1, -0.4636476090008061, 2.23606797749979
2106, 39, 375, 277, 375, 279, 0, -2, -1.5707963267948966, 2.0
2106, 42, 443, 154, 443, 156, 0, -2, -1.5707963267948966, 2.0
2106, 45, 361, 253, 362, 255, -1, -2, -2.0344439357957027, 2.23606797749979
2106, 48, 424, 343, 424, 345, 0, -2, -1.5707963267948966, 2.0
2106, 49, 467, 119, 464, 119, 3, 0, 0.0, 3.0
2106, 51, 588, 344, 590, 344, -2, 0, 3.141592653589793, 2.0
2106, 52, 461, 192, 461, 194, 0, -2, -1.5707963267948966, 2.0
2107, 4, 591, 178, 591, 176, 0, 2, 1.5707963267948966, 2.0
2107, 11, 478, 121, 477, 122, 1, -1, -0.7853981633974483, 1.4142135623730951
2107, 29, 634, 350, 631, 353, 3, -3, -0.7853981633974483, 4.242640687119285
2107, 35, 444, 152, 443, 154, 1, -2, -1.1071487177940904, 2.23606797749979
2107, 36, 370, 252, 369, 256, 1, -4, -1.3258176636680326, 4.123105625617661
2107, 42, 471, 119, 467, 119, 4, 0, 0.0, 4.0
2107, 44, 586, 343, 588, 344, -2, -1, -2.677945044588987, 2.23606797749979
2107, 45, 461, 190, 461, 192, 0, -2, -1.5707963267948966, 2.0
2108, 4, 593, 179, 591, 178, 2, 1, 0.4636476090008061, 2.23606797749979
2108, 7, 367, 327, 366, 328, 1, -1, -0.7853981633974483, 1.4142135623730951
2108, 8, 341, 392, 340, 393, 1, -1, -0.7853981633974483, 1.4142135623730951
2108, 11, 479, 120, 478, 121, 1, -1, -0.7853981633974483, 1.4142135623730951
2108, 21, 576, 176, 577, 175, -1, 1, 2.356194490192345, 1.4142135623730951
2108, 28, 635, 348, 634, 350, 1, -2, -1.1071487177940904, 2.23606797749979
2108, 31, 512, 128, 510, 128, 2, 0, 0.0, 2.0
2108, 33, 444, 150, 444, 152, 0, -2, -1.5707963267948966, 2.0
2108, 34, 369, 250, 370, 252, -1, -2, -2.0344439357957027, 2.23606797749979
2108, 38, 424, 340, 424, 342, 0, -2, -1.5707963267948966, 2.0
2108, 39, 473, 119, 471, 119, 2, 0, 0.0, 2.0
2109, 0, 487, 116, 486, 117, 1, -1, -0.7853981633974483, 1.4142135623730951
2109, 11, 480, 119, 479, 120, 1, -1, -0.7853981633974483, 1.4142135623730951
2109, 14, 292, 369, 291, 370, 1, -1, -0.7853981633974483, 1.4142135623730951
2109, 27, 635, 346, 635, 348, 0, -2, -1.5707963267948966, 2.0
2109, 29, 374, 273, 375, 275, -1, -2, -2.0344439357957027, 2.23606797749979
2109, 32, 446, 148, 444, 150, 2, -2, -0.7853981633974483, 2.8284271247461903
2109, 36, 425, 339, 424, 340, 1, -1, -0.7853981633974483, 1.4142135623730951
2109, 37, 474, 120, 473, 119, 1, 1, 0.7853981633974483, 1.4142135623730951
2109, 38, 584, 344, 585, 343, -1, 1, 2.356194490192345, 1.4142135623730951
2110, 13, 440, 291, 440, 293, 0, -2, -1.5707963267948966, 2.0
2110, 28, 339, 322, 338, 323, 1, -1, -0.7853981633974483, 1.4142135623730951
2110, 44, 553, 248, 552, 247, 1, 1, 0.7853981633974483, 1.4142135623730951
2110, 56, 375, 275, 375, 277, 0, -2, -1.5707963267948966, 2.0
2111, 27, 447, 292, 447, 294, 0, -2, -1.5707963267948966, 2.0
2111, 36, 535, 156, 533, 154, 2, 2, 0.7853981633974483, 2.8284271247461903
2111, 43, 459, 151, 458, 152, 1, -1, -0.7853981633974483, 1.4142135623730951
2111, 46, 375, 273, 375, 275, 0, -2, -1.5707963267948966, 2.0
2112, 1, 555, 230, 556, 229, -1, 1, 2.356194490192345, 1.4142135623730951
2112, 9, 512, 164, 511, 162, 1, 2, 1.1071487177940904, 2.23606797749979
2112, 11, 294, 371, 293, 372, 1, -1, -0.7853981633974483, 1.4142135623730951
2112, 12, 476, 119, 475, 121, 1, -2, -1.1071487177940904, 2.23606797749979
2112, 20, 459, 119, 458, 120, 1, -1, -0.7853981633974483, 1.4142135623730951
2112, 33, 203, 271, 204, 270, -1, 1, 2.356194490192345, 1.4142135623730951
2113, 9, 512, 167, 512, 164, 0, 3, 1.5707963267948966, 3.0
2113, 24, 630, 371, 629, 372, 1, -1, -0.7853981633974483, 1.4142135623730951
2113, 28, 534, 160, 535, 157, -1, 3, 1.892546881191539, 3.1622776601683795
2113, 29, 551, 245, 553, 248, -2, -3, -2.158798930342464, 3.605551275463989
2113, 33, 460, 149, 459, 150, 1, -1, -0.7853981633974483, 1.4142135623730951
2113, 35, 375, 270, 375, 272, 0, -2, -1.5707963267948966, 2.0
2113, 36, 203, 322, 205, 321, -2, 1, 2.677945044588987, 2.23606797749979
2114, 2, 489, 118, 488, 119, 1, -1, -0.7853981633974483, 1.4142135623730951
2114, 9, 513, 170, 512, 167, 1, 3, 1.2490457723982544, 3.1622776601683795
2114, 12, 478, 118, 476, 118, 2, 0, 0.0, 2.0
2114, 19, 461, 118, 460, 119, 1, -1, -0.7853981633974483, 1.4142135623730951
2114, 21, 344, 390, 343, 391, 1, -1, -0.7853981633974483, 1.4142135623730951
2114, 22, 631, 370, 630, 371, 1, -1, -0.7853981633974483, 1.4142135623730951
2114, 26, 531, 159, 534, 160, -3, -1, -2.819842099193151, 3.1622776601683795
2114, 31, 201, 322, 203, 322, -2, 0, 3.141592653589793, 2.0
2115, 4, 511, 171, 512, 173, -1, -2, -2.0344439357957027, 2.23606797749979
2115, 9, 596, 183, 595, 182, 1, 1, 0.7853981633974483, 1.4142135623730951
2115, 11, 420, 147, 420, 149, 0, -2, -1.5707963267948966, 2.0
2115, 22, 632, 371, 631, 372, 1, -1, -0.7853981633974483, 1.4142135623730951
2115, 30, 336, 339, 335, 340, 1, -1, -0.7853981633974483, 1.4142135623730951
2115, 31, 377, 272, 377, 274, 0, -2, -1.5707963267948966, 2.0
2115, 45, 518, 133, 517, 132, 1, 1, 0.7853981633974483, 1.4142135623730951
2115, 58, 424, 229, 425, 231, -1, -2, -2.0344439357957027, 2.23606797749979
2115, 60, 305, 352, 304, 353, 1, -1, -0.7853981633974483, 1.4142135623730951
2116, 4, 510, 169, 511, 171, -1, -2, -2.0344439357957027, 2.23606797749979
2116, 9, 597, 185, 596, 183, 1, 2, 1.1071487177940904, 2.23606797749979
2116, 21, 633, 370, 632, 371, 1, -1, -0.7853981633974483, 1.4142135623730951
2116, 26, 337, 338, 336, 339, 1, -1, -0.7853981633974483, 1.4142135623730951
2116, 27, 377, 270, 377, 272, 0, -2, -1.5707963267948966, 2.0
2116, 43, 296, 368, 296, 370, 0, -2, -1.5707963267948966, 2.0
2116, 46, 461, 205, 462, 207, -1, -2, -2.0344439357957027, 2.23606797749979
2116, 54, 306, 350, 305, 352, 1, -2, -1.1071487177940904, 2.23606797749979
2117, 7, 599, 186, 597, 185, 2, 1, 0.4636476090008061, 2.23606797749979
2117, 8, 226, 389, 224, 390, 2, -1, -0.4636476090008061, 2.23606797749979
2117, 9, 419, 144, 420, 146, -1, -2, -2.0344439357957027, 2.23606797749979
2117, 13, 397, 141, 396, 144, 1, -3, -1.2490457723982544, 3.1622776601683795
2117, 16, 599, 261, 597, 260, 2, 1, 0.4636476090008061, 2.23606797749979
2117, 18, 634, 369, 633, 370, 1, -1, -0.7853981633974483, 1.4142135623730951
2117, 19, 345, 388, 344, 389, 1, -1, -0.7853981633974483, 1.4142135623730951
2117, 20, 489, 125, 488, 126, 1, -1, -0.7853981633974483, 1.4142135623730951
2117, 24, 376, 268, 377, 270, -1, -2, -2.0344439357957027, 2.23606797749979
2117, 26, 577, 184, 580, 186, -3, -2, -2.5535900500422257, 3.605551275463989
2117, 34, 317, 399, 316, 402, 1, -3, -1.2490457723982544, 3.1622776601683795
2117, 42, 429, 339, 428, 340, 1, -1, -0.7853981633974483, 1.4142135623730951
2118, 5, 600, 187, 599, 186, 1, 1, 0.7853981633974483, 1.4142135623730951
2118, 12, 341, 378, 340, 379, 1, -1, -0.7853981633974483, 1.4142135623730951
2118, 16, 635, 368, 634, 369, 1, -1, -0.7853981633974483, 1.4142135623730951
2118, 22, 376, 266, 376, 268, 0, -2, -1.5707963267948966, 2.0
2118, 24, 577, 189, 577, 184, 0, 5, 1.5707963267948966, 5.0
2118, 30, 318, 398, 317, 399, 1, -1, -0.7853981633974483, 1.4142135623730951
2118, 33, 520, 135, 519, 134, 1, 1, 0.7853981633974483, 1.4142135623730951
2118, 36, 461, 202, 461, 204, 0, -2, -1.5707963267948966, 2.0
2118, 37, 429, 337, 429, 339, 0, -2, -1.5707963267948966, 2.0
2119, 10, 342, 377, 341, 378, 1, -1, -0.7853981633974483, 1.4142135623730951
2119, 12, 598, 262, 599, 261, -1, 1, 2.356194490192345, 1.4142135623730951
2119, 16, 490, 124, 489, 125, 1, -1, -0.7853981633974483, 1.4142135623730951
2119, 20, 375, 263, 376, 266, -1, -3, -1.892546881191539, 3.1622776601683795
2119, 22, 579, 191, 577, 189, 2, 2, 0.7853981633974483, 2.8284271247461903
2119, 28, 319, 397, 318, 398, 1, -1, -0.7853981633974483, 1.4142135623730951
2119, 31, 522, 136, 520, 135, 2, 1, 0.4636476090008061, 2.23606797749979
2119, 37, 461, 149, 460, 150, 1, -1, -0.7853981633974483, 1.4142135623730951
2120, 0, 389, 234, 389, 236, 0, -2, -1.5707963267948966, 2.0
2120, 2, 494, 118, 492, 119, 2, -1, -0.4636476090008061, 2.23606797749979
2120, 5, 244, 376, 243, 377, 1, -1, -0.7853981633974483, 1.4142135623730951
2120, 9, 559, 234, 558, 233, 1, 1, 0.7853981633974483, 1.4142135623730951
2120, 10, 600, 188, 599, 187, 1, 1, 0.7853981633974483, 1.4142135623730951
2120, 15, 340, 338, 339, 339, 1, -1, -0.7853981633974483, 1.4142135623730951
2120, 18, 313, 347, 312, 348, 1, -1, -0.7853981633974483, 1.4142135623730951
2120, 22, 378, 269, 378, 271, 0, -2, -1.5707963267948966, 2.0
2120, 37, 583, 193, 582, 191, 1, 2, 1.1071487177940904, 2.23606797749979
2120, 45, 431, 339, 430, 340, 1, -1, -0.7853981633974483, 1.4142135623730951
2121, 0, 388, 232, 389, 234, -1, -2, -2.0344439357957027, 2.23606797749979
2121, 9, 600, 190, 600, 188, 0, 2, 1.5707963267948966, 2.0
2121, 10, 604, 293, 605, 292, -1, 1, 2.356194490192345, 1.4142135623730951
2121, 13, 341, 337, 340, 338, 1, -1, -0.7853981633974483, 1.4142135623730951
2121, 17, 348, 390, 347, 391, 1, -1, -0.7853981633974483, 1.4142135623730951
2121, 19, 378, 267, 378, 269, 0, -2, -1.5707963267948966, 2.0
2121, 23, 598, 263, 599, 262, -1, 1, 2.356194490192345, 1.4142135623730951
2121, 33, 585, 195, 583, 193, 2, 2, 0.7853981633974483, 2.8284271247461903
2121, 41, 432, 337, 431, 339, 1, -2, -1.1071487177940904, 2.23606797749979
2122, 6, 560, 235, 559, 234, 1, 1, 0.7853981633974483, 1.4142135623730951
2122, 8, 603, 294, 604, 293, -1, 1, 2.356194490192345, 1.4142135623730951
2122, 14, 315, 346, 314, 347, 1, -1, -0.7853981633974483, 1.4142135623730951
2122, 30, 586, 197, 585, 195, 1, 2, 1.1071487177940904, 2.23606797749979
2122, 36, 205, 275, 207, 275, -2, 0, 3.141592653589793, 2.0
2123, 0, 498, 117, 496, 118, 2, -1, -0.4636476090008061, 2.23606797749979
2123, 9, 342, 336, 341, 337, 1, -1, -0.7853981633974483, 1.4142135623730951
2123, 13, 349, 388, 348, 389, 1, -1, -0.7853981633974483, 1.4142135623730951
2123, 22, 169, 301, 170, 303, -1, -2, -2.0344439357957027, 2.23606797749979
2123, 34, 433, 334, 432, 336, 1, -2, -1.1071487177940904, 2.23606797749979
2124, 1, 244, 374, 243, 375, 1, -1, -0.7853981633974483, 1.4142135623730951
2124, 11, 316, 345, 315, 346, 1, -1, -0.7853981633974483, 1.4142135623730951
2124, 21, 170, 302, 169, 301, 1, 1, 0.7853981633974483, 1.4142135623730951
2125, 16, 446, 290, 447, 292, -1, -2, -2.0344439357957027, 2.23606797749979
2125, 21, 591, 189, 590, 188, 1, 1, 0.7853981633974483, 1.4142135623730951
2125, 23, 522, 194, 520, 192, 2, 2, 0.7853981633974483, 2.8284271247461903
2125, 32, 348, 321, 346, 322, 2, -1, -0.4636476090008061, 2.23606797749979
2125, 41, 517, 177, 518, 179, -1, -2, -2.0344439357957027, 2.23606797749979
2125, 43, 379, 266, 379, 268, 0, -2, -1.5707963267948966, 2.0
2125, 53, 484, 126, 482, 128, 2, -2, -0.7853981633974483, 2.8284271247461903
2125, 56, 627, 325, 626, 324, 1, 1, 0.7853981633974483, 1.4142135623730951
2126, 4, 498, 119, 497, 120, 1, -1, -0.7853981633974483, 1.4142135623730951
2126, 12, 465, 151, 464, 153, 1, -2, -1.1071487177940904, 2.23606797749979
2126, 15, 320, 346, 319, 347, 1, -1, -0.7853981633974483, 1.4142135623730951
2126, 19, 592, 191, 591, 189, 1, 2, 1.1071487177940904, 2.23606797749979
2126, 21, 524, 194, 522, 194, 2, 0, 0.0, 2.0
2126, 28, 349, 320, 348, 321, 1, -1, -0.7853981633974483, 1.4142135623730951
2126, 44, 484, 124, 484, 126, 0, -2, -1.5707963267948966, 2.0
2126, 46, 628, 326, 627, 325, 1, 1, 0.7853981633974483, 1.4142135623730951
2127, 9, 464, 149, 465, 151, -1, -2, -2.0344439357957027, 2.23606797749979
2127, 10, 444, 288, 446, 289, -2, -1, -2.677945044588987, 2.23606797749979
2127, 12, 593, 192, 592, 191, 1, 1, 0.7853981633974483, 1.4142135623730951
2127, 13, 300, 369, 299, 370, 1, -1, -0.7853981633974483, 1.4142135623730951
2127, 15, 350, 306, 350, 308, 0, -2, -1.5707963267948966, 2.0
2127, 20, 349, 318, 349, 320, 0, -2, -1.5707963267948966, 2.0
2127, 30, 230, 216, 229, 217, 1, -1, -0.7853981633974483, 1.4142135623730951
2127, 37, 629, 327, 628, 326, 1, 1, 0.7853981633974483, 1.4142135623730951
2127, 41, 589, 261, 590, 260, -1, 1, 2.356194490192345, 1.4142135623730951
2128, 2, 560, 238, 561, 237, -1, 1, 2.356194490192345, 1.4142135623730951
2128, 10, 594, 194, 593, 192, 1, 2, 1.1071487177940904, 2.23606797749979
2128, 18, 349, 316, 349, 318, 0, -2, -1.5707963267948966, 2.0
2128, 25, 379, 307, 379, 309, 0, -2, -1.5707963267948966, 2.0
2128, 35, 632, 329, 629, 327, 3, 2, 0.5880026035475675, 3.605551275463989
2129, 6, 602, 196, 601, 195, 1, 1, 0.7853981633974483, 1.4142135623730951
2129, 10, 594, 196, 594, 194, 0, 2, 1.5707963267948966, 2.0
2129, 23, 378, 261, 379, 263, -1, -2, -2.0344439357957027, 2.23606797749979
2130, 13, 521, 190, 522, 192, -1, -2, -2.0344439357957027, 2.23606797749979
2130, 33, 586, 291, 585, 290, 1, 1, 0.7853981633974483, 1.4142135623730951
2130, 35, 594, 310, 593, 311, 1, -1, -0.7853981633974483, 1.4142135623730951
2130, 39, 613, 317, 611, 317, 2, 0, 0.0, 2.0
2130, 45, 551, 246, 549, 246, 2, 0, 0.0, 2.0
2130, 49, 269, 407, 266, 409, 3, -2, -0.5880026035475675, 3.605551275463989
2131, 8, 605, 198, 604, 197, 1, 1, 0.7853981633974483, 1.4142135623730951
2131, 9, 372, 324, 371, 325, 1, -1, -0.7853981633974483, 1.4142135623730951
2131, 11, 520, 188, 521, 190, -1, -2, -2.0344439357957027, 2.23606797749979
2131, 12, 324, 401, 323, 402, 1, -1, -0.7853981633974483, 1.4142135623730951
2131, 28, 345, 338, 344, 339, 1, -1, -0.7853981633974483, 1.4142135623730951
2132, 11, 518, 187, 520, 188, -2, -1, -2.677945044588987, 2.23606797749979
2132, 13, 353, 386, 352, 387, 1, -1, -0.7853981633974483, 1.4142135623730951
2132, 28, 380, 261, 380, 263, 0, -2, -1.5707963267948966, 2.0
2133, 3, 560, 239, 561, 238, -1, 1, 2.356194490192345, 1.4142135623730951
2133, 7, 606, 200, 605, 199, 1, 1, 0.7853981633974483, 1.4142135623730951
2133, 10, 517, 185, 518, 187, -1, -2, -2.0344439357957027, 2.23606797749979
2133, 21, 325, 391, 324, 392, 1, -1, -0.7853981633974483, 1.4142135623730951
2133, 25, 380, 259, 380, 261, 0, -2, -1.5707963267948966, 2.0
2133, 28, 595, 307, 594, 308, 1, -1, -0.7853981633974483, 1.4142135623730951
2133, 39, 581, 285, 582, 284, -1, 1, 2.356194490192345, 1.4142135623730951
2134, 7, 607, 201, 606, 200, 1, 1, 0.7853981633974483, 1.4142135623730951
2134, 10, 516, 183, 517, 185, -1, -2, -2.0344439357957027, 2.23606797749979
2134, 12, 354, 384, 353, 385, 1, -1, -0.7853981633974483, 1.4142135623730951
2134, 17, 401, 136, 400, 138, 1, -2, -1.1071487177940904, 2.23606797749979
2134, 18, 301, 365, 301, 367, 0, -2, -1.5707963267948966, 2.0
2134, 21, 326, 390, 325, 391, 1, -1, -0.7853981633974483, 1.4142135623730951
2134, 24, 345, 334, 345, 336, 0, -2, -1.5707963267948966, 2.0
2134, 27, 432, 154, 433, 156, -1, -2, -2.0344439357957027, 2.23606797749979
2134, 34, 343, 354, 342, 355, 1, -1, -0.7853981633974483, 1.4142135623730951
2134, 38, 272, 408, 271, 407, 1, 1, 0.7853981633974483, 1.4142135623730951
2135, 2, 506, 122, 504, 122, 2, 0, 0.0, 2.0
2135, 7, 427, 139, 426, 140, 1, -1, -0.7853981633974483, 1.4142135623730951
2135, 15, 361, 303, 361, 305, 0, -2, -1.5707963267948966, 2.0
2135, 16, 355, 387, 354, 388, 1, -1, -0.7853981633974483, 1.4142135623730951
2135, 27, 488, 124, 485, 123, 3, 1, 0.3217505543966422, 3.1622776601683795
2135, 28, 446, 284, 446, 286, 0, -2, -1.5707963267948966, 2.0
2135, 31, 379, 260, 380, 262, -1, -2, -2.0344439357957027, 2.23606797749979
2135, 32, 546, 231, 544, 231, 2, 0, 0.0, 2.0
2135, 39, 436, 157, 435, 159, 1, -2, -1.1071487177940904, 2.23606797749979
2135, 45, 406, 360, 405, 361, 1, -1, -0.7853981633974483, 1.4142135623730951
2135, 46, 303, 361, 302, 362, 1, -1, -0.7853981633974483, 1.4142135623730951
2135, 48, 325, 391, 323, 393, 2, -2, -0.7853981633974483, 2.8284271247461903
2135, 50, 425, 250, 425, 253, 0, -3, -1.5707963267948966, 3.0
2136, 1, 390, 229, 389, 230, 1, -1, -0.7853981633974483, 1.4142135623730951
2136, 2, 507, 123, 506, 122, 1, 1, 0.7853981633974483, 1.4142135623730951
2136, 4, 563, 242, 562, 241, 1, 1, 0.7853981633974483, 1.4142135623730951
2136, 10, 439, 281, 439, 283, 0, -2, -1.5707963267948966, 2.0
2136, 11, 354, 375, 353, 376, 1, -1, -0.7853981633974483, 1.4142135623730951
2136, 12, 347, 334, 347, 336, 0, -2, -1.5707963267948966, 2.0
2136, 15, 361, 301, 361, 303, 0, -2, -1.5707963267948966, 2.0
2136, 16, 356, 386, 355, 387, 1, -1, -0.7853981633974483, 1.4142135623730951
2136, 18, 327, 400, 326, 401, 1, -1, -0.7853981633974483, 1.4142135623730951
2136, 20, 608, 202, 607, 201, 1, 1, 0.7853981633974483, 1.4142135623730951
2136, 25, 492, 124, 488, 124, 4, 0, 0.0, 4.0
2136, 28, 547, 232, 546, 231, 1, 1, 0.7853981633974483, 1.4142135623730951
2136, 40, 407, 359, 406, 360, 1, -1, -0.7853981633974483, 1.4142135623730951
2136, 41, 304, 359, 303, 361, 1, -2, -1.1071487177940904, 2.23606797749979
2136, 43, 327, 390, 325, 391, 2, -1, -0.4636476090008061, 2.23606797749979
2136, 45, 426, 248, 425, 250, 1, -2, -1.1071487177940904, 2.23606797749979
2137, 1, 509, 123, 507, 123, 2, 0, 0.0, 2.0
2137, 3, 562, 243, 563, 242, -1, 1, 2.356194490192345, 1.4142135623730951
2137, 6, 427, 136, 427, 138, 0, -2, -1.5707963267948966, 2.0
2137, 11, 348, 332, 347, 334, 1, -2, -1.1071487177940904, 2.23606797749979
2137, 14, 360, 299, 361, 301, -1, -2, -2.0344439357957027, 2.23606797749979
2137, 15, 357, 385, 356, 386, 1, -1, -0.7853981633974483, 1.4142135623730951
2137, 24, 496, 125, 492, 124, 4, 1, 0.24497866312686414, 4.123105625617661
2137, 26, 548, 234, 547, 232, 1, 2, 1.1071487177940904, 2.23606797749979
2137, 32, 436, 154, 436, 156, 0, -2, -1.5707963267948966, 2.0
2137, 39, 305, 357, 304, 359, 1, -2, -1.1071487177940904, 2.23606797749979
2137, 41, 329, 389, 327, 390, 2, -1, -0.4636476090008061, 2.23606797749979
2137, 43, 426, 246, 426, 248, 0, -2, -1.5707963267948966, 2.0
2137, 46, 456, 146, 455, 147, 1, -1, -0.7853981633974483, 1.4142135623730951
2138, 1, 510, 124, 509, 123, 1, 1, 0.7853981633974483, 1.4142135623730951
2138, 12, 358, 384, 357, 385, 1, -1, -0.7853981633974483, 1.4142135623730951
2138, 15, 499, 127, 498, 126, 1, 1, 0.7853981633974483, 1.4142135623730951
2138, 21, 497, 126, 496, 125, 1, 1, 0.7853981633974483, 1.4142135623730951
2138, 23, 549, 237, 548, 234, 1, 3, 1.2490457723982544, 3.1622776601683795
2138, 29, 437, 153, 436, 154, 1, -1, -0.7853981633974483, 1.4142135623730951
2138, 35, 408, 357, 407, 358, 1, -1, -0.7853981633974483, 1.4142135623730951
2138, 38, 331, 389, 329, 389, 2, 0, 0.0, 2.0
2139, 7, 349, 330, 348, 331, 1, -1, -0.7853981633974483, 1.4142135623730951
2139, 9, 401, 133, 401, 135, 0, -2, -1.5707963267948966, 2.0
2139, 11, 373, 322, 372, 323, 1, -1, -0.7853981633974483, 1.4142135623730951
2139, 19, 498, 127, 497, 126, 1, 1, 0.7853981633974483, 1.4142135623730951
2139, 21, 550, 240, 549, 237, 1, 3, 1.2490457723982544, 3.1622776601683795
2139, 25, 437, 151, 437, 153, 0, -2, -1.5707963267948966, 2.0
2139, 29, 469, 144, 468, 145, 1, -1, -0.7853981633974483, 1.4142135623730951
2139, 31, 409, 356, 408, 357, 1, -1, -0.7853981633974483, 1.4142135623730951
2139, 32, 306, 356, 305, 357, 1, -1, -0.7853981633974483, 1.4142135623730951
2139, 34, 332, 388, 331, 389, 1, -1, -0.7853981633974483, 1.4142135623730951
2139, 36, 426, 243, 426, 245, 0, -2, -1.5707963267948966, 2.0
2140, 0, 391, 227, 390, 229, 1, -2, -1.1071487177940904, 2.23606797749979
2140, 2, 511, 126, 509, 124, 2, 2, 0.7853981633974483, 2.8284271247461903
2140, 3, 563, 246, 563, 244, 0, 2, 1.5707963267948966, 2.0
2140, 7, 427, 138, 428, 140, -1, -2, -2.0344439357957027, 2.23606797749979
2140, 8, 360, 299, 360, 301, 0, -2, -1.5707963267948966, 2.0
2140, 12, 330, 400, 329, 401, 1, -1, -0.7853981633974483, 1.4142135623730951
2140, 17, 610, 205, 609, 204, 1, 1, 0.7853981633974483, 1.4142135623730951
2140, 18, 357, 386, 356, 387, 1, -1, -0.7853981633974483, 1.4142135623730951
2140, 23, 550, 240, 550, 243, 0, -3, -1.5707963267948966, 3.0
2140, 25, 598, 320, 597, 319, 1, 1, 0.7853981633974483, 1.4142135623730951
2140, 29, 494, 127, 495, 130, -1, -3, -1.892546881191539, 3.1622776601683795
2140, 38, 524, 196, 523, 198, 1, -2, -1.1071487177940904, 2.23606797749979
2140, 39, 380, 258, 380, 260, 0, -2, -1.5707963267948966, 2.0
2141, 2, 512, 127, 511, 126, 1, 1, 0.7853981633974483, 1.4142135623730951
2141, 7, 428, 137, 427, 138, 1, -1, -0.7853981633974483, 1.4142135623730951
2141, 17, 358, 385, 357, 386, 1, -1, -0.7853981633974483, 1.4142135623730951
2141, 27, 207, 326, 209, 326, -2, 0, 3.141592653589793, 2.0
2141, 34, 438, 154, 437, 156, 1, -2, -1.1071487177940904, 2.23606797749979
2141, 36, 521, 195, 524, 196, -3, -1, -2.819842099193151, 3.1622776601683795
2141, 37, 380, 256, 380, 258, 0, -2, -1.5707963267948966, 2.0
2142, 34, 522, 199, 521, 195, 1, 4, 1.3258176636680326, 4.123105625617661
2142, 35, 379, 254, 380, 256, -1, -2, -2.0344439357957027, 2.23606797749979
2143, 16, 359, 383, 358, 384, 1, -1, -0.7853981633974483, 1.4142135623730951
2143, 21, 600, 321, 599, 320, 1, 1, 0.7853981633974483, 1.4142135623730951
2143, 32, 521, 201, 522, 199, -1, 2, 2.0344439357957027, 2.23606797749979
2143, 33, 378, 252, 379, 254, -1, -2, -2.0344439357957027, 2.23606797749979
2144, 6, 429, 133, 428, 135, 1, -2, -1.1071487177940904, 2.23606797749979
2144, 28, 439, 150, 438, 152, 1, -2, -1.1071487177940904, 2.23606797749979
2144, 31, 325, 325, 324, 326, 1, -1, -0.7853981633974483, 1.4142135623730951
2145, 13, 333, 400, 332, 401, 1, -1, -0.7853981633974483, 1.4142135623730951
2145, 17, 360, 385, 359, 386, 1, -1, -0.7853981633974483, 1.4142135623730951
2145, 27, 308, 365, 307, 366, 1, -1, -0.7853981633974483, 1.4142135623730951
2145, 37, 599, 317, 598, 316, 1, 1, 0.7853981633974483, 1.4142135623730951
2145, 38, 356, 373, 355, 374, 1, -1, -0.7853981633974483, 1.4142135623730951
2145, 44, 357, 300, 357, 302, 0, -2, -1.5707963267948966, 2.0
2145, 47, 381, 304, 381, 306, 0, -2, -1.5707963267948966, 2.0
2146, 4, 430, 134, 430, 136, 0, -2, -1.5707963267948966, 2.0
2146, 16, 441, 152, 440, 153, 1, -1, -0.7853981633974483, 1.4142135623730951
2146, 26, 255, 229, 254, 231, 1, -2, -1.1071487177940904, 2.23606797749979
2146, 27, 380, 252, 381, 254, -1, -2, -2.0344439357957027, 2.23606797749979
2146, 32, 357, 372, 356, 373, 1, -1, -0.7853981633974483, 1.4142135623730951
2146, 33, 367, 321, 366, 322, 1, -1, -0.7853981633974483, 1.4142135623730951
2147, 2, 517, 127, 515, 127, 2, 0, 0.0, 2.0
2147, 18, 461, 155, 459, 154, 2, 1, 0.4636476090008061, 2.23606797749979
2147, 24, 541, 235, 542, 234, -1, 1, 2.356194490192345, 1.4142135623730951
2147, 26, 380, 250, 380, 252, 0, -2, -1.5707963267948966, 2.0
2148, 2, 519, 128, 517, 127, 2, 1, 0.4636476090008061, 2.23606797749979
2148, 8, 335, 399, 334, 400, 1, -1, -0.7853981633974483, 1.4142135623730951
2148, 9, 184, 306, 185, 305, -1, 1, 2.356194490192345, 1.4142135623730951
2148, 15, 442, 150, 441, 151, 1, -1, -0.7853981633974483, 1.4142135623730951
2148, 16, 193, 302, 193, 300, 0, 2, 1.5707963267948966, 2.0
2148, 17, 463, 155, 461, 155, 2, 0, 0.0, 2.0
2148, 23, 380, 248, 380, 250, 0, -2, -1.5707963267948966, 2.0
2148, 32, 587, 328, 586, 327, 1, 1, 0.7853981633974483, 1.4142135623730951
2149, 2, 521, 128, 519, 128, 2, 0, 0.0, 2.0
2149, 7, 336, 397, 335, 399, 1, -2, -1.1071487177940904, 2.23606797749979
2149, 16, 465, 155, 463, 155, 2, 0, 0.0, 2.0
2149, 22, 381, 246, 380, 248, 1, -2, -1.1071487177940904, 2.23606797749979
2149, 26, 358, 370, 357, 371, 1, -1, -0.7853981633974483, 1.4142135623730951
2149, 27, 367, 317, 367, 319, 0, -2, -1.5707963267948966, 2.0
2149, 29, 581, 299, 582, 298, -1, 1, 2.356194490192345, 1.4142135623730951
2150, 0, 391, 223, 391, 225, 0, -2, -1.5707963267948966, 2.0
2150, 2, 519, 130, 518, 129, 1, 1, 0.7853981633974483, 1.4142135623730951
2150, 4, 253, 378, 252, 379, 1, -1, -0.7853981633974483, 1.4142135623730951
2150, 5, 229, 390, 229, 393, 0, -3, -1.5707963267948966, 3.0
2150, 13, 432, 134, 431, 135, 1, -1, -0.7853981633974483, 1.4142135623730951
2150, 15, 375, 324, 376, 326, -1, -2, -2.0344439357957027, 2.23606797749979
2150, 16, 532, 210, 531, 209, 1, 1, 0.7853981633974483, 1.4142135623730951
2150, 19, 362, 382, 361, 384, 1, -2, -1.1071487177940904, 2.23606797749979
2150, 20, 443, 152, 442, 153, 1, -1, -0.7853981633974483, 1.4142135623730951
2150, 26, 311, 363, 310, 364, 1, -1, -0.7853981633974483, 1.4142135623730951
2150, 30, 279, 410, 278, 411, 1, -1, -0.7853981633974483, 1.4142135623730951
2150, 45, 437, 282, 437, 284, 0, -2, -1.5707963267948966, 2.0
2150, 51, 397, 143, 395, 144, 2, -1, -0.4636476090008061, 2.23606797749979
2150, 56, 579, 247, 579, 245, 0, 2, 1.5707963267948966, 2.0
2151, 1, 521, 131, 519, 130, 2, 1, 0.4636476090008061, 2.23606797749979
2151, 7, 465, 155, 464, 156, 1, -1, -0.7853981633974483, 1.4142135623730951
2151, 14, 533, 212, 532, 210, 1, 2, 1.1071487177940904, 2.23606797749979
2151, 16, 406, 134, 405, 135, 1, -1, -0.7853981633974483, 1.4142135623730951
2151, 21, 382, 249, 382, 251, 0, -2, -1.5707963267948966, 2.0
2151, 34, 352, 327, 352, 329, 0, -2, -1.5707963267948966, 2.0
2151, 35, 335, 400, 334, 401, 1, -1, -0.7853981633974483, 1.4142135623730951
2151, 43, 385, 231, 386, 233, -1, -2, -2.0344439357957027, 2.23606797749979
2151, 50, 580, 248, 579, 247, 1, 1, 0.7853981633974483, 1.4142135623730951
2152, 1, 522, 132, 521, 131, 1, 1, 0.7853981633974483, 1.4142135623730951
2152, 7, 466, 154, 465, 155, 1, -1, -0.7853981633974483, 1.4142135623730951
2152, 12, 620, 274, 622, 274, -2, 0, 3.141592653589793, 2.0
2152, 13, 375, 321, 375, 323, 0, -2, -1.5707963267948966, 2.0
2152, 14, 535, 214, 533, 212, 2, 2, 0.7853981633974483, 2.8284271247461903
2152, 17, 363, 379, 362, 381, 1, -2, -1.1071487177940904, 2.23606797749979
2152, 20, 382, 247, 382, 249, 0, -2, -1.5707963267948966, 2.0
2152, 26, 281, 409, 280, 410, 1, -1, -0.7853981633974483, 1.4142135623730951
2152, 27, 332, 343, 331, 344, 1, -1, -0.7853981633974483, 1.4142135623730951
2152, 33, 336, 399, 335, 400, 1, -1, -0.7853981633974483, 1.4142135623730951
2152, 40, 385, 229, 385, 231, 0, -2, -1.5707963267948966, 2.0
2152, 43, 360, 371, 359, 372, 1, -1, -0.7853981633974483, 1.4142135623730951
2153, 0, 523, 133, 522, 132, 1, 1, 0.7853981633974483, 1.4142135623730951
2153, 9, 199, 259, 200, 258, -1, 1, 2.356194490192345, 1.4142135623730951
2153, 12, 536, 216, 535, 214, 1, 2, 1.1071487177940904, 2.23606797749979
2153, 16, 444, 149, 443, 150, 1, -1, -0.7853981633974483, 1.4142135623730951
2153, 21, 513, 136, 512, 137, 1, -1, -0.7853981633974483, 1.4142135623730951
2153, 23, 282, 408, 281, 409, 1, -1, -0.7853981633974483, 1.4142135623730951
2153, 32, 599, 277, 600, 276, -1, 1, 2.356194490192345, 1.4142135623730951
2154, 2, 254, 376, 253, 377, 1, -1, -0.7853981633974483, 1.4142135623730951
2154, 9, 618, 275, 619, 274, -1, 1, 2.356194490192345, 1.4142135623730951
2154, 10, 537, 217, 536, 216, 1, 1, 0.7853981633974483, 1.4142135623730951
2154, 19, 601, 322, 600, 321, 1, 1, 0.7853981633974483, 1.4142135623730951
2154, 20, 283, 407, 282, 408, 1, -1, -0.7853981633974483, 1.4142135623730951
2154, 24, 351, 323, 352, 325, -1, -2, -2.0344439357957027, 2.23606797749979
2154, 25, 338, 398, 337, 399, 1, -1, -0.7853981633974483, 1.4142135623730951
2154, 33, 361, 374, 361, 371, 0, 3, 1.5707963267948966, 3.0
2155, 0, 391, 221, 391, 223, 0, -2, -1.5707963267948966, 2.0
2155, 2, 524, 133, 523, 132, 1, 1, 0.7853981633974483, 1.4142135623730951
2155, 18, 406, 141, 405, 142, 1, -1, -0.7853981633974483, 1.4142135623730951
2155, 21, 512, 134, 511, 135, 1, -1, -0.7853981633974483, 1.4142135623730951
2155, 25, 188, 307, 189, 306, -1, 1, 2.356194490192345, 1.4142135623730951
2155, 34, 359, 300, 359, 302, 0, -2, -1.5707963267948966, 2.0
2155, 38, 601, 279, 602, 278, -1, 1, 2.356194490192345, 1.4142135623730951
2155, 40, 335, 368, 334, 369, 1, -1, -0.7853981633974483, 1.4142135623730951
2155, 46, 337, 400, 336, 401, 1, -1, -0.7853981633974483, 1.4142135623730951
2155, 54, 383, 247, 383, 249, 0, -2, -1.5707963267948966, 2.0
2155, 56, 481, 117, 481, 119, 0, -2, -1.5707963267948966, 2.0
2156, 2, 525, 134, 524, 133, 1, 1, 0.7853981633974483, 1.4142135623730951
2156, 8, 566, 253, 567, 252, -1, 1, 2.356194490192345, 1.4142135623730951
2156, 16, 366, 381, 365, 382, 1, -1, -0.7853981633974483, 1.4142135623730951
2156, 18, 407, 140, 406, 141, 1, -1, -0.7853981633974483, 1.4142135623730951
2156, 20, 365, 374, 364, 375, 1, -1, -0.7853981633974483, 1.4142135623730951
2156, 21, 513, 133, 512, 134, 1, -1, -0.7853981633974483, 1.4142135623730951
2156, 27, 588, 281, 587, 280, 1, 1, 0.7853981633974483, 1.4142135623730951
2156, 33, 360, 298, 359, 300, 1, -2, -1.1071487177940904, 2.23606797749979
2156, 42, 338, 399, 337, 400, 1, -1, -0.7853981633974483, 1.4142135623730951
2156, 44, 312, 363, 311, 364, 1, -1, -0.7853981633974483, 1.4142135623730951
2156, 51, 482, 116, 481, 117, 1, -1, -0.7853981633974483, 1.4142135623730951
2156, 52, 284, 410, 283, 411, 1, -1, -0.7853981633974483, 1.4142135623730951
2157, 2, 526, 135, 525, 134, 1, 1, 0.7853981633974483, 1.4142135623730951
2157, 18, 366, 373, 365, 374, 1, -1, -0.7853981633974483, 1.4142135623730951
2157, 21, 335, 342, 334, 343, 1, -1, -0.7853981633974483, 1.4142135623730951
2157, 23, 534, 203, 532, 203, 2, 0, 0.0, 2.0
2157, 29, 444, 150, 443, 151, 1, -1, -0.7853981633974483, 1.4142135623730951
2157, 30, 361, 297, 360, 298, 1, -1, -0.7853981633974483, 1.4142135623730951
2157, 37, 247, 331, 249, 330, -2, 1, 2.677945044588987, 2.23606797749979
2157, 45, 383, 244, 383, 246, 0, -2, -1.5707963267948966, 2.0
2158, 2, 527, 136, 526, 135, 1, 1, 0.7853981633974483, 1.4142135623730951
2158, 14, 367, 379, 366, 380, 1, -1, -0.7853981633974483, 1.4142135623730951
2158, 22, 537, 205, 534, 203, 3, 2, 0.5880026035475675, 3.605551275463989
2158, 29, 360, 295, 361, 297, -1, -2, -2.0344439357957027, 2.23606797749979
2158, 46, 483, 115, 482, 116, 1, -1, -0.7853981633974483, 1.4142135623730951
2159, 0, 391, 216, 391, 218, 0, -2, -1.5707963267948966, 2.0
2159, 2, 528, 137, 527, 136, 1, 1, 0.7853981633974483, 1.4142135623730951
2159, 6, 435, 129, 433, 130, 2, -1, -0.4636476090008061, 2.23606797749979
2159, 10, 619, 281, 620, 280, -1, 1, 2.356194490192345, 1.4142135623730951
2159, 15, 367, 371, 366, 372, 1, -1, -0.7853981633974483, 1.4142135623730951
2159, 16, 517, 133, 515, 133, 2, 0, 0.0, 2.0
2159, 19, 540, 208, 537, 205, 3, 3, 0.7853981633974483, 4.242640687119285
2159, 24, 360, 293, 360, 295, 0, -2, -1.5707963267948966, 2.0
2159, 34, 313, 360, 312, 361, 1, -1, -0.7853981633974483, 1.4142135623730951
2159, 35, 599, 321, 601, 322, -2, -1, -2.677945044588987, 2.23606797749979
2159, 38, 331, 330, 328, 330, 3, 0, 0.0, 3.0
2159, 39, 383, 241, 383, 244, 0, -3, -1.5707963267948966, 3.0
2159, 41, 484, 113, 483, 115, 1, -2, -1.1071487177940904, 2.23606797749979
2159, 42, 286, 409, 285, 410, 1, -1, -0.7853981633974483, 1.4142135623730951
2160, 3, 527, 136, 526, 135, 1, 1, 0.7853981633974483, 1.4142135623730951
2160, 10, 517, 139, 516, 138, 1, 1, 0.7853981633974483, 1.4142135623730951
2160, 20, 441, 271, 441, 273, 0, -2, -1.5707963267948966, 2.0
2160, 23, 385, 244, 384, 245, 1, -1, -0.7853981633974483, 1.4142135623730951
2160, 30, 341, 400, 340, 401, 1, -1, -0.7853981633974483, 1.4142135623730951
2160, 31, 567, 196, 565, 195, 2, 1, 0.4636476090008061, 2.23606797749979
2160, 35, 401, 137, 400, 138, 1, -1, -0.7853981633974483, 1.4142135623730951
2160, 36, 355, 324, 355, 326, 0, -2, -1.5707963267948966, 2.0
2160, 40, 447, 149, 446, 150, 1, -1, -0.7853981633974483, 1.4142135623730951
2160, 71, 602, 306, 603, 305, -1, 1, 2.356194490192345, 1.4142135623730951
2161, 2, 530, 137, 527, 136, 3, 1, 0.3217505543966422, 3.1622776601683795
2161, 3, 164, 317, 165, 316, -1, 1, 2.356194490192345, 1.4142135623730951
2161, 9, 519, 141, 517, 139, 2, 2, 0.7853981633974483, 2.8284271247461903
2161, 18, 441, 269, 441, 271, 0, -2, -1.5707963267948966, 2.0
2161, 28, 568, 197, 567, 196, 1, 1, 0.7853981633974483, 1.4142135623730951
2161, 29, 339, 342, 337, 344, 2, -2, -0.7853981633974483, 2.8284271247461903
2161, 32, 401, 135, 401, 137, 0, -2, -1.5707963267948966, 2.0
2161, 33, 355, 322, 355, 324, 0, -2, -1.5707963267948966, 2.0
2161, 39, 591, 335, 590, 334, 1, 1, 0.7853981633974483, 1.4142135623730951
2161, 40, 193, 331, 190, 332, 3, -1, -0.3217505543966422, 3.1622776601683795
2161, 46, 517, 151, 518, 149, -1, 2, 2.0344439357957027, 2.23606797749979
2161, 48, 512, 139, 507, 133, 5, 6, 0.8760580505981934, 7.810249675906654
2161, 52, 199, 330, 201, 330, -2, 0, 3.141592653589793, 2.0
2161, 58, 421, 215, 422, 218, -1, -3, -1.892546881191539, 3.1622776601683795
2161, 63, 603, 308, 602, 306, 1, 2, 1.1071487177940904, 2.23606797749979
2162, 21, 385, 241, 385, 243, 0, -2, -1.5707963267948966, 2.0
2162, 27, 342, 399, 341, 400, 1, -1, -0.7853981633974483, 1.4142135623730951
2162, 28, 569, 198, 568, 197, 1, 1, 0.7853981633974483, 1.4142135623730951
2162, 32, 402, 134, 401, 135, 1, -1, -0.7853981633974483, 1.4142135623730951
2162, 33, 356, 320, 355, 322, 1, -2, -1.1071487177940904, 2.23606797749979
2162, 37, 448, 147, 447, 148, 1, -1, -0.7853981633974483, 1.4142135623730951
2162, 44, 520, 153, 517, 151, 3, 2, 0.5880026035475675, 3.605551275463989
2162, 51, 599, 322, 598, 323, 1, -1, -0.7853981633974483, 1.4142135623730951
2162, 52, 465, 146, 464, 147, 1, -1, -0.7853981633974483, 1.4142135623730951
2163, 2, 531, 138, 530, 137, 1, 1, 0.7853981633974483, 1.4142135623730951
2163, 8, 522, 142, 520, 141, 2, 1, 0.4636476090008061, 2.23606797749979
2163, 12, 370, 378, 369, 379, 1, -1, -0.7853981633974483, 1.4142135623730951
2163, 22, 337, 369, 336, 370, 1, -1, -0.7853981633974483, 1.4142135623730951
2163, 25, 570, 201, 569, 198, 1, 3, 1.2490457723982544, 3.1622776601683795
2163, 29, 403, 133, 402, 134, 1, -1, -0.7853981633974483, 1.4142135623730951
2163, 40, 522, 152, 520, 153, 2, -1, -0.4636476090008061, 2.23606797749979
2163, 47, 598, 323, 599, 322, -1, 1, 2.356194490192345, 1.4142135623730951
2163, 48, 466, 145, 465, 146, 1, -1, -0.7853981633974483, 1.4142135623730951
2163, 49, 242, 325, 244, 325, -2, 0, 3.141592653589793, 2.0
2164, 1, 532, 139, 531, 138, 1, 1, 0.7853981633974483, 1.4142135623730951
2164, 2, 162, 318, 163, 317, -1, 1, 2.356194490192345, 1.4142135623730951
2164, 7, 523, 143, 522, 142, 1, 1, 0.7853981633974483, 1.4142135623730951
2164, 8, 230, 392, 229, 393, 1, -1, -0.7853981633974483, 1.4142135623730951
2164, 20, 366, 365, 365, 367, 1, -2, -1.1071487177940904, 2.23606797749979
2164, 22, 571, 203, 570, 201, 1, 2, 1.1071487177940904, 2.23606797749979
2164, 26, 404, 132, 403, 133, 1, -1, -0.7853981633974483, 1.4142135623730951
2164, 30, 447, 144, 448, 146, -1, -2, -2.0344439357957027, 2.23606797749979
2164, 33, 545, 245, 546, 244, -1, 1, 2.356194490192345, 1.4142135623730951
2164, 44, 467, 144, 466, 145, 1, -1, -0.7853981633974483, 1.4142135623730951
2165, 3, 532, 141, 530, 139, 2, 2, 0.7853981633974483, 2.8284271247461903
2165, 10, 440, 274, 440, 276, 0, -2, -1.5707963267948966, 2.0
2165, 11, 367, 281, 367, 283, 0, -2, -1.5707963267948966, 2.0
2165, 15, 344, 399, 343, 400, 1, -1, -0.7853981633974483, 1.4142135623730951
2165, 19, 522, 142, 520, 141, 2, 1, 0.4636476090008061, 2.23606797749979
2165, 24, 370, 378, 369, 379, 1, -1, -0.7853981633974483, 1.4142135623730951
2165, 27, 520, 147, 520, 149, 0, -2, -1.5707963267948966, 2.0
2165, 28, 449, 148, 448, 149, 1, -1, -0.7853981633974483, 1.4142135623730951
2165, 32, 385, 241, 385, 243, 0, -2, -1.5707963267948966, 2.0
2165, 41, 365, 223, 366, 225, -1, -2, -2.0344439357957027, 2.23606797749979
2165, 45, 443, 114, 443, 116, 0, -2, -1.5707963267948966, 2.0
2165, 47, 514, 137, 511, 135, 3, 2, 0.5880026035475675, 3.605551275463989
2165, 60, 424, 237, 424, 239, 0, -2, -1.5707963267948966, 2.0
2166, 2, 534, 143, 532, 141, 2, 2, 0.7853981633974483, 2.8284271247461903
2166, 3, 438, 128, 437, 130, 1, -2, -1.1071487177940904, 2.23606797749979
2166, 7, 190, 308, 188, 309, 2, -1, -0.4636476090008061, 2.23606797749979
2166, 9, 367, 279, 367, 281, 0, -2, -1.5707963267948966, 2.0
2166, 14, 367, 367, 366, 368, 1, -1, -0.7853981633974483, 1.4142135623730951
2166, 17, 523, 141, 522, 142, 1, -1, -0.7853981633974483, 1.4142135623730951
2166, 19, 356, 318, 356, 321, 0, -3, -1.5707963267948966, 3.0
2166, 22, 371, 377, 370, 378, 1, -1, -0.7853981633974483, 1.4142135623730951
2166, 23, 448, 277, 447, 278, 1, -1, -0.7853981633974483, 1.4142135623730951
2166, 25, 518, 145, 520, 147, -2, -2, -2.356194490192345, 2.8284271247461903
2166, 35, 586, 277, 587, 279, -1, -2, -2.0344439357957027, 2.23606797749979
2166, 37, 481, 144, 480, 145, 1, -1, -0.7853981633974483, 1.4142135623730951
2166, 42, 515, 139, 514, 137, 1, 2, 1.1071487177940904, 2.23606797749979
2166, 45, 292, 410, 291, 411, 1, -1, -0.7853981633974483, 1.4142135623730951
2166, 46, 441, 169, 440, 170, 1, -1, -0.7853981633974483, 1.4142135623730951
2166, 50, 341, 344, 340, 345, 1, -1, -0.7853981633974483, 1.4142135623730951
2166, 52, 425, 234, 424, 237, 1, -3, -1.2490457723982544, 3.1622776601683795
2167, 0, 392, 216, 393, 218, -1, -2, -2.0344439357957027, 2.23606797749979
2167, 2, 535, 144, 534, 143, 1, 1, 0.7853981633974483, 1.4142135623730951
2167, 8, 366, 277, 367, 279, -1, -2, -2.0344439357957027, 2.23606797749979
2167, 12, 345, 397, 344, 398, 1, -1, -0.7853981633974483, 1.4142135623730951
2167, 13, 367, 365, 367, 367, 0, -2, -1.5707963267948966, 2.0
2167, 14, 381, 316, 380, 317, 1, -1, -0.7853981633974483, 1.4142135623730951
2167, 16, 524, 142, 523, 141, 1, 1, 0.7853981633974483, 1.4142135623730951
2167, 17, 316, 360, 315, 361, 1, -1, -0.7853981633974483, 1.4142135623730951
2167, 18, 355, 316, 356, 318, -1, -2, -2.0344439357957027, 2.23606797749979
2167, 21, 372, 375, 371, 377, 1, -2, -1.1071487177940904, 2.23606797749979
2167, 23, 516, 143, 518, 145, -2, -2, -2.356194490192345, 2.8284271247461903
2167, 28, 261, 370, 260, 372, 1, -2, -1.1071487177940904, 2.23606797749979
2167, 33, 172, 310, 172, 312, 0, -2, -1.5707963267948966, 2.0
2167, 39, 520, 140, 515, 139, 5, 1, 0.19739555984988075, 5.0990195135927845
2167, 42, 293, 409, 292, 410, 1, -1, -0.7853981633974483, 1.4142135623730951
2167, 45, 342, 343, 341, 344, 1, -1, -0.7853981633974483, 1.4142135623730951
2167, 47, 425, 232, 425, 234, 0, -2, -1.5707963267948966, 2.0
2168, 2, 536, 145, 535, 144, 1, 1, 0.7853981633974483, 1.4142135623730951
2168, 7, 364, 277, 366, 277, -2, 0, 3.141592653589793, 2.0
2168, 12, 368, 364, 367, 365, 1, -1, -0.7853981633974483, 1.4142135623730951
2168, 16, 355, 314, 355, 316, 0, -2, -1.5707963267948966, 2.0
2168, 17, 410, 129, 410, 131, 0, -2, -1.5707963267948966, 2.0
2168, 26, 553, 257, 554, 256, -1, 1, 2.356194490192345, 1.4142135623730951
2168, 34, 520, 144, 520, 140, 0, 4, 1.5707963267948966, 4.0
2168, 36, 294, 408, 293, 409, 1, -1, -0.7853981633974483, 1.4142135623730951
2168, 41, 426, 231, 425, 232, 1, -1, -0.7853981633974483, 1.4142135623730951
2169, 2, 537, 146, 536, 145, 1, 1, 0.7853981633974483, 1.4142135623730951
2169, 6, 363, 275, 364, 277, -1, -2, -2.0344439357957027, 2.23606797749979
2169, 11, 369, 363, 368, 364, 1, -1, -0.7853981633974483, 1.4142135623730951
2169, 14, 317, 358, 316, 359, 1, -1, -0.7853981633974483, 1.4142135623730951
2169, 15, 355, 311, 355, 314, 0, -3, -1.5707963267948966, 3.0
2169, 17, 373, 373, 372, 374, 1, -1, -0.7853981633974483, 1.4142135623730951
2169, 29, 443, 109, 443, 111, 0, -2, -1.5707963267948966, 2.0
2169, 32, 295, 407, 294, 408, 1, -1, -0.7853981633974483, 1.4142135623730951
2170, 4, 536, 144, 535, 143, 1, 1, 0.7853981633974483, 1.4142135623730951
2170, 15, 348, 397, 347, 398, 1, -1, -0.7853981633974483, 1.4142135623730951
2170, 16, 366, 278, 367, 280, -1, -2, -2.0344439357957027, 2.23606797749979
2170, 17, 319, 361, 318, 362, 1, -1, -0.7853981633974483, 1.4142135623730951
2170, 22, 356, 315, 356, 317, 0, -2, -1.5707963267948966, 2.0
2170, 26, 374, 378, 373, 379, 1, -1, -0.7853981633974483, 1.4142135623730951
2170, 27, 506, 128, 505, 127, 1, 1, 0.7853981633974483, 1.4142135623730951
2170, 29, 529, 149, 528, 148, 1, 1, 0.7853981633974483, 1.4142135623730951
2170, 32, 558, 185, 557, 184, 1, 1, 0.7853981633974483, 1.4142135623730951
2170, 52, 318, 352, 316, 353, 2, -1, -0.4636476090008061, 2.23606797749979
2171, 3, 537, 145, 536, 144, 1, 1, 0.7853981633974483, 1.4142135623730951
2171, 14, 366, 276, 366, 278, 0, -2, -1.5707963267948966, 2.0
2171, 20, 356, 313, 356, 315, 0, -2, -1.5707963267948966, 2.0
2171, 23, 375, 377, 374, 378, 1, -1, -0.7853981633974483, 1.4142135623730951
2171, 26, 530, 150, 529, 149, 1, 1, 0.7853981633974483, 1.4142135623730951
2171, 29, 559, 186, 558, 185, 1, 1, 0.7853981633974483, 1.4142135623730951
2171, 32, 449, 144, 448, 146, 1, -2, -1.1071487177940904, 2.23606797749979
2171, 41, 610, 323, 609, 324, 1, -1, -0.7853981633974483, 1.4142135623730951
2171, 42, 577, 220, 578, 219, -1, 1, 2.356194490192345, 1.4142135623730951
2171, 45, 320, 352, 318, 352, 2, 0, 0.0, 2.0
2171, 55, 412, 303, 412, 308, 0, -5, -1.5707963267948966, 5.0
2171, 62, 368, 215, 367, 219, 1, -4, -1.3258176636680326, 4.123105625617661
2172, 3, 539, 146, 537, 145, 2, 1, 0.4636476090008061, 2.23606797749979
2172, 13, 349, 395, 348, 396, 1, -1, -0.7853981633974483, 1.4142135623730951
2172, 14, 366, 274, 366, 276, 0, -2, -1.5707963267948966, 2.0
2172, 15, 320, 359, 319, 360, 1, -1, -0.7853981633974483, 1.4142135623730951
2172, 18, 413, 130, 412, 131, 1, -1, -0.7853981633974483, 1.4142135623730951
2172, 19, 356, 311, 356, 313, 0, -2, -1.5707963267948966, 2.0
2172, 25, 531, 151, 530, 150, 1, 1, 0.7853981633974483, 1.4142135623730951
2172, 26, 489, 150, 487, 150, 2, 0, 0.0, 2.0
2172, 31, 449, 142, 449, 144, 0, -2, -1.5707963267948966, 2.0
2172, 44, 321, 351, 320, 352, 1, -1, -0.7853981633974483, 1.4142135623730951
2173, 2, 541, 147, 539, 146, 2, 1, 0.4636476090008061, 2.23606797749979
2173, 3, 262, 376, 261, 377, 1, -1, -0.7853981633974483, 1.4142135623730951
2173, 10, 369, 364, 368, 366, 1, -2, -1.1071487177940904, 2.23606797749979
2173, 12, 321, 358, 320, 359, 1, -1, -0.7853981633974483, 1.4142135623730951
2173, 15, 414, 129, 413, 130, 1, -1, -0.7853981633974483, 1.4142135623730951
2173, 16, 356, 309, 356, 311, 0, -2, -1.5707963267948966, 2.0
2173, 19, 376, 375, 375, 376, 1, -1, -0.7853981633974483, 1.4142135623730951
2173, 22, 532, 152, 531, 151, 1, 1, 0.7853981633974483, 1.4142135623730951
2173, 23, 490, 151, 489, 150, 1, 1, 0.7853981633974483, 1.4142135623730951
2173, 28, 450, 141, 449, 142, 1, -1, -0.7853981633974483, 1.4142135623730951
2173, 29, 335, 325, 334, 326, 1, -1, -0.7853981633974483, 1.4142135623730951
2173, 36, 475, 148, 474, 149, 1, -1, -0.7853981633974483, 1.4142135623730951
2173, 49, 410, 302, 412, 302, -2, 0, 3.141592653589793, 2.0
2173, 51, 211, 330, 213, 330, -2, 0, 3.141592653589793, 2.0
2173, 56, 368, 212, 368, 214, 0, -2, -1.5707963267948966, 2.0
2174, 2, 543, 148, 541, 147, 2, 1, 0.4636476090008061, 2.23606797749979
2174, 10, 370, 363, 369, 364, 1, -1, -0.7853981633974483, 1.4142135623730951
2174, 16, 356, 307, 356, 309, 0, -2, -1.5707963267948966, 2.0
2174, 23, 492, 152, 490, 151, 2, 1, 0.4636476090008061, 2.23606797749979
2174, 25, 563, 187, 561, 186, 2, 1, 0.4636476090008061, 2.23606797749979
2174, 26, 192, 330, 191, 329, 1, 1, 0.7853981633974483, 1.4142135623730951
2174, 27, 451, 139, 450, 141, 1, -2, -1.1071487177940904, 2.23606797749979
2174, 31, 376, 306, 375, 308, 1, -2, -1.1071487177940904, 2.23606797749979
2174, 35, 476, 147, 475, 148, 1, -1, -0.7853981633974483, 1.4142135623730951
2174, 36, 612, 324, 611, 323, 1, 1, 0.7853981633974483, 1.4142135623730951
2174, 46, 209, 329, 211, 330, -2, -1, -2.677945044588987, 2.23606797749979
2175, 6, 541, 148, 539, 147, 2, 1, 0.4636476090008061, 2.23606797749979
2175, 9, 441, 127, 440, 128, 1, -1, -0.7853981633974483, 1.4142135623730951
2175, 11, 351, 395, 350, 396, 1, -1, -0.7853981633974483, 1.4142135623730951
2175, 19, 377, 375, 376, 376, 1, -1, -0.7853981633974483, 1.4142135623730951
2175, 23, 386, 236, 386, 238, 0, -2, -1.5707963267948966, 2.0
2175, 24, 543, 254, 544, 253, -1, 1, 2.356194490192345, 1.4142135623730951
2175, 25, 379, 307, 378, 308, 1, -1, -0.7853981633974483, 1.4142135623730951
2175, 39, 532, 156, 531, 155, 1, 1, 0.7853981633974483, 1.4142135623730951
2175, 44, 360, 275, 361, 277, -1, -2, -2.0344439357957027, 2.23606797749979
2175, 47, 578, 284, 579, 283, -1, 1, 2.356194490192345, 1.4142135623730951
2176, 1, 396, 213, 396, 215, 0, -2, -1.5707963267948966, 2.0
2176, 2, 262, 377, 261, 378, 1, -1, -0.7853981633974483, 1.4142135623730951
2176, 5, 542, 149, 541, 148, 1, 1, 0.7853981633974483, 1.4142135623730951
2176, 7, 237, 394, 236, 395, 1, -1, -0.7853981633974483, 1.4142135623730951
2176, 9, 199, 263, 200, 262, -1, 1, 2.356194490192345, 1.4142135623730951
2176, 23, 453, 142, 452, 144, 1, -2, -1.1071487177940904, 2.23606797749979
2176, 25, 475, 153, 473, 153, 2, 0, 0.0, 2.0
2176, 35, 533, 157, 532, 156, 1, 1, 0.7853981633974483, 1.4142135623730951
2176, 42, 382, 293, 383, 295, -1, -2, -2.0344439357957027, 2.23606797749979
2176, 52, 361, 344, 361, 346, 0, -2, -1.5707963267948966, 2.0
2176, 53, 597, 208, 596, 211, 1, -3, -1.2490457723982544, 3.1622776601683795
2177, 4, 543, 150, 542, 149, 1, 1, 0.7853981633974483, 1.4142135623730951
2177, 19, 542, 255, 543, 254, -1, 1, 2.356194490192345, 1.4142135623730951
2177, 22, 465, 230, 466, 229, -1, 1, 2.356194490192345, 1.4142135623730951
2177, 23, 477, 153, 475, 153, 2, 0, 0.0, 2.0
2177, 31, 443, 164, 443, 166, 0, -2, -1.5707963267948966, 2.0
2177, 39, 577, 285, 578, 284, -1, 1, 2.356194490192345, 1.4142135623730951
2178, 4, 544, 151, 543, 150, 1, 1, 0.7853981633974483, 1.4142135623730951
2178, 5, 568, 265, 567, 264, 1, 1, 0.7853981633974483, 1.4142135623730951
2178, 13, 378, 371, 377, 373, 1, -2, -1.1071487177940904, 2.23606797749979
2178, 17, 385, 232, 386, 234, -1, -2, -2.0344439357957027, 2.23606797749979
2178, 20, 454, 140, 453, 141, 1, -1, -0.7853981633974483, 1.4142135623730951
2178, 22, 479, 153, 477, 153, 2, 0, 0.0, 2.0
2178, 30, 535, 158, 534, 157, 1, 1, 0.7853981633974483, 1.4142135623730951
2179, 12, 379, 370, 378, 371, 1, -1, -0.7853981633974483, 1.4142135623730951
2179, 16, 385, 230, 385, 232, 0, -2, -1.5707963267948966, 2.0
2179, 19, 455, 139, 454, 140, 1, -1, -0.7853981633974483, 1.4142135623730951
2179, 20, 481, 153, 479, 153, 2, 0, 0.0, 2.0
2179, 26, 603, 342, 602, 341, 1, 1, 0.7853981633974483, 1.4142135623730951
2179, 28, 537, 159, 535, 158, 2, 1, 0.4636476090008061, 2.23606797749979
2179, 33, 576, 287, 577, 286, -1, 1, 2.356194490192345, 1.4142135623730951
2179, 38, 362, 340, 361, 342, 1, -2, -1.1071487177940904, 2.23606797749979
2180, 6, 544, 152, 543, 151, 1, 1, 0.7853981633974483, 1.4142135623730951
2180, 10, 483, 154, 481, 155, 2, -1, -0.4636476090008061, 2.23606797749979
2180, 12, 354, 395, 353, 396, 1, -1, -0.7853981633974483, 1.4142135623730951
2180, 16, 378, 374, 378, 376, 0, -2, -1.5707963267948966, 2.0
2180, 18, 549, 235, 547, 232, 2, 3, 0.982793723247329, 3.605551275463989
2180, 22, 417, 130, 416, 131, 1, -1, -0.7853981633974483, 1.4142135623730951
2180, 25, 533, 153, 532, 152, 1, 1, 0.7853981633974483, 1.4142135623730951
2180, 28, 339, 328, 338, 329, 1, -1, -0.7853981633974483, 1.4142135623730951
2180, 32, 456, 142, 455, 143, 1, -1, -0.7853981633974483, 1.4142135623730951
2180, 41, 611, 314, 612, 313, -1, 1, 2.356194490192345, 1.4142135623730951
2180, 42, 535, 163, 533, 164, 2, -1, -0.4636476090008061, 2.23606797749979
2180, 54, 363, 268, 363, 271, 0, -3, -1.5707963267948966, 3.0
2180, 58, 391, 219, 391, 221, 0, -2, -1.5707963267948966, 2.0
2180, 69, 536, 188, 535, 187, 1, 1, 0.7853981633974483, 1.4142135623730951
2181, 4, 263, 375, 262, 376, 1, -1, -0.7853981633974483, 1.4142135623730951
2181, 6, 545, 153, 544, 152, 1, 1, 0.7853981633974483, 1.4142135623730951
2181, 10, 485, 153, 483, 154, 2, -1, -0.4636476090008061, 2.23606797749979
2181, 15, 379, 373, 378, 374, 1, -1, -0.7853981633974483, 1.4142135623730951
2181, 17, 551, 238, 549, 235, 2, 3, 0.982793723247329, 3.605551275463989
2181, 23, 534, 154, 533, 153, 1, 1, 0.7853981633974483, 1.4142135623730951
2181, 26, 340, 327, 339, 328, 1, -1, -0.7853981633974483, 1.4142135623730951
2181, 30, 457, 141, 456, 142, 1, -1, -0.7853981633974483, 1.4142135623730951
2181, 50, 364, 264, 363, 268, 1, -4, -1.3258176636680326, 4.123105625617661
2181, 53, 410, 137, 409, 138, 1, -1, -0.7853981633974483, 1.4142135623730951
2181, 55, 578, 288, 579, 287, -1, 1, 2.356194490192345, 1.4142135623730951
2181, 58, 526, 148, 524, 148, 2, 0, 0.0, 2.0
2181, 59, 564, 192, 563, 191, 1, 1, 0.7853981633974483, 1.4142135623730951
2181, 64, 420, 244, 422, 243, -2, 1, 2.677945044588987, 2.23606797749979
2182, 6, 546, 155, 545, 153, 1, 2, 1.1071487177940904, 2.23606797749979
2182, 15, 379, 371, 379, 373, 0, -2, -1.5707963267948966, 2.0
2182, 17, 552, 239, 551, 238, 1, 1, 0.7853981633974483, 1.4142135623730951
2182, 36, 345, 337, 344, 338, 1, -1, -0.7853981633974483, 1.4142135623730951
2182, 46, 365, 262, 364, 264, 1, -2, -1.1071487177940904, 2.23606797749979
2182, 49, 411, 136, 410, 137, 1, -1, -0.7853981633974483, 1.4142135623730951
2182, 51, 577, 289, 578, 288, -1, 1, 2.356194490192345, 1.4142135623730951
2182, 54, 527, 150, 526, 148, 1, 2, 1.1071487177940904, 2.23606797749979
2182, 55, 565, 193, 564, 192, 1, 1, 0.7853981633974483, 1.4142135623730951
2183, 0, 398, 209, 397, 210, 1, -1, -0.7853981633974483, 1.4142135623730951
2183, 5, 547, 157, 546, 155, 1, 2, 1.1071487177940904, 2.23606797749979
2183, 7, 442, 124, 441, 125, 1, -1, -0.7853981633974483, 1.4142135623730951
2183, 10, 356, 393, 355, 394, 1, -1, -0.7853981633974483, 1.4142135623730951
2183, 11, 197, 263, 198, 262, -1, 1, 2.356194490192345, 1.4142135623730951
2183, 15, 418, 128, 417, 129, 1, -1, -0.7853981633974483, 1.4142135623730951
2183, 18, 536, 157, 535, 154, 1, 3, 1.2490457723982544, 3.1622776601683795
2183, 39, 211, 245, 212, 244, -1, 1, 2.356194490192345, 1.4142135623730951
2183, 41, 366, 259, 365, 262, 1, -3, -1.2490457723982544, 3.1622776601683795
2183, 42, 548, 253, 547, 252, 1, 1, 0.7853981633974483, 1.4142135623730951
2183, 47, 373, 361, 373, 363, 0, -2, -1.5707963267948966, 2.0
2183, 49, 530, 149, 527, 150, 3, -1, -0.3217505543966422, 3.1622776601683795
2183, 52, 586, 264, 585, 263, 1, 1, 0.7853981633974483, 1.4142135623730951
2183, 55, 417, 245, 419, 244, -2, 1, 2.677945044588987, 2.23606797749979
2184, 0, 397, 206, 398, 209, -1, -3, -1.892546881191539, 3.1622776601683795
2184, 1, 238, 393, 237, 394, 1, -1, -0.7853981633974483, 1.4142135623730951
2184, 5, 548, 158, 547, 157, 1, 1, 0.7853981633974483, 1.4142135623730951
2184, 10, 357, 391, 356, 393, 1, -2, -1.1071487177940904, 2.23606797749979
2184, 16, 326, 357, 325, 359, 1, -2, -1.1071487177940904, 2.23606797749979
2184, 21, 341, 325, 340, 326, 1, -1, -0.7853981633974483, 1.4142135623730951
2184, 23, 458, 138, 457, 139, 1, -1, -0.7853981633974483, 1.4142135623730951
2184, 41, 547, 254, 548, 253, -1, 1, 2.356194490192345, 1.4142135623730951
2184, 42, 400, 305, 402, 305, -2, 0, 3.141592653589793, 2.0
2184, 48, 531, 152, 530, 149, 1, 3, 1.2490457723982544, 3.1622776601683795
2184, 49, 566, 195, 565, 194, 1, 1, 0.7853981633974483, 1.4142135623730951
2185, 4, 549, 158, 547, 156, 2, 2, 0.7853981633974483, 2.8284271247461903
2185, 6, 570, 268, 571, 267, -1, 1, 2.356194490192345, 1.4142135623730951
2185, 18, 357, 395, 356, 396, 1, -1, -0.7853981633974483, 1.4142135623730951
2185, 22, 380, 370, 379, 371, 1, -1, -0.7853981633974483, 1.4142135623730951
2185, 32, 326, 359, 325, 360, 1, -1, -0.7853981633974483, 1.4142135623730951
2185, 34, 362, 301, 361, 304, 1, -3, -1.2490457723982544, 3.1622776601683795
2185, 36, 602, 290, 603, 289, -1, 1, 2.356194490192345, 1.4142135623730951
2185, 40, 548, 221, 547, 222, 1, -1, -0.7853981633974483, 1.4142135623730951
2185, 43, 350, 363, 349, 364, 1, -1, -0.7853981633974483, 1.4142135623730951
2185, 46, 578, 290, 579, 289, -1, 1, 2.356194490192345, 1.4142135623730951
2185, 51, 382, 363, 381, 364, 1, -1, -0.7853981633974483, 1.4142135623730951
2185, 52, 306, 409, 305, 410, 1, -1, -0.7853981633974483, 1.4142135623730951
2185, 64, 617, 315, 616, 316, 1, -1, -0.7853981633974483, 1.4142135623730951
2185, 69, 440, 343, 439, 344, 1, -1, -0.7853981633974483, 1.4142135623730951
2185, 76, 521, 127, 520, 126, 1, 1, 0.7853981633974483, 1.4142135623730951
2186, 6, 239, 393, 238, 394, 1, -1, -0.7853981633974483, 1.4142135623730951
2186, 33, 362, 299, 362, 301, 0, -2, -1.5707963267948966, 2.0
2186, 39, 549, 222, 548, 221, 1, 1, 0.7853981633974483, 1.4142135623730951
2186, 40, 459, 139, 458, 141, 1, -2, -1.1071487177940904, 2.23606797749979
2186, 45, 577, 291, 578, 290, -1, 1, 2.356194490192345, 1.4142135623730951
2186, 49, 382, 361, 382, 363, 0, -2, -1.5707963267948966, 2.0
2186, 69, 487, 150, 486, 151, 1, -1, -0.7853981633974483, 1.4142135623730951
2187, 18, 381, 368, 380, 369, 1, -1, -0.7853981633974483, 1.4142135623730951
2187, 28, 362, 296, 362, 299, 0, -3, -1.5707963267948966, 3.0
2187, 30, 600, 291, 601, 290, -1, 1, 2.356194490192345, 1.4142135623730951
2187, 34, 551, 223, 549, 222, 2, 1, 0.4636476090008061, 2.23606797749979
2187, 35, 460, 138, 459, 139, 1, -1, -0.7853981633974483, 1.4142135623730951
2187, 38, 616, 336, 615, 335, 1, 1, 0.7853981633974483, 1.4142135623730951
2187, 40, 576, 292, 577, 291, -1, 1, 2.356194490192345, 1.4142135623730951
2187, 44, 308, 408, 307, 409, 1, -1, -0.7853981633974483, 1.4142135623730951
2187, 63, 479, 147, 478, 148, 1, -1, -0.7853981633974483, 1.4142135623730951
2188, 12, 612, 214, 610, 213, 2, 1, 0.4636476090008061, 2.23606797749979
2188, 14, 468, 230, 470, 230, -2, 0, 3.141592653589793, 2.0
2188, 15, 358, 391, 358, 394, 0, -3, -1.5707963267948966, 3.0
2188, 16, 363, 278, 362, 279, 1, -1, -0.7853981633974483, 1.4142135623730951
2188, 18, 418, 125, 417, 127, 1, -2, -1.1071487177940904, 2.23606797749979
2188, 22, 278, 344, 277, 343, 1, 1, 0.7853981633974483, 1.4142135623730951
2188, 24, 328, 356, 327, 359, 1, -3, -1.2490457723982544, 3.1622776601683795
2188, 25, 507, 126, 506, 127, 1, -1, -0.7853981633974483, 1.4142135623730951
2188, 28, 632, 318, 630, 319, 2, -1, -0.4636476090008061, 2.23606797749979
2188, 38, 587, 315, 588, 314, -1, 1, 2.356194490192345, 1.4142135623730951
2188, 40, 382, 358, 382, 360, 0, -2, -1.5707963267948966, 2.0
2188, 41, 309, 407, 308, 408, 1, -1, -0.7853981633974483, 1.4142135623730951
2188, 50, 537, 160, 536, 158, 1, 2, 1.1071487177940904, 2.23606797749979
2188, 52, 360, 203, 359, 205, 1, -2, -1.1071487177940904, 2.23606797749979
2188, 54, 441, 342, 440, 343, 1, -1, -0.7853981633974483, 1.4142135623730951
2188, 55, 594, 212, 595, 211, -1, 1, 2.356194490192345, 1.4142135623730951
2188, 56, 489, 149, 488, 150, 1, -1, -0.7853981633974483, 1.4142135623730951
2188, 58, 481, 146, 479, 147, 2, -1, -0.4636476090008061, 2.23606797749979
2188, 62, 308, 318, 309, 317, -1, 1, 2.356194490192345, 1.4142135623730951
2189, 2, 550, 162, 549, 161, 1, 1, 0.7853981633974483, 1.4142135623730951
2189, 15, 363, 276, 363, 278, 0, -2, -1.5707963267948966, 2.0
2189, 16, 382, 366, 381, 367, 1, -1, -0.7853981633974483, 1.4142135623730951
2189, 17, 419, 124, 418, 125, 1, -1, -0.7853981633974483, 1.4142135623730951
2189, 23, 328, 354, 328, 356, 0, -2, -1.5707963267948966, 2.0
2189, 30, 553, 226, 551, 224, 2, 2, 0.7853981633974483, 2.8284271247461903
2189, 31, 461, 137, 460, 138, 1, -1, -0.7853981633974483, 1.4142135623730951
2189, 47, 537, 162, 537, 160, 0, 2, 1.5707963267948966, 2.0
2189, 48, 549, 257, 550, 256, -1, 1, 2.356194490192345, 1.4142135623730951
2189, 49, 360, 201, 360, 203, 0, -2, -1.5707963267948966, 2.0
2189, 53, 490, 148, 489, 149, 1, -1, -0.7853981633974483, 1.4142135623730951
2189, 54, 484, 145, 481, 146, 3, -1, -0.3217505543966422, 3.1622776601683795
2189, 56, 524, 128, 523, 127, 1, 1, 0.7853981633974483, 1.4142135623730951
2190, 2, 552, 162, 550, 160, 2, 2, 0.7853981633974483, 2.8284271247461903
2190, 17, 383, 370, 382, 371, 1, -1, -0.7853981633974483, 1.4142135623730951
2190, 23, 361, 387, 360, 388, 1, -1, -0.7853981633974483, 1.4142135623730951
2190, 29, 606, 347, 605, 346, 1, 1, 0.7853981633974483, 1.4142135623730951
2190, 32, 441, 270, 441, 272, 0, -2, -1.5707963267948966, 2.0
2190, 35, 460, 141, 459, 142, 1, -1, -0.7853981633974483, 1.4142135623730951
2190, 38, 329, 358, 328, 359, 1, -1, -0.7853981633974483, 1.4142135623730951
2190, 39, 362, 297, 362, 299, 0, -2, -1.5707963267948966, 2.0
2190, 41, 579, 294, 580, 293, -1, 1, 2.356194490192345, 1.4142135623730951
2190, 51, 309, 408, 308, 409, 1, -1, -0.7853981633974483, 1.4142135623730951
2190, 53, 362, 203, 361, 205, 1, -2, -1.1071487177940904, 2.23606797749979
2190, 55, 487, 145, 485, 146, 2, -1, -0.4636476090008061, 2.23606797749979
2190, 56, 511, 163, 512, 162, -1, 1, 2.356194490192345, 1.4142135623730951
2190, 61, 589, 292, 590, 291, -1, 1, 2.356194490192345, 1.4142135623730951
2190, 64, 487, 122, 486, 123, 1, -1, -0.7853981633974483, 1.4142135623730951
2191, 2, 554, 163, 552, 162, 2, 1, 0.4636476090008061, 2.23606797749979
2191, 3, 446, 123, 445, 124, 1, -1, -0.7853981633974483, 1.4142135623730951
2191, 11, 387, 229, 388, 231, -1, -2, -2.0344439357957027, 2.23606797749979
2191, 12, 388, 312, 387, 313, 1, -1, -0.7853981633974483, 1.4142135623730951
2191, 18, 612, 318, 611, 317, 1, 1, 0.7853981633974483, 1.4142135623730951
2191, 22, 361, 385, 361, 387, 0, -2, -1.5707963267948966, 2.0
2191, 32, 461, 140, 460, 141, 1, -1, -0.7853981633974483, 1.4142135623730951
2191, 35, 330, 357, 329, 358, 1, -1, -0.7853981633974483, 1.4142135623730951
2191, 36, 362, 294, 362, 297, 0, -3, -1.5707963267948966, 3.0
2191, 48, 310, 407, 309, 408, 1, -1, -0.7853981633974483, 1.4142135623730951
2191, 49, 362, 201, 362, 203, 0, -2, -1.5707963267948966, 2.0
2191, 51, 488, 144, 487, 145, 1, -1, -0.7853981633974483, 1.4142135623730951
2191, 52, 510, 165, 511, 163, -1, 2, 2.0344439357957027, 2.23606797749979
2192, 1, 571, 271, 572, 270, -1, 1, 2.356194490192345, 1.4142135623730951
2192, 2, 556, 164, 554, 163, 2, 1, 0.4636476090008061, 2.23606797749979
2192, 13, 384, 368, 383, 369, 1, -1, -0.7853981633974483, 1.4142135623730951
2192, 23, 608, 348, 607, 347, 1, 1, 0.7853981633974483, 1.4142135623730951
2192, 27, 462, 139, 461, 140, 1, -1, -0.7853981633974483, 1.4142135623730951
2192, 29, 502, 145, 500, 145, 2, 0, 0.0, 2.0
2192, 31, 361, 292, 362, 294, -1, -2, -2.0344439357957027, 2.23606797749979
2192, 37, 546, 169, 545, 168, 1, 1, 0.7853981633974483, 1.4142135623730951
2192, 43, 363, 199, 362, 201, 1, -2, -1.1071487177940904, 2.23606797749979
2192, 46, 510, 167, 510, 165, 0, 2, 1.5707963267948966, 2.0
2192, 51, 588, 294, 589, 293, -1, 1, 2.356194490192345, 1.4142135623730951
2192, 52, 488, 121, 487, 122, 1, -1, -0.7853981633974483, 1.4142135623730951
2192, 53, 601, 292, 602, 291, -1, 1, 2.356194490192345, 1.4142135623730951
2193, 2, 557, 165, 556, 164, 1, 1, 0.7853981633974483, 1.4142135623730951
2193, 9, 389, 310, 388, 311, 1, -1, -0.7853981633974483, 1.4142135623730951
2193, 13, 385, 367, 384, 368, 1, -1, -0.7853981633974483, 1.4142135623730951
2193, 18, 362, 383, 361, 384, 1, -1, -0.7853981633974483, 1.4142135623730951
2193, 19, 195, 307, 196, 306, -1, 1, 2.356194490192345, 1.4142135623730951
2193, 24, 442, 267, 441, 268, 1, -1, -0.7853981633974483, 1.4142135623730951
2193, 27, 463, 138, 462, 139, 1, -1, -0.7853981633974483, 1.4142135623730951
2193, 31, 360, 290, 361, 292, -1, -2, -2.0344439357957027, 2.23606797749979
2193, 40, 314, 405, 311, 407, 3, -2, -0.5880026035475675, 3.605551275463989
2193, 41, 364, 197, 363, 199, 1, -2, -1.1071487177940904, 2.23606797749979
2193, 48, 489, 120, 488, 121, 1, -1, -0.7853981633974483, 1.4142135623730951
2194, 2, 558, 166, 557, 165, 1, 1, 0.7853981633974483, 1.4142135623730951
2194, 12, 617, 332, 616, 333, 1, -1, -0.7853981633974483, 1.4142135623730951
2194, 13, 386, 365, 385, 367, 1, -2, -1.1071487177940904, 2.23606797749979
2194, 17, 363, 382, 362, 383, 1, -1, -0.7853981633974483, 1.4142135623730951
2194, 20, 197, 264, 198, 263, -1, 1, 2.356194490192345, 1.4142135623730951
2194, 22, 610, 349, 609, 348, 1, 1, 0.7853981633974483, 1.4142135623730951
2194, 29, 331, 355, 330, 356, 1, -1, -0.7853981633974483, 1.4142135623730951
2194, 37, 291, 337, 290, 338, 1, -1, -0.7853981633974483, 1.4142135623730951
2194, 41, 491, 143, 490, 144, 1, -1, -0.7853981633974483, 1.4142135623730951
2195, 28, 546, 179, 542, 176, 4, 3, 0.6435011087932844, 5.0
2195, 29, 467, 137, 466, 138, 1, -1, -0.7853981633974483, 1.4142135623730951
2195, 30, 386, 367, 385, 368, 1, -1, -0.7853981633974483, 1.4142135623730951
2195, 57, 457, 186, 457, 189, 0, -3, -1.5707963267948966, 3.0
2195, 59, 357, 297, 358, 299, -1, -2, -2.0344439357957027, 2.23606797749979
2195, 63, 181, 347, 180, 348, 1, -1, -0.7853981633974483, 1.4142135623730951
2196, 11, 363, 391, 362, 392, 1, -1, -0.7853981633974483, 1.4142135623730951
2196, 14, 545, 166, 543, 166, 2, 0, 0.0, 2.0
2196, 25, 548, 179, 546, 179, 2, 0, 0.0, 2.0
2196, 26, 468, 136, 467, 137, 1, -1, -0.7853981633974483, 1.4142135623730951
2196, 37, 621, 335, 620, 336, 1, -1, -0.7853981633974483, 1.4142135623730951
2196, 44, 196, 335, 196, 337, 0, -2, -1.5707963267948966, 2.0
2196, 50, 458, 182, 457, 186, 1, -4, -1.3258176636680326, 4.123105625617661
2197, 0, 557, 168, 556, 166, 1, 2, 1.1071487177940904, 2.23606797749979
2197, 2, 247, 395, 246, 396, 1, -1, -0.7853981633974483, 1.4142135623730951
2197, 5, 269, 374, 268, 375, 1, -1, -0.7853981633974483, 1.4142135623730951
2197, 14, 546, 167, 545, 166, 1, 1, 0.7853981633974483, 1.4142135623730951
2197, 19, 591, 289, 592, 288, -1, 1, 2.356194490192345, 1.4142135623730951
2197, 20, 600, 295, 601, 294, -1, 1, 2.356194490192345, 1.4142135623730951
2197, 24, 550, 179, 548, 179, 2, 0, 0.0, 2.0
2197, 26, 387, 364, 386, 366, 1, -2, -1.1071487177940904, 2.23606797749979
2197, 28, 381, 354, 380, 356, 1, -2, -1.1071487177940904, 2.23606797749979
2197, 45, 440, 274, 441, 273, -1, 1, 2.356194490192345, 1.4142135623730951
2197, 48, 458, 180, 458, 182, 0, -2, -1.5707963267948966, 2.0
2197, 55, 592, 270, 593, 269, -1, 1, 2.356194490192345, 1.4142135623730951
2198, 0, 558, 170, 557, 168, 1, 2, 1.1071487177940904, 2.23606797749979
2198, 13, 548, 168, 546, 167, 2, 1, 0.4636476090008061, 2.23606797749979
2198, 24, 469, 134, 468, 135, 1, -1, -0.7853981633974483, 1.4142135623730951
2198, 25, 388, 363, 387, 364, 1, -1, -0.7853981633974483, 1.4142135623730951
2198, 27, 382, 353, 381, 354, 1, -1, -0.7853981633974483, 1.4142135623730951
2198, 52, 578, 206, 577, 205, 1, 1, 0.7853981633974483, 1.4142135623730951
2198, 54, 368, 264, 369, 266, -1, -2, -2.0344439357957027, 2.23606797749979
2198, 55, 588, 329, 589, 328, -1, 1, 2.356194490192345, 1.4142135623730951
2199, 0, 560, 172, 558, 170, 2, 2, 0.7853981633974483, 2.8284271247461903
2199, 5, 270, 373, 269, 374, 1, -1, -0.7853981633974483, 1.4142135623730951
2199, 7, 510, 170, 511, 169, -1, 1, 2.356194490192345, 1.4142135623730951
2199, 10, 422, 123, 421, 124, 1, -1, -0.7853981633974483, 1.4142135623730951
2199, 11, 365, 389, 364, 390, 1, -1, -0.7853981633974483, 1.4142135623730951
2199, 13, 550, 168, 548, 168, 2, 0, 0.0, 2.0
2199, 15, 599, 219, 598, 220, 1, -1, -0.7853981633974483, 1.4142135623730951
2199, 23, 550, 177, 550, 179, 0, -2, -1.5707963267948966, 2.0
2199, 24, 470, 132, 469, 134, 1, -2, -1.1071487177940904, 2.23606797749979
2199, 26, 383, 352, 382, 353, 1, -1, -0.7853981633974483, 1.4142135623730951
2199, 29, 332, 357, 331, 358, 1, -1, -0.7853981633974483, 1.4142135623730951
2199, 37, 605, 217, 604, 216, 1, 1, 0.7853981633974483, 1.4142135623730951
2199, 49, 497, 151, 496, 152, 1, -1, -0.7853981633974483, 1.4142135623730951
2200, 4, 560, 172, 559, 170, 1, 2, 1.1071487177940904, 2.23606797749979
2200, 24, 545, 170, 545, 167, 0, 3, 1.5707963267948966, 3.0
2200, 28, 470, 135, 469, 136, 1, -1, -0.7853981633974483, 1.4142135623730951
2200, 35, 386, 226, 387, 228, -1, -2, -2.0344439357957027, 2.23606797749979
2200, 60, 318, 404, 317, 405, 1, -1, -0.7853981633974483, 1.4142135623730951
2201, 4, 562, 175, 560, 172, 2, 3, 0.982793723247329, 3.605551275463989
2201, 13, 366, 390, 365, 391, 1, -1, -0.7853981633974483, 1.4142135623730951
2201, 14, 389, 365, 388, 366, 1, -1, -0.7853981633974483, 1.4142135623730951
2201, 15, 493, 150, 492, 151, 1, -1, -0.7853981633974483, 1.4142135623730951
2201, 18, 383, 354, 382, 355, 1, -1, -0.7853981633974483, 1.4142135623730951
2201, 23, 363, 292, 363, 294, 0, -2, -1.5707963267948966, 2.0
2201, 25, 511, 173, 512, 170, -1, 3, 1.892546881191539, 3.1622776601683795
2201, 26, 472, 134, 470, 135, 2, -1, -0.4636476090008061, 2.23606797749979
2201, 32, 385, 224, 386, 226, -1, -2, -2.0344439357957027, 2.23606797749979
2201, 44, 385, 303, 384, 304, 1, -1, -0.7853981633974483, 1.4142135623730951
2201, 55, 319, 403, 318, 404, 1, -1, -0.7853981633974483, 1.4142135623730951
2201, 63, 519, 135, 520, 134, -1, 1, 2.356194490192345, 1.4142135623730951
2201, 69, 496, 122, 495, 123, 1, -1, -0.7853981633974483, 1.4142135623730951
2201, 70, 548, 234, 548, 232, 0, 2, 1.5707963267948966, 2.0
2202, 8, 449, 121, 448, 122, 1, -1, -0.7853981633974483, 1.4142135623730951
2202, 12, 367, 389, 366, 390, 1, -1, -0.7853981633974483, 1.4142135623730951
2202, 21, 362, 290, 363, 292, -1, -2, -2.0344439357957027, 2.23606797749979
2202, 25, 334, 356, 333, 357, 1, -1, -0.7853981633974483, 1.4142135623730951
2202, 29, 384, 222, 385, 224, -1, -2, -2.0344439357957027, 2.23606797749979
2202, 43, 370, 201, 370, 203, 0, -2, -1.5707963267948966, 2.0
2202, 49, 592, 290, 593, 289, -1, 1, 2.356194490192345, 1.4142135623730951
2203, 2, 563, 177, 562, 176, 1, 1, 0.7853981633974483, 1.4142135623730951
2203, 4, 272, 373, 271, 374, 1, -1, -0.7853981633974483, 1.4142135623730951
2203, 10, 423, 123, 422, 124, 1, -1, -0.7853981633974483, 1.4142135623730951
2203, 12, 390, 363, 389, 364, 1, -1, -0.7853981633974483, 1.4142135623730951
2203, 13, 495, 151, 494, 150, 1, 1, 0.7853981633974483, 1.4142135623730951
2203, 16, 384, 352, 383, 353, 1, -1, -0.7853981633974483, 1.4142135623730951
2203, 20, 362, 288, 362, 290, 0, -2, -1.5707963267948966, 2.0
2203, 22, 510, 176, 511, 174, -1, 2, 2.0344439357957027, 2.23606797749979
2203, 23, 473, 132, 472, 133, 1, -1, -0.7853981633974483, 1.4142135623730951
2203, 29, 622, 330, 622, 332, 0, -2, -1.5707963267948966, 2.0
2203, 31, 579, 303, 580, 302, -1, 1, 2.356194490192345, 1.4142135623730951
2203, 50, 420, 198, 419, 199, 1, -1, -0.7853981633974483, 1.4142135623730951
2203, 60, 549, 238, 548, 235, 1, 3, 1.2490457723982544, 3.1622776601683795
2204, 6, 450, 119, 449, 120, 1, -1, -0.7853981633974483, 1.4142135623730951
2204, 12, 496, 152, 495, 151, 1, 1, 0.7853981633974483, 1.4142135623730951
2204, 15, 385, 351, 384, 352, 1, -1, -0.7853981633974483, 1.4142135623730951
2204, 18, 362, 286, 362, 288, 0, -2, -1.5707963267948966, 2.0
2204, 21, 474, 131, 473, 132, 1, -1, -0.7853981633974483, 1.4142135623730951
2204, 24, 600, 297, 601, 296, -1, 1, 2.356194490192345, 1.4142135623730951
2204, 26, 578, 304, 579, 303, -1, 1, 2.356194490192345, 1.4142135623730951
2204, 42, 590, 291, 591, 290, -1, 1, 2.356194490192345, 1.4142135623730951
2204, 43, 348, 333, 347, 335, 1, -2, -1.1071487177940904, 2.23606797749979
2204, 46, 521, 134, 520, 135, 1, -1, -0.7853981633974483, 1.4142135623730951
2204, 51, 498, 121, 497, 122, 1, -1, -0.7853981633974483, 1.4142135623730951
2204, 52, 550, 242, 549, 238, 1, 4, 1.3258176636680326, 4.123105625617661
2205, 0, 401, 202, 401, 204, 0, -2, -1.5707963267948966, 2.0
2205, 1, 564, 176, 562, 175, 2, 1, 0.4636476090008061, 2.23606797749979
2205, 10, 498, 155, 495, 155, 3, 0, 0.0, 3.0
2205, 11, 635, 323, 638, 323, -3, 0, 3.141592653589793, 3.0
2205, 12, 392, 309, 392, 311, 0, -2, -1.5707963267948966, 2.0
2205, 18, 390, 363, 390, 365, 0, -2, -1.5707963267948966, 2.0
2205, 19, 388, 223, 388, 225, 0, -2, -1.5707963267948966, 2.0
2205, 20, 362, 288, 363, 290, -1, -2, -2.0344439357957027, 2.23606797749979
2205, 22, 615, 351, 614, 352, 1, -1, -0.7853981633974483, 1.4142135623730951
2205, 29, 473, 133, 472, 135, 1, -2, -1.1071487177940904, 2.23606797749979
2205, 40, 531, 150, 530, 148, 1, 2, 1.1071487177940904, 2.23606797749979
2205, 44, 387, 352, 387, 354, 0, -2, -1.5707963267948966, 2.0
2206, 1, 566, 178, 564, 176, 2, 2, 0.7853981633974483, 2.8284271247461903
2206, 5, 577, 279, 576, 278, 1, 1, 0.7853981633974483, 1.4142135623730951
2206, 6, 252, 394, 251, 395, 1, -1, -0.7853981633974483, 1.4142135623730951
2206, 10, 500, 155, 498, 155, 2, 0, 0.0, 2.0
2206, 12, 392, 307, 392, 309, 0, -2, -1.5707963267948966, 2.0
2206, 16, 448, 268, 449, 270, -1, -2, -2.0344439357957027, 2.23606797749979
2206, 18, 391, 361, 390, 363, 1, -2, -1.1071487177940904, 2.23606797749979
2206, 19, 361, 286, 362, 288, -1, -2, -2.0344439357957027, 2.23606797749979
2206, 25, 631, 332, 630, 333, 1, -1, -0.7853981633974483, 1.4142135623730951
2206, 28, 474, 132, 473, 133, 1, -1, -0.7853981633974483, 1.4142135623730951
2206, 36, 530, 151, 531, 150, -1, 1, 2.356194490192345, 1.4142135623730951
2206, 39, 335, 348, 333, 350, 2, -2, -0.7853981633974483, 2.8284271247461903
2206, 40, 579, 305, 580, 304, -1, 1, 2.356194490192345, 1.4142135623730951
2207, 0, 400, 199, 401, 201, -1, -2, -2.0344439357957027, 2.23606797749979
2207, 1, 568, 180, 566, 178, 2, 2, 0.7853981633974483, 2.8284271247461903
2207, 6, 253, 393, 252, 394, 1, -1, -0.7853981633974483, 1.4142135623730951
2207, 14, 555, 182, 554, 181, 1, 1, 0.7853981633974483, 1.4142135623730951
2207, 17, 391, 359, 391, 361, 0, -2, -1.5707963267948966, 2.0
2207, 18, 361, 284, 361, 286, 0, -2, -1.5707963267948966, 2.0
2207, 20, 617, 350, 616, 351, 1, -1, -0.7853981633974483, 1.4142135623730951
2207, 26, 475, 131, 474, 132, 1, -1, -0.7853981633974483, 1.4142135623730951
2207, 35, 498, 123, 497, 124, 1, -1, -0.7853981633974483, 1.4142135623730951
2207, 37, 337, 347, 335, 348, 2, -1, -0.4636476090008061, 2.23606797749979
2208, 0, 401, 197, 400, 199, 1, -2, -1.1071487177940904, 2.23606797749979
2208, 1, 570, 181, 568, 180, 2, 1, 0.4636476090008061, 2.23606797749979
2208, 4, 578, 280, 577, 279, 1, 1, 0.7853981633974483, 1.4142135623730951
2208, 12, 369, 386, 368, 387, 1, -1, -0.7853981633974483, 1.4142135623730951
2208, 16, 391, 357, 391, 359, 0, -2, -1.5707963267948966, 2.0
2208, 17, 361, 281, 361, 284, 0, -3, -1.5707963267948966, 3.0
2208, 18, 424, 120, 424, 122, 0, -2, -1.5707963267948966, 2.0
2208, 25, 476, 130, 475, 131, 1, -1, -0.7853981633974483, 1.4142135623730951
2208, 35, 339, 345, 337, 347, 2, -2, -0.7853981633974483, 2.8284271247461903
2208, 36, 578, 306, 579, 305, -1, 1, 2.356194490192345, 1.4142135623730951
2209, 0, 402, 196, 401, 197, 1, -1, -0.7853981633974483, 1.4142135623730951
2209, 1, 571, 182, 570, 181, 1, 1, 0.7853981633974483, 1.4142135623730951
2209, 4, 579, 281, 578, 280, 1, 1, 0.7853981633974483, 1.4142135623730951
2209, 16, 425, 119, 424, 120, 1, -1, -0.7853981633974483, 1.4142135623730951
2209, 21, 221, 382, 222, 381, -1, 1, 2.356194490192345, 1.4142135623730951
2209, 22, 199, 265, 198, 267, 1, -2, -1.1071487177940904, 2.23606797749979
2209, 23, 477, 129, 476, 130, 1, -1, -0.7853981633974483, 1.4142135623730951
2209, 24, 601, 214, 601, 216, 0, -2, -1.5707963267948966, 2.0
2209, 26, 257, 327, 256, 326, 1, 1, 0.7853981633974483, 1.4142135623730951
2209, 31, 500, 124, 499, 123, 1, 1, 0.7853981633974483, 1.4142135623730951
2209, 34, 577, 307, 578, 306, -1, 1, 2.356194490192345, 1.4142135623730951
2210, 3, 401, 200, 401, 202, 0, -2, -1.5707963267948966, 2.0
2210, 9, 372, 387, 371, 388, 1, -1, -0.7853981633974483, 1.4142135623730951
2210, 11, 387, 355, 386, 356, 1, -1, -0.7853981633974483, 1.4142135623730951
2210, 15, 555, 253, 555, 250, 0, 3, 1.5707963267948966, 3.0
2210, 17, 453, 121, 452, 122, 1, -1, -0.7853981633974483, 1.4142135623730951
2210, 19, 520, 192, 518, 188, 2, 4, 1.1071487177940904, 4.47213595499958
2210, 27, 442, 267, 443, 269, -1, -2, -2.0344439357957027, 2.23606797749979
2210, 30, 619, 353, 618, 352, 1, 1, 0.7853981633974483, 1.4142135623730951
2210, 35, 479, 132, 477, 133, 2, -1, -0.4636476090008061, 2.23606797749979
2210, 47, 597, 322, 596, 323, 1, -1, -0.7853981633974483, 1.4142135623730951
2210, 48, 349, 332, 351, 334, -2, -2, -2.356194490192345, 2.8284271247461903
2210, 55, 356, 315, 355, 316, 1, -1, -0.7853981633974483, 1.4142135623730951
2211, 4, 567, 183, 567, 181, 0, 2, 1.5707963267948966, 2.0
2211, 6, 579, 282, 578, 281, 1, 1, 0.7853981633974483, 1.4142135623730951
2211, 15, 556, 256, 555, 253, 1, 3, 1.2490457723982544, 3.1622776601683795
2211, 16, 386, 300, 386, 303, 0, -3, -1.5707963267948966, 3.0
2211, 19, 522, 195, 520, 192, 2, 3, 0.982793723247329, 3.605551275463989
2211, 30, 555, 240, 556, 242, -1, -2, -2.0344439357957027, 2.23606797749979
2211, 31, 480, 131, 479, 132, 1, -1, -0.7853981633974483, 1.4142135623730951
2211, 39, 522, 147, 524, 148, -2, -1, -2.677945044588987, 2.23606797749979
2211, 46, 356, 313, 356, 315, 0, -2, -1.5707963267948966, 2.0
2212, 4, 568, 184, 567, 183, 1, 1, 0.7853981633974483, 1.4142135623730951
2212, 8, 373, 385, 372, 386, 1, -1, -0.7853981633974483, 1.4142135623730951
2212, 11, 388, 218, 388, 220, 0, -2, -1.5707963267948966, 2.0
2212, 12, 339, 354, 338, 355, 1, -1, -0.7853981633974483, 1.4142135623730951
2212, 13, 557, 258, 556, 256, 1, 2, 1.1071487177940904, 2.23606797749979
2212, 14, 387, 298, 386, 300, 1, -2, -1.1071487177940904, 2.23606797749979
2212, 17, 524, 197, 522, 195, 2, 2, 0.7853981633974483, 2.8284271247461903
2212, 19, 632, 335, 631, 336, 1, -1, -0.7853981633974483, 1.4142135623730951
2212, 27, 553, 238, 555, 240, -2, -2, -2.356194490192345, 2.8284271247461903
2212, 28, 481, 130, 480, 131, 1, -1, -0.7853981633974483, 1.4142135623730951
2212, 29, 232, 224, 231, 225, 1, -1, -0.7853981633974483, 1.4142135623730951
2212, 31, 602, 302, 603, 301, -1, 1, 2.356194490192345, 1.4142135623730951
2212, 42, 357, 312, 356, 313, 1, -1, -0.7853981633974483, 1.4142135623730951
2213, 3, 400, 196, 401, 198, -1, -2, -2.0344439357957027, 2.23606797749979
2213, 10, 387, 351, 387, 353, 0, -2, -1.5707963267948966, 2.0
2213, 13, 387, 296, 387, 298, 0, -2, -1.5707963267948966, 2.0
2213, 14, 454, 119, 453, 120, 1, -1, -0.7853981633974483, 1.4142135623730951
2213, 15, 393, 355, 393, 357, 0, -2, -1.5707963267948966, 2.0
2213, 16, 525, 198, 524, 197, 1, 1, 0.7853981633974483, 1.4142135623730951
2213, 17, 557, 182, 556, 181, 1, 1, 0.7853981633974483, 1.4142135623730951
2213, 41, 358, 311, 357, 312, 1, -1, -0.7853981633974483, 1.4142135623730951
2214, 4, 569, 187, 568, 185, 1, 2, 1.1071487177940904, 2.23606797749979
2214, 5, 255, 391, 254, 392, 1, -1, -0.7853981633974483, 1.4142135623730951
2214, 8, 374, 383, 373, 384, 1, -1, -0.7853981633974483, 1.4142135623730951
2214, 13, 388, 293, 387, 296, 1, -3, -1.2490457723982544, 3.1622776601683795
2214, 16, 526, 199, 525, 198, 1, 1, 0.7853981633974483, 1.4142135623730951
2214, 17, 559, 182, 557, 182, 2, 0, 0.0, 2.0
2214, 18, 633, 333, 632, 334, 1, -1, -0.7853981633974483, 1.4142135623730951
2214, 19, 426, 118, 426, 120, 0, -2, -1.5707963267948966, 2.0
2214, 26, 552, 235, 553, 237, -1, -2, -2.0344439357957027, 2.23606797749979
2215, 6, 569, 187, 568, 185, 1, 2, 1.1071487177940904, 2.23606797749979
2215, 7, 580, 284, 581, 283, -1, 1, 2.356194490192345, 1.4142135623730951
2215, 23, 388, 219, 388, 221, 0, -2, -1.5707963267948966, 2.0
2215, 30, 634, 340, 633, 341, 1, -1, -0.7853981633974483, 1.4142135623730951
2215, 35, 518, 155, 517, 154, 1, 1, 0.7853981633974483, 1.4142135623730951
2215, 36, 580, 312, 581, 311, -1, 1, 2.356194490192345, 1.4142135623730951
2215, 40, 559, 186, 558, 185, 1, 1, 0.7853981633974483, 1.4142135623730951
2215, 49, 557, 277, 556, 276, 1, 1, 0.7853981633974483, 1.4142135623730951
2215, 53, 529, 145, 527, 145, 2, 0, 0.0, 2.0
2215, 58, 551, 179, 550, 178, 1, 1, 0.7853981633974483, 1.4142135623730951
2215, 64, 360, 313, 358, 314, 2, -1, -0.4636476090008061, 2.23606797749979
2216, 6, 570, 189, 569, 187, 1, 2, 1.1071487177940904, 2.23606797749979
2216, 12, 375, 384, 374, 385, 1, -1, -0.7853981633974483, 1.4142135623730951
2216, 15, 396, 358, 395, 359, 1, -1, -0.7853981633974483, 1.4142135623730951
2216, 27, 635, 341, 634, 340, 1, 1, 0.7853981633974483, 1.4142135623730951
2216, 32, 579, 313, 580, 312, -1, 1, 2.356194490192345, 1.4142135623730951
2216, 41, 392, 348, 391, 349, 1, -1, -0.7853981633974483, 1.4142135623730951
2216, 42, 483, 131, 482, 132, 1, -1, -0.7853981633974483, 1.4142135623730951
2216, 47, 531, 145, 529, 145, 2, 0, 0.0, 2.0
2216, 50, 612, 330, 613, 329, -1, 1, 2.356194490192345, 1.4142135623730951
2216, 51, 554, 179, 551, 179, 3, 0, 0.0, 3.0
2216, 53, 601, 304, 602, 303, -1, 1, 2.356194490192345, 1.4142135623730951
2217, 9, 455, 120, 454, 121, 1, -1, -0.7853981633974483, 1.4142135623730951
2217, 10, 376, 383, 375, 384, 1, -1, -0.7853981633974483, 1.4142135623730951
2217, 16, 622, 355, 621, 354, 1, 1, 0.7853981633974483, 1.4142135623730951
2217, 21, 364, 267, 363, 268, 1, -1, -0.7853981633974483, 1.4142135623730951
2217, 22, 556, 240, 555, 239, 1, 1, 0.7853981633974483, 1.4142135623730951
2217, 26, 520, 181, 518, 179, 2, 2, 0.7853981633974483, 2.8284271247461903
2217, 32, 559, 187, 560, 186, -1, 1, 2.356194490192345, 1.4142135623730951
2217, 39, 484, 130, 483, 131, 1, -1, -0.7853981633974483, 1.4142135623730951
2217, 42, 286, 346, 287, 345, -1, 1, 2.356194490192345, 1.4142135623730951
2217, 43, 533, 147, 531, 145, 2, 2, 0.7853981633974483, 2.8284271247461903
2217, 45, 555, 176, 554, 179, 1, -3, -1.2490457723982544, 3.1622776601683795
2218, 4, 256, 394, 255, 395, 1, -1, -0.7853981633974483, 1.4142135623730951
2218, 5, 571, 189, 570, 188, 1, 1, 0.7853981633974483, 1.4142135623730951
2218, 8, 505, 154, 503, 154, 2, 0, 0.0, 2.0
2218, 13, 397, 356, 396, 357, 1, -1, -0.7853981633974483, 1.4142135623730951
2218, 19, 557, 242, 556, 240, 1, 2, 1.1071487177940904, 2.23606797749979
2218, 22, 523, 183, 520, 181, 3, 2, 0.5880026035475675, 3.605551275463989
2218, 25, 577, 314, 578, 313, -1, 1, 2.356194490192345, 1.4142135623730951
2218, 28, 560, 188, 559, 187, 1, 1, 0.7853981633974483, 1.4142135623730951
2218, 30, 511, 162, 512, 161, -1, 1, 2.356194490192345, 1.4142135623730951
2218, 34, 486, 129, 484, 130, 2, -1, -0.4636476090008061, 2.23606797749979
2218, 42, 599, 305, 600, 304, -1, 1, 2.356194490192345, 1.4142135623730951
2218, 43, 303, 378, 302, 379, 1, -1, -0.7853981633974483, 1.4142135623730951
2218, 44, 361, 309, 360, 311, 1, -2, -1.1071487177940904, 2.23606797749979
2219, 5, 572, 190, 571, 189, 1, 1, 0.7853981633974483, 1.4142135623730951
2219, 6, 579, 285, 580, 284, -1, 1, 2.356194490192345, 1.4142135623730951
2219, 19, 559, 244, 557, 242, 2, 2, 0.7853981633974483, 2.8284271247461903
2219, 22, 525, 186, 523, 183, 2, 3, 0.982793723247329, 3.605551275463989
2219, 27, 560, 190, 560, 188, 0, 2, 1.5707963267948966, 2.0
2219, 33, 487, 128, 486, 129, 1, -1, -0.7853981633974483, 1.4142135623730951
2219, 37, 532, 152, 533, 148, -1, 4, 1.8157749899217608, 4.123105625617661
2219, 41, 304, 377, 303, 378, 1, -1, -0.7853981633974483, 1.4142135623730951
2220, 1, 572, 190, 572, 188, 0, 2, 1.5707963267948966, 2.0
2220, 6, 460, 122, 457, 122, 3, 0, 0.0, 3.0
2220, 10, 259, 394, 258, 395, 1, -1, -0.7853981633974483, 1.4142135623730951
2220, 16, 377, 384, 376, 385, 1, -1, -0.7853981633974483, 1.4142135623730951
2220, 20, 559, 279, 558, 278, 1, 1, 0.7853981633974483, 1.4142135623730951
2220, 23, 397, 356, 396, 357, 1, -1, -0.7853981633974483, 1.4142135623730951
2220, 26, 390, 215, 389, 219, 1, -4, -1.3258176636680326, 4.123105625617661
2220, 30, 555, 250, 556, 252, -1, -2, -2.0344439357957027, 2.23606797749979
2220, 34, 459, 155, 458, 157, 1, -2, -1.1071487177940904, 2.23606797749979
2220, 36, 562, 190, 561, 189, 1, 1, 0.7853981633974483, 1.4142135623730951
2220, 38, 602, 306, 603, 305, -1, 1, 2.356194490192345, 1.4142135623730951
2220, 51, 487, 132, 486, 133, 1, -1, -0.7853981633974483, 1.4142135623730951
2220, 52, 414, 218, 413, 222, 1, -4, -1.3258176636680326, 4.123105625617661
2220, 53, 553, 184, 551, 183, 2, 1, 0.4636476090008061, 2.23606797749979
2221, 1, 573, 192, 572, 190, 1, 2, 1.1071487177940904, 2.23606797749979
2221, 8, 511, 166, 512, 165, -1, 1, 2.356194490192345, 1.4142135623730951
2221, 12, 472, 227, 472, 229, 0, -2, -1.5707963267948966, 2.0
2221, 13, 343, 354, 342, 355, 1, -1, -0.7853981633974483, 1.4142135623730951
2221, 17, 461, 227, 461, 229, 0, -2, -1.5707963267948966, 2.0
2221, 18, 561, 280, 559, 279, 2, 1, 0.4636476090008061, 2.23606797749979
2221, 19, 393, 347, 392, 348, 1, -1, -0.7853981633974483, 1.4142135623730951
2221, 21, 398, 355, 397, 356, 1, -1, -0.7853981633974483, 1.4142135623730951
2221, 23, 429, 119, 428, 120, 1, -1, -0.7853981633974483, 1.4142135623730951
2221, 24, 390, 213, 390, 215, 0, -2, -1.5707963267948966, 2.0
2221, 28, 553, 249, 555, 250, -2, -1, -2.677945044588987, 2.23606797749979
2221, 29, 199, 311, 200, 310, -1, 1, 2.356194490192345, 1.4142135623730951
2221, 33, 287, 351, 286, 350, 1, 1, 0.7853981633974483, 1.4142135623730951
2221, 34, 563, 192, 562, 190, 1, 2, 1.1071487177940904, 2.23606797749979
2221, 37, 201, 336, 200, 337, 1, -1, -0.7853981633974483, 1.4142135623730951
2221, 44, 519, 161, 519, 159, 0, 2, 1.5707963267948966, 2.0
2221, 47, 510, 128, 509, 127, 1, 1, 0.7853981633974483, 1.4142135623730951
2221, 50, 557, 185, 553, 184, 4, 1, 0.24497866312686414, 4.123105625617661
2222, 1, 573, 194, 573, 192, 0, 2, 1.5707963267948966, 2.0
2222, 6, 461, 121, 460, 122, 1, -1, -0.7853981633974483, 1.4142135623730951
2222, 13, 344, 352, 343, 354, 1, -2, -1.1071487177940904, 2.23606797749979
2222, 15, 378, 382, 377, 383, 1, -1, -0.7853981633974483, 1.4142135623730951
2222, 18, 562, 281, 561, 280, 1, 1, 0.7853981633974483, 1.4142135623730951
2222, 21, 399, 354, 398, 355, 1, -1, -0.7853981633974483, 1.4142135623730951
2222, 31, 460, 153, 459, 154, 1, -1, -0.7853981633974483, 1.4142135623730951
2222, 33, 563, 194, 563, 192, 0, 2, 1.5707963267948966, 2.0
2222, 41, 520, 162, 519, 161, 1, 1, 0.7853981633974483, 1.4142135623730951
2222, 42, 298, 345, 297, 344, 1, 1, 0.7853981633974483, 1.4142135623730951
2222, 47, 559, 187, 557, 185, 2, 2, 0.7853981633974483, 2.8284271247461903
2223, 1, 574, 196, 573, 194, 1, 2, 1.1071487177940904, 2.23606797749979
2223, 9, 261, 393, 260, 394, 1, -1, -0.7853981633974483, 1.4142135623730951
2223, 12, 345, 351, 344, 352, 1, -1, -0.7853981633974483, 1.4142135623730951
2223, 13, 468, 200, 469, 202, -1, -2, -2.0344439357957027, 2.23606797749979
2223, 14, 379, 381, 378, 382, 1, -1, -0.7853981633974483, 1.4142135623730951
2223, 16, 563, 282, 562, 281, 1, 1, 0.7853981633974483, 1.4142135623730951
2223, 19, 399, 352, 399, 354, 0, -2, -1.5707963267948966, 2.0
2223, 27, 564, 195, 563, 194, 1, 1, 0.7853981633974483, 1.4142135623730951
2223, 35, 521, 163, 520, 162, 1, 1, 0.7853981633974483, 1.4142135623730951
2223, 37, 388, 293, 388, 295, 0, -2, -1.5707963267948966, 2.0
2223, 39, 421, 123, 422, 125, -1, -2, -2.0344439357957027, 2.23606797749979
2223, 40, 490, 131, 489, 132, 1, -1, -0.7853981633974483, 1.4142135623730951
2223, 41, 560, 190, 559, 187, 1, 3, 1.2490457723982544, 3.1622776601683795
2224, 9, 180, 291, 181, 290, -1, 1, 2.356194490192345, 1.4142135623730951
2224, 10, 346, 349, 345, 351, 1, -2, -1.1071487177940904, 2.23606797749979
2224, 12, 380, 380, 379, 381, 1, -1, -0.7853981633974483, 1.4142135623730951
2224, 13, 564, 283, 563, 282, 1, 1, 0.7853981633974483, 1.4142135623730951
2224, 16, 400, 350, 399, 352, 1, -2, -1.1071487177940904, 2.23606797749979
2224, 24, 565, 197, 564, 195, 1, 2, 1.1071487177940904, 2.23606797749979
2224, 32, 390, 291, 388, 293, 2, -2, -0.7853981633974483, 2.8284271247461903
2224, 35, 561, 193, 560, 190, 1, 3, 1.2490457723982544, 3.1622776601683795
2224, 36, 579, 318, 580, 317, -1, 1, 2.356194490192345, 1.4142135623730951
2225, 2, 576, 194, 575, 193, 1, 1, 0.7853981633974483, 1.4142135623730951
2225, 3, 585, 291, 584, 290, 1, 1, 0.7853981633974483, 1.4142135623730951
2225, 16, 364, 305, 365, 307, -1, -2, -2.0344439357957027, 2.23606797749979
2225, 17, 427, 127, 426, 128, 1, -1, -0.7853981633974483, 1.4142135623730951
2225, 23, 468, 202, 469, 204, -1, -2, -2.0344439357957027, 2.23606797749979
2225, 26, 602, 309, 603, 308, -1, 1, 2.356194490192345, 1.4142135623730951
2225, 31, 457, 172, 457, 177, 0, -5, -1.5707963267948966, 5.0
2225, 32, 400, 354, 399, 355, 1, -1, -0.7853981633974483, 1.4142135623730951
2225, 34, 552, 249, 554, 251, -2, -2, -2.356194490192345, 2.8284271247461903
2225, 35, 561, 193, 560, 191, 1, 2, 1.1071487177940904, 2.23606797749979
2225, 42, 370, 255, 371, 257, -1, -2, -2.0344439357957027, 2.23606797749979
2225, 48, 607, 234, 607, 232, 0, 2, 1.5707963267948966, 2.0
2225, 55, 362, 278, 363, 280, -1, -2, -2.0344439357957027, 2.23606797749979
2225, 58, 354, 329, 354, 331, 0, -2, -1.5707963267948966, 2.0
2225, 64, 514, 130, 513, 129, 1, 1, 0.7853981633974483, 1.4142135623730951
2226, 2, 577, 196, 576, 194, 1, 2, 1.1071487177940904, 2.23606797749979
2226, 4, 404, 194, 403, 196, 1, -2, -1.1071487177940904, 2.23606797749979
2226, 5, 285, 376, 283, 377, 2, -1, -0.4636476090008061, 2.23606797749979
2226, 7, 263, 394, 262, 395, 1, -1, -0.7853981633974483, 1.4142135623730951
2226, 8, 462, 120, 461, 121, 1, -1, -0.7853981633974483, 1.4142135623730951
2226, 17, 428, 125, 427, 127, 1, -2, -1.1071487177940904, 2.23606797749979
2226, 21, 381, 383, 380, 384, 1, -1, -0.7853981633974483, 1.4142135623730951
2226, 29, 457, 170, 457, 172, 0, -2, -1.5707963267948966, 2.0
2226, 30, 400, 352, 400, 354, 0, -2, -1.5707963267948966, 2.0
2226, 32, 551, 247, 552, 249, -1, -2, -2.0344439357957027, 2.23606797749979
2226, 37, 569, 286, 570, 288, -1, -2, -2.0344439357957027, 2.23606797749979
2226, 46, 571, 200, 569, 198, 2, 2, 0.7853981633974483, 2.8284271247461903
2226, 47, 561, 259, 562, 258, -1, 1, 2.356194490192345, 1.4142135623730951
2226, 50, 362, 276, 362, 278, 0, -2, -1.5707963267948966, 2.0
2226, 52, 529, 158, 528, 157, 1, 1, 0.7853981633974483, 1.4142135623730951
2227, 2, 578, 198, 577, 196, 1, 2, 1.1071487177940904, 2.23606797749979
2227, 6, 264, 393, 263, 394, 1, -1, -0.7853981633974483, 1.4142135623730951
2227, 11, 393, 299, 394, 301, -1, -2, -2.0344439357957027, 2.23606797749979
2227, 16, 429, 124, 428, 125, 1, -1, -0.7853981633974483, 1.4142135623730951
2227, 17, 431, 117, 430, 118, 1, -1, -0.7853981633974483, 1.4142135623730951
2227, 18, 196, 311, 200, 311, -4, 0, 3.141592653589793, 4.0
2227, 20, 382, 382, 381, 383, 1, -1, -0.7853981633974483, 1.4142135623730951
2227, 21, 468, 199, 468, 201, 0, -2, -1.5707963267948966, 2.0
2227, 28, 458, 168, 457, 170, 1, -2, -1.1071487177940904, 2.23606797749979
2227, 29, 401, 351, 400, 352, 1, -1, -0.7853981633974483, 1.4142135623730951
2227, 33, 430, 191, 430, 193, 0, -2, -1.5707963267948966, 2.0
2227, 40, 607, 235, 608, 234, -1, 1, 2.356194490192345, 1.4142135623730951
2227, 42, 572, 201, 571, 200, 1, 1, 0.7853981633974483, 1.4142135623730951
2227, 46, 362, 274, 362, 276, 0, -2, -1.5707963267948966, 2.0
2227, 51, 459, 152, 458, 153, 1, -1, -0.7853981633974483, 1.4142135623730951
2227, 53, 516, 131, 515, 130, 1, 1, 0.7853981633974483, 1.4142135623730951
2228, 6, 463, 118, 462, 119, 1, -1, -0.7853981633974483, 1.4142135623730951
2228, 9, 394, 342, 393, 344, 1, -2, -1.1071487177940904, 2.23606797749979
2228, 14, 364, 301, 364, 303, 0, -2, -1.5707963267948966, 2.0
2228, 18, 383, 381, 382, 382, 1, -1, -0.7853981633974483, 1.4142135623730951
2228, 21, 386, 292, 386, 294, 0, -2, -1.5707963267948966, 2.0
2228, 30, 430, 189, 430, 191, 0, -2, -1.5707963267948966, 2.0
2228, 37, 608, 233, 607, 235, 1, -2, -1.1071487177940904, 2.23606797749979
2228, 39, 572, 203, 572, 201, 0, 2, 1.5707963267948966, 2.0
2228, 45, 528, 160, 529, 159, -1, 1, 2.356194490192345, 1.4142135623730951
2229, 16, 384, 380, 383, 381, 1, -1, -0.7853981633974483, 1.4142135623730951
2229, 25, 558, 192, 560, 193, -2, -1, -2.677945044588987, 2.23606797749979
2229, 27, 432, 187, 430, 189, 2, -2, -0.7853981633974483, 2.8284271247461903
2229, 28, 190, 352, 189, 353, 1, -1, -0.7853981633974483, 1.4142135623730951
2229, 37, 559, 260, 560, 259, -1, 1, 2.356194490192345, 1.4142135623730951
2229, 43, 529, 203, 530, 202, -1, 1, 2.356194490192345, 1.4142135623730951
2229, 44, 460, 151, 459, 152, 1, -1, -0.7853981633974483, 1.4142135623730951
2230, 5, 470, 254, 471, 256, -1, -2, -2.0344439357957027, 2.23606797749979
2230, 6, 578, 199, 577, 198, 1, 1, 0.7853981633974483, 1.4142135623730951
2230, 8, 465, 120, 464, 121, 1, -1, -0.7853981633974483, 1.4142135623730951
2230, 17, 403, 352, 402, 353, 1, -1, -0.7853981633974483, 1.4142135623730951
2230, 20, 389, 212, 389, 214, 0, -2, -1.5707963267948966, 2.0
2230, 22, 384, 383, 383, 384, 1, -1, -0.7853981633974483, 1.4142135623730951
2230, 30, 493, 132, 492, 133, 1, -1, -0.7853981633974483, 1.4142135623730951
2231, 7, 466, 119, 465, 120, 1, -1, -0.7853981633974483, 1.4142135623730951
2231, 13, 562, 289, 561, 288, 1, 1, 0.7853981633974483, 1.4142135623730951
2231, 32, 612, 220, 611, 221, 1, -1, -0.7853981633974483, 1.4142135623730951
2231, 35, 525, 168, 524, 167, 1, 1, 0.7853981633974483, 1.4142135623730951
2232, 5, 579, 201, 578, 200, 1, 1, 0.7853981633974483, 1.4142135623730951
2232, 7, 467, 118, 466, 119, 1, -1, -0.7853981633974483, 1.4142135623730951
2232, 11, 563, 290, 562, 289, 1, 1, 0.7853981633974483, 1.4142135623730951
2232, 16, 385, 381, 384, 382, 1, -1, -0.7853981633974483, 1.4142135623730951
2232, 23, 495, 131, 494, 132, 1, -1, -0.7853981633974483, 1.4142135623730951
2232, 24, 634, 358, 633, 359, 1, -1, -0.7853981633974483, 1.4142135623730951
2232, 27, 512, 171, 512, 169, 0, 2, 1.5707963267948966, 2.0
2232, 32, 423, 119, 422, 120, 1, -1, -0.7853981633974483, 1.4142135623730951
2232, 33, 526, 169, 525, 168, 1, 1, 0.7853981633974483, 1.4142135623730951
2232, 34, 593, 304, 592, 303, 1, 1, 0.7853981633974483, 1.4142135623730951
2232, 38, 386, 298, 386, 300, 0, -2, -1.5707963267948966, 2.0
2232, 40, 543, 160, 542, 161, 1, -1, -0.7853981633974483, 1.4142135623730951
2233, 5, 580, 202, 579, 201, 1, 1, 0.7853981633974483, 1.4142135623730951
2233, 9, 432, 114, 432, 116, 0, -2, -1.5707963267948966, 2.0
2233, 13, 194, 320, 193, 319, 1, 1, 0.7853981633974483, 1.4142135623730951
2233, 22, 635, 357, 634, 358, 1, -1, -0.7853981633974483, 1.4142135623730951
2233, 25, 512, 174, 512, 171, 0, 3, 1.5707963267948966, 3.0
2233, 29, 424, 118, 423, 119, 1, -1, -0.7853981633974483, 1.4142135623730951
2233, 33, 394, 343, 393, 344, 1, -1, -0.7853981633974483, 1.4142135623730951
2233, 36, 545, 161, 543, 160, 2, 1, 0.4636476090008061, 2.23606797749979
2234, 4, 265, 393, 264, 394, 1, -1, -0.7853981633974483, 1.4142135623730951
2234, 5, 581, 204, 580, 202, 1, 2, 1.1071487177940904, 2.23606797749979
2234, 7, 469, 117, 468, 118, 1, -1, -0.7853981633974483, 1.4142135623730951
2234, 9, 433, 113, 432, 114, 1, -1, -0.7853981633974483, 1.4142135623730951
2234, 10, 565, 294, 563, 291, 2, 3, 0.982793723247329, 3.605551275463989
2234, 14, 386, 379, 385, 380, 1, -1, -0.7853981633974483, 1.4142135623730951
2234, 25, 512, 177, 512, 174, 0, 3, 1.5707963267948966, 3.0
2234, 27, 423, 188, 423, 190, 0, -2, -1.5707963267948966, 2.0
2234, 28, 425, 117, 424, 118, 1, -1, -0.7853981633974483, 1.4142135623730951
2234, 29, 528, 171, 526, 170, 2, 1, 0.4636476090008061, 2.23606797749979
2234, 30, 594, 306, 593, 305, 1, 1, 0.7853981633974483, 1.4142135623730951
2234, 33, 386, 295, 386, 297, 0, -2, -1.5707963267948966, 2.0
2235, 0, 469, 252, 470, 254, -1, -2, -2.0344439357957027, 2.23606797749979
2235, 5, 404, 191, 404, 193, 0, -2, -1.5707963267948966, 2.0
2235, 7, 582, 203, 581, 202, 1, 1, 0.7853981633974483, 1.4142135623730951
2235, 10, 513, 176, 512, 173, 1, 3, 1.2490457723982544, 3.1622776601683795
2235, 11, 469, 119, 468, 120, 1, -1, -0.7853981633974483, 1.4142135623730951
2235, 14, 394, 299, 395, 301, -1, -2, -2.0344439357957027, 2.23606797749979
2235, 19, 470, 223, 471, 225, -1, -2, -2.0344439357957027, 2.23606797749979
2235, 22, 348, 354, 347, 355, 1, -1, -0.7853981633974483, 1.4142135623730951
2235, 25, 451, 259, 451, 261, 0, -2, -1.5707963267948966, 2.0
2235, 37, 353, 325, 354, 327, -1, -2, -2.0344439357957027, 2.23606797749979
2236, 4, 405, 190, 404, 191, 1, -1, -0.7853981633974483, 1.4142135623730951
2236, 6, 583, 204, 582, 203, 1, 1, 0.7853981633974483, 1.4142135623730951
2236, 9, 515, 178, 513, 176, 2, 2, 0.7853981633974483, 2.8284271247461903
2236, 10, 471, 119, 469, 119, 2, 0, 0.0, 2.0
2236, 11, 411, 213, 412, 215, -1, -2, -2.0344439357957027, 2.23606797749979
2236, 13, 389, 208, 389, 210, 0, -2, -1.5707963267948966, 2.0
2236, 15, 387, 380, 386, 381, 1, -1, -0.7853981633974483, 1.4142135623730951
2236, 16, 405, 351, 404, 352, 1, -1, -0.7853981633974483, 1.4142135623730951
2236, 33, 353, 323, 353, 325, 0, -2, -1.5707963267948966, 2.0
2236, 34, 593, 308, 594, 307, -1, 1, 2.356194490192345, 1.4142135623730951
2237, 4, 405, 188, 405, 190, 0, -2, -1.5707963267948966, 2.0
2237, 9, 516, 181, 515, 178, 1, 3, 1.2490457723982544, 3.1622776601683795
2237, 10, 472, 118, 471, 119, 1, -1, -0.7853981633974483, 1.4142135623730951
2237, 14, 388, 379, 387, 380, 1, -1, -0.7853981633974483, 1.4142135623730951
2237, 15, 405, 349, 405, 351, 0, -2, -1.5707963267948966, 2.0
2237, 29, 352, 321, 353, 323, -1, -2, -2.0344439357957027, 2.23606797749979
2238, 6, 584, 205, 583, 204, 1, 1, 0.7853981633974483, 1.4142135623730951
2238, 9, 518, 183, 516, 181, 2, 2, 0.7853981633974483, 2.8284271247461903
2238, 23, 565, 294, 564, 293, 1, 1, 0.7853981633974483, 1.4142135623730951
2238, 28, 352, 319, 352, 321, 0, -2, -1.5707963267948966, 2.0
2238, 29, 591, 309, 592, 308, -1, 1, 2.356194490192345, 1.4142135623730951
2238, 31, 633, 324, 632, 323, 1, 1, 0.7853981633974483, 1.4142135623730951
2239, 0, 265, 392, 264, 393, 1, -1, -0.7853981633974483, 1.4142135623730951
2239, 4, 405, 184, 405, 187, 0, -3, -1.5707963267948966, 3.0
2239, 6, 585, 206, 584, 205, 1, 1, 0.7853981633974483, 1.4142135623730951
2239, 9, 519, 185, 518, 183, 1, 2, 1.1071487177940904, 2.23606797749979
2239, 10, 474, 117, 473, 118, 1, -1, -0.7853981633974483, 1.4142135623730951
2239, 11, 388, 204, 389, 206, -1, -2, -2.0344439357957027, 2.23606797749979
2239, 13, 389, 377, 388, 378, 1, -1, -0.7853981633974483, 1.4142135623730951
2239, 14, 434, 113, 433, 114, 1, -1, -0.7853981633974483, 1.4142135623730951
2239, 26, 352, 317, 352, 319, 0, -2, -1.5707963267948966, 2.0
2240, 4, 309, 298, 308, 299, 1, -1, -0.7853981633974483, 1.4142135623730951
2240, 7, 535, 217, 532, 214, 3, 3, 0.7853981633974483, 4.242640687119285
2240, 12, 555, 270, 554, 267, 1, 3, 1.2490457723982544, 3.1622776601683795
2240, 17, 436, 115, 435, 116, 1, -1, -0.7853981633974483, 1.4142135623730951
2240, 19, 354, 320, 354, 322, 0, -2, -1.5707963267948966, 2.0
2240, 20, 348, 344, 346, 346, 2, -2, -0.7853981633974483, 2.8284271247461903
2240, 22, 623, 310, 622, 309, 1, 1, 0.7853981633974483, 1.4142135623730951
2240, 25, 351, 351, 350, 353, 1, -2, -1.1071487177940904, 2.23606797749979
2240, 35, 385, 370, 384, 372, 1, -2, -1.1071487177940904, 2.23606797749979
2240, 38, 362, 270, 362, 272, 0, -2, -1.5707963267948966, 2.0
2240, 41, 608, 229, 609, 231, -1, -2, -2.0344439357957027, 2.23606797749979
2240, 43, 366, 247, 366, 249, 0, -2, -1.5707963267948966, 2.0
2240, 44, 568, 297, 567, 296, 1, 1, 0.7853981633974483, 1.4142135623730951
2241, 7, 536, 219, 535, 217, 1, 2, 1.1071487177940904, 2.23606797749979
2241, 13, 585, 207, 584, 206, 1, 1, 0.7853981633974483, 1.4142135623730951
2241, 14, 390, 378, 389, 379, 1, -1, -0.7853981633974483, 1.4142135623730951
2241, 15, 395, 293, 395, 295, 0, -2, -1.5707963267948966, 2.0
2241, 16, 437, 114, 436, 115, 1, -1, -0.7853981633974483, 1.4142135623730951
2241, 18, 354, 318, 354, 320, 0, -2, -1.5707963267948966, 2.0
2241, 19, 350, 343, 348, 344, 2, -1, -0.4636476090008061, 2.23606797749979
2241, 20, 450, 256, 450, 258, 0, -2, -1.5707963267948966, 2.0
2241, 32, 459, 221, 460, 223, -1, -2, -2.0344439357957027, 2.23606797749979
2241, 33, 387, 369, 385, 370, 2, -1, -0.4636476090008061, 2.23606797749979
2241, 36, 570, 203, 569, 204, 1, -1, -0.7853981633974483, 1.4142135623730951
2241, 38, 532, 176, 531, 174, 1, 2, 1.1071487177940904, 2.23606797749979
2241, 43, 503, 133, 501, 133, 2, 0, 0.0, 2.0
2242, 7, 537, 220, 536, 219, 1, 1, 0.7853981633974483, 1.4142135623730951
2242, 8, 475, 120, 473, 120, 2, 0, 0.0, 2.0
2242, 12, 391, 377, 390, 378, 1, -1, -0.7853981633974483, 1.4142135623730951
2242, 16, 354, 316, 354, 318, 0, -2, -1.5707963267948966, 2.0
2242, 17, 351, 341, 350, 343, 1, -2, -1.1071487177940904, 2.23606797749979
2242, 21, 471, 218, 472, 220, -1, -2, -2.0344439357957027, 2.23606797749979
2242, 22, 352, 349, 351, 350, 1, -1, -0.7853981633974483, 1.4142135623730951
2242, 24, 519, 177, 519, 175, 0, 2, 1.5707963267948966, 2.0
2242, 31, 389, 368, 387, 369, 2, -1, -0.4636476090008061, 2.23606797749979
2242, 33, 362, 267, 362, 269, 0, -2, -1.5707963267948966, 2.0
2243, 7, 538, 219, 537, 220, 1, -1, -0.7853981633974483, 1.4142135623730951
2243, 12, 391, 375, 391, 377, 0, -2, -1.5707963267948966, 2.0
2243, 13, 395, 290, 395, 292, 0, -2, -1.5707963267948966, 2.0
2243, 14, 438, 112, 437, 113, 1, -1, -0.7853981633974483, 1.4142135623730951
2243, 16, 353, 314, 354, 316, -1, -2, -2.0344439357957027, 2.23606797749979
2243, 17, 352, 340, 351, 341, 1, -1, -0.7853981633974483, 1.4142135623730951
2243, 22, 352, 347, 352, 349, 0, -2, -1.5707963267948966, 2.0
2243, 29, 458, 218, 459, 220, -1, -2, -2.0344439357957027, 2.23606797749979
2243, 30, 390, 367, 389, 368, 1, -1, -0.7853981633974483, 1.4142135623730951
2243, 32, 362, 265, 362, 267, 0, -2, -1.5707963267948966, 2.0
2243, 39, 506, 133, 504, 133, 2, 0, 0.0, 2.0
2243, 40, 631, 327, 630, 326, 1, 1, 0.7853981633974483, 1.4142135623730951
2243, 45, 399, 339, 399, 341, 0, -2, -1.5707963267948966, 2.0
2244, 10, 392, 374, 391, 375, 1, -1, -0.7853981633974483, 1.4142135623730951
2244, 14, 353, 312, 353, 314, 0, -2, -1.5707963267948966, 2.0
2244, 15, 353, 339, 352, 340, 1, -1, -0.7853981633974483, 1.4142135623730951
2244, 19, 470, 215, 471, 217, -1, -2, -2.0344439357957027, 2.23606797749979
2244, 27, 391, 366, 390, 367, 1, -1, -0.7853981633974483, 1.4142135623730951
2244, 32, 366, 242, 366, 244, 0, -2, -1.5707963267948966, 2.0
2244, 39, 437, 309, 438, 311, -1, -2, -2.0344439357957027, 2.23606797749979
2244, 41, 400, 338, 399, 339, 1, -1, -0.7853981633974483, 1.4142135623730951
2245, 8, 477, 119, 476, 120, 1, -1, -0.7853981633974483, 1.4142135623730951
2245, 10, 393, 375, 392, 377, 1, -2, -1.1071487177940904, 2.23606797749979
2245, 11, 462, 219, 462, 221, 0, -2, -1.5707963267948966, 2.0
2245, 14, 395, 293, 395, 295, 0, -2, -1.5707963267948966, 2.0
2245, 18, 354, 316, 355, 318, -1, -2, -2.0344439357957027, 2.23606797749979
2245, 32, 532, 205, 531, 204, 1, 1, 0.7853981633974483, 1.4142135623730951
2246, 5, 588, 302, 589, 301, -1, 1, 2.356194490192345, 1.4142135623730951
2246, 9, 394, 374, 393, 375, 1, -1, -0.7853981633974483, 1.4142135623730951
2246, 11, 470, 217, 470, 219, 0, -2, -1.5707963267948966, 2.0
2246, 46, 519, 174, 517, 173, 2, 1, 0.4636476090008061, 2.23606797749979
2247, 6, 584, 209, 585, 208, -1, 1, 2.356194490192345, 1.4142135623730951
2247, 7, 478, 118, 477, 119, 1, -1, -0.7853981633974483, 1.4142135623730951
2247, 9, 395, 373, 394, 374, 1, -1, -0.7853981633974483, 1.4142135623730951
2247, 10, 462, 216, 462, 218, 0, -2, -1.5707963267948966, 2.0
2247, 16, 354, 347, 353, 348, 1, -1, -0.7853981633974483, 1.4142135623730951
2247, 30, 533, 207, 533, 205, 0, 2, 1.5707963267948966, 2.0
2247, 37, 533, 181, 532, 180, 1, 1, 0.7853981633974483, 1.4142135623730951
2247, 39, 390, 286, 391, 285, -1, 1, 2.356194490192345, 1.4142135623730951
2247, 46, 520, 175, 519, 174, 1, 1, 0.7853981633974483, 1.4142135623730951
2248, 5, 587, 304, 588, 303, -1, 1, 2.356194490192345, 1.4142135623730951
2248, 6, 585, 210, 584, 209, 1, 1, 0.7853981633974483, 1.4142135623730951
2248, 11, 469, 214, 470, 216, -1, -2, -2.0344439357957027, 2.23606797749979
2248, 14, 523, 179, 522, 178, 1, 1, 0.7853981633974483, 1.4142135623730951
2248, 16, 354, 345, 354, 347, 0, -2, -1.5707963267948966, 2.0
2248, 20, 406, 343, 406, 345, 0, -2, -1.5707963267948966, 2.0
2248, 21, 604, 258, 605, 257, -1, 1, 2.356194490192345, 1.4142135623730951
2248, 26, 535, 210, 533, 207, 2, 3, 0.982793723247329, 3.605551275463989
2248, 34, 392, 285, 390, 286, 2, -1, -0.4636476090008061, 2.23606797749979
2248, 41, 522, 177, 520, 175, 2, 2, 0.7853981633974483, 2.8284271247461903
2248, 43, 256, 186, 258, 186, -2, 0, 3.141592653589793, 2.0
2249, 12, 396, 288, 395, 290, 1, -2, -1.1071487177940904, 2.23606797749979
2249, 13, 524, 180, 523, 179, 1, 1, 0.7853981633974483, 1.4142135623730951
2249, 25, 538, 213, 535, 210, 3, 3, 0.7853981633974483, 4.242640687119285
2249, 31, 534, 183, 533, 182, 1, 1, 0.7853981633974483, 1.4142135623730951
2249, 38, 468, 143, 467, 145, 1, -2, -1.1071487177940904, 2.23606797749979
2249, 41, 439, 308, 439, 310, 0, -2, -1.5707963267948966, 2.0
2250, 6, 590, 304, 591, 303, -1, 1, 2.356194490192345, 1.4142135623730951
2250, 7, 481, 120, 479, 121, 2, -1, -0.4636476090008061, 2.23606797749979
2250, 14, 441, 112, 440, 113, 1, -1, -0.7853981633974483, 1.4142135623730951
2250, 15, 397, 375, 395, 376, 2, -1, -0.4636476090008061, 2.23606797749979
2250, 22, 397, 293, 396, 295, 1, -2, -1.1071487177940904, 2.23606797749979
2250, 27, 355, 347, 354, 348, 1, -1, -0.7853981633974483, 1.4142135623730951
2250, 30, 283, 285, 285, 284, -2, 1, 2.677945044588987, 2.23606797749979
2250, 37, 408, 345, 407, 346, 1, -1, -0.7853981633974483, 1.4142135623730951
2250, 39, 554, 266, 555, 268, -1, -2, -2.0344439357957027, 2.23606797749979
2250, 48, 348, 400, 347, 401, 1, -1, -0.7853981633974483, 1.4142135623730951
2250, 49, 610, 233, 611, 232, -1, 1, 2.356194490192345, 1.4142135623730951
2250, 57, 629, 289, 628, 288, 1, 1, 0.7853981633974483, 1.4142135623730951
2250, 60, 259, 214, 258, 215, 1, -1, -0.7853981633974483, 1.4142135623730951
2250, 61, 376, 172, 375, 174, 1, -2, -1.1071487177940904, 2.23606797749979
2251, 9, 469, 245, 470, 247, -1, -2, -2.0344439357957027, 2.23606797749979
2251, 21, 356, 313, 356, 315, 0, -2, -1.5707963267948966, 2.0
2251, 22, 536, 185, 535, 183, 1, 2, 1.1071487177940904, 2.23606797749979
2251, 23, 356, 346, 355, 347, 1, -1, -0.7853981633974483, 1.4142135623730951
2251, 27, 470, 215, 470, 217, 0, -2, -1.5707963267948966, 2.0
2251, 33, 552, 265, 554, 266, -2, -1, -2.677945044588987, 2.23606797749979
2251, 39, 555, 178, 554, 177, 1, 1, 0.7853981633974483, 1.4142135623730951
2251, 43, 608, 235, 610, 233, -2, 2, 2.356194490192345, 2.8284271247461903
2251, 52, 470, 145, 469, 146, 1, -1, -0.7853981633974483, 1.4142135623730951
2252, 14, 398, 373, 397, 374, 1, -1, -0.7853981633974483, 1.4142135623730951
2252, 19, 397, 290, 397, 292, 0, -2, -1.5707963267948966, 2.0
2252, 40, 349, 399, 348, 400, 1, -1, -0.7853981633974483, 1.4142135623730951
2252, 44, 513, 136, 511, 136, 2, 0, 0.0, 2.0
2252, 50, 471, 144, 470, 145, 1, -1, -0.7853981633974483, 1.4142135623730951
2253, 2, 274, 398, 273, 397, 1, 1, 0.7853981633974483, 1.4142135623730951
2253, 7, 469, 242, 469, 244, 0, -2, -1.5707963267948966, 2.0
2253, 12, 399, 372, 398, 373, 1, -1, -0.7853981633974483, 1.4142135623730951
2253, 15, 576, 212, 575, 211, 1, 1, 0.7853981633974483, 1.4142135623730951
2253, 18, 537, 188, 536, 186, 1, 2, 1.1071487177940904, 2.23606797749979
2253, 19, 357, 344, 356, 345, 1, -1, -0.7853981633974483, 1.4142135623730951
2253, 23, 470, 212, 470, 214, 0, -2, -1.5707963267948966, 2.0
2253, 34, 558, 180, 555, 179, 3, 1, 0.3217505543966422, 3.1622776601683795
2253, 49, 372, 323, 372, 325, 0, -2, -1.5707963267948966, 2.0
2254, 0, 588, 214, 587, 213, 1, 1, 0.7853981633974483, 1.4142135623730951
2254, 13, 294, 357, 294, 359, 0, -2, -1.5707963267948966, 2.0
2254, 18, 357, 342, 357, 344, 0, -2, -1.5707963267948966, 2.0
2254, 19, 401, 333, 401, 335, 0, -2, -1.5707963267948966, 2.0
2254, 20, 281, 288, 282, 287, -1, 1, 2.356194490192345, 1.4142135623730951
2254, 23, 441, 251, 440, 252, 1, -1, -0.7853981633974483, 1.4142135623730951
2254, 31, 560, 181, 558, 180, 2, 1, 0.4636476090008061, 2.23606797749979
2255, 2, 407, 183, 407, 185, 0, -2, -1.5707963267948966, 2.0
2255, 6, 471, 244, 471, 246, 0, -2, -1.5707963267948966, 2.0
2255, 8, 627, 317, 626, 316, 1, 1, 0.7853981633974483, 1.4142135623730951
2255, 12, 444, 111, 443, 112, 1, -1, -0.7853981633974483, 1.4142135623730951
2255, 13, 400, 374, 398, 376, 2, -2, -0.7853981633974483, 2.8284271247461903
2255, 15, 398, 291, 398, 293, 0, -2, -1.5707963267948966, 2.0
2255, 19, 471, 213, 471, 215, 0, -2, -1.5707963267948966, 2.0
2255, 21, 390, 201, 390, 203, 0, -2, -1.5707963267948966, 2.0
2255, 26, 635, 332, 637, 333, -2, -1, -2.677945044588987, 2.23606797749979
2255, 27, 474, 146, 473, 147, 1, -1, -0.7853981633974483, 1.4142135623730951
2255, 28, 372, 241, 372, 243, 0, -2, -1.5707963267948966, 2.0
2255, 33, 432, 118, 431, 119, 1, -1, -0.7853981633974483, 1.4142135623730951
2255, 36, 400, 187, 401, 189, -1, -2, -2.0344439357957027, 2.23606797749979
2255, 48, 327, 374, 326, 375, 1, -1, -0.7853981633974483, 1.4142135623730951
2255, 51, 545, 225, 544, 224, 1, 1, 0.7853981633974483, 1.4142135623730951
2255, 57, 535, 153, 534, 152, 1, 1, 0.7853981633974483, 1.4142135623730951
2255, 61, 560, 182, 559, 180, 1, 2, 1.1071487177940904, 2.23606797749979
2255, 62, 459, 164, 459, 167, 0, -3, -1.5707963267948966, 3.0
2256, 9, 401, 373, 400, 374, 1, -1, -0.7853981633974483, 1.4142135623730951
2256, 12, 357, 344, 356, 346, 1, -2, -1.1071487177940904, 2.23606797749979
2256, 21, 373, 237, 372, 241, 1, -4, -1.3258176636680326, 4.123105625617661
2256, 23, 258, 188, 259, 187, -1, 1, 2.356194490192345, 1.4142135623730951
2256, 25, 433, 116, 432, 118, 1, -2, -1.1071487177940904, 2.23606797749979
2256, 26, 365, 262, 365, 264, 0, -2, -1.5707963267948966, 2.0
2256, 28, 399, 185, 400, 187, -1, -2, -2.0344439357957027, 2.23606797749979
2256, 35, 572, 307, 571, 306, 1, 1, 0.7853981633974483, 1.4142135623730951
2256, 36, 537, 189, 537, 187, 0, 2, 1.5707963267948966, 2.0
2256, 39, 328, 373, 327, 374, 1, -1, -0.7853981633974483, 1.4142135623730951
2256, 51, 560, 184, 560, 182, 0, 2, 1.5707963267948966, 2.0
2256, 52, 460, 162, 459, 164, 1, -2, -1.1071487177940904, 2.23606797749979
2256, 60, 606, 262, 606, 259, 0, 3, 1.5707963267948966, 3.0
2257, 8, 445, 109, 444, 110, 1, -1, -0.7853981633974483, 1.4142135623730951
2257, 18, 373, 235, 373, 237, 0, -2, -1.5707963267948966, 2.0
2257, 23, 307, 352, 306, 351, 1, 1, 0.7853981633974483, 1.4142135623730951
2257, 31, 538, 190, 537, 189, 1, 1, 0.7853981633974483, 1.4142135623730951
2257, 34, 329, 372, 328, 373, 1, -1, -0.7853981633974483, 1.4142135623730951
2257, 39, 518, 139, 516, 139, 2, 0, 0.0, 2.0
2257, 42, 536, 155, 535, 154, 1, 1, 0.7853981633974483, 1.4142135623730951
2257, 45, 562, 187, 560, 184, 2, 3, 0.982793723247329, 3.605551275463989
2258, 6, 591, 307, 592, 306, -1, 1, 2.356194490192345, 1.4142135623730951
2258, 8, 447, 106, 445, 109, 2, -3, -0.982793723247329, 3.605551275463989
2258, 9, 401, 370, 401, 372, 0, -2, -1.5707963267948966, 2.0
2258, 10, 201, 320, 200, 321, 1, -1, -0.7853981633974483, 1.4142135623730951
2258, 14, 523, 190, 523, 188, 0, 2, 1.5707963267948966, 2.0
2258, 17, 373, 233, 373, 235, 0, -2, -1.5707963267948966, 2.0
2258, 18, 606, 322, 604, 322, 2, 0, 0.0, 2.0
2258, 20, 364, 258, 365, 261, -1, -3, -1.892546881191539, 3.1622776601683795
2258, 22, 444, 248, 443, 249, 1, -1, -0.7853981633974483, 1.4142135623730951
2258, 29, 539, 191, 538, 190, 1, 1, 0.7853981633974483, 1.4142135623730951
2258, 38, 537, 156, 536, 155, 1, 1, 0.7853981633974483, 1.4142135623730951
2258, 41, 563, 190, 562, 187, 1, 3, 1.2490457723982544, 3.1622776601683795
2259, 1, 293, 382, 292, 381, 1, 1, 0.7853981633974483, 1.4142135623730951
2259, 5, 487, 119, 486, 120, 1, -1, -0.7853981633974483, 1.4142135623730951
2259, 9, 402, 368, 401, 370, 1, -2, -1.1071487177940904, 2.23606797749979
2259, 14, 524, 193, 523, 190, 1, 3, 1.2490457723982544, 3.1622776601683795
2259, 17, 374, 231, 373, 233, 1, -2, -1.1071487177940904, 2.23606797749979
2259, 21, 309, 350, 307, 351, 2, -1, -0.4636476090008061, 2.23606797749979
2260, 0, 407, 181, 407, 183, 0, -2, -1.5707963267948966, 2.0
2260, 9, 629, 320, 628, 319, 1, 1, 0.7853981633974483, 1.4142135623730951
2260, 10, 487, 120, 486, 121, 1, -1, -0.7853981633974483, 1.4142135623730951
2260, 11, 471, 212, 471, 214, 0, -2, -1.5707963267948966, 2.0
2260, 14, 526, 194, 525, 191, 1, 3, 1.2490457723982544, 3.1622776601683795
2260, 19, 365, 260, 365, 262, 0, -2, -1.5707963267948966, 2.0
2260, 21, 402, 372, 401, 373, 1, -1, -0.7853981633974483, 1.4142135623730951
2260, 23, 389, 199, 389, 201, 0, -2, -1.5707963267948966, 2.0
2260, 39, 444, 256, 444, 258, 0, -2, -1.5707963267948966, 2.0
2260, 41, 359, 339, 359, 341, 0, -2, -1.5707963267948966, 2.0
2260, 43, 402, 341, 401, 343, 1, -2, -1.1071487177940904, 2.23606797749979
2260, 47, 442, 118, 440, 119, 2, -1, -0.4636476090008061, 2.23606797749979
2260, 55, 545, 229, 546, 228, -1, 1, 2.356194490192345, 1.4142135623730951
2260, 56, 605, 240, 605, 238, 0, 2, 1.5707963267948966, 2.0
2261, 0, 407, 179, 407, 181, 0, -2, -1.5707963267948966, 2.0
2261, 10, 488, 119, 487, 120, 1, -1, -0.7853981633974483, 1.4142135623730951
2261, 12, 527, 198, 526, 194, 1, 4, 1.3258176636680326, 4.123105625617661
2261, 16, 447, 108, 446, 109, 1, -1, -0.7853981633974483, 1.4142135623730951
2261, 25, 541, 192, 539, 191, 2, 1, 0.4636476090008061, 2.23606797749979
2261, 37, 360, 336, 359, 339, 1, -3, -1.2490457723982544, 3.1622776601683795
2261, 41, 443, 117, 442, 118, 1, -1, -0.7853981633974483, 1.4142135623730951
2261, 48, 544, 230, 545, 229, -1, 1, 2.356194490192345, 1.4142135623730951
2261, 49, 605, 242, 605, 240, 0, 2, 1.5707963267948966, 2.0
2261, 50, 224, 294, 226, 295, -2, -1, -2.677945044588987, 2.23606797749979
2262, 6, 629, 321, 628, 320, 1, 1, 0.7853981633974483, 1.4142135623730951
2262, 8, 528, 201, 527, 198, 1, 3, 1.2490457723982544, 3.1622776601683795
2262, 14, 403, 370, 402, 371, 1, -1, -0.7853981633974483, 1.4142135623730951
2262, 18, 517, 142, 516, 141, 1, 1, 0.7853981633974483, 1.4142135623730951
2262, 27, 444, 253, 444, 255, 0, -2, -1.5707963267948966, 2.0
2262, 29, 360, 334, 360, 336, 0, -2, -1.5707963267948966, 2.0
2262, 32, 444, 116, 443, 117, 1, -1, -0.7853981633974483, 1.4142135623730951
2262, 33, 355, 396, 354, 397, 1, -1, -0.7853981633974483, 1.4142135623730951
2262, 40, 605, 244, 605, 242, 0, 2, 1.5707963267948966, 2.0
2263, 1, 295, 382, 294, 383, 1, -1, -0.7853981633974483, 1.4142135623730951
2263, 8, 530, 204, 528, 201, 2, 3, 0.982793723247329, 3.605551275463989
2263, 13, 404, 369, 403, 370, 1, -1, -0.7853981633974483, 1.4142135623730951
2263, 18, 542, 194, 541, 193, 1, 1, 0.7853981633974483, 1.4142135623730951
2263, 26, 444, 251, 444, 253, 0, -2, -1.5707963267948966, 2.0
2263, 29, 402, 337, 402, 339, 0, -2, -1.5707963267948966, 2.0
2263, 32, 357, 395, 355, 396, 2, -1, -0.4636476090008061, 2.23606797749979
2263, 38, 541, 229, 543, 230, -2, -1, -2.677945044588987, 2.23606797749979
2263, 39, 606, 245, 605, 244, 1, 1, 0.7853981633974483, 1.4142135623730951
2264, 8, 531, 207, 530, 204, 1, 3, 1.2490457723982544, 3.1622776601683795
2264, 17, 518, 143, 517, 142, 1, 1, 0.7853981633974483, 1.4142135623730951
2264, 18, 544, 196, 542, 194, 2, 2, 0.7853981633974483, 2.8284271247461903
2264, 28, 403, 336, 402, 337, 1, -1, -0.7853981633974483, 1.4142135623730951
2264, 30, 445, 114, 444, 115, 1, -1, -0.7853981633974483, 1.4142135623730951
2264, 31, 357, 393, 357, 395, 0, -2, -1.5707963267948966, 2.0
2265, 0, 408, 178, 408, 180, 0, -2, -1.5707963267948966, 2.0
2265, 10, 405, 371, 404, 372, 1, -1, -0.7853981633974483, 1.4142135623730951
2265, 11, 389, 196, 390, 198, -1, -2, -2.0344439357957027, 2.23606797749979
2265, 13, 459, 213, 460, 215, -1, -2, -2.0344439357957027, 2.23606797749979
2265, 14, 443, 253, 444, 255, -1, -2, -2.0344439357957027, 2.23606797749979
2265, 19, 404, 336, 404, 338, 0, -2, -1.5707963267948966, 2.0
2265, 27, 477, 145, 476, 146, 1, -1, -0.7853981633974483, 1.4142135623730951
2265, 33, 530, 201, 529, 200, 1, 1, 0.7853981633974483, 1.4142135623730951
2265, 36, 606, 345, 604, 344, 2, 1, 0.4636476090008061, 2.23606797749979
2266, 0, 407, 176, 408, 178, -1, -2, -2.0344439357957027, 2.23606797749979
2266, 4, 494, 120, 492, 121, 2, -1, -0.4636476090008061, 2.23606797749979
2266, 10, 458, 211, 459, 213, -1, -2, -2.0344439357957027, 2.23606797749979
2266, 11, 442, 251, 443, 253, -1, -2, -2.0344439357957027, 2.23606797749979
2266, 18, 398, 282, 399, 284, -1, -2, -2.0344439357957027, 2.23606797749979
2266, 22, 449, 107, 448, 108, 1, -1, -0.7853981633974483, 1.4142135623730951
2266, 26, 437, 109, 437, 111, 0, -2, -1.5707963267948966, 2.0
2267, 9, 388, 193, 389, 195, -1, -2, -2.0344439357957027, 2.23606797749979
2267, 21, 478, 143, 477, 144, 1, -1, -0.7853981633974483, 1.4142135623730951
2267, 24, 438, 108, 437, 109, 1, -1, -0.7853981633974483, 1.4142135623730951
2267, 32, 522, 146, 521, 144, 1, 2, 1.1071487177940904, 2.23606797749979
2267, 35, 386, 168, 386, 170, 0, -2, -1.5707963267948966, 2.0
2268, 0, 406, 174, 407, 176, -1, -2, -2.0344439357957027, 2.23606797749979
2268, 8, 407, 369, 406, 370, 1, -1, -0.7853981633974483, 1.4142135623730951
2268, 9, 388, 191, 388, 193, 0, -2, -1.5707963267948966, 2.0
2268, 16, 398, 279, 398, 281, 0, -2, -1.5707963267948966, 2.0
2268, 20, 450, 105, 449, 106, 1, -1, -0.7853981633974483, 1.4142135623730951
2268, 23, 439, 107, 438, 108, 1, -1, -0.7853981633974483, 1.4142135623730951
2268, 26, 531, 202, 530, 201, 1, 1, 0.7853981633974483, 1.4142135623730951
2268, 33, 386, 166, 386, 168, 0, -2, -1.5707963267948966, 2.0
2268, 34, 330, 367, 329, 368, 1, -1, -0.7853981633974483, 1.4142135623730951
2269, 4, 497, 119, 496, 120, 1, -1, -0.7853981633974483, 1.4142135623730951
2269, 15, 404, 332, 404, 334, 0, -2, -1.5707963267948966, 2.0
2269, 21, 479, 142, 478, 143, 1, -1, -0.7853981633974483, 1.4142135623730951
2269, 23, 440, 105, 439, 107, 1, -2, -1.1071487177940904, 2.23606797749979
2269, 33, 386, 164, 386, 166, 0, -2, -1.5707963267948966, 2.0
2269, 34, 331, 366, 330, 367, 1, -1, -0.7853981633974483, 1.4142135623730951
2270, 1, 408, 175, 408, 177, 0, -2, -1.5707963267948966, 2.0
2270, 7, 496, 120, 495, 121, 1, -1, -0.7853981633974483, 1.4142135623730951
2270, 12, 408, 370, 407, 371, 1, -1, -0.7853981633974483, 1.4142135623730951
2270, 13, 400, 280, 400, 282, 0, -2, -1.5707963267948966, 2.0
2270, 16, 554, 287, 554, 283, 0, 4, 1.5707963267948966, 4.0
2270, 20, 544, 236, 542, 233, 2, 3, 0.982793723247329, 3.605551275463989
2270, 25, 534, 206, 532, 204, 2, 2, 0.7853981633974483, 2.8284271247461903
2270, 45, 221, 342, 220, 343, 1, -1, -0.7853981633974483, 1.4142135623730951
2270, 53, 444, 108, 443, 109, 1, -1, -0.7853981633974483, 1.4142135623730951
2270, 63, 408, 331, 407, 333, 1, -2, -1.1071487177940904, 2.23606797749979
2270, 64, 478, 142, 476, 143, 2, -1, -0.4636476090008061, 2.23606797749979
2271, 15, 555, 290, 554, 287, 1, 3, 1.2490457723982544, 3.1622776601683795
2271, 16, 451, 106, 450, 107, 1, -1, -0.7853981633974483, 1.4142135623730951
2271, 18, 545, 238, 544, 236, 1, 2, 1.1071487177940904, 2.23606797749979
2271, 30, 540, 224, 542, 225, -2, -1, -2.677945044588987, 2.23606797749979
2271, 33, 607, 241, 606, 242, 1, -1, -0.7853981633974483, 1.4142135623730951
2271, 43, 525, 148, 524, 147, 1, 1, 0.7853981633974483, 1.4142135623730951
2271, 49, 445, 107, 444, 108, 1, -1, -0.7853981633974483, 1.4142135623730951
2271, 53, 230, 209, 229, 208, 1, 1, 0.7853981633974483, 1.4142135623730951
2271, 56, 545, 167, 544, 165, 1, 2, 1.1071487177940904, 2.23606797749979
2272, 8, 305, 352, 307, 353, -2, -1, -2.677945044588987, 2.23606797749979
2272, 10, 409, 368, 408, 369, 1, -1, -0.7853981633974483, 1.4142135623730951
2272, 17, 546, 239, 545, 238, 1, 1, 0.7853981633974483, 1.4142135623730951
2272, 21, 536, 208, 534, 207, 2, 1, 0.4636476090008061, 2.23606797749979
2272, 28, 539, 222, 540, 224, -1, -2, -2.0344439357957027, 2.23606797749979
2272, 40, 526, 149, 525, 148, 1, 1, 0.7853981633974483, 1.4142135623730951
2272, 45, 446, 106, 445, 107, 1, -1, -0.7853981633974483, 1.4142135623730951
2273, 20, 537, 209, 536, 208, 1, 1, 0.7853981633974483, 1.4142135623730951
2273, 21, 453, 249, 453, 251, 0, -2, -1.5707963267948966, 2.0
2273, 30, 178, 300, 179, 299, -1, 1, 2.356194490192345, 1.4142135623730951
2273, 50, 547, 168, 546, 167, 1, 1, 0.7853981633974483, 1.4142135623730951
2274, 0, 297, 383, 296, 384, 1, -1, -0.7853981633974483, 1.4142135623730951
2274, 4, 499, 120, 498, 121, 1, -1, -0.7853981633974483, 1.4142135623730951
2274, 24, 538, 220, 539, 222, -1, -2, -2.0344439357957027, 2.23606797749979
2274, 32, 600, 323, 599, 322, 1, 1, 0.7853981633974483, 1.4142135623730951
2274, 35, 527, 151, 526, 150, 1, 1, 0.7853981633974483, 1.4142135623730951
2274, 36, 285, 352, 284, 353, 1, -1, -0.7853981633974483, 1.4142135623730951
2274, 38, 576, 317, 575, 316, 1, 1, 0.7853981633974483, 1.4142135623730951
2274, 44, 548, 169, 547, 168, 1, 1, 0.7853981633974483, 1.4142135623730951
2275, 11, 403, 279, 403, 281, 0, -2, -1.5707963267948966, 2.0
2275, 12, 547, 237, 547, 239, 0, -2, -1.5707963267948966, 2.0
2275, 24, 197, 277, 198, 276, -1, 1, 2.356194490192345, 1.4142135623730951
2275, 36, 210, 316, 208, 316, 2, 0, 0.0, 2.0
2275, 39, 249, 393, 248, 394, 1, -1, -0.7853981633974483, 1.4142135623730951
2275, 45, 358, 385, 357, 386, 1, -1, -0.7853981633974483, 1.4142135623730951
2275, 49, 314, 354, 313, 355, 1, -1, -0.7853981633974483, 1.4142135623730951
2275, 51, 458, 213, 460, 216, -2, -3, -2.158798930342464, 3.605551275463989
2275, 53, 367, 253, 368, 255, -1, -2, -2.0344439357957027, 2.23606797749979
2275, 56, 405, 361, 404, 363, 1, -2, -1.1071487177940904, 2.23606797749979
2275, 64, 402, 337, 402, 340, 0, -3, -1.5707963267948966, 3.0
2276, 9, 403, 277, 403, 279, 0, -2, -1.5707963267948966, 2.0
2276, 10, 472, 205, 472, 207, 0, -2, -1.5707963267948966, 2.0
2276, 22, 413, 340, 412, 341, 1, -1, -0.7853981633974483, 1.4142135623730951
2276, 26, 548, 205, 547, 204, 1, 1, 0.7853981633974483, 1.4142135623730951
2276, 42, 548, 171, 547, 170, 1, 1, 0.7853981633974483, 1.4142135623730951
2276, 45, 456, 210, 458, 213, -2, -3, -2.158798930342464, 3.605551275463989
2276, 47, 367, 251, 367, 253, 0, -2, -1.5707963267948966, 2.0
2276, 54, 583, 226, 583, 228, 0, -2, -1.5707963267948966, 2.0
2276, 57, 402, 333, 402, 337, 0, -4, -1.5707963267948966, 4.0
2277, 5, 596, 315, 597, 314, -1, 1, 2.356194490192345, 1.4142135623730951
2277, 18, 537, 204, 536, 203, 1, 1, 0.7853981633974483, 1.4142135623730951
2277, 33, 546, 225, 543, 223, 3, 2, 0.5880026035475675, 3.605551275463989
2277, 38, 360, 384, 359, 385, 1, -1, -0.7853981633974483, 1.4142135623730951
2277, 44, 455, 207, 456, 210, -1, -3, -1.892546881191539, 3.1622776601683795
2277, 49, 408, 357, 405, 360, 3, -3, -0.7853981633974483, 4.242640687119285
2277, 54, 403, 329, 402, 333, 1, -4, -1.3258176636680326, 4.123105625617661
2278, 1, 298, 384, 297, 385, 1, -1, -0.7853981633974483, 1.4142135623730951
2278, 8, 503, 122, 501, 122, 2, 0, 0.0, 2.0
2278, 9, 404, 274, 403, 276, 1, -2, -1.1071487177940904, 2.23606797749979
2278, 14, 454, 102, 453, 103, 1, -1, -0.7853981633974483, 1.4142135623730951
2278, 20, 406, 328, 406, 330, 0, -2, -1.5707963267948966, 2.0
2278, 23, 549, 207, 548, 206, 1, 1, 0.7853981633974483, 1.4142135623730951
2278, 25, 468, 182, 469, 184, -1, -2, -2.0344439357957027, 2.23606797749979
2278, 30, 548, 227, 546, 225, 2, 2, 0.7853981633974483, 2.8284271247461903
2278, 35, 361, 382, 360, 384, 1, -2, -1.1071487177940904, 2.23606797749979
2278, 37, 549, 174, 548, 172, 1, 2, 1.1071487177940904, 2.23606797749979
2278, 39, 455, 204, 455, 207, 0, -3, -1.5707963267948966, 3.0
2278, 40, 399, 270, 398, 271, 1, -1, -0.7853981633974483, 1.4142135623730951
2278, 41, 367, 248, 367, 250, 0, -2, -1.5707963267948966, 2.0
2278, 44, 408, 355, 408, 357, 0, -2, -1.5707963267948966, 2.0
2278, 48, 403, 327, 403, 329, 0, -2, -1.5707963267948966, 2.0
2278, 52, 461, 184, 460, 182, 1, 2, 1.1071487177940904, 2.23606797749979
2279, 3, 596, 221, 595, 220, 1, 1, 0.7853981633974483, 1.4142135623730951
2279, 14, 454, 100, 454, 102, 0, -2, -1.5707963267948966, 2.0
2279, 20, 407, 326, 406, 328, 1, -2, -1.1071487177940904, 2.23606797749979
2279, 29, 550, 230, 548, 227, 2, 3, 0.982793723247329, 3.605551275463989
2279, 34, 362, 381, 361, 382, 1, -1, -0.7853981633974483, 1.4142135623730951
2279, 35, 550, 175, 549, 174, 1, 1, 0.7853981633974483, 1.4142135623730951
2279, 36, 316, 353, 315, 354, 1, -1, -0.7853981633974483, 1.4142135623730951
2279, 37, 454, 201, 455, 204, -1, -3, -1.892546881191539, 3.1622776601683795
2279, 39, 367, 246, 367, 248, 0, -2, -1.5707963267948966, 2.0
2279, 42, 409, 354, 408, 355, 1, -1, -0.7853981633974483, 1.4142135623730951
2279, 45, 403, 324, 403, 327, 0, -3, -1.5707963267948966, 3.0
2279, 48, 238, 359, 239, 358, -1, 1, 2.356194490192345, 1.4142135623730951
2280, 0, 410, 170, 410, 172, 0, -2, -1.5707963267948966, 2.0
2280, 8, 506, 124, 502, 123, 4, 1, 0.24497866312686414, 4.123105625617661
2280, 10, 635, 326, 637, 326, -2, 0, 3.141592653589793, 2.0
2280, 14, 457, 103, 456, 104, 1, -1, -0.7853981633974483, 1.4142135623730951
2280, 15, 185, 304, 182, 302, 3, 2, 0.5880026035475675, 3.605551275463989
2280, 18, 415, 202, 414, 206, 1, -4, -1.3258176636680326, 4.123105625617661
2280, 20, 392, 187, 391, 191, 1, -4, -1.3258176636680326, 4.123105625617661
2280, 29, 200, 280, 197, 278, 3, 2, 0.5880026035475675, 3.605551275463989
2280, 30, 553, 285, 555, 287, -2, -2, -2.356194490192345, 2.8284271247461903
2280, 39, 550, 208, 549, 207, 1, 1, 0.7853981633974483, 1.4142135623730951
2280, 43, 367, 244, 366, 245, 1, -1, -0.7853981633974483, 1.4142135623730951
2280, 49, 465, 295, 465, 298, 0, -3, -1.5707963267948966, 3.0
2280, 53, 379, 317, 378, 318, 1, -1, -0.7853981633974483, 1.4142135623730951
2280, 54, 431, 153, 431, 155, 0, -2, -1.5707963267948966, 2.0
2281, 0, 411, 168, 410, 170, 1, -2, -1.1071487177940904, 2.23606797749979
2281, 16, 264, 223, 262, 221, 2, 2, 0.7853981633974483, 2.8284271247461903
2281, 20, 404, 275, 404, 277, 0, -2, -1.5707963267948966, 2.0
2281, 28, 215, 298, 212, 297, 3, 1, 0.3217505543966422, 3.1622776601683795
2281, 29, 358, 301, 360, 302, -2, -1, -2.677945044588987, 2.23606797749979
2281, 30, 215, 346, 213, 347, 2, -1, -0.4636476090008061, 2.23606797749979
2281, 45, 281, 397, 282, 396, -1, 1, 2.356194490192345, 1.4142135623730951
2282, 13, 458, 101, 457, 102, 1, -1, -0.7853981633974483, 1.4142135623730951
2282, 20, 405, 274, 404, 275, 1, -1, -0.7853981633974483, 1.4142135623730951
2282, 34, 550, 211, 550, 209, 0, 2, 1.5707963267948966, 2.0
2282, 38, 446, 251, 447, 250, -1, 1, 2.356194490192345, 1.4142135623730951
2283, 0, 410, 165, 411, 167, -1, -2, -2.0344439357957027, 2.23606797749979
2283, 11, 307, 363, 305, 363, 2, 0, 0.0, 2.0
2283, 22, 310, 270, 309, 272, 1, -2, -1.1071487177940904, 2.23606797749979
2283, 32, 368, 239, 367, 242, 1, -3, -1.2490457723982544, 3.1622776601683795
2283, 37, 281, 395, 281, 397, 0, -2, -1.5707963267948966, 2.0
2283, 40, 379, 313, 379, 315, 0, -2, -1.5707963267948966, 2.0
2284, 0, 411, 164, 410, 165, 1, -1, -0.7853981633974483, 1.4142135623730951
2284, 10, 465, 228, 464, 229, 1, -1, -0.7853981633974483, 1.4142135623730951
2284, 16, 391, 182, 392, 184, -1, -2, -2.0344439357957027, 2.23606797749979
2284, 21, 405, 337, 406, 336, -1, 1, 2.356194490192345, 1.4142135623730951
2284, 30, 369, 236, 368, 239, 1, -3, -1.2490457723982544, 3.1622776601683795
2284, 36, 251, 391, 250, 392, 1, -1, -0.7853981633974483, 1.4142135623730951
2285, 10, 416, 364, 415, 365, 1, -1, -0.7853981633974483, 1.4142135623730951
2285, 32, 480, 148, 478, 148, 2, 0, 0.0, 2.0
2285, 34, 408, 330, 407, 332, 1, -2, -1.1071487177940904, 2.23606797749979
2285, 45, 370, 234, 370, 236, 0, -2, -1.5707963267948966, 2.0
2285, 55, 570, 195, 568, 195, 2, 0, 0.0, 2.0
2285, 62, 542, 231, 543, 233, -1, -2, -2.0344439357957027, 2.23606797749979
2286, 13, 416, 338, 415, 339, 1, -1, -0.7853981633974483, 1.4142135623730951
2286, 42, 369, 232, 370, 234, -1, -2, -2.0344439357957027, 2.23606797749979
2286, 44, 257, 194, 258, 193, -1, 1, 2.356194490192345, 1.4142135623730951
2286, 45, 548, 282, 550, 284, -2, -2, -2.356194490192345, 2.8284271247461903
2286, 50, 572, 198, 570, 195, 2, 3, 0.982793723247329, 3.605551275463989
2287, 3, 306, 297, 306, 299, 0, -2, -1.5707963267948966, 2.0
2287, 4, 510, 123, 509, 124, 1, -1, -0.7853981633974483, 1.4142135623730951
2287, 8, 417, 362, 416, 363, 1, -1, -0.7853981633974483, 1.4142135623730951
2287, 28, 483, 148, 481, 148, 2, 0, 0.0, 2.0
2287, 30, 410, 327, 408, 329, 2, -2, -0.7853981633974483, 2.8284271247461903
2287, 39, 597, 350, 596, 349, 1, 1, 0.7853981633974483, 1.4142135623730951
2287, 44, 573, 199, 572, 198, 1, 1, 0.7853981633974483, 1.4142135623730951
2288, 1, 412, 165, 411, 166, 1, -1, -0.7853981633974483, 1.4142135623730951
2288, 4, 511, 122, 510, 123, 1, -1, -0.7853981633974483, 1.4142135623730951
2288, 13, 538, 213, 537, 210, 1, 3, 1.2490457723982544, 3.1622776601683795
2288, 20, 318, 353, 317, 354, 1, -1, -0.7853981633974483, 1.4142135623730951
2288, 27, 411, 326, 410, 327, 1, -1, -0.7853981633974483, 1.4142135623730951
2288, 41, 574, 201, 573, 199, 1, 2, 1.1071487177940904, 2.23606797749979
2288, 44, 341, 370, 340, 371, 1, -1, -0.7853981633974483, 1.4142135623730951
2289, 1, 413, 164, 412, 165, 1, -1, -0.7853981633974483, 1.4142135623730951
2289, 9, 404, 270, 405, 272, -1, -2, -2.0344439357957027, 2.23606797749979
2289, 11, 538, 216, 538, 213, 0, 3, 1.5707963267948966, 3.0
2289, 20, 460, 208, 461, 210, -1, -2, -2.0344439357957027, 2.23606797749979
2289, 22, 485, 147, 484, 148, 1, -1, -0.7853981633974483, 1.4142135623730951
2289, 27, 404, 172, 403, 173, 1, -1, -0.7853981633974483, 1.4142135623730951
2289, 34, 395, 272, 395, 274, 0, -2, -1.5707963267948966, 2.0
2290, 4, 412, 167, 412, 169, 0, -2, -1.5707963267948966, 2.0
2290, 7, 419, 363, 418, 364, 1, -1, -0.7853981633974483, 1.4142135623730951
2290, 11, 538, 217, 538, 214, 0, 3, 1.5707963267948966, 3.0
2290, 17, 394, 183, 394, 185, 0, -2, -1.5707963267948966, 2.0
2290, 21, 605, 276, 606, 275, -1, 1, 2.356194490192345, 1.4142135623730951
2290, 27, 407, 274, 407, 276, 0, -2, -1.5707963267948966, 2.0
2290, 29, 368, 335, 367, 336, 1, -1, -0.7853981633974483, 1.4142135623730951
2290, 36, 371, 388, 370, 390, 1, -2, -1.1071487177940904, 2.23606797749979
2290, 39, 554, 214, 553, 213, 1, 1, 0.7853981633974483, 1.4142135623730951
2290, 40, 226, 300, 227, 299, -1, 1, 2.356194490192345, 1.4142135623730951
2291, 6, 419, 361, 419, 363, 0, -2, -1.5707963267948966, 2.0
2291, 10, 540, 220, 538, 217, 2, 3, 0.982793723247329, 3.605551275463989
2291, 11, 461, 101, 460, 102, 1, -1, -0.7853981633974483, 1.4142135623730951
2291, 12, 417, 335, 417, 337, 0, -2, -1.5707963267948966, 2.0
2292, 2, 413, 164, 412, 166, 1, -2, -1.1071487177940904, 2.23606797749979
2292, 5, 420, 359, 419, 361, 1, -2, -1.1071487177940904, 2.23606797749979
2292, 8, 282, 401, 280, 401, 2, 0, 0.0, 2.0
2292, 9, 542, 223, 540, 220, 2, 3, 0.982793723247329, 3.605551275463989
2292, 14, 393, 180, 394, 182, -1, -2, -2.0344439357957027, 2.23606797749979
2292, 20, 407, 271, 407, 273, 0, -2, -1.5707963267948966, 2.0
2292, 25, 371, 385, 371, 387, 0, -2, -1.5707963267948966, 2.0
2292, 27, 554, 217, 554, 215, 0, 2, 1.5707963267948966, 2.0
2293, 4, 420, 357, 420, 359, 0, -2, -1.5707963267948966, 2.0
2293, 5, 602, 226, 600, 226, 2, 0, 0.0, 2.0
2293, 6, 516, 125, 514, 125, 2, 0, 0.0, 2.0
2293, 8, 543, 225, 542, 223, 1, 2, 1.1071487177940904, 2.23606797749979
2293, 13, 393, 178, 393, 180, 0, -2, -1.5707963267948966, 2.0
2293, 19, 407, 269, 407, 271, 0, -2, -1.5707963267948966, 2.0
2293, 20, 368, 331, 368, 333, 0, -2, -1.5707963267948966, 2.0
2293, 21, 369, 240, 369, 242, 0, -2, -1.5707963267948966, 2.0
2293, 26, 555, 218, 554, 217, 1, 1, 0.7853981633974483, 1.4142135623730951
2293, 27, 222, 300, 224, 300, -2, 0, 3.141592653589793, 2.0
2293, 32, 535, 166, 534, 165, 1, 1, 0.7853981633974483, 1.4142135623730951
2294, 1, 306, 298, 307, 297, -1, 1, 2.356194490192345, 1.4142135623730951
2294, 3, 420, 354, 420, 357, 0, -3, -1.5707963267948966, 3.0
2294, 7, 544, 227, 543, 225, 1, 2, 1.1071487177940904, 2.23606797749979
2294, 8, 462, 100, 461, 101, 1, -1, -0.7853981633974483, 1.4142135623730951
2294, 18, 368, 329, 368, 331, 0, -2, -1.5707963267948966, 2.0
2294, 27, 210, 295, 211, 294, -1, 1, 2.356194490192345, 1.4142135623730951
2295, 1, 415, 163, 415, 165, 0, -2, -1.5707963267948966, 2.0
2295, 3, 303, 388, 302, 389, 1, -1, -0.7853981633974483, 1.4142135623730951
2295, 7, 603, 323, 602, 322, 1, 1, 0.7853981633974483, 1.4142135623730951
2295, 9, 409, 330, 410, 333, -1, -3, -1.892546881191539, 3.1622776601683795
2295, 11, 394, 180, 394, 182, 0, -2, -1.5707963267948966, 2.0
2295, 12, 371, 242, 371, 244, 0, -2, -1.5707963267948966, 2.0
2295, 14, 421, 363, 420, 364, 1, -1, -0.7853981633974483, 1.4142135623730951
2295, 16, 458, 205, 460, 207, -2, -2, -2.356194490192345, 2.8284271247461903
2295, 19, 447, 245, 448, 247, -1, -2, -2.0344439357957027, 2.23606797749979
2295, 20, 378, 217, 378, 219, 0, -2, -1.5707963267948966, 2.0
2295, 21, 622, 336, 621, 335, 1, 1, 0.7853981633974483, 1.4142135623730951
2295, 24, 468, 204, 470, 204, -2, 0, 3.141592653589793, 2.0
2295, 25, 399, 267, 401, 269, -2, -2, -2.356194490192345, 2.8284271247461903
2295, 30, 455, 247, 457, 247, -2, 0, 3.141592653589793, 2.0
2295, 31, 539, 168, 538, 167, 1, 1, 0.7853981633974483, 1.4142135623730951
2295, 34, 360, 306, 359, 308, 1, -2, -1.1071487177940904, 2.23606797749979
2295, 37, 392, 157, 391, 158, 1, -1, -0.7853981633974483, 1.4142135623730951
2295, 38, 457, 110, 456, 111, 1, -1, -0.7853981633974483, 1.4142135623730951
2295, 44, 544, 224, 543, 223, 1, 1, 0.7853981633974483, 1.4142135623730951
2295, 48, 410, 167, 409, 169, 1, -2, -1.1071487177940904, 2.23606797749979
2295, 57, 548, 240, 547, 239, 1, 1, 0.7853981633974483, 1.4142135623730951
2295, 58, 475, 125, 473, 125, 2, 0, 0.0, 2.0
2296, 0, 416, 161, 415, 163, 1, -2, -1.1071487177940904, 2.23606797749979
2296, 10, 395, 178, 394, 180, 1, -2, -1.1071487177940904, 2.23606797749979
2296, 29, 360, 304, 360, 306, 0, -2, -1.5707963267948966, 2.0
2296, 32, 391, 155, 392, 157, -1, -2, -2.0344439357957027, 2.23606797749979
2296, 33, 458, 109, 457, 110, 1, -1, -0.7853981633974483, 1.4142135623730951
2296, 37, 545, 225, 544, 224, 1, 1, 0.7853981633974483, 1.4142135623730951
2296, 41, 410, 165, 410, 167, 0, -2, -1.5707963267948966, 2.0
2296, 50, 477, 124, 475, 125, 2, -1, -0.4636476090008061, 2.23606797749979
2297, 6, 604, 324, 603, 323, 1, 1, 0.7853981633974483, 1.4142135623730951
2297, 9, 519, 126, 517, 126, 2, 0, 0.0, 2.0
2297, 10, 395, 176, 395, 178, 0, -2, -1.5707963267948966, 2.0
2297, 11, 371, 239, 371, 241, 0, -2, -1.5707963267948966, 2.0
2297, 12, 422, 361, 421, 362, 1, -1, -0.7853981633974483, 1.4142135623730951
2297, 16, 447, 242, 447, 244, 0, -2, -1.5707963267948966, 2.0
2297, 22, 540, 170, 539, 169, 1, 1, 0.7853981633974483, 1.4142135623730951
2297, 29, 459, 108, 458, 109, 1, -1, -0.7853981633974483, 1.4142135623730951
2297, 45, 480, 124, 477, 124, 3, 0, 0.0, 3.0
2298, 7, 463, 101, 462, 102, 1, -1, -0.7853981633974483, 1.4142135623730951
2298, 8, 410, 328, 409, 330, 1, -2, -1.1071487177940904, 2.23606797749979
2298, 9, 520, 127, 519, 126, 1, 1, 0.7853981633974483, 1.4142135623730951
2298, 10, 395, 174, 395, 176, 0, -2, -1.5707963267948966, 2.0
2298, 27, 577, 214, 579, 214, -2, 0, 3.141592653589793, 2.0
2298, 28, 546, 226, 545, 225, 1, 1, 0.7853981633974483, 1.4142135623730951
2298, 29, 490, 145, 489, 146, 1, -1, -0.7853981633974483, 1.4142135623730951
2298, 32, 410, 162, 410, 164, 0, -2, -1.5707963267948966, 2.0
2298, 40, 481, 123, 480, 124, 1, -1, -0.7853981633974483, 1.4142135623730951
2299, 0, 416, 157, 416, 159, 0, -2, -1.5707963267948966, 2.0
2299, 10, 395, 172, 395, 174, 0, -2, -1.5707963267948966, 2.0
2299, 19, 541, 172, 540, 171, 1, 1, 0.7853981633974483, 1.4142135623730951
2299, 21, 256, 312, 255, 313, 1, -1, -0.7853981633974483, 1.4142135623730951
2299, 24, 391, 151, 391, 153, 0, -2, -1.5707963267948966, 2.0
2299, 39, 482, 122, 481, 123, 1, -1, -0.7853981633974483, 1.4142135623730951
2300, 5, 395, 177, 395, 179, 0, -2, -1.5707963267948966, 2.0
2300, 10, 558, 308, 557, 305, 1, 3, 1.2490457723982544, 3.1622776601683795
2300, 11, 520, 129, 519, 128, 1, 1, 0.7853981633974483, 1.4142135623730951
2300, 15, 554, 253, 553, 251, 1, 2, 1.1071487177940904, 2.23606797749979
2300, 22, 409, 268, 408, 269, 1, -1, -0.7853981633974483, 1.4142135623730951
2300, 25, 219, 256, 220, 255, -1, 1, 2.356194490192345, 1.4142135623730951
2300, 35, 413, 328, 413, 330, 0, -2, -1.5707963267948966, 2.0
2300, 37, 607, 360, 605, 360, 2, 0, 0.0, 2.0
2300, 38, 586, 224, 587, 226, -1, -2, -2.0344439357957027, 2.23606797749979
2300, 39, 635, 346, 637, 346, -2, 0, 3.141592653589793, 2.0
2300, 42, 548, 237, 550, 239, -2, -2, -2.356194490192345, 2.8284271247461903
2301, 1, 416, 160, 416, 162, 0, -2, -1.5707963267948966, 2.0
2301, 5, 395, 175, 395, 177, 0, -2, -1.5707963267948966, 2.0
2301, 12, 257, 315, 257, 317, 0, -2, -1.5707963267948966, 2.0
2301, 16, 424, 361, 423, 362, 1, -1, -0.7853981633974483, 1.4142135623730951
2301, 18, 470, 200, 470, 202, 0, -2, -1.5707963267948966, 2.0
2301, 20, 264, 227, 266, 228, -2, -1, -2.677945044588987, 2.23606797749979
2301, 22, 409, 266, 409, 268, 0, -2, -1.5707963267948966, 2.0
2301, 28, 370, 334, 369, 335, 1, -1, -0.7853981633974483, 1.4142135623730951
2301, 35, 610, 360, 607, 360, 3, 0, 0.0, 3.0
2301, 36, 585, 222, 586, 224, -1, -2, -2.0344439357957027, 2.23606797749979
2301, 40, 543, 215, 541, 214, 2, 1, 0.4636476090008061, 2.23606797749979
2301, 43, 498, 145, 497, 146, 1, -1, -0.7853981633974483, 1.4142135623730951
2302, 1, 417, 159, 416, 160, 1, -1, -0.7853981633974483, 1.4142135623730951
2302, 10, 521, 130, 520, 129, 1, 1, 0.7853981633974483, 1.4142135623730951
2302, 26, 456, 101, 454, 102, 2, -1, -0.4636476090008061, 2.23606797749979
2302, 31, 414, 327, 413, 328, 1, -1, -0.7853981633974483, 1.4142135623730951
2302, 32, 613, 359, 610, 360, 3, -1, -0.3217505543966422, 3.1622776601683795
2302, 33, 584, 220, 585, 222, -1, -2, -2.0344439357957027, 2.23606797749979
2302, 34, 633, 347, 634, 346, -1, 1, 2.356194490192345, 1.4142135623730951
2302, 37, 545, 216, 543, 215, 2, 1, 0.4636476090008061, 2.23606797749979
2303, 5, 396, 173, 395, 174, 1, -1, -0.7853981633974483, 1.4142135623730951
2303, 8, 603, 326, 604, 325, -1, 1, 2.356194490192345, 1.4142135623730951
2303, 23, 421, 334, 420, 335, 1, -1, -0.7853981633974483, 1.4142135623730951
2303, 27, 407, 163, 407, 165, 0, -2, -1.5707963267948966, 2.0
2303, 30, 615, 358, 613, 359, 2, -1, -0.4636476090008061, 2.23606797749979
2304, 4, 396, 171, 396, 173, 0, -2, -1.5707963267948966, 2.0
2304, 15, 409, 262, 409, 264, 0, -2, -1.5707963267948966, 2.0
2304, 22, 415, 325, 414, 326, 1, -1, -0.7853981633974483, 1.4142135623730951
2304, 23, 618, 357, 615, 358, 3, -1, -0.3217505543966422, 3.1622776601683795
2304, 24, 584, 217, 584, 219, 0, -2, -1.5707963267948966, 2.0
2304, 25, 632, 348, 633, 347, -1, 1, 2.356194490192345, 1.4142135623730951
2304, 29, 314, 318, 315, 317, -1, 1, 2.356194490192345, 1.4142135623730951
2305, 2, 418, 159, 417, 160, 1, -1, -0.7853981633974483, 1.4142135623730951
2305, 11, 468, 101, 467, 102, 1, -1, -0.7853981633974483, 1.4142135623730951
2305, 22, 373, 238, 373, 240, 0, -2, -1.5707963267948966, 2.0
2305, 26, 421, 333, 421, 335, 0, -2, -1.5707963267948966, 2.0
2305, 29, 417, 356, 417, 358, 0, -2, -1.5707963267948966, 2.0
2306, 6, 609, 231, 608, 230, 1, 1, 0.7853981633974483, 1.4142135623730951
2306, 7, 426, 360, 425, 361, 1, -1, -0.7853981633974483, 1.4142135623730951
2306, 9, 395, 174, 395, 176, 0, -2, -1.5707963267948966, 2.0
2306, 10, 525, 132, 523, 131, 2, 1, 0.4636476090008061, 2.23606797749979
2306, 22, 372, 332, 371, 333, 1, -1, -0.7853981633974483, 1.4142135623730951
2306, 23, 554, 240, 551, 238, 3, 2, 0.5880026035475675, 3.605551275463989
2306, 25, 422, 332, 421, 333, 1, -1, -0.7853981633974483, 1.4142135623730951
2306, 26, 306, 275, 308, 275, -2, 0, 3.141592653589793, 2.0
2306, 28, 418, 354, 417, 356, 1, -2, -1.1071487177940904, 2.23606797749979
2307, 2, 419, 157, 418, 158, 1, -1, -0.7853981633974483, 1.4142135623730951
2307, 10, 526, 133, 525, 132, 1, 1, 0.7853981633974483, 1.4142135623730951
2307, 21, 373, 235, 373, 237, 0, -2, -1.5707963267948966, 2.0
2307, 27, 419, 351, 418, 354, 1, -3, -1.2490457723982544, 3.1622776601683795
2308, 7, 287, 405, 286, 406, 1, -1, -0.7853981633974483, 1.4142135623730951
2308, 9, 527, 134, 526, 133, 1, 1, 0.7853981633974483, 1.4142135623730951
2308, 20, 373, 233, 373, 235, 0, -2, -1.5707963267948966, 2.0
2308, 21, 555, 242, 553, 240, 2, 2, 0.7853981633974483, 2.8284271247461903
2308, 23, 423, 330, 422, 331, 1, -1, -0.7853981633974483, 1.4142135623730951
2308, 26, 420, 349, 419, 351, 1, -2, -1.1071487177940904, 2.23606797749979
2309, 8, 395, 170, 395, 172, 0, -2, -1.5707963267948966, 2.0
2309, 17, 375, 231, 373, 233, 2, -2, -0.7853981633974483, 2.8284271247461903
2309, 18, 557, 245, 555, 242, 2, 3, 0.982793723247329, 3.605551275463989
2309, 23, 421, 348, 420, 349, 1, -1, -0.7853981633974483, 1.4142135623730951
2309, 24, 597, 232, 596, 231, 1, 1, 0.7853981633974483, 1.4142135623730951
2310, 3, 472, 228, 472, 230, 0, -2, -1.5707963267948966, 2.0
2310, 5, 610, 233, 609, 232, 1, 1, 0.7853981633974483, 1.4142135623730951
2310, 13, 608, 330, 607, 329, 1, 1, 0.7853981633974483, 1.4142135623730951
2310, 29, 375, 234, 375, 236, 0, -2, -1.5707963267948966, 2.0
2310, 41, 459, 106, 458, 107, 1, -1, -0.7853981633974483, 1.4142135623730951
2310, 43, 311, 346, 310, 345, 1, 1, 0.7853981633974483, 1.4142135623730951
2311, 2, 422, 157, 421, 158, 1, -1, -0.7853981633974483, 1.4142135623730951
2311, 8, 399, 172, 398, 173, 1, -1, -0.7853981633974483, 1.4142135623730951
2311, 10, 293, 407, 292, 408, 1, -1, -0.7853981633974483, 1.4142135623730951
2311, 27, 375, 232, 375, 234, 0, -2, -1.5707963267948966, 2.0
2312, 1, 424, 156, 422, 157, 2, -1, -0.4636476090008061, 2.23606797749979
2312, 2, 471, 225, 471, 228, 0, -3, -1.5707963267948966, 3.0
2312, 3, 190, 349, 189, 348, 1, 1, 0.7853981633974483, 1.4142135623730951
2312, 4, 610, 235, 610, 233, 0, 2, 1.5707963267948966, 2.0
2312, 6, 311, 388, 309, 389, 2, -1, -0.4636476090008061, 2.23606797749979
2312, 7, 399, 170, 399, 172, 0, -2, -1.5707963267948966, 2.0
2312, 8, 429, 356, 428, 357, 1, -1, -0.7853981633974483, 1.4142135623730951
2312, 9, 295, 406, 293, 407, 2, -1, -0.4636476090008061, 2.23606797749979
2312, 12, 610, 332, 609, 330, 1, 2, 1.1071487177940904, 2.23606797749979
2312, 18, 416, 324, 415, 325, 1, -1, -0.7853981633974483, 1.4142135623730951
2312, 25, 376, 230, 375, 232, 1, -2, -1.1071487177940904, 2.23606797749979
2313, 20, 314, 323, 313, 322, 1, 1, 0.7853981633974483, 1.4142135623730951
2313, 23, 377, 229, 376, 230, 1, -1, -0.7853981633974483, 1.4142135623730951
2313, 28, 497, 147, 496, 148, 1, -1, -0.7853981633974483, 1.4142135623730951
2314, 5, 530, 136, 529, 135, 1, 1, 0.7853981633974483, 1.4142135623730951
2314, 6, 312, 387, 311, 388, 1, -1, -0.7853981633974483, 1.4142135623730951
2314, 7, 400, 169, 399, 170, 1, -1, -0.7853981633974483, 1.4142135623730951
2314, 17, 475, 102, 474, 103, 1, -1, -0.7853981633974483, 1.4142135623730951
2314, 20, 315, 324, 314, 323, 1, 1, 0.7853981633974483, 1.4142135623730951
2314, 23, 379, 228, 377, 229, 2, -1, -0.4636476090008061, 2.23606797749979
2315, 29, 331, 355, 330, 356, 1, -1, -0.7853981633974483, 1.4142135623730951
2315, 31, 374, 210, 374, 212, 0, -2, -1.5707963267948966, 2.0
2315, 37, 402, 144, 404, 145, -2, -1, -2.677945044588987, 2.23606797749979
2316, 14, 420, 149, 419, 151, 1, -2, -1.1071487177940904, 2.23606797749979
2316, 27, 547, 230, 547, 228, 0, 2, 1.5707963267948966, 2.0
2317, 4, 296, 406, 295, 407, 1, -1, -0.7853981633974483, 1.4142135623730951
2317, 7, 532, 137, 530, 136, 2, 1, 0.4636476090008061, 2.23606797749979
2317, 13, 422, 148, 420, 149, 2, -1, -0.4636476090008061, 2.23606797749979
2317, 25, 332, 354, 331, 355, 1, -1, -0.7853981633974483, 1.4142135623730951
2317, 26, 548, 233, 547, 230, 1, 3, 1.2490457723982544, 3.1622776601683795
2317, 29, 401, 141, 402, 143, -1, -2, -2.0344439357957027, 2.23606797749979
2317, 35, 563, 230, 562, 229, 1, 1, 0.7853981633974483, 1.4142135623730951
2318, 13, 424, 146, 422, 148, 2, -2, -0.7853981633974483, 2.8284271247461903
2318, 24, 549, 236, 548, 233, 1, 3, 1.2490457723982544, 3.1622776601683795
2318, 26, 415, 327, 415, 329, 0, -2, -1.5707963267948966, 2.0
2319, 1, 425, 154, 424, 155, 1, -1, -0.7853981633974483, 1.4142135623730951
2319, 7, 534, 138, 533, 137, 1, 1, 0.7853981633974483, 1.4142135623730951
2319, 9, 477, 103, 476, 104, 1, -1, -0.7853981633974483, 1.4142135623730951
2319, 22, 551, 239, 549, 236, 2, 3, 0.982793723247329, 3.605551275463989
2319, 24, 415, 325, 415, 327, 0, -2, -1.5707963267948966, 2.0
2319, 29, 325, 361, 324, 363, 1, -2, -1.1071487177940904, 2.23606797749979
2319, 30, 565, 231, 564, 230, 1, 1, 0.7853981633974483, 1.4142135623730951
2319, 32, 514, 188, 515, 187, -1, 1, 2.356194490192345, 1.4142135623730951
2320, 14, 550, 237, 549, 235, 1, 2, 1.1071487177940904, 2.23606797749979
2320, 16, 410, 261, 411, 263, -1, -2, -2.0344439357957027, 2.23606797749979
2320, 17, 512, 185, 512, 182, 0, 3, 1.5707963267948966, 3.0
2320, 26, 459, 201, 460, 203, -1, -2, -2.0344439357957027, 2.23606797749979
2320, 29, 449, 242, 449, 244, 0, -2, -1.5707963267948966, 2.0
2320, 33, 308, 388, 306, 388, 2, 0, 0.0, 2.0
2320, 44, 590, 226, 589, 225, 1, 1, 0.7853981633974483, 1.4142135623730951
2321, 2, 193, 350, 192, 351, 1, -1, -0.7853981633974483, 1.4142135623730951
2321, 3, 427, 153, 426, 155, 1, -2, -1.1071487177940904, 2.23606797749979
2321, 5, 613, 332, 611, 332, 2, 0, 0.0, 2.0
2321, 8, 433, 354, 432, 355, 1, -1, -0.7853981633974483, 1.4142135623730951
2321, 14, 551, 238, 550, 237, 1, 1, 0.7853981633974483, 1.4142135623730951
2321, 16, 512, 188, 512, 185, 0, 3, 1.5707963267948966, 3.0
2321, 25, 459, 198, 459, 201, 0, -3, -1.5707963267948966, 3.0
2321, 28, 448, 240, 449, 242, -1, -2, -2.0344439357957027, 2.23606797749979
2321, 29, 355, 369, 354, 370, 1, -1, -0.7853981633974483, 1.4142135623730951
2321, 36, 516, 189, 517, 188, -1, 1, 2.356194490192345, 1.4142135623730951
2322, 3, 427, 151, 427, 153, 0, -2, -1.5707963267948966, 2.0
2322, 6, 294, 400, 293, 401, 1, -1, -0.7853981633974483, 1.4142135623730951
2322, 7, 615, 239, 614, 238, 1, 1, 0.7853981633974483, 1.4142135623730951
2322, 10, 401, 165, 401, 167, 0, -2, -1.5707963267948966, 2.0
2322, 15, 538, 140, 536, 139, 2, 1, 0.4636476090008061, 2.23606797749979
2322, 16, 512, 190, 512, 188, 0, 2, 1.5707963267948966, 2.0
2322, 18, 380, 229, 379, 230, 1, -1, -0.7853981633974483, 1.4142135623730951
2322, 25, 459, 195, 459, 198, 0, -3, -1.5707963267948966, 3.0
2322, 28, 448, 237, 448, 240, 0, -3, -1.5707963267948966, 3.0
2322, 32, 309, 387, 308, 388, 1, -1, -0.7853981633974483, 1.4142135623730951
2322, 36, 514, 189, 516, 189, -2, 0, 3.141592653589793, 2.0
2323, 3, 428, 149, 427, 151, 1, -2, -1.1071487177940904, 2.23606797749979
2323, 6, 295, 399, 294, 400, 1, -1, -0.7853981633974483, 1.4142135623730951
2323, 16, 513, 191, 512, 190, 1, 1, 0.7853981633974483, 1.4142135623730951
2323, 25, 459, 193, 459, 195, 0, -2, -1.5707963267948966, 2.0
2323, 27, 506, 154, 505, 155, 1, -1, -0.7853981633974483, 1.4142135623730951
2323, 28, 448, 235, 448, 237, 0, -2, -1.5707963267948966, 2.0
2323, 29, 356, 367, 355, 368, 1, -1, -0.7853981633974483, 1.4142135623730951
2323, 35, 515, 190, 514, 189, 1, 1, 0.7853981633974483, 1.4142135623730951
2323, 41, 590, 230, 590, 228, 0, 2, 1.5707963267948966, 2.0
2324, 10, 402, 162, 401, 164, 1, -2, -1.1071487177940904, 2.23606797749979
2324, 13, 550, 240, 551, 239, -1, 1, 2.356194490192345, 1.4142135623730951
2324, 14, 540, 141, 539, 140, 1, 1, 0.7853981633974483, 1.4142135623730951
2324, 17, 381, 226, 380, 228, 1, -2, -1.1071487177940904, 2.23606797749979
2324, 22, 298, 407, 297, 408, 1, -1, -0.7853981633974483, 1.4142135623730951
2324, 23, 458, 189, 459, 193, -1, -4, -1.8157749899217608, 4.123105625617661
2324, 30, 309, 386, 308, 387, 1, -1, -0.7853981633974483, 1.4142135623730951
2324, 33, 515, 192, 515, 190, 0, 2, 1.5707963267948966, 2.0
2324, 35, 488, 138, 487, 139, 1, -1, -0.7853981633974483, 1.4142135623730951
2325, 1, 318, 387, 317, 388, 1, -1, -0.7853981633974483, 1.4142135623730951
2325, 11, 339, 355, 338, 356, 1, -1, -0.7853981633974483, 1.4142135623730951
2325, 12, 425, 326, 425, 328, 0, -2, -1.5707963267948966, 2.0
2325, 14, 461, 223, 461, 225, 0, -2, -1.5707963267948966, 2.0
2325, 17, 402, 165, 402, 167, 0, -2, -1.5707963267948966, 2.0
2325, 21, 461, 196, 461, 198, 0, -2, -1.5707963267948966, 2.0
2325, 22, 453, 239, 453, 241, 0, -2, -1.5707963267948966, 2.0
2325, 44, 596, 237, 594, 237, 2, 0, 0.0, 2.0
2325, 45, 548, 196, 549, 195, -1, 1, 2.356194490192345, 1.4142135623730951
2326, 8, 540, 143, 539, 142, 1, 1, 0.7853981633974483, 1.4142135623730951
2326, 27, 381, 227, 381, 229, 0, -2, -1.5707963267948966, 2.0
2326, 37, 598, 237, 596, 237, 2, 0, 0.0, 2.0
2326, 44, 294, 340, 293, 339, 1, 1, 0.7853981633974483, 1.4142135623730951
2327, 3, 298, 406, 297, 407, 1, -1, -0.7853981633974483, 1.4142135623730951
2327, 12, 434, 353, 433, 354, 1, -1, -0.7853981633974483, 1.4142135623730951
2327, 13, 402, 162, 402, 164, 0, -2, -1.5707963267948966, 2.0
2327, 15, 378, 324, 377, 326, 1, -2, -1.1071487177940904, 2.23606797749979
2327, 34, 598, 235, 598, 237, 0, -2, -1.5707963267948966, 2.0
2327, 38, 606, 236, 605, 237, 1, -1, -0.7853981633974483, 1.4142135623730951
2328, 8, 542, 144, 541, 143, 1, 1, 0.7853981633974483, 1.4142135623730951
2328, 10, 483, 106, 482, 105, 1, 1, 0.7853981633974483, 1.4142135623730951
2328, 11, 461, 219, 461, 221, 0, -2, -1.5707963267948966, 2.0
2328, 15, 378, 321, 378, 324, 0, -3, -1.5707963267948966, 3.0
2328, 16, 460, 192, 461, 194, -1, -2, -2.0344439357957027, 2.23606797749979
2328, 32, 597, 233, 598, 235, -1, -2, -2.0344439357957027, 2.23606797749979
2328, 36, 607, 235, 606, 236, 1, -1, -0.7853981633974483, 1.4142135623730951
2329, 10, 487, 104, 483, 106, 4, -2, -0.4636476090008061, 4.47213595499958
2329, 11, 461, 217, 461, 219, 0, -2, -1.5707963267948966, 2.0
2329, 13, 377, 322, 378, 321, -1, 1, 2.356194490192345, 1.4142135623730951
2329, 22, 472, 110, 471, 109, 1, 1, 0.7853981633974483, 1.4142135623730951
2329, 27, 596, 231, 597, 233, -1, -2, -2.0344439357957027, 2.23606797749979
2329, 29, 304, 359, 303, 360, 1, -1, -0.7853981633974483, 1.4142135623730951
2330, 7, 340, 353, 340, 355, 0, -2, -1.5707963267948966, 2.0
2330, 9, 544, 146, 543, 145, 1, 1, 0.7853981633974483, 1.4142135623730951
2330, 14, 560, 266, 559, 264, 1, 2, 1.1071487177940904, 2.23606797749979
2330, 26, 384, 224, 384, 226, 0, -2, -1.5707963267948966, 2.0
2330, 27, 552, 231, 551, 230, 1, 1, 0.7853981633974483, 1.4142135623730951
2330, 28, 557, 253, 558, 255, -1, -2, -2.0344439357957027, 2.23606797749979
2330, 44, 459, 203, 460, 205, -1, -2, -2.0344439357957027, 2.23606797749979
2330, 58, 415, 328, 416, 330, -1, -2, -2.0344439357957027, 2.23606797749979
2330, 62, 399, 264, 400, 266, -1, -2, -2.0344439357957027, 2.23606797749979
2331, 0, 430, 150, 429, 151, 1, -1, -0.7853981633974483, 1.4142135623730951
2331, 13, 561, 267, 560, 266, 1, 1, 0.7853981633974483, 1.4142135623730951
2331, 21, 377, 322, 377, 324, 0, -2, -1.5707963267948966, 2.0
2331, 25, 385, 223, 384, 224, 1, -1, -0.7853981633974483, 1.4142135623730951
2331, 26, 554, 232, 552, 231, 2, 1, 0.4636476090008061, 2.23606797749979
2331, 30, 462, 193, 462, 195, 0, -2, -1.5707963267948966, 2.0
2331, 36, 628, 360, 626, 360, 2, 0, 0.0, 2.0
2331, 42, 458, 200, 459, 203, -1, -3, -1.892546881191539, 3.1622776601683795
2331, 45, 519, 198, 518, 196, 1, 2, 1.1071487177940904, 2.23606797749979
2331, 54, 414, 325, 415, 328, -1, -3, -1.892546881191539, 3.1622776601683795
2331, 56, 362, 270, 364, 271, -2, -1, -2.677945044588987, 2.23606797749979
2331, 58, 398, 259, 399, 264, -1, -5, -1.7681918866447774, 5.0990195135927845
2332, 5, 299, 404, 298, 405, 1, -1, -0.7853981633974483, 1.4142135623730951
2332, 9, 211, 334, 210, 333, 1, 1, 0.7853981633974483, 1.4142135623730951
2332, 11, 403, 161, 403, 163, 0, -2, -1.5707963267948966, 2.0
2332, 21, 386, 221, 385, 223, 1, -2, -1.1071487177940904, 2.23606797749979
2332, 26, 228, 346, 227, 347, 1, -1, -0.7853981633974483, 1.4142135623730951
2332, 31, 630, 360, 628, 360, 2, 0, 0.0, 2.0
2332, 37, 457, 197, 458, 200, -1, -3, -1.892546881191539, 3.1622776601683795
2332, 47, 414, 323, 414, 325, 0, -2, -1.5707963267948966, 2.0
2332, 50, 397, 255, 398, 259, -1, -4, -1.8157749899217608, 4.123105625617661
2333, 3, 322, 384, 321, 385, 1, -1, -0.7853981633974483, 1.4142135623730951
2333, 8, 545, 148, 544, 147, 1, 1, 0.7853981633974483, 1.4142135623730951
2333, 12, 562, 266, 561, 267, 1, -1, -0.7853981633974483, 1.4142135623730951
2333, 15, 199, 290, 200, 289, -1, 1, 2.356194490192345, 1.4142135623730951
2333, 20, 387, 219, 386, 221, 1, -2, -1.1071487177940904, 2.23606797749979
2333, 30, 632, 360, 630, 360, 2, 0, 0.0, 2.0
2333, 32, 480, 114, 478, 114, 2, 0, 0.0, 2.0
2333, 36, 456, 194, 457, 197, -1, -3, -1.892546881191539, 3.1622776601683795
2333, 39, 520, 200, 519, 198, 1, 2, 1.1071487177940904, 2.23606797749979
2333, 43, 418, 154, 418, 156, 0, -2, -1.5707963267948966, 2.0
2333, 45, 569, 237, 568, 236, 1, 1, 0.7853981633974483, 1.4142135623730951
2333, 46, 414, 320, 414, 323, 0, -3, -1.5707963267948966, 3.0
2333, 49, 396, 251, 397, 255, -1, -4, -1.8157749899217608, 4.123105625617661
2334, 0, 431, 148, 430, 149, 1, -1, -0.7853981633974483, 1.4142135623730951
2334, 14, 305, 280, 306, 282, -1, -2, -2.0344439357957027, 2.23606797749979
2334, 16, 376, 319, 376, 321, 0, -2, -1.5707963267948966, 2.0
2334, 28, 634, 360, 632, 360, 2, 0, 0.0, 2.0
2334, 30, 482, 114, 480, 114, 2, 0, 0.0, 2.0
2334, 33, 455, 190, 456, 194, -1, -4, -1.8157749899217608, 4.123105625617661
2334, 35, 360, 367, 359, 368, 1, -1, -0.7853981633974483, 1.4142135623730951
2334, 40, 418, 152, 418, 154, 0, -2, -1.5707963267948966, 2.0
2334, 43, 414, 318, 414, 320, 0, -2, -1.5707963267948966, 2.0
2335, 29, 476, 109, 475, 110, 1, -1, -0.7853981633974483, 1.4142135623730951
2335, 47, 559, 252, 557, 252, 2, 0, 0.0, 2.0
2336, 1, 432, 150, 431, 151, 1, -1, -0.7853981633974483, 1.4142135623730951
2336, 4, 471, 221, 471, 223, 0, -2, -1.5707963267948966, 2.0
2336, 5, 325, 387, 324, 388, 1, -1, -0.7853981633974483, 1.4142135623730951
2336, 9, 488, 109, 487, 108, 1, 1, 0.7853981633974483, 1.4142135623730951
2336, 10, 548, 150, 547, 149, 1, 1, 0.7853981633974483, 1.4142135623730951
2336, 16, 463, 216, 464, 218, -1, -2, -2.0344439357957027, 2.23606797749979
2336, 22, 608, 243, 607, 242, 1, 1, 0.7853981633974483, 1.4142135623730951
2336, 29, 598, 231, 597, 230, 1, 1, 0.7853981633974483, 1.4142135623730951
2336, 41, 560, 253, 559, 252, 1, 1, 0.7853981633974483, 1.4142135623730951
2336, 44, 500, 140, 499, 141, 1, -1, -0.7853981633974483, 1.4142135623730951
2337, 1, 433, 149, 432, 150, 1, -1, -0.7853981633974483, 1.4142135623730951
2337, 2, 624, 337, 623, 336, 1, 1, 0.7853981633974483, 1.4142135623730951
2337, 5, 305, 406, 304, 407, 1, -1, -0.7853981633974483, 1.4142135623730951
2337, 23, 477, 108, 476, 109, 1, -1, -0.7853981633974483, 1.4142135623730951
2337, 35, 562, 256, 560, 253, 2, 3, 0.982793723247329, 3.605551275463989
2337, 37, 502, 141, 500, 140, 2, 1, 0.4636476090008061, 2.23606797749979
2337, 47, 573, 211, 572, 210, 1, 1, 0.7853981633974483, 1.4142135623730951
2338, 1, 434, 148, 433, 149, 1, -1, -0.7853981633974483, 1.4142135623730951
2338, 8, 550, 152, 549, 150, 1, 2, 1.1071487177940904, 2.23606797749979
2338, 34, 563, 258, 562, 256, 1, 2, 1.1071487177940904, 2.23606797749979
2339, 7, 490, 110, 489, 109, 1, 1, 0.7853981633974483, 1.4142135623730951
2339, 8, 551, 154, 550, 152, 1, 2, 1.1071487177940904, 2.23606797749979
2339, 20, 480, 108, 478, 108, 2, 0, 0.0, 2.0
2339, 29, 564, 261, 563, 258, 1, 3, 1.2490457723982544, 3.1622776601683795
2339, 31, 505, 142, 503, 141, 2, 1, 0.4636476090008061, 2.23606797749979
2339, 40, 628, 360, 627, 361, 1, -1, -0.7853981633974483, 1.4142135623730951
2340, 8, 551, 155, 549, 153, 2, 2, 0.7853981633974483, 2.8284271247461903
2340, 10, 409, 157, 406, 160, 3, -3, -0.7853981633974483, 4.242640687119285
2340, 11, 414, 188, 413, 192, 1, -4, -1.3258176636680326, 4.123105625617661
2340, 18, 484, 117, 483, 118, 1, -1, -0.7853981633974483, 1.4142135623730951
2340, 26, 334, 324, 331, 324, 3, 0, 0.0, 3.0
2340, 32, 374, 195, 373, 196, 1, -1, -0.7853981633974483, 1.4142135623730951
2340, 37, 191, 316, 188, 316, 3, 0, 0.0, 3.0
2340, 39, 204, 293, 201, 292, 3, 1, 0.3217505543966422, 3.1622776601683795
2340, 42, 414, 138, 413, 139, 1, -1, -0.7853981633974483, 1.4142135623730951
2340, 44, 559, 262, 560, 264, -1, -2, -2.0344439357957027, 2.23606797749979
2340, 53, 615, 332, 614, 333, 1, -1, -0.7853981633974483, 1.4142135623730951
2340, 62, 362, 265, 362, 269, 0, -4, -1.5707963267948966, 4.0
2340, 64, 613, 243, 612, 242, 1, 1, 0.7853981633974483, 1.4142135623730951
2341, 5, 327, 388, 326, 389, 1, -1, -0.7853981633974483, 1.4142135623730951
2341, 6, 306, 406, 305, 407, 1, -1, -0.7853981633974483, 1.4142135623730951
2341, 22, 220, 257, 219, 258, 1, -1, -0.7853981633974483, 1.4142135623730951
2341, 27, 406, 137, 405, 138, 1, -1, -0.7853981633974483, 1.4142135623730951
2341, 29, 388, 218, 388, 220, 0, -2, -1.5707963267948966, 2.0
2341, 30, 375, 194, 374, 195, 1, -1, -0.7853981633974483, 1.4142135623730951
2341, 37, 203, 294, 204, 293, -1, 1, 2.356194490192345, 1.4142135623730951
2341, 39, 631, 361, 630, 362, 1, -1, -0.7853981633974483, 1.4142135623730951
2341, 40, 415, 137, 414, 138, 1, -1, -0.7853981633974483, 1.4142135623730951
2341, 41, 323, 377, 323, 379, 0, -2, -1.5707963267948966, 2.0
2341, 44, 253, 239, 253, 241, 0, -2, -1.5707963267948966, 2.0
2341, 54, 344, 349, 343, 350, 1, -1, -0.7853981633974483, 1.4142135623730951
2342, 5, 307, 405, 306, 406, 1, -1, -0.7853981633974483, 1.4142135623730951
2342, 7, 552, 156, 551, 155, 1, 1, 0.7853981633974483, 1.4142135623730951
2342, 17, 485, 115, 484, 116, 1, -1, -0.7853981633974483, 1.4142135623730951
2342, 22, 330, 323, 333, 324, -3, -1, -2.819842099193151, 3.1622776601683795
2342, 24, 318, 322, 319, 324, -1, -2, -2.0344439357957027, 2.23606797749979
2342, 27, 389, 216, 388, 218, 1, -2, -1.1071487177940904, 2.23606797749979
2342, 30, 517, 178, 516, 177, 1, 1, 0.7853981633974483, 1.4142135623730951
2342, 49, 607, 270, 607, 272, 0, -2, -1.5707963267948966, 2.0
2342, 51, 604, 293, 605, 292, -1, 1, 2.356194490192345, 1.4142135623730951
2343, 4, 328, 386, 327, 387, 1, -1, -0.7853981633974483, 1.4142135623730951
2343, 7, 553, 157, 552, 156, 1, 1, 0.7853981633974483, 1.4142135623730951
2343, 12, 496, 111, 494, 110, 2, 1, 0.4636476090008061, 2.23606797749979
2343, 26, 389, 214, 389, 216, 0, -2, -1.5707963267948966, 2.0
2343, 30, 615, 250, 616, 249, -1, 1, 2.356194490192345, 1.4142135623730951
2343, 34, 634, 361, 632, 361, 2, 0, 0.0, 2.0
2344, 16, 419, 315, 418, 316, 1, -1, -0.7853981633974483, 1.4142135623730951
2344, 25, 389, 212, 389, 214, 0, -2, -1.5707963267948966, 2.0
2344, 39, 367, 205, 366, 207, 1, -2, -1.1071487177940904, 2.23606797749979
2344, 42, 602, 294, 603, 293, -1, 1, 2.356194490192345, 1.4142135623730951
2345, 1, 330, 387, 329, 388, 1, -1, -0.7853981633974483, 1.4142135623730951
2345, 9, 440, 349, 440, 351, 0, -2, -1.5707963267948966, 2.0
2345, 15, 391, 216, 390, 218, 1, -2, -1.1071487177940904, 2.23606797749979
2345, 22, 602, 240, 601, 239, 1, 1, 0.7853981633974483, 1.4142135623730951
2345, 34, 554, 244, 554, 242, 0, 2, 1.5707963267948966, 2.0
2345, 41, 409, 137, 408, 138, 1, -1, -0.7853981633974483, 1.4142135623730951
2345, 42, 402, 368, 401, 369, 1, -1, -0.7853981633974483, 1.4142135623730951
2345, 46, 556, 259, 558, 261, -2, -2, -2.356194490192345, 2.8284271247461903
2345, 48, 282, 299, 283, 298, -1, 1, 2.356194490192345, 1.4142135623730951
2345, 59, 507, 149, 506, 148, 1, 1, 0.7853981633974483, 1.4142135623730951
2346, 7, 440, 347, 440, 349, 0, -2, -1.5707963267948966, 2.0
2346, 13, 391, 214, 391, 216, 0, -2, -1.5707963267948966, 2.0
2346, 15, 340, 360, 338, 361, 2, -1, -0.4636476090008061, 2.23606797749979
2346, 25, 602, 348, 601, 349, 1, -1, -0.7853981633974483, 1.4142135623730951
2346, 29, 372, 282, 372, 284, 0, -2, -1.5707963267948966, 2.0
2346, 31, 555, 247, 554, 244, 1, 3, 1.2490457723982544, 3.1622776601683795
2346, 34, 523, 211, 523, 209, 0, 2, 1.5707963267948966, 2.0
2346, 36, 464, 195, 464, 197, 0, -2, -1.5707963267948966, 2.0
2346, 43, 282, 301, 282, 299, 0, 2, 1.5707963267948966, 2.0
2346, 47, 432, 344, 433, 346, -1, -2, -2.0344439357957027, 2.23606797749979
2346, 51, 524, 177, 523, 176, 1, 1, 0.7853981633974483, 1.4142135623730951
2346, 53, 408, 128, 407, 130, 1, -2, -1.1071487177940904, 2.23606797749979
2347, 3, 438, 149, 437, 150, 1, -1, -0.7853981633974483, 1.4142135623730951
2347, 5, 555, 160, 554, 159, 1, 1, 0.7853981633974483, 1.4142135623730951
2347, 12, 391, 212, 391, 214, 0, -2, -1.5707963267948966, 2.0
2347, 14, 341, 359, 340, 360, 1, -1, -0.7853981633974483, 1.4142135623730951
2347, 15, 499, 111, 497, 111, 2, 0, 0.0, 2.0
2347, 24, 219, 327, 217, 327, 2, 0, 0.0, 2.0
2347, 27, 556, 249, 555, 247, 1, 2, 1.1071487177940904, 2.23606797749979
2347, 40, 514, 131, 514, 133, 0, -2, -1.5707963267948966, 2.0
2347, 42, 433, 342, 432, 344, 1, -2, -1.1071487177940904, 2.23606797749979
2348, 8, 625, 247, 624, 246, 1, 1, 0.7853981633974483, 1.4142135623730951
2348, 9, 408, 153, 408, 155, 0, -2, -1.5707963267948966, 2.0
2348, 12, 391, 210, 391, 212, 0, -2, -1.5707963267948966, 2.0
2348, 14, 341, 357, 341, 359, 0, -2, -1.5707963267948966, 2.0
2348, 25, 372, 279, 372, 281, 0, -2, -1.5707963267948966, 2.0
2348, 27, 558, 252, 556, 249, 2, 3, 0.982793723247329, 3.605551275463989
2348, 33, 409, 134, 410, 136, -1, -2, -2.0344439357957027, 2.23606797749979
2348, 37, 280, 302, 281, 301, -1, 1, 2.356194490192345, 1.4142135623730951
2348, 39, 515, 129, 514, 131, 1, -2, -1.1071487177940904, 2.23606797749979
2348, 41, 434, 339, 433, 342, 1, -3, -1.2490457723982544, 3.1622776601683795
2348, 44, 525, 179, 524, 178, 1, 1, 0.7853981633974483, 1.4142135623730951
2348, 46, 410, 126, 409, 128, 1, -2, -1.1071487177940904, 2.23606797749979
2349, 1, 332, 384, 331, 385, 1, -1, -0.7853981633974483, 1.4142135623730951
2349, 2, 310, 402, 309, 403, 1, -1, -0.7853981633974483, 1.4142135623730951
2349, 3, 439, 147, 438, 148, 1, -1, -0.7853981633974483, 1.4142135623730951
2349, 12, 392, 208, 391, 210, 1, -2, -1.1071487177940904, 2.23606797749979
2349, 20, 332, 322, 331, 323, 1, -1, -0.7853981633974483, 1.4142135623730951
2349, 26, 559, 254, 558, 252, 1, 2, 1.1071487177940904, 2.23606797749979
2349, 29, 521, 213, 522, 212, -1, 1, 2.356194490192345, 1.4142135623730951
2349, 31, 411, 133, 409, 134, 2, -1, -0.4636476090008061, 2.23606797749979
2349, 35, 282, 302, 280, 302, 2, 0, 0.0, 2.0
2349, 37, 515, 127, 515, 129, 0, -2, -1.5707963267948966, 2.0
2349, 39, 435, 338, 434, 339, 1, -1, -0.7853981633974483, 1.4142135623730951
2349, 41, 346, 345, 345, 346, 1, -1, -0.7853981633974483, 1.4142135623730951
2349, 44, 412, 125, 410, 126, 2, -1, -0.4636476090008061, 2.23606797749979
2349, 45, 512, 149, 510, 149, 2, 0, 0.0, 2.0
2350, 1, 631, 339, 630, 340, 1, -1, -0.7853981633974483, 1.4142135623730951
2350, 3, 311, 405, 310, 406, 1, -1, -0.7853981633974483, 1.4142135623730951
2350, 8, 502, 112, 500, 112, 2, 0, 0.0, 2.0
2350, 13, 391, 211, 391, 213, 0, -2, -1.5707963267948966, 2.0
2350, 14, 557, 162, 556, 161, 1, 1, 0.7853981633974483, 1.4142135623730951
2350, 15, 558, 252, 557, 250, 1, 2, 1.1071487177940904, 2.23606797749979
2350, 20, 372, 203, 371, 205, 1, -2, -1.1071487177940904, 2.23606797749979
2350, 24, 348, 348, 347, 349, 1, -1, -0.7853981633974483, 1.4142135623730951
2350, 29, 451, 237, 452, 239, -1, -2, -2.0344439357957027, 2.23606797749979
2350, 31, 373, 281, 373, 283, 0, -2, -1.5707963267948966, 2.0
2350, 34, 419, 321, 419, 323, 0, -2, -1.5707963267948966, 2.0
2350, 43, 460, 194, 461, 196, -1, -2, -2.0344439357957027, 2.23606797749979
2350, 44, 520, 131, 519, 132, 1, -1, -0.7853981633974483, 1.4142135623730951
2350, 56, 585, 231, 583, 229, 2, 2, 0.7853981633974483, 2.8284271247461903
2350, 58, 590, 284, 589, 282, 1, 2, 1.1071487177940904, 2.23606797749979
2350, 59, 307, 247, 308, 246, -1, 1, 2.356194490192345, 1.4142135623730951
2350, 60, 555, 216, 556, 215, -1, 1, 2.356194490192345, 1.4142135623730951
2351, 1, 633, 339, 631, 339, 2, 0, 0.0, 2.0
2351, 4, 440, 148, 439, 149, 1, -1, -0.7853981633974483, 1.4142135623730951
2351, 6, 333, 385, 332, 386, 1, -1, -0.7853981633974483, 1.4142135623730951
2351, 11, 391, 209, 391, 211, 0, -2, -1.5707963267948966, 2.0
2351, 12, 558, 163, 557, 162, 1, 1, 0.7853981633974483, 1.4142135623730951
2351, 14, 426, 319, 428, 320, -2, -1, -2.677945044588987, 2.23606797749979
2351, 17, 372, 201, 372, 203, 0, -2, -1.5707963267948966, 2.0
2351, 20, 519, 212, 521, 211, -2, 1, 2.677945044588987, 2.23606797749979
2351, 21, 348, 346, 348, 348, 0, -2, -1.5707963267948966, 2.0
2351, 24, 449, 235, 451, 237, -2, -2, -2.356194490192345, 2.8284271247461903
2351, 26, 373, 279, 373, 281, 0, -2, -1.5707963267948966, 2.0
2351, 29, 417, 317, 419, 321, -2, -4, -2.0344439357957027, 4.47213595499958
2351, 34, 464, 190, 466, 190, -2, 0, 3.141592653589793, 2.0
2351, 37, 458, 192, 460, 194, -2, -2, -2.356194490192345, 2.8284271247461903
2351, 38, 521, 130, 520, 131, 1, -1, -0.7853981633974483, 1.4142135623730951
2351, 47, 586, 233, 585, 231, 1, 2, 1.1071487177940904, 2.23606797749979
2351, 48, 601, 242, 600, 241, 1, 1, 0.7853981633974483, 1.4142135623730951
2351, 49, 591, 286, 590, 284, 1, 2, 1.1071487177940904, 2.23606797749979
2352, 6, 334, 384, 333, 385, 1, -1, -0.7853981633974483, 1.4142135623730951
2352, 11, 391, 207, 391, 209, 0, -2, -1.5707963267948966, 2.0
2352, 12, 559, 164, 558, 163, 1, 1, 0.7853981633974483, 1.4142135623730951
2352, 20, 518, 213, 519, 212, -1, 1, 2.356194490192345, 1.4142135623730951
2352, 21, 349, 343, 348, 346, 1, -3, -1.2490457723982544, 3.1622776601683795
2352, 37, 523, 131, 521, 130, 2, 1, 0.4636476090008061, 2.23606797749979
2352, 44, 586, 236, 586, 233, 0, 3, 1.5707963267948966, 3.0
2352, 46, 591, 289, 591, 286, 0, 3, 1.5707963267948966, 3.0
2352, 47, 307, 248, 306, 247, 1, 1, 0.7853981633974483, 1.4142135623730951
2352, 48, 554, 218, 555, 217, -1, 1, 2.356194490192345, 1.4142135623730951
2353, 11, 560, 165, 559, 164, 1, 1, 0.7853981633974483, 1.4142135623730951
2353, 16, 372, 199, 372, 201, 0, -2, -1.5707963267948966, 2.0
2353, 19, 519, 214, 518, 213, 1, 1, 0.7853981633974483, 1.4142135623730951
2353, 20, 351, 341, 349, 343, 2, -2, -0.7853981633974483, 2.8284271247461903
2353, 24, 373, 276, 373, 278, 0, -2, -1.5707963267948966, 2.0
2353, 26, 369, 362, 369, 364, 0, -2, -1.5707963267948966, 2.0
2353, 31, 522, 133, 523, 131, -1, 2, 2.0344439357957027, 2.23606797749979
2353, 36, 586, 239, 586, 236, 0, 3, 1.5707963267948966, 3.0
2353, 38, 590, 290, 591, 289, -1, 1, 2.356194490192345, 1.4142135623730951
2354, 2, 312, 401, 311, 402, 1, -1, -0.7853981633974483, 1.4142135623730951
2354, 5, 335, 383, 334, 384, 1, -1, -0.7853981633974483, 1.4142135623730951
2354, 10, 561, 167, 560, 165, 1, 2, 1.1071487177940904, 2.23606797749979
2354, 12, 426, 315, 426, 317, 0, -2, -1.5707963267948966, 2.0
2354, 18, 520, 216, 519, 214, 1, 2, 1.1071487177940904, 2.23606797749979
2354, 19, 352, 338, 351, 341, 1, -3, -1.2490457723982544, 3.1622776601683795
2354, 28, 522, 131, 522, 133, 0, -2, -1.5707963267948966, 2.0
2355, 3, 442, 148, 441, 149, 1, -1, -0.7853981633974483, 1.4142135623730951
2355, 7, 635, 340, 636, 341, -1, -1, -2.356194490192345, 1.4142135623730951
2355, 8, 561, 166, 560, 165, 1, 1, 0.7853981633974483, 1.4142135623730951
2355, 9, 411, 151, 410, 153, 1, -2, -1.1071487177940904, 2.23606797749979
2355, 36, 433, 155, 432, 156, 1, -1, -0.7853981633974483, 1.4142135623730951
2355, 37, 358, 259, 359, 261, -1, -2, -2.0344439357957027, 2.23606797749979
2355, 38, 375, 244, 376, 246, -1, -2, -2.0344439357957027, 2.23606797749979
2355, 46, 594, 193, 593, 192, 1, 1, 0.7853981633974483, 1.4142135623730951
2355, 48, 466, 280, 466, 282, 0, -2, -1.5707963267948966, 2.0
2355, 49, 560, 273, 559, 270, 1, 3, 1.2490457723982544, 3.1622776601683795
2355, 50, 523, 132, 523, 134, 0, -2, -1.5707963267948966, 2.0
2355, 52, 388, 214, 388, 216, 0, -2, -1.5707963267948966, 2.0
2355, 57, 375, 285, 373, 288, 2, -3, -0.982793723247329, 3.605551275463989
2355, 59, 378, 279, 378, 281, 0, -2, -1.5707963267948966, 2.0
2355, 60, 607, 252, 606, 251, 1, 1, 0.7853981633974483, 1.4142135623730951
2356, 4, 336, 384, 335, 385, 1, -1, -0.7853981633974483, 1.4142135623730951
2356, 6, 562, 168, 561, 166, 1, 2, 1.1071487177940904, 2.23606797749979
2356, 7, 411, 149, 411, 151, 0, -2, -1.5707963267948966, 2.0
2356, 10, 354, 346, 354, 348, 0, -2, -1.5707963267948966, 2.0
2356, 24, 367, 196, 367, 198, 0, -2, -1.5707963267948966, 2.0
2356, 28, 217, 309, 216, 308, 1, 1, 0.7853981633974483, 1.4142135623730951
2356, 35, 375, 242, 375, 244, 0, -2, -1.5707963267948966, 2.0
2356, 41, 460, 196, 461, 198, -1, -2, -2.0344439357957027, 2.23606797749979
2356, 43, 595, 195, 594, 193, 1, 2, 1.1071487177940904, 2.23606797749979
2356, 45, 560, 277, 560, 273, 0, 4, 1.5707963267948966, 4.0
2356, 47, 388, 212, 388, 214, 0, -2, -1.5707963267948966, 2.0
2356, 51, 375, 283, 375, 285, 0, -2, -1.5707963267948966, 2.0
2356, 53, 377, 277, 378, 279, -1, -2, -2.0344439357957027, 2.23606797749979
2356, 54, 608, 253, 607, 252, 1, 1, 0.7853981633974483, 1.4142135623730951
2356, 55, 396, 238, 396, 240, 0, -2, -1.5707963267948966, 2.0
2356, 60, 530, 187, 529, 186, 1, 1, 0.7853981633974483, 1.4142135623730951
2356, 62, 423, 134, 422, 136, 1, -2, -1.1071487177940904, 2.23606797749979
2357, 3, 311, 402, 310, 403, 1, -1, -0.7853981633974483, 1.4142135623730951
2357, 6, 563, 169, 562, 168, 1, 1, 0.7853981633974483, 1.4142135623730951
2357, 8, 508, 115, 507, 114, 1, 1, 0.7853981633974483, 1.4142135623730951
2357, 10, 354, 344, 354, 346, 0, -2, -1.5707963267948966, 2.0
2357, 13, 557, 243, 556, 242, 1, 1, 0.7853981633974483, 1.4142135623730951
2357, 17, 378, 189, 379, 191, -1, -2, -2.0344439357957027, 2.23606797749979
2357, 22, 367, 194, 367, 196, 0, -2, -1.5707963267948966, 2.0
2357, 26, 216, 310, 217, 309, -1, 1, 2.356194490192345, 1.4142135623730951
2357, 38, 458, 194, 460, 196, -2, -2, -2.356194490192345, 2.8284271247461903
2357, 40, 596, 196, 595, 195, 1, 1, 0.7853981633974483, 1.4142135623730951
2357, 42, 561, 281, 560, 277, 1, 4, 1.3258176636680326, 4.123105625617661
2357, 43, 525, 131, 524, 132, 1, -1, -0.7853981633974483, 1.4142135623730951
2357, 47, 375, 281, 375, 283, 0, -2, -1.5707963267948966, 2.0
2357, 49, 377, 275, 377, 277, 0, -2, -1.5707963267948966, 2.0
2357, 50, 607, 254, 608, 253, -1, 1, 2.356194490192345, 1.4142135623730951
2357, 54, 604, 323, 603, 324, 1, -1, -0.7853981633974483, 1.4142135623730951
2357, 55, 531, 188, 530, 187, 1, 1, 0.7853981633974483, 1.4142135623730951
2357, 57, 424, 133, 423, 134, 1, -1, -0.7853981633974483, 1.4142135623730951
2357, 58, 292, 376, 291, 377, 1, -1, -0.7853981633974483, 1.4142135623730951
2358, 4, 337, 382, 336, 383, 1, -1, -0.7853981633974483, 1.4142135623730951
2358, 6, 564, 170, 563, 169, 1, 1, 0.7853981633974483, 1.4142135623730951
2358, 7, 411, 146, 411, 148, 0, -2, -1.5707963267948966, 2.0
2358, 10, 354, 342, 354, 344, 0, -2, -1.5707963267948966, 2.0
2358, 13, 558, 244, 557, 243, 1, 1, 0.7853981633974483, 1.4142135623730951
2358, 23, 521, 219, 521, 217, 0, 2, 1.5707963267948966, 2.0
2358, 30, 358, 255, 358, 257, 0, -2, -1.5707963267948966, 2.0
2358, 34, 457, 192, 458, 194, -1, -2, -2.0344439357957027, 2.23606797749979
2358, 36, 597, 197, 596, 196, 1, 1, 0.7853981633974483, 1.4142135623730951
2358, 38, 562, 285, 561, 281, 1, 4, 1.3258176636680326, 4.123105625617661
2358, 39, 528, 133, 525, 131, 3, 2, 0.5880026035475675, 3.605551275463989
2358, 43, 376, 280, 375, 281, 1, -1, -0.7853981633974483, 1.4142135623730951
2358, 45, 377, 273, 377, 275, 0, -2, -1.5707963267948966, 2.0
2358, 46, 609, 254, 607, 254, 2, 0, 0.0, 2.0
2358, 53, 425, 132, 424, 133, 1, -1, -0.7853981633974483, 1.4142135623730951
2359, 6, 565, 171, 564, 170, 1, 1, 0.7853981633974483, 1.4142135623730951
2359, 8, 509, 116, 508, 115, 1, 1, 0.7853981633974483, 1.4142135623730951
2359, 13, 559, 245, 558, 244, 1, 1, 0.7853981633974483, 1.4142135623730951
2359, 14, 392, 203, 391, 205, 1, -2, -1.1071487177940904, 2.23606797749979
2359, 21, 366, 191, 367, 193, -1, -2, -2.0344439357957027, 2.23606797749979
2359, 30, 357, 253, 358, 255, -1, -2, -2.0344439357957027, 2.23606797749979
2359, 34, 457, 189, 457, 192, 0, -3, -1.5707963267948966, 3.0
2359, 36, 598, 198, 597, 197, 1, 1, 0.7853981633974483, 1.4142135623730951
2359, 38, 563, 289, 562, 285, 1, 4, 1.3258176636680326, 4.123105625617661
2359, 39, 530, 134, 528, 133, 2, 1, 0.4636476090008061, 2.23606797749979
2359, 45, 377, 271, 377, 273, 0, -2, -1.5707963267948966, 2.0
2359, 49, 492, 119, 489, 118, 3, 1, 0.3217505543966422, 3.1622776601683795
2359, 51, 532, 189, 531, 188, 1, 1, 0.7853981633974483, 1.4142135623730951
2360, 4, 338, 384, 337, 385, 1, -1, -0.7853981633974483, 1.4142135623730951
2360, 5, 413, 149, 412, 151, 1, -2, -1.1071487177940904, 2.23606797749979
2360, 6, 510, 115, 508, 115, 2, 0, 0.0, 2.0
2360, 8, 564, 170, 563, 169, 1, 1, 0.7853981633974483, 1.4142135623730951
2360, 10, 494, 153, 492, 154, 2, -1, -0.4636476090008061, 2.23606797749979
2360, 16, 428, 321, 428, 323, 0, -2, -1.5707963267948966, 2.0
2360, 30, 524, 190, 523, 188, 1, 2, 1.1071487177940904, 2.23606797749979
2360, 46, 554, 224, 553, 223, 1, 1, 0.7853981633974483, 1.4142135623730951
2360, 50, 379, 275, 379, 277, 0, -2, -1.5707963267948966, 2.0
2360, 56, 378, 185, 378, 187, 0, -2, -1.5707963267948966, 2.0
2360, 63, 574, 252, 573, 251, 1, 1, 0.7853981633974483, 1.4142135623730951
2361, 6, 511, 116, 510, 115, 1, 1, 0.7853981633974483, 1.4142135623730951
2361, 8, 565, 172, 564, 170, 1, 2, 1.1071487177940904, 2.23606797749979
2361, 17, 355, 343, 356, 345, -1, -2, -2.0344439357957027, 2.23606797749979
2361, 18, 203, 298, 204, 297, -1, 1, 2.356194490192345, 1.4142135623730951
2361, 27, 378, 240, 379, 242, -1, -2, -2.0344439357957027, 2.23606797749979
2361, 28, 525, 193, 524, 190, 1, 3, 1.2490457723982544, 3.1622776601683795
2361, 36, 561, 265, 562, 267, -1, -2, -2.0344439357957027, 2.23606797749979
2361, 39, 359, 255, 359, 257, 0, -2, -1.5707963267948966, 2.0
2361, 40, 591, 251, 592, 250, -1, 1, 2.356194490192345, 1.4142135623730951
2361, 44, 394, 204, 394, 206, 0, -2, -1.5707963267948966, 2.0
2361, 47, 379, 273, 379, 275, 0, -2, -1.5707963267948966, 2.0
2361, 48, 518, 163, 517, 161, 1, 2, 1.1071487177940904, 2.23606797749979
2362, 3, 339, 383, 338, 384, 1, -1, -0.7853981633974483, 1.4142135623730951
2362, 6, 316, 401, 315, 402, 1, -1, -0.7853981633974483, 1.4142135623730951
2362, 8, 338, 324, 337, 325, 1, -1, -0.7853981633974483, 1.4142135623730951
2362, 12, 443, 343, 443, 345, 0, -2, -1.5707963267948966, 2.0
2362, 26, 526, 194, 525, 193, 1, 1, 0.7853981633974483, 1.4142135623730951
2362, 30, 457, 129, 456, 130, 1, -1, -0.7853981633974483, 1.4142135623730951
2362, 36, 359, 253, 359, 255, 0, -2, -1.5707963267948966, 2.0
2362, 43, 380, 271, 379, 273, 1, -2, -1.1071487177940904, 2.23606797749979
2362, 44, 519, 165, 518, 163, 1, 2, 1.1071487177940904, 2.23606797749979
2362, 48, 378, 182, 378, 184, 0, -2, -1.5707963267948966, 2.0
2362, 51, 604, 303, 603, 302, 1, 1, 0.7853981633974483, 1.4142135623730951
2362, 52, 275, 400, 274, 401, 1, -1, -0.7853981633974483, 1.4142135623730951
2362, 55, 432, 150, 431, 152, 1, -2, -1.1071487177940904, 2.23606797749979
2363, 3, 414, 146, 413, 147, 1, -1, -0.7853981633974483, 1.4142135623730951
2363, 4, 513, 117, 512, 116, 1, 1, 0.7853981633974483, 1.4142135623730951
2363, 6, 566, 174, 565, 173, 1, 1, 0.7853981633974483, 1.4142135623730951
2363, 22, 527, 196, 526, 194, 1, 2, 1.1071487177940904, 2.23606797749979
2363, 32, 358, 251, 359, 253, -1, -2, -2.0344439357957027, 2.23606797749979
2363, 34, 555, 227, 554, 226, 1, 1, 0.7853981633974483, 1.4142135623730951
2363, 35, 394, 201, 394, 203, 0, -2, -1.5707963267948966, 2.0
2363, 38, 380, 269, 380, 271, 0, -2, -1.5707963267948966, 2.0
2364, 2, 340, 381, 339, 382, 1, -1, -0.7853981633974483, 1.4142135623730951
2364, 4, 514, 118, 513, 117, 1, 1, 0.7853981633974483, 1.4142135623730951
2364, 5, 317, 400, 316, 401, 1, -1, -0.7853981633974483, 1.4142135623730951
2364, 6, 567, 175, 566, 174, 1, 1, 0.7853981633974483, 1.4142135623730951
2364, 7, 496, 150, 495, 151, 1, -1, -0.7853981633974483, 1.4142135623730951
2364, 10, 442, 340, 443, 342, -1, -2, -2.0344439357957027, 2.23606797749979
2364, 15, 500, 120, 499, 121, 1, -1, -0.7853981633974483, 1.4142135623730951
2364, 20, 528, 197, 527, 196, 1, 1, 0.7853981633974483, 1.4142135623730951
2364, 23, 458, 127, 457, 128, 1, -1, -0.7853981633974483, 1.4142135623730951
2364, 31, 394, 199, 394, 201, 0, -2, -1.5707963267948966, 2.0
2364, 34, 520, 167, 519, 166, 1, 1, 0.7853981633974483, 1.4142135623730951
2364, 43, 432, 147, 432, 149, 0, -2, -1.5707963267948966, 2.0
2365, 4, 341, 383, 340, 384, 1, -1, -0.7853981633974483, 1.4142135623730951
2365, 6, 414, 146, 414, 148, 0, -2, -1.5707963267948966, 2.0
2365, 8, 514, 119, 513, 118, 1, 1, 0.7853981633974483, 1.4142135623730951
2365, 14, 563, 278, 565, 280, -2, -2, -2.356194490192345, 2.8284271247461903
2365, 15, 382, 267, 382, 269, 0, -2, -1.5707963267948966, 2.0
2365, 19, 350, 344, 351, 346, -1, -2, -2.0344439357957027, 2.23606797749979
2365, 28, 493, 152, 494, 154, -1, -2, -2.0344439357957027, 2.23606797749979
2365, 33, 376, 238, 376, 240, 0, -2, -1.5707963267948966, 2.0
2365, 34, 563, 268, 562, 267, 1, 1, 0.7853981633974483, 1.4142135623730951
2365, 40, 523, 222, 524, 221, -1, 1, 2.356194490192345, 1.4142135623730951
2365, 44, 507, 125, 505, 125, 2, 0, 0.0, 2.0
2365, 48, 361, 254, 361, 256, 0, -2, -1.5707963267948966, 2.0
2365, 50, 405, 371, 403, 372, 2, -1, -0.4636476090008061, 2.23606797749979
2365, 51, 530, 197, 529, 196, 1, 1, 0.7853981633974483, 1.4142135623730951
2365, 56, 449, 111, 449, 113, 0, -2, -1.5707963267948966, 2.0
2365, 57, 376, 271, 376, 273, 0, -2, -1.5707963267948966, 2.0
2365, 58, 609, 256, 610, 258, -1, -2, -2.0344439357957027, 2.23606797749979
2365, 61, 611, 245, 610, 243, 1, 2, 1.1071487177940904, 2.23606797749979
2365, 65, 536, 191, 535, 190, 1, 1, 0.7853981633974483, 1.4142135623730951
2365, 66, 541, 149, 540, 148, 1, 1, 0.7853981633974483, 1.4142135623730951
2366, 1, 445, 146, 444, 147, 1, -1, -0.7853981633974483, 1.4142135623730951
2366, 4, 342, 382, 341, 383, 1, -1, -0.7853981633974483, 1.4142135623730951
2366, 6, 415, 145, 414, 146, 1, -1, -0.7853981633974483, 1.4142135623730951
2366, 8, 515, 120, 514, 119, 1, 1, 0.7853981633974483, 1.4142135623730951
2366, 9, 566, 177, 566, 175, 0, 2, 1.5707963267948966, 2.0
2366, 14, 381, 265, 382, 267, -1, -2, -2.0344439357957027, 2.23606797749979
2366, 22, 458, 225, 459, 227, -1, -2, -2.0344439357957027, 2.23606797749979
2366, 29, 376, 236, 376, 238, 0, -2, -1.5707963267948966, 2.0
2366, 36, 395, 201, 395, 203, 0, -2, -1.5707963267948966, 2.0
2366, 37, 509, 125, 507, 125, 2, 0, 0.0, 2.0
2366, 43, 406, 369, 405, 371, 1, -2, -1.1071487177940904, 2.23606797749979
2366, 44, 531, 198, 530, 197, 1, 1, 0.7853981633974483, 1.4142135623730951
2366, 47, 450, 110, 449, 111, 1, -1, -0.7853981633974483, 1.4142135623730951
2366, 48, 375, 269, 376, 271, -1, -2, -2.0344439357957027, 2.23606797749979
2366, 49, 609, 253, 609, 256, 0, -3, -1.5707963267948966, 3.0
2366, 52, 612, 248, 611, 245, 1, 3, 1.2490457723982544, 3.1622776601683795
2366, 55, 537, 192, 536, 191, 1, 1, 0.7853981633974483, 1.4142135623730951
2367, 3, 343, 381, 342, 382, 1, -1, -0.7853981633974483, 1.4142135623730951
2367, 7, 516, 121, 515, 120, 1, 1, 0.7853981633974483, 1.4142135623730951
2367, 8, 567, 178, 566, 177, 1, 1, 0.7853981633974483, 1.4142135623730951
2367, 13, 379, 264, 381, 265, -2, -1, -2.677945044588987, 2.23606797749979
2367, 17, 257, 315, 260, 316, -3, -1, -2.819842099193151, 3.1622776601683795
2367, 21, 457, 221, 458, 225, -1, -4, -1.8157749899217608, 4.123105625617661
2367, 26, 376, 234, 376, 236, 0, -2, -1.5707963267948966, 2.0
2367, 27, 564, 271, 562, 268, 2, 3, 0.982793723247329, 3.605551275463989
2367, 34, 511, 126, 509, 125, 2, 1, 0.4636476090008061, 2.23606797749979
2367, 37, 361, 252, 361, 254, 0, -2, -1.5707963267948966, 2.0
2367, 39, 406, 367, 406, 369, 0, -2, -1.5707963267948966, 2.0
2367, 43, 451, 108, 450, 110, 1, -2, -1.1071487177940904, 2.23606797749979
2367, 45, 609, 251, 609, 253, 0, -2, -1.5707963267948966, 2.0
2367, 46, 317, 394, 316, 395, 1, -1, -0.7853981633974483, 1.4142135623730951
2367, 47, 611, 250, 612, 248, -1, 2, 2.0344439357957027, 2.23606797749979
2368, 5, 416, 143, 415, 144, 1, -1, -0.7853981633974483, 1.4142135623730951
2368, 7, 517, 122, 516, 121, 1, 1, 0.7853981633974483, 1.4142135623730951
2368, 8, 568, 179, 567, 178, 1, 1, 0.7853981633974483, 1.4142135623730951
2368, 12, 560, 275, 562, 278, -2, -3, -2.158798930342464, 3.605551275463989
2368, 19, 456, 216, 457, 221, -1, -5, -1.7681918866447774, 5.0990195135927845
2368, 24, 565, 273, 564, 271, 1, 2, 1.1071487177940904, 2.23606797749979
2368, 30, 512, 127, 511, 126, 1, 1, 0.7853981633974483, 1.4142135623730951
2368, 38, 452, 107, 451, 108, 1, -1, -0.7853981633974483, 1.4142135623730951
2368, 39, 375, 266, 375, 268, 0, -2, -1.5707963267948966, 2.0
2368, 44, 292, 302, 290, 303, 2, -1, -0.4636476090008061, 2.23606797749979
2368, 45, 538, 194, 537, 193, 1, 1, 0.7853981633974483, 1.4142135623730951
2369, 4, 317, 400, 316, 401, 1, -1, -0.7853981633974483, 1.4142135623730951
2369, 7, 518, 123, 517, 122, 1, 1, 0.7853981633974483, 1.4142135623730951
2369, 8, 569, 180, 568, 179, 1, 1, 0.7853981633974483, 1.4142135623730951
2369, 11, 560, 273, 560, 275, 0, -2, -1.5707963267948966, 2.0
2369, 12, 378, 261, 379, 263, -1, -2, -2.0344439357957027, 2.23606797749979
2369, 14, 350, 342, 349, 343, 1, -1, -0.7853981633974483, 1.4142135623730951
2369, 18, 455, 212, 456, 216, -1, -4, -1.8157749899217608, 4.123105625617661
2369, 23, 566, 276, 565, 273, 1, 3, 1.2490457723982544, 3.1622776601683795
2369, 32, 407, 365, 407, 367, 0, -2, -1.5707963267948966, 2.0
2369, 37, 375, 264, 375, 266, 0, -2, -1.5707963267948966, 2.0
2370, 2, 448, 146, 447, 147, 1, -1, -0.7853981633974483, 1.4142135623730951
2370, 5, 416, 144, 416, 146, 0, -2, -1.5707963267948966, 2.0
2370, 7, 518, 123, 517, 122, 1, 1, 0.7853981633974483, 1.4142135623730951
2370, 19, 561, 275, 563, 275, -2, 0, 3.141592653589793, 2.0
2370, 34, 354, 338, 354, 340, 0, -2, -1.5707963267948966, 2.0
2370, 45, 544, 151, 541, 152, 3, -1, -0.3217505543966422, 3.1622776601683795
2370, 54, 372, 190, 373, 192, -1, -2, -2.0344439357957027, 2.23606797749979
2370, 58, 604, 351, 603, 350, 1, 1, 0.7853981633974483, 1.4142135623730951
2371, 5, 417, 142, 416, 144, 1, -2, -1.1071487177940904, 2.23606797749979
2371, 9, 572, 179, 571, 178, 1, 1, 0.7853981633974483, 1.4142135623730951
2371, 33, 421, 128, 418, 128, 3, 0, 0.0, 3.0
2371, 43, 535, 201, 534, 199, 1, 2, 1.1071487177940904, 2.23606797749979
2371, 46, 521, 223, 523, 223, -2, 0, 3.141592653589793, 2.0
2371, 48, 339, 373, 340, 375, -1, -2, -2.0344439357957027, 2.23606797749979
2372, 0, 345, 381, 344, 382, 1, -1, -0.7853981633974483, 1.4142135623730951
2372, 5, 520, 124, 519, 123, 1, 1, 0.7853981633974483, 1.4142135623730951
2372, 6, 321, 401, 320, 402, 1, -1, -0.7853981633974483, 1.4142135623730951
2372, 7, 573, 180, 572, 179, 1, 1, 0.7853981633974483, 1.4142135623730951
2372, 20, 560, 256, 560, 254, 0, 2, 1.5707963267948966, 2.0
2372, 27, 455, 233, 455, 235, 0, -2, -1.5707963267948966, 2.0
2372, 29, 421, 126, 421, 128, 0, -2, -1.5707963267948966, 2.0
2373, 4, 418, 139, 417, 141, 1, -2, -1.1071487177940904, 2.23606797749979
2373, 7, 574, 181, 573, 180, 1, 1, 0.7853981633974483, 1.4142135623730951
2373, 12, 510, 122, 508, 121, 2, 1, 0.4636476090008061, 2.23606797749979
2373, 18, 311, 346, 310, 347, 1, -1, -0.7853981633974483, 1.4142135623730951
2373, 20, 561, 259, 560, 256, 1, 3, 1.2490457723982544, 3.1622776601683795
2373, 25, 435, 344, 436, 346, -1, -2, -2.0344439357957027, 2.23606797749979
2373, 27, 455, 231, 455, 233, 0, -2, -1.5707963267948966, 2.0
2373, 28, 353, 337, 354, 336, -1, 1, 2.356194490192345, 1.4142135623730951
2373, 29, 423, 124, 421, 126, 2, -2, -0.7853981633974483, 2.8284271247461903
2373, 38, 536, 203, 535, 202, 1, 1, 0.7853981633974483, 1.4142135623730951
2373, 46, 603, 309, 605, 309, -2, 0, 3.141592653589793, 2.0
2373, 47, 584, 301, 586, 302, -2, -1, -2.677945044588987, 2.23606797749979
2374, 0, 346, 379, 345, 380, 1, -1, -0.7853981633974483, 1.4142135623730951
2374, 3, 604, 253, 605, 252, -1, 1, 2.356194490192345, 1.4142135623730951
2374, 5, 525, 124, 521, 124, 4, 0, 0.0, 4.0
2374, 6, 322, 399, 321, 400, 1, -1, -0.7853981633974483, 1.4142135623730951
2374, 7, 575, 182, 574, 181, 1, 1, 0.7853981633974483, 1.4142135623730951
2374, 11, 514, 124, 510, 122, 4, 2, 0.4636476090008061, 4.47213595499958
2374, 18, 562, 262, 561, 259, 1, 3, 1.2490457723982544, 3.1622776601683795
2374, 23, 434, 341, 435, 344, -1, -3, -1.892546881191539, 3.1622776601683795
2374, 24, 509, 127, 512, 129, -3, -2, -2.5535900500422257, 3.605551275463989
2374, 26, 354, 336, 353, 337, 1, -1, -0.7853981633974483, 1.4142135623730951
2374, 36, 538, 204, 536, 203, 2, 1, 0.4636476090008061, 2.23606797749979
2374, 39, 340, 371, 339, 372, 1, -1, -0.7853981633974483, 1.4142135623730951
2374, 41, 612, 332, 611, 331, 1, 1, 0.7853981633974483, 1.4142135623730951
2374, 43, 606, 350, 604, 350, 2, 0, 0.0, 2.0
2375, 6, 523, 125, 522, 124, 1, 1, 0.7853981633974483, 1.4142135623730951
2375, 8, 573, 184, 572, 183, 1, 1, 0.7853981633974483, 1.4142135623730951
2375, 10, 419, 144, 418, 145, 1, -1, -0.7853981633974483, 1.4142135623730951
2375, 14, 562, 260, 561, 259, 1, 1, 0.7853981633974483, 1.4142135623730951
2375, 17, 191, 324, 192, 323, -1, 1, 2.356194490192345, 1.4142135623730951
2375, 23, 408, 252, 411, 254, -3, -2, -2.5535900500422257, 3.605551275463989
2375, 34, 455, 233, 455, 235, 0, -2, -1.5707963267948966, 2.0
2375, 37, 436, 342, 437, 344, -1, -2, -2.0344439357957027, 2.23606797749979
2375, 44, 284, 306, 285, 305, -1, 1, 2.356194490192345, 1.4142135623730951
2375, 51, 460, 190, 461, 192, -1, -2, -2.0344439357957027, 2.23606797749979
2375, 53, 533, 194, 532, 193, 1, 1, 0.7853981633974483, 1.4142135623730951
2376, 0, 471, 212, 471, 214, 0, -2, -1.5707963267948966, 2.0
2376, 1, 450, 145, 449, 146, 1, -1, -0.7853981633974483, 1.4142135623730951
2376, 3, 347, 380, 346, 381, 1, -1, -0.7853981633974483, 1.4142135623730951
2376, 4, 324, 401, 323, 402, 1, -1, -0.7853981633974483, 1.4142135623730951
2376, 6, 524, 126, 523, 125, 1, 1, 0.7853981633974483, 1.4142135623730951
2376, 8, 574, 185, 573, 184, 1, 1, 0.7853981633974483, 1.4142135623730951
2376, 12, 382, 176, 383, 178, -1, -2, -2.0344439357957027, 2.23606797749979
2376, 13, 563, 262, 562, 260, 1, 2, 1.1071487177940904, 2.23606797749979
2376, 17, 353, 349, 352, 350, 1, -1, -0.7853981633974483, 1.4142135623730951
2376, 28, 336, 322, 335, 323, 1, -1, -0.7853981633974483, 1.4142135623730951
2376, 31, 454, 231, 455, 233, -1, -2, -2.0344439357957027, 2.23606797749979
2376, 38, 283, 307, 284, 306, -1, 1, 2.356194490192345, 1.4142135623730951
2376, 40, 461, 213, 462, 215, -1, -2, -2.0344439357957027, 2.23606797749979
2376, 41, 561, 236, 562, 235, -1, 1, 2.356194490192345, 1.4142135623730951
2376, 42, 465, 222, 463, 222, 2, 0, 0.0, 2.0
2376, 45, 459, 187, 460, 190, -1, -3, -1.892546881191539, 3.1622776601683795
2377, 4, 525, 127, 524, 126, 1, 1, 0.7853981633974483, 1.4142135623730951
2377, 9, 383, 175, 382, 176, 1, -1, -0.7853981633974483, 1.4142135623730951
2377, 10, 564, 263, 563, 262, 1, 1, 0.7853981633974483, 1.4142135623730951
2377, 12, 354, 348, 353, 349, 1, -1, -0.7853981633974483, 1.4142135623730951
2377, 17, 332, 330, 329, 330, 3, 0, 0.0, 3.0
2377, 21, 503, 123, 502, 124, 1, -1, -0.7853981633974483, 1.4142135623730951
2377, 26, 454, 228, 454, 231, 0, -3, -1.5707963267948966, 3.0
2377, 30, 508, 125, 509, 127, -1, -2, -2.0344439357957027, 2.23606797749979
2377, 32, 426, 127, 425, 128, 1, -1, -0.7853981633974483, 1.4142135623730951
2377, 39, 459, 184, 459, 187, 0, -3, -1.5707963267948966, 3.0
2378, 0, 451, 143, 450, 144, 1, -1, -0.7853981633974483, 1.4142135623730951
2378, 1, 348, 378, 347, 379, 1, -1, -0.7853981633974483, 1.4142135623730951
2378, 2, 325, 399, 324, 400, 1, -1, -0.7853981633974483, 1.4142135623730951
2378, 4, 526, 128, 525, 127, 1, 1, 0.7853981633974483, 1.4142135623730951
2378, 5, 575, 187, 574, 186, 1, 1, 0.7853981633974483, 1.4142135623730951
2378, 8, 382, 171, 383, 175, -1, -4, -1.8157749899217608, 4.123105625617661
2378, 10, 253, 320, 252, 319, 1, 1, 0.7853981633974483, 1.4142135623730951
2378, 11, 355, 347, 354, 348, 1, -1, -0.7853981633974483, 1.4142135623730951
2378, 20, 338, 321, 337, 322, 1, -1, -0.7853981633974483, 1.4142135623730951
2378, 22, 455, 226, 454, 228, 1, -2, -1.1071487177940904, 2.23606797749979
2378, 28, 427, 126, 426, 127, 1, -1, -0.7853981633974483, 1.4142135623730951
2378, 32, 466, 220, 465, 221, 1, -1, -0.7853981633974483, 1.4142135623730951
2378, 35, 458, 182, 459, 184, -1, -2, -2.0344439357957027, 2.23606797749979
2378, 37, 537, 196, 535, 194, 2, 2, 0.7853981633974483, 2.8284271247461903
2379, 1, 349, 377, 348, 378, 1, -1, -0.7853981633974483, 1.4142135623730951
2379, 2, 325, 397, 325, 399, 0, -2, -1.5707963267948966, 2.0
2379, 3, 209, 364, 208, 365, 1, -1, -0.7853981633974483, 1.4142135623730951
2379, 4, 527, 129, 526, 128, 1, 1, 0.7853981633974483, 1.4142135623730951
2379, 7, 420, 140, 419, 141, 1, -1, -0.7853981633974483, 1.4142135623730951
2379, 10, 355, 345, 355, 347, 0, -2, -1.5707963267948966, 2.0
2379, 19, 340, 321, 338, 321, 2, 0, 0.0, 2.0
2379, 21, 455, 224, 455, 226, 0, -2, -1.5707963267948966, 2.0
2379, 26, 508, 154, 506, 154, 2, 0, 0.0, 2.0
2379, 33, 457, 180, 458, 182, -1, -2, -2.0344439357957027, 2.23606797749979
2379, 35, 539, 197, 537, 196, 2, 1, 0.4636476090008061, 2.23606797749979
2380, 2, 451, 144, 450, 145, 1, -1, -0.7853981633974483, 1.4142135623730951
2380, 8, 576, 188, 575, 187, 1, 1, 0.7853981633974483, 1.4142135623730951
2380, 9, 420, 140, 420, 142, 0, -2, -1.5707963267948966, 2.0
2380, 13, 380, 314, 381, 316, -1, -2, -2.0344439357957027, 2.23606797749979
2380, 19, 515, 130, 514, 131, 1, -1, -0.7853981633974483, 1.4142135623730951
2380, 20, 527, 235, 528, 234, -1, 1, 2.356194490192345, 1.4142135623730951
2380, 21, 268, 318, 267, 319, 1, -1, -0.7853981633974483, 1.4142135623730951
2380, 33, 359, 334, 359, 336, 0, -2, -1.5707963267948966, 2.0
2380, 36, 545, 204, 544, 203, 1, 1, 0.7853981633974483, 1.4142135623730951
2380, 37, 220, 359, 221, 358, -1, 1, 2.356194490192345, 1.4142135623730951
2380, 40, 378, 230, 378, 232, 0, -2, -1.5707963267948966, 2.0
2380, 42, 436, 337, 436, 340, 0, -3, -1.5707963267948966, 3.0
2380, 44, 562, 239, 563, 238, -1, 1, 2.356194490192345, 1.4142135623730951
2381, 0, 350, 379, 349, 380, 1, -1, -0.7853981633974483, 1.4142135623730951
2381, 6, 528, 128, 526, 129, 2, -1, -0.4636476090008061, 2.23606797749979
2381, 7, 577, 189, 576, 188, 1, 1, 0.7853981633974483, 1.4142135623730951
2381, 8, 421, 139, 420, 140, 1, -1, -0.7853981633974483, 1.4142135623730951
2381, 14, 518, 134, 518, 139, 0, -5, -1.5707963267948966, 5.0
2381, 17, 515, 127, 515, 130, 0, -3, -1.5707963267948966, 3.0
2381, 18, 525, 236, 527, 235, -2, 1, 2.677945044588987, 2.23606797749979
2381, 30, 358, 335, 359, 334, -1, 1, 2.356194490192345, 1.4142135623730951
2381, 32, 546, 205, 545, 204, 1, 1, 0.7853981633974483, 1.4142135623730951
2381, 35, 378, 228, 378, 230, 0, -2, -1.5707963267948966, 2.0
2381, 37, 436, 335, 436, 337, 0, -2, -1.5707963267948966, 2.0
2382, 2, 452, 141, 451, 143, 1, -2, -1.1071487177940904, 2.23606797749979
2382, 5, 529, 129, 528, 128, 1, 1, 0.7853981633974483, 1.4142135623730951
2382, 6, 579, 190, 577, 189, 2, 1, 0.4636476090008061, 2.23606797749979
2382, 9, 223, 333, 222, 332, 1, 1, 0.7853981633974483, 1.4142135623730951
2382, 16, 517, 127, 515, 127, 2, 0, 0.0, 2.0
2382, 17, 523, 237, 525, 236, -2, 1, 2.677945044588987, 2.23606797749979
2382, 20, 604, 253, 604, 251, 0, 2, 1.5707963267948966, 2.0
2382, 25, 344, 322, 343, 323, 1, -1, -0.7853981633974483, 1.4142135623730951
2382, 27, 617, 334, 616, 335, 1, -1, -0.7853981633974483, 1.4142135623730951
2382, 29, 358, 333, 358, 335, 0, -2, -1.5707963267948966, 2.0
2382, 31, 547, 207, 546, 205, 1, 2, 1.1071487177940904, 2.23606797749979
2382, 34, 378, 226, 378, 228, 0, -2, -1.5707963267948966, 2.0
2382, 36, 436, 333, 436, 335, 0, -2, -1.5707963267948966, 2.0
2382, 40, 509, 154, 508, 155, 1, -1, -0.7853981633974483, 1.4142135623730951
2383, 1, 325, 398, 324, 399, 1, -1, -0.7853981633974483, 1.4142135623730951
2383, 3, 530, 130, 529, 129, 1, 1, 0.7853981633974483, 1.4142135623730951
2383, 4, 580, 192, 579, 190, 1, 2, 1.1071487177940904, 2.23606797749979
2383, 5, 422, 137, 421, 138, 1, -1, -0.7853981633974483, 1.4142135623730951
2383, 14, 524, 238, 523, 237, 1, 1, 0.7853981633974483, 1.4142135623730951
2383, 15, 269, 318, 268, 317, 1, 1, 0.7853981633974483, 1.4142135623730951
2383, 16, 603, 254, 604, 253, -1, 1, 2.356194490192345, 1.4142135623730951
2383, 25, 359, 334, 358, 333, 1, 1, 0.7853981633974483, 1.4142135623730951
2383, 27, 548, 208, 547, 207, 1, 1, 0.7853981633974483, 1.4142135623730951
2383, 31, 436, 331, 436, 333, 0, -2, -1.5707963267948966, 2.0
2383, 33, 510, 155, 509, 154, 1, 1, 0.7853981633974483, 1.4142135623730951
2384, 3, 531, 131, 530, 130, 1, 1, 0.7853981633974483, 1.4142135623730951
2384, 4, 581, 194, 580, 192, 1, 2, 1.1071487177940904, 2.23606797749979
2384, 5, 422, 135, 422, 137, 0, -2, -1.5707963267948966, 2.0
2384, 22, 619, 333, 618, 334, 1, -1, -0.7853981633974483, 1.4142135623730951
2384, 24, 360, 332, 359, 334, 1, -2, -1.1071487177940904, 2.23606797749979
2384, 30, 438, 328, 436, 331, 2, -3, -0.982793723247329, 3.605551275463989
2384, 33, 223, 315, 223, 313, 0, 2, 1.5707963267948966, 2.0
2385, 1, 454, 142, 454, 144, 0, -2, -1.5707963267948966, 2.0
2385, 2, 351, 378, 350, 379, 1, -1, -0.7853981633974483, 1.4142135623730951
2385, 6, 532, 133, 531, 132, 1, 1, 0.7853981633974483, 1.4142135623730951
2385, 8, 424, 139, 423, 140, 1, -1, -0.7853981633974483, 1.4142135623730951
2385, 12, 580, 192, 579, 191, 1, 1, 0.7853981633974483, 1.4142135623730951
2385, 28, 364, 335, 364, 337, 0, -2, -1.5707963267948966, 2.0
2385, 29, 377, 224, 377, 226, 0, -2, -1.5707963267948966, 2.0
2385, 35, 266, 208, 268, 210, -2, -2, -2.356194490192345, 2.8284271247461903
2385, 37, 526, 238, 525, 237, 1, 1, 0.7853981633974483, 1.4142135623730951
2385, 38, 347, 327, 346, 328, 1, -1, -0.7853981633974483, 1.4142135623730951
2385, 46, 459, 192, 460, 194, -1, -2, -2.0344439357957027, 2.23606797749979
2386, 1, 455, 141, 454, 142, 1, -1, -0.7853981633974483, 1.4142135623730951
2386, 3, 327, 398, 326, 399, 1, -1, -0.7853981633974483, 1.4142135623730951
2386, 6, 533, 134, 532, 133, 1, 1, 0.7853981633974483, 1.4142135623730951
2386, 8, 425, 137, 424, 139, 1, -2, -1.1071487177940904, 2.23606797749979
2386, 12, 581, 194, 580, 192, 1, 2, 1.1071487177940904, 2.23606797749979
2386, 15, 567, 256, 566, 255, 1, 1, 0.7853981633974483, 1.4142135623730951
2386, 16, 398, 195, 396, 193, 2, 2, 0.7853981633974483, 2.8284271247461903
2386, 22, 360, 242, 361, 244, -1, -2, -2.0344439357957027, 2.23606797749979
2386, 26, 377, 222, 377, 224, 0, -2, -1.5707963267948966, 2.0
2386, 34, 526, 240, 526, 238, 0, 2, 1.5707963267948966, 2.0
2386, 38, 470, 106, 469, 107, 1, -1, -0.7853981633974483, 1.4142135623730951
2386, 41, 458, 190, 459, 192, -1, -2, -2.0344439357957027, 2.23606797749979
2387, 2, 352, 376, 351, 377, 1, -1, -0.7853981633974483, 1.4142135623730951
2387, 3, 328, 397, 327, 398, 1, -1, -0.7853981633974483, 1.4142135623730951
2387, 6, 534, 135, 533, 134, 1, 1, 0.7853981633974483, 1.4142135623730951
2387, 8, 426, 136, 425, 137, 1, -1, -0.7853981633974483, 1.4142135623730951
2387, 12, 582, 195, 581, 194, 1, 1, 0.7853981633974483, 1.4142135623730951
2387, 15, 568, 257, 567, 256, 1, 1, 0.7853981633974483, 1.4142135623730951
2387, 24, 377, 220, 377, 222, 0, -2, -1.5707963267948966, 2.0
2387, 26, 571, 339, 573, 340, -2, -1, -2.677945044588987, 2.23606797749979
2387, 32, 527, 241, 526, 240, 1, 1, 0.7853981633974483, 1.4142135623730951
2387, 33, 348, 325, 347, 326, 1, -1, -0.7853981633974483, 1.4142135623730951
2387, 36, 471, 105, 470, 106, 1, -1, -0.7853981633974483, 1.4142135623730951
2387, 39, 456, 188, 458, 190, -2, -2, -2.356194490192345, 2.8284271247461903
2388, 3, 329, 396, 328, 397, 1, -1, -0.7853981633974483, 1.4142135623730951
2388, 7, 427, 135, 426, 136, 1, -1, -0.7853981633974483, 1.4142135623730951
2388, 11, 583, 196, 582, 195, 1, 1, 0.7853981633974483, 1.4142135623730951
2388, 12, 457, 226, 458, 224, -1, 2, 2.0344439357957027, 2.23606797749979
2388, 13, 569, 258, 568, 257, 1, 1, 0.7853981633974483, 1.4142135623730951
2388, 19, 359, 239, 360, 241, -1, -2, -2.0344439357957027, 2.23606797749979
2388, 22, 377, 218, 377, 220, 0, -2, -1.5707963267948966, 2.0
2388, 37, 454, 185, 456, 188, -2, -3, -2.158798930342464, 3.605551275463989
2389, 1, 456, 139, 455, 140, 1, -1, -0.7853981633974483, 1.4142135623730951
2389, 2, 353, 374, 352, 375, 1, -1, -0.7853981633974483, 1.4142135623730951
2389, 3, 330, 395, 329, 396, 1, -1, -0.7853981633974483, 1.4142135623730951
2389, 5, 535, 137, 534, 136, 1, 1, 0.7853981633974483, 1.4142135623730951
2389, 9, 584, 197, 583, 196, 1, 1, 0.7853981633974483, 1.4142135623730951
2389, 17, 359, 237, 359, 239, 0, -2, -1.5707963267948966, 2.0
2389, 19, 364, 330, 364, 332, 0, -2, -1.5707963267948966, 2.0
2389, 21, 568, 340, 570, 339, -2, 1, 2.677945044588987, 2.23606797749979
2389, 26, 527, 244, 527, 242, 0, 2, 1.5707963267948966, 2.0
2389, 29, 474, 105, 472, 105, 2, 0, 0.0, 2.0
2389, 30, 413, 358, 412, 359, 1, -1, -0.7853981633974483, 1.4142135623730951
2389, 32, 454, 180, 454, 185, 0, -5, -1.5707963267948966, 5.0
2390, 5, 270, 323, 270, 325, 0, -2, -1.5707963267948966, 2.0
2390, 10, 536, 137, 535, 136, 1, 1, 0.7853981633974483, 1.4142135623730951
2390, 12, 566, 299, 566, 297, 0, 2, 1.5707963267948966, 2.0
2390, 14, 367, 332, 367, 334, 0, -2, -1.5707963267948966, 2.0
2390, 15, 427, 138, 426, 139, 1, -1, -0.7853981633974483, 1.4142135623730951
2390, 37, 380, 223, 380, 225, 0, -2, -1.5707963267948966, 2.0
2391, 1, 456, 141, 455, 142, 1, -1, -0.7853981633974483, 1.4142135623730951
2391, 5, 355, 375, 354, 376, 1, -1, -0.7853981633974483, 1.4142135623730951
2391, 6, 332, 396, 331, 397, 1, -1, -0.7853981633974483, 1.4142135623730951
2391, 10, 567, 300, 566, 299, 1, 1, 0.7853981633974483, 1.4142135623730951
2391, 18, 388, 170, 387, 171, 1, -1, -0.7853981633974483, 1.4142135623730951
2391, 29, 386, 252, 385, 254, 1, -2, -1.1071487177940904, 2.23606797749979
2391, 35, 379, 221, 380, 223, -1, -2, -2.0344439357957027, 2.23606797749979
2391, 40, 518, 134, 517, 133, 1, 1, 0.7853981633974483, 1.4142135623730951
2392, 8, 537, 139, 536, 138, 1, 1, 0.7853981633974483, 1.4142135623730951
2392, 22, 361, 238, 361, 240, 0, -2, -1.5707963267948966, 2.0
2392, 31, 378, 219, 379, 221, -1, -2, -2.0344439357957027, 2.23606797749979
2392, 35, 520, 135, 518, 134, 2, 1, 0.4636476090008061, 2.23606797749979
2393, 1, 457, 140, 456, 141, 1, -1, -0.7853981633974483, 1.4142135623730951
2393, 5, 356, 373, 355, 374, 1, -1, -0.7853981633974483, 1.4142135623730951
2393, 6, 333, 394, 332, 395, 1, -1, -0.7853981633974483, 1.4142135623730951
2393, 9, 583, 199, 582, 198, 1, 1, 0.7853981633974483, 1.4142135623730951
2393, 10, 567, 298, 567, 300, 0, -2, -1.5707963267948966, 2.0
2393, 29, 378, 217, 378, 219, 0, -2, -1.5707963267948966, 2.0
2393, 33, 522, 137, 520, 135, 2, 2, 0.7853981633974483, 2.8284271247461903
2394, 1, 458, 139, 457, 140, 1, -1, -0.7853981633974483, 1.4142135623730951
2394, 5, 358, 372, 356, 373, 2, -1, -0.4636476090008061, 2.23606797749979
2394, 6, 334, 393, 333, 394, 1, -1, -0.7853981633974483, 1.4142135623730951
2394, 8, 539, 140, 538, 139, 1, 1, 0.7853981633974483, 1.4142135623730951
2394, 11, 429, 136, 428, 137, 1, -1, -0.7853981633974483, 1.4142135623730951
2394, 14, 388, 166, 388, 168, 0, -2, -1.5707963267948966, 2.0
2394, 26, 378, 215, 378, 217, 0, -2, -1.5707963267948966, 2.0
2394, 30, 523, 139, 522, 137, 1, 2, 1.1071487177940904, 2.23606797749979
2395, 3, 539, 139, 538, 138, 1, 1, 0.7853981633974483, 1.4142135623730951
2395, 10, 387, 247, 388, 249, -1, -2, -2.0344439357957027, 2.23606797749979
2395, 11, 509, 156, 506, 155, 3, 1, 0.3217505543966422, 3.1622776601683795
2395, 19, 566, 285, 563, 283, 3, 2, 0.5880026035475675, 3.605551275463989
2395, 21, 349, 320, 349, 322, 0, -2, -1.5707963267948966, 2.0
2395, 22, 400, 251, 401, 250, -1, 1, 2.356194490192345, 1.4142135623730951
2395, 33, 528, 246, 529, 245, -1, 1, 2.356194490192345, 1.4142135623730951
2395, 34, 379, 219, 379, 221, 0, -2, -1.5707963267948966, 2.0
2395, 35, 340, 323, 339, 324, 1, -1, -0.7853981633974483, 1.4142135623730951
2395, 40, 546, 218, 544, 215, 2, 3, 0.982793723247329, 3.605551275463989
2395, 42, 477, 108, 476, 109, 1, -1, -0.7853981633974483, 1.4142135623730951
2395, 47, 355, 367, 354, 368, 1, -1, -0.7853981633974483, 1.4142135623730951
2396, 2, 540, 140, 539, 139, 1, 1, 0.7853981633974483, 1.4142135623730951
2396, 9, 511, 157, 509, 156, 2, 1, 0.4636476090008061, 2.23606797749979
2396, 15, 567, 287, 566, 285, 1, 2, 1.1071487177940904, 2.23606797749979
2396, 18, 585, 201, 584, 200, 1, 1, 0.7853981633974483, 1.4142135623730951
2396, 22, 365, 329, 367, 330, -2, -1, -2.677945044588987, 2.23606797749979
2396, 23, 363, 237, 363, 239, 0, -2, -1.5707963267948966, 2.0
2396, 24, 525, 141, 527, 141, -2, 0, 3.141592653589793, 2.0
2396, 28, 379, 217, 379, 219, 0, -2, -1.5707963267948966, 2.0
2396, 34, 547, 221, 546, 218, 1, 3, 1.2490457723982544, 3.1622776601683795
2396, 35, 193, 326, 194, 325, -1, 1, 2.356194490192345, 1.4142135623730951
2396, 36, 479, 107, 477, 108, 2, -1, -0.4636476090008061, 2.23606797749979
2397, 3, 358, 372, 357, 373, 1, -1, -0.7853981633974483, 1.4142135623730951
2397, 6, 334, 396, 333, 397, 1, -1, -0.7853981633974483, 1.4142135623730951
2397, 8, 513, 158, 511, 157, 2, 1, 0.4636476090008061, 2.23606797749979
2397, 14, 569, 290, 567, 287, 2, 3, 0.982793723247329, 3.605551275463989
2397, 19, 381, 309, 381, 311, 0, -2, -1.5707963267948966, 2.0
2397, 20, 363, 328, 365, 329, -2, -1, -2.677945044588987, 2.23606797749979
2397, 22, 527, 141, 525, 141, 2, 0, 0.0, 2.0
2397, 26, 378, 215, 379, 217, -1, -2, -2.0344439357957027, 2.23606797749979
2397, 32, 548, 224, 547, 221, 1, 3, 1.2490457723982544, 3.1622776601683795
2397, 34, 481, 106, 479, 107, 2, -1, -0.4636476090008061, 2.23606797749979
2398, 0, 462, 140, 460, 141, 2, -1, -0.4636476090008061, 2.23606797749979
2398, 2, 541, 142, 540, 141, 1, 1, 0.7853981633974483, 1.4142135623730951
2398, 3, 359, 370, 358, 372, 1, -2, -1.1071487177940904, 2.23606797749979
2398, 5, 431, 134, 430, 135, 1, -1, -0.7853981633974483, 1.4142135623730951
2398, 6, 336, 394, 334, 396, 2, -2, -0.7853981633974483, 2.8284271247461903
2398, 8, 515, 162, 513, 158, 2, 4, 1.1071487177940904, 4.47213595499958
2398, 13, 570, 292, 569, 290, 1, 2, 1.1071487177940904, 2.23606797749979
2398, 16, 586, 204, 585, 202, 1, 2, 1.1071487177940904, 2.23606797749979
2398, 17, 381, 307, 381, 309, 0, -2, -1.5707963267948966, 2.0
2398, 18, 363, 235, 363, 237, 0, -2, -1.5707963267948966, 2.0
2398, 19, 528, 142, 527, 141, 1, 1, 0.7853981633974483, 1.4142135623730951
2398, 22, 377, 213, 378, 215, -1, -2, -2.0344439357957027, 2.23606797749979
2398, 25, 626, 341, 625, 340, 1, 1, 0.7853981633974483, 1.4142135623730951
2398, 28, 549, 226, 548, 224, 1, 2, 1.1071487177940904, 2.23606797749979
2398, 30, 482, 107, 481, 106, 1, 1, 0.7853981633974483, 1.4142135623730951
2399, 0, 463, 139, 462, 140, 1, -1, -0.7853981633974483, 1.4142135623730951
2399, 2, 542, 143, 541, 142, 1, 1, 0.7853981633974483, 1.4142135623730951
2399, 6, 337, 393, 336, 394, 1, -1, -0.7853981633974483, 1.4142135623730951
2399, 7, 515, 164, 515, 162, 0, 2, 1.5707963267948966, 2.0
2399, 12, 570, 294, 570, 292, 0, 2, 1.5707963267948966, 2.0
2399, 15, 587, 205, 586, 204, 1, 1, 0.7853981633974483, 1.4142135623730951
2399, 16, 381, 304, 381, 307, 0, -3, -1.5707963267948966, 3.0
2399, 19, 564, 245, 565, 244, -1, 1, 2.356194490192345, 1.4142135623730951
2399, 20, 376, 211, 377, 213, -1, -2, -2.0344439357957027, 2.23606797749979
2399, 26, 550, 228, 549, 226, 1, 2, 1.1071487177940904, 2.23606797749979
2399, 29, 334, 387, 333, 388, 1, -1, -0.7853981633974483, 1.4142135623730951
2400, 2, 339, 396, 338, 397, 1, -1, -0.7853981633974483, 1.4142135623730951
2400, 5, 545, 143, 542, 142, 3, 1, 0.3217505543966422, 3.1622776601683795
2400, 7, 435, 135, 432, 137, 3, -2, -0.5880026035475675, 3.605551275463989
2400, 10, 413, 178, 412, 182, 1, -4, -1.3258176636680326, 4.123105625617661
2400, 11, 589, 207, 587, 204, 2, 3, 0.982793723247329, 3.605551275463989
2400, 12, 220, 344, 219, 345, 1, -1, -0.7853981633974483, 1.4142135623730951
2400, 15, 551, 225, 550, 224, 1, 1, 0.7853981633974483, 1.4142135623730951
2400, 16, 197, 329, 194, 328, 3, 1, 0.3217505543966422, 3.1622776601683795
2400, 17, 529, 149, 531, 149, -2, 0, 3.141592653589793, 2.0
2400, 18, 444, 339, 446, 341, -2, -2, -2.356194490192345, 2.8284271247461903
2400, 21, 585, 342, 583, 343, 2, -1, -0.4636476090008061, 2.23606797749979
2400, 24, 379, 310, 381, 313, -2, -3, -2.158798930342464, 3.605551275463989
2400, 29, 214, 309, 210, 308, 4, 1, 0.24497866312686414, 4.123105625617661
2400, 31, 378, 214, 378, 216, 0, -2, -1.5707963267948966, 2.0
2400, 34, 365, 326, 364, 328, 1, -2, -1.1071487177940904, 2.23606797749979
2401, 0, 362, 371, 361, 372, 1, -1, -0.7853981633974483, 1.4142135623730951
2401, 4, 464, 139, 463, 140, 1, -1, -0.7853981633974483, 1.4142135623730951
2401, 5, 546, 144, 545, 143, 1, 1, 0.7853981633974483, 1.4142135623730951
2401, 14, 410, 246, 411, 248, -1, -2, -2.0344439357957027, 2.23606797749979
2401, 17, 530, 150, 529, 149, 1, 1, 0.7853981633974483, 1.4142135623730951
2401, 20, 588, 342, 585, 342, 3, 0, 0.0, 3.0
2401, 23, 379, 308, 379, 310, 0, -2, -1.5707963267948966, 2.0
2401, 28, 377, 212, 378, 214, -1, -2, -2.0344439357957027, 2.23606797749979
2401, 31, 366, 324, 365, 326, 1, -2, -1.1071487177940904, 2.23606797749979
2402, 2, 340, 394, 339, 395, 1, -1, -0.7853981633974483, 1.4142135623730951
2402, 5, 547, 145, 546, 144, 1, 1, 0.7853981633974483, 1.4142135623730951
2402, 13, 553, 226, 552, 225, 1, 1, 0.7853981633974483, 1.4142135623730951
2402, 14, 196, 330, 197, 329, -1, 1, 2.356194490192345, 1.4142135623730951
2402, 15, 531, 151, 530, 150, 1, 1, 0.7853981633974483, 1.4142135623730951
2402, 18, 592, 343, 588, 342, 4, 1, 0.24497866312686414, 4.123105625617661
2402, 20, 589, 326, 588, 325, 1, 1, 0.7853981633974483, 1.4142135623730951
2402, 23, 563, 289, 565, 291, -2, -2, -2.356194490192345, 2.8284271247461903
2402, 28, 367, 323, 366, 324, 1, -1, -0.7853981633974483, 1.4142135623730951
2402, 30, 232, 322, 229, 323, 3, -1, -0.3217505543966422, 3.1622776601683795
2402, 32, 346, 347, 345, 348, 1, -1, -0.7853981633974483, 1.4142135623730951
2403, 0, 363, 369, 362, 370, 1, -1, -0.7853981633974483, 1.4142135623730951
2403, 3, 465, 137, 464, 138, 1, -1, -0.7853981633974483, 1.4142135623730951
2403, 4, 548, 146, 547, 145, 1, 1, 0.7853981633974483, 1.4142135623730951
2403, 6, 437, 133, 436, 134, 1, -1, -0.7853981633974483, 1.4142135623730951
2403, 9, 590, 209, 589, 208, 1, 1, 0.7853981633974483, 1.4142135623730951
2403, 13, 533, 152, 531, 151, 2, 1, 0.4636476090008061, 2.23606797749979
2403, 15, 595, 343, 592, 343, 3, 0, 0.0, 3.0
2403, 18, 379, 305, 379, 307, 0, -2, -1.5707963267948966, 2.0
2404, 2, 341, 392, 340, 393, 1, -1, -0.7853981633974483, 1.4142135623730951
2404, 10, 554, 227, 553, 226, 1, 1, 0.7853981633974483, 1.4142135623730951
2404, 12, 535, 153, 533, 152, 2, 1, 0.4636476090008061, 2.23606797749979
2404, 22, 369, 322, 368, 323, 1, -1, -0.7853981633974483, 1.4142135623730951
2404, 25, 568, 274, 568, 272, 0, 2, 1.5707963267948966, 2.0
2404, 26, 347, 344, 346, 346, 1, -2, -1.1071487177940904, 2.23606797749979
2405, 0, 364, 371, 363, 372, 1, -1, -0.7853981633974483, 1.4142135623730951
2405, 2, 466, 139, 465, 141, 1, -2, -1.1071487177940904, 2.23606797749979
2405, 5, 342, 395, 341, 396, 1, -1, -0.7853981633974483, 1.4142135623730951
2405, 7, 548, 147, 547, 146, 1, 1, 0.7853981633974483, 1.4142135623730951
2405, 13, 569, 276, 568, 275, 1, 1, 0.7853981633974483, 1.4142135623730951
2405, 14, 536, 157, 535, 156, 1, 1, 0.7853981633974483, 1.4142135623730951
2405, 19, 379, 209, 379, 211, 0, -2, -1.5707963267948966, 2.0
2405, 20, 366, 232, 366, 234, 0, -2, -1.5707963267948966, 2.0
2405, 33, 389, 286, 389, 288, 0, -2, -1.5707963267948966, 2.0
2405, 37, 393, 161, 392, 163, 1, -2, -1.1071487177940904, 2.23606797749979
2405, 40, 569, 250, 568, 249, 1, 1, 0.7853981633974483, 1.4142135623730951
2405, 41, 554, 230, 555, 229, -1, 1, 2.356194490192345, 1.4142135623730951
2405, 45, 518, 132, 517, 131, 1, 1, 0.7853981633974483, 1.4142135623730951
2406, 24, 443, 119, 442, 120, 1, -1, -0.7853981633974483, 1.4142135623730951
2406, 27, 394, 159, 393, 161, 1, -2, -1.1071487177940904, 2.23606797749979
2406, 40, 465, 220, 465, 222, 0, -2, -1.5707963267948966, 2.0
2407, 0, 364, 368, 364, 370, 0, -2, -1.5707963267948966, 2.0
2407, 2, 467, 137, 466, 138, 1, -1, -0.7853981633974483, 1.4142135623730951
2407, 4, 343, 392, 342, 394, 1, -2, -1.1071487177940904, 2.23606797749979
2407, 6, 549, 149, 548, 148, 1, 1, 0.7853981633974483, 1.4142135623730951
2407, 9, 338, 387, 336, 389, 2, -2, -0.7853981633974483, 2.8284271247461903
2407, 14, 261, 323, 262, 322, -1, 1, 2.356194490192345, 1.4142135623730951
2407, 19, 602, 268, 603, 267, -1, 1, 2.356194490192345, 1.4142135623730951
2407, 20, 284, 314, 285, 313, -1, 1, 2.356194490192345, 1.4142135623730951
2407, 27, 396, 157, 394, 159, 2, -2, -0.7853981633974483, 2.8284271247461903
2407, 28, 533, 259, 534, 258, -1, 1, 2.356194490192345, 1.4142135623730951
2407, 35, 520, 133, 519, 132, 1, 1, 0.7853981633974483, 1.4142135623730951
2407, 39, 595, 295, 596, 294, -1, 1, 2.356194490192345, 1.4142135623730951
2407, 40, 465, 216, 465, 220, 0, -4, -1.5707963267948966, 4.0
2408, 2, 468, 136, 467, 137, 1, -1, -0.7853981633974483, 1.4142135623730951
2408, 7, 438, 134, 437, 135, 1, -1, -0.7853981633974483, 1.4142135623730951
2408, 13, 538, 147, 537, 146, 1, 1, 0.7853981633974483, 1.4142135623730951
2408, 20, 285, 315, 284, 314, 1, 1, 0.7853981633974483, 1.4142135623730951
2408, 27, 398, 154, 396, 157, 2, -3, -0.982793723247329, 3.605551275463989
2408, 37, 435, 337, 436, 339, -1, -2, -2.0344439357957027, 2.23606797749979
2408, 38, 594, 297, 595, 295, -1, 2, 2.0344439357957027, 2.23606797749979
2409, 3, 310, 313, 308, 312, 2, 1, 0.4636476090008061, 2.23606797749979
2409, 4, 344, 390, 343, 391, 1, -1, -0.7853981633974483, 1.4142135623730951
2409, 6, 550, 151, 549, 150, 1, 1, 0.7853981633974483, 1.4142135623730951
2409, 9, 338, 384, 338, 386, 0, -2, -1.5707963267948966, 2.0
2409, 13, 539, 148, 538, 147, 1, 1, 0.7853981633974483, 1.4142135623730951
2409, 14, 263, 324, 262, 323, 1, 1, 0.7853981633974483, 1.4142135623730951
2409, 17, 365, 335, 364, 336, 1, -1, -0.7853981633974483, 1.4142135623730951
2409, 19, 600, 269, 601, 268, -1, 1, 2.356194490192345, 1.4142135623730951
2409, 20, 286, 317, 285, 315, 1, 2, 1.1071487177940904, 2.23606797749979
2409, 26, 400, 152, 398, 154, 2, -2, -0.7853981633974483, 2.8284271247461903
2409, 27, 531, 260, 532, 259, -1, 1, 2.356194490192345, 1.4142135623730951
2409, 30, 556, 234, 554, 233, 2, 1, 0.4636476090008061, 2.23606797749979
2409, 34, 522, 134, 521, 133, 1, 1, 0.7853981633974483, 1.4142135623730951
2409, 36, 593, 298, 594, 297, -1, 1, 2.356194490192345, 1.4142135623730951
2410, 1, 366, 370, 365, 371, 1, -1, -0.7853981633974483, 1.4142135623730951
2410, 6, 469, 138, 468, 139, 1, -1, -0.7853981633974483, 1.4142135623730951
2410, 8, 440, 135, 439, 136, 1, -1, -0.7853981633974483, 1.4142135623730951
2410, 18, 386, 281, 386, 283, 0, -2, -1.5707963267948966, 2.0
2410, 26, 367, 337, 366, 338, 1, -1, -0.7853981633974483, 1.4142135623730951
2410, 29, 521, 181, 522, 179, -1, 2, 2.0344439357957027, 2.23606797749979
2410, 31, 562, 183, 561, 182, 1, 1, 0.7853981633974483, 1.4142135623730951
2410, 33, 542, 150, 540, 149, 2, 1, 0.4636476090008061, 2.23606797749979
2410, 35, 349, 311, 349, 313, 0, -2, -1.5707963267948966, 2.0
2410, 36, 366, 229, 366, 231, 0, -2, -1.5707963267948966, 2.0
2410, 39, 459, 145, 459, 147, 0, -2, -1.5707963267948966, 2.0
2410, 43, 369, 324, 369, 326, 0, -2, -1.5707963267948966, 2.0
2410, 47, 489, 115, 487, 114, 2, 1, 0.4636476090008061, 2.23606797749979
2410, 53, 438, 336, 439, 338, -1, -2, -2.0344439357957027, 2.23606797749979
2410, 57, 511, 172, 511, 169, 0, 3, 1.5707963267948966, 3.0
2411, 5, 551, 152, 550, 151, 1, 1, 0.7853981633974483, 1.4142135623730951
2411, 17, 265, 324, 264, 325, 1, -1, -0.7853981633974483, 1.4142135623730951
2411, 19, 216, 267, 218, 267, -2, 0, 3.141592653589793, 2.0
2411, 20, 363, 362, 361, 363, 2, -1, -0.4636476090008061, 2.23606797749979
2411, 21, 558, 234, 557, 233, 1, 1, 0.7853981633974483, 1.4142135623730951
2411, 26, 520, 182, 521, 181, -1, 1, 2.356194490192345, 1.4142135623730951
2411, 30, 543, 151, 542, 150, 1, 1, 0.7853981633974483, 1.4142135623730951
2411, 34, 529, 260, 532, 259, -3, 1, 2.819842099193151, 3.1622776601683795
2411, 43, 491, 115, 489, 115, 2, 0, 0.0, 2.0
2411, 51, 511, 174, 511, 172, 0, 2, 1.5707963267948966, 2.0
2412, 4, 346, 392, 345, 393, 1, -1, -0.7853981633974483, 1.4142135623730951
2412, 5, 552, 153, 551, 152, 1, 1, 0.7853981633974483, 1.4142135623730951
2412, 6, 470, 136, 469, 137, 1, -1, -0.7853981633974483, 1.4142135623730951
2412, 8, 441, 133, 440, 134, 1, -1, -0.7853981633974483, 1.4142135623730951
2412, 13, 443, 336, 446, 336, -3, 0, 3.141592653589793, 3.0
2412, 18, 364, 361, 363, 362, 1, -1, -0.7853981633974483, 1.4142135623730951
2412, 26, 544, 152, 543, 151, 1, 1, 0.7853981633974483, 1.4142135623730951
2412, 28, 349, 308, 349, 310, 0, -2, -1.5707963267948966, 2.0
2412, 30, 530, 261, 529, 260, 1, 1, 0.7853981633974483, 1.4142135623730951
2412, 31, 460, 143, 459, 144, 1, -1, -0.7853981633974483, 1.4142135623730951
2412, 35, 369, 323, 368, 324, 1, -1, -0.7853981633974483, 1.4142135623730951
2412, 36, 633, 345, 632, 346, 1, -1, -0.7853981633974483, 1.4142135623730951
2412, 39, 492, 114, 491, 115, 1, -1, -0.7853981633974483, 1.4142135623730951
2412, 47, 511, 178, 511, 174, 0, 4, 1.5707963267948966, 4.0
2413, 0, 220, 371, 219, 372, 1, -1, -0.7853981633974483, 1.4142135623730951
2413, 5, 553, 154, 552, 153, 1, 1, 0.7853981633974483, 1.4142135623730951
2413, 8, 442, 132, 441, 133, 1, -1, -0.7853981633974483, 1.4142135623730951
2413, 16, 365, 360, 364, 361, 1, -1, -0.7853981633974483, 1.4142135623730951
2413, 43, 512, 179, 511, 178, 1, 1, 0.7853981633974483, 1.4142135623730951
2414, 4, 347, 390, 346, 391, 1, -1, -0.7853981633974483, 1.4142135623730951
2414, 5, 554, 155, 553, 154, 1, 1, 0.7853981633974483, 1.4142135623730951
2414, 6, 471, 134, 470, 135, 1, -1, -0.7853981633974483, 1.4142135623730951
2414, 8, 443, 131, 442, 132, 1, -1, -0.7853981633974483, 1.4142135623730951
2414, 20, 518, 184, 520, 183, -2, 1, 2.677945044588987, 2.23606797749979
2414, 23, 349, 304, 349, 308, 0, -4, -1.5707963267948966, 4.0
2414, 25, 531, 264, 530, 262, 1, 2, 1.1071487177940904, 2.23606797749979
2414, 30, 635, 346, 634, 345, 1, 1, 0.7853981633974483, 1.4142135623730951
2414, 40, 513, 180, 512, 179, 1, 1, 0.7853981633974483, 1.4142135623730951
2415, 7, 443, 133, 442, 134, 1, -1, -0.7853981633974483, 1.4142135623730951
2415, 24, 366, 226, 366, 228, 0, -2, -1.5707963267948966, 2.0
2415, 41, 518, 181, 517, 180, 1, 1, 0.7853981633974483, 1.4142135623730951
2415, 44, 227, 322, 226, 321, 1, 1, 0.7853981633974483, 1.4142135623730951
2415, 46, 457, 181, 458, 184, -1, -3, -1.892546881191539, 3.1622776601683795
2415, 53, 368, 325, 368, 327, 0, -2, -1.5707963267948966, 2.0
2415, 58, 531, 262, 530, 261, 1, 1, 0.7853981633974483, 1.4142135623730951
2415, 63, 294, 324, 296, 324, -2, 0, 3.141592653589793, 2.0
2415, 67, 356, 313, 356, 315, 0, -2, -1.5707963267948966, 2.0
2416, 1, 369, 365, 368, 366, 1, -1, -0.7853981633974483, 1.4142135623730951
2416, 4, 348, 392, 347, 393, 1, -1, -0.7853981633974483, 1.4142135623730951
2416, 8, 554, 156, 553, 155, 1, 1, 0.7853981633974483, 1.4142135623730951
2416, 20, 566, 304, 567, 303, -1, 1, 2.356194490192345, 1.4142135623730951
2416, 22, 365, 224, 366, 226, -1, -2, -2.0344439357957027, 2.23606797749979
2416, 28, 228, 339, 227, 340, 1, -1, -0.7853981633974483, 1.4142135623730951
2416, 35, 465, 144, 464, 145, 1, -1, -0.7853981633974483, 1.4142135623730951
2416, 36, 518, 183, 518, 181, 0, 2, 1.5707963267948966, 2.0
2416, 40, 570, 255, 571, 254, -1, 1, 2.356194490192345, 1.4142135623730951
2416, 41, 456, 178, 457, 181, -1, -3, -1.892546881191539, 3.1622776601683795
2416, 45, 448, 117, 447, 119, 1, -2, -1.1071487177940904, 2.23606797749979
2416, 46, 585, 281, 584, 280, 1, 1, 0.7853981633974483, 1.4142135623730951
2416, 51, 397, 216, 396, 219, 1, -3, -1.2490457723982544, 3.1622776601683795
2416, 56, 460, 224, 461, 226, -1, -2, -2.0344439357957027, 2.23606797749979
2416, 60, 356, 311, 356, 313, 0, -2, -1.5707963267948966, 2.0
2416, 61, 524, 186, 524, 184, 0, 2, 1.5707963267948966, 2.0
2417, 4, 349, 391, 348, 392, 1, -1, -0.7853981633974483, 1.4142135623730951
2417, 8, 555, 157, 554, 156, 1, 1, 0.7853981633974483, 1.4142135623730951
2417, 17, 565, 305, 566, 304, -1, 1, 2.356194490192345, 1.4142135623730951
2417, 27, 494, 109, 493, 110, 1, -1, -0.7853981633974483, 1.4142135623730951
2417, 32, 520, 186, 518, 183, 2, 3, 0.982793723247329, 3.605551275463989
2417, 37, 455, 175, 456, 178, -1, -3, -1.892546881191539, 3.1622776601683795
2417, 39, 564, 235, 564, 233, 0, 2, 1.5707963267948966, 2.0
2417, 41, 584, 282, 585, 281, -1, 1, 2.356194490192345, 1.4142135623730951
2417, 42, 368, 322, 368, 324, 0, -2, -1.5707963267948966, 2.0
2417, 43, 501, 153, 499, 152, 2, 1, 0.4636476090008061, 2.23606797749979
2417, 45, 398, 214, 397, 216, 1, -2, -1.1071487177940904, 2.23606797749979
2417, 50, 460, 222, 460, 224, 0, -2, -1.5707963267948966, 2.0
2417, 53, 357, 309, 356, 311, 1, -2, -1.1071487177940904, 2.23606797749979
2417, 54, 525, 188, 524, 186, 1, 2, 1.1071487177940904, 2.23606797749979
2418, 1, 370, 363, 369, 364, 1, -1, -0.7853981633974483, 1.4142135623730951
2418, 7, 444, 131, 443, 132, 1, -1, -0.7853981633974483, 1.4142135623730951
2418, 8, 556, 158, 555, 157, 1, 1, 0.7853981633974483, 1.4142135623730951
2418, 9, 596, 215, 595, 214, 1, 1, 0.7853981633974483, 1.4142135623730951
2418, 14, 387, 164, 388, 166, -1, -2, -2.0344439357957027, 2.23606797749979
2418, 17, 563, 304, 565, 305, -2, -1, -2.677945044588987, 2.23606797749979
2418, 19, 364, 221, 365, 223, -1, -2, -2.0344439357957027, 2.23606797749979
2418, 27, 496, 109, 494, 109, 2, 0, 0.0, 2.0
2418, 32, 523, 188, 520, 186, 3, 2, 0.5880026035475675, 3.605551275463989
2418, 36, 454, 173, 455, 175, -1, -2, -2.0344439357957027, 2.23606797749979
2418, 38, 563, 236, 564, 235, -1, 1, 2.356194490192345, 1.4142135623730951
2418, 39, 449, 115, 448, 116, 1, -1, -0.7853981633974483, 1.4142135623730951
2418, 44, 398, 212, 398, 214, 0, -2, -1.5707963267948966, 2.0
2418, 52, 357, 307, 357, 309, 0, -2, -1.5707963267948966, 2.0
2418, 53, 526, 189, 525, 188, 1, 1, 0.7853981633974483, 1.4142135623730951
2418, 54, 297, 403, 296, 404, 1, -1, -0.7853981633974483, 1.4142135623730951
2419, 3, 308, 313, 309, 312, -1, 1, 2.356194490192345, 1.4142135623730951
2419, 7, 445, 130, 444, 131, 1, -1, -0.7853981633974483, 1.4142135623730951
2419, 8, 557, 159, 556, 158, 1, 1, 0.7853981633974483, 1.4142135623730951
2419, 17, 364, 219, 364, 221, 0, -2, -1.5707963267948966, 2.0
2419, 24, 498, 109, 496, 109, 2, 0, 0.0, 2.0
2419, 28, 525, 189, 523, 188, 2, 1, 0.4636476090008061, 2.23606797749979
2419, 29, 587, 349, 589, 349, -2, 0, 3.141592653589793, 2.0
2419, 32, 453, 171, 454, 173, -1, -2, -2.0344439357957027, 2.23606797749979
2419, 33, 570, 185, 568, 183, 2, 2, 0.7853981633974483, 2.8284271247461903
2419, 35, 450, 113, 449, 115, 1, -2, -1.1071487177940904, 2.23606797749979
2419, 37, 368, 319, 368, 321, 0, -2, -1.5707963267948966, 2.0
2419, 38, 502, 155, 501, 154, 1, 1, 0.7853981633974483, 1.4142135623730951
2419, 40, 398, 210, 398, 212, 0, -2, -1.5707963267948966, 2.0
2419, 47, 357, 305, 357, 307, 0, -2, -1.5707963267948966, 2.0
2419, 48, 527, 191, 526, 189, 1, 2, 1.1071487177940904, 2.23606797749979
2420, 3, 371, 366, 370, 367, 1, -1, -0.7853981633974483, 1.4142135623730951
2420, 5, 351, 392, 350, 393, 1, -1, -0.7853981633974483, 1.4142135623730951
2420, 8, 446, 134, 445, 135, 1, -1, -0.7853981633974483, 1.4142135623730951
2420, 11, 558, 160, 557, 159, 1, 1, 0.7853981633974483, 1.4142135623730951
2420, 13, 359, 306, 360, 308, -1, -2, -2.0344439357957027, 2.23606797749979
2420, 22, 395, 189, 396, 191, -1, -2, -2.0344439357957027, 2.23606797749979
2420, 24, 526, 193, 525, 192, 1, 1, 0.7853981633974483, 1.4142135623730951
2420, 27, 367, 223, 367, 225, 0, -2, -1.5707963267948966, 2.0
2420, 33, 532, 140, 530, 138, 2, 2, 0.7853981633974483, 2.8284271247461903
2420, 36, 565, 299, 566, 301, -1, -2, -2.0344439357957027, 2.23606797749979
2420, 45, 567, 183, 568, 182, -1, 1, 2.356194490192345, 1.4142135623730951
2420, 53, 382, 239, 383, 241, -1, -2, -2.0344439357957027, 2.23606797749979
2420, 54, 352, 341, 352, 343, 0, -2, -1.5707963267948966, 2.0
2420, 56, 394, 222, 395, 224, -1, -2, -2.0344439357957027, 2.23606797749979
2420, 59, 419, 161, 420, 163, -1, -2, -2.0344439357957027, 2.23606797749979
2420, 66, 493, 149, 493, 147, 0, 2, 1.5707963267948966, 2.0
2420, 72, 495, 111, 495, 108, 0, 3, 1.5707963267948966, 3.0
2420, 74, 549, 218, 548, 217, 1, 1, 0.7853981633974483, 1.4142135623730951
2421, 3, 372, 365, 371, 366, 1, -1, -0.7853981633974483, 1.4142135623730951
2421, 4, 474, 135, 473, 136, 1, -1, -0.7853981633974483, 1.4142135623730951
2421, 8, 447, 133, 446, 134, 1, -1, -0.7853981633974483, 1.4142135623730951
2421, 11, 559, 161, 558, 160, 1, 1, 0.7853981633974483, 1.4142135623730951
2421, 13, 359, 304, 359, 306, 0, -2, -1.5707963267948966, 2.0
2421, 23, 527, 194, 526, 193, 1, 1, 0.7853981633974483, 1.4142135623730951
2421, 30, 533, 141, 532, 140, 1, 1, 0.7853981633974483, 1.4142135623730951
2421, 34, 385, 162, 385, 164, 0, -2, -1.5707963267948966, 2.0
2421, 38, 398, 156, 399, 158, -1, -2, -2.0344439357957027, 2.23606797749979
2421, 42, 567, 181, 567, 183, 0, -2, -1.5707963267948966, 2.0
2421, 46, 389, 278, 390, 280, -1, -2, -2.0344439357957027, 2.23606797749979
2421, 49, 382, 237, 382, 239, 0, -2, -1.5707963267948966, 2.0
2421, 63, 574, 232, 573, 231, 1, 1, 0.7853981633974483, 1.4142135623730951
2421, 64, 455, 119, 454, 120, 1, -1, -0.7853981633974483, 1.4142135623730951
2421, 65, 313, 379, 312, 380, 1, -1, -0.7853981633974483, 1.4142135623730951
2422, 18, 395, 186, 395, 188, 0, -2, -1.5707963267948966, 2.0
2422, 26, 534, 142, 533, 141, 1, 1, 0.7853981633974483, 1.4142135623730951
2422, 52, 281, 375, 280, 376, 1, -1, -0.7853981633974483, 1.4142135623730951
2422, 57, 456, 118, 455, 119, 1, -1, -0.7853981633974483, 1.4142135623730951
2423, 3, 374, 364, 373, 365, 1, -1, -0.7853981633974483, 1.4142135623730951
2423, 4, 475, 133, 474, 134, 1, -1, -0.7853981633974483, 1.4142135623730951
2423, 5, 353, 390, 352, 391, 1, -1, -0.7853981633974483, 1.4142135623730951
2423, 10, 561, 163, 560, 161, 1, 2, 1.1071487177940904, 2.23606797749979
2423, 22, 535, 143, 534, 142, 1, 1, 0.7853981633974483, 1.4142135623730951
2423, 26, 385, 159, 385, 161, 0, -2, -1.5707963267948966, 2.0
2423, 30, 398, 153, 398, 155, 0, -2, -1.5707963267948966, 2.0
2423, 37, 389, 275, 389, 277, 0, -2, -1.5707963267948966, 2.0
2423, 49, 314, 378, 313, 379, 1, -1, -0.7853981633974483, 1.4142135623730951
2423, 50, 494, 107, 495, 109, -1, -2, -2.0344439357957027, 2.23606797749979
2424, 5, 354, 389, 353, 390, 1, -1, -0.7853981633974483, 1.4142135623730951
2424, 10, 562, 164, 561, 163, 1, 1, 0.7853981633974483, 1.4142135623730951
2424, 16, 614, 254, 615, 253, -1, 1, 2.356194490192345, 1.4142135623730951
2424, 24, 565, 298, 564, 297, 1, 1, 0.7853981633974483, 1.4142135623730951
2424, 25, 385, 157, 385, 159, 0, -2, -1.5707963267948966, 2.0
2424, 35, 389, 273, 389, 275, 0, -2, -1.5707963267948966, 2.0
2424, 48, 494, 105, 494, 107, 0, -2, -1.5707963267948966, 2.0
2425, 6, 355, 391, 354, 392, 1, -1, -0.7853981633974483, 1.4142135623730951
2425, 8, 449, 133, 448, 134, 1, -1, -0.7853981633974483, 1.4142135623730951
2425, 50, 579, 195, 580, 194, -1, 1, 2.356194490192345, 1.4142135623730951
2425, 51, 585, 284, 586, 283, -1, 1, 2.356194490192345, 1.4142135623730951
2426, 9, 563, 164, 562, 163, 1, 1, 0.7853981633974483, 1.4142135623730951
2426, 14, 526, 183, 523, 180, 3, 3, 0.7853981633974483, 4.242640687119285
2426, 30, 474, 152, 473, 153, 1, -1, -0.7853981633974483, 1.4142135623730951
2426, 39, 427, 364, 426, 363, 1, 1, 0.7853981633974483, 1.4142135623730951
2427, 1, 374, 362, 373, 363, 1, -1, -0.7853981633974483, 1.4142135623730951
2427, 6, 356, 389, 355, 390, 1, -1, -0.7853981633974483, 1.4142135623730951
2427, 9, 564, 165, 563, 164, 1, 1, 0.7853981633974483, 1.4142135623730951
2427, 13, 528, 185, 526, 183, 2, 2, 0.7853981633974483, 2.8284271247461903
2427, 15, 464, 140, 463, 139, 1, 1, 0.7853981633974483, 1.4142135623730951
2427, 29, 316, 377, 315, 378, 1, -1, -0.7853981633974483, 1.4142135623730951
2427, 36, 428, 363, 427, 364, 1, -1, -0.7853981633974483, 1.4142135623730951
2427, 43, 584, 285, 585, 284, -1, 1, 2.356194490192345, 1.4142135623730951
2428, 4, 470, 199, 471, 201, -1, -2, -2.0344439357957027, 2.23606797749979
2428, 11, 530, 189, 528, 185, 2, 4, 1.1071487177940904, 4.47213595499958
2428, 25, 475, 150, 474, 151, 1, -1, -0.7853981633974483, 1.4142135623730951
2428, 33, 430, 363, 428, 363, 2, 0, 0.0, 2.0
2428, 34, 290, 318, 292, 318, -2, 0, 3.141592653589793, 2.0
2429, 1, 374, 359, 374, 361, 0, -2, -1.5707963267948966, 2.0
2429, 5, 357, 387, 356, 388, 1, -1, -0.7853981633974483, 1.4142135623730951
2429, 8, 565, 167, 564, 166, 1, 1, 0.7853981633974483, 1.4142135623730951
2429, 21, 476, 148, 475, 150, 1, -2, -1.1071487177940904, 2.23606797749979
2429, 23, 317, 376, 316, 377, 1, -1, -0.7853981633974483, 1.4142135623730951
2429, 29, 291, 317, 290, 318, 1, -1, -0.7853981633974483, 1.4142135623730951
2429, 33, 388, 197, 387, 199, 1, -2, -1.1071487177940904, 2.23606797749979
2429, 34, 580, 200, 579, 198, 1, 2, 1.1071487177940904, 2.23606797749979
2430, 1, 358, 390, 357, 391, 1, -1, -0.7853981633974483, 1.4142135623730951
2430, 10, 565, 167, 564, 166, 1, 1, 0.7853981633974483, 1.4142135623730951
2430, 13, 569, 288, 569, 286, 0, 2, 1.5707963267948966, 2.0
2430, 14, 295, 319, 297, 320, -2, -1, -2.677945044588987, 2.23606797749979
2430, 16, 411, 244, 412, 246, -1, -2, -2.0344439357957027, 2.23606797749979
2430, 17, 311, 289, 309, 288, 2, 1, 0.4636476090008061, 2.23606797749979
2430, 19, 468, 169, 469, 171, -1, -2, -2.0344439357957027, 2.23606797749979
2430, 25, 575, 194, 573, 191, 2, 3, 0.982793723247329, 3.605551275463989
2430, 30, 601, 348, 599, 350, 2, -2, -0.7853981633974483, 2.8284271247461903
2430, 33, 381, 298, 381, 300, 0, -2, -1.5707963267948966, 2.0
2430, 45, 459, 175, 460, 177, -1, -2, -2.0344439357957027, 2.23606797749979
2430, 49, 541, 148, 540, 147, 1, 1, 0.7853981633974483, 1.4142135623730951
2430, 55, 232, 343, 233, 342, -1, 1, 2.356194490192345, 1.4142135623730951
2430, 56, 452, 111, 448, 112, 4, -1, -0.24497866312686414, 4.123105625617661
2431, 5, 452, 132, 451, 133, 1, -1, -0.7853981633974483, 1.4142135623730951
2431, 12, 570, 290, 569, 288, 1, 2, 1.1071487177940904, 2.23606797749979
2431, 13, 296, 318, 295, 319, 1, -1, -0.7853981633974483, 1.4142135623730951
2431, 15, 411, 242, 411, 244, 0, -2, -1.5707963267948966, 2.0
2431, 18, 467, 167, 468, 169, -1, -2, -2.0344439357957027, 2.23606797749979
2431, 23, 575, 197, 575, 194, 0, 3, 1.5707963267948966, 3.0
2431, 26, 390, 157, 391, 159, -1, -2, -2.0344439357957027, 2.23606797749979
2431, 28, 605, 347, 601, 348, 4, -1, -0.24497866312686414, 4.123105625617661
2431, 31, 391, 273, 391, 275, 0, -2, -1.5707963267948966, 2.0
2431, 38, 207, 277, 208, 276, -1, 1, 2.356194490192345, 1.4142135623730951
2431, 42, 459, 173, 459, 175, 0, -2, -1.5707963267948966, 2.0
2431, 43, 565, 307, 567, 307, -2, 0, 3.141592653589793, 2.0
2431, 46, 542, 149, 541, 148, 1, 1, 0.7853981633974483, 1.4142135623730951
2431, 52, 455, 111, 452, 111, 3, 0, 0.0, 3.0
2432, 1, 359, 388, 358, 389, 1, -1, -0.7853981633974483, 1.4142135623730951
2432, 11, 571, 292, 570, 290, 1, 2, 1.1071487177940904, 2.23606797749979
2432, 19, 577, 198, 575, 197, 2, 1, 0.4636476090008061, 2.23606797749979
2432, 24, 609, 345, 605, 347, 4, -2, -0.4636476090008061, 4.47213595499958
2432, 37, 458, 171, 459, 173, -1, -2, -2.0344439357957027, 2.23606797749979
2432, 40, 543, 150, 542, 149, 1, 1, 0.7853981633974483, 1.4142135623730951
2433, 9, 566, 170, 565, 169, 1, 1, 0.7853981633974483, 1.4142135623730951
2433, 18, 578, 199, 577, 198, 1, 1, 0.7853981633974483, 1.4142135623730951
2433, 23, 613, 344, 609, 345, 4, -1, -0.24497866312686414, 4.123105625617661
2433, 34, 457, 169, 458, 171, -1, -2, -2.0344439357957027, 2.23606797749979
2433, 36, 356, 334, 355, 336, 1, -2, -1.1071487177940904, 2.23606797749979
2433, 37, 544, 151, 543, 150, 1, 1, 0.7853981633974483, 1.4142135623730951
2433, 38, 596, 307, 597, 306, -1, 1, 2.356194490192345, 1.4142135623730951
2434, 1, 360, 386, 359, 387, 1, -1, -0.7853981633974483, 1.4142135623730951
2434, 20, 390, 154, 390, 156, 0, -2, -1.5707963267948966, 2.0
2434, 22, 615, 343, 613, 344, 2, -1, -0.4636476090008061, 2.23606797749979
2434, 27, 331, 343, 330, 344, 1, -1, -0.7853981633974483, 1.4142135623730951
2434, 33, 456, 166, 457, 169, -1, -3, -1.892546881191539, 3.1622776601683795
2434, 36, 545, 152, 544, 151, 1, 1, 0.7853981633974483, 1.4142135623730951
2434, 37, 595, 308, 596, 307, -1, 1, 2.356194490192345, 1.4142135623730951
2434, 40, 456, 112, 455, 110, 1, 2, 1.1071487177940904, 2.23606797749979
2435, 0, 377, 360, 377, 362, 0, -2, -1.5707963267948966, 2.0
2435, 4, 471, 198, 471, 200, 0, -2, -1.5707963267948966, 2.0
2435, 9, 626, 258, 627, 257, -1, 1, 2.356194490192345, 1.4142135623730951
2435, 11, 605, 282, 606, 281, -1, 1, 2.356194490192345, 1.4142135623730951
2435, 17, 288, 319, 290, 319, -2, 0, 3.141592653589793, 2.0
2435, 19, 612, 347, 611, 348, 1, -1, -0.7853981633974483, 1.4142135623730951
2435, 22, 552, 176, 551, 175, 1, 1, 0.7853981633974483, 1.4142135623730951
2435, 30, 371, 364, 370, 365, 1, -1, -0.7853981633974483, 1.4142135623730951
2435, 31, 468, 117, 466, 118, 2, -1, -0.4636476090008061, 2.23606797749979
2435, 32, 563, 244, 562, 243, 1, 1, 0.7853981633974483, 1.4142135623730951
2435, 33, 382, 293, 382, 295, 0, -2, -1.5707963267948966, 2.0
2435, 39, 581, 205, 580, 204, 1, 1, 0.7853981633974483, 1.4142135623730951
2435, 43, 282, 349, 281, 350, 1, -1, -0.7853981633974483, 1.4142135623730951
2435, 49, 438, 352, 437, 353, 1, -1, -0.7853981633974483, 1.4142135623730951
2436, 0, 378, 359, 377, 360, 1, -1, -0.7853981633974483, 1.4142135623730951
2436, 3, 361, 386, 360, 388, 1, -2, -1.1071487177940904, 2.23606797749979
2436, 5, 567, 174, 566, 172, 1, 2, 1.1071487177940904, 2.23606797749979
2436, 6, 479, 132, 478, 133, 1, -1, -0.7853981633974483, 1.4142135623730951
2436, 7, 454, 131, 453, 133, 1, -2, -1.1071487177940904, 2.23606797749979
2436, 16, 613, 348, 612, 347, 1, 1, 0.7853981633974483, 1.4142135623730951
2436, 18, 553, 177, 552, 176, 1, 1, 0.7853981633974483, 1.4142135623730951
2436, 25, 371, 362, 371, 364, 0, -2, -1.5707963267948966, 2.0
2436, 26, 470, 117, 468, 117, 2, 0, 0.0, 2.0
2436, 27, 564, 246, 563, 244, 1, 2, 1.1071487177940904, 2.23606797749979
2436, 28, 382, 291, 382, 293, 0, -2, -1.5707963267948966, 2.0
2436, 35, 276, 326, 277, 325, -1, 1, 2.356194490192345, 1.4142135623730951
2436, 44, 603, 353, 604, 352, -1, 1, 2.356194490192345, 1.4142135623730951
2437, 3, 362, 385, 361, 386, 1, -1, -0.7853981633974483, 1.4142135623730951
2437, 5, 568, 175, 567, 174, 1, 1, 0.7853981633974483, 1.4142135623730951
2437, 8, 627, 259, 626, 258, 1, 1, 0.7853981633974483, 1.4142135623730951
2437, 17, 554, 178, 553, 177, 1, 1, 0.7853981633974483, 1.4142135623730951
2437, 22, 570, 295, 571, 294, -1, 1, 2.356194490192345, 1.4142135623730951
2437, 24, 472, 117, 470, 117, 2, 0, 0.0, 2.0
2437, 25, 565, 247, 564, 246, 1, 1, 0.7853981633974483, 1.4142135623730951
2437, 26, 382, 289, 382, 291, 0, -2, -1.5707963267948966, 2.0
2437, 31, 582, 207, 581, 206, 1, 1, 0.7853981633974483, 1.4142135623730951
2437, 36, 546, 152, 545, 151, 1, 1, 0.7853981633974483, 1.4142135623730951
2438, 4, 227, 375, 226, 376, 1, -1, -0.7853981633974483, 1.4142135623730951
2438, 5, 568, 177, 568, 175, 0, 2, 1.5707963267948966, 2.0
2438, 6, 480, 130, 479, 131, 1, -1, -0.7853981633974483, 1.4142135623730951
2438, 7, 454, 130, 453, 131, 1, -1, -0.7853981633974483, 1.4142135623730951
2438, 10, 603, 284, 604, 283, -1, 1, 2.356194490192345, 1.4142135623730951
2438, 13, 284, 319, 286, 319, -2, 0, 3.141592653589793, 2.0
2438, 17, 556, 179, 554, 178, 2, 1, 0.4636476090008061, 2.23606797749979
2438, 24, 473, 116, 472, 117, 1, -1, -0.7853981633974483, 1.4142135623730951
2438, 25, 566, 248, 565, 247, 1, 1, 0.7853981633974483, 1.4142135623730951
2438, 26, 381, 287, 382, 289, -1, -2, -2.0344439357957027, 2.23606797749979
2438, 32, 283, 348, 282, 349, 1, -1, -0.7853981633974483, 1.4142135623730951
2438, 36, 460, 166, 460, 168, 0, -2, -1.5707963267948966, 2.0
2439, 3, 363, 383, 362, 384, 1, -1, -0.7853981633974483, 1.4142135623730951
2439, 5, 569, 178, 568, 177, 1, 1, 0.7853981633974483, 1.4142135623730951
2439, 16, 557, 180, 556, 179, 1, 1, 0.7853981633974483, 1.4142135623730951
2439, 22, 474, 115, 473, 116, 1, -1, -0.7853981633974483, 1.4142135623730951
2439, 24, 380, 285, 381, 287, -1, -2, -2.0344439357957027, 2.23606797749979
2439, 33, 549, 153, 547, 152, 2, 1, 0.4636476090008061, 2.23606797749979
2440, 9, 464, 196, 464, 198, 0, -2, -1.5707963267948966, 2.0
2440, 14, 376, 197, 376, 199, 0, -2, -1.5707963267948966, 2.0
2440, 17, 358, 306, 357, 308, 1, -2, -1.1071487177940904, 2.23606797749979
2440, 18, 286, 320, 287, 319, -1, 1, 2.356194490192345, 1.4142135623730951
2440, 19, 572, 293, 573, 292, -1, 1, 2.356194490192345, 1.4142135623730951
2440, 36, 465, 113, 464, 114, 1, -1, -0.7853981633974483, 1.4142135623730951
2440, 37, 512, 169, 512, 167, 0, 2, 1.5707963267948966, 2.0
2440, 44, 521, 127, 520, 126, 1, 1, 0.7853981633974483, 1.4142135623730951
2440, 58, 382, 294, 382, 296, 0, -2, -1.5707963267948966, 2.0
2440, 59, 325, 378, 324, 379, 1, -1, -0.7853981633974483, 1.4142135623730951
2440, 62, 607, 258, 606, 256, 1, 2, 1.1071487177940904, 2.23606797749979
2440, 64, 375, 315, 375, 317, 0, -2, -1.5707963267948966, 2.0
2440, 70, 483, 155, 482, 156, 1, -1, -0.7853981633974483, 1.4142135623730951
2441, 4, 481, 132, 480, 133, 1, -1, -0.7853981633974483, 1.4142135623730951
2441, 9, 463, 194, 464, 196, -1, -2, -2.0344439357957027, 2.23606797749979
2441, 14, 374, 329, 373, 330, 1, -1, -0.7853981633974483, 1.4142135623730951
2441, 15, 359, 305, 358, 306, 1, -1, -0.7853981633974483, 1.4142135623730951
2441, 21, 217, 277, 218, 276, -1, 1, 2.356194490192345, 1.4142135623730951
2441, 35, 511, 171, 512, 169, -1, 2, 2.0344439357957027, 2.23606797749979
2441, 38, 459, 174, 460, 176, -1, -2, -2.0344439357957027, 2.23606797749979
2441, 48, 459, 225, 460, 227, -1, -2, -2.0344439357957027, 2.23606797749979
2441, 56, 608, 259, 607, 258, 1, 1, 0.7853981633974483, 1.4142135623730951
2441, 62, 484, 154, 483, 155, 1, -1, -0.7853981633974483, 1.4142135623730951
2442, 7, 570, 179, 569, 178, 1, 1, 0.7853981633974483, 1.4142135623730951
2442, 13, 374, 327, 374, 329, 0, -2, -1.5707963267948966, 2.0
2442, 14, 359, 303, 359, 305, 0, -2, -1.5707963267948966, 2.0
2442, 24, 394, 264, 394, 266, 0, -2, -1.5707963267948966, 2.0
2442, 28, 549, 155, 548, 154, 1, 1, 0.7853981633974483, 1.4142135623730951
2442, 32, 510, 173, 511, 171, -1, 2, 2.0344439357957027, 2.23606797749979
2442, 35, 458, 172, 459, 174, -1, -2, -2.0344439357957027, 2.23606797749979
2442, 42, 602, 283, 603, 282, -1, 1, 2.356194490192345, 1.4142135623730951
2442, 45, 458, 223, 459, 225, -1, -2, -2.0344439357957027, 2.23606797749979
2442, 53, 608, 261, 608, 259, 0, 2, 1.5707963267948966, 2.0
2442, 59, 485, 153, 484, 154, 1, -1, -0.7853981633974483, 1.4142135623730951
2443, 7, 571, 180, 570, 179, 1, 1, 0.7853981633974483, 1.4142135623730951
2443, 19, 303, 291, 304, 290, -1, 1, 2.356194490192345, 1.4142135623730951
2443, 22, 577, 208, 578, 207, -1, 1, 2.356194490192345, 1.4142135623730951
2443, 28, 467, 112, 466, 113, 1, -1, -0.7853981633974483, 1.4142135623730951
2443, 29, 510, 176, 510, 173, 0, 3, 1.5707963267948966, 3.0
2443, 32, 457, 169, 458, 172, -1, -3, -1.892546881191539, 3.1622776601683795
2443, 35, 522, 129, 521, 128, 1, 1, 0.7853981633974483, 1.4142135623730951
2443, 42, 457, 220, 458, 223, -1, -3, -1.892546881191539, 3.1622776601683795
2443, 46, 381, 290, 382, 292, -1, -2, -2.0344439357957027, 2.23606797749979
2443, 50, 608, 263, 608, 261, 0, 2, 1.5707963267948966, 2.0
2443, 55, 486, 152, 485, 153, 1, -1, -0.7853981633974483, 1.4142135623730951
2444, 6, 456, 126, 455, 127, 1, -1, -0.7853981633974483, 1.4142135623730951
2444, 13, 287, 321, 286, 322, 1, -1, -0.7853981633974483, 1.4142135623730951
2444, 20, 394, 261, 394, 263, 0, -2, -1.5707963267948966, 2.0
2444, 24, 550, 157, 549, 156, 1, 1, 0.7853981633974483, 1.4142135623730951
2444, 26, 468, 111, 467, 112, 1, -1, -0.7853981633974483, 1.4142135623730951
2444, 27, 510, 178, 510, 176, 0, 2, 1.5707963267948966, 2.0
2444, 28, 605, 354, 608, 356, -3, -2, -2.5535900500422257, 3.605551275463989
2444, 30, 455, 167, 457, 169, -2, -2, -2.356194490192345, 2.8284271247461903
2444, 34, 537, 210, 536, 208, 1, 2, 1.1071487177940904, 2.23606797749979
2444, 36, 602, 285, 602, 283, 0, 2, 1.5707963267948966, 2.0
2444, 39, 456, 217, 457, 220, -1, -3, -1.892546881191539, 3.1622776601683795
2444, 44, 328, 376, 327, 377, 1, -1, -0.7853981633974483, 1.4142135623730951
2444, 52, 487, 151, 486, 152, 1, -1, -0.7853981633974483, 1.4142135623730951
2445, 12, 413, 238, 413, 240, 0, -2, -1.5707963267948966, 2.0
2445, 15, 375, 195, 375, 197, 0, -2, -1.5707963267948966, 2.0
2445, 22, 608, 354, 609, 353, -1, 1, 2.356194490192345, 1.4142135623730951
2445, 23, 607, 288, 606, 285, 1, 3, 1.2490457723982544, 3.1622776601683795
2445, 28, 532, 204, 531, 203, 1, 1, 0.7853981633974483, 1.4142135623730951
2445, 29, 381, 291, 382, 293, -1, -2, -2.0344439357957027, 2.23606797749979
2445, 30, 458, 168, 459, 171, -1, -3, -1.892546881191539, 3.1622776601683795
2445, 35, 374, 315, 374, 317, 0, -2, -1.5707963267948966, 2.0
2445, 36, 561, 179, 560, 178, 1, 1, 0.7853981633974483, 1.4142135623730951
2445, 45, 398, 154, 397, 156, 1, -2, -1.1071487177940904, 2.23606797749979
2445, 48, 436, 331, 438, 333, -2, -2, -2.356194490192345, 2.8284271247461903
2446, 7, 572, 181, 571, 180, 1, 1, 0.7853981633974483, 1.4142135623730951
2446, 13, 475, 135, 474, 136, 1, -1, -0.7853981633974483, 1.4142135623730951
2446, 28, 380, 289, 381, 291, -1, -2, -2.0344439357957027, 2.23606797749979
2446, 29, 458, 164, 458, 168, 0, -4, -1.5707963267948966, 4.0
2446, 30, 496, 131, 493, 130, 3, 1, 0.3217505543966422, 3.1622776601683795
2446, 32, 552, 158, 551, 157, 1, 1, 0.7853981633974483, 1.4142135623730951
2446, 34, 562, 180, 561, 179, 1, 1, 0.7853981633974483, 1.4142135623730951
2446, 40, 568, 321, 567, 319, 1, 2, 1.1071487177940904, 2.23606797749979
2446, 45, 435, 329, 436, 331, -1, -2, -2.0344439357957027, 2.23606797749979
2447, 16, 610, 355, 607, 354, 3, 1, 0.3217505543966422, 3.1622776601683795
2447, 22, 458, 162, 458, 164, 0, -2, -1.5707963267948966, 2.0
2447, 23, 497, 132, 496, 131, 1, 1, 0.7853981633974483, 1.4142135623730951
2447, 26, 374, 311, 374, 314, 0, -3, -1.5707963267948966, 3.0
2447, 33, 569, 323, 568, 321, 1, 2, 1.1071487177940904, 2.23606797749979
2447, 38, 435, 327, 435, 329, 0, -2, -1.5707963267948966, 2.0
2448, 5, 457, 125, 457, 127, 0, -2, -1.5707963267948966, 2.0
2448, 6, 368, 383, 367, 384, 1, -1, -0.7853981633974483, 1.4142135623730951
2448, 15, 607, 355, 610, 355, -3, 0, 3.141592653589793, 3.0
2448, 16, 605, 289, 606, 288, -1, 1, 2.356194490192345, 1.4142135623730951
2448, 20, 380, 286, 380, 288, 0, -2, -1.5707963267948966, 2.0
2448, 21, 499, 132, 497, 132, 2, 0, 0.0, 2.0
2448, 22, 553, 161, 552, 159, 1, 2, 1.1071487177940904, 2.23606797749979
2448, 23, 374, 308, 374, 311, 0, -3, -1.5707963267948966, 3.0
2448, 24, 561, 182, 562, 181, -1, 1, 2.356194490192345, 1.4142135623730951
2448, 29, 572, 324, 569, 323, 3, 1, 0.3217505543966422, 3.1622776601683795
2448, 33, 435, 324, 435, 327, 0, -3, -1.5707963267948966, 3.0
2449, 1, 315, 320, 316, 319, -1, 1, 2.356194490192345, 1.4142135623730951
2449, 7, 573, 184, 572, 183, 1, 1, 0.7853981633974483, 1.4142135623730951
2449, 19, 380, 284, 380, 286, 0, -2, -1.5707963267948966, 2.0
2449, 21, 554, 162, 553, 161, 1, 1, 0.7853981633974483, 1.4142135623730951
2449, 22, 374, 305, 374, 308, 0, -3, -1.5707963267948966, 3.0
2449, 24, 615, 260, 616, 259, -1, 1, 2.356194490192345, 1.4142135623730951
2449, 30, 398, 149, 398, 151, 0, -2, -1.5707963267948966, 2.0
2449, 32, 434, 322, 435, 324, -1, -2, -2.0344439357957027, 2.23606797749979
2450, 3, 471, 193, 471, 195, 0, -2, -1.5707963267948966, 2.0
2450, 4, 369, 384, 368, 385, 1, -1, -0.7853981633974483, 1.4142135623730951
2450, 18, 382, 287, 383, 289, -1, -2, -2.0344439357957027, 2.23606797749979
2450, 24, 539, 217, 538, 216, 1, 1, 0.7853981633974483, 1.4142135623730951
2450, 29, 399, 181, 399, 183, 0, -2, -1.5707963267948966, 2.0
2450, 35, 489, 154, 488, 155, 1, -1, -0.7853981633974483, 1.4142135623730951
2450, 43, 615, 262, 616, 261, -1, 1, 2.356194490192345, 1.4142135623730951
2450, 48, 329, 377, 328, 378, 1, -1, -0.7853981633974483, 1.4142135623730951
2450, 54, 353, 356, 353, 358, 0, -2, -1.5707963267948966, 2.0
2450, 56, 227, 372, 226, 374, 1, -2, -1.1071487177940904, 2.23606797749979
2450, 62, 435, 327, 437, 328, -2, -1, -2.677945044588987, 2.23606797749979
2451, 0, 485, 130, 483, 131, 2, -1, -0.4636476090008061, 2.23606797749979
2451, 3, 370, 383, 369, 384, 1, -1, -0.7853981633974483, 1.4142135623730951
2451, 6, 395, 148, 396, 150, -1, -2, -2.0344439357957027, 2.23606797749979
2451, 7, 575, 185, 574, 184, 1, 1, 0.7853981633974483, 1.4142135623730951
2451, 14, 379, 310, 380, 312, -1, -2, -2.0344439357957027, 2.23606797749979
2451, 16, 476, 134, 475, 135, 1, -1, -0.7853981633974483, 1.4142135623730951
2451, 17, 381, 284, 382, 287, -1, -3, -1.892546881191539, 3.1622776601683795
2451, 22, 540, 218, 539, 217, 1, 1, 0.7853981633974483, 1.4142135623730951
2451, 36, 238, 343, 236, 343, 2, 0, 0.0, 2.0
2451, 37, 292, 377, 291, 378, 1, -1, -0.7853981633974483, 1.4142135623730951
2451, 52, 228, 371, 227, 372, 1, -1, -0.7853981633974483, 1.4142135623730951
2451, 57, 434, 324, 435, 327, -1, -3, -1.892546881191539, 3.1622776601683795
2452, 3, 371, 382, 370, 383, 1, -1, -0.7853981633974483, 1.4142135623730951
2452, 7, 459, 126, 458, 127, 1, -1, -0.7853981633974483, 1.4142135623730951
2452, 15, 381, 282, 381, 284, 0, -2, -1.5707963267948966, 2.0
2452, 24, 399, 178, 399, 180, 0, -2, -1.5707963267948966, 2.0
2452, 36, 614, 264, 615, 263, -1, 1, 2.356194490192345, 1.4142135623730951
2452, 41, 330, 376, 329, 377, 1, -1, -0.7853981633974483, 1.4142135623730951
2452, 48, 230, 370, 228, 371, 2, -1, -0.4636476090008061, 2.23606797749979
2452, 53, 435, 322, 434, 324, 1, -2, -1.1071487177940904, 2.23606797749979
2453, 13, 477, 132, 476, 133, 1, -1, -0.7853981633974483, 1.4142135623730951
2453, 14, 382, 280, 381, 282, 1, -2, -1.1071487177940904, 2.23606797749979
2453, 39, 331, 375, 330, 376, 1, -1, -0.7853981633974483, 1.4142135623730951
2453, 46, 233, 368, 230, 370, 3, -2, -0.5880026035475675, 3.605551275463989
2453, 48, 522, 125, 521, 126, 1, -1, -0.7853981633974483, 1.4142135623730951
2453, 50, 435, 319, 435, 322, 0, -3, -1.5707963267948966, 3.0
2454, 0, 487, 128, 486, 129, 1, -1, -0.7853981633974483, 1.4142135623730951
2454, 3, 372, 380, 371, 381, 1, -1, -0.7853981633974483, 1.4142135623730951
2454, 9, 458, 213, 458, 215, 0, -2, -1.5707963267948966, 2.0
2454, 14, 472, 211, 472, 213, 0, -2, -1.5707963267948966, 2.0
2454, 16, 462, 162, 462, 164, 0, -2, -1.5707963267948966, 2.0
2454, 22, 399, 175, 399, 177, 0, -2, -1.5707963267948966, 2.0
2454, 23, 317, 312, 316, 311, 1, 1, 0.7853981633974483, 1.4142135623730951
2454, 27, 492, 152, 491, 153, 1, -1, -0.7853981633974483, 1.4142135623730951
2454, 43, 236, 367, 233, 368, 3, -1, -0.3217505543966422, 3.1622776601683795
2454, 45, 524, 127, 522, 125, 2, 2, 0.7853981633974483, 2.8284271247461903
2454, 47, 434, 315, 435, 319, -1, -4, -1.8157749899217608, 4.123105625617661
2455, 9, 459, 126, 459, 128, 0, -2, -1.5707963267948966, 2.0
2455, 10, 579, 189, 578, 188, 1, 1, 0.7853981633974483, 1.4142135623730951
2455, 26, 539, 205, 536, 203, 3, 2, 0.5880026035475675, 3.605551275463989
2455, 28, 612, 343, 611, 342, 1, 1, 0.7853981633974483, 1.4142135623730951
2455, 30, 526, 128, 524, 127, 2, 1, 0.4636476090008061, 2.23606797749979
2455, 32, 480, 115, 479, 116, 1, -1, -0.7853981633974483, 1.4142135623730951
2455, 36, 301, 374, 299, 375, 2, -1, -0.4636476090008061, 2.23606797749979
2455, 44, 603, 290, 604, 289, -1, 1, 2.356194490192345, 1.4142135623730951
2455, 46, 383, 283, 383, 285, 0, -2, -1.5707963267948966, 2.0
2455, 55, 559, 166, 558, 165, 1, 1, 0.7853981633974483, 1.4142135623730951
2455, 56, 528, 139, 528, 141, 0, -2, -1.5707963267948966, 2.0
2455, 60, 370, 321, 371, 323, -1, -2, -2.0344439357957027, 2.23606797749979
2456, 2, 373, 382, 372, 383, 1, -1, -0.7853981633974483, 1.4142135623730951
2456, 22, 541, 208, 539, 205, 2, 3, 0.982793723247329, 3.605551275463989
2456, 25, 528, 130, 526, 128, 2, 2, 0.7853981633974483, 2.8284271247461903
2456, 27, 481, 114, 480, 115, 1, -1, -0.7853981633974483, 1.4142135623730951
2456, 30, 302, 373, 301, 374, 1, -1, -0.7853981633974483, 1.4142135623730951
2456, 38, 383, 281, 383, 283, 0, -2, -1.5707963267948966, 2.0
2456, 41, 518, 175, 516, 174, 2, 1, 0.4636476090008061, 2.23606797749979
2456, 43, 521, 184, 521, 182, 0, 2, 1.5707963267948966, 2.0
2456, 44, 506, 151, 505, 150, 1, 1, 0.7853981633974483, 1.4142135623730951
2456, 45, 511, 143, 512, 142, -1, 1, 2.356194490192345, 1.4142135623730951
2456, 47, 528, 137, 528, 139, 0, -2, -1.5707963267948966, 2.0
2456, 48, 495, 153, 494, 154, 1, -1, -0.7853981633974483, 1.4142135623730951
2456, 50, 369, 318, 370, 321, -1, -3, -1.892546881191539, 3.1622776601683795
2457, 2, 374, 381, 373, 382, 1, -1, -0.7853981633974483, 1.4142135623730951
2457, 5, 235, 380, 234, 381, 1, -1, -0.7853981633974483, 1.4142135623730951
2457, 20, 543, 211, 541, 208, 2, 3, 0.982793723247329, 3.605551275463989
2457, 23, 529, 132, 528, 130, 1, 2, 1.1071487177940904, 2.23606797749979
2457, 25, 482, 113, 481, 114, 1, -1, -0.7853981633974483, 1.4142135623730951
2457, 36, 520, 178, 518, 175, 2, 3, 0.982793723247329, 3.605551275463989
2457, 38, 521, 186, 521, 184, 0, 2, 1.5707963267948966, 2.0
2458, 17, 542, 212, 543, 211, -1, 1, 2.356194490192345, 1.4142135623730951
2458, 19, 614, 344, 613, 343, 1, 1, 0.7853981633974483, 1.4142135623730951
2458, 20, 532, 134, 529, 132, 3, 2, 0.5880026035475675, 3.605551275463989
2458, 21, 483, 112, 482, 113, 1, -1, -0.7853981633974483, 1.4142135623730951
2458, 22, 571, 302, 571, 300, 0, 2, 1.5707963267948966, 2.0
2458, 24, 356, 352, 356, 354, 0, -2, -1.5707963267948966, 2.0
2458, 29, 383, 278, 383, 280, 0, -2, -1.5707963267948966, 2.0
2458, 31, 521, 179, 520, 178, 1, 1, 0.7853981633974483, 1.4142135623730951
2458, 34, 507, 152, 506, 151, 1, 1, 0.7853981633974483, 1.4142135623730951
2458, 36, 497, 154, 496, 153, 1, 1, 0.7853981633974483, 1.4142135623730951
2459, 2, 375, 379, 374, 380, 1, -1, -0.7853981633974483, 1.4142135623730951
2459, 20, 484, 111, 483, 112, 1, -1, -0.7853981633974483, 1.4142135623730951
2459, 21, 571, 304, 571, 302, 0, 2, 1.5707963267948966, 2.0
2459, 30, 522, 181, 521, 179, 1, 2, 1.1071487177940904, 2.23606797749979
2459, 32, 521, 189, 521, 187, 0, 2, 1.5707963267948966, 2.0
2459, 35, 498, 153, 497, 154, 1, -1, -0.7853981633974483, 1.4142135623730951
2459, 37, 369, 314, 369, 316, 0, -2, -1.5707963267948966, 2.0
2460, 7, 419, 164, 417, 167, 2, -3, -0.982793723247329, 3.605551275463989
2460, 8, 465, 125, 461, 127, 4, -2, -0.4636476090008061, 4.47213595499958
2460, 10, 429, 308, 429, 310, 0, -2, -1.5707963267948966, 2.0
2460, 12, 571, 306, 570, 303, 1, 3, 1.2490457723982544, 3.1622776601683795
2460, 13, 401, 144, 400, 145, 1, -1, -0.7853981633974483, 1.4142135623730951
2460, 15, 469, 212, 470, 214, -1, -2, -2.0344439357957027, 2.23606797749979
2460, 16, 377, 188, 377, 190, 0, -2, -1.5707963267948966, 2.0
2460, 19, 444, 326, 444, 328, 0, -2, -1.5707963267948966, 2.0
2460, 22, 209, 340, 206, 340, 3, 0, 0.0, 3.0
2460, 24, 373, 209, 371, 212, 2, -3, -0.982793723247329, 3.605551275463989
2460, 29, 620, 350, 618, 352, 2, -2, -0.7853981633974483, 2.8284271247461903
2460, 31, 579, 208, 579, 206, 0, 2, 1.5707963267948966, 2.0
2460, 32, 295, 325, 297, 324, -2, 1, 2.677945044588987, 2.23606797749979
2460, 35, 474, 107, 471, 108, 3, -1, -0.3217505543966422, 3.1622776601683795
2461, 9, 572, 308, 571, 306, 1, 2, 1.1071487177940904, 2.23606797749979
2461, 10, 402, 143, 401, 144, 1, -1, -0.7853981633974483, 1.4142135623730951
2461, 22, 623, 348, 620, 350, 3, -2, -0.5880026035475675, 3.605551275463989
2461, 28, 475, 108, 474, 107, 1, 1, 0.7853981633974483, 1.4142135623730951
2461, 30, 399, 203, 401, 203, -2, 0, 3.141592653589793, 2.0
2461, 32, 336, 374, 335, 375, 1, -1, -0.7853981633974483, 1.4142135623730951
2462, 6, 466, 124, 465, 125, 1, -1, -0.7853981633974483, 1.4142135623730951
2462, 9, 573, 310, 572, 308, 1, 2, 1.1071487177940904, 2.23606797749979
2462, 12, 262, 360, 261, 361, 1, -1, -0.7853981633974483, 1.4142135623730951
2462, 21, 627, 346, 623, 348, 4, -2, -0.4636476090008061, 4.47213595499958
2462, 27, 477, 108, 475, 108, 2, 0, 0.0, 2.0
2462, 31, 525, 137, 523, 137, 2, 0, 0.0, 2.0
2463, 0, 376, 381, 375, 382, 1, -1, -0.7853981633974483, 1.4142135623730951
2463, 20, 631, 345, 627, 346, 4, -1, -0.24497866312686414, 4.123105625617661
2463, 26, 478, 110, 477, 108, 1, 2, 1.1071487177940904, 2.23606797749979
2463, 29, 337, 372, 336, 373, 1, -1, -0.7853981633974483, 1.4142135623730951
2464, 3, 492, 131, 491, 132, 1, -1, -0.7853981633974483, 1.4142135623730951
2464, 6, 467, 122, 466, 123, 1, -1, -0.7853981633974483, 1.4142135623730951
2464, 10, 402, 140, 402, 142, 0, -2, -1.5707963267948966, 2.0
2464, 15, 307, 295, 308, 294, -1, 1, 2.356194490192345, 1.4142135623730951
2464, 17, 633, 345, 631, 345, 2, 0, 0.0, 2.0
2464, 23, 479, 109, 478, 110, 1, -1, -0.7853981633974483, 1.4142135623730951
2464, 25, 397, 200, 399, 201, -2, -1, -2.677945044588987, 2.23606797749979
2464, 26, 338, 371, 337, 372, 1, -1, -0.7853981633974483, 1.4142135623730951
2464, 27, 527, 138, 526, 137, 1, 1, 0.7853981633974483, 1.4142135623730951
2465, 3, 494, 133, 492, 133, 2, 0, 0.0, 2.0
2465, 4, 378, 381, 377, 382, 1, -1, -0.7853981633974483, 1.4142135623730951
2465, 20, 376, 185, 377, 187, -1, -2, -2.0344439357957027, 2.23606797749979
2465, 30, 470, 141, 469, 142, 1, -1, -0.7853981633974483, 1.4142135623730951
2466, 2, 383, 350, 384, 352, -1, -2, -2.0344439357957027, 2.23606797749979
2466, 3, 496, 133, 494, 133, 2, 0, 0.0, 2.0
2466, 8, 418, 164, 419, 166, -1, -2, -2.0344439357957027, 2.23606797749979
2467, 4, 379, 379, 378, 380, 1, -1, -0.7853981633974483, 1.4142135623730951
2467, 5, 465, 120, 465, 122, 0, -2, -1.5707963267948966, 2.0
2467, 20, 580, 216, 581, 215, -1, 1, 2.356194490192345, 1.4142135623730951
2467, 22, 471, 139, 470, 140, 1, -1, -0.7853981633974483, 1.4142135623730951
2467, 23, 617, 356, 615, 356, 2, 0, 0.0, 2.0
2468, 3, 499, 133, 497, 133, 2, 0, 0.0, 2.0
2468, 16, 226, 252, 229, 251, -3, 1, 2.819842099193151, 3.1622776601683795
2468, 22, 472, 138, 471, 139, 1, -1, -0.7853981633974483, 1.4142135623730951
2468, 23, 618, 357, 617, 356, 1, 1, 0.7853981633974483, 1.4142135623730951
2468, 25, 385, 275, 385, 277, 0, -2, -1.5707963267948966, 2.0
2469, 3, 380, 377, 379, 378, 1, -1, -0.7853981633974483, 1.4142135623730951
2469, 21, 473, 137, 472, 138, 1, -1, -0.7853981633974483, 1.4142135623730951
2469, 22, 622, 357, 618, 357, 4, 0, 0.0, 4.0
2469, 23, 366, 324, 365, 326, 1, -2, -1.1071487177940904, 2.23606797749979
2469, 24, 385, 273, 385, 275, 0, -2, -1.5707963267948966, 2.0
2470, 5, 419, 162, 419, 164, 0, -2, -1.5707963267948966, 2.0
2470, 7, 582, 195, 580, 195, 2, 0, 0.0, 2.0
2470, 10, 236, 355, 235, 357, 1, -2, -1.1071487177940904, 2.23606797749979
2470, 13, 565, 196, 566, 198, -1, -2, -2.0344439357957027, 2.23606797749979
2470, 18, 443, 323, 445, 326, -2, -3, -2.158798930342464, 3.605551275463989
2470, 19, 606, 293, 607, 292, -1, 1, 2.356194490192345, 1.4142135623730951
2470, 23, 400, 173, 401, 177, -1, -4, -1.8157749899217608, 4.123105625617661
2470, 27, 484, 140, 483, 141, 1, -1, -0.7853981633974483, 1.4142135623730951
2470, 32, 238, 353, 241, 352, -3, 1, 2.819842099193151, 3.1622776601683795
2470, 36, 385, 277, 386, 280, -1, -3, -1.892546881191539, 3.1622776601683795
2470, 39, 547, 229, 548, 228, -1, 1, 2.356194490192345, 1.4142135623730951
2470, 47, 489, 111, 488, 112, 1, -1, -0.7853981633974483, 1.4142135623730951
2470, 53, 414, 140, 413, 141, 1, -1, -0.7853981633974483, 1.4142135623730951
2470, 59, 403, 233, 404, 236, -1, -3, -1.892546881191539, 3.1622776601683795
2470, 60, 576, 300, 575, 299, 1, 1, 0.7853981633974483, 1.4142135623730951
2470, 61, 438, 322, 438, 325, 0, -3, -1.5707963267948966, 3.0
2470, 67, 624, 358, 620, 359, 4, -1, -0.24497866312686414, 4.123105625617661
2470, 72, 570, 256, 569, 254, 1, 2, 1.1071487177940904, 2.23606797749979
2470, 74, 230, 258, 232, 259, -2, -1, -2.677945044588987, 2.23606797749979
2470, 76, 220, 252, 220, 250, 0, 2, 1.5707963267948966, 2.0
2470, 77, 538, 143, 538, 145, 0, -2, -1.5707963267948966, 2.0
2470, 80, 378, 302, 378, 304, 0, -2, -1.5707963267948966, 2.0
2470, 83, 418, 304, 419, 307, -1, -3, -1.892546881191539, 3.1622776601683795
2471, 4, 468, 121, 467, 123, 1, -2, -1.1071487177940904, 2.23606797749979
2471, 11, 566, 197, 565, 196, 1, 1, 0.7853981633974483, 1.4142135623730951
2471, 34, 544, 229, 547, 229, -3, 0, 3.141592653589793, 3.0
2471, 42, 451, 352, 451, 354, 0, -2, -1.5707963267948966, 2.0
2471, 44, 391, 217, 390, 218, 1, -1, -0.7853981633974483, 1.4142135623730951
2471, 45, 414, 138, 414, 140, 0, -2, -1.5707963267948966, 2.0
2471, 50, 403, 230, 403, 233, 0, -3, -1.5707963267948966, 3.0
2471, 51, 577, 301, 576, 300, 1, 1, 0.7853981633974483, 1.4142135623730951
2471, 58, 627, 357, 624, 358, 3, -1, -0.3217505543966422, 3.1622776601683795
2471, 63, 571, 257, 570, 256, 1, 1, 0.7853981633974483, 1.4142135623730951
2471, 67, 221, 253, 220, 252, 1, 1, 0.7853981633974483, 1.4142135623730951
2471, 68, 538, 141, 538, 143, 0, -2, -1.5707963267948966, 2.0
2471, 74, 417, 301, 418, 304, -1, -3, -1.892546881191539, 3.1622776601683795
2472, 4, 469, 120, 468, 121, 1, -1, -0.7853981633974483, 1.4142135623730951
2472, 13, 376, 314, 375, 315, 1, -1, -0.7853981633974483, 1.4142135623730951
2472, 16, 442, 320, 443, 322, -1, -2, -2.0344439357957027, 2.23606797749979
2472, 21, 623, 346, 622, 347, 1, -1, -0.7853981633974483, 1.4142135623730951
2472, 25, 382, 344, 380, 345, 2, -1, -0.4636476090008061, 2.23606797749979
2472, 51, 515, 166, 514, 164, 1, 2, 1.1071487177940904, 2.23606797749979
2472, 52, 499, 118, 498, 117, 1, 1, 0.7853981633974483, 1.4142135623730951
2472, 54, 629, 356, 627, 357, 2, -1, -0.4636476090008061, 2.23606797749979
2472, 57, 409, 226, 408, 227, 1, -1, -0.7853981633974483, 1.4142135623730951
2472, 59, 571, 259, 571, 257, 0, 2, 1.5707963267948966, 2.0
2472, 62, 222, 254, 221, 253, 1, 1, 0.7853981633974483, 1.4142135623730951
2472, 63, 538, 139, 538, 141, 0, -2, -1.5707963267948966, 2.0
2472, 66, 377, 300, 377, 302, 0, -2, -1.5707963267948966, 2.0
2472, 69, 417, 298, 417, 301, 0, -3, -1.5707963267948966, 3.0
2473, 13, 576, 218, 577, 217, -1, 1, 2.356194490192345, 1.4142135623730951
2473, 18, 401, 170, 400, 171, 1, -1, -0.7853981633974483, 1.4142135623730951
2473, 27, 386, 273, 385, 275, 1, -2, -1.1071487177940904, 2.23606797749979
2473, 35, 244, 377, 243, 378, 1, -1, -0.7853981633974483, 1.4142135623730951
2473, 42, 403, 227, 403, 229, 0, -2, -1.5707963267948966, 2.0
2473, 48, 630, 355, 629, 356, 1, -1, -0.7853981633974483, 1.4142135623730951
2473, 50, 360, 349, 359, 348, 1, 1, 0.7853981633974483, 1.4142135623730951
2473, 60, 376, 301, 377, 300, -1, 1, 2.356194490192345, 1.4142135623730951
2473, 63, 417, 296, 417, 298, 0, -2, -1.5707963267948966, 2.0
2474, 4, 470, 117, 469, 119, 1, -2, -1.1071487177940904, 2.23606797749979
2474, 12, 376, 311, 376, 313, 0, -2, -1.5707963267948966, 2.0
2474, 27, 386, 271, 386, 273, 0, -2, -1.5707963267948966, 2.0
2474, 29, 543, 232, 544, 230, -1, 2, 2.0344439357957027, 2.23606797749979
2474, 32, 512, 134, 510, 134, 2, 0, 0.0, 2.0
2474, 40, 404, 225, 403, 227, 1, -2, -1.1071487177940904, 2.23606797749979
2474, 43, 516, 167, 515, 166, 1, 1, 0.7853981633974483, 1.4142135623730951
2474, 47, 266, 358, 265, 359, 1, -1, -0.7853981633974483, 1.4142135623730951
2474, 50, 572, 261, 571, 260, 1, 1, 0.7853981633974483, 1.4142135623730951
2474, 51, 588, 307, 589, 306, -1, 1, 2.356194490192345, 1.4142135623730951
2474, 54, 540, 136, 538, 138, 2, -2, -0.7853981633974483, 2.8284271247461903
2474, 60, 417, 292, 417, 296, 0, -4, -1.5707963267948966, 4.0
2475, 4, 471, 120, 470, 121, 1, -1, -0.7853981633974483, 1.4142135623730951
2475, 6, 420, 161, 420, 163, 0, -2, -1.5707963267948966, 2.0
2475, 11, 379, 179, 380, 181, -1, -2, -2.0344439357957027, 2.23606797749979
2475, 16, 545, 231, 544, 228, 1, 3, 1.2490457723982544, 3.1622776601683795
2475, 36, 513, 136, 510, 136, 3, 0, 0.0, 3.0
2475, 50, 387, 231, 386, 234, 1, -3, -1.2490457723982544, 3.1622776601683795
2475, 52, 406, 143, 403, 145, 3, -2, -0.5880026035475675, 3.605551275463989
2476, 1, 503, 136, 501, 136, 2, 0, 0.0, 2.0
2476, 4, 472, 119, 471, 120, 1, -1, -0.7853981633974483, 1.4142135623730951
2476, 14, 237, 332, 236, 331, 1, 1, 0.7853981633974483, 1.4142135623730951
2476, 16, 546, 233, 545, 231, 1, 2, 1.1071487177940904, 2.23606797749979
2476, 21, 375, 203, 374, 205, 1, -2, -1.1071487177940904, 2.23606797749979
2476, 30, 515, 137, 513, 136, 2, 1, 0.4636476090008061, 2.23606797749979
2476, 39, 389, 229, 387, 231, 2, -2, -0.7853981633974483, 2.8284271247461903
2476, 40, 407, 142, 406, 143, 1, -1, -0.7853981633974483, 1.4142135623730951
2477, 2, 383, 377, 382, 378, 1, -1, -0.7853981633974483, 1.4142135623730951
2477, 14, 547, 238, 546, 233, 1, 5, 1.373400766945016, 5.0990195135927845
2477, 25, 496, 117, 495, 118, 1, -1, -0.7853981633974483, 1.4142135623730951
2477, 26, 516, 139, 515, 137, 1, 2, 1.1071487177940904, 2.23606797749979
2477, 35, 389, 226, 389, 229, 0, -3, -1.5707963267948966, 3.0
2478, 0, 505, 137, 504, 136, 1, 1, 0.7853981633974483, 1.4142135623730951
2478, 3, 473, 116, 472, 118, 1, -2, -1.1071487177940904, 2.23606797749979
2478, 13, 549, 240, 547, 238, 2, 2, 0.7853981633974483, 2.8284271247461903
2478, 20, 459, 211, 460, 210, -1, 1, 2.356194490192345, 1.4142135623730951
2478, 23, 497, 116, 496, 117, 1, -1, -0.7853981633974483, 1.4142135623730951
2478, 24, 517, 140, 516, 139, 1, 1, 0.7853981633974483, 1.4142135623730951
2478, 27, 627, 347, 626, 348, 1, -1, -0.7853981633974483, 1.4142135623730951
2478, 34, 408, 140, 407, 141, 1, -1, -0.7853981633974483, 1.4142135623730951
2479, 1, 384, 375, 383, 376, 1, -1, -0.7853981633974483, 1.4142135623730951
2479, 3, 474, 115, 473, 116, 1, -1, -0.7853981633974483, 1.4142135623730951
2479, 9, 497, 141, 496, 140, 1, 1, 0.7853981633974483, 1.4142135623730951
2479, 13, 550, 242, 549, 240, 1, 2, 1.1071487177940904, 2.23606797749979
2479, 14, 613, 271, 614, 270, -1, 1, 2.356194490192345, 1.4142135623730951
2479, 23, 518, 141, 517, 140, 1, 1, 0.7853981633974483, 1.4142135623730951
2479, 31, 389, 223, 389, 225, 0, -2, -1.5707963267948966, 2.0
2480, 1, 506, 138, 505, 137, 1, 1, 0.7853981633974483, 1.4142135623730951
2480, 3, 386, 377, 385, 378, 1, -1, -0.7853981633974483, 1.4142135623730951
2480, 6, 474, 119, 473, 120, 1, -1, -0.7853981633974483, 1.4142135623730951
2480, 7, 421, 158, 421, 160, 0, -2, -1.5707963267948966, 2.0
2480, 11, 376, 201, 375, 202, 1, -1, -0.7853981633974483, 1.4142135623730951
2480, 15, 384, 299, 384, 301, 0, -2, -1.5707963267948966, 2.0
2480, 19, 406, 137, 406, 139, 0, -2, -1.5707963267948966, 2.0
2480, 20, 467, 207, 470, 208, -3, -1, -2.819842099193151, 3.1622776601683795
2480, 30, 521, 170, 520, 168, 1, 2, 1.1071487177940904, 2.23606797749979
2480, 36, 617, 273, 618, 272, -1, 1, 2.356194490192345, 1.4142135623730951
2480, 48, 393, 175, 393, 177, 0, -2, -1.5707963267948966, 2.0
2480, 53, 348, 371, 347, 372, 1, -1, -0.7853981633974483, 1.4142135623730951
2480, 55, 545, 149, 545, 151, 0, -2, -1.5707963267948966, 2.0
2480, 57, 383, 274, 383, 276, 0, -2, -1.5707963267948966, 2.0
2480, 59, 489, 139, 486, 138, 3, 1, 0.3217505543966422, 3.1622776601683795
2481, 3, 387, 376, 386, 377, 1, -1, -0.7853981633974483, 1.4142135623730951
2481, 6, 475, 118, 474, 119, 1, -1, -0.7853981633974483, 1.4142135623730951
2481, 13, 604, 238, 606, 237, -2, 1, 2.677945044588987, 2.23606797749979
2481, 20, 499, 141, 497, 141, 2, 0, 0.0, 2.0
2481, 22, 379, 176, 380, 178, -1, -2, -2.0344439357957027, 2.23606797749979
2481, 26, 464, 264, 465, 266, -1, -2, -2.0344439357957027, 2.23606797749979
2481, 28, 522, 172, 521, 170, 1, 2, 1.1071487177940904, 2.23606797749979
2481, 35, 570, 309, 571, 308, -1, 1, 2.356194490192345, 1.4142135623730951
2481, 44, 393, 173, 393, 175, 0, -2, -1.5707963267948966, 2.0
2481, 53, 382, 272, 383, 274, -1, -2, -2.0344439357957027, 2.23606797749979
2482, 1, 508, 140, 506, 139, 2, 1, 0.4636476090008061, 2.23606797749979
2482, 6, 476, 117, 475, 118, 1, -1, -0.7853981633974483, 1.4142135623730951
2482, 13, 384, 296, 384, 298, 0, -2, -1.5707963267948966, 2.0
2482, 17, 406, 134, 406, 136, 0, -2, -1.5707963267948966, 2.0
2482, 18, 500, 142, 499, 141, 1, 1, 0.7853981633974483, 1.4142135623730951
2482, 19, 402, 168, 402, 170, 0, -2, -1.5707963267948966, 2.0
2482, 25, 523, 173, 522, 172, 1, 1, 0.7853981633974483, 1.4142135623730951
2482, 32, 569, 310, 570, 309, -1, 1, 2.356194490192345, 1.4142135623730951
2482, 34, 602, 295, 604, 295, -2, 0, 3.141592653589793, 2.0
2482, 41, 392, 171, 393, 173, -1, -2, -2.0344439357957027, 2.23606797749979
2482, 45, 349, 370, 348, 371, 1, -1, -0.7853981633974483, 1.4142135623730951
2482, 48, 383, 369, 382, 370, 1, -1, -0.7853981633974483, 1.4142135623730951
2482, 49, 382, 270, 382, 272, 0, -2, -1.5707963267948966, 2.0
2482, 51, 493, 140, 490, 139, 3, 1, 0.3217505543966422, 3.1622776601683795
2483, 1, 509, 141, 508, 140, 1, 1, 0.7853981633974483, 1.4142135623730951
2483, 5, 247, 383, 246, 384, 1, -1, -0.7853981633974483, 1.4142135623730951
2483, 6, 477, 116, 476, 117, 1, -1, -0.7853981633974483, 1.4142135623730951
2483, 22, 405, 227, 405, 229, 0, -2, -1.5707963267948966, 2.0
2483, 23, 523, 175, 523, 173, 0, 2, 1.5707963267948966, 2.0
2483, 28, 616, 276, 617, 275, -1, 1, 2.356194490192345, 1.4142135623730951
2483, 29, 570, 312, 569, 310, 1, 2, 1.1071487177940904, 2.23606797749979
2483, 30, 278, 327, 276, 329, 2, -2, -0.7853981633974483, 2.8284271247461903
2483, 37, 393, 169, 392, 171, 1, -2, -1.1071487177940904, 2.23606797749979
2483, 39, 466, 153, 466, 155, 0, -2, -1.5707963267948966, 2.0
2483, 45, 382, 268, 382, 270, 0, -2, -1.5707963267948966, 2.0
2483, 47, 497, 142, 493, 140, 4, 2, 0.4636476090008061, 4.47213595499958
2483, 49, 455, 347, 454, 349, 1, -2, -1.1071487177940904, 2.23606797749979
2484, 1, 510, 143, 509, 141, 1, 2, 1.1071487177940904, 2.23606797749979
2484, 2, 324, 327, 322, 326, 2, 1, 0.4636476090008061, 2.23606797749979
2484, 3, 389, 373, 388, 375, 1, -2, -1.1071487177940904, 2.23606797749979
2484, 4, 626, 275, 627, 274, -1, 1, 2.356194490192345, 1.4142135623730951
2484, 5, 249, 383, 247, 383, 2, 0, 0.0, 2.0
2484, 11, 382, 294, 383, 296, -1, -2, -2.0344439357957027, 2.23606797749979
2484, 14, 401, 165, 402, 167, -1, -2, -2.0344439357957027, 2.23606797749979
2484, 18, 405, 225, 405, 227, 0, -2, -1.5707963267948966, 2.0
2484, 19, 524, 176, 523, 175, 1, 1, 0.7853981633974483, 1.4142135623730951
2484, 25, 570, 315, 570, 312, 0, 3, 1.5707963267948966, 3.0
2484, 33, 347, 326, 348, 328, -1, -2, -2.0344439357957027, 2.23606797749979
2484, 38, 383, 266, 382, 268, 1, -2, -1.1071487177940904, 2.23606797749979
2485, 2, 390, 375, 389, 376, 1, -1, -0.7853981633974483, 1.4142135623730951
2485, 8, 628, 277, 629, 276, -1, 1, 2.356194490192345, 1.4142135623730951
2485, 17, 377, 198, 377, 200, 0, -2, -1.5707963267948966, 2.0
2485, 19, 573, 315, 573, 313, 0, 2, 1.5707963267948966, 2.0
2485, 39, 527, 151, 526, 150, 1, 1, 0.7853981633974483, 1.4142135623730951
2485, 41, 468, 319, 469, 321, -1, -2, -2.0344439357957027, 2.23606797749979
2485, 43, 228, 259, 230, 260, -2, -1, -2.677945044588987, 2.23606797749979
2485, 44, 504, 119, 503, 118, 1, 1, 0.7853981633974483, 1.4142135623730951
2486, 3, 511, 142, 510, 141, 1, 1, 0.7853981633974483, 1.4142135623730951
2486, 4, 321, 327, 323, 327, -2, 0, 3.141592653589793, 2.0
2486, 7, 478, 117, 477, 118, 1, -1, -0.7853981633974483, 1.4142135623730951
2486, 10, 551, 235, 551, 237, 0, -2, -1.5707963267948966, 2.0
2486, 16, 573, 317, 573, 315, 0, 2, 1.5707963267948966, 2.0
2486, 19, 402, 167, 402, 169, 0, -2, -1.5707963267948966, 2.0
2486, 29, 534, 210, 534, 208, 0, 2, 1.5707963267948966, 2.0
2487, 5, 479, 116, 478, 117, 1, -1, -0.7853981633974483, 1.4142135623730951
2487, 12, 574, 319, 573, 317, 1, 2, 1.1071487177940904, 2.23606797749979
2487, 22, 537, 212, 534, 210, 3, 2, 0.5880026035475675, 3.605551275463989
2488, 4, 625, 278, 626, 277, -1, 1, 2.356194490192345, 1.4142135623730951
2488, 11, 575, 321, 574, 319, 1, 2, 1.1071487177940904, 2.23606797749979
2488, 15, 244, 333, 245, 332, -1, 1, 2.356194490192345, 1.4142135623730951
2488, 19, 242, 350, 240, 351, 2, -1, -0.4636476090008061, 2.23606797749979
2488, 26, 468, 315, 468, 317, 0, -2, -1.5707963267948966, 2.0
2489, 1, 391, 371, 390, 372, 1, -1, -0.7853981633974483, 1.4142135623730951
2489, 5, 481, 115, 479, 116, 2, -1, -0.4636476090008061, 2.23606797749979
2489, 10, 576, 322, 575, 321, 1, 1, 0.7853981633974483, 1.4142135623730951
2489, 19, 536, 213, 537, 212, -1, 1, 2.356194490192345, 1.4142135623730951
2489, 24, 597, 271, 598, 270, -1, 1, 2.356194490192345, 1.4142135623730951
2489, 29, 465, 160, 465, 162, 0, -2, -1.5707963267948966, 2.0
2490, 3, 513, 145, 512, 144, 1, 1, 0.7853981633974483, 1.4142135623730951
2490, 10, 378, 196, 378, 198, 0, -2, -1.5707963267948966, 2.0
2490, 13, 618, 282, 619, 281, -1, 1, 2.356194490192345, 1.4142135623730951
2490, 25, 634, 352, 633, 351, 1, 1, 0.7853981633974483, 1.4142135623730951
2490, 32, 363, 272, 364, 274, -1, -2, -2.0344439357957027, 2.23606797749979
2490, 34, 580, 341, 579, 340, 1, 1, 0.7853981633974483, 1.4142135623730951
2491, 2, 515, 145, 513, 145, 2, 0, 0.0, 2.0
2491, 4, 483, 118, 482, 119, 1, -1, -0.7853981633974483, 1.4142135623730951
2491, 20, 403, 164, 403, 166, 0, -2, -1.5707963267948966, 2.0
2491, 24, 387, 267, 387, 269, 0, -2, -1.5707963267948966, 2.0
2491, 36, 411, 133, 409, 133, 2, 0, 0.0, 2.0
2492, 0, 393, 373, 392, 374, 1, -1, -0.7853981633974483, 1.4142135623730951
2492, 4, 484, 117, 483, 118, 1, -1, -0.7853981633974483, 1.4142135623730951
2492, 5, 249, 384, 248, 385, 1, -1, -0.7853981633974483, 1.4142135623730951
2492, 9, 378, 193, 378, 195, 0, -2, -1.5707963267948966, 2.0
2492, 14, 229, 260, 230, 259, -1, 1, 2.356194490192345, 1.4142135623730951
2492, 15, 385, 371, 384, 372, 1, -1, -0.7853981633974483, 1.4142135623730951
2492, 27, 363, 269, 363, 271, 0, -2, -1.5707963267948966, 2.0
2492, 29, 578, 341, 580, 341, -2, 0, 3.141592653589793, 2.0
2493, 0, 393, 371, 393, 373, 0, -2, -1.5707963267948966, 2.0
2493, 2, 516, 147, 515, 146, 1, 1, 0.7853981633974483, 1.4142135623730951
2493, 4, 485, 116, 484, 117, 1, -1, -0.7853981633974483, 1.4142135623730951
2493, 6, 628, 278, 627, 277, 1, 1, 0.7853981633974483, 1.4142135623730951
2493, 7, 422, 154, 421, 155, 1, -1, -0.7853981633974483, 1.4142135623730951
2493, 15, 386, 369, 385, 371, 1, -2, -1.1071487177940904, 2.23606797749979
2493, 18, 403, 161, 403, 163, 0, -2, -1.5707963267948966, 2.0
2493, 24, 364, 267, 363, 269, 1, -2, -1.1071487177940904, 2.23606797749979
2494, 0, 394, 370, 393, 371, 1, -1, -0.7853981633974483, 1.4142135623730951
2494, 2, 517, 148, 516, 147, 1, 1, 0.7853981633974483, 1.4142135623730951
2494, 15, 387, 367, 386, 369, 1, -2, -1.1071487177940904, 2.23606797749979
2494, 25, 576, 342, 577, 341, -1, 1, 2.356194490192345, 1.4142135623730951
2495, 0, 396, 373, 395, 374, 1, -1, -0.7853981633974483, 1.4142135623730951
2495, 2, 254, 385, 253, 386, 1, -1, -0.7853981633974483, 1.4142135623730951
2495, 7, 517, 148, 516, 147, 1, 1, 0.7853981633974483, 1.4142135623730951
2495, 13, 404, 162, 404, 164, 0, -2, -1.5707963267948966, 2.0
2495, 21, 379, 167, 379, 169, 0, -2, -1.5707963267948966, 2.0
2495, 23, 221, 253, 223, 254, -2, -1, -2.677945044588987, 2.23606797749979
2495, 34, 635, 354, 637, 354, -2, 0, 3.141592653589793, 2.0
2495, 37, 424, 289, 424, 291, 0, -2, -1.5707963267948966, 2.0
2496, 0, 397, 372, 396, 373, 1, -1, -0.7853981633974483, 1.4142135623730951
2496, 5, 487, 117, 485, 118, 2, -1, -0.4636476090008061, 2.23606797749979
2496, 6, 518, 149, 517, 148, 1, 1, 0.7853981633974483, 1.4142135623730951
2496, 18, 379, 165, 379, 167, 0, -2, -1.5707963267948966, 2.0
2496, 24, 349, 320, 349, 322, 0, -2, -1.5707963267948966, 2.0
2496, 29, 530, 188, 529, 187, 1, 1, 0.7853981633974483, 1.4142135623730951
2496, 31, 424, 287, 424, 289, 0, -2, -1.5707963267948966, 2.0
2497, 4, 488, 116, 487, 117, 1, -1, -0.7853981633974483, 1.4142135623730951
2497, 5, 519, 150, 518, 149, 1, 1, 0.7853981633974483, 1.4142135623730951
2497, 7, 629, 281, 628, 280, 1, 1, 0.7853981633974483, 1.4142135623730951
2497, 16, 379, 163, 379, 165, 0, -2, -1.5707963267948966, 2.0
2498, 5, 520, 151, 519, 150, 1, 1, 0.7853981633974483, 1.4142135623730951
2498, 13, 379, 161, 379, 163, 0, -2, -1.5707963267948966, 2.0
2498, 18, 575, 314, 574, 313, 1, 1, 0.7853981633974483, 1.4142135623730951
2498, 19, 349, 316, 349, 319, 0, -3, -1.5707963267948966, 3.0
2498, 30, 463, 159, 463, 161, 0, -2, -1.5707963267948966, 2.0
2499, 0, 398, 369, 397, 370, 1, -1, -0.7853981633974483, 1.4142135623730951
2499, 4, 490, 115, 489, 116, 1, -1, -0.7853981633974483, 1.4142135623730951
2499, 13, 378, 159, 379, 161, -1, -2, -2.0344439357957027, 2.23606797749979
2499, 18, 578, 315, 575, 314, 3, 1, 0.3217505543966422, 3.1622776601683795
2499, 24, 531, 192, 530, 190, 1, 2, 1.1071487177940904, 2.23606797749979
2499, 27, 476, 156, 475, 157, 1, -1, -0.7853981633974483, 1.4142135623730951
2499, 30, 463, 157, 463, 159, 0, -2, -1.5707963267948966, 2.0
2500, 3, 399, 371, 398, 372, 1, -1, -0.7853981633974483, 1.4142135623730951
2500, 18, 518, 129, 516, 127, 2, 2, 0.7853981633974483, 2.8284271247461903
2500, 24, 463, 158, 463, 161, 0, -3, -1.5707963267948966, 3.0
2500, 25, 579, 315, 578, 314, 1, 1, 0.7853981633974483, 1.4142135623730951
2500, 30, 510, 122, 509, 123, 1, -1, -0.7853981633974483, 1.4142135623730951
2500, 34, 556, 248, 558, 249, -2, -1, -2.677945044588987, 2.23606797749979
2500, 41, 462, 315, 463, 317, -1, -2, -2.0344439357957027, 2.23606797749979
2500, 43, 406, 226, 406, 229, 0, -3, -1.5707963267948966, 3.0
2500, 48, 394, 366, 393, 367, 1, -1, -0.7853981633974483, 1.4142135623730951
2500, 55, 418, 295, 419, 298, -1, -3, -1.892546881191539, 3.1622776601683795
2500, 61, 222, 257, 221, 255, 1, 2, 1.1071487177940904, 2.23606797749979
2500, 62, 556, 280, 557, 279, -1, 1, 2.356194490192345, 1.4142135623730951
2501, 0, 383, 348, 385, 349, -2, -1, -2.677945044588987, 2.23606797749979
2501, 1, 254, 385, 253, 386, 1, -1, -0.7853981633974483, 1.4142135623730951
2501, 2, 326, 326, 325, 328, 1, -2, -1.1071487177940904, 2.23606797749979
2501, 4, 519, 154, 519, 152, 0, 2, 1.5707963267948966, 2.0
2501, 5, 428, 152, 428, 154, 0, -2, -1.5707963267948966, 2.0
2501, 6, 492, 117, 490, 118, 2, -1, -0.4636476090008061, 2.23606797749979
2501, 8, 627, 282, 629, 282, -2, 0, 3.141592653589793, 2.0
2501, 10, 219, 283, 220, 282, -1, 1, 2.356194490192345, 1.4142135623730951
2501, 17, 519, 130, 518, 129, 1, 1, 0.7853981633974483, 1.4142135623730951
2501, 18, 605, 242, 604, 241, 1, 1, 0.7853981633974483, 1.4142135623730951
2501, 21, 464, 183, 466, 182, -2, 1, 2.677945044588987, 2.23606797749979
2501, 23, 464, 154, 463, 158, 1, -4, -1.3258176636680326, 4.123105625617661
2501, 24, 580, 316, 579, 315, 1, 1, 0.7853981633974483, 1.4142135623730951
2501, 30, 269, 335, 270, 334, -1, 1, 2.356194490192345, 1.4142135623730951
2501, 32, 380, 190, 380, 192, 0, -2, -1.5707963267948966, 2.0
2501, 34, 580, 293, 581, 292, -1, 1, 2.356194490192345, 1.4142135623730951
2501, 38, 461, 313, 462, 315, -1, -2, -2.0344439357957027, 2.23606797749979
2501, 40, 406, 224, 406, 226, 0, -2, -1.5707963267948966, 2.0
2501, 45, 395, 365, 394, 366, 1, -1, -0.7853981633974483, 1.4142135623730951
2501, 48, 240, 355, 242, 354, -2, 1, 2.677945044588987, 2.23606797749979
2501, 52, 417, 292, 418, 295, -1, -3, -1.892546881191539, 3.1622776601683795
2501, 55, 351, 317, 351, 319, 0, -2, -1.5707963267948966, 2.0
2501, 56, 397, 206, 396, 207, 1, -1, -0.7853981633974483, 1.4142135623730951
2501, 57, 222, 259, 222, 257, 0, 2, 1.5707963267948966, 2.0
2502, 2, 400, 369, 399, 370, 1, -1, -0.7853981633974483, 1.4142135623730951
2502, 4, 429, 151, 428, 152, 1, -1, -0.7853981633974483, 1.4142135623730951
2502, 5, 494, 117, 492, 117, 2, 0, 0.0, 2.0
2502, 7, 626, 283, 627, 282, -1, 1, 2.356194490192345, 1.4142135623730951
2502, 14, 381, 162, 381, 164, 0, -2, -1.5707963267948966, 2.0
2502, 16, 521, 131, 519, 130, 2, 1, 0.4636476090008061, 2.23606797749979
2502, 22, 465, 152, 464, 154, 1, -2, -1.1071487177940904, 2.23606797749979
2502, 40, 396, 364, 395, 365, 1, -1, -0.7853981633974483, 1.4142135623730951
2502, 46, 418, 289, 417, 292, 1, -3, -1.2490457723982544, 3.1622776601683795
2502, 47, 376, 314, 376, 316, 0, -2, -1.5707963267948966, 2.0
2503, 4, 429, 149, 429, 151, 0, -2, -1.5707963267948966, 2.0
2503, 5, 495, 116, 494, 117, 1, -1, -0.7853981633974483, 1.4142135623730951
2503, 14, 381, 160, 381, 162, 0, -2, -1.5707963267948966, 2.0
2503, 16, 522, 133, 521, 131, 1, 2, 1.1071487177940904, 2.23606797749979
2503, 18, 294, 334, 293, 332, 1, 2, 1.1071487177940904, 2.23606797749979
2503, 20, 463, 180, 464, 182, -1, -2, -2.0344439357957027, 2.23606797749979
2503, 22, 466, 150, 465, 152, 1, -2, -1.1071487177940904, 2.23606797749979
2503, 24, 244, 332, 243, 331, 1, 1, 0.7853981633974483, 1.4142135623730951
2503, 27, 449, 132, 449, 134, 0, -2, -1.5707963267948966, 2.0
2503, 29, 270, 336, 269, 335, 1, 1, 0.7853981633974483, 1.4142135623730951
2503, 33, 579, 294, 580, 293, -1, 1, 2.356194490192345, 1.4142135623730951
2503, 39, 397, 362, 396, 364, 1, -2, -1.1071487177940904, 2.23606797749979
2503, 45, 418, 286, 418, 289, 0, -3, -1.5707963267948966, 3.0
2503, 46, 376, 312, 376, 314, 0, -2, -1.5707963267948966, 2.0
2503, 48, 351, 314, 351, 316, 0, -2, -1.5707963267948966, 2.0
2504, 0, 255, 384, 254, 385, 1, -1, -0.7853981633974483, 1.4142135623730951
2504, 2, 401, 367, 400, 368, 1, -1, -0.7853981633974483, 1.4142135623730951
2504, 5, 497, 115, 495, 116, 2, -1, -0.4636476090008061, 2.23606797749979
2504, 18, 295, 335, 294, 334, 1, 1, 0.7853981633974483, 1.4142135623730951
2504, 27, 514, 122, 512, 122, 2, 0, 0.0, 2.0
2504, 38, 581, 200, 580, 201, 1, -1, -0.7853981633974483, 1.4142135623730951
2504, 42, 419, 283, 418, 286, 1, -3, -1.2490457723982544, 3.1622776601683795
2504, 46, 554, 282, 555, 281, -1, 1, 2.356194490192345, 1.4142135623730951
2504, 47, 477, 156, 476, 157, 1, -1, -0.7853981633974483, 1.4142135623730951
2505, 1, 402, 370, 401, 371, 1, -1, -0.7853981633974483, 1.4142135623730951
2505, 6, 629, 287, 630, 286, -1, 1, 2.356194490192345, 1.4142135623730951
2505, 7, 521, 157, 521, 155, 0, 2, 1.5707963267948966, 2.0
2505, 14, 406, 158, 406, 160, 0, -2, -1.5707963267948966, 2.0
2505, 15, 388, 264, 388, 266, 0, -2, -1.5707963267948966, 2.0
2505, 16, 596, 203, 595, 202, 1, 1, 0.7853981633974483, 1.4142135623730951
2505, 19, 552, 248, 551, 246, 1, 2, 1.1071487177940904, 2.23606797749979
2505, 34, 450, 153, 450, 155, 0, -2, -1.5707963267948966, 2.0
2505, 49, 399, 362, 398, 363, 1, -1, -0.7853981633974483, 1.4142135623730951
2506, 1, 403, 369, 402, 370, 1, -1, -0.7853981633974483, 1.4142135623730951
2506, 9, 431, 151, 430, 152, 1, -1, -0.7853981633974483, 1.4142135623730951
2506, 12, 382, 187, 382, 189, 0, -2, -1.5707963267948966, 2.0
2506, 18, 552, 250, 552, 248, 0, 2, 1.5707963267948966, 2.0
2506, 29, 298, 331, 297, 332, 1, -1, -0.7853981633974483, 1.4142135623730951
2506, 44, 380, 297, 381, 299, -1, -2, -2.0344439357957027, 2.23606797749979
2507, 0, 404, 368, 403, 369, 1, -1, -0.7853981633974483, 1.4142135623730951
2507, 5, 628, 288, 629, 287, -1, 1, 2.356194490192345, 1.4142135623730951
2507, 9, 511, 164, 512, 163, -1, 1, 2.356194490192345, 1.4142135623730951
2507, 14, 597, 204, 596, 203, 1, 1, 0.7853981633974483, 1.4142135623730951
2507, 17, 553, 252, 552, 250, 1, 2, 1.1071487177940904, 2.23606797749979
2507, 24, 615, 283, 616, 282, -1, 1, 2.356194490192345, 1.4142135623730951
2507, 31, 382, 159, 382, 161, 0, -2, -1.5707963267948966, 2.0
2507, 34, 462, 339, 462, 341, 0, -2, -1.5707963267948966, 2.0
2507, 35, 210, 277, 212, 277, -2, 0, 3.141592653589793, 2.0
2508, 0, 405, 367, 404, 368, 1, -1, -0.7853981633974483, 1.4142135623730951
2508, 5, 521, 161, 521, 159, 0, 2, 1.5707963267948966, 2.0
2508, 6, 498, 117, 497, 118, 1, -1, -0.7853981633974483, 1.4142135623730951
2508, 8, 510, 165, 511, 164, -1, 1, 2.356194490192345, 1.4142135623730951
2508, 10, 382, 184, 382, 186, 0, -2, -1.5707963267948966, 2.0
2508, 12, 406, 154, 406, 156, 0, -2, -1.5707963267948966, 2.0
2508, 14, 511, 156, 510, 154, 1, 2, 1.1071487177940904, 2.23606797749979
2508, 15, 554, 255, 553, 252, 1, 3, 1.2490457723982544, 3.1622776601683795
2508, 16, 610, 311, 609, 310, 1, 1, 0.7853981633974483, 1.4142135623730951
2508, 17, 309, 329, 308, 330, 1, -1, -0.7853981633974483, 1.4142135623730951
2508, 21, 614, 284, 615, 283, -1, 1, 2.356194490192345, 1.4142135623730951
2508, 22, 583, 347, 586, 347, -3, 0, 3.141592653589793, 3.0
2508, 31, 462, 336, 462, 339, 0, -3, -1.5707963267948966, 3.0
2508, 32, 209, 278, 210, 277, -1, 1, 2.356194490192345, 1.4142135623730951
2509, 0, 406, 366, 405, 367, 1, -1, -0.7853981633974483, 1.4142135623730951
2509, 7, 509, 166, 510, 165, -1, 1, 2.356194490192345, 1.4142135623730951
2509, 13, 512, 158, 511, 156, 1, 2, 1.1071487177940904, 2.23606797749979
2509, 21, 582, 348, 583, 347, -1, 1, 2.356194490192345, 1.4142135623730951
2509, 26, 284, 330, 283, 331, 1, -1, -0.7853981633974483, 1.4142135623730951
2510, 0, 524, 163, 523, 161, 1, 2, 1.1071487177940904, 2.23606797749979
2510, 4, 433, 150, 432, 151, 1, -1, -0.7853981633974483, 1.4142135623730951
2510, 6, 405, 368, 404, 369, 1, -1, -0.7853981633974483, 1.4142135623730951
2510, 9, 500, 118, 498, 118, 2, 0, 0.0, 2.0
2510, 11, 383, 185, 383, 187, 0, -2, -1.5707963267948966, 2.0
2510, 17, 586, 201, 585, 202, 1, -1, -0.7853981633974483, 1.4142135623730951
2510, 20, 385, 161, 385, 163, 0, -2, -1.5707963267948966, 2.0
2510, 26, 512, 160, 511, 157, 1, 3, 1.2490457723982544, 3.1622776601683795
2510, 28, 501, 143, 499, 143, 2, 0, 0.0, 2.0
2510, 39, 539, 196, 538, 195, 1, 1, 0.7853981633974483, 1.4142135623730951
2510, 43, 552, 240, 553, 242, -1, -2, -2.0344439357957027, 2.23606797749979
2510, 47, 462, 311, 463, 313, -1, -2, -2.0344439357957027, 2.23606797749979
2510, 48, 364, 260, 364, 262, 0, -2, -1.5707963267948966, 2.0
2511, 4, 471, 181, 471, 183, 0, -2, -1.5707963267948966, 2.0
2511, 5, 406, 367, 405, 368, 1, -1, -0.7853981633974483, 1.4142135623730951
2511, 7, 260, 387, 259, 388, 1, -1, -0.7853981633974483, 1.4142135623730951
2511, 15, 409, 156, 409, 158, 0, -2, -1.5707963267948966, 2.0
2511, 24, 512, 162, 512, 160, 0, 2, 1.5707963267948966, 2.0
2511, 31, 214, 281, 215, 280, -1, 1, 2.356194490192345, 1.4142135623730951
2512, 0, 525, 166, 524, 164, 1, 2, 1.1071487177940904, 2.23606797749979
2512, 5, 407, 366, 406, 367, 1, -1, -0.7853981633974483, 1.4142135623730951
2512, 18, 386, 159, 385, 160, 1, -1, -0.7853981633974483, 1.4142135623730951
2512, 33, 576, 272, 575, 271, 1, 1, 0.7853981633974483, 1.4142135623730951
2512, 41, 574, 330, 574, 327, 0, 3, 1.5707963267948966, 3.0
2512, 42, 363, 257, 364, 259, -1, -2, -2.0344439357957027, 2.23606797749979
2512, 45, 346, 394, 345, 395, 1, -1, -0.7853981633974483, 1.4142135623730951
2513, 3, 434, 147, 433, 148, 1, -1, -0.7853981633974483, 1.4142135623730951
2513, 5, 408, 364, 407, 366, 1, -2, -1.1071487177940904, 2.23606797749979
2513, 6, 510, 166, 511, 165, -1, 1, 2.356194490192345, 1.4142135623730951
2513, 10, 383, 181, 383, 183, 0, -2, -1.5707963267948966, 2.0
2513, 15, 386, 157, 386, 159, 0, -2, -1.5707963267948966, 2.0
2513, 32, 481, 151, 480, 152, 1, -1, -0.7853981633974483, 1.4142135623730951
2513, 37, 576, 331, 574, 330, 2, 1, 0.4636476090008061, 2.23606797749979
2514, 14, 386, 155, 386, 157, 0, -2, -1.5707963267948966, 2.0
2514, 15, 403, 355, 401, 357, 2, -2, -0.7853981633974483, 2.8284271247461903
2514, 20, 506, 143, 504, 143, 2, 0, 0.0, 2.0
2514, 22, 603, 245, 605, 245, -2, 0, 3.141592653589793, 2.0
2514, 24, 615, 289, 616, 288, -1, 1, 2.356194490192345, 1.4142135623730951
2514, 31, 481, 149, 481, 151, 0, -2, -1.5707963267948966, 2.0
2514, 33, 555, 241, 553, 238, 2, 3, 0.982793723247329, 3.605551275463989
2514, 35, 578, 334, 576, 331, 2, 3, 0.982793723247329, 3.605551275463989
2515, 2, 524, 168, 524, 166, 0, 2, 1.5707963267948966, 2.0
2515, 4, 409, 364, 408, 366, 1, -2, -1.1071487177940904, 2.23606797749979
2515, 8, 581, 333, 580, 331, 1, 2, 1.1071487177940904, 2.23606797749979
2515, 12, 365, 253, 366, 255, -1, -2, -2.0344439357957027, 2.23606797749979
2515, 14, 404, 204, 403, 205, 1, -1, -0.7853981633974483, 1.4142135623730951
2515, 16, 590, 204, 589, 203, 1, 1, 0.7853981633974483, 1.4142135623730951
2515, 20, 409, 154, 409, 156, 0, -2, -1.5707963267948966, 2.0
2515, 35, 564, 177, 562, 177, 2, 0, 0.0, 2.0
2515, 42, 437, 314, 438, 316, -1, -2, -2.0344439357957027, 2.23606797749979
2515, 43, 482, 156, 481, 157, 1, -1, -0.7853981633974483, 1.4142135623730951
2515, 45, 473, 161, 473, 163, 0, -2, -1.5707963267948966, 2.0
2516, 4, 410, 363, 409, 364, 1, -1, -0.7853981633974483, 1.4142135623730951
2516, 8, 582, 334, 581, 333, 1, 1, 0.7853981633974483, 1.4142135623730951
2516, 12, 591, 205, 590, 204, 1, 1, 0.7853981633974483, 1.4142135623730951
2516, 13, 415, 128, 417, 129, -2, -1, -2.677945044588987, 2.23606797749979
2516, 24, 462, 308, 463, 310, -1, -2, -2.0344439357957027, 2.23606797749979
2516, 31, 385, 158, 384, 159, 1, -1, -0.7853981633974483, 1.4142135623730951
2516, 35, 436, 312, 437, 314, -1, -2, -2.0344439357957027, 2.23606797749979
2516, 38, 474, 160, 473, 161, 1, -1, -0.7853981633974483, 1.4142135623730951
2517, 8, 583, 335, 582, 334, 1, 1, 0.7853981633974483, 1.4142135623730951
2517, 16, 410, 151, 409, 153, 1, -2, -1.1071487177940904, 2.23606797749979
2517, 27, 564, 175, 565, 177, -1, -2, -2.0344439357957027, 2.23606797749979
2517, 28, 385, 156, 385, 158, 0, -2, -1.5707963267948966, 2.0
2517, 32, 435, 310, 436, 312, -1, -2, -2.0344439357957027, 2.23606797749979
2517, 33, 483, 154, 482, 155, 1, -1, -0.7853981633974483, 1.4142135623730951
2518, 1, 386, 348, 384, 347, 2, 1, 0.4636476090008061, 2.23606797749979
2518, 2, 523, 172, 524, 170, -1, 2, 2.0344439357957027, 2.23606797749979
2518, 4, 411, 361, 410, 362, 1, -1, -0.7853981633974483, 1.4142135623730951
2518, 8, 616, 294, 617, 293, -1, 1, 2.356194490192345, 1.4142135623730951
2518, 12, 416, 125, 415, 127, 1, -2, -1.1071487177940904, 2.23606797749979
2518, 13, 602, 207, 601, 206, 1, 1, 0.7853981633974483, 1.4142135623730951
2518, 26, 385, 154, 385, 156, 0, -2, -1.5707963267948966, 2.0
2518, 29, 435, 308, 435, 310, 0, -2, -1.5707963267948966, 2.0
2518, 30, 484, 153, 483, 154, 1, -1, -0.7853981633974483, 1.4142135623730951
2518, 31, 475, 158, 474, 159, 1, -1, -0.7853981633974483, 1.4142135623730951
2519, 2, 523, 174, 523, 172, 0, 2, 1.5707963267948966, 2.0
2519, 4, 411, 359, 411, 361, 0, -2, -1.5707963267948966, 2.0
2519, 14, 411, 148, 410, 150, 1, -2, -1.1071487177940904, 2.23606797749979
2519, 17, 510, 170, 511, 168, -1, 2, 2.0344439357957027, 2.23606797749979
2519, 23, 564, 171, 564, 174, 0, -3, -1.5707963267948966, 3.0
2519, 27, 435, 306, 435, 308, 0, -2, -1.5707963267948966, 2.0
2519, 28, 483, 150, 484, 153, -1, -3, -1.892546881191539, 3.1622776601683795
2519, 29, 475, 156, 475, 158, 0, -2, -1.5707963267948966, 2.0
2520, 0, 412, 362, 411, 364, 1, -2, -1.1071487177940904, 2.23606797749979
2520, 4, 440, 145, 437, 148, 3, -3, -0.7853981633974483, 4.242640687119285
2520, 6, 510, 120, 507, 120, 3, 0, 0.0, 3.0
2520, 7, 383, 283, 385, 284, -2, -1, -2.677945044588987, 2.23606797749979
2520, 11, 388, 179, 386, 183, 2, -4, -1.1071487177940904, 4.47213595499958
2520, 12, 604, 209, 603, 208, 1, 1, 0.7853981633974483, 1.4142135623730951
2520, 13, 403, 365, 402, 366, 1, -1, -0.7853981633974483, 1.4142135623730951
2520, 15, 389, 259, 390, 261, -1, -2, -2.0344439357957027, 2.23606797749979
2520, 18, 607, 253, 606, 249, 1, 4, 1.3258176636680326, 4.123105625617661
2520, 20, 553, 251, 555, 252, -2, -1, -2.677945044588987, 2.23606797749979
2520, 26, 419, 126, 415, 128, 4, -2, -0.4636476090008061, 4.47213595499958
2520, 29, 600, 348, 598, 348, 2, 0, 0.0, 2.0
2520, 30, 221, 346, 218, 346, 3, 0, 0.0, 3.0
2520, 35, 311, 355, 310, 356, 1, -1, -0.7853981633974483, 1.4142135623730951
2521, 0, 412, 360, 412, 362, 0, -2, -1.5707963267948966, 2.0
2521, 2, 265, 386, 264, 387, 1, -1, -0.7853981633974483, 1.4142135623730951
2521, 3, 527, 174, 526, 172, 1, 2, 1.1071487177940904, 2.23606797749979
2521, 13, 404, 364, 403, 365, 1, -1, -0.7853981633974483, 1.4142135623730951
2521, 14, 389, 257, 389, 259, 0, -2, -1.5707963267948966, 2.0
2521, 18, 552, 249, 553, 251, -1, -2, -2.0344439357957027, 2.23606797749979
2521, 23, 411, 151, 411, 153, 0, -2, -1.5707963267948966, 2.0
2521, 24, 421, 125, 419, 126, 2, -1, -0.4636476090008061, 2.23606797749979
2521, 25, 581, 326, 583, 326, -2, 0, 3.141592653589793, 2.0
2521, 27, 602, 348, 600, 348, 2, 0, 0.0, 2.0
2521, 33, 245, 355, 244, 356, 1, -1, -0.7853981633974483, 1.4142135623730951
2521, 39, 530, 138, 529, 137, 1, 1, 0.7853981633974483, 1.4142135623730951
2521, 41, 631, 339, 627, 338, 4, 1, 0.24497866312686414, 4.123105625617661
2522, 0, 413, 358, 412, 360, 1, -2, -1.1071487177940904, 2.23606797749979
2522, 1, 329, 329, 328, 330, 1, -1, -0.7853981633974483, 1.4142135623730951
2522, 3, 527, 176, 527, 174, 0, 2, 1.5707963267948966, 2.0
2522, 7, 381, 281, 383, 282, -2, -1, -2.677945044588987, 2.23606797749979
2522, 12, 606, 210, 605, 209, 1, 1, 0.7853981633974483, 1.4142135623730951
2522, 13, 405, 363, 404, 364, 1, -1, -0.7853981633974483, 1.4142135623730951
2522, 14, 389, 255, 389, 257, 0, -2, -1.5707963267948966, 2.0
2522, 18, 550, 247, 552, 249, -2, -2, -2.356194490192345, 2.8284271247461903
2522, 21, 252, 336, 251, 337, 1, -1, -0.7853981633974483, 1.4142135623730951
2522, 23, 412, 149, 411, 151, 1, -2, -1.1071487177940904, 2.23606797749979
2522, 27, 605, 349, 602, 348, 3, 1, 0.3217505543966422, 3.1622776601683795
2522, 31, 246, 354, 245, 355, 1, -1, -0.7853981633974483, 1.4142135623730951
2522, 39, 632, 340, 631, 339, 1, 1, 0.7853981633974483, 1.4142135623730951
2523, 0, 414, 356, 413, 358, 1, -2, -1.1071487177940904, 2.23606797749979
2523, 2, 266, 384, 265, 385, 1, -1, -0.7853981633974483, 1.4142135623730951
2523, 3, 528, 177, 527, 176, 1, 1, 0.7853981633974483, 1.4142135623730951
2523, 10, 607, 211, 606, 210, 1, 1, 0.7853981633974483, 1.4142135623730951
2523, 11, 407, 362, 405, 363, 2, -1, -0.4636476090008061, 2.23606797749979
2523, 12, 389, 253, 389, 255, 0, -2, -1.5707963267948966, 2.0
2523, 20, 582, 327, 581, 326, 1, 1, 0.7853981633974483, 1.4142135623730951
2523, 21, 385, 151, 385, 153, 0, -2, -1.5707963267948966, 2.0
2523, 22, 606, 350, 605, 349, 1, 1, 0.7853981633974483, 1.4142135623730951
2523, 26, 248, 354, 246, 354, 2, 0, 0.0, 2.0
2523, 27, 540, 137, 539, 136, 1, 1, 0.7853981633974483, 1.4142135623730951
2523, 32, 531, 140, 530, 139, 1, 1, 0.7853981633974483, 1.4142135623730951
2524, 1, 330, 328, 329, 329, 1, -1, -0.7853981633974483, 1.4142135623730951
2524, 3, 528, 179, 528, 177, 0, 2, 1.5707963267948966, 2.0
2524, 6, 513, 120, 511, 119, 2, 1, 0.4636476090008061, 2.23606797749979
2524, 10, 608, 212, 607, 211, 1, 1, 0.7853981633974483, 1.4142135623730951
2524, 12, 390, 252, 389, 253, 1, -1, -0.7853981633974483, 1.4142135623730951
2524, 17, 412, 146, 412, 148, 0, -2, -1.5707963267948966, 2.0
2524, 21, 607, 351, 606, 350, 1, 1, 0.7853981633974483, 1.4142135623730951
2524, 24, 313, 353, 312, 354, 1, -1, -0.7853981633974483, 1.4142135623730951
2525, 0, 415, 358, 414, 360, 1, -2, -1.1071487177940904, 2.23606797749979
2525, 2, 269, 387, 268, 388, 1, -1, -0.7853981633974483, 1.4142135623730951
2525, 4, 530, 178, 529, 176, 1, 2, 1.1071487177940904, 2.23606797749979
2525, 17, 389, 154, 389, 156, 0, -2, -1.5707963267948966, 2.0
2525, 19, 434, 291, 431, 291, 3, 0, 0.0, 3.0
2525, 21, 608, 212, 607, 211, 1, 1, 0.7853981633974483, 1.4142135623730951
2525, 27, 586, 328, 584, 328, 2, 0, 0.0, 2.0
2525, 28, 458, 208, 459, 210, -1, -2, -2.0344439357957027, 2.23606797749979
2525, 30, 529, 135, 526, 133, 3, 2, 0.5880026035475675, 3.605551275463989
2525, 35, 474, 153, 473, 155, 1, -2, -1.1071487177940904, 2.23606797749979
2525, 38, 535, 173, 534, 171, 1, 2, 1.1071487177940904, 2.23606797749979
2525, 39, 543, 228, 540, 226, 3, 2, 0.5880026035475675, 3.605551275463989
2525, 43, 470, 117, 468, 117, 2, 0, 0.0, 2.0
2525, 45, 573, 176, 570, 174, 3, 2, 0.5880026035475675, 3.605551275463989
2526, 3, 531, 179, 530, 178, 1, 1, 0.7853981633974483, 1.4142135623730951
2526, 14, 390, 153, 389, 154, 1, -1, -0.7853981633974483, 1.4142135623730951
2526, 23, 589, 328, 586, 328, 3, 0, 0.0, 3.0
2526, 24, 457, 205, 458, 208, -1, -3, -1.892546881191539, 3.1622776601683795
2526, 26, 530, 136, 529, 135, 1, 1, 0.7853981633974483, 1.4142135623730951
2526, 30, 514, 150, 512, 149, 2, 1, 0.4636476090008061, 2.23606797749979
2526, 31, 475, 151, 474, 153, 1, -2, -1.1071487177940904, 2.23606797749979
2526, 34, 536, 175, 535, 173, 1, 2, 1.1071487177940904, 2.23606797749979
2526, 35, 544, 231, 543, 228, 1, 3, 1.2490457723982544, 3.1622776601683795
2526, 39, 473, 117, 470, 117, 3, 0, 0.0, 3.0
2526, 41, 574, 178, 573, 176, 1, 2, 1.1071487177940904, 2.23606797749979
2527, 0, 416, 356, 415, 357, 1, -1, -0.7853981633974483, 1.4142135623730951
2527, 4, 513, 123, 512, 124, 1, -1, -0.7853981633974483, 1.4142135623730951
2527, 8, 413, 147, 413, 149, 0, -2, -1.5707963267948966, 2.0
2527, 10, 390, 151, 390, 153, 0, -2, -1.5707963267948966, 2.0
2527, 12, 610, 213, 609, 212, 1, 1, 0.7853981633974483, 1.4142135623730951
2527, 14, 609, 350, 610, 349, -1, 1, 2.356194490192345, 1.4142135623730951
2527, 17, 592, 328, 589, 328, 3, 0, 0.0, 3.0
2527, 18, 456, 202, 457, 205, -1, -3, -1.892546881191539, 3.1622776601683795
2527, 20, 530, 138, 530, 136, 0, 2, 1.5707963267948966, 2.0
2527, 23, 515, 151, 514, 150, 1, 1, 0.7853981633974483, 1.4142135623730951
2527, 24, 476, 149, 475, 151, 1, -2, -1.1071487177940904, 2.23606797749979
2527, 27, 538, 177, 536, 175, 2, 2, 0.7853981633974483, 2.8284271247461903
2527, 28, 544, 233, 544, 231, 0, 2, 1.5707963267948966, 2.0
2527, 32, 476, 119, 473, 117, 3, 2, 0.5880026035475675, 3.605551275463989
2527, 34, 575, 181, 574, 178, 1, 3, 1.2490457723982544, 3.1622776601683795
2528, 0, 416, 354, 416, 356, 0, -2, -1.5707963267948966, 2.0
2528, 3, 532, 182, 531, 180, 1, 2, 1.1071487177940904, 2.23606797749979
2528, 6, 471, 197, 471, 199, 0, -2, -1.5707963267948966, 2.0
2528, 15, 594, 328, 592, 328, 2, 0, 0.0, 2.0
2528, 16, 455, 200, 456, 202, -1, -2, -2.0344439357957027, 2.23606797749979
2528, 18, 531, 139, 530, 138, 1, 1, 0.7853981633974483, 1.4142135623730951
2528, 22, 477, 148, 476, 149, 1, -1, -0.7853981633974483, 1.4142135623730951
2528, 25, 545, 235, 544, 233, 1, 2, 1.1071487177940904, 2.23606797749979
2528, 29, 479, 120, 476, 119, 3, 1, 0.3217505543966422, 3.1622776601683795
2528, 31, 576, 183, 575, 181, 1, 2, 1.1071487177940904, 2.23606797749979
2529, 4, 441, 144, 440, 145, 1, -1, -0.7853981633974483, 1.4142135623730951
2529, 8, 391, 149, 390, 150, 1, -1, -0.7853981633974483, 1.4142135623730951
2529, 13, 597, 329, 594, 328, 3, 1, 0.3217505543966422, 3.1622776601683795
2529, 14, 455, 197, 455, 200, 0, -3, -1.5707963267948966, 3.0
2529, 19, 516, 152, 515, 151, 1, 1, 0.7853981633974483, 1.4142135623730951
2529, 20, 478, 146, 477, 148, 1, -2, -1.1071487177940904, 2.23606797749979
2529, 27, 480, 121, 479, 120, 1, 1, 0.7853981633974483, 1.4142135623730951
2529, 29, 577, 184, 576, 183, 1, 1, 0.7853981633974483, 1.4142135623730951
2530, 6, 517, 124, 515, 124, 2, 0, 0.0, 2.0
2530, 27, 456, 124, 456, 126, 0, -2, -1.5707963267948966, 2.0
2530, 33, 539, 148, 538, 145, 1, 3, 1.2490457723982544, 3.1622776601683795
2530, 44, 521, 194, 519, 191, 2, 3, 0.982793723247329, 3.605551275463989
2531, 1, 533, 184, 532, 182, 1, 2, 1.1071487177940904, 2.23606797749979
2531, 3, 417, 355, 417, 357, 0, -2, -1.5707963267948966, 2.0
2531, 5, 470, 175, 471, 177, -1, -2, -2.0344439357957027, 2.23606797749979
2531, 6, 518, 123, 517, 124, 1, -1, -0.7853981633974483, 1.4142135623730951
2531, 7, 444, 144, 443, 145, 1, -1, -0.7853981633974483, 1.4142135623730951
2531, 15, 594, 335, 593, 334, 1, 1, 0.7853981633974483, 1.4142135623730951
2531, 18, 416, 147, 415, 148, 1, -1, -0.7853981633974483, 1.4142135623730951
2531, 21, 211, 284, 212, 286, -1, -2, -2.0344439357957027, 2.23606797749979
2531, 27, 402, 196, 401, 197, 1, -1, -0.7853981633974483, 1.4142135623730951
2531, 29, 391, 151, 391, 153, 0, -2, -1.5707963267948966, 2.0
2531, 31, 540, 149, 539, 148, 1, 1, 0.7853981633974483, 1.4142135623730951
2531, 42, 523, 196, 521, 194, 2, 2, 0.7853981633974483, 2.8284271247461903
2531, 47, 491, 148, 489, 149, 2, -1, -0.4636476090008061, 2.23606797749979
2531, 48, 593, 292, 595, 292, -2, 0, 3.141592653589793, 2.0
2532, 3, 418, 353, 417, 355, 1, -2, -1.1071487177940904, 2.23606797749979
2532, 6, 519, 122, 518, 123, 1, -1, -0.7853981633974483, 1.4142135623730951
2532, 8, 625, 295, 627, 295, -2, 0, 3.141592653589793, 2.0
2532, 25, 392, 149, 391, 151, 1, -2, -1.1071487177940904, 2.23606797749979
2532, 27, 537, 146, 540, 149, -3, -3, -2.356194490192345, 4.242640687119285
2532, 38, 524, 197, 523, 196, 1, 1, 0.7853981633974483, 1.4142135623730951
2532, 43, 492, 147, 491, 148, 1, -1, -0.7853981633974483, 1.4142135623730951
2533, 19, 456, 120, 456, 122, 0, -2, -1.5707963267948966, 2.0
2534, 3, 419, 351, 418, 352, 1, -1, -0.7853981633974483, 1.4142135623730951
2534, 5, 521, 124, 519, 123, 2, 1, 0.4636476090008061, 2.23606797749979
2534, 6, 445, 141, 444, 142, 1, -1, -0.7853981633974483, 1.4142135623730951
2534, 14, 417, 143, 416, 145, 1, -2, -1.1071487177940904, 2.23606797749979
2534, 19, 457, 119, 456, 120, 1, -1, -0.7853981633974483, 1.4142135623730951
2534, 21, 400, 196, 401, 195, -1, 1, 2.356194490192345, 1.4142135623730951
2534, 22, 393, 147, 392, 148, 1, -1, -0.7853981633974483, 1.4142135623730951
2534, 25, 536, 141, 534, 142, 2, -1, -0.4636476090008061, 2.23606797749979
2534, 32, 607, 314, 606, 313, 1, 1, 0.7853981633974483, 1.4142135623730951
2534, 35, 578, 305, 577, 304, 1, 1, 0.7853981633974483, 1.4142135623730951
2534, 36, 325, 379, 324, 378, 1, 1, 0.7853981633974483, 1.4142135623730951
2535, 0, 419, 354, 418, 355, 1, -1, -0.7853981633974483, 1.4142135623730951
2535, 6, 445, 142, 445, 144, 0, -2, -1.5707963267948966, 2.0
2535, 9, 387, 173, 388, 175, -1, -2, -2.0344439357957027, 2.23606797749979
2535, 16, 613, 217, 612, 216, 1, 1, 0.7853981633974483, 1.4142135623730951
2535, 25, 391, 147, 391, 149, 0, -2, -1.5707963267948966, 2.0
2535, 37, 493, 148, 492, 149, 1, -1, -0.7853981633974483, 1.4142135623730951
2535, 43, 401, 199, 401, 201, 0, -2, -1.5707963267948966, 2.0
2535, 58, 247, 361, 248, 360, -1, 1, 2.356194490192345, 1.4142135623730951
2535, 62, 517, 159, 516, 158, 1, 1, 0.7853981633974483, 1.4142135623730951
2536, 0, 419, 352, 419, 354, 0, -2, -1.5707963267948966, 2.0
2536, 2, 469, 173, 470, 175, -1, -2, -2.0344439357957027, 2.23606797749979
2536, 5, 446, 141, 445, 142, 1, -1, -0.7853981633974483, 1.4142135623730951
2536, 9, 522, 126, 521, 125, 1, 1, 0.7853981633974483, 1.4142135623730951
2536, 17, 524, 187, 523, 186, 1, 1, 0.7853981633974483, 1.4142135623730951
2536, 23, 287, 364, 286, 363, 1, 1, 0.7853981633974483, 1.4142135623730951
2536, 46, 518, 181, 517, 180, 1, 1, 0.7853981633974483, 1.4142135623730951
2536, 47, 603, 353, 605, 353, -2, 0, 3.141592653589793, 2.0
2536, 49, 223, 296, 225, 297, -2, -1, -2.677945044588987, 2.23606797749979
2537, 0, 420, 351, 419, 352, 1, -1, -0.7853981633974483, 1.4142135623730951
2537, 4, 534, 190, 533, 188, 1, 2, 1.1071487177940904, 2.23606797749979
2537, 6, 270, 386, 269, 387, 1, -1, -0.7853981633974483, 1.4142135623730951
2537, 8, 386, 170, 387, 172, -1, -2, -2.0344439357957027, 2.23606797749979
2537, 9, 524, 126, 522, 126, 2, 0, 0.0, 2.0
2537, 12, 481, 153, 480, 154, 1, -1, -0.7853981633974483, 1.4142135623730951
2537, 16, 253, 338, 252, 339, 1, -1, -0.7853981633974483, 1.4142135623730951
2537, 18, 463, 171, 463, 173, 0, -2, -1.5707963267948966, 2.0
2537, 19, 418, 144, 417, 145, 1, -1, -0.7853981633974483, 1.4142135623730951
2537, 21, 288, 362, 287, 364, 1, -2, -1.1071487177940904, 2.23606797749979
2537, 25, 381, 287, 381, 289, 0, -2, -1.5707963267948966, 2.0
2537, 26, 223, 345, 222, 346, 1, -1, -0.7853981633974483, 1.4142135623730951
2537, 39, 615, 295, 616, 294, -1, 1, 2.356194490192345, 1.4142135623730951
2537, 42, 520, 184, 518, 181, 2, 3, 0.982793723247329, 3.605551275463989
2537, 45, 221, 295, 223, 296, -2, -1, -2.677945044588987, 2.23606797749979
2537, 48, 518, 161, 517, 160, 1, 1, 0.7853981633974483, 1.4142135623730951
2538, 0, 420, 349, 420, 351, 0, -2, -1.5707963267948966, 2.0
2538, 7, 626, 300, 627, 299, -1, 1, 2.356194490192345, 1.4142135623730951
2538, 11, 482, 152, 481, 153, 1, -1, -0.7853981633974483, 1.4142135623730951
2538, 12, 614, 219, 613, 218, 1, 1, 0.7853981633974483, 1.4142135623730951
2538, 15, 525, 189, 524, 188, 1, 1, 0.7853981633974483, 1.4142135623730951
2538, 17, 419, 142, 418, 144, 1, -2, -1.1071487177940904, 2.23606797749979
2538, 18, 392, 144, 391, 145, 1, -1, -0.7853981633974483, 1.4142135623730951
2538, 21, 208, 287, 207, 285, 1, 2, 1.1071487177940904, 2.23606797749979
2538, 22, 381, 285, 381, 287, 0, -2, -1.5707963267948966, 2.0
2538, 32, 430, 126, 431, 128, -1, -2, -2.0344439357957027, 2.23606797749979
2538, 34, 356, 390, 355, 391, 1, -1, -0.7853981633974483, 1.4142135623730951
2538, 39, 521, 187, 520, 184, 1, 3, 1.2490457723982544, 3.1622776601683795
2538, 40, 601, 354, 602, 353, -1, 1, 2.356194490192345, 1.4142135623730951
2538, 41, 578, 308, 579, 307, -1, 1, 2.356194490192345, 1.4142135623730951
2538, 42, 218, 294, 221, 295, -3, -1, -2.819842099193151, 3.1622776601683795
2538, 45, 519, 162, 518, 161, 1, 1, 0.7853981633974483, 1.4142135623730951
2539, 4, 447, 138, 446, 139, 1, -1, -0.7853981633974483, 1.4142135623730951
2539, 5, 271, 384, 270, 385, 1, -1, -0.7853981633974483, 1.4142135623730951
2539, 10, 483, 151, 482, 152, 1, -1, -0.7853981633974483, 1.4142135623730951
2539, 20, 208, 289, 208, 287, 0, 2, 1.5707963267948966, 2.0
2539, 24, 495, 145, 494, 146, 1, -1, -0.7853981633974483, 1.4142135623730951
2539, 26, 581, 238, 582, 237, -1, 1, 2.356194490192345, 1.4142135623730951
2539, 29, 590, 342, 587, 341, 3, 1, 0.3217505543966422, 3.1622776601683795
2539, 37, 523, 189, 521, 187, 2, 2, 0.7853981633974483, 2.8284271247461903
2539, 43, 520, 163, 519, 162, 1, 1, 0.7853981633974483, 1.4142135623730951
2540, 8, 448, 141, 447, 142, 1, -1, -0.7853981633974483, 1.4142135623730951
2540, 11, 526, 128, 524, 127, 2, 1, 0.4636476090008061, 2.23606797749979
2540, 20, 586, 309, 585, 308, 1, 1, 0.7853981633974483, 1.4142135623730951
2540, 24, 395, 146, 394, 147, 1, -1, -0.7853981633974483, 1.4142135623730951
2540, 26, 615, 298, 616, 297, -1, 1, 2.356194490192345, 1.4142135623730951
2540, 28, 593, 343, 592, 342, 1, 1, 0.7853981633974483, 1.4142135623730951
2540, 32, 537, 144, 535, 143, 2, 1, 0.4636476090008061, 2.23606797749979
2540, 38, 411, 347, 410, 349, 1, -2, -1.1071487177940904, 2.23606797749979
2540, 44, 360, 297, 361, 299, -1, -2, -2.0344439357957027, 2.23606797749979
2540, 46, 452, 125, 451, 126, 1, -1, -0.7853981633974483, 1.4142135623730951
2540, 48, 496, 147, 495, 148, 1, -1, -0.7853981633974483, 1.4142135623730951
2540, 50, 359, 392, 358, 393, 1, -1, -0.7853981633974483, 1.4142135623730951
2540, 52, 614, 222, 614, 220, 0, 2, 1.5707963267948966, 2.0
2540, 56, 366, 242, 366, 244, 0, -2, -1.5707963267948966, 2.0
2540, 59, 575, 277, 576, 276, -1, 1, 2.356194490192345, 1.4142135623730951
2541, 0, 422, 351, 421, 352, 1, -1, -0.7853981633974483, 1.4142135623730951
2541, 7, 607, 257, 608, 256, -1, 1, 2.356194490192345, 1.4142135623730951
2541, 8, 485, 155, 483, 155, 2, 0, 0.0, 2.0
2541, 11, 245, 368, 244, 370, 1, -2, -1.1071487177940904, 2.23606797749979
2541, 15, 421, 141, 420, 145, 1, -4, -1.3258176636680326, 4.123105625617661
2541, 24, 248, 364, 250, 364, -2, 0, 3.141592653589793, 2.0
2541, 25, 595, 343, 593, 343, 2, 0, 0.0, 2.0
2541, 27, 633, 322, 631, 323, 2, -1, -0.4636476090008061, 2.23606797749979
2541, 28, 462, 200, 463, 202, -1, -2, -2.0344439357957027, 2.23606797749979
2541, 29, 538, 145, 537, 144, 1, 1, 0.7853981633974483, 1.4142135623730951
2541, 30, 367, 319, 367, 321, 0, -2, -1.5707963267948966, 2.0
2541, 32, 474, 140, 475, 142, -1, -2, -2.0344439357957027, 2.23606797749979
2541, 34, 412, 344, 411, 347, 1, -3, -1.2490457723982544, 3.1622776601683795
2541, 35, 519, 164, 518, 163, 1, 1, 0.7853981633974483, 1.4142135623730951
2541, 43, 497, 146, 496, 147, 1, -1, -0.7853981633974483, 1.4142135623730951
2541, 45, 360, 391, 359, 392, 1, -1, -0.7853981633974483, 1.4142135623730951
2541, 47, 617, 222, 614, 222, 3, 0, 0.0, 3.0
2541, 50, 365, 240, 366, 242, -1, -2, -2.0344439357957027, 2.23606797749979
2541, 51, 325, 352, 324, 353, 1, -1, -0.7853981633974483, 1.4142135623730951
2541, 54, 299, 363, 298, 364, 1, -1, -0.7853981633974483, 1.4142135623730951
2542, 1, 536, 194, 535, 193, 1, 1, 0.7853981633974483, 1.4142135623730951
2542, 3, 471, 173, 471, 175, 0, -2, -1.5707963267948966, 2.0
2542, 5, 449, 139, 448, 140, 1, -1, -0.7853981633974483, 1.4142135623730951
2542, 7, 487, 154, 485, 155, 2, -1, -0.4636476090008061, 2.23606797749979
2542, 15, 587, 311, 586, 310, 1, 1, 0.7853981633974483, 1.4142135623730951
2542, 20, 614, 299, 615, 298, -1, 1, 2.356194490192345, 1.4142135623730951
2542, 22, 597, 344, 595, 343, 2, 1, 0.4636476090008061, 2.23606797749979
2542, 25, 461, 198, 462, 200, -1, -2, -2.0344439357957027, 2.23606797749979
2542, 26, 538, 148, 538, 145, 0, 3, 1.5707963267948966, 3.0
2542, 27, 368, 318, 367, 319, 1, -1, -0.7853981633974483, 1.4142135623730951
2542, 31, 520, 165, 519, 164, 1, 1, 0.7853981633974483, 1.4142135623730951
2542, 34, 359, 294, 360, 296, -1, -2, -2.0344439357957027, 2.23606797749979
2542, 38, 499, 145, 497, 146, 2, -1, -0.4636476090008061, 2.23606797749979
2542, 39, 605, 224, 604, 223, 1, 1, 0.7853981633974483, 1.4142135623730951
2542, 40, 361, 390, 360, 391, 1, -1, -0.7853981633974483, 1.4142135623730951
2542, 47, 575, 280, 575, 278, 0, 2, 1.5707963267948966, 2.0
2543, 1, 536, 196, 536, 194, 0, 2, 1.5707963267948966, 2.0
2543, 7, 488, 153, 487, 154, 1, -1, -0.7853981633974483, 1.4142135623730951
2543, 8, 528, 130, 527, 129, 1, 1, 0.7853981633974483, 1.4142135623730951
2543, 18, 396, 143, 395, 144, 1, -1, -0.7853981633974483, 1.4142135623730951
2543, 20, 613, 300, 614, 299, -1, 1, 2.356194490192345, 1.4142135623730951
2543, 24, 540, 147, 538, 148, 2, -1, -0.4636476090008061, 2.23606797749979
2543, 26, 520, 190, 522, 191, -2, -1, -2.677945044588987, 2.23606797749979
2543, 28, 413, 340, 412, 343, 1, -3, -1.2490457723982544, 3.1622776601683795
2543, 36, 500, 144, 499, 145, 1, -1, -0.7853981633974483, 1.4142135623730951
2543, 38, 362, 389, 361, 390, 1, -1, -0.7853981633974483, 1.4142135623730951
2543, 42, 365, 237, 365, 239, 0, -2, -1.5707963267948966, 2.0
2543, 44, 295, 358, 294, 359, 1, -1, -0.7853981633974483, 1.4142135623730951
2543, 45, 574, 281, 575, 280, -1, 1, 2.356194490192345, 1.4142135623730951
2544, 7, 529, 131, 528, 130, 1, 1, 0.7853981633974483, 1.4142135623730951
2544, 14, 586, 311, 587, 310, -1, 1, 2.356194490192345, 1.4142135623730951
2544, 21, 599, 343, 598, 344, 1, -1, -0.7853981633974483, 1.4142135623730951
2544, 26, 414, 338, 413, 340, 1, -2, -1.1071487177940904, 2.23606797749979
2544, 29, 359, 291, 359, 293, 0, -2, -1.5707963267948966, 2.0
2544, 33, 501, 143, 500, 144, 1, -1, -0.7853981633974483, 1.4142135623730951
2544, 34, 606, 226, 605, 225, 1, 1, 0.7853981633974483, 1.4142135623730951
2544, 40, 326, 350, 325, 351, 1, -1, -0.7853981633974483, 1.4142135623730951
2544, 42, 574, 283, 574, 281, 0, 2, 1.5707963267948966, 2.0
2544, 43, 301, 361, 300, 362, 1, -1, -0.7853981633974483, 1.4142135623730951
2545, 9, 458, 198, 459, 200, -1, -2, -2.0344439357957027, 2.23606797749979
2545, 20, 557, 264, 558, 266, -1, -2, -2.0344439357957027, 2.23606797749979
2545, 21, 397, 144, 396, 145, 1, -1, -0.7853981633974483, 1.4142135623730951
2545, 23, 423, 142, 422, 143, 1, -1, -0.7853981633974483, 1.4142135623730951
2545, 29, 544, 153, 542, 153, 2, 0, 0.0, 2.0
2545, 38, 613, 347, 612, 348, 1, -1, -0.7853981633974483, 1.4142135623730951
2545, 40, 603, 217, 602, 218, 1, -1, -0.7853981633974483, 1.4142135623730951
2545, 41, 451, 118, 451, 120, 0, -2, -1.5707963267948966, 2.0
2545, 42, 551, 161, 550, 160, 1, 1, 0.7853981633974483, 1.4142135623730951
2546, 1, 332, 330, 334, 330, -2, 0, 3.141592653589793, 2.0
2546, 15, 556, 262, 557, 264, -1, -2, -2.0344439357957027, 2.23606797749979
2546, 33, 451, 116, 451, 118, 0, -2, -1.5707963267948966, 2.0
2546, 34, 552, 163, 551, 161, 1, 2, 1.1071487177940904, 2.23606797749979
2547, 6, 531, 133, 530, 131, 1, 2, 1.1071487177940904, 2.23606797749979
2547, 13, 554, 261, 556, 262, -2, -1, -2.677945044588987, 2.23606797749979
2547, 19, 545, 155, 545, 153, 0, 2, 1.5707963267948966, 2.0
2547, 29, 551, 164, 552, 163, -1, 1, 2.356194490192345, 1.4142135623730951
2547, 34, 579, 313, 580, 312, -1, 1, 2.356194490192345, 1.4142135623730951
2548, 6, 532, 134, 531, 133, 1, 1, 0.7853981633974483, 1.4142135623730951
2548, 13, 552, 259, 554, 261, -2, -2, -2.356194490192345, 2.8284271247461903
2548, 15, 424, 139, 423, 140, 1, -1, -0.7853981633974483, 1.4142135623730951
2548, 19, 546, 157, 545, 155, 1, 2, 1.1071487177940904, 2.23606797749979
2548, 28, 452, 113, 451, 115, 1, -2, -1.1071487177940904, 2.23606797749979
2548, 29, 549, 165, 551, 164, -2, 1, 2.677945044588987, 2.23606797749979
2549, 0, 423, 345, 423, 347, 0, -2, -1.5707963267948966, 2.0
2549, 12, 552, 257, 552, 259, 0, -2, -1.5707963267948966, 2.0
2549, 18, 547, 159, 546, 157, 1, 2, 1.1071487177940904, 2.23606797749979
2549, 26, 604, 215, 603, 216, 1, -1, -0.7853981633974483, 1.4142135623730951
2549, 27, 451, 111, 452, 113, -1, -2, -2.0344439357957027, 2.23606797749979
2549, 29, 512, 173, 512, 171, 0, 2, 1.5707963267948966, 2.0
2550, 5, 533, 136, 531, 134, 2, 2, 0.7853981633974483, 2.8284271247461903
2550, 26, 553, 260, 555, 262, -2, -2, -2.356194490192345, 2.8284271247461903
2550, 28, 547, 163, 549, 165, -2, -2, -2.356194490192345, 2.8284271247461903
2550, 29, 400, 144, 399, 146, 1, -2, -1.1071487177940904, 2.23606797749979
2550, 35, 505, 148, 503, 148, 2, 0, 0.0, 2.0
2550, 53, 449, 117, 447, 118, 2, -1, -0.4636476090008061, 2.23606797749979
2550, 64, 465, 117, 464, 118, 1, -1, -0.7853981633974483, 1.4142135623730951
2551, 2, 280, 388, 279, 389, 1, -1, -0.7853981633974483, 1.4142135623730951
2551, 9, 388, 164, 389, 166, -1, -2, -2.0344439357957027, 2.23606797749979
2551, 12, 616, 352, 615, 353, 1, -1, -0.7853981633974483, 1.4142135623730951
2551, 14, 417, 351, 416, 352, 1, -1, -0.7853981633974483, 1.4142135623730951
2551, 20, 596, 338, 598, 338, -2, 0, 3.141592653589793, 2.0
2551, 25, 548, 164, 547, 163, 1, 1, 0.7853981633974483, 1.4142135623730951
2551, 46, 451, 115, 449, 117, 2, -2, -0.7853981633974483, 2.8284271247461903
2552, 1, 540, 203, 539, 201, 1, 2, 1.1071487177940904, 2.23606797749979
2552, 3, 423, 345, 424, 347, -1, -2, -2.0344439357957027, 2.23606797749979
2552, 4, 452, 137, 451, 138, 1, -1, -0.7853981633974483, 1.4142135623730951
2552, 5, 535, 137, 534, 136, 1, 1, 0.7853981633974483, 1.4142135623730951
2552, 12, 424, 139, 424, 141, 0, -2, -1.5707963267948966, 2.0
2552, 13, 417, 349, 417, 351, 0, -2, -1.5707963267948966, 2.0
2552, 23, 546, 164, 548, 164, -2, 0, 3.141592653589793, 2.0
2552, 36, 501, 138, 500, 139, 1, -1, -0.7853981633974483, 1.4142135623730951
2552, 40, 453, 114, 451, 115, 2, -1, -0.4636476090008061, 2.23606797749979
2552, 44, 494, 125, 493, 126, 1, -1, -0.7853981633974483, 1.4142135623730951
2552, 49, 466, 115, 465, 116, 1, -1, -0.7853981633974483, 1.4142135623730951
2553, 1, 541, 204, 540, 203, 1, 1, 0.7853981633974483, 1.4142135623730951
2553, 2, 281, 386, 280, 387, 1, -1, -0.7853981633974483, 1.4142135623730951
2553, 5, 536, 138, 535, 137, 1, 1, 0.7853981633974483, 1.4142135623730951
2553, 7, 387, 161, 388, 163, -1, -2, -2.0344439357957027, 2.23606797749979
2553, 19, 550, 163, 546, 164, 4, -1, -0.24497866312686414, 4.123105625617661
2553, 35, 456, 113, 453, 114, 3, -1, -0.3217505543966422, 3.1622776601683795
2553, 39, 496, 125, 494, 125, 2, 0, 0.0, 2.0
2553, 44, 467, 114, 466, 115, 1, -1, -0.7853981633974483, 1.4142135623730951
2554, 0, 542, 205, 541, 204, 1, 1, 0.7853981633974483, 1.4142135623730951
2554, 3, 453, 135, 452, 136, 1, -1, -0.7853981633974483, 1.4142135623730951
2554, 4, 538, 140, 536, 138, 2, 2, 0.7853981633974483, 2.8284271247461903
2554, 14, 260, 295, 259, 296, 1, -1, -0.7853981633974483, 1.4142135623730951
2554, 15, 598, 337, 596, 337, 2, 0, 0.0, 2.0
2554, 18, 552, 165, 550, 163, 2, 2, 0.7853981633974483, 2.8284271247461903
2554, 31, 500, 138, 501, 137, -1, 1, 2.356194490192345, 1.4142135623730951
2554, 34, 458, 112, 456, 113, 2, -1, -0.4636476090008061, 2.23606797749979
2554, 37, 491, 126, 496, 125, -5, 1, 2.9441970937399127, 5.0990195135927845
2554, 41, 468, 113, 467, 114, 1, -1, -0.7853981633974483, 1.4142135623730951
2555, 6, 537, 139, 536, 138, 1, 1, 0.7853981633974483, 1.4142135623730951
2555, 14, 426, 139, 426, 141, 0, -2, -1.5707963267948966, 2.0
2555, 16, 461, 192, 461, 194, 0, -2, -1.5707963267948966, 2.0
2555, 21, 508, 150, 507, 149, 1, 1, 0.7853981633974483, 1.4142135623730951
2555, 22, 250, 361, 249, 362, 1, -1, -0.7853981633974483, 1.4142135623730951
2555, 34, 457, 199, 459, 202, -2, -3, -2.158798930342464, 3.605551275463989
2555, 36, 602, 337, 599, 338, 3, -1, -0.3217505543966422, 3.1622776601683795
2555, 50, 554, 160, 552, 158, 2, 2, 0.7853981633974483, 2.8284271247461903
2555, 53, 410, 215, 410, 218, 0, -3, -1.5707963267948966, 3.0
2555, 58, 620, 348, 619, 347, 1, 1, 0.7853981633974483, 1.4142135623730951
2556, 0, 424, 345, 425, 347, -1, -2, -2.0344439357957027, 2.23606797749979
2556, 4, 543, 205, 542, 204, 1, 1, 0.7853981633974483, 1.4142135623730951
2556, 6, 538, 140, 537, 139, 1, 1, 0.7853981633974483, 1.4142135623730951
2556, 20, 251, 360, 250, 361, 1, -1, -0.7853981633974483, 1.4142135623730951
2556, 31, 455, 196, 457, 199, -2, -3, -2.158798930342464, 3.605551275463989
2556, 32, 362, 232, 362, 234, 0, -2, -1.5707963267948966, 2.0
2556, 33, 605, 336, 602, 337, 3, -1, -0.3217505543966422, 3.1622776601683795
2556, 40, 371, 313, 371, 315, 0, -2, -1.5707963267948966, 2.0
2556, 47, 554, 162, 554, 160, 0, 2, 1.5707963267948966, 2.0
2556, 50, 410, 211, 410, 215, 0, -4, -1.5707963267948966, 4.0
2556, 51, 549, 155, 547, 154, 2, 1, 0.4636476090008061, 2.23606797749979
2557, 5, 280, 387, 279, 388, 1, -1, -0.7853981633974483, 1.4142135623730951
2557, 6, 539, 141, 538, 140, 1, 1, 0.7853981633974483, 1.4142135623730951
2557, 17, 510, 151, 509, 150, 1, 1, 0.7853981633974483, 1.4142135623730951
2557, 28, 454, 192, 455, 196, -1, -4, -1.8157749899217608, 4.123105625617661
2557, 29, 608, 335, 605, 336, 3, -1, -0.3217505543966422, 3.1622776601683795
2557, 39, 500, 152, 499, 153, 1, -1, -0.7853981633974483, 1.4142135623730951
2557, 41, 555, 163, 554, 162, 1, 1, 0.7853981633974483, 1.4142135623730951
2557, 43, 410, 209, 410, 211, 0, -2, -1.5707963267948966, 2.0
2557, 44, 552, 157, 549, 155, 3, 2, 0.5880026035475675, 3.605551275463989
2557, 45, 498, 130, 498, 132, 0, -2, -1.5707963267948966, 2.0
2558, 9, 628, 348, 629, 347, -1, 1, 2.356194490192345, 1.4142135623730951
2558, 11, 250, 368, 249, 369, 1, -1, -0.7853981633974483, 1.4142135623730951
2558, 15, 511, 152, 510, 151, 1, 1, 0.7853981633974483, 1.4142135623730951
2558, 16, 254, 358, 251, 359, 3, -1, -0.3217505543966422, 3.1622776601683795
2558, 17, 399, 138, 398, 140, 1, -2, -1.1071487177940904, 2.23606797749979
2558, 25, 453, 189, 454, 192, -1, -3, -1.892546881191539, 3.1622776601683795
2558, 26, 611, 334, 608, 335, 3, -1, -0.3217505543966422, 3.1622776601683795
2558, 35, 501, 153, 500, 152, 1, 1, 0.7853981633974483, 1.4142135623730951
2558, 37, 556, 164, 555, 163, 1, 1, 0.7853981633974483, 1.4142135623730951
2558, 39, 410, 207, 410, 209, 0, -2, -1.5707963267948966, 2.0
2558, 40, 554, 159, 552, 157, 2, 2, 0.7853981633974483, 2.8284271247461903
2558, 42, 617, 355, 615, 355, 2, 0, 0.0, 2.0
2559, 2, 468, 169, 470, 169, -2, 0, 3.141592653589793, 2.0
2559, 14, 256, 357, 254, 358, 2, -1, -0.4636476090008061, 2.23606797749979
2559, 23, 613, 333, 611, 334, 2, -1, -0.4636476090008061, 2.23606797749979
2559, 25, 366, 384, 365, 385, 1, -1, -0.7853981633974483, 1.4142135623730951
2559, 33, 557, 166, 556, 164, 1, 2, 1.1071487177940904, 2.23606797749979
2559, 35, 412, 205, 410, 207, 2, -2, -0.7853981633974483, 2.8284271247461903
2559, 36, 554, 161, 554, 159, 0, 2, 1.5707963267948966, 2.0
2559, 38, 619, 355, 617, 355, 2, 0, 0.0, 2.0
2560, 6, 455, 136, 454, 137, 1, -1, -0.7853981633974483, 1.4142135623730951
2560, 15, 611, 338, 609, 338, 2, 0, 0.0, 2.0
2560, 23, 507, 141, 506, 142, 1, -1, -0.7853981633974483, 1.4142135623730951
2560, 26, 401, 139, 400, 140, 1, -1, -0.7853981633974483, 1.4142135623730951
2560, 43, 622, 356, 619, 356, 3, 0, 0.0, 3.0
2560, 44, 254, 258, 255, 257, -1, 1, 2.356194490192345, 1.4142135623730951
2561, 5, 541, 143, 540, 142, 1, 1, 0.7853981633974483, 1.4142135623730951
2561, 19, 388, 160, 389, 162, -1, -2, -2.0344439357957027, 2.23606797749979
2561, 21, 390, 242, 391, 244, -1, -2, -2.0344439357957027, 2.23606797749979
2561, 22, 507, 139, 507, 141, 0, -2, -1.5707963267948966, 2.0
2561, 24, 401, 137, 401, 139, 0, -2, -1.5707963267948966, 2.0
2561, 29, 365, 225, 365, 227, 0, -2, -1.5707963267948966, 2.0
2561, 39, 623, 355, 622, 356, 1, -1, -0.7853981633974483, 1.4142135623730951
2562, 5, 543, 144, 541, 143, 2, 1, 0.4636476090008061, 2.23606797749979
2562, 18, 429, 137, 428, 138, 1, -1, -0.7853981633974483, 1.4142135623730951
2562, 21, 390, 240, 390, 242, 0, -2, -1.5707963267948966, 2.0
2562, 24, 402, 136, 401, 137, 1, -1, -0.7853981633974483, 1.4142135623730951
2562, 38, 625, 355, 623, 355, 2, 0, 0.0, 2.0
2563, 5, 544, 146, 543, 144, 1, 2, 1.1071487177940904, 2.23606797749979
2563, 6, 456, 133, 455, 134, 1, -1, -0.7853981633974483, 1.4142135623730951
2563, 11, 475, 112, 474, 113, 1, -1, -0.7853981633974483, 1.4142135623730951
2563, 18, 388, 157, 388, 159, 0, -2, -1.5707963267948966, 2.0
2563, 20, 390, 238, 390, 240, 0, -2, -1.5707963267948966, 2.0
2563, 32, 262, 338, 261, 339, 1, -1, -0.7853981633974483, 1.4142135623730951
2564, 3, 625, 306, 626, 305, -1, 1, 2.356194490192345, 1.4142135623730951
2564, 4, 546, 147, 544, 146, 2, 1, 0.4636476090008061, 2.23606797749979
2564, 10, 476, 110, 475, 112, 1, -2, -1.1071487177940904, 2.23606797749979
2564, 13, 608, 339, 609, 338, -1, 1, 2.356194490192345, 1.4142135623730951
2564, 30, 367, 382, 367, 384, 0, -2, -1.5707963267948966, 2.0
2564, 31, 243, 327, 242, 328, 1, -1, -0.7853981633974483, 1.4142135623730951
2564, 34, 582, 286, 581, 284, 1, 2, 1.1071487177940904, 2.23606797749979
2565, 1, 468, 170, 469, 172, -1, -2, -2.0344439357957027, 2.23606797749979
2565, 6, 389, 158, 390, 160, -1, -2, -2.0344439357957027, 2.23606797749979
2565, 8, 227, 303, 228, 302, -1, 1, 2.356194490192345, 1.4142135623730951
2565, 16, 563, 178, 562, 177, 1, 1, 0.7853981633974483, 1.4142135623730951
2565, 21, 301, 363, 299, 363, 2, 0, 0.0, 2.0
2565, 31, 629, 352, 628, 354, 1, -2, -1.1071487177940904, 2.23606797749979
2565, 35, 266, 247, 267, 245, -1, 2, 2.0344439357957027, 2.23606797749979
2565, 45, 419, 167, 418, 169, 1, -2, -1.1071487177940904, 2.23606797749979
2565, 46, 478, 149, 477, 150, 1, -1, -0.7853981633974483, 1.4142135623730951
2565, 50, 307, 362, 306, 363, 1, -1, -0.7853981633974483, 1.4142135623730951
2565, 51, 616, 304, 617, 303, -1, 1, 2.356194490192345, 1.4142135623730951
2566, 5, 389, 156, 389, 158, 0, -2, -1.5707963267948966, 2.0
2566, 10, 546, 148, 545, 146, 1, 2, 1.1071487177940904, 2.23606797749979
2566, 12, 381, 280, 380, 281, 1, -1, -0.7853981633974483, 1.4142135623730951
2566, 14, 564, 179, 563, 178, 1, 1, 0.7853981633974483, 1.4142135623730951
2566, 17, 306, 339, 305, 338, 1, 1, 0.7853981633974483, 1.4142135623730951
2566, 19, 302, 362, 301, 363, 1, -1, -0.7853981633974483, 1.4142135623730951
2566, 20, 556, 271, 555, 270, 1, 1, 0.7853981633974483, 1.4142135623730951
2566, 30, 265, 248, 266, 247, -1, 1, 2.356194490192345, 1.4142135623730951
2566, 34, 480, 139, 479, 140, 1, -1, -0.7853981633974483, 1.4142135623730951
2566, 45, 615, 305, 616, 304, -1, 1, 2.356194490192345, 1.4142135623730951
2566, 46, 361, 281, 362, 283, -1, -2, -2.0344439357957027, 2.23606797749979
2567, 4, 289, 389, 287, 390, 2, -1, -0.4636476090008061, 2.23606797749979
2567, 6, 458, 133, 457, 134, 1, -1, -0.7853981633974483, 1.4142135623730951
2567, 7, 225, 304, 226, 303, -1, 1, 2.356194490192345, 1.4142135623730951
2567, 12, 382, 279, 381, 280, 1, -1, -0.7853981633974483, 1.4142135623730951
2567, 14, 565, 182, 564, 179, 1, 3, 1.2490457723982544, 3.1622776601683795
2567, 19, 557, 273, 556, 271, 1, 2, 1.1071487177940904, 2.23606797749979
2567, 38, 481, 149, 479, 149, 2, 0, 0.0, 2.0
2567, 42, 614, 306, 615, 305, -1, 1, 2.356194490192345, 1.4142135623730951
2568, 5, 389, 153, 389, 155, 0, -2, -1.5707963267948966, 2.0
2568, 6, 459, 132, 458, 133, 1, -1, -0.7853981633974483, 1.4142135623730951
2568, 8, 625, 311, 626, 309, -1, 2, 2.0344439357957027, 2.23606797749979
2568, 10, 547, 151, 546, 149, 1, 2, 1.1071487177940904, 2.23606797749979
2568, 16, 307, 338, 306, 339, 1, -1, -0.7853981633974483, 1.4142135623730951
2568, 19, 502, 154, 501, 155, 1, -1, -0.7853981633974483, 1.4142135623730951
2568, 27, 265, 249, 264, 248, 1, 1, 0.7853981633974483, 1.4142135623730951
2569, 9, 548, 152, 547, 151, 1, 1, 0.7853981633974483, 1.4142135623730951
2569, 11, 381, 276, 382, 278, -1, -2, -2.0344439357957027, 2.23606797749979
2569, 13, 564, 184, 565, 183, -1, 1, 2.356194490192345, 1.4142135623730951
2569, 18, 502, 156, 502, 154, 0, 2, 1.5707963267948966, 2.0
2569, 21, 307, 293, 306, 294, 1, -1, -0.7853981633974483, 1.4142135623730951
2569, 24, 630, 350, 629, 351, 1, -1, -0.7853981633974483, 1.4142135623730951
2569, 25, 405, 134, 404, 136, 1, -2, -1.1071487177940904, 2.23606797749979
2569, 37, 361, 277, 361, 279, 0, -2, -1.5707963267948966, 2.0
2570, 5, 469, 169, 469, 171, 0, -2, -1.5707963267948966, 2.0
2570, 10, 548, 152, 547, 150, 1, 2, 1.1071487177940904, 2.23606797749979
2570, 14, 612, 351, 610, 352, 2, -1, -0.4636476090008061, 2.23606797749979
2570, 15, 492, 140, 491, 142, 1, -2, -1.1071487177940904, 2.23606797749979
2570, 27, 225, 303, 227, 304, -2, -1, -2.677945044588987, 2.23606797749979
2570, 29, 422, 207, 422, 209, 0, -2, -1.5707963267948966, 2.0
2570, 33, 308, 357, 307, 358, 1, -1, -0.7853981633974483, 1.4142135623730951
2570, 39, 479, 112, 478, 113, 1, -1, -0.7853981633974483, 1.4142135623730951
2570, 40, 600, 221, 599, 220, 1, 1, 0.7853981633974483, 1.4142135623730951
2571, 2, 546, 213, 546, 211, 0, 2, 1.5707963267948966, 2.0
2571, 4, 469, 166, 469, 169, 0, -3, -1.5707963267948966, 3.0
2571, 5, 291, 389, 290, 390, 1, -1, -0.7853981633974483, 1.4142135623730951
2571, 8, 627, 312, 628, 310, -1, 2, 2.0344439357957027, 2.23606797749979
2571, 10, 390, 154, 390, 156, 0, -2, -1.5707963267948966, 2.0
2571, 13, 614, 351, 612, 351, 2, 0, 0.0, 2.0
2571, 24, 223, 302, 225, 303, -2, -1, -2.677945044588987, 2.23606797749979
2571, 27, 471, 115, 470, 116, 1, -1, -0.7853981633974483, 1.4142135623730951
2571, 31, 433, 135, 432, 136, 1, -1, -0.7853981633974483, 1.4142135623730951
2571, 34, 407, 135, 406, 136, 1, -1, -0.7853981633974483, 1.4142135623730951
2571, 35, 480, 111, 479, 112, 1, -1, -0.7853981633974483, 1.4142135623730951
2571, 36, 601, 222, 600, 221, 1, 1, 0.7853981633974483, 1.4142135623730951
2572, 6, 460, 133, 459, 134, 1, -1, -0.7853981633974483, 1.4142135623730951
2572, 9, 549, 154, 548, 153, 1, 1, 0.7853981633974483, 1.4142135623730951
2572, 11, 618, 344, 617, 345, 1, -1, -0.7853981633974483, 1.4142135623730951
2572, 12, 448, 297, 448, 299, 0, -2, -1.5707963267948966, 2.0
2572, 13, 615, 350, 614, 351, 1, -1, -0.7853981633974483, 1.4142135623730951
2572, 22, 396, 221, 396, 223, 0, -2, -1.5707963267948966, 2.0
2572, 23, 220, 302, 223, 302, -3, 0, 3.141592653589793, 3.0
2573, 6, 550, 156, 549, 154, 1, 2, 1.1071487177940904, 2.23606797749979
2573, 22, 310, 356, 309, 357, 1, -1, -0.7853981633974483, 1.4142135623730951
2573, 23, 434, 133, 433, 134, 1, -1, -0.7853981633974483, 1.4142135623730951
2574, 2, 461, 132, 460, 133, 1, -1, -0.7853981633974483, 1.4142135623730951
2574, 14, 255, 369, 254, 370, 1, -1, -0.7853981633974483, 1.4142135623730951
2574, 19, 472, 112, 471, 113, 1, -1, -0.7853981633974483, 1.4142135623730951
2575, 6, 446, 121, 445, 122, 1, -1, -0.7853981633974483, 1.4142135623730951
2575, 12, 552, 155, 551, 154, 1, 1, 0.7853981633974483, 1.4142135623730951
2575, 13, 267, 260, 268, 259, -1, 1, 2.356194490192345, 1.4142135623730951
2575, 20, 423, 280, 425, 283, -2, -3, -2.158798930342464, 3.605551275463989
2575, 21, 614, 345, 616, 344, -2, 1, 2.677945044588987, 2.23606797749979
2575, 22, 259, 367, 258, 368, 1, -1, -0.7853981633974483, 1.4142135623730951
2575, 26, 435, 136, 434, 137, 1, -1, -0.7853981633974483, 1.4142135623730951
2575, 29, 555, 273, 557, 274, -2, -1, -2.677945044588987, 2.23606797749979
2575, 31, 512, 167, 512, 169, 0, -2, -1.5707963267948966, 2.0
2575, 37, 633, 349, 632, 350, 1, -1, -0.7853981633974483, 1.4142135623730951
2575, 41, 421, 205, 423, 207, -2, -2, -2.356194490192345, 2.8284271247461903
2575, 42, 556, 261, 555, 260, 1, 1, 0.7853981633974483, 1.4142135623730951
2575, 46, 482, 112, 481, 113, 1, -1, -0.7853981633974483, 1.4142135623730951
2575, 47, 601, 298, 603, 299, -2, -1, -2.677945044588987, 2.23606797749979
2575, 50, 600, 225, 601, 224, -1, 1, 2.356194490192345, 1.4142135623730951
2575, 52, 483, 120, 482, 121, 1, -1, -0.7853981633974483, 1.4142135623730951
2576, 11, 553, 156, 552, 155, 1, 1, 0.7853981633974483, 1.4142135623730951
2576, 25, 409, 134, 408, 135, 1, -1, -0.7853981633974483, 1.4142135623730951
2576, 26, 554, 270, 555, 273, -1, -3, -1.892546881191539, 3.1622776601683795
2576, 48, 484, 118, 483, 120, 1, -2, -1.1071487177940904, 2.23606797749979
2577, 4, 469, 165, 469, 167, 0, -2, -1.5707963267948966, 2.0
2577, 5, 464, 134, 463, 135, 1, -1, -0.7853981633974483, 1.4142135623730951
2577, 10, 555, 158, 553, 156, 2, 2, 0.7853981633974483, 2.8284271247461903
2577, 24, 552, 268, 554, 270, -2, -2, -2.356194490192345, 2.8284271247461903
2577, 29, 565, 309, 564, 308, 1, 1, 0.7853981633974483, 1.4142135623730951
2577, 31, 634, 346, 633, 348, 1, -2, -1.1071487177940904, 2.23606797749979
2577, 36, 556, 264, 556, 262, 0, 2, 1.5707963267948966, 2.0
2578, 6, 627, 311, 628, 310, -1, 1, 2.356194490192345, 1.4142135623730951
2578, 9, 557, 160, 555, 158, 2, 2, 0.7853981633974483, 2.8284271247461903
2578, 20, 217, 301, 217, 303, 0, -2, -1.5707963267948966, 2.0
2578, 21, 436, 133, 435, 134, 1, -1, -0.7853981633974483, 1.4142135623730951
2578, 23, 550, 267, 552, 268, -2, -1, -2.677945044588987, 2.23606797749979
2578, 34, 557, 266, 556, 264, 1, 2, 1.1071487177940904, 2.23606797749979
2578, 38, 485, 111, 484, 112, 1, -1, -0.7853981633974483, 1.4142135623730951
2578, 42, 598, 227, 599, 226, -1, 1, 2.356194490192345, 1.4142135623730951
2579, 1, 393, 338, 395, 340, -2, -2, -2.356194490192345, 2.8284271247461903
2579, 3, 295, 387, 294, 388, 1, -1, -0.7853981633974483, 1.4142135623730951
2579, 4, 466, 133, 465, 134, 1, -1, -0.7853981633974483, 1.4142135623730951
2579, 9, 559, 161, 557, 160, 2, 1, 0.4636476090008061, 2.23606797749979
2579, 13, 422, 276, 422, 278, 0, -2, -1.5707963267948966, 2.0
2579, 14, 613, 344, 612, 345, 1, -1, -0.7853981633974483, 1.4142135623730951
2579, 21, 548, 265, 550, 267, -2, -2, -2.356194490192345, 2.8284271247461903
2579, 27, 574, 287, 573, 286, 1, 1, 0.7853981633974483, 1.4142135623730951
2579, 32, 389, 335, 390, 334, -1, 1, 2.356194490192345, 1.4142135623730951
2580, 1, 426, 338, 427, 340, -1, -2, -2.0344439357957027, 2.23606797749979
2580, 2, 295, 389, 294, 390, 1, -1, -0.7853981633974483, 1.4142135623730951
2580, 5, 468, 162, 469, 164, -1, -2, -2.0344439357957027, 2.23606797749979
2580, 7, 469, 134, 465, 135, 4, -1, -0.24497866312686414, 4.123105625617661
2580, 10, 395, 150, 392, 154, 3, -4, -0.9272952180016122, 5.0
2580, 19, 557, 161, 556, 159, 1, 2, 1.1071487177940904, 2.23606797749979
2580, 22, 236, 353, 232, 353, 4, 0, 0.0, 4.0
2580, 24, 522, 169, 522, 167, 0, 2, 1.5707963267948966, 2.0
2580, 28, 611, 345, 610, 346, 1, -1, -0.7853981633974483, 1.4142135623730951
2580, 30, 609, 269, 608, 266, 1, 3, 1.2490457723982544, 3.1622776601683795
2580, 31, 460, 167, 461, 169, -1, -2, -2.0344439357957027, 2.23606797749979
2581, 2, 467, 160, 468, 162, -1, -2, -2.0344439357957027, 2.23606797749979
2581, 4, 470, 133, 469, 134, 1, -1, -0.7853981633974483, 1.4142135623730951
2581, 14, 558, 163, 557, 161, 1, 2, 1.1071487177940904, 2.23606797749979
2581, 21, 574, 289, 574, 287, 0, 2, 1.5707963267948966, 2.0
2581, 23, 613, 343, 611, 345, 2, -2, -0.7853981633974483, 2.8284271247461903
2581, 26, 460, 164, 460, 167, 0, -3, -1.5707963267948966, 3.0
2582, 2, 468, 159, 467, 160, 1, -1, -0.7853981633974483, 1.4142135623730951
2582, 4, 471, 132, 470, 133, 1, -1, -0.7853981633974483, 1.4142135623730951
2582, 16, 488, 111, 487, 112, 1, -1, -0.7853981633974483, 1.4142135623730951
2582, 19, 575, 290, 574, 289, 1, 1, 0.7853981633974483, 1.4142135623730951
2582, 20, 615, 342, 613, 343, 2, -1, -0.4636476090008061, 2.23606797749979
2582, 23, 460, 159, 460, 164, 0, -5, -1.5707963267948966, 5.0
2582, 24, 370, 303, 371, 305, -1, -2, -2.0344439357957027, 2.23606797749979
2583, 2, 468, 157, 468, 159, 0, -2, -1.5707963267948966, 2.0
2583, 4, 472, 131, 471, 132, 1, -1, -0.7853981633974483, 1.4142135623730951
2583, 8, 423, 201, 423, 203, 0, -2, -1.5707963267948966, 2.0
2583, 11, 558, 166, 558, 164, 0, 2, 1.5707963267948966, 2.0
2583, 15, 492, 112, 488, 111, 4, 1, 0.24497866312686414, 4.123105625617661
2583, 16, 523, 172, 522, 171, 1, 1, 0.7853981633974483, 1.4142135623730951
2583, 17, 267, 341, 266, 343, 1, -2, -1.1071487177940904, 2.23606797749979
2583, 18, 576, 291, 575, 290, 1, 1, 0.7853981633974483, 1.4142135623730951
2583, 19, 618, 341, 615, 342, 3, -1, -0.3217505543966422, 3.1622776601683795
2583, 22, 459, 157, 460, 159, -1, -2, -2.0344439357957027, 2.23606797749979
2584, 0, 297, 387, 296, 388, 1, -1, -0.7853981633974483, 1.4142135623730951
2584, 2, 468, 155, 468, 157, 0, -2, -1.5707963267948966, 2.0
2584, 8, 435, 277, 434, 278, 1, -1, -0.7853981633974483, 1.4142135623730951
2584, 17, 621, 340, 618, 341, 3, -1, -0.3217505543966422, 3.1622776601683795
2584, 20, 455, 155, 459, 157, -4, -2, -2.677945044588987, 4.47213595499958
2585, 13, 623, 342, 620, 343, 3, -1, -0.3217505543966422, 3.1622776601683795
2585, 14, 435, 280, 435, 282, 0, -2, -1.5707963267948966, 2.0
2585, 15, 559, 165, 558, 163, 1, 2, 1.1071487177940904, 2.23606797749979
2585, 18, 525, 173, 524, 171, 1, 2, 1.1071487177940904, 2.23606797749979
2585, 35, 430, 137, 429, 138, 1, -1, -0.7853981633974483, 1.4142135623730951
2585, 36, 547, 262, 549, 263, -2, -1, -2.677945044588987, 2.23606797749979
2585, 38, 354, 371, 353, 372, 1, -1, -0.7853981633974483, 1.4142135623730951
2585, 45, 481, 112, 479, 111, 2, 1, 0.4636476090008061, 2.23606797749979
2586, 6, 395, 149, 395, 151, 0, -2, -1.5707963267948966, 2.0
2586, 10, 260, 372, 259, 373, 1, -1, -0.7853981633974483, 1.4142135623730951
2586, 11, 448, 115, 447, 116, 1, -1, -0.7853981633974483, 1.4142135623730951
2586, 13, 626, 342, 623, 342, 3, 0, 0.0, 3.0
2586, 14, 560, 167, 559, 165, 1, 2, 1.1071487177940904, 2.23606797749979
2586, 15, 439, 133, 438, 134, 1, -1, -0.7853981633974483, 1.4142135623730951
2586, 27, 573, 191, 572, 190, 1, 1, 0.7853981633974483, 1.4142135623730951
2586, 32, 431, 135, 430, 137, 1, -2, -1.1071487177940904, 2.23606797749979
2586, 35, 355, 369, 354, 371, 1, -2, -1.1071487177940904, 2.23606797749979
2586, 47, 379, 377, 378, 378, 1, -1, -0.7853981633974483, 1.4142135623730951
2587, 6, 395, 147, 395, 149, 0, -2, -1.5707963267948966, 2.0
2587, 7, 472, 134, 471, 135, 1, -1, -0.7853981633974483, 1.4142135623730951
2587, 12, 628, 343, 626, 342, 2, 1, 0.4636476090008061, 2.23606797749979
2587, 13, 563, 170, 560, 167, 3, 3, 0.7853981633974483, 4.242640687119285
2587, 24, 568, 180, 565, 179, 3, 1, 0.3217505543966422, 3.1622776601683795
2587, 28, 433, 134, 431, 135, 2, -1, -0.4636476090008061, 2.23606797749979
2587, 33, 492, 113, 491, 114, 1, -1, -0.7853981633974483, 1.4142135623730951
2587, 37, 482, 110, 482, 112, 0, -2, -1.5707963267948966, 2.0
2588, 4, 340, 328, 341, 330, -1, -2, -2.0344439357957027, 2.23606797749979
2588, 7, 473, 133, 472, 134, 1, -1, -0.7853981633974483, 1.4142135623730951
2588, 24, 571, 182, 568, 180, 3, 2, 0.5880026035475675, 3.605551275463989
2588, 26, 521, 139, 520, 140, 1, -1, -0.7853981633974483, 1.4142135623730951
2588, 27, 434, 133, 433, 134, 1, -1, -0.7853981633974483, 1.4142135623730951
2588, 30, 355, 366, 355, 368, 0, -2, -1.5707963267948966, 2.0
2588, 32, 493, 114, 492, 113, 1, 1, 0.7853981633974483, 1.4142135623730951
2588, 37, 610, 255, 610, 257, 0, -2, -1.5707963267948966, 2.0
2589, 3, 470, 155, 470, 157, 0, -2, -1.5707963267948966, 2.0
2589, 6, 394, 145, 394, 147, 0, -2, -1.5707963267948966, 2.0
2589, 22, 470, 183, 470, 185, 0, -2, -1.5707963267948966, 2.0
2589, 24, 572, 184, 571, 182, 1, 2, 1.1071487177940904, 2.23606797749979
2590, 2, 309, 270, 310, 269, -1, 1, 2.356194490192345, 1.4142135623730951
2590, 7, 472, 158, 471, 159, 1, -1, -0.7853981633974483, 1.4142135623730951
2590, 11, 562, 170, 561, 169, 1, 1, 0.7853981633974483, 1.4142135623730951
2590, 20, 399, 215, 399, 217, 0, -2, -1.5707963267948966, 2.0
2590, 33, 218, 306, 220, 307, -2, -1, -2.677945044588987, 2.23606797749979
2590, 34, 263, 364, 262, 365, 1, -1, -0.7853981633974483, 1.4142135623730951
2590, 41, 529, 148, 528, 147, 1, 1, 0.7853981633974483, 1.4142135623730951
2590, 42, 251, 261, 252, 263, -1, -2, -2.0344439357957027, 2.23606797749979
2590, 46, 573, 184, 571, 183, 2, 1, 0.4636476090008061, 2.23606797749979
2591, 2, 310, 269, 309, 270, 1, -1, -0.7853981633974483, 1.4142135623730951
2591, 6, 474, 132, 473, 133, 1, -1, -0.7853981633974483, 1.4142135623730951
2591, 14, 406, 175, 406, 177, 0, -2, -1.5707963267948966, 2.0
2591, 23, 416, 130, 415, 131, 1, -1, -0.7853981633974483, 1.4142135623730951
2591, 37, 530, 150, 529, 148, 1, 2, 1.1071487177940904, 2.23606797749979
2591, 42, 574, 186, 573, 184, 1, 2, 1.1071487177940904, 2.23606797749979
2592, 5, 298, 389, 297, 390, 1, -1, -0.7853981633974483, 1.4142135623730951
2592, 7, 473, 156, 472, 157, 1, -1, -0.7853981633974483, 1.4142135623730951
2592, 9, 631, 320, 632, 319, -1, 1, 2.356194490192345, 1.4142135623730951
2592, 13, 441, 129, 440, 130, 1, -1, -0.7853981633974483, 1.4142135623730951
2592, 18, 399, 212, 399, 214, 0, -2, -1.5707963267948966, 2.0
2592, 28, 265, 362, 263, 363, 2, -1, -0.4636476090008061, 2.23606797749979
2592, 35, 531, 152, 530, 150, 1, 2, 1.1071487177940904, 2.23606797749979
2592, 38, 326, 334, 325, 335, 1, -1, -0.7853981633974483, 1.4142135623730951
2592, 40, 574, 188, 574, 186, 0, 2, 1.5707963267948966, 2.0
2593, 10, 262, 370, 261, 371, 1, -1, -0.7853981633974483, 1.4142135623730951
2593, 11, 563, 174, 562, 172, 1, 2, 1.1071487177940904, 2.23606797749979
2593, 12, 441, 127, 441, 129, 0, -2, -1.5707963267948966, 2.0
2593, 20, 417, 127, 416, 129, 1, -2, -1.1071487177940904, 2.23606797749979
2593, 26, 267, 361, 265, 362, 2, -1, -0.4636476090008061, 2.23606797749979
2593, 33, 532, 154, 531, 152, 1, 2, 1.1071487177940904, 2.23606797749979
2594, 5, 476, 130, 475, 131, 1, -1, -0.7853981633974483, 1.4142135623730951
2594, 7, 509, 179, 509, 177, 0, 2, 1.5707963267948966, 2.0
2594, 10, 565, 174, 563, 174, 2, 0, 0.0, 2.0
2594, 11, 442, 126, 441, 127, 1, -1, -0.7853981633974483, 1.4142135623730951
2594, 12, 404, 174, 406, 173, -2, 1, 2.677945044588987, 2.23606797749979
2594, 13, 425, 278, 424, 279, 1, -1, -0.7853981633974483, 1.4142135623730951
2594, 25, 269, 361, 267, 361, 2, 0, 0.0, 2.0
2594, 29, 608, 271, 607, 270, 1, 1, 0.7853981633974483, 1.4142135623730951
2595, 0, 548, 220, 549, 219, -1, 1, 2.356194490192345, 1.4142135623730951
2595, 3, 475, 157, 474, 158, 1, -1, -0.7853981633974483, 1.4142135623730951
2595, 5, 478, 132, 477, 133, 1, -1, -0.7853981633974483, 1.4142135623730951
2595, 6, 301, 390, 300, 391, 1, -1, -0.7853981633974483, 1.4142135623730951
2595, 8, 635, 321, 634, 320, 1, 1, 0.7853981633974483, 1.4142135623730951
2595, 9, 511, 181, 511, 179, 0, 2, 1.5707963267948966, 2.0
2595, 10, 398, 146, 397, 148, 1, -2, -1.1071487177940904, 2.23606797749979
2595, 11, 566, 174, 565, 173, 1, 1, 0.7853981633974483, 1.4142135623730951
2595, 19, 508, 148, 505, 146, 3, 2, 0.5880026035475675, 3.605551275463989
2595, 21, 626, 355, 624, 355, 2, 0, 0.0, 2.0
2595, 23, 285, 348, 286, 347, -1, 1, 2.356194490192345, 1.4142135623730951
2595, 26, 503, 137, 503, 139, 0, -2, -1.5707963267948966, 2.0
2595, 30, 443, 128, 443, 130, 0, -2, -1.5707963267948966, 2.0
2595, 33, 418, 129, 417, 130, 1, -1, -0.7853981633974483, 1.4142135623730951
2595, 35, 531, 150, 529, 148, 2, 2, 0.7853981633974483, 2.8284271247461903
2595, 36, 575, 191, 574, 192, 1, -1, -0.7853981633974483, 1.4142135623730951
2595, 44, 383, 374, 382, 375, 1, -1, -0.7853981633974483, 1.4142135623730951
2595, 52, 625, 339, 624, 338, 1, 1, 0.7853981633974483, 1.4142135623730951
2595, 53, 332, 334, 333, 333, -1, 1, 2.356194490192345, 1.4142135623730951
2595, 55, 555, 283, 554, 280, 1, 3, 1.2490457723982544, 3.1622776601683795
2595, 59, 421, 211, 420, 212, 1, -1, -0.7853981633974483, 1.4142135623730951
2595, 65, 263, 253, 264, 252, -1, 1, 2.356194490192345, 1.4142135623730951
2595, 66, 398, 191, 397, 194, 1, -3, -1.2490457723982544, 3.1622776601683795
2596, 4, 479, 131, 478, 132, 1, -1, -0.7853981633974483, 1.4142135623730951
2596, 8, 511, 185, 511, 181, 0, 4, 1.5707963267948966, 4.0
2596, 16, 511, 149, 508, 148, 3, 1, 0.3217505543966422, 3.1622776601683795
2596, 18, 628, 355, 626, 355, 2, 0, 0.0, 2.0
2596, 21, 265, 345, 264, 346, 1, -1, -0.7853981633974483, 1.4142135623730951
2596, 24, 390, 230, 390, 232, 0, -2, -1.5707963267948966, 2.0
2596, 26, 444, 127, 443, 128, 1, -1, -0.7853981633974483, 1.4142135623730951
2596, 31, 532, 152, 531, 150, 1, 2, 1.1071487177940904, 2.23606797749979
2596, 38, 237, 354, 236, 353, 1, 1, 0.7853981633974483, 1.4142135623730951
2596, 39, 314, 363, 312, 363, 2, 0, 0.0, 2.0
2596, 46, 582, 201, 580, 200, 2, 1, 0.4636476090008061, 2.23606797749979
2596, 50, 556, 285, 555, 283, 1, 2, 1.1071487177940904, 2.23606797749979
2596, 53, 422, 210, 421, 211, 1, -1, -0.7853981633974483, 1.4142135623730951
2596, 59, 262, 255, 263, 253, -1, 2, 2.0344439357957027, 2.23606797749979
2596, 60, 401, 188, 398, 191, 3, -3, -0.7853981633974483, 4.242640687119285
2597, 7, 512, 189, 511, 185, 1, 4, 1.3258176636680326, 4.123105625617661
2597, 9, 567, 176, 566, 175, 1, 1, 0.7853981633974483, 1.4142135623730951
2597, 10, 228, 311, 228, 309, 0, 2, 1.5707963267948966, 2.0
2597, 11, 631, 348, 630, 349, 1, -1, -0.7853981633974483, 1.4142135623730951
2597, 15, 513, 149, 511, 149, 2, 0, 0.0, 2.0
2597, 17, 630, 355, 628, 355, 2, 0, 0.0, 2.0
2597, 19, 287, 348, 285, 349, 2, -1, -0.4636476090008061, 2.23606797749979
2597, 22, 503, 134, 503, 136, 0, -2, -1.5707963267948966, 2.0
2597, 30, 534, 154, 532, 152, 2, 2, 0.7853981633974483, 2.8284271247461903
2597, 38, 384, 372, 383, 373, 1, -1, -0.7853981633974483, 1.4142135623730951
2597, 40, 382, 270, 381, 271, 1, -1, -0.7853981633974483, 1.4142135623730951
2597, 46, 329, 334, 331, 334, -2, 0, 3.141592653589793, 2.0
2597, 57, 400, 186, 401, 188, -1, -2, -2.0344439357957027, 2.23606797749979
2598, 2, 476, 154, 475, 155, 1, -1, -0.7853981633974483, 1.4142135623730951
2598, 3, 481, 130, 480, 131, 1, -1, -0.7853981633974483, 1.4142135623730951
2598, 4, 303, 389, 302, 390, 1, -1, -0.7853981633974483, 1.4142135623730951
2598, 7, 512, 192, 512, 189, 0, 3, 1.5707963267948966, 3.0
2598, 9, 568, 177, 567, 176, 1, 1, 0.7853981633974483, 1.4142135623730951
2598, 10, 227, 312, 228, 311, -1, 1, 2.356194490192345, 1.4142135623730951
2598, 11, 632, 347, 631, 348, 1, -1, -0.7853981633974483, 1.4142135623730951
2598, 13, 465, 119, 464, 120, 1, -1, -0.7853981633974483, 1.4142135623730951
2598, 15, 315, 343, 313, 342, 2, 1, 0.4636476090008061, 2.23606797749979
2598, 16, 631, 354, 630, 355, 1, -1, -0.7853981633974483, 1.4142135623730951
2598, 23, 445, 125, 444, 126, 1, -1, -0.7853981633974483, 1.4142135623730951
2598, 24, 530, 183, 529, 181, 1, 2, 1.1071487177940904, 2.23606797749979
2598, 28, 535, 155, 534, 154, 1, 1, 0.7853981633974483, 1.4142135623730951
2598, 29, 576, 192, 575, 191, 1, 1, 0.7853981633974483, 1.4142135623730951
2598, 32, 427, 156, 427, 158, 0, -2, -1.5707963267948966, 2.0
2598, 42, 581, 203, 582, 202, -1, 1, 2.356194490192345, 1.4142135623730951
2598, 44, 327, 335, 329, 334, -2, 1, 2.677945044588987, 2.23606797749979
2598, 49, 423, 208, 422, 209, 1, -1, -0.7853981633974483, 1.4142135623730951
2598, 55, 399, 183, 400, 186, -1, -3, -1.892546881191539, 3.1622776601683795
2599, 3, 482, 129, 481, 130, 1, -1, -0.7853981633974483, 1.4142135623730951
2599, 4, 304, 390, 303, 389, 1, 1, 0.7853981633974483, 1.4142135623730951
2599, 8, 398, 141, 398, 143, 0, -2, -1.5707963267948966, 2.0
2599, 9, 569, 178, 568, 177, 1, 1, 0.7853981633974483, 1.4142135623730951
2599, 14, 516, 149, 514, 149, 2, 0, 0.0, 2.0
2599, 16, 632, 353, 631, 354, 1, -1, -0.7853981633974483, 1.4142135623730951
2599, 17, 289, 349, 287, 349, 2, 0, 0.0, 2.0
2599, 19, 502, 114, 501, 115, 1, -1, -0.7853981633974483, 1.4142135623730951
2599, 23, 531, 184, 530, 183, 1, 1, 0.7853981633974483, 1.4142135623730951
2599, 25, 420, 126, 419, 127, 1, -1, -0.7853981633974483, 1.4142135623730951
2599, 26, 592, 330, 590, 330, 2, 0, 0.0, 2.0
2599, 27, 537, 156, 535, 155, 2, 1, 0.4636476090008061, 2.23606797749979
2599, 28, 577, 193, 576, 192, 1, 1, 0.7853981633974483, 1.4142135623730951
2599, 34, 385, 370, 384, 371, 1, -1, -0.7853981633974483, 1.4142135623730951
2599, 36, 382, 267, 382, 269, 0, -2, -1.5707963267948966, 2.0
2599, 48, 458, 117, 457, 118, 1, -1, -0.7853981633974483, 1.4142135623730951
2600, 5, 478, 155, 477, 156, 1, -1, -0.7853981633974483, 1.4142135623730951
2600, 7, 635, 323, 637, 323, -2, 0, 3.141592653589793, 2.0
2600, 8, 482, 132, 481, 133, 1, -1, -0.7853981633974483, 1.4142135623730951
2600, 16, 570, 179, 569, 177, 1, 2, 1.1071487177940904, 2.23606797749979
2600, 17, 610, 277, 611, 276, -1, 1, 2.356194490192345, 1.4142135623730951
2600, 19, 502, 114, 501, 115, 1, -1, -0.7853981633974483, 1.4142135623730951
2600, 21, 518, 189, 517, 188, 1, 1, 0.7853981633974483, 1.4142135623730951
2600, 33, 427, 276, 427, 278, 0, -2, -1.5707963267948966, 2.0
2600, 40, 318, 342, 317, 343, 1, -1, -0.7853981633974483, 1.4142135623730951
2600, 46, 455, 119, 451, 119, 4, 0, 0.0, 4.0
2600, 49, 532, 183, 531, 182, 1, 1, 0.7853981633974483, 1.4142135623730951
2600, 53, 459, 185, 460, 187, -1, -2, -2.0344439357957027, 2.23606797749979
2601, 2, 425, 333, 426, 335, -1, -2, -2.0344439357957027, 2.23606797749979
2601, 4, 479, 154, 478, 155, 1, -1, -0.7853981633974483, 1.4142135623730951
2601, 8, 400, 143, 399, 144, 1, -1, -0.7853981633974483, 1.4142135623730951
2601, 13, 571, 180, 570, 179, 1, 1, 0.7853981633974483, 1.4142135623730951
2601, 18, 519, 191, 518, 189, 1, 2, 1.1071487177940904, 2.23606797749979
2601, 21, 515, 150, 514, 151, 1, -1, -0.7853981633974483, 1.4142135623730951
2601, 27, 382, 266, 383, 268, -1, -2, -2.0344439357957027, 2.23606797749979
2601, 30, 427, 274, 427, 276, 0, -2, -1.5707963267948966, 2.0
2601, 32, 505, 135, 504, 137, 1, -2, -1.1071487177940904, 2.23606797749979
2601, 33, 491, 118, 490, 119, 1, -1, -0.7853981633974483, 1.4142135623730951
2601, 35, 319, 358, 318, 359, 1, -1, -0.7853981633974483, 1.4142135623730951
2601, 36, 319, 341, 318, 342, 1, -1, -0.7853981633974483, 1.4142135623730951
2601, 37, 419, 127, 418, 128, 1, -1, -0.7853981633974483, 1.4142135623730951
2601, 42, 458, 120, 455, 119, 3, 1, 0.3217505543966422, 3.1622776601683795
2601, 46, 598, 328, 596, 328, 2, 0, 0.0, 2.0
2601, 49, 458, 183, 459, 185, -1, -2, -2.0344439357957027, 2.23606797749979
2602, 7, 484, 131, 482, 132, 2, -1, -0.4636476090008061, 2.23606797749979
2602, 8, 401, 142, 400, 143, 1, -1, -0.7853981633974483, 1.4142135623730951
2602, 9, 226, 313, 228, 313, -2, 0, 3.141592653589793, 2.0
2602, 16, 504, 115, 503, 114, 1, 1, 0.7853981633974483, 1.4142135623730951
2602, 29, 427, 272, 427, 274, 0, -2, -1.5707963267948966, 2.0
2602, 31, 507, 135, 505, 135, 2, 0, 0.0, 2.0
2602, 46, 579, 197, 578, 195, 1, 2, 1.1071487177940904, 2.23606797749979
2603, 3, 479, 151, 479, 153, 0, -2, -1.5707963267948966, 2.0
2603, 6, 485, 130, 484, 131, 1, -1, -0.7853981633974483, 1.4142135623730951
2603, 8, 224, 312, 226, 313, -2, -1, -2.677945044588987, 2.23606797749979
2603, 12, 572, 182, 571, 181, 1, 1, 0.7853981633974483, 1.4142135623730951
2603, 17, 244, 311, 243, 312, 1, -1, -0.7853981633974483, 1.4142135623730951
2603, 24, 383, 266, 382, 265, 1, 1, 0.7853981633974483, 1.4142135623730951
2603, 28, 508, 136, 507, 135, 1, 1, 0.7853981633974483, 1.4142135623730951
2603, 33, 420, 125, 419, 126, 1, -1, -0.7853981633974483, 1.4142135623730951
2603, 37, 328, 333, 327, 334, 1, -1, -0.7853981633974483, 1.4142135623730951
2603, 38, 460, 118, 458, 119, 2, -1, -0.4636476090008061, 2.23606797749979
2603, 41, 531, 185, 532, 184, -1, 1, 2.356194490192345, 1.4142135623730951
2603, 42, 601, 328, 599, 328, 2, 0, 0.0, 2.0
2603, 43, 580, 198, 579, 197, 1, 1, 0.7853981633974483, 1.4142135623730951
2604, 2, 548, 223, 549, 222, -1, 1, 2.356194490192345, 1.4142135623730951
2604, 3, 480, 150, 479, 151, 1, -1, -0.7853981633974483, 1.4142135623730951
2604, 8, 222, 311, 224, 312, -2, -1, -2.677945044588987, 2.23606797749979
2604, 20, 218, 271, 220, 272, -2, -1, -2.677945044588987, 2.23606797749979
2604, 24, 301, 340, 300, 341, 1, -1, -0.7853981633974483, 1.4142135623730951
2604, 27, 511, 137, 508, 136, 3, 1, 0.3217505543966422, 3.1622776601683795
2604, 34, 386, 367, 385, 369, 1, -2, -1.1071487177940904, 2.23606797749979
2604, 35, 329, 332, 328, 333, 1, -1, -0.7853981633974483, 1.4142135623730951
2604, 40, 603, 330, 601, 328, 2, 2, 0.7853981633974483, 2.8284271247461903
2605, 6, 466, 116, 465, 117, 1, -1, -0.7853981633974483, 1.4142135623730951
2605, 11, 573, 182, 572, 181, 1, 1, 0.7853981633974483, 1.4142135623730951
2605, 18, 506, 117, 505, 116, 1, 1, 0.7853981633974483, 1.4142135623730951
2605, 20, 423, 127, 422, 128, 1, -1, -0.7853981633974483, 1.4142135623730951
2605, 23, 502, 127, 500, 127, 2, 0, 0.0, 2.0
2605, 27, 373, 206, 373, 208, 0, -2, -1.5707963267948966, 2.0
2606, 4, 481, 154, 480, 155, 1, -1, -0.7853981633974483, 1.4142135623730951
2606, 11, 267, 267, 269, 267, -2, 0, 3.141592653589793, 2.0
2606, 18, 275, 343, 274, 344, 1, -1, -0.7853981633974483, 1.4142135623730951
2606, 20, 538, 165, 538, 163, 0, 2, 1.5707963267948966, 2.0
2607, 2, 311, 392, 310, 393, 1, -1, -0.7853981633974483, 1.4142135623730951
2607, 9, 574, 184, 573, 183, 1, 1, 0.7853981633974483, 1.4142135623730951
2607, 18, 539, 167, 538, 165, 1, 2, 1.1071487177940904, 2.23606797749979
2607, 19, 504, 126, 503, 127, 1, -1, -0.7853981633974483, 1.4142135623730951
2607, 26, 251, 337, 252, 336, -1, 1, 2.356194490192345, 1.4142135623730951
2607, 28, 533, 191, 533, 189, 0, 2, 1.5707963267948966, 2.0
2608, 3, 482, 151, 481, 153, 1, -2, -1.1071487177940904, 2.23606797749979
2608, 7, 488, 131, 487, 132, 1, -1, -0.7853981633974483, 1.4142135623730951
2608, 8, 269, 373, 268, 374, 1, -1, -0.7853981633974483, 1.4142135623730951
2608, 14, 508, 118, 507, 117, 1, 1, 0.7853981633974483, 1.4142135623730951
2608, 22, 362, 259, 362, 261, 0, -2, -1.5707963267948966, 2.0
2609, 3, 484, 150, 482, 151, 2, -1, -0.4636476090008061, 2.23606797749979
2609, 4, 467, 114, 466, 115, 1, -1, -0.7853981633974483, 1.4142135623730951
2609, 5, 402, 139, 402, 141, 0, -2, -1.5707963267948966, 2.0
2609, 9, 575, 185, 574, 184, 1, 1, 0.7853981633974483, 1.4142135623730951
2609, 12, 631, 349, 630, 350, 1, -1, -0.7853981633974483, 1.4142135623730951
2609, 16, 449, 122, 448, 123, 1, -1, -0.7853981633974483, 1.4142135623730951
2609, 23, 389, 366, 388, 367, 1, -1, -0.7853981633974483, 1.4142135623730951
2609, 25, 394, 341, 393, 342, 1, -1, -0.7853981633974483, 1.4142135623730951
2610, 3, 313, 392, 312, 393, 1, -1, -0.7853981633974483, 1.4142135623730951
2610, 4, 484, 153, 483, 154, 1, -1, -0.7853981633974483, 1.4142135623730951
2610, 7, 490, 133, 488, 133, 2, 0, 0.0, 2.0
2610, 8, 575, 186, 574, 185, 1, 1, 0.7853981633974483, 1.4142135623730951
2610, 11, 631, 348, 630, 349, 1, -1, -0.7853981633974483, 1.4142135623730951
2610, 12, 243, 318, 243, 320, 0, -2, -1.5707963267948966, 2.0
2610, 21, 274, 370, 273, 371, 1, -1, -0.7853981633974483, 1.4142135623730951
2610, 26, 471, 121, 470, 122, 1, -1, -0.7853981633974483, 1.4142135623730951
2610, 30, 227, 276, 226, 275, 1, 1, 0.7853981633974483, 1.4142135623730951
2610, 31, 460, 176, 461, 178, -1, -2, -2.0344439357957027, 2.23606797749979
2610, 39, 416, 203, 416, 205, 0, -2, -1.5707963267948966, 2.0
2610, 42, 458, 184, 459, 187, -1, -3, -1.892546881191539, 3.1622776601683795
2610, 45, 497, 114, 494, 114, 3, 0, 0.0, 3.0
2610, 50, 534, 267, 532, 265, 2, 2, 0.7853981633974483, 2.8284271247461903
2610, 54, 426, 279, 427, 281, -1, -2, -2.0344439357957027, 2.23606797749979
2611, 10, 633, 349, 631, 348, 2, 1, 0.4636476090008061, 2.23606797749979
2611, 18, 273, 371, 274, 370, -1, 1, 2.356194490192345, 1.4142135623730951
2611, 22, 270, 375, 269, 377, 1, -2, -1.1071487177940904, 2.23606797749979
2611, 25, 452, 122, 450, 125, 2, -3, -0.982793723247329, 3.605551275463989
2611, 28, 393, 228, 395, 231, -2, -3, -2.158798930342464, 3.605551275463989
2611, 30, 510, 155, 509, 154, 1, 1, 0.7853981633974483, 1.4142135623730951
2611, 35, 416, 200, 416, 203, 0, -3, -1.5707963267948966, 3.0
2611, 37, 456, 181, 458, 184, -2, -3, -2.158798930342464, 3.605551275463989
2611, 39, 500, 115, 497, 114, 3, 1, 0.3217505543966422, 3.1622776601683795
2611, 47, 425, 275, 426, 279, -1, -4, -1.8157749899217608, 4.123105625617661
2612, 3, 485, 151, 484, 152, 1, -1, -0.7853981633974483, 1.4142135623730951
2612, 5, 405, 139, 404, 140, 1, -1, -0.7853981633974483, 1.4142135623730951
2612, 6, 491, 131, 490, 132, 1, -1, -0.7853981633974483, 1.4142135623730951
2612, 9, 634, 348, 633, 349, 1, -1, -0.7853981633974483, 1.4142135623730951
2612, 11, 607, 279, 608, 278, -1, 1, 2.356194490192345, 1.4142135623730951
2612, 14, 471, 173, 471, 175, 0, -2, -1.5707963267948966, 2.0
2612, 22, 554, 242, 556, 242, -2, 0, 3.141592653589793, 2.0
2612, 26, 512, 155, 510, 155, 2, 0, 0.0, 2.0
2612, 27, 460, 111, 459, 113, 1, -2, -1.1071487177940904, 2.23606797749979
2612, 31, 416, 197, 416, 200, 0, -3, -1.5707963267948966, 3.0
2612, 33, 454, 178, 456, 181, -2, -3, -2.158798930342464, 3.605551275463989
2612, 34, 446, 128, 446, 130, 0, -2, -1.5707963267948966, 2.0
2612, 35, 502, 115, 500, 115, 2, 0, 0.0, 2.0
2612, 40, 424, 272, 425, 275, -1, -3, -1.892546881191539, 3.1622776601683795
2613, 2, 315, 391, 314, 392, 1, -1, -0.7853981633974483, 1.4142135623730951
2613, 5, 493, 130, 491, 131, 2, -1, -0.4636476090008061, 2.23606797749979
2613, 15, 275, 370, 274, 371, 1, -1, -0.7853981633974483, 1.4142135623730951
2613, 20, 454, 121, 453, 122, 1, -1, -0.7853981633974483, 1.4142135623730951
2613, 22, 512, 120, 511, 119, 1, 1, 0.7853981633974483, 1.4142135623730951
2613, 23, 513, 156, 512, 155, 1, 1, 0.7853981633974483, 1.4142135623730951
2613, 24, 463, 110, 460, 111, 3, -1, -0.3217505543966422, 3.1622776601683795
2613, 27, 404, 208, 404, 210, 0, -2, -1.5707963267948966, 2.0
2613, 28, 416, 193, 416, 197, 0, -4, -1.5707963267948966, 4.0
2613, 30, 453, 174, 454, 178, -1, -4, -1.8157749899217608, 4.123105625617661
2613, 32, 504, 116, 502, 115, 2, 1, 0.4636476090008061, 2.23606797749979
2613, 37, 423, 268, 424, 272, -1, -4, -1.8157749899217608, 4.123105625617661
2614, 2, 486, 149, 485, 150, 1, -1, -0.7853981633974483, 1.4142135623730951
2614, 5, 577, 187, 576, 186, 1, 1, 0.7853981633974483, 1.4142135623730951
2614, 11, 471, 170, 471, 172, 0, -2, -1.5707963267948966, 2.0
2614, 14, 276, 369, 275, 370, 1, -1, -0.7853981633974483, 1.4142135623730951
2614, 17, 472, 118, 471, 119, 1, -1, -0.7853981633974483, 1.4142135623730951
2614, 23, 466, 110, 463, 110, 3, 0, 0.0, 3.0
2614, 25, 425, 123, 424, 124, 1, -1, -0.7853981633974483, 1.4142135623730951
2614, 26, 417, 190, 416, 193, 1, -3, -1.2490457723982544, 3.1622776601683795
2614, 27, 535, 196, 534, 195, 1, 1, 0.7853981633974483, 1.4142135623730951
2614, 28, 446, 125, 446, 127, 0, -2, -1.5707963267948966, 2.0
2614, 29, 506, 118, 504, 116, 2, 2, 0.7853981633974483, 2.8284271247461903
2614, 32, 266, 239, 267, 238, -1, 1, 2.356194490192345, 1.4142135623730951
2614, 34, 422, 264, 423, 268, -1, -4, -1.8157749899217608, 4.123105625617661
2615, 1, 425, 329, 426, 331, -1, -2, -2.0344439357957027, 2.23606797749979
2615, 4, 316, 392, 315, 393, 1, -1, -0.7853981633974483, 1.4142135623730951
2615, 12, 454, 123, 453, 124, 1, -1, -0.7853981633974483, 1.4142135623730951
2615, 18, 236, 238, 238, 238, -2, 0, 3.141592653589793, 2.0
2615, 25, 512, 121, 511, 120, 1, 1, 0.7853981633974483, 1.4142135623730951
2615, 35, 369, 286, 370, 288, -1, -2, -2.0344439357957027, 2.23606797749979
2615, 43, 230, 316, 231, 318, -1, -2, -2.0344439357957027, 2.23606797749979
2615, 46, 556, 244, 557, 243, -1, 1, 2.356194490192345, 1.4142135623730951
2615, 47, 362, 257, 363, 259, -1, -2, -2.0344439357957027, 2.23606797749979
2615, 52, 581, 194, 579, 195, 2, -1, -0.4636476090008061, 2.23606797749979
2616, 5, 578, 189, 577, 188, 1, 1, 0.7853981633974483, 1.4142135623730951
2616, 8, 407, 139, 406, 140, 1, -1, -0.7853981633974483, 1.4142135623730951
2616, 18, 235, 239, 236, 238, -1, 1, 2.356194490192345, 1.4142135623730951
2616, 24, 513, 122, 512, 121, 1, 1, 0.7853981633974483, 1.4142135623730951
2616, 25, 470, 171, 471, 173, -1, -2, -2.0344439357957027, 2.23606797749979
2616, 29, 426, 124, 425, 125, 1, -1, -0.7853981633974483, 1.4142135623730951
2616, 32, 469, 114, 468, 113, 1, 1, 0.7853981633974483, 1.4142135623730951
2616, 33, 451, 131, 450, 133, 1, -2, -1.1071487177940904, 2.23606797749979
2616, 49, 582, 195, 581, 194, 1, 1, 0.7853981633974483, 1.4142135623730951
2616, 50, 321, 342, 320, 343, 1, -1, -0.7853981633974483, 1.4142135623730951
2617, 11, 455, 121, 454, 122, 1, -1, -0.7853981633974483, 1.4142135623730951
2617, 16, 236, 241, 235, 239, 1, 2, 1.1071487177940904, 2.23606797749979
2617, 28, 515, 148, 514, 146, 1, 2, 1.1071487177940904, 2.23606797749979
2617, 30, 452, 130, 451, 131, 1, -1, -0.7853981633974483, 1.4142135623730951
2617, 31, 368, 283, 369, 285, -1, -2, -2.0344439357957027, 2.23606797749979
2617, 40, 555, 245, 556, 244, -1, 1, 2.356194490192345, 1.4142135623730951
2617, 44, 585, 196, 582, 195, 3, 1, 0.3217505543966422, 3.1622776601683795
2617, 45, 322, 341, 321, 342, 1, -1, -0.7853981633974483, 1.4142135623730951
2618, 4, 579, 190, 578, 189, 1, 1, 0.7853981633974483, 1.4142135623730951
2618, 16, 235, 242, 236, 241, -1, 1, 2.356194490192345, 1.4142135623730951
2618, 27, 517, 150, 515, 148, 2, 2, 0.7853981633974483, 2.8284271247461903
2618, 28, 472, 115, 470, 114, 2, 1, 0.4636476090008061, 2.23606797749979
2618, 30, 367, 281, 368, 283, -1, -2, -2.0344439357957027, 2.23606797749979
2618, 35, 476, 119, 475, 120, 1, -1, -0.7853981633974483, 1.4142135623730951
2618, 43, 583, 195, 585, 196, -2, -1, -2.677945044588987, 2.23606797749979
2618, 44, 323, 339, 322, 341, 1, -2, -1.1071487177940904, 2.23606797749979
2619, 4, 487, 146, 486, 148, 1, -2, -1.1071487177940904, 2.23606797749979
2619, 10, 456, 119, 455, 120, 1, -1, -0.7853981633974483, 1.4142135623730951
2619, 25, 519, 152, 517, 150, 2, 2, 0.7853981633974483, 2.8284271247461903
2619, 28, 367, 279, 367, 281, 0, -2, -1.5707963267948966, 2.0
2619, 33, 477, 118, 476, 119, 1, -1, -0.7853981633974483, 1.4142135623730951
2619, 34, 592, 208, 591, 207, 1, 1, 0.7853981633974483, 1.4142135623730951
2619, 42, 324, 337, 323, 339, 1, -2, -1.1071487177940904, 2.23606797749979
2620, 6, 407, 138, 407, 140, 0, -2, -1.5707963267948966, 2.0
2620, 30, 216, 274, 215, 273, 1, 1, 0.7853981633974483, 1.4142135623730951
2620, 32, 446, 125, 445, 126, 1, -1, -0.7853981633974483, 1.4142135623730951
2621, 4, 489, 148, 488, 149, 1, -1, -0.7853981633974483, 1.4142135623730951
2621, 5, 497, 132, 496, 133, 1, -1, -0.7853981633974483, 1.4142135623730951
2621, 6, 408, 137, 407, 138, 1, -1, -0.7853981633974483, 1.4142135623730951
2621, 7, 582, 191, 581, 190, 1, 1, 0.7853981633974483, 1.4142135623730951
2621, 11, 275, 374, 274, 375, 1, -1, -0.7853981633974483, 1.4142135623730951
2621, 12, 453, 129, 452, 130, 1, -1, -0.7853981633974483, 1.4142135623730951
2621, 14, 472, 169, 472, 171, 0, -2, -1.5707963267948966, 2.0
2621, 24, 457, 121, 456, 122, 1, -1, -0.7853981633974483, 1.4142135623730951
2622, 5, 498, 131, 497, 132, 1, -1, -0.7853981633974483, 1.4142135623730951
2622, 17, 535, 202, 536, 201, -1, 1, 2.356194490192345, 1.4142135623730951
2622, 28, 448, 123, 446, 124, 2, -1, -0.4636476090008061, 2.23606797749979
2623, 4, 490, 146, 489, 147, 1, -1, -0.7853981633974483, 1.4142135623730951
2623, 5, 500, 131, 498, 131, 2, 0, 0.0, 2.0
2623, 6, 409, 134, 408, 136, 1, -2, -1.1071487177940904, 2.23606797749979
2623, 16, 429, 122, 428, 123, 1, -1, -0.7853981633974483, 1.4142135623730951
2623, 21, 458, 119, 457, 120, 1, -1, -0.7853981633974483, 1.4142135623730951
2623, 27, 450, 121, 448, 123, 2, -2, -0.7853981633974483, 2.8284271247461903
2624, 5, 502, 130, 500, 131, 2, -1, -0.4636476090008061, 2.23606797749979
2624, 7, 584, 193, 583, 192, 1, 1, 0.7853981633974483, 1.4142135623730951
2624, 9, 521, 200, 521, 198, 0, 2, 1.5707963267948966, 2.0
2624, 25, 451, 120, 450, 121, 1, -1, -0.7853981633974483, 1.4142135623730951
2624, 26, 395, 361, 393, 363, 2, -2, -0.7853981633974483, 2.8284271247461903
2625, 6, 584, 194, 583, 193, 1, 1, 0.7853981633974483, 1.4142135623730951
2625, 8, 503, 134, 501, 134, 2, 0, 0.0, 2.0
2625, 9, 411, 136, 410, 138, 1, -2, -1.1071487177940904, 2.23606797749979
2625, 15, 529, 161, 527, 159, 2, 2, 0.7853981633974483, 2.8284271247461903
2625, 18, 470, 169, 470, 171, 0, -2, -1.5707963267948966, 2.0
2625, 19, 459, 121, 458, 122, 1, -1, -0.7853981633974483, 1.4142135623730951
2625, 27, 523, 204, 523, 201, 0, 3, 1.5707963267948966, 3.0
2625, 28, 432, 122, 431, 123, 1, -1, -0.7853981633974483, 1.4142135623730951
2625, 29, 321, 366, 320, 367, 1, -1, -0.7853981633974483, 1.4142135623730951
2625, 32, 522, 124, 521, 123, 1, 1, 0.7853981633974483, 1.4142135623730951
2625, 34, 369, 280, 370, 282, -1, -2, -2.0344439357957027, 2.23606797749979
2625, 37, 512, 128, 511, 127, 1, 1, 0.7853981633974483, 1.4142135623730951
2626, 0, 492, 147, 491, 149, 1, -2, -1.1071487177940904, 2.23606797749979
2626, 5, 586, 194, 584, 194, 2, 0, 0.0, 2.0
2626, 7, 504, 133, 503, 134, 1, -1, -0.7853981633974483, 1.4142135623730951
2626, 12, 277, 375, 276, 376, 1, -1, -0.7853981633974483, 1.4142135623730951
2626, 13, 532, 162, 529, 161, 3, 1, 0.3217505543966422, 3.1622776601683795
2626, 16, 460, 120, 459, 121, 1, -1, -0.7853981633974483, 1.4142135623730951
2626, 17, 428, 192, 429, 194, -1, -2, -2.0344439357957027, 2.23606797749979
2626, 18, 274, 348, 273, 349, 1, -1, -0.7853981633974483, 1.4142135623730951
2626, 21, 339, 322, 338, 323, 1, -1, -0.7853981633974483, 1.4142135623730951
2626, 24, 524, 207, 523, 204, 1, 3, 1.2490457723982544, 3.1622776601683795
2626, 26, 322, 365, 321, 366, 1, -1, -0.7853981633974483, 1.4142135623730951
2626, 30, 368, 278, 369, 280, -1, -2, -2.0344439357957027, 2.23606797749979
2626, 34, 603, 342, 602, 341, 1, 1, 0.7853981633974483, 1.4142135623730951
2626, 38, 277, 367, 276, 368, 1, -1, -0.7853981633974483, 1.4142135623730951
2626, 45, 266, 245, 267, 244, -1, 1, 2.356194490192345, 1.4142135623730951
2627, 2, 401, 332, 402, 335, -1, -3, -1.892546881191539, 3.1622776601683795
2627, 8, 413, 134, 411, 135, 2, -1, -0.4636476090008061, 2.23606797749979
2627, 13, 534, 163, 532, 162, 2, 1, 0.4636476090008061, 2.23606797749979
2627, 15, 402, 202, 402, 204, 0, -2, -1.5707963267948966, 2.0
2627, 20, 538, 206, 537, 205, 1, 1, 0.7853981633974483, 1.4142135623730951
2627, 24, 525, 211, 524, 207, 1, 4, 1.3258176636680326, 4.123105625617661
2627, 25, 433, 120, 432, 121, 1, -1, -0.7853981633974483, 1.4142135623730951
2627, 28, 524, 123, 523, 124, 1, -1, -0.7853981633974483, 1.4142135623730951
2627, 40, 584, 265, 585, 264, -1, 1, 2.356194490192345, 1.4142135623730951
2627, 42, 619, 253, 620, 252, -1, 1, 2.356194490192345, 1.4142135623730951
2628, 0, 493, 146, 492, 147, 1, -1, -0.7853981633974483, 1.4142135623730951
2628, 1, 307, 276, 309, 276, -2, 0, 3.141592653589793, 2.0
2628, 13, 535, 165, 534, 163, 1, 2, 1.1071487177940904, 2.23606797749979
2628, 15, 462, 118, 460, 119, 2, -1, -0.4636476090008061, 2.23606797749979
2628, 19, 539, 207, 538, 206, 1, 1, 0.7853981633974483, 1.4142135623730951
2628, 23, 526, 214, 525, 211, 1, 3, 1.2490457723982544, 3.1622776601683795
2628, 24, 434, 119, 433, 120, 1, -1, -0.7853981633974483, 1.4142135623730951
2628, 30, 514, 127, 513, 128, 1, -1, -0.7853981633974483, 1.4142135623730951
2628, 35, 279, 365, 277, 366, 2, -1, -0.4636476090008061, 2.23606797749979
2629, 0, 494, 145, 493, 146, 1, -1, -0.7853981633974483, 1.4142135623730951
2629, 5, 508, 133, 506, 133, 2, 0, 0.0, 2.0
2629, 6, 414, 131, 413, 133, 1, -2, -1.1071487177940904, 2.23606797749979
2629, 13, 462, 116, 462, 118, 0, -2, -1.5707963267948966, 2.0
2629, 14, 428, 188, 428, 190, 0, -2, -1.5707963267948966, 2.0
2629, 21, 527, 216, 526, 214, 1, 2, 1.1071487177940904, 2.23606797749979
2629, 32, 281, 364, 279, 365, 2, -1, -0.4636476090008061, 2.23606797749979
2629, 34, 583, 267, 584, 266, -1, 1, 2.356194490192345, 1.4142135623730951
2630, 7, 413, 134, 412, 135, 1, -1, -0.7853981633974483, 1.4142135623730951
2630, 16, 396, 222, 396, 224, 0, -2, -1.5707963267948966, 2.0
2630, 17, 466, 119, 465, 120, 1, -1, -0.7853981633974483, 1.4142135623730951
2630, 24, 514, 131, 512, 131, 2, 0, 0.0, 2.0
2630, 26, 280, 366, 279, 367, 1, -1, -0.7853981633974483, 1.4142135623730951
2630, 29, 233, 319, 234, 318, -1, 1, 2.356194490192345, 1.4142135623730951
2630, 30, 429, 270, 429, 272, 0, -2, -1.5707963267948966, 2.0
2630, 35, 435, 121, 434, 122, 1, -1, -0.7853981633974483, 1.4142135623730951
2630, 41, 326, 345, 325, 346, 1, -1, -0.7853981633974483, 1.4142135623730951
2630, 46, 372, 368, 371, 369, 1, -1, -0.7853981633974483, 1.4142135623730951
2630, 47, 527, 213, 526, 211, 1, 2, 1.1071487177940904, 2.23606797749979
2630, 50, 470, 167, 470, 169, 0, -2, -1.5707963267948966, 2.0
2630, 51, 549, 175, 547, 172, 2, 3, 0.982793723247329, 3.605551275463989
2630, 54, 384, 259, 383, 260, 1, -1, -0.7853981633974483, 1.4142135623730951
2630, 60, 373, 193, 374, 195, -1, -2, -2.0344439357957027, 2.23606797749979
2630, 67, 408, 170, 407, 172, 1, -2, -1.1071487177940904, 2.23606797749979
2630, 69, 619, 254, 620, 253, -1, 1, 2.356194490192345, 1.4142135623730951
2631, 9, 485, 120, 484, 121, 1, -1, -0.7853981633974483, 1.4142135623730951
2631, 14, 467, 118, 466, 119, 1, -1, -0.7853981633974483, 1.4142135623730951
2631, 16, 400, 329, 399, 330, 1, -1, -0.7853981633974483, 1.4142135623730951
2631, 19, 370, 278, 370, 280, 0, -2, -1.5707963267948966, 2.0
2631, 24, 234, 320, 233, 319, 1, 1, 0.7853981633974483, 1.4142135623730951
2631, 25, 427, 267, 429, 270, -2, -3, -2.158798930342464, 3.605551275463989
2631, 32, 436, 270, 438, 270, -2, 0, 3.141592653589793, 2.0
2631, 40, 528, 214, 527, 213, 1, 1, 0.7853981633974483, 1.4142135623730951
2631, 42, 527, 126, 525, 126, 2, 0, 0.0, 2.0
2631, 43, 468, 167, 470, 167, -2, 0, 3.141592653589793, 2.0
2631, 44, 551, 178, 549, 175, 2, 3, 0.982793723247329, 3.605551275463989
2631, 52, 373, 191, 373, 193, 0, -2, -1.5707963267948966, 2.0
2631, 57, 408, 168, 408, 170, 0, -2, -1.5707963267948966, 2.0
2632, 3, 326, 394, 325, 395, 1, -1, -0.7853981633974483, 1.4142135623730951
2632, 4, 552, 233, 553, 232, -1, 1, 2.356194490192345, 1.4142135623730951
2632, 12, 468, 117, 467, 118, 1, -1, -0.7853981633974483, 1.4142135623730951
2632, 14, 531, 152, 529, 152, 2, 0, 0.0, 2.0
2632, 16, 369, 276, 370, 278, -1, -2, -2.0344439357957027, 2.23606797749979
2632, 26, 436, 119, 435, 120, 1, -1, -0.7853981633974483, 1.4142135623730951
2632, 30, 611, 327, 610, 326, 1, 1, 0.7853981633974483, 1.4142135623730951
2632, 34, 300, 348, 299, 349, 1, -1, -0.7853981633974483, 1.4142135623730951
2632, 35, 373, 367, 372, 368, 1, -1, -0.7853981633974483, 1.4142135623730951
2632, 38, 528, 127, 527, 126, 1, 1, 0.7853981633974483, 1.4142135623730951
2632, 40, 552, 180, 551, 178, 1, 2, 1.1071487177940904, 2.23606797749979
2632, 41, 608, 238, 607, 237, 1, 1, 0.7853981633974483, 1.4142135623730951
2632, 43, 384, 256, 384, 258, 0, -2, -1.5707963267948966, 2.0
2632, 44, 432, 348, 431, 350, 1, -2, -1.1071487177940904, 2.23606797749979
2632, 47, 372, 189, 373, 191, -1, -2, -2.0344439357957027, 2.23606797749979
2632, 56, 599, 221, 600, 220, -1, 1, 2.356194490192345, 1.4142135623730951
2633, 6, 414, 132, 413, 133, 1, -1, -0.7853981633974483, 1.4142135623730951
2633, 14, 533, 153, 531, 152, 2, 1, 0.4636476090008061, 2.23606797749979
2633, 24, 485, 151, 484, 152, 1, -1, -0.7853981633974483, 1.4142135623730951
2633, 29, 614, 329, 611, 327, 3, 2, 0.5880026035475675, 3.605551275463989
2633, 30, 326, 342, 326, 344, 0, -2, -1.5707963267948966, 2.0
2633, 33, 299, 349, 300, 348, -1, 1, 2.356194490192345, 1.4142135623730951
2633, 34, 374, 366, 373, 367, 1, -1, -0.7853981633974483, 1.4142135623730951
2633, 35, 529, 215, 528, 214, 1, 1, 0.7853981633974483, 1.4142135623730951
2633, 39, 553, 183, 552, 180, 1, 3, 1.2490457723982544, 3.1622776601683795
2633, 42, 383, 254, 384, 256, -1, -2, -2.0344439357957027, 2.23606797749979
2633, 44, 584, 330, 583, 328, 1, 2, 1.1071487177940904, 2.23606797749979
2633, 46, 372, 187, 372, 189, 0, -2, -1.5707963267948966, 2.0
2633, 52, 618, 257, 619, 256, -1, 1, 2.356194490192345, 1.4142135623730951
2634, 7, 508, 136, 507, 135, 1, 1, 0.7853981633974483, 1.4142135623730951
2634, 12, 469, 115, 468, 116, 1, -1, -0.7853981633974483, 1.4142135623730951
2634, 13, 536, 164, 536, 166, 0, -2, -1.5707963267948966, 2.0
2634, 14, 536, 154, 533, 153, 3, 1, 0.3217505543966422, 3.1622776601683795
2634, 16, 369, 273, 369, 275, 0, -2, -1.5707963267948966, 2.0
2634, 19, 284, 365, 283, 366, 1, -1, -0.7853981633974483, 1.4142135623730951
2634, 21, 231, 321, 233, 321, -2, 0, 3.141592653589793, 2.0
2634, 25, 310, 341, 309, 340, 1, 1, 0.7853981633974483, 1.4142135623730951
2634, 28, 615, 330, 614, 329, 1, 1, 0.7853981633974483, 1.4142135623730951
2634, 29, 325, 343, 326, 342, -1, 1, 2.356194490192345, 1.4142135623730951
2634, 31, 216, 313, 215, 312, 1, 1, 0.7853981633974483, 1.4142135623730951
2634, 36, 529, 128, 528, 127, 1, 1, 0.7853981633974483, 1.4142135623730951
2634, 38, 555, 184, 553, 183, 2, 1, 0.4636476090008061, 2.23606797749979
2634, 45, 372, 185, 372, 187, 0, -2, -1.5707963267948966, 2.0
2634, 50, 617, 259, 618, 257, -1, 2, 2.0344439357957027, 2.23606797749979
2634, 51, 592, 209, 592, 207, 0, 2, 1.5707963267948966, 2.0
2634, 52, 596, 221, 598, 221, -2, 0, 3.141592653589793, 2.0
2635, 11, 482, 122, 480, 122, 2, 0, 0.0, 2.0
2635, 13, 468, 321, 468, 325, 0, -4, -1.5707963267948966, 4.0
2635, 15, 246, 252, 244, 252, 2, 0, 0.0, 2.0
2635, 20, 516, 126, 515, 127, 1, -1, -0.7853981633974483, 1.4142135623730951
2635, 21, 244, 266, 246, 266, -2, 0, 3.141592653589793, 2.0
2635, 42, 377, 193, 375, 196, 2, -3, -0.982793723247329, 3.605551275463989
2635, 45, 313, 348, 310, 351, 3, -3, -0.7853981633974483, 4.242640687119285
2635, 46, 523, 140, 521, 140, 2, 0, 0.0, 2.0
2635, 49, 214, 319, 215, 318, -1, 1, 2.356194490192345, 1.4142135623730951
2636, 4, 327, 395, 326, 396, 1, -1, -0.7853981633974483, 1.4142135623730951
2636, 10, 483, 121, 482, 122, 1, -1, -0.7853981633974483, 1.4142135623730951
2636, 16, 466, 117, 465, 118, 1, -1, -0.7853981633974483, 1.4142135623730951
2636, 17, 535, 162, 535, 164, 0, -2, -1.5707963267948966, 2.0
2636, 29, 528, 129, 527, 128, 1, 1, 0.7853981633974483, 1.4142135623730951
2636, 33, 437, 119, 436, 120, 1, -1, -0.7853981633974483, 1.4142135623730951
2636, 37, 591, 309, 592, 308, -1, 1, 2.356194490192345, 1.4142135623730951
2636, 39, 377, 191, 377, 193, 0, -2, -1.5707963267948966, 2.0
2636, 42, 312, 346, 313, 348, -1, -2, -2.0344439357957027, 2.23606797749979
2636, 43, 524, 141, 523, 140, 1, 1, 0.7853981633974483, 1.4142135623730951
2636, 44, 459, 173, 460, 175, -1, -2, -2.0344439357957027, 2.23606797749979
2636, 47, 431, 264, 431, 266, 0, -2, -1.5707963267948966, 2.0
2637, 4, 328, 394, 327, 395, 1, -1, -0.7853981633974483, 1.4142135623730951
2637, 23, 542, 212, 541, 211, 1, 1, 0.7853981633974483, 1.4142135623730951
2637, 27, 529, 130, 528, 129, 1, 1, 0.7853981633974483, 1.4142135623730951
2637, 29, 526, 206, 525, 205, 1, 1, 0.7853981633974483, 1.4142135623730951
2637, 30, 524, 178, 523, 176, 1, 2, 1.1071487177940904, 2.23606797749979
2637, 35, 590, 311, 591, 309, -1, 2, 2.0344439357957027, 2.23606797749979
2637, 39, 313, 345, 312, 346, 1, -1, -0.7853981633974483, 1.4142135623730951
2637, 40, 525, 140, 524, 141, 1, -1, -0.7853981633974483, 1.4142135623730951
2637, 41, 458, 170, 459, 173, -1, -3, -1.892546881191539, 3.1622776601683795
2637, 43, 215, 321, 214, 320, 1, 1, 0.7853981633974483, 1.4142135623730951
2638, 0, 350, 321, 350, 323, 0, -2, -1.5707963267948966, 2.0
2638, 12, 244, 252, 245, 251, -1, 1, 2.356194490192345, 1.4142135623730951
2638, 14, 467, 115, 466, 116, 1, -1, -0.7853981633974483, 1.4142135623730951
2638, 28, 527, 207, 526, 206, 1, 1, 0.7853981633974483, 1.4142135623730951
2638, 29, 525, 179, 524, 178, 1, 1, 0.7853981633974483, 1.4142135623730951
2638, 36, 376, 188, 377, 190, -1, -2, -2.0344439357957027, 2.23606797749979
2638, 40, 457, 167, 458, 170, -1, -3, -1.892546881191539, 3.1622776601683795
2639, 0, 351, 320, 350, 321, 1, -1, -0.7853981633974483, 1.4142135623730951
2639, 3, 329, 393, 328, 394, 1, -1, -0.7853981633974483, 1.4142135623730951
2639, 5, 282, 374, 281, 375, 1, -1, -0.7853981633974483, 1.4142135623730951
2639, 7, 513, 139, 512, 137, 1, 2, 1.1071487177940904, 2.23606797749979
2639, 13, 468, 114, 467, 115, 1, -1, -0.7853981633974483, 1.4142135623730951
2639, 14, 536, 158, 535, 160, 1, -2, -1.1071487177940904, 2.23606797749979
2639, 15, 520, 127, 517, 125, 3, 2, 0.5880026035475675, 3.605551275463989
2639, 16, 244, 270, 244, 268, 0, 2, 1.5707963267948966, 2.0
2639, 24, 531, 131, 530, 130, 1, 1, 0.7853981633974483, 1.4142135623730951
2639, 26, 528, 208, 527, 207, 1, 1, 0.7853981633974483, 1.4142135623730951
2639, 27, 526, 181, 525, 179, 1, 2, 1.1071487177940904, 2.23606797749979
2639, 28, 438, 116, 437, 117, 1, -1, -0.7853981633974483, 1.4142135623730951
2639, 34, 376, 186, 376, 188, 0, -2, -1.5707963267948966, 2.0
2639, 37, 526, 139, 525, 140, 1, -1, -0.7853981633974483, 1.4142135623730951
2639, 38, 456, 165, 457, 167, -1, -2, -2.0344439357957027, 2.23606797749979
2639, 39, 393, 225, 392, 226, 1, -1, -0.7853981633974483, 1.4142135623730951
2640, 0, 423, 322, 424, 324, -1, -2, -2.0344439357957027, 2.23606797749979
2640, 4, 500, 150, 498, 150, 2, 0, 0.0, 2.0
2640, 6, 328, 395, 327, 396, 1, -1, -0.7853981633974483, 1.4142135623730951
2640, 8, 610, 292, 610, 289, 0, 3, 1.5707963267948966, 3.0
2640, 10, 515, 140, 512, 139, 3, 1, 0.3217505543966422, 3.1622776601683795
2640, 11, 419, 132, 416, 134, 3, -2, -0.5880026035475675, 3.605551275463989
2640, 13, 594, 204, 592, 201, 2, 3, 0.982793723247329, 3.605551275463989
2640, 14, 492, 123, 490, 123, 2, 0, 0.0, 2.0
2640, 23, 528, 180, 527, 179, 1, 1, 0.7853981633974483, 1.4142135623730951
2640, 24, 362, 242, 362, 244, 0, -2, -1.5707963267948966, 2.0
2640, 27, 458, 167, 459, 170, -1, -3, -1.892546881191539, 3.1622776601683795
2640, 33, 523, 128, 519, 127, 4, 1, 0.24497866312686414, 4.123105625617661
2640, 34, 252, 366, 249, 366, 3, 0, 0.0, 3.0
2640, 37, 533, 134, 532, 133, 1, 1, 0.7853981633974483, 1.4142135623730951
2640, 38, 261, 347, 259, 346, 2, 1, 0.4636476090008061, 2.23606797749979
2641, 4, 557, 237, 556, 236, 1, 1, 0.7853981633974483, 1.4142135623730951
2641, 5, 329, 394, 328, 395, 1, -1, -0.7853981633974483, 1.4142135623730951
2641, 9, 516, 141, 515, 140, 1, 1, 0.7853981633974483, 1.4142135623730951
2641, 14, 310, 303, 308, 302, 2, 1, 0.4636476090008061, 2.23606797749979
2641, 21, 470, 116, 469, 117, 1, -1, -0.7853981633974483, 1.4142135623730951
2641, 22, 529, 181, 528, 180, 1, 1, 0.7853981633974483, 1.4142135623730951
2641, 24, 458, 164, 458, 167, 0, -3, -1.5707963267948966, 3.0
2641, 27, 439, 268, 439, 270, 0, -2, -1.5707963267948966, 2.0
2641, 28, 365, 194, 366, 196, -1, -2, -2.0344439357957027, 2.23606797749979
2641, 30, 525, 129, 523, 128, 2, 1, 0.4636476090008061, 2.23606797749979
2641, 32, 282, 210, 284, 211, -2, -1, -2.677945044588987, 2.23606797749979
2641, 34, 534, 135, 533, 134, 1, 1, 0.7853981633974483, 1.4142135623730951
2641, 36, 440, 118, 439, 119, 1, -1, -0.7853981633974483, 1.4142135623730951
2642, 4, 330, 393, 329, 394, 1, -1, -0.7853981633974483, 1.4142135623730951
2642, 7, 314, 342, 314, 344, 0, -2, -1.5707963267948966, 2.0
2642, 20, 529, 183, 529, 181, 0, 2, 1.5707963267948966, 2.0
2642, 22, 458, 162, 458, 164, 0, -2, -1.5707963267948966, 2.0
2642, 26, 365, 192, 365, 194, 0, -2, -1.5707963267948966, 2.0
2642, 28, 526, 131, 525, 129, 1, 2, 1.1071487177940904, 2.23606797749979
2642, 31, 536, 136, 534, 135, 2, 1, 0.4636476090008061, 2.23606797749979
2643, 8, 517, 143, 516, 141, 1, 2, 1.1071487177940904, 2.23606797749979
2643, 14, 485, 113, 484, 114, 1, -1, -0.7853981633974483, 1.4142135623730951
2643, 18, 284, 347, 283, 348, 1, -1, -0.7853981633974483, 1.4142135623730951
2643, 19, 471, 114, 470, 115, 1, -1, -0.7853981633974483, 1.4142135623730951
2643, 20, 528, 184, 529, 183, -1, 1, 2.356194490192345, 1.4142135623730951
2643, 25, 365, 190, 365, 192, 0, -2, -1.5707963267948966, 2.0
2643, 30, 539, 139, 536, 136, 3, 3, 0.7853981633974483, 4.242640687119285
2643, 32, 441, 116, 440, 117, 1, -1, -0.7853981633974483, 1.4142135623730951
2644, 0, 351, 318, 352, 320, -1, -2, -2.0344439357957027, 2.23606797749979
2644, 11, 486, 112, 485, 113, 1, -1, -0.7853981633974483, 1.4142135623730951
2644, 12, 283, 372, 282, 373, 1, -1, -0.7853981633974483, 1.4142135623730951
2644, 13, 396, 216, 396, 218, 0, -2, -1.5707963267948966, 2.0
2644, 17, 529, 185, 528, 184, 1, 1, 0.7853981633974483, 1.4142135623730951
2644, 22, 364, 188, 365, 190, -1, -2, -2.0344439357957027, 2.23606797749979
2644, 24, 527, 133, 526, 131, 1, 2, 1.1071487177940904, 2.23606797749979
2645, 1, 422, 318, 423, 320, -1, -2, -2.0344439357957027, 2.23606797749979
2645, 2, 353, 319, 353, 321, 0, -2, -1.5707963267948966, 2.0
2645, 27, 371, 268, 371, 270, 0, -2, -1.5707963267948966, 2.0
2645, 28, 459, 123, 458, 124, 1, -1, -0.7853981633974483, 1.4142135623730951
2645, 34, 364, 239, 365, 241, -1, -2, -2.0344439357957027, 2.23606797749979
2645, 35, 472, 162, 472, 164, 0, -2, -1.5707963267948966, 2.0
2645, 39, 443, 117, 442, 118, 1, -1, -0.7853981633974483, 1.4142135623730951
2645, 46, 212, 277, 214, 277, -2, 0, 3.141592653589793, 2.0
2646, 3, 556, 239, 557, 238, -1, 1, 2.356194490192345, 1.4142135623730951
2646, 8, 518, 143, 517, 142, 1, 1, 0.7853981633974483, 1.4142135623730951
2646, 22, 371, 266, 371, 268, 0, -2, -1.5707963267948966, 2.0
2646, 23, 460, 122, 459, 123, 1, -1, -0.7853981633974483, 1.4142135623730951
2646, 28, 364, 237, 364, 239, 0, -2, -1.5707963267948966, 2.0
2646, 33, 405, 356, 404, 357, 1, -1, -0.7853981633974483, 1.4142135623730951
2646, 36, 621, 333, 620, 332, 1, 1, 0.7853981633974483, 1.4142135623730951
2646, 38, 210, 277, 212, 277, -2, 0, 3.141592653589793, 2.0
2646, 39, 529, 187, 529, 185, 0, 2, 1.5707963267948966, 2.0
2647, 5, 419, 128, 419, 130, 0, -2, -1.5707963267948966, 2.0
2647, 22, 364, 235, 364, 237, 0, -2, -1.5707963267948966, 2.0
2647, 26, 444, 115, 443, 116, 1, -1, -0.7853981633974483, 1.4142135623730951
2647, 31, 211, 278, 210, 277, 1, 1, 0.7853981633974483, 1.4142135623730951
2648, 3, 333, 393, 332, 394, 1, -1, -0.7853981633974483, 1.4142135623730951
2648, 6, 248, 323, 248, 325, 0, -2, -1.5707963267948966, 2.0
2648, 7, 520, 144, 519, 143, 1, 1, 0.7853981633974483, 1.4142135623730951
2648, 16, 493, 117, 491, 116, 2, 1, 0.4636476090008061, 2.23606797749979
2648, 22, 472, 158, 472, 160, 0, -2, -1.5707963267948966, 2.0
2648, 28, 623, 334, 622, 333, 1, 1, 0.7853981633974483, 1.4142135623730951
2648, 29, 212, 281, 211, 278, 1, 3, 1.2490457723982544, 3.1622776601683795
2649, 1, 353, 315, 353, 317, 0, -2, -1.5707963267948966, 2.0
2649, 11, 462, 159, 462, 161, 0, -2, -1.5707963267948966, 2.0
2649, 16, 494, 118, 493, 117, 1, 1, 0.7853981633974483, 1.4142135623730951
2649, 20, 475, 114, 474, 115, 1, -1, -0.7853981633974483, 1.4142135623730951
2649, 29, 213, 282, 212, 281, 1, 1, 0.7853981633974483, 1.4142135623730951
2649, 31, 379, 359, 379, 361, 0, -2, -1.5707963267948966, 2.0
2650, 1, 506, 153, 505, 152, 1, 1, 0.7853981633974483, 1.4142135623730951
2650, 8, 539, 146, 538, 145, 1, 1, 0.7853981633974483, 1.4142135623730951
2650, 15, 470, 124, 469, 125, 1, -1, -0.7853981633974483, 1.4142135623730951
2650, 16, 217, 282, 215, 281, 2, 1, 0.4636476090008061, 2.23606797749979
2650, 22, 633, 352, 629, 353, 4, -1, -0.24497866312686414, 4.123105625617661
2650, 29, 444, 117, 443, 118, 1, -1, -0.7853981633974483, 1.4142135623730951
2650, 33, 370, 264, 371, 266, -1, -2, -2.0344439357957027, 2.23606797749979
2651, 0, 557, 241, 558, 240, -1, 1, 2.356194490192345, 1.4142135623730951
2651, 7, 540, 147, 539, 146, 1, 1, 0.7853981633974483, 1.4142135623730951
2651, 9, 476, 116, 475, 117, 1, -1, -0.7853981633974483, 1.4142135623730951
2651, 10, 523, 145, 521, 145, 2, 0, 0.0, 2.0
2651, 12, 471, 123, 470, 124, 1, -1, -0.7853981633974483, 1.4142135623730951
2651, 18, 495, 153, 494, 154, 1, -1, -0.7853981633974483, 1.4142135623730951
2651, 19, 635, 351, 633, 352, 2, -1, -0.4636476090008061, 2.23606797749979
2651, 26, 531, 218, 530, 216, 1, 2, 1.1071487177940904, 2.23606797749979
2651, 28, 370, 262, 370, 264, 0, -2, -1.5707963267948966, 2.0
2652, 1, 508, 155, 506, 154, 2, 1, 0.4636476090008061, 2.23606797749979
2652, 2, 356, 316, 355, 318, 1, -2, -1.1071487177940904, 2.23606797749979
2652, 6, 541, 148, 540, 147, 1, 1, 0.7853981633974483, 1.4142135623730951
2652, 17, 496, 152, 495, 153, 1, -1, -0.7853981633974483, 1.4142135623730951
2652, 18, 635, 349, 635, 351, 0, -2, -1.5707963267948966, 2.0
2652, 23, 445, 115, 444, 116, 1, -1, -0.7853981633974483, 1.4142135623730951
2652, 24, 531, 220, 531, 218, 0, 2, 1.5707963267948966, 2.0
2653, 1, 509, 156, 508, 155, 1, 1, 0.7853981633974483, 1.4142135623730951
2653, 2, 355, 314, 356, 316, -1, -2, -2.0344439357957027, 2.23606797749979
2653, 3, 337, 394, 336, 395, 1, -1, -0.7853981633974483, 1.4142135623730951
2653, 5, 599, 209, 598, 208, 1, 1, 0.7853981633974483, 1.4142135623730951
2653, 7, 243, 323, 244, 322, -1, 1, 2.356194490192345, 1.4142135623730951
2653, 9, 524, 147, 523, 146, 1, 1, 0.7853981633974483, 1.4142135623730951
2653, 15, 497, 151, 496, 152, 1, -1, -0.7853981633974483, 1.4142135623730951
2653, 18, 430, 265, 431, 267, -1, -2, -2.0344439357957027, 2.23606797749979
2653, 22, 531, 222, 531, 220, 0, 2, 1.5707963267948966, 2.0
2654, 1, 510, 157, 509, 156, 1, 1, 0.7853981633974483, 1.4142135623730951
2654, 8, 478, 114, 477, 115, 1, -1, -0.7853981633974483, 1.4142135623730951
2654, 9, 525, 148, 524, 147, 1, 1, 0.7853981633974483, 1.4142135623730951
2654, 13, 496, 118, 495, 119, 1, -1, -0.7853981633974483, 1.4142135623730951
2654, 17, 382, 241, 382, 243, 0, -2, -1.5707963267948966, 2.0
2654, 19, 547, 221, 546, 220, 1, 1, 0.7853981633974483, 1.4142135623730951
2654, 20, 446, 113, 445, 114, 1, -1, -0.7853981633974483, 1.4142135623730951
2654, 21, 532, 225, 531, 222, 1, 3, 1.2490457723982544, 3.1622776601683795
2654, 22, 407, 354, 406, 355, 1, -1, -0.7853981633974483, 1.4142135623730951
2655, 3, 559, 244, 558, 243, 1, 1, 0.7853981633974483, 1.4142135623730951
2655, 9, 548, 184, 546, 181, 2, 3, 0.982793723247329, 3.605551275463989
2655, 10, 533, 225, 532, 223, 1, 2, 1.1071487177940904, 2.23606797749979
2655, 15, 498, 156, 496, 155, 2, 1, 0.4636476090008061, 2.23606797749979
2655, 16, 381, 177, 380, 178, 1, -1, -0.7853981633974483, 1.4142135623730951
2655, 20, 432, 184, 432, 186, 0, -2, -1.5707963267948966, 2.0
2655, 21, 564, 309, 562, 308, 2, 1, 0.4636476090008061, 2.23606797749979
2655, 23, 447, 115, 446, 116, 1, -1, -0.7853981633974483, 1.4142135623730951
2655, 26, 545, 144, 544, 143, 1, 1, 0.7853981633974483, 1.4142135623730951
2655, 30, 475, 161, 475, 163, 0, -2, -1.5707963267948966, 2.0
2655, 32, 406, 197, 406, 199, 0, -2, -1.5707963267948966, 2.0
2655, 38, 589, 319, 588, 317, 1, 2, 1.1071487177940904, 2.23606797749979
2655, 40, 525, 149, 524, 148, 1, 1, 0.7853981633974483, 1.4142135623730951
2655, 42, 371, 262, 371, 264, 0, -2, -1.5707963267948966, 2.0
2655, 49, 365, 233, 365, 235, 0, -2, -1.5707963267948966, 2.0
2655, 51, 431, 265, 431, 267, 0, -2, -1.5707963267948966, 2.0
2656, 2, 509, 157, 508, 156, 1, 1, 0.7853981633974483, 1.4142135623730951
2656, 5, 421, 126, 421, 128, 0, -2, -1.5707963267948966, 2.0
2656, 6, 508, 129, 507, 128, 1, 1, 0.7853981633974483, 1.4142135623730951
2656, 7, 340, 395, 339, 396, 1, -1, -0.7853981633974483, 1.4142135623730951
2656, 8, 551, 186, 548, 184, 3, 2, 0.5880026035475675, 3.605551275463989
2656, 9, 534, 226, 533, 225, 1, 1, 0.7853981633974483, 1.4142135623730951
2656, 11, 478, 115, 477, 116, 1, -1, -0.7853981633974483, 1.4142135623730951
2656, 13, 499, 157, 498, 156, 1, 1, 0.7853981633974483, 1.4142135623730951
2656, 14, 382, 176, 381, 177, 1, -1, -0.7853981633974483, 1.4142135623730951
2656, 19, 284, 352, 283, 351, 1, 1, 0.7853981633974483, 1.4142135623730951
2656, 20, 448, 114, 447, 115, 1, -1, -0.7853981633974483, 1.4142135623730951
2656, 21, 470, 116, 468, 117, 2, -1, -0.4636476090008061, 2.23606797749979
2656, 31, 601, 211, 600, 210, 1, 1, 0.7853981633974483, 1.4142135623730951
2656, 34, 338, 387, 337, 388, 1, -1, -0.7853981633974483, 1.4142135623730951
2656, 35, 590, 321, 589, 319, 1, 2, 1.1071487177940904, 2.23606797749979
2656, 37, 527, 149, 525, 149, 2, 0, 0.0, 2.0
2656, 38, 410, 355, 409, 356, 1, -1, -0.7853981633974483, 1.4142135623730951
2656, 39, 370, 260, 371, 262, -1, -2, -2.0344439357957027, 2.23606797749979
2656, 44, 630, 336, 628, 336, 2, 0, 0.0, 2.0
2656, 45, 564, 200, 563, 199, 1, 1, 0.7853981633974483, 1.4142135623730951
2656, 48, 430, 263, 431, 265, -1, -2, -2.0344439357957027, 2.23606797749979
2657, 1, 358, 312, 357, 314, 1, -2, -1.1071487177940904, 2.23606797749979
2657, 2, 510, 159, 509, 157, 1, 2, 1.1071487177940904, 2.23606797749979
2657, 3, 559, 246, 559, 244, 0, 2, 1.5707963267948966, 2.0
2657, 7, 343, 394, 340, 395, 3, -1, -0.3217505543966422, 3.1622776601683795
2657, 8, 552, 187, 551, 186, 1, 1, 0.7853981633974483, 1.4142135623730951
2657, 9, 535, 227, 534, 226, 1, 1, 0.7853981633974483, 1.4142135623730951
2657, 11, 479, 114, 478, 115, 1, -1, -0.7853981633974483, 1.4142135623730951
2657, 12, 472, 120, 472, 122, 0, -2, -1.5707963267948966, 2.0
2657, 14, 382, 174, 382, 176, 0, -2, -1.5707963267948966, 2.0
2657, 17, 432, 181, 432, 183, 0, -2, -1.5707963267948966, 2.0
2657, 19, 285, 351, 284, 352, 1, -1, -0.7853981633974483, 1.4142135623730951
2657, 21, 471, 115, 470, 116, 1, -1, -0.7853981633974483, 1.4142135623730951
2657, 23, 547, 145, 546, 144, 1, 1, 0.7853981633974483, 1.4142135623730951
2657, 26, 475, 158, 475, 160, 0, -2, -1.5707963267948966, 2.0
2657, 28, 406, 194, 406, 196, 0, -2, -1.5707963267948966, 2.0
2657, 32, 621, 354, 620, 353, 1, 1, 0.7853981633974483, 1.4142135623730951
2657, 34, 591, 322, 590, 321, 1, 1, 0.7853981633974483, 1.4142135623730951
2657, 36, 528, 150, 527, 149, 1, 1, 0.7853981633974483, 1.4142135623730951
2657, 38, 369, 258, 370, 260, -1, -2, -2.0344439357957027, 2.23606797749979
2657, 47, 430, 261, 430, 263, 0, -2, -1.5707963267948966, 2.0
2658, 1, 358, 310, 358, 312, 0, -2, -1.5707963267948966, 2.0
2658, 5, 421, 123, 421, 125, 0, -2, -1.5707963267948966, 2.0
2658, 8, 553, 188, 552, 187, 1, 1, 0.7853981633974483, 1.4142135623730951
2658, 12, 473, 118, 472, 120, 1, -2, -1.1071487177940904, 2.23606797749979
2658, 15, 330, 365, 329, 366, 1, -1, -0.7853981633974483, 1.4142135623730951
2658, 20, 449, 112, 448, 113, 1, -1, -0.7853981633974483, 1.4142135623730951
2658, 21, 473, 114, 471, 115, 2, -1, -0.4636476090008061, 2.23606797749979
2658, 22, 549, 145, 547, 145, 2, 0, 0.0, 2.0
2658, 26, 501, 124, 499, 123, 2, 1, 0.4636476090008061, 2.23606797749979
2658, 29, 602, 213, 601, 212, 1, 1, 0.7853981633974483, 1.4142135623730951
2658, 35, 529, 151, 528, 150, 1, 1, 0.7853981633974483, 1.4142135623730951
2658, 36, 411, 353, 410, 354, 1, -1, -0.7853981633974483, 1.4142135623730951
2658, 41, 633, 336, 631, 336, 2, 0, 0.0, 2.0
2658, 42, 564, 203, 564, 201, 0, 2, 1.5707963267948966, 2.0
2658, 43, 365, 229, 365, 231, 0, -2, -1.5707963267948966, 2.0
2658, 45, 430, 258, 430, 261, 0, -3, -1.5707963267948966, 3.0
2659, 0, 309, 279, 308, 278, 1, 1, 0.7853981633974483, 1.4142135623730951
2659, 8, 554, 187, 553, 188, 1, -1, -0.7853981633974483, 1.4142135623730951
2659, 13, 501, 155, 500, 156, 1, -1, -0.7853981633974483, 1.4142135623730951
2659, 14, 382, 171, 382, 173, 0, -2, -1.5707963267948966, 2.0
2659, 20, 450, 111, 449, 112, 1, -1, -0.7853981633974483, 1.4142135623730951
2659, 21, 474, 115, 473, 114, 1, 1, 0.7853981633974483, 1.4142135623730951
2659, 26, 503, 125, 501, 124, 2, 1, 0.4636476090008061, 2.23606797749979
2659, 32, 592, 323, 591, 322, 1, 1, 0.7853981633974483, 1.4142135623730951
2659, 34, 531, 152, 529, 151, 2, 1, 0.4636476090008061, 2.23606797749979
2659, 41, 564, 205, 564, 203, 0, 2, 1.5707963267948966, 2.0
2659, 42, 365, 227, 365, 229, 0, -2, -1.5707963267948966, 2.0
2659, 44, 430, 256, 430, 258, 0, -2, -1.5707963267948966, 2.0
2660, 4, 343, 394, 342, 395, 1, -1, -0.7853981633974483, 1.4142135623730951
2660, 7, 603, 214, 602, 213, 1, 1, 0.7853981633974483, 1.4142135623730951
2660, 12, 482, 115, 481, 116, 1, -1, -0.7853981633974483, 1.4142135623730951
2660, 16, 506, 128, 505, 127, 1, 1, 0.7853981633974483, 1.4142135623730951
2660, 26, 536, 149, 533, 146, 3, 3, 0.7853981633974483, 4.242640687119285
2660, 28, 408, 193, 408, 195, 0, -2, -1.5707963267948966, 2.0
2660, 37, 619, 266, 620, 265, -1, 1, 2.356194490192345, 1.4142135623730951
2660, 39, 290, 370, 289, 371, 1, -1, -0.7853981633974483, 1.4142135623730951
2661, 7, 553, 185, 552, 186, 1, -1, -0.7853981633974483, 1.4142135623730951
2661, 11, 483, 114, 482, 115, 1, -1, -0.7853981633974483, 1.4142135623730951
2661, 15, 507, 129, 506, 128, 1, 1, 0.7853981633974483, 1.4142135623730951
2661, 19, 342, 342, 340, 343, 2, -1, -0.4636476090008061, 2.23606797749979
2661, 21, 217, 323, 219, 324, -2, -1, -2.677945044588987, 2.23606797749979
2661, 22, 528, 155, 527, 153, 1, 2, 1.1071487177940904, 2.23606797749979
2661, 23, 537, 150, 536, 149, 1, 1, 0.7853981633974483, 1.4142135623730951
2661, 31, 370, 260, 371, 262, -1, -2, -2.0344439357957027, 2.23606797749979
2661, 39, 468, 239, 469, 238, -1, 1, 2.356194490192345, 1.4142135623730951
2662, 2, 513, 162, 512, 161, 1, 1, 0.7853981633974483, 1.4142135623730951
2662, 3, 344, 392, 343, 393, 1, -1, -0.7853981633974483, 1.4142135623730951
2662, 11, 484, 113, 483, 114, 1, -1, -0.7853981633974483, 1.4142135623730951
2662, 13, 309, 348, 308, 349, 1, -1, -0.7853981633974483, 1.4142135623730951
2662, 14, 508, 130, 507, 129, 1, 1, 0.7853981633974483, 1.4142135623730951
2662, 15, 551, 174, 549, 171, 2, 3, 0.982793723247329, 3.605551275463989
2662, 18, 343, 341, 342, 342, 1, -1, -0.7853981633974483, 1.4142135623730951
2662, 21, 529, 156, 528, 155, 1, 1, 0.7853981633974483, 1.4142135623730951
2662, 22, 539, 150, 537, 150, 2, 0, 0.0, 2.0
2662, 27, 292, 346, 291, 347, 1, -1, -0.7853981633974483, 1.4142135623730951
2662, 29, 370, 258, 370, 260, 0, -2, -1.5707963267948966, 2.0
2662, 33, 291, 368, 290, 369, 1, -1, -0.7853981633974483, 1.4142135623730951
2663, 10, 485, 112, 484, 113, 1, -1, -0.7853981633974483, 1.4142135623730951
2663, 11, 290, 375, 289, 376, 1, -1, -0.7853981633974483, 1.4142135623730951
2663, 17, 344, 340, 343, 341, 1, -1, -0.7853981633974483, 1.4142135623730951
2663, 31, 293, 367, 291, 368, 2, -1, -0.4636476090008061, 2.23606797749979
2664, 2, 514, 164, 513, 163, 1, 1, 0.7853981633974483, 1.4142135623730951
2664, 8, 236, 330, 238, 331, -2, -1, -2.677945044588987, 2.23606797749979
2664, 12, 509, 129, 508, 130, 1, -1, -0.7853981633974483, 1.4142135623730951
2664, 13, 553, 176, 551, 174, 2, 2, 0.7853981633974483, 2.8284271247461903
2664, 19, 530, 158, 529, 157, 1, 1, 0.7853981633974483, 1.4142135623730951
2664, 20, 541, 151, 540, 150, 1, 1, 0.7853981633974483, 1.4142135623730951
2664, 26, 537, 204, 536, 203, 1, 1, 0.7853981633974483, 1.4142135623730951
2664, 30, 295, 366, 293, 367, 2, -1, -0.4636476090008061, 2.23606797749979
2664, 34, 306, 309, 307, 308, -1, 1, 2.356194490192345, 1.4142135623730951
2665, 0, 360, 309, 360, 311, 0, -2, -1.5707963267948966, 2.0
2665, 1, 421, 309, 422, 311, -1, -2, -2.0344439357957027, 2.23606797749979
2665, 3, 515, 164, 514, 163, 1, 1, 0.7853981633974483, 1.4142135623730951
2665, 5, 404, 329, 405, 331, -1, -2, -2.0344439357957027, 2.23606797749979
2665, 8, 293, 377, 292, 378, 1, -1, -0.7853981633974483, 1.4142135623730951
2665, 12, 338, 358, 337, 359, 1, -1, -0.7853981633974483, 1.4142135623730951
2665, 14, 486, 115, 485, 116, 1, -1, -0.7853981633974483, 1.4142135623730951
2665, 16, 509, 129, 508, 130, 1, -1, -0.7853981633974483, 1.4142135623730951
2665, 22, 371, 256, 371, 258, 0, -2, -1.5707963267948966, 2.0
2665, 23, 401, 211, 401, 213, 0, -2, -1.5707963267948966, 2.0
2665, 28, 554, 150, 553, 149, 1, 1, 0.7853981633974483, 1.4142135623730951
2665, 36, 554, 177, 552, 175, 2, 2, 0.7853981633974483, 2.8284271247461903
2665, 44, 356, 315, 355, 316, 1, -1, -0.7853981633974483, 1.4142135623730951
2665, 45, 547, 160, 544, 158, 3, 2, 0.5880026035475675, 3.605551275463989
2666, 0, 360, 307, 360, 309, 0, -2, -1.5707963267948966, 2.0
2666, 1, 420, 307, 421, 309, -1, -2, -2.0344439357957027, 2.23606797749979
2666, 2, 346, 392, 345, 393, 1, -1, -0.7853981633974483, 1.4142135623730951
2666, 3, 517, 165, 515, 164, 2, 1, 0.4636476090008061, 2.23606797749979
2666, 10, 534, 157, 533, 156, 1, 1, 0.7853981633974483, 1.4142135623730951
2666, 15, 416, 315, 416, 317, 0, -2, -1.5707963267948966, 2.0
2666, 20, 371, 254, 371, 256, 0, -2, -1.5707963267948966, 2.0
2666, 26, 555, 152, 554, 150, 1, 2, 1.1071487177940904, 2.23606797749979
2666, 28, 397, 262, 398, 264, -1, -2, -2.0344439357957027, 2.23606797749979
2666, 32, 338, 393, 337, 394, 1, -1, -0.7853981633974483, 1.4142135623730951
2666, 34, 555, 180, 554, 177, 1, 3, 1.2490457723982544, 3.1622776601683795
2666, 39, 313, 299, 312, 298, 1, 1, 0.7853981633974483, 1.4142135623730951
2666, 40, 356, 313, 356, 315, 0, -2, -1.5707963267948966, 2.0
2666, 41, 549, 160, 547, 160, 2, 0, 0.0, 2.0
2667, 0, 360, 305, 360, 307, 0, -2, -1.5707963267948966, 2.0
2667, 2, 518, 166, 517, 165, 1, 1, 0.7853981633974483, 1.4142135623730951
2667, 3, 309, 278, 310, 277, -1, 1, 2.356194490192345, 1.4142135623730951
2667, 5, 562, 251, 561, 250, 1, 1, 0.7853981633974483, 1.4142135623730951
2667, 12, 511, 128, 510, 129, 1, -1, -0.7853981633974483, 1.4142135623730951
2667, 21, 536, 220, 534, 219, 2, 1, 0.4636476090008061, 2.23606797749979
2667, 23, 556, 153, 555, 152, 1, 1, 0.7853981633974483, 1.4142135623730951
2667, 30, 556, 181, 555, 180, 1, 1, 0.7853981633974483, 1.4142135623730951
2667, 35, 314, 300, 313, 299, 1, 1, 0.7853981633974483, 1.4142135623730951
2668, 1, 347, 390, 346, 391, 1, -1, -0.7853981633974483, 1.4142135623730951
2668, 2, 519, 167, 518, 166, 1, 1, 0.7853981633974483, 1.4142135623730951
2668, 8, 535, 159, 534, 158, 1, 1, 0.7853981633974483, 1.4142135623730951
2668, 10, 489, 114, 488, 115, 1, -1, -0.7853981633974483, 1.4142135623730951
2668, 20, 539, 221, 536, 220, 3, 1, 0.3217505543966422, 3.1622776601683795
2668, 28, 549, 229, 550, 228, -1, 1, 2.356194490192345, 1.4142135623730951
2668, 29, 558, 182, 556, 181, 2, 1, 0.4636476090008061, 2.23606797749979
2668, 31, 247, 274, 246, 273, 1, 1, 0.7853981633974483, 1.4142135623730951
2668, 36, 552, 160, 550, 160, 2, 0, 0.0, 2.0
2669, 0, 360, 302, 360, 304, 0, -2, -1.5707963267948966, 2.0
2669, 1, 348, 389, 347, 390, 1, -1, -0.7853981633974483, 1.4142135623730951
2669, 2, 520, 168, 519, 167, 1, 1, 0.7853981633974483, 1.4142135623730951
2669, 8, 536, 161, 535, 159, 1, 2, 1.1071487177940904, 2.23606797749979
2669, 12, 514, 128, 512, 128, 2, 0, 0.0, 2.0
2669, 15, 544, 146, 542, 146, 2, 0, 0.0, 2.0
2669, 16, 293, 346, 292, 347, 1, -1, -0.7853981633974483, 1.4142135623730951
2669, 20, 540, 220, 539, 221, 1, -1, -0.7853981633974483, 1.4142135623730951
2669, 22, 558, 154, 557, 153, 1, 1, 0.7853981633974483, 1.4142135623730951
2669, 25, 540, 206, 539, 205, 1, 1, 0.7853981633974483, 1.4142135623730951
2669, 27, 548, 230, 549, 229, -1, 1, 2.356194490192345, 1.4142135623730951
2669, 34, 356, 309, 356, 311, 0, -2, -1.5707963267948966, 2.0
2670, 2, 519, 168, 518, 167, 1, 1, 0.7853981633974483, 1.4142135623730951
2670, 3, 425, 122, 425, 124, 0, -2, -1.5707963267948966, 2.0
2670, 7, 388, 171, 388, 173, 0, -2, -1.5707963267948966, 2.0
2670, 9, 536, 162, 535, 161, 1, 1, 0.7853981633974483, 1.4142135623730951
2670, 21, 370, 253, 370, 255, 0, -2, -1.5707963267948966, 2.0
2670, 25, 434, 180, 434, 182, 0, -2, -1.5707963267948966, 2.0
2670, 26, 333, 328, 332, 329, 1, -1, -0.7853981633974483, 1.4142135623730951
2670, 28, 514, 140, 512, 139, 2, 1, 0.4636476090008061, 2.23606797749979
2670, 32, 544, 147, 542, 146, 2, 1, 0.4636476090008061, 2.23606797749979
2670, 35, 552, 230, 551, 229, 1, 1, 0.7853981633974483, 1.4142135623730951
2670, 39, 562, 189, 561, 188, 1, 1, 0.7853981633974483, 1.4142135623730951
2670, 43, 398, 260, 398, 262, 0, -2, -1.5707963267948966, 2.0
2670, 51, 569, 216, 570, 215, -1, 1, 2.356194490192345, 1.4142135623730951
2670, 52, 467, 158, 467, 160, 0, -2, -1.5707963267948966, 2.0
2670, 58, 633, 363, 632, 364, 1, -1, -0.7853981633974483, 1.4142135623730951
2671, 1, 349, 392, 348, 393, 1, -1, -0.7853981633974483, 1.4142135623730951
2671, 7, 389, 169, 388, 171, 1, -2, -1.1071487177940904, 2.23606797749979
2671, 9, 537, 163, 536, 162, 1, 1, 0.7853981633974483, 1.4142135623730951
2671, 21, 543, 207, 542, 206, 1, 1, 0.7853981633974483, 1.4142135623730951
2671, 26, 516, 140, 514, 140, 2, 0, 0.0, 2.0
2671, 30, 547, 149, 544, 147, 3, 2, 0.5880026035475675, 3.605551275463989
2671, 32, 459, 110, 458, 111, 1, -1, -0.7853981633974483, 1.4142135623730951
2671, 36, 359, 299, 359, 301, 0, -2, -1.5707963267948966, 2.0
2671, 37, 563, 190, 562, 189, 1, 1, 0.7853981633974483, 1.4142135623730951
2671, 48, 468, 157, 467, 158, 1, -1, -0.7853981633974483, 1.4142135623730951
2671, 53, 634, 362, 633, 363, 1, -1, -0.7853981633974483, 1.4142135623730951
2672, 2, 520, 171, 519, 169, 1, 2, 1.1071487177940904, 2.23606797749979
2672, 3, 425, 119, 425, 121, 0, -2, -1.5707963267948966, 2.0
2672, 8, 538, 164, 537, 163, 1, 1, 0.7853981633974483, 1.4142135623730951
2672, 10, 356, 328, 356, 330, 0, -2, -1.5707963267948966, 2.0
2672, 19, 544, 208, 543, 207, 1, 1, 0.7853981633974483, 1.4142135623730951
2672, 20, 346, 385, 345, 386, 1, -1, -0.7853981633974483, 1.4142135623730951
2672, 24, 518, 141, 516, 140, 2, 1, 0.4636476090008061, 2.23606797749979
2672, 28, 549, 151, 547, 149, 2, 2, 0.7853981633974483, 2.8284271247461903
2672, 29, 460, 109, 459, 110, 1, -1, -0.7853981633974483, 1.4142135623730951
2672, 33, 359, 297, 359, 299, 0, -2, -1.5707963267948966, 2.0
2672, 34, 564, 191, 563, 190, 1, 1, 0.7853981633974483, 1.4142135623730951
2672, 50, 419, 351, 418, 352, 1, -1, -0.7853981633974483, 1.4142135623730951
2673, 0, 350, 390, 349, 391, 1, -1, -0.7853981633974483, 1.4142135623730951
2673, 6, 539, 165, 538, 164, 1, 1, 0.7853981633974483, 1.4142135623730951
2673, 7, 355, 326, 356, 328, -1, -2, -2.0344439357957027, 2.23606797749979
2673, 11, 295, 376, 294, 377, 1, -1, -0.7853981633974483, 1.4142135623730951
2673, 17, 347, 384, 346, 385, 1, -1, -0.7853981633974483, 1.4142135623730951
2673, 24, 550, 153, 549, 151, 1, 2, 1.1071487177940904, 2.23606797749979
2673, 25, 461, 108, 460, 109, 1, -1, -0.7853981633974483, 1.4142135623730951
2673, 28, 359, 295, 359, 297, 0, -2, -1.5707963267948966, 2.0
2673, 33, 261, 307, 263, 307, -2, 0, 3.141592653589793, 2.0
2673, 38, 566, 217, 567, 216, -1, 1, 2.356194490192345, 1.4142135623730951
2673, 45, 419, 349, 419, 351, 0, -2, -1.5707963267948966, 2.0
2674, 0, 351, 389, 350, 390, 1, -1, -0.7853981633974483, 1.4142135623730951
2674, 6, 354, 324, 355, 326, -1, -2, -2.0344439357957027, 2.23606797749979
2674, 16, 348, 383, 347, 384, 1, -1, -0.7853981633974483, 1.4142135623730951
2674, 17, 435, 176, 434, 177, 1, -1, -0.7853981633974483, 1.4142135623730951
2674, 23, 551, 155, 550, 153, 1, 2, 1.1071487177940904, 2.23606797749979
2674, 27, 359, 293, 359, 295, 0, -2, -1.5707963267948966, 2.0
2674, 28, 563, 193, 564, 192, -1, 1, 2.356194490192345, 1.4142135623730951
2674, 36, 566, 219, 566, 217, 0, 2, 1.5707963267948966, 2.0
2675, 0, 361, 304, 361, 306, 0, -2, -1.5707963267948966, 2.0
2675, 5, 539, 166, 538, 165, 1, 1, 0.7853981633974483, 1.4142135623730951
2675, 6, 609, 222, 608, 221, 1, 1, 0.7853981633974483, 1.4142135623730951
2675, 11, 607, 303, 608, 302, -1, 1, 2.356194490192345, 1.4142135623730951
2675, 15, 430, 263, 431, 262, -1, 1, 2.356194490192345, 1.4142135623730951
2675, 18, 510, 127, 508, 127, 2, 0, 0.0, 2.0
2675, 25, 373, 253, 373, 255, 0, -2, -1.5707963267948966, 2.0
2675, 27, 548, 157, 548, 159, 0, -2, -1.5707963267948966, 2.0
2675, 33, 562, 156, 561, 155, 1, 1, 0.7853981633974483, 1.4142135623730951
2675, 43, 465, 110, 464, 111, 1, -1, -0.7853981633974483, 1.4142135623730951
2676, 0, 351, 390, 350, 391, 1, -1, -0.7853981633974483, 1.4142135623730951
2676, 1, 563, 256, 564, 255, -1, 1, 2.356194490192345, 1.4142135623730951
2676, 2, 520, 173, 520, 171, 0, 2, 1.5707963267948966, 2.0
2676, 3, 540, 167, 539, 166, 1, 1, 0.7853981633974483, 1.4142135623730951
2676, 12, 356, 326, 357, 328, -1, -2, -2.0344439357957027, 2.23606797749979
2676, 14, 512, 127, 510, 127, 2, 0, 0.0, 2.0
2676, 16, 511, 178, 512, 177, -1, 1, 2.356194490192345, 1.4142135623730951
2676, 24, 551, 184, 551, 182, 0, 2, 1.5707963267948966, 2.0
2676, 27, 563, 157, 562, 156, 1, 1, 0.7853981633974483, 1.4142135623730951
2676, 30, 390, 167, 389, 168, 1, -1, -0.7853981633974483, 1.4142135623730951
2676, 33, 482, 155, 481, 156, 1, -1, -0.7853981633974483, 1.4142135623730951
2676, 35, 421, 351, 420, 352, 1, -1, -0.7853981633974483, 1.4142135623730951
2677, 0, 352, 389, 351, 390, 1, -1, -0.7853981633974483, 1.4142135623730951
2677, 3, 541, 168, 540, 167, 1, 1, 0.7853981633974483, 1.4142135623730951
2677, 8, 221, 286, 223, 285, -2, 1, 2.677945044588987, 2.23606797749979
2677, 13, 514, 128, 512, 127, 2, 1, 0.4636476090008061, 2.23606797749979
2677, 22, 552, 186, 551, 184, 1, 2, 1.1071487177940904, 2.23606797749979
2677, 28, 390, 165, 390, 167, 0, -2, -1.5707963267948966, 2.0
2678, 0, 353, 388, 352, 389, 1, -1, -0.7853981633974483, 1.4142135623730951
2678, 2, 520, 176, 520, 174, 0, 2, 1.5707963267948966, 2.0
2678, 5, 496, 118, 495, 117, 1, 1, 0.7853981633974483, 1.4142135623730951
2678, 12, 516, 130, 514, 128, 2, 2, 0.7853981633974483, 2.8284271247461903
2678, 20, 554, 190, 552, 186, 2, 4, 1.1071487177940904, 4.47213595499958
2678, 22, 376, 330, 376, 332, 0, -2, -1.5707963267948966, 2.0
2678, 23, 564, 158, 563, 157, 1, 1, 0.7853981633974483, 1.4142135623730951
2678, 30, 422, 349, 421, 350, 1, -1, -0.7853981633974483, 1.4142135623730951
2678, 32, 468, 109, 466, 110, 2, -1, -0.4636476090008061, 2.23606797749979
2679, 0, 354, 387, 353, 388, 1, -1, -0.7853981633974483, 1.4142135623730951
2679, 1, 562, 258, 563, 257, -1, 1, 2.356194490192345, 1.4142135623730951
2679, 2, 519, 178, 520, 176, -1, 2, 2.0344439357957027, 2.23606797749979
2679, 3, 543, 169, 542, 168, 1, 1, 0.7853981633974483, 1.4142135623730951
2679, 10, 521, 139, 518, 139, 3, 0, 0.0, 3.0
2679, 11, 515, 131, 516, 130, -1, 1, 2.356194490192345, 1.4142135623730951
2679, 22, 565, 159, 564, 158, 1, 1, 0.7853981633974483, 1.4142135623730951
2679, 24, 391, 162, 390, 164, 1, -2, -1.1071487177940904, 2.23606797749979
2679, 27, 483, 152, 482, 153, 1, -1, -0.7853981633974483, 1.4142135623730951
2679, 31, 469, 108, 468, 109, 1, -1, -0.7853981633974483, 1.4142135623730951
2680, 1, 362, 299, 362, 301, 0, -2, -1.5707963267948966, 2.0
2680, 3, 423, 304, 422, 305, 1, -1, -0.7853981633974483, 1.4142135623730951
2680, 5, 355, 390, 354, 391, 1, -1, -0.7853981633974483, 1.4142135623730951
2680, 7, 561, 167, 560, 166, 1, 1, 0.7853981633974483, 1.4142135623730951
2680, 9, 426, 119, 426, 121, 0, -2, -1.5707963267948966, 2.0
2680, 17, 485, 123, 483, 124, 2, -1, -0.4636476090008061, 2.23606797749979
2680, 18, 514, 130, 512, 131, 2, -1, -0.4636476090008061, 2.23606797749979
2680, 23, 543, 170, 542, 169, 1, 1, 0.7853981633974483, 1.4142135623730951
2680, 32, 468, 110, 467, 111, 1, -1, -0.7853981633974483, 1.4142135623730951
2680, 35, 538, 233, 538, 231, 0, 2, 1.5707963267948966, 2.0
2680, 39, 423, 350, 422, 351, 1, -1, -0.7853981633974483, 1.4142135623730951
2680, 41, 226, 287, 227, 289, -1, -2, -2.0344439357957027, 2.23606797749979
2680, 44, 370, 216, 369, 218, 1, -2, -1.1071487177940904, 2.23606797749979
2681, 1, 362, 297, 362, 299, 0, -2, -1.5707963267948966, 2.0
2681, 13, 565, 162, 564, 161, 1, 1, 0.7853981633974483, 1.4142135623730951
2681, 16, 516, 131, 514, 130, 2, 1, 0.4636476090008061, 2.23606797749979
2681, 18, 264, 376, 263, 377, 1, -1, -0.7853981633974483, 1.4142135623730951
2681, 21, 544, 171, 543, 170, 1, 1, 0.7853981633974483, 1.4142135623730951
2681, 22, 351, 324, 352, 326, -1, -2, -2.0344439357957027, 2.23606797749979
2681, 23, 313, 314, 311, 313, 2, 1, 0.4636476090008061, 2.23606797749979
2681, 25, 485, 152, 484, 153, 1, -1, -0.7853981633974483, 1.4142135623730951
2681, 30, 539, 236, 538, 233, 1, 3, 1.2490457723982544, 3.1622776601683795
2681, 35, 224, 287, 226, 287, -2, 0, 3.141592653589793, 2.0
2682, 5, 356, 388, 355, 389, 1, -1, -0.7853981633974483, 1.4142135623730951
2682, 7, 562, 169, 561, 168, 1, 1, 0.7853981633974483, 1.4142135623730951
2682, 8, 426, 116, 426, 118, 0, -2, -1.5707963267948966, 2.0
2682, 10, 499, 117, 496, 118, 3, -1, -0.3217505543966422, 3.1622776601683795
2682, 11, 566, 163, 565, 162, 1, 1, 0.7853981633974483, 1.4142135623730951
2682, 12, 487, 123, 485, 122, 2, 1, 0.4636476090008061, 2.23606797749979
2682, 13, 518, 134, 516, 131, 2, 3, 0.982793723247329, 3.605551275463989
2682, 16, 613, 224, 611, 224, 2, 0, 0.0, 2.0
2682, 17, 297, 374, 297, 377, 0, -3, -1.5707963267948966, 3.0
2682, 18, 545, 172, 544, 171, 1, 1, 0.7853981633974483, 1.4142135623730951
2682, 21, 404, 205, 405, 208, -1, -3, -1.892546881191539, 3.1622776601683795
2682, 22, 485, 150, 485, 152, 0, -2, -1.5707963267948966, 2.0
2682, 24, 469, 109, 468, 110, 1, -1, -0.7853981633974483, 1.4142135623730951
2682, 27, 540, 239, 539, 236, 1, 3, 1.2490457723982544, 3.1622776601683795
2682, 29, 608, 289, 610, 288, -2, 1, 2.677945044588987, 2.23606797749979
2682, 30, 424, 348, 423, 349, 1, -1, -0.7853981633974483, 1.4142135623730951
2682, 32, 222, 286, 224, 287, -2, -1, -2.677945044588987, 2.23606797749979
2683, 1, 361, 294, 362, 296, -1, -2, -2.0344439357957027, 2.23606797749979
2683, 3, 523, 182, 522, 179, 1, 3, 1.2490457723982544, 3.1622776601683795
2683, 4, 357, 387, 356, 388, 1, -1, -0.7853981633974483, 1.4142135623730951
2683, 10, 567, 164, 566, 163, 1, 1, 0.7853981633974483, 1.4142135623730951
2683, 12, 521, 137, 518, 134, 3, 3, 0.7853981633974483, 4.242640687119285
2683, 20, 486, 148, 485, 150, 1, -2, -1.1071487177940904, 2.23606797749979
2683, 25, 541, 242, 540, 239, 1, 3, 1.2490457723982544, 3.1622776601683795
2683, 31, 370, 212, 370, 214, 0, -2, -1.5707963267948966, 2.0
2684, 0, 308, 285, 309, 284, -1, 1, 2.356194490192345, 1.4142135623730951
2684, 2, 525, 184, 523, 182, 2, 2, 0.7853981633974483, 2.8284271247461903
2684, 8, 568, 165, 567, 164, 1, 1, 0.7853981633974483, 1.4142135623730951
2684, 15, 546, 175, 545, 173, 1, 2, 1.1071487177940904, 2.23606797749979
2684, 16, 350, 322, 350, 324, 0, -2, -1.5707963267948966, 2.0
2684, 17, 487, 147, 486, 148, 1, -1, -0.7853981633974483, 1.4142135623730951
2684, 22, 543, 244, 541, 242, 2, 2, 0.7853981633974483, 2.8284271247461903
2685, 0, 363, 298, 363, 300, 0, -2, -1.5707963267948966, 2.0
2685, 4, 358, 388, 357, 389, 1, -1, -0.7853981633974483, 1.4142135623730951
2685, 7, 563, 202, 562, 199, 1, 3, 1.2490457723982544, 3.1622776601683795
2685, 8, 542, 242, 541, 240, 1, 2, 1.1071487177940904, 2.23606797749979
2685, 11, 294, 351, 292, 352, 2, -1, -0.4636476090008061, 2.23606797749979
2685, 18, 339, 361, 338, 362, 1, -1, -0.7853981633974483, 1.4142135623730951
2685, 21, 546, 174, 545, 173, 1, 1, 0.7853981633974483, 1.4142135623730951
2685, 23, 219, 286, 221, 286, -2, 0, 3.141592653589793, 2.0
2685, 24, 429, 260, 430, 262, -1, -2, -2.0344439357957027, 2.23606797749979
2685, 35, 557, 167, 556, 164, 1, 3, 1.2490457723982544, 3.1622776601683795
2685, 36, 635, 362, 638, 363, -3, -1, -2.819842099193151, 3.1622776601683795
2686, 1, 526, 185, 525, 183, 1, 2, 1.1071487177940904, 2.23606797749979
2686, 4, 359, 387, 358, 388, 1, -1, -0.7853981633974483, 1.4142135623730951
2686, 7, 565, 205, 563, 202, 2, 3, 0.982793723247329, 3.605551275463989
2686, 8, 543, 243, 542, 242, 1, 1, 0.7853981633974483, 1.4142135623730951
2686, 11, 295, 352, 294, 351, 1, 1, 0.7853981633974483, 1.4142135623730951
2686, 12, 522, 139, 521, 140, 1, -1, -0.7853981633974483, 1.4142135623730951
2686, 13, 495, 125, 493, 126, 2, -1, -0.4636476090008061, 2.23606797749979
2686, 18, 340, 360, 339, 361, 1, -1, -0.7853981633974483, 1.4142135623730951
2686, 21, 547, 175, 546, 174, 1, 1, 0.7853981633974483, 1.4142135623730951
2686, 22, 354, 317, 354, 320, 0, -3, -1.5707963267948966, 3.0
2686, 23, 218, 284, 219, 286, -1, -2, -2.0344439357957027, 2.23606797749979
2686, 24, 428, 258, 429, 260, -1, -2, -2.0344439357957027, 2.23606797749979
2686, 32, 354, 380, 353, 381, 1, -1, -0.7853981633974483, 1.4142135623730951
2686, 33, 437, 174, 437, 176, 0, -2, -1.5707963267948966, 2.0
2686, 34, 388, 225, 388, 227, 0, -2, -1.5707963267948966, 2.0
2687, 0, 362, 295, 363, 297, -1, -2, -2.0344439357957027, 2.23606797749979
2687, 5, 565, 263, 566, 262, -1, 1, 2.356194490192345, 1.4142135623730951
2687, 7, 566, 206, 565, 205, 1, 1, 0.7853981633974483, 1.4142135623730951
2687, 8, 544, 244, 543, 243, 1, 1, 0.7853981633974483, 1.4142135623730951
2687, 10, 503, 121, 502, 120, 1, 1, 0.7853981633974483, 1.4142135623730951
2687, 17, 341, 359, 340, 360, 1, -1, -0.7853981633974483, 1.4142135623730951
2687, 20, 547, 177, 547, 175, 0, 2, 1.5707963267948966, 2.0
2687, 22, 216, 282, 218, 284, -2, -2, -2.356194490192345, 2.8284271247461903
2687, 23, 424, 256, 428, 258, -4, -2, -2.677945044588987, 4.47213595499958
2687, 26, 515, 189, 516, 188, -1, 1, 2.356194490192345, 1.4142135623730951
2687, 31, 355, 378, 354, 380, 1, -2, -1.1071487177940904, 2.23606797749979
2687, 32, 436, 172, 437, 174, -1, -2, -2.0344439357957027, 2.23606797749979
2688, 0, 361, 293, 362, 295, -1, -2, -2.0344439357957027, 2.23606797749979
2688, 4, 360, 385, 359, 386, 1, -1, -0.7853981633974483, 1.4142135623730951
2688, 6, 425, 114, 427, 115, -2, -1, -2.677945044588987, 2.23606797749979
2688, 7, 567, 207, 566, 206, 1, 1, 0.7853981633974483, 1.4142135623730951
2688, 8, 545, 245, 544, 244, 1, 1, 0.7853981633974483, 1.4142135623730951
2688, 12, 523, 141, 523, 139, 0, 2, 1.5707963267948966, 2.0
2688, 19, 548, 178, 547, 177, 1, 1, 0.7853981633974483, 1.4142135623730951
2688, 21, 214, 280, 216, 282, -2, -2, -2.356194490192345, 2.8284271247461903
2688, 25, 514, 190, 515, 189, -1, 1, 2.356194490192345, 1.4142135623730951
2688, 30, 356, 377, 355, 378, 1, -1, -0.7853981633974483, 1.4142135623730951
2689, 6, 426, 112, 425, 114, 1, -2, -1.1071487177940904, 2.23606797749979
2689, 7, 569, 207, 567, 207, 2, 0, 0.0, 2.0
2689, 12, 524, 143, 523, 141, 1, 2, 1.1071487177940904, 2.23606797749979
2689, 16, 301, 378, 300, 379, 1, -1, -0.7853981633974483, 1.4142135623730951
2689, 18, 549, 179, 548, 178, 1, 1, 0.7853981633974483, 1.4142135623730951
2689, 20, 213, 278, 214, 280, -1, -2, -2.0344439357957027, 2.23606797749979
2689, 22, 622, 343, 619, 343, 3, 0, 0.0, 3.0
2689, 23, 615, 224, 614, 225, 1, -1, -0.7853981633974483, 1.4142135623730951
2689, 27, 474, 109, 473, 110, 1, -1, -0.7853981633974483, 1.4142135623730951
2689, 29, 357, 376, 356, 377, 1, -1, -0.7853981633974483, 1.4142135623730951
2689, 30, 436, 169, 436, 171, 0, -2, -1.5707963267948966, 2.0
2690, 1, 526, 189, 526, 187, 0, 2, 1.5707963267948966, 2.0
2690, 2, 361, 387, 360, 388, 1, -1, -0.7853981633974483, 1.4142135623730951
2690, 16, 594, 249, 595, 251, -1, -2, -2.0344439357957027, 2.23606797749979
2690, 18, 370, 243, 370, 245, 0, -2, -1.5707963267948966, 2.0
2690, 21, 531, 147, 530, 146, 1, 1, 0.7853981633974483, 1.4142135623730951
2690, 25, 518, 189, 518, 187, 0, 2, 1.5707963267948966, 2.0
2691, 1, 526, 191, 526, 189, 0, 2, 1.5707963267948966, 2.0
2691, 6, 549, 180, 548, 179, 1, 1, 0.7853981633974483, 1.4142135623730951
2691, 7, 245, 338, 246, 336, -1, 2, 2.0344439357957027, 2.23606797749979
2691, 12, 563, 189, 562, 190, 1, -1, -0.7853981633974483, 1.4142135623730951
2691, 13, 593, 247, 594, 249, -1, -2, -2.0344439357957027, 2.23606797749979
2691, 18, 399, 254, 399, 256, 0, -2, -1.5707963267948966, 2.0
2691, 21, 519, 191, 518, 189, 1, 2, 1.1071487177940904, 2.23606797749979
2691, 24, 409, 182, 409, 184, 0, -2, -1.5707963267948966, 2.0
2691, 25, 547, 244, 546, 243, 1, 1, 0.7853981633974483, 1.4142135623730951
2692, 1, 527, 193, 526, 191, 1, 2, 1.1071487177940904, 2.23606797749979
2692, 2, 362, 385, 361, 386, 1, -1, -0.7853981633974483, 1.4142135623730951
2692, 4, 507, 123, 506, 122, 1, 1, 0.7853981633974483, 1.4142135623730951
2692, 6, 550, 181, 549, 180, 1, 1, 0.7853981633974483, 1.4142135623730951
2692, 7, 246, 339, 245, 338, 1, 1, 0.7853981633974483, 1.4142135623730951
2692, 12, 565, 191, 563, 189, 2, 2, 0.7853981633974483, 2.8284271247461903
2692, 17, 532, 145, 531, 146, 1, -1, -0.7853981633974483, 1.4142135623730951
2692, 20, 519, 193, 519, 191, 0, 2, 1.5707963267948966, 2.0
2693, 0, 527, 195, 527, 193, 0, 2, 1.5707963267948966, 2.0
2693, 7, 498, 132, 497, 133, 1, -1, -0.7853981633974483, 1.4142135623730951
2693, 10, 568, 193, 565, 191, 3, 2, 0.5880026035475675, 3.605551275463989
2693, 15, 533, 144, 532, 145, 1, -1, -0.7853981633974483, 1.4142135623730951
2694, 0, 528, 197, 527, 195, 1, 2, 1.1071487177940904, 2.23606797749979
2694, 1, 363, 383, 362, 384, 1, -1, -0.7853981633974483, 1.4142135623730951
2694, 5, 551, 184, 550, 182, 1, 2, 1.1071487177940904, 2.23606797749979
2694, 10, 571, 195, 568, 193, 3, 2, 0.5880026035475675, 3.605551275463989
2694, 15, 535, 143, 533, 144, 2, -1, -0.4636476090008061, 2.23606797749979
2695, 0, 362, 292, 363, 294, -1, -2, -2.0344439357957027, 2.23606797749979
2695, 1, 422, 299, 423, 301, -1, -2, -2.0344439357957027, 2.23606797749979
2695, 3, 364, 384, 363, 386, 1, -2, -1.1071487177940904, 2.23606797749979
2695, 7, 569, 267, 568, 266, 1, 1, 0.7853981633974483, 1.4142135623730951
2695, 9, 607, 309, 608, 308, -1, 1, 2.356194490192345, 1.4142135623730951
2695, 11, 567, 202, 568, 204, -1, -2, -2.0344439357957027, 2.23606797749979
2695, 15, 522, 198, 523, 197, -1, 1, 2.356194490192345, 1.4142135623730951
2695, 18, 371, 240, 371, 242, 0, -2, -1.5707963267948966, 2.0
2696, 0, 362, 290, 362, 292, 0, -2, -1.5707963267948966, 2.0
2696, 1, 422, 297, 422, 299, 0, -2, -1.5707963267948966, 2.0
2696, 2, 411, 324, 411, 326, 0, -2, -1.5707963267948966, 2.0
2696, 4, 529, 196, 529, 194, 0, 2, 1.5707963267948966, 2.0
2696, 8, 562, 164, 561, 165, 1, -1, -0.7853981633974483, 1.4142135623730951
2696, 17, 404, 328, 404, 330, 0, -2, -1.5707963267948966, 2.0
2697, 2, 365, 382, 364, 383, 1, -1, -0.7853981633974483, 1.4142135623730951
2697, 3, 530, 198, 529, 196, 1, 2, 1.1071487177940904, 2.23606797749979
2697, 4, 509, 126, 508, 125, 1, 1, 0.7853981633974483, 1.4142135623730951
2697, 14, 304, 379, 303, 380, 1, -1, -0.7853981633974483, 1.4142135623730951
2697, 18, 622, 342, 621, 343, 1, -1, -0.7853981633974483, 1.4142135623730951
2698, 2, 530, 200, 530, 198, 0, 2, 1.5707963267948966, 2.0
2698, 4, 531, 143, 528, 142, 3, 1, 0.3217505543966422, 3.1622776601683795
2698, 10, 551, 186, 550, 184, 1, 2, 1.1071487177940904, 2.23606797749979
2698, 11, 610, 263, 609, 260, 1, 3, 1.2490457723982544, 3.1622776601683795
2699, 1, 366, 380, 365, 381, 1, -1, -0.7853981633974483, 1.4142135623730951
2699, 2, 531, 201, 530, 200, 1, 1, 0.7853981633974483, 1.4142135623730951
2699, 3, 511, 127, 510, 126, 1, 1, 0.7853981633974483, 1.4142135623730951
2699, 4, 533, 144, 531, 143, 2, 1, 0.4636476090008061, 2.23606797749979
2699, 6, 566, 165, 563, 163, 3, 2, 0.5880026035475675, 3.605551275463989
2700, 5, 534, 148, 533, 146, 1, 2, 1.1071487177940904, 2.23606797749979
2700, 6, 554, 187, 553, 186, 1, 1, 0.7853981633974483, 1.4142135623730951
2700, 15, 578, 174, 577, 173, 1, 1, 0.7853981633974483, 1.4142135623730951
2700, 18, 408, 202, 408, 204, 0, -2, -1.5707963267948966, 2.0
2700, 20, 305, 370, 304, 371, 1, -1, -0.7853981633974483, 1.4142135623730951
2700, 21, 484, 109, 483, 110, 1, -1, -0.7853981633974483, 1.4142135623730951
2700, 27, 566, 198, 567, 201, -1, -3, -1.892546881191539, 3.1622776601683795
2700, 30, 371, 239, 371, 241, 0, -2, -1.5707963267948966, 2.0
2700, 34, 552, 221, 551, 220, 1, 1, 0.7853981633974483, 1.4142135623730951
2700, 35, 565, 167, 563, 166, 2, 1, 0.4636476090008061, 2.23606797749979
2700, 39, 363, 313, 363, 315, 0, -2, -1.5707963267948966, 2.0
2700, 41, 436, 167, 435, 168, 1, -1, -0.7853981633974483, 1.4142135623730951
2700, 51, 431, 341, 431, 343, 0, -2, -1.5707963267948966, 2.0
2700, 55, 227, 335, 226, 334, 1, 1, 0.7853981633974483, 1.4142135623730951
2700, 56, 245, 280, 246, 279, -1, 1, 2.356194490192345, 1.4142135623730951
2701, 1, 367, 382, 366, 383, 1, -1, -0.7853981633974483, 1.4142135623730951
2701, 2, 532, 201, 531, 200, 1, 1, 0.7853981633974483, 1.4142135623730951
2701, 3, 608, 313, 607, 310, 1, 3, 1.2490457723982544, 3.1622776601683795
2701, 4, 535, 152, 534, 148, 1, 4, 1.3258176636680326, 4.123105625617661
2701, 5, 556, 190, 554, 187, 2, 3, 0.982793723247329, 3.605551275463989
2701, 6, 430, 112, 427, 114, 3, -2, -0.5880026035475675, 3.605551275463989
2701, 7, 514, 128, 513, 127, 1, 1, 0.7853981633974483, 1.4142135623730951
2701, 10, 534, 155, 534, 157, 0, -2, -1.5707963267948966, 2.0
2701, 15, 387, 158, 387, 160, 0, -2, -1.5707963267948966, 2.0
2701, 18, 444, 283, 445, 282, -1, 1, 2.356194490192345, 1.4142135623730951
2701, 19, 307, 369, 305, 370, 2, -1, -0.4636476090008061, 2.23606797749979
2701, 21, 272, 380, 270, 381, 2, -1, -0.4636476090008061, 2.23606797749979
2701, 25, 285, 358, 282, 359, 3, -1, -0.3217505543966422, 3.1622776601683795
2701, 26, 410, 181, 410, 183, 0, -2, -1.5707963267948966, 2.0
2701, 27, 269, 317, 268, 316, 1, 1, 0.7853981633974483, 1.4142135623730951
2701, 28, 444, 169, 443, 171, 1, -2, -1.1071487177940904, 2.23606797749979
2701, 29, 348, 348, 348, 350, 0, -2, -1.5707963267948966, 2.0
2701, 32, 567, 169, 565, 167, 2, 2, 0.7853981633974483, 2.8284271247461903
2701, 36, 363, 311, 363, 313, 0, -2, -1.5707963267948966, 2.0
2701, 37, 616, 230, 615, 228, 1, 2, 1.1071487177940904, 2.23606797749979
2701, 39, 377, 206, 378, 208, -1, -2, -2.0344439357957027, 2.23606797749979
2701, 44, 554, 261, 555, 263, -1, -2, -2.0344439357957027, 2.23606797749979
2701, 45, 464, 238, 466, 239, -2, -1, -2.677945044588987, 2.23606797749979
2701, 49, 228, 336, 227, 335, 1, 1, 0.7853981633974483, 1.4142135623730951
2701, 50, 244, 281, 245, 280, -1, 1, 2.356194490192345, 1.4142135623730951
2701, 52, 488, 152, 487, 153, 1, -1, -0.7853981633974483, 1.4142135623730951
2702, 8, 568, 271, 569, 270, -1, 1, 2.356194490192345, 1.4142135623730951
2702, 13, 579, 176, 578, 175, 1, 1, 0.7853981633974483, 1.4142135623730951
2702, 16, 408, 199, 408, 201, 0, -2, -1.5707963267948966, 2.0
2702, 19, 486, 109, 484, 109, 2, 0, 0.0, 2.0
2702, 30, 569, 171, 567, 169, 2, 2, 0.7853981633974483, 2.8284271247461903
2702, 42, 552, 260, 554, 261, -2, -1, -2.677945044588987, 2.23606797749979
2702, 49, 489, 151, 488, 152, 1, -1, -0.7853981633974483, 1.4142135623730951
2703, 4, 536, 152, 535, 153, 1, -1, -0.7853981633974483, 1.4142135623730951
2703, 7, 516, 129, 515, 128, 1, 1, 0.7853981633974483, 1.4142135623730951
2703, 10, 533, 153, 534, 155, -1, -2, -2.0344439357957027, 2.23606797749979
2703, 13, 582, 180, 579, 176, 3, 4, 0.9272952180016122, 5.0
2703, 14, 387, 155, 387, 157, 0, -2, -1.5707963267948966, 2.0
2703, 26, 268, 318, 269, 317, -1, 1, 2.356194490192345, 1.4142135623730951
2703, 34, 363, 308, 363, 310, 0, -2, -1.5707963267948966, 2.0
2703, 48, 490, 150, 489, 151, 1, -1, -0.7853981633974483, 1.4142135623730951
2704, 8, 567, 272, 568, 271, -1, 1, 2.356194490192345, 1.4142135623730951
2704, 14, 387, 153, 387, 155, 0, -2, -1.5707963267948966, 2.0
2704, 16, 408, 196, 408, 198, 0, -2, -1.5707963267948966, 2.0
2704, 17, 309, 369, 308, 370, 1, -1, -0.7853981633974483, 1.4142135623730951
2704, 18, 488, 108, 487, 109, 1, -1, -0.7853981633974483, 1.4142135623730951
2704, 29, 569, 173, 568, 171, 1, 2, 1.1071487177940904, 2.23606797749979
2704, 32, 362, 306, 363, 308, -1, -2, -2.0344439357957027, 2.23606797749979
2704, 35, 377, 202, 377, 204, 0, -2, -1.5707963267948966, 2.0
2704, 44, 245, 283, 244, 282, 1, 1, 0.7853981633974483, 1.4142135623730951
2704, 46, 491, 149, 490, 150, 1, -1, -0.7853981633974483, 1.4142135623730951
2705, 4, 369, 381, 368, 382, 1, -1, -0.7853981633974483, 1.4142135623730951
2705, 10, 518, 131, 517, 130, 1, 1, 0.7853981633974483, 1.4142135623730951
2705, 11, 362, 306, 363, 308, -1, -2, -2.0344439357957027, 2.23606797749979
2705, 20, 568, 175, 568, 173, 0, 2, 1.5707963267948966, 2.0
2705, 40, 499, 146, 498, 147, 1, -1, -0.7853981633974483, 1.4142135623730951
2705, 44, 511, 164, 512, 163, -1, 1, 2.356194490192345, 1.4142135623730951
2706, 1, 531, 205, 532, 204, -1, 1, 2.356194490192345, 1.4142135623730951
2706, 9, 519, 132, 518, 131, 1, 1, 0.7853981633974483, 1.4142135623730951
2706, 10, 362, 304, 362, 306, 0, -2, -1.5707963267948966, 2.0
2706, 12, 522, 205, 522, 203, 0, 2, 1.5707963267948966, 2.0
2706, 14, 535, 156, 536, 155, -1, 1, 2.356194490192345, 1.4142135623730951
2706, 15, 445, 165, 444, 167, 1, -2, -1.1071487177940904, 2.23606797749979
2706, 17, 370, 235, 371, 237, -1, -2, -2.0344439357957027, 2.23606797749979
2706, 18, 569, 176, 568, 175, 1, 1, 0.7853981633974483, 1.4142135623730951
2706, 26, 489, 109, 488, 110, 1, -1, -0.7853981633974483, 1.4142135623730951
2706, 33, 438, 177, 437, 178, 1, -1, -0.7853981633974483, 1.4142135623730951
2706, 36, 500, 145, 499, 146, 1, -1, -0.7853981633974483, 1.4142135623730951
2707, 10, 523, 206, 522, 205, 1, 1, 0.7853981633974483, 1.4142135623730951
2707, 12, 535, 158, 535, 156, 0, 2, 1.5707963267948966, 2.0
2707, 26, 546, 248, 546, 246, 0, 2, 1.5707963267948966, 2.0
2707, 29, 439, 176, 438, 177, 1, -1, -0.7853981633974483, 1.4142135623730951
2708, 1, 530, 207, 531, 206, -1, 1, 2.356194490192345, 1.4142135623730951
2708, 2, 569, 273, 570, 272, -1, 1, 2.356194490192345, 1.4142135623730951
2708, 8, 521, 133, 520, 132, 1, 1, 0.7853981633974483, 1.4142135623730951
2708, 11, 489, 152, 487, 152, 2, 0, 0.0, 2.0
2708, 13, 445, 162, 445, 164, 0, -2, -1.5707963267948966, 2.0
2708, 22, 492, 108, 490, 109, 2, -1, -0.4636476090008061, 2.23606797749979
2708, 26, 547, 251, 546, 248, 1, 3, 1.2490457723982544, 3.1622776601683795
2708, 29, 441, 175, 439, 176, 2, -1, -0.4636476090008061, 2.23606797749979
2708, 32, 502, 144, 501, 145, 1, -1, -0.7853981633974483, 1.4142135623730951
2709, 1, 531, 208, 530, 207, 1, 1, 0.7853981633974483, 1.4142135623730951
2709, 3, 371, 378, 370, 379, 1, -1, -0.7853981633974483, 1.4142135623730951
2709, 11, 491, 152, 489, 152, 2, 0, 0.0, 2.0
2709, 13, 445, 160, 445, 162, 0, -2, -1.5707963267948966, 2.0
2709, 15, 370, 231, 370, 233, 0, -2, -1.5707963267948966, 2.0
2709, 26, 547, 253, 547, 251, 0, 2, 1.5707963267948966, 2.0
2709, 29, 442, 174, 441, 175, 1, -1, -0.7853981633974483, 1.4142135623730951
2709, 32, 504, 143, 502, 144, 2, -1, -0.4636476090008061, 2.23606797749979
2710, 0, 533, 209, 533, 207, 0, 2, 1.5707963267948966, 2.0
2710, 4, 372, 381, 371, 382, 1, -1, -0.7853981633974483, 1.4142135623730951
2710, 6, 494, 154, 491, 154, 3, 0, 0.0, 3.0
2710, 8, 559, 195, 558, 194, 1, 1, 0.7853981633974483, 1.4142135623730951
2710, 9, 522, 133, 521, 132, 1, 1, 0.7853981633974483, 1.4142135623730951
2710, 11, 548, 253, 547, 250, 1, 3, 1.2490457723982544, 3.1622776601683795
2710, 13, 362, 305, 363, 307, -1, -2, -2.0344439357957027, 2.23606797749979
2710, 19, 447, 166, 447, 168, 0, -2, -1.5707963267948966, 2.0
2710, 21, 524, 208, 523, 207, 1, 1, 0.7853981633974483, 1.4142135623730951
2710, 22, 229, 292, 230, 294, -1, -2, -2.0344439357957027, 2.23606797749979
2710, 23, 579, 186, 578, 185, 1, 1, 0.7853981633974483, 1.4142135623730951
2710, 30, 538, 161, 536, 159, 2, 2, 0.7853981633974483, 2.8284271247461903
2710, 46, 372, 233, 372, 235, 0, -2, -1.5707963267948966, 2.0
2711, 5, 497, 154, 494, 154, 3, 0, 0.0, 3.0
2711, 8, 521, 135, 522, 133, -1, 2, 2.0344439357957027, 2.23606797749979
2711, 10, 549, 255, 548, 253, 1, 2, 1.1071487177940904, 2.23606797749979
2711, 16, 448, 164, 447, 166, 1, -2, -1.1071487177940904, 2.23606797749979
2711, 24, 541, 160, 538, 161, 3, -1, -0.3217505543966422, 3.1622776601683795
2711, 31, 564, 250, 563, 249, 1, 1, 0.7853981633974483, 1.4142135623730951
2711, 35, 383, 325, 383, 327, 0, -2, -1.5707963267948966, 2.0
2712, 2, 373, 379, 372, 380, 1, -1, -0.7853981633974483, 1.4142135623730951
2712, 4, 499, 154, 497, 154, 2, 0, 0.0, 2.0
2712, 7, 522, 136, 521, 135, 1, 1, 0.7853981633974483, 1.4142135623730951
2712, 8, 432, 106, 431, 108, 1, -2, -1.1071487177940904, 2.23606797749979
2712, 9, 551, 257, 549, 255, 2, 2, 0.7853981633974483, 2.8284271247461903
2712, 15, 448, 162, 448, 164, 0, -2, -1.5707963267948966, 2.0
2712, 22, 541, 158, 541, 160, 0, -2, -1.5707963267948966, 2.0
2712, 32, 492, 109, 491, 110, 1, -1, -0.7853981633974483, 1.4142135623730951
2713, 8, 552, 258, 551, 257, 1, 1, 0.7853981633974483, 1.4142135623730951
2713, 12, 449, 161, 448, 162, 1, -1, -0.7853981633974483, 1.4142135623730951
2714, 7, 525, 137, 523, 136, 2, 1, 0.4636476090008061, 2.23606797749979
2714, 10, 314, 378, 313, 379, 1, -1, -0.7853981633974483, 1.4142135623730951
2714, 12, 449, 159, 449, 161, 0, -2, -1.5707963267948966, 2.0
2715, 4, 571, 278, 572, 277, -1, 1, 2.356194490192345, 1.4142135623730951
2715, 5, 535, 214, 535, 212, 0, 2, 1.5707963267948966, 2.0
2715, 8, 562, 198, 561, 197, 1, 1, 0.7853981633974483, 1.4142135623730951
2715, 11, 548, 169, 547, 168, 1, 1, 0.7853981633974483, 1.4142135623730951
2715, 13, 584, 213, 581, 212, 3, 1, 0.3217505543966422, 3.1622776601683795
2715, 15, 540, 157, 540, 159, 0, -2, -1.5707963267948966, 2.0
2715, 16, 314, 377, 313, 378, 1, -1, -0.7853981633974483, 1.4142135623730951
2715, 17, 351, 351, 350, 352, 1, -1, -0.7853981633974483, 1.4142135623730951
2715, 23, 404, 345, 405, 347, -1, -2, -2.0344439357957027, 2.23606797749979
2715, 39, 371, 370, 370, 372, 1, -2, -1.1071487177940904, 2.23606797749979
2715, 45, 400, 246, 400, 248, 0, -2, -1.5707963267948966, 2.0
2715, 46, 445, 121, 442, 123, 3, -2, -0.5880026035475675, 3.605551275463989
2715, 47, 443, 159, 443, 161, 0, -2, -1.5707963267948966, 2.0
2716, 3, 376, 379, 375, 380, 1, -1, -0.7853981633974483, 1.4142135623730951
2716, 5, 534, 216, 535, 214, -1, 2, 2.0344439357957027, 2.23606797749979
2716, 8, 563, 199, 562, 198, 1, 1, 0.7853981633974483, 1.4142135623730951
2716, 10, 434, 107, 433, 108, 1, -1, -0.7853981633974483, 1.4142135623730951
2716, 11, 547, 170, 548, 169, -1, 1, 2.356194490192345, 1.4142135623730951
2716, 13, 586, 213, 584, 213, 2, 0, 0.0, 2.0
2716, 15, 542, 158, 540, 157, 2, 1, 0.4636476090008061, 2.23606797749979
2716, 17, 352, 349, 351, 351, 1, -2, -1.1071487177940904, 2.23606797749979
2716, 19, 301, 355, 300, 354, 1, 1, 0.7853981633974483, 1.4142135623730951
2716, 22, 577, 200, 578, 202, -1, -2, -2.0344439357957027, 2.23606797749979
2716, 31, 294, 332, 293, 331, 1, 1, 0.7853981633974483, 1.4142135623730951
2716, 33, 496, 109, 495, 110, 1, -1, -0.7853981633974483, 1.4142135623730951
2716, 38, 372, 369, 371, 370, 1, -1, -0.7853981633974483, 1.4142135623730951
2716, 44, 449, 120, 445, 121, 4, -1, -0.24497866312686414, 4.123105625617661
2717, 1, 363, 279, 364, 281, -1, -2, -2.0344439357957027, 2.23606797749979
2717, 3, 570, 279, 571, 278, -1, 1, 2.356194490192345, 1.4142135623730951
2717, 5, 529, 136, 527, 135, 2, 1, 0.4636476090008061, 2.23606797749979
2717, 10, 548, 171, 547, 170, 1, 1, 0.7853981633974483, 1.4142135623730951
2717, 12, 542, 162, 542, 158, 0, 4, 1.5707963267948966, 4.0
2717, 13, 316, 375, 315, 377, 1, -2, -1.1071487177940904, 2.23606797749979
2717, 14, 353, 348, 352, 349, 1, -1, -0.7853981633974483, 1.4142135623730951
2717, 16, 302, 354, 301, 355, 1, -1, -0.7853981633974483, 1.4142135623730951
2717, 19, 577, 198, 577, 200, 0, -2, -1.5707963267948966, 2.0
2717, 35, 373, 367, 372, 369, 1, -2, -1.1071487177940904, 2.23606797749979
2717, 41, 450, 119, 449, 120, 1, -1, -0.7853981633974483, 1.4142135623730951
2717, 42, 444, 156, 443, 158, 1, -2, -1.1071487177940904, 2.23606797749979
2718, 1, 377, 377, 376, 378, 1, -1, -0.7853981633974483, 1.4142135623730951
2718, 3, 533, 218, 534, 217, -1, 1, 2.356194490192345, 1.4142135623730951
2718, 4, 531, 137, 529, 136, 2, 1, 0.4636476090008061, 2.23606797749979
2718, 11, 317, 374, 316, 375, 1, -1, -0.7853981633974483, 1.4142135623730951
2718, 12, 354, 347, 353, 348, 1, -1, -0.7853981633974483, 1.4142135623730951
2718, 17, 577, 196, 577, 198, 0, -2, -1.5707963267948966, 2.0
2718, 23, 482, 136, 481, 137, 1, -1, -0.7853981633974483, 1.4142135623730951
2718, 27, 433, 333, 433, 335, 0, -2, -1.5707963267948966, 2.0
2718, 28, 499, 108, 497, 109, 2, -1, -0.4636476090008061, 2.23606797749979
2718, 33, 374, 366, 373, 367, 1, -1, -0.7853981633974483, 1.4142135623730951
2718, 35, 234, 336, 233, 337, 1, -1, -0.7853981633974483, 1.4142135623730951
2719, 0, 363, 276, 363, 278, 0, -2, -1.5707963267948966, 2.0
2719, 4, 532, 138, 531, 137, 1, 1, 0.7853981633974483, 1.4142135623730951
2719, 5, 565, 201, 564, 200, 1, 1, 0.7853981633974483, 1.4142135623730951
2719, 15, 580, 186, 579, 187, 1, -1, -0.7853981633974483, 1.4142135623730951
2719, 16, 578, 195, 577, 196, 1, -1, -0.7853981633974483, 1.4142135623730951
2719, 17, 405, 341, 404, 342, 1, -1, -0.7853981633974483, 1.4142135623730951
2719, 29, 439, 138, 439, 140, 0, -2, -1.5707963267948966, 2.0
2719, 31, 561, 303, 560, 302, 1, 1, 0.7853981633974483, 1.4142135623730951
2719, 32, 375, 365, 374, 366, 1, -1, -0.7853981633974483, 1.4142135623730951
2719, 34, 233, 338, 234, 336, -1, 2, 2.0344439357957027, 2.23606797749979
2719, 36, 250, 265, 252, 265, -2, 0, 3.141592653589793, 2.0
2719, 38, 451, 119, 450, 118, 1, 1, 0.7853981633974483, 1.4142135623730951
2719, 39, 444, 153, 444, 155, 0, -2, -1.5707963267948966, 2.0
2720, 1, 364, 279, 365, 281, -1, -2, -2.0344439357957027, 2.23606797749979
2720, 3, 378, 377, 377, 378, 1, -1, -0.7853981633974483, 1.4142135623730951
2720, 9, 532, 140, 530, 139, 2, 1, 0.4636476090008061, 2.23606797749979
2720, 12, 587, 214, 586, 215, 1, -1, -0.7853981633974483, 1.4142135623730951
2720, 17, 574, 185, 572, 183, 2, 2, 0.7853981633974483, 2.8284271247461903
2720, 18, 581, 199, 579, 200, 2, -1, -0.4636476090008061, 2.23606797749979
2720, 29, 399, 242, 399, 244, 0, -2, -1.5707963267948966, 2.0
2720, 33, 280, 383, 279, 384, 1, -1, -0.7853981633974483, 1.4142135623730951
2720, 44, 496, 148, 495, 149, 1, -1, -0.7853981633974483, 1.4142135623730951
2721, 4, 535, 218, 536, 217, -1, 1, 2.356194490192345, 1.4142135623730951
2721, 9, 533, 141, 532, 140, 1, 1, 0.7853981633974483, 1.4142135623730951
2721, 12, 587, 212, 587, 214, 0, -2, -1.5707963267948966, 2.0
2721, 17, 576, 185, 574, 185, 2, 0, 0.0, 2.0
2721, 18, 583, 199, 581, 199, 2, 0, 0.0, 2.0
2721, 21, 357, 342, 357, 344, 0, -2, -1.5707963267948966, 2.0
2721, 25, 381, 193, 381, 195, 0, -2, -1.5707963267948966, 2.0
2721, 28, 374, 226, 374, 228, 0, -2, -1.5707963267948966, 2.0
2721, 31, 548, 170, 547, 168, 1, 2, 1.1071487177940904, 2.23606797749979
2721, 40, 594, 256, 595, 258, -1, -2, -2.0344439357957027, 2.23606797749979
2721, 44, 440, 165, 439, 167, 1, -2, -1.1071487177940904, 2.23606797749979
2722, 1, 363, 276, 364, 278, -1, -2, -2.0344439357957027, 2.23606797749979
2722, 3, 379, 375, 378, 376, 1, -1, -0.7853981633974483, 1.4142135623730951
2722, 11, 553, 178, 554, 177, -1, 1, 2.356194490192345, 1.4142135623730951
2722, 16, 577, 184, 576, 185, 1, -1, -0.7853981633974483, 1.4142135623730951
2722, 19, 317, 379, 316, 380, 1, -1, -0.7853981633974483, 1.4142135623730951
2722, 27, 374, 224, 374, 226, 0, -2, -1.5707963267948966, 2.0
2722, 28, 549, 172, 548, 170, 1, 2, 1.1071487177940904, 2.23606797749979
2722, 37, 415, 172, 415, 174, 0, -2, -1.5707963267948966, 2.0
2722, 38, 499, 148, 497, 148, 2, 0, 0.0, 2.0
2722, 39, 440, 163, 440, 165, 0, -2, -1.5707963267948966, 2.0
2723, 0, 362, 274, 363, 276, -1, -2, -2.0344439357957027, 2.23606797749979
2723, 3, 536, 220, 535, 219, 1, 1, 0.7853981633974483, 1.4142135623730951
2723, 6, 436, 105, 435, 106, 1, -1, -0.7853981633974483, 1.4142135623730951
2723, 8, 534, 143, 533, 142, 1, 1, 0.7853981633974483, 1.4142135623730951
2723, 16, 586, 201, 583, 199, 3, 2, 0.5880026035475675, 3.605551275463989
2723, 17, 257, 347, 256, 346, 1, 1, 0.7853981633974483, 1.4142135623730951
2723, 23, 382, 191, 381, 192, 1, -1, -0.7853981633974483, 1.4142135623730951
2723, 26, 374, 222, 374, 224, 0, -2, -1.5707963267948966, 2.0
2723, 27, 550, 176, 549, 172, 1, 4, 1.3258176636680326, 4.123105625617661
2723, 31, 552, 250, 550, 248, 2, 2, 0.7853981633974483, 2.8284271247461903
2723, 37, 501, 148, 499, 148, 2, 0, 0.0, 2.0
2723, 38, 441, 160, 440, 163, 1, -3, -1.2490457723982544, 3.1622776601683795
2723, 40, 606, 335, 605, 334, 1, 1, 0.7853981633974483, 1.4142135623730951
2724, 0, 362, 272, 362, 274, 0, -2, -1.5707963267948966, 2.0
2724, 1, 380, 372, 379, 374, 1, -2, -1.1071487177940904, 2.23606797749979
2724, 3, 605, 317, 606, 316, -1, 1, 2.356194490192345, 1.4142135623730951
2724, 7, 535, 144, 534, 143, 1, 1, 0.7853981633974483, 1.4142135623730951
2724, 10, 505, 152, 504, 153, 1, -1, -0.7853981633974483, 1.4142135623730951
2724, 11, 529, 226, 530, 225, -1, 1, 2.356194490192345, 1.4142135623730951
2724, 13, 589, 202, 586, 201, 3, 1, 0.3217505543966422, 3.1622776601683795
2724, 20, 383, 190, 382, 191, 1, -1, -0.7853981633974483, 1.4142135623730951
2724, 22, 511, 146, 512, 145, -1, 1, 2.356194490192345, 1.4142135623730951
2724, 23, 373, 220, 374, 222, -1, -2, -2.0344439357957027, 2.23606797749979
2724, 24, 550, 178, 550, 176, 0, 2, 1.5707963267948966, 2.0
2724, 27, 554, 251, 552, 250, 2, 1, 0.4636476090008061, 2.23606797749979
2724, 34, 442, 157, 441, 160, 1, -3, -1.2490457723982544, 3.1622776601683795
2724, 37, 359, 306, 358, 307, 1, -1, -0.7853981633974483, 1.4142135623730951
2725, 0, 364, 276, 365, 278, -1, -2, -2.0344439357957027, 2.23606797749979
2725, 4, 381, 376, 380, 377, 1, -1, -0.7853981633974483, 1.4142135623730951
2725, 5, 438, 107, 437, 108, 1, -1, -0.7853981633974483, 1.4142135623730951
2725, 6, 534, 144, 533, 143, 1, 1, 0.7853981633974483, 1.4142135623730951
2725, 8, 444, 278, 445, 280, -1, -2, -2.0344439357957027, 2.23606797749979
2725, 11, 516, 150, 515, 149, 1, 1, 0.7853981633974483, 1.4142135623730951
2725, 19, 523, 147, 522, 146, 1, 1, 0.7853981633974483, 1.4142135623730951
2725, 28, 361, 307, 361, 309, 0, -2, -1.5707963267948966, 2.0
2725, 32, 443, 160, 442, 162, 1, -2, -1.1071487177940904, 2.23606797749979
2725, 34, 454, 159, 453, 160, 1, -1, -0.7853981633974483, 1.4142135623730951
2725, 37, 608, 336, 607, 335, 1, 1, 0.7853981633974483, 1.4142135623730951
2725, 44, 458, 121, 457, 122, 1, -1, -0.7853981633974483, 1.4142135623730951
2726, 0, 363, 274, 364, 276, -1, -2, -2.0344439357957027, 2.23606797749979
2726, 1, 537, 223, 537, 221, 0, 2, 1.5707963267948966, 2.0
2726, 4, 382, 375, 381, 376, 1, -1, -0.7853981633974483, 1.4142135623730951
2726, 6, 535, 146, 534, 144, 1, 2, 1.1071487177940904, 2.23606797749979
2726, 11, 259, 348, 257, 348, 2, 0, 0.0, 2.0
2726, 26, 361, 305, 361, 307, 0, -2, -1.5707963267948966, 2.0
2726, 29, 444, 158, 443, 160, 1, -2, -1.1071487177940904, 2.23606797749979
2726, 31, 455, 158, 454, 159, 1, -1, -0.7853981633974483, 1.4142135623730951
2727, 0, 363, 272, 363, 274, 0, -2, -1.5707963267948966, 2.0
2727, 6, 536, 148, 535, 146, 1, 2, 1.1071487177940904, 2.23606797749979
2727, 10, 518, 152, 516, 151, 2, 1, 0.4636476090008061, 2.23606797749979
2727, 12, 577, 178, 577, 180, 0, -2, -1.5707963267948966, 2.0
2727, 18, 524, 146, 523, 147, 1, -1, -0.7853981633974483, 1.4142135623730951
2727, 28, 461, 288, 463, 289, -2, -1, -2.677945044588987, 2.23606797749979
2727, 29, 445, 156, 444, 158, 1, -2, -1.1071487177940904, 2.23606797749979
2727, 31, 456, 157, 455, 158, 1, -1, -0.7853981633974483, 1.4142135623730951
2727, 34, 610, 335, 609, 336, 1, -1, -0.7853981633974483, 1.4142135623730951
2727, 39, 618, 311, 617, 310, 1, 1, 0.7853981633974483, 1.4142135623730951
2728, 3, 383, 373, 382, 374, 1, -1, -0.7853981633974483, 1.4142135623730951
2728, 5, 539, 149, 536, 148, 3, 1, 0.3217505543966422, 3.1622776601683795
2728, 9, 517, 153, 518, 152, -1, 1, 2.356194490192345, 1.4142135623730951
2728, 10, 257, 349, 258, 348, -1, 1, 2.356194490192345, 1.4142135623730951
2728, 13, 319, 378, 318, 379, 1, -1, -0.7853981633974483, 1.4142135623730951
2728, 16, 524, 148, 524, 146, 0, 2, 1.5707963267948966, 2.0
2728, 27, 446, 155, 445, 156, 1, -1, -0.7853981633974483, 1.4142135623730951
2728, 29, 457, 156, 456, 157, 1, -1, -0.7853981633974483, 1.4142135623730951
2729, 5, 540, 150, 539, 149, 1, 1, 0.7853981633974483, 1.4142135623730951
2729, 9, 518, 154, 517, 153, 1, 1, 0.7853981633974483, 1.4142135623730951
2729, 11, 578, 176, 577, 177, 1, -1, -0.7853981633974483, 1.4142135623730951
2729, 15, 238, 339, 236, 339, 2, 0, 0.0, 2.0
2729, 19, 461, 110, 459, 111, 2, -1, -0.4636476090008061, 2.23606797749979
2729, 25, 460, 285, 461, 287, -1, -2, -2.0344439357957027, 2.23606797749979
2729, 28, 458, 155, 457, 156, 1, -1, -0.7853981633974483, 1.4142135623730951
2729, 34, 295, 332, 294, 333, 1, -1, -0.7853981633974483, 1.4142135623730951
2729, 36, 459, 118, 458, 119, 1, -1, -0.7853981633974483, 1.4142135623730951
2730, 2, 383, 375, 382, 376, 1, -1, -0.7853981633974483, 1.4142135623730951
2730, 6, 540, 148, 539, 147, 1, 1, 0.7853981633974483, 1.4142135623730951
2730, 11, 322, 379, 321, 380, 1, -1, -0.7853981633974483, 1.4142135623730951
2730, 21, 374, 218, 374, 220, 0, -2, -1.5707963267948966, 2.0
2730, 22, 586, 206, 586, 208, 0, -2, -1.5707963267948966, 2.0
2730, 26, 619, 290, 618, 288, 1, 2, 1.1071487177940904, 2.23606797749979
2730, 36, 235, 298, 234, 296, 1, 2, 1.1071487177940904, 2.23606797749979
2730, 44, 598, 216, 597, 215, 1, 1, 0.7853981633974483, 1.4142135623730951
2730, 51, 241, 287, 241, 285, 0, 2, 1.5707963267948966, 2.0
2731, 5, 541, 150, 540, 148, 1, 2, 1.1071487177940904, 2.23606797749979
2731, 9, 323, 378, 322, 379, 1, -1, -0.7853981633974483, 1.4142135623730951
2731, 19, 374, 216, 374, 218, 0, -2, -1.5707963267948966, 2.0
2731, 20, 586, 204, 586, 206, 0, -2, -1.5707963267948966, 2.0
2731, 26, 582, 180, 579, 179, 3, 1, 0.3217505543966422, 3.1622776601683795
2731, 33, 234, 299, 235, 298, -1, 1, 2.356194490192345, 1.4142135623730951
2731, 34, 518, 157, 517, 156, 1, 1, 0.7853981633974483, 1.4142135623730951
2731, 41, 627, 340, 626, 341, 1, -1, -0.7853981633974483, 1.4142135623730951
2731, 44, 459, 159, 458, 160, 1, -1, -0.7853981633974483, 1.4142135623730951
2732, 1, 384, 373, 383, 374, 1, -1, -0.7853981633974483, 1.4142135623730951
2732, 21, 584, 182, 582, 180, 2, 2, 0.7853981633974483, 2.8284271247461903
2732, 26, 493, 137, 492, 138, 1, -1, -0.7853981633974483, 1.4142135623730951
2732, 35, 600, 217, 599, 216, 1, 1, 0.7853981633974483, 1.4142135623730951
2733, 2, 538, 226, 539, 225, -1, 1, 2.356194490192345, 1.4142135623730951
2733, 5, 542, 152, 541, 151, 1, 1, 0.7853981633974483, 1.4142135623730951
2733, 10, 526, 145, 525, 146, 1, -1, -0.7853981633974483, 1.4142135623730951
2733, 14, 374, 213, 374, 215, 0, -2, -1.5707963267948966, 2.0
2733, 15, 585, 201, 586, 203, -1, -2, -2.0344439357957027, 2.23606797749979
2733, 20, 585, 183, 584, 182, 1, 1, 0.7853981633974483, 1.4142135623730951
2733, 26, 232, 300, 234, 300, -2, 0, 3.141592653589793, 2.0
2733, 30, 505, 115, 503, 115, 2, 0, 0.0, 2.0
2733, 39, 240, 291, 241, 289, -1, 2, 2.0344439357957027, 2.23606797749979
2734, 0, 385, 372, 384, 373, 1, -1, -0.7853981633974483, 1.4142135623730951
2734, 4, 543, 153, 542, 152, 1, 1, 0.7853981633974483, 1.4142135623730951
2734, 6, 604, 320, 605, 319, -1, 1, 2.356194490192345, 1.4142135623730951
2734, 7, 441, 103, 440, 104, 1, -1, -0.7853981633974483, 1.4142135623730951
2734, 9, 528, 145, 526, 145, 2, 0, 0.0, 2.0
2734, 13, 373, 211, 374, 213, -1, -2, -2.0344439357957027, 2.23606797749979
2734, 17, 619, 295, 619, 293, 0, 2, 1.5707963267948966, 2.0
2734, 19, 585, 185, 585, 183, 0, 2, 1.5707963267948966, 2.0
2734, 24, 231, 301, 232, 300, -1, 1, 2.356194490192345, 1.4142135623730951
2734, 25, 519, 160, 518, 159, 1, 1, 0.7853981633974483, 1.4142135623730951
2734, 32, 629, 339, 628, 340, 1, -1, -0.7853981633974483, 1.4142135623730951
2734, 33, 534, 233, 533, 232, 1, 1, 0.7853981633974483, 1.4142135623730951
2735, 7, 325, 378, 324, 379, 1, -1, -0.7853981633974483, 1.4142135623730951
2735, 12, 369, 291, 369, 293, 0, -2, -1.5707963267948966, 2.0
2735, 13, 410, 192, 411, 194, -1, -2, -2.0344439357957027, 2.23606797749979
2735, 23, 451, 166, 450, 167, 1, -1, -0.7853981633974483, 1.4142135623730951
2735, 24, 559, 186, 558, 185, 1, 1, 0.7853981633974483, 1.4142135623730951
2735, 31, 634, 321, 633, 320, 1, 1, 0.7853981633974483, 1.4142135623730951
2735, 32, 375, 217, 375, 219, 0, -2, -1.5707963267948966, 2.0
2735, 33, 325, 370, 323, 370, 2, 0, 0.0, 2.0
2735, 34, 460, 155, 459, 156, 1, -1, -0.7853981633974483, 1.4142135623730951
2736, 6, 443, 104, 442, 105, 1, -1, -0.7853981633974483, 1.4142135623730951
2736, 8, 544, 153, 543, 152, 1, 1, 0.7853981633974483, 1.4142135623730951
2736, 10, 410, 190, 410, 192, 0, -2, -1.5707963267948966, 2.0
2736, 19, 452, 165, 451, 166, 1, -1, -0.7853981633974483, 1.4142135623730951
2736, 21, 584, 190, 583, 191, 1, -1, -0.7853981633974483, 1.4142135623730951
2736, 28, 375, 215, 375, 217, 0, -2, -1.5707963267948966, 2.0
2736, 29, 327, 369, 325, 370, 2, -1, -0.4636476090008061, 2.23606797749979
2736, 30, 461, 153, 460, 155, 1, -2, -1.1071487177940904, 2.23606797749979
2736, 33, 301, 337, 300, 338, 1, -1, -0.7853981633974483, 1.4142135623730951
2736, 37, 520, 161, 519, 160, 1, 1, 0.7853981633974483, 1.4142135623730951
2736, 38, 390, 219, 390, 221, 0, -2, -1.5707963267948966, 2.0
2736, 42, 509, 118, 507, 117, 2, 1, 0.4636476090008061, 2.23606797749979
2737, 1, 538, 230, 539, 229, -1, 1, 2.356194490192345, 1.4142135623730951
2737, 3, 387, 373, 386, 374, 1, -1, -0.7853981633974483, 1.4142135623730951
2737, 4, 571, 289, 572, 288, -1, 1, 2.356194490192345, 1.4142135623730951
2737, 5, 326, 376, 325, 377, 1, -1, -0.7853981633974483, 1.4142135623730951
2737, 8, 546, 154, 544, 153, 2, 1, 0.4636476090008061, 2.23606797749979
2737, 10, 411, 189, 410, 190, 1, -1, -0.7853981633974483, 1.4142135623730951
2737, 18, 454, 164, 452, 165, 2, -1, -0.4636476090008061, 2.23606797749979
2737, 19, 560, 188, 559, 187, 1, 1, 0.7853981633974483, 1.4142135623730951
2737, 27, 375, 213, 375, 215, 0, -2, -1.5707963267948966, 2.0
2737, 30, 218, 295, 217, 292, 1, 3, 1.2490457723982544, 3.1622776601683795
2737, 36, 521, 162, 520, 161, 1, 1, 0.7853981633974483, 1.4142135623730951
2737, 37, 390, 217, 390, 219, 0, -2, -1.5707963267948966, 2.0
2738, 5, 327, 375, 326, 376, 1, -1, -0.7853981633974483, 1.4142135623730951
2738, 6, 444, 103, 443, 104, 1, -1, -0.7853981633974483, 1.4142135623730951
2738, 8, 547, 155, 546, 154, 1, 1, 0.7853981633974483, 1.4142135623730951
2738, 18, 456, 163, 454, 164, 2, -1, -0.4636476090008061, 2.23606797749979
2738, 28, 329, 368, 328, 369, 1, -1, -0.7853981633974483, 1.4142135623730951
2738, 29, 462, 151, 461, 152, 1, -1, -0.7853981633974483, 1.4142135623730951
2738, 30, 219, 297, 218, 295, 1, 2, 1.1071487177940904, 2.23606797749979
2738, 36, 522, 163, 521, 162, 1, 1, 0.7853981633974483, 1.4142135623730951
2738, 39, 512, 118, 510, 118, 2, 0, 0.0, 2.0
2739, 0, 423, 286, 423, 288, 0, -2, -1.5707963267948966, 2.0
2739, 1, 538, 233, 538, 231, 0, 2, 1.5707963267948966, 2.0
2739, 2, 607, 322, 606, 321, 1, 1, 0.7853981633974483, 1.4142135623730951
2739, 3, 389, 372, 388, 373, 1, -1, -0.7853981633974483, 1.4142135623730951
2739, 5, 328, 374, 327, 375, 1, -1, -0.7853981633974483, 1.4142135623730951
2739, 6, 445, 102, 444, 103, 1, -1, -0.7853981633974483, 1.4142135623730951
2739, 8, 549, 156, 547, 155, 2, 1, 0.4636476090008061, 2.23606797749979
2739, 12, 557, 177, 555, 176, 2, 1, 0.4636476090008061, 2.23606797749979
2739, 16, 457, 162, 456, 163, 1, -1, -0.7853981633974483, 1.4142135623730951
2739, 21, 534, 158, 533, 157, 1, 1, 0.7853981633974483, 1.4142135623730951
2739, 25, 462, 149, 462, 151, 0, -2, -1.5707963267948966, 2.0
2739, 26, 220, 299, 219, 297, 1, 2, 1.1071487177940904, 2.23606797749979
2739, 29, 494, 141, 492, 141, 2, 0, 0.0, 2.0
2739, 32, 523, 164, 522, 163, 1, 1, 0.7853981633974483, 1.4142135623730951
2739, 35, 513, 119, 512, 118, 1, 1, 0.7853981633974483, 1.4142135623730951
2740, 1, 364, 265, 365, 267, -1, -2, -2.0344439357957027, 2.23606797749979
2740, 3, 539, 234, 539, 232, 0, 2, 1.5707963267948966, 2.0
2740, 4, 389, 373, 388, 374, 1, -1, -0.7853981633974483, 1.4142135623730951
2740, 9, 635, 321, 638, 321, -3, 0, 3.141592653589793, 3.0
2740, 10, 329, 377, 328, 378, 1, -1, -0.7853981633974483, 1.4142135623730951
2740, 12, 549, 158, 548, 157, 1, 1, 0.7853981633974483, 1.4142135623730951
2740, 13, 555, 268, 554, 266, 1, 2, 1.1071487177940904, 2.23606797749979
2740, 22, 558, 178, 555, 176, 3, 2, 0.5880026035475675, 3.605551275463989
2740, 37, 275, 222, 274, 220, 1, 2, 1.1071487177940904, 2.23606797749979
2740, 38, 523, 164, 522, 163, 1, 1, 0.7853981633974483, 1.4142135623730951
2740, 40, 246, 290, 247, 289, -1, 1, 2.356194490192345, 1.4142135623730951
2741, 1, 364, 263, 364, 265, 0, -2, -1.5707963267948966, 2.0
2741, 3, 539, 236, 539, 234, 0, 2, 1.5707963267948966, 2.0
2741, 7, 445, 104, 444, 105, 1, -1, -0.7853981633974483, 1.4142135623730951
2741, 11, 550, 159, 549, 158, 1, 1, 0.7853981633974483, 1.4142135623730951
2741, 12, 556, 270, 555, 268, 1, 2, 1.1071487177940904, 2.23606797749979
2741, 15, 373, 210, 373, 212, 0, -2, -1.5707963267948966, 2.0
2741, 20, 226, 299, 228, 300, -2, -1, -2.677945044588987, 2.23606797749979
2741, 21, 560, 180, 558, 178, 2, 2, 0.7853981633974483, 2.8284271247461903
2741, 36, 524, 165, 523, 164, 1, 1, 0.7853981633974483, 1.4142135623730951
2742, 2, 390, 371, 389, 372, 1, -1, -0.7853981633974483, 1.4142135623730951
2742, 9, 551, 160, 550, 159, 1, 1, 0.7853981633974483, 1.4142135623730951
2742, 10, 557, 271, 556, 270, 1, 1, 0.7853981633974483, 1.4142135623730951
2742, 11, 571, 213, 570, 212, 1, 1, 0.7853981633974483, 1.4142135623730951
2742, 15, 561, 183, 560, 180, 1, 3, 1.2490457723982544, 3.1622776601683795
2742, 30, 525, 166, 524, 165, 1, 1, 0.7853981633974483, 1.4142135623730951
2742, 35, 459, 112, 461, 113, -2, -1, -2.677945044588987, 2.23606797749979
2743, 1, 539, 239, 539, 237, 0, 2, 1.5707963267948966, 2.0
2743, 2, 392, 370, 390, 371, 2, -1, -0.4636476090008061, 2.23606797749979
2743, 3, 417, 314, 416, 316, 1, -2, -1.1071487177940904, 2.23606797749979
2743, 5, 447, 103, 445, 103, 2, 0, 0.0, 2.0
2743, 6, 575, 295, 574, 293, 1, 2, 1.1071487177940904, 2.23606797749979
2743, 8, 331, 376, 330, 377, 1, -1, -0.7853981633974483, 1.4142135623730951
2743, 10, 558, 272, 557, 271, 1, 1, 0.7853981633974483, 1.4142135623730951
2743, 12, 373, 207, 373, 209, 0, -2, -1.5707963267948966, 2.0
2743, 15, 561, 185, 561, 183, 0, 2, 1.5707963267948966, 2.0
2743, 18, 419, 282, 418, 283, 1, -1, -0.7853981633974483, 1.4142135623730951
2743, 20, 290, 385, 289, 386, 1, -1, -0.7853981633974483, 1.4142135623730951
2743, 26, 312, 313, 311, 314, 1, -1, -0.7853981633974483, 1.4142135623730951
2743, 28, 527, 166, 525, 166, 2, 0, 0.0, 2.0
2743, 29, 412, 309, 411, 310, 1, -1, -0.7853981633974483, 1.4142135623730951
2743, 31, 243, 343, 242, 344, 1, -1, -0.7853981633974483, 1.4142135623730951
2743, 33, 459, 110, 459, 112, 0, -2, -1.5707963267948966, 2.0
2744, 0, 423, 284, 423, 286, 0, -2, -1.5707963267948966, 2.0
2744, 5, 448, 102, 447, 103, 1, -1, -0.7853981633974483, 1.4142135623730951
2744, 6, 574, 296, 575, 295, -1, 1, 2.356194490192345, 1.4142135623730951
2744, 8, 332, 375, 331, 376, 1, -1, -0.7853981633974483, 1.4142135623730951
2744, 9, 552, 162, 551, 161, 1, 1, 0.7853981633974483, 1.4142135623730951
2744, 18, 419, 280, 419, 282, 0, -2, -1.5707963267948966, 2.0
2744, 28, 412, 307, 412, 309, 0, -2, -1.5707963267948966, 2.0
2744, 31, 460, 109, 459, 110, 1, -1, -0.7853981633974483, 1.4142135623730951
2745, 5, 539, 238, 540, 237, -1, 1, 2.356194490192345, 1.4142135623730951
2745, 9, 448, 105, 447, 106, 1, -1, -0.7853981633974483, 1.4142135623730951
2745, 18, 336, 341, 337, 343, -1, -2, -2.0344439357957027, 2.23606797749979
2745, 19, 222, 294, 224, 295, -2, -1, -2.677945044588987, 2.23606797749979
2745, 20, 360, 342, 359, 343, 1, -1, -0.7853981633974483, 1.4142135623730951
2745, 30, 563, 245, 562, 244, 1, 1, 0.7853981633974483, 1.4142135623730951
2745, 38, 409, 196, 408, 197, 1, -1, -0.7853981633974483, 1.4142135623730951
2746, 0, 365, 261, 366, 263, -1, -2, -2.0344439357957027, 2.23606797749979
2746, 1, 393, 372, 392, 373, 1, -1, -0.7853981633974483, 1.4142135623730951
2746, 4, 574, 296, 575, 295, -1, 1, 2.356194490192345, 1.4142135623730951
2746, 7, 552, 163, 551, 162, 1, 1, 0.7853981633974483, 1.4142135623730951
2746, 8, 332, 377, 331, 378, 1, -1, -0.7853981633974483, 1.4142135623730951
2746, 9, 449, 104, 448, 105, 1, -1, -0.7853981633974483, 1.4142135623730951
2746, 11, 573, 215, 572, 214, 1, 1, 0.7853981633974483, 1.4142135623730951
2746, 12, 596, 214, 597, 216, -1, -2, -2.0344439357957027, 2.23606797749979
2746, 17, 219, 292, 222, 294, -3, -2, -2.5535900500422257, 3.605551275463989
2746, 18, 361, 340, 360, 342, 1, -2, -1.1071487177940904, 2.23606797749979
2746, 19, 526, 168, 525, 167, 1, 1, 0.7853981633974483, 1.4142135623730951
2746, 32, 557, 186, 559, 186, -2, 0, 3.141592653589793, 2.0
2747, 4, 538, 240, 539, 239, -1, 1, 2.356194490192345, 1.4142135623730951
2747, 6, 553, 165, 552, 163, 1, 2, 1.1071487177940904, 2.23606797749979
2747, 10, 596, 212, 596, 214, 0, -2, -1.5707963267948966, 2.0
2747, 13, 311, 350, 310, 352, 1, -2, -1.1071487177940904, 2.23606797749979
2747, 15, 217, 291, 219, 292, -2, -1, -2.677945044588987, 2.23606797749979
2747, 16, 362, 339, 361, 340, 1, -1, -0.7853981633974483, 1.4142135623730951
2747, 23, 462, 145, 460, 146, 2, -1, -0.4636476090008061, 2.23606797749979
2747, 24, 364, 288, 364, 290, 0, -2, -1.5707963267948966, 2.0
2747, 29, 500, 143, 498, 143, 2, 0, 0.0, 2.0
2748, 7, 333, 375, 332, 376, 1, -1, -0.7853981633974483, 1.4142135623730951
2748, 10, 596, 210, 596, 212, 0, -2, -1.5707963267948966, 2.0
2748, 12, 515, 172, 514, 171, 1, 1, 0.7853981633974483, 1.4142135623730951
2748, 14, 336, 340, 335, 341, 1, -1, -0.7853981633974483, 1.4142135623730951
2748, 15, 216, 287, 217, 291, -1, -4, -1.8157749899217608, 4.123105625617661
2748, 17, 527, 170, 526, 169, 1, 1, 0.7853981633974483, 1.4142135623730951
2748, 18, 374, 206, 374, 208, 0, -2, -1.5707963267948966, 2.0
2748, 23, 463, 144, 462, 145, 1, -1, -0.7853981633974483, 1.4142135623730951
2749, 6, 554, 168, 553, 166, 1, 2, 1.1071487177940904, 2.23606797749979
2749, 7, 334, 373, 333, 375, 1, -2, -1.1071487177940904, 2.23606797749979
2749, 10, 596, 208, 596, 210, 0, -2, -1.5707963267948966, 2.0
2749, 12, 515, 174, 515, 172, 0, 2, 1.5707963267948966, 2.0
2749, 14, 337, 339, 336, 340, 1, -1, -0.7853981633974483, 1.4142135623730951
2749, 21, 465, 143, 463, 144, 2, -1, -0.4636476090008061, 2.23606797749979
2749, 25, 502, 142, 501, 143, 1, -1, -0.7853981633974483, 1.4142135623730951
2750, 1, 395, 372, 394, 373, 1, -1, -0.7853981633974483, 1.4142135623730951
2750, 2, 364, 258, 365, 260, -1, -2, -2.0344439357957027, 2.23606797749979
2750, 10, 411, 321, 410, 322, 1, -1, -0.7853981633974483, 1.4142135623730951
2750, 12, 543, 173, 541, 172, 2, 1, 0.4636476090008061, 2.23606797749979
2750, 13, 599, 209, 597, 210, 2, -1, -0.4636476090008061, 2.23606797749979
2750, 14, 574, 218, 575, 217, -1, 1, 2.356194490192345, 1.4142135623730951
2750, 19, 527, 173, 527, 171, 0, 2, 1.5707963267948966, 2.0
2750, 22, 417, 293, 416, 294, 1, -1, -0.7853981633974483, 1.4142135623730951
2750, 35, 456, 152, 455, 155, 1, -3, -1.2490457723982544, 3.1622776601683795
2750, 38, 317, 347, 316, 348, 1, -1, -0.7853981633974483, 1.4142135623730951
2751, 1, 363, 256, 364, 258, -1, -2, -2.0344439357957027, 2.23606797749979
2751, 3, 576, 298, 575, 297, 1, 1, 0.7853981633974483, 1.4142135623730951
2751, 11, 545, 175, 543, 173, 2, 2, 0.7853981633974483, 2.8284271247461903
2751, 18, 527, 175, 527, 173, 0, 2, 1.5707963267948966, 2.0
2751, 21, 418, 291, 417, 293, 1, -2, -1.1071487177940904, 2.23606797749979
2751, 24, 374, 205, 374, 207, 0, -2, -1.5707963267948966, 2.0
2751, 27, 520, 180, 521, 179, -1, 1, 2.356194490192345, 1.4142135623730951
2751, 30, 630, 335, 629, 336, 1, -1, -0.7853981633974483, 1.4142135623730951
2751, 33, 458, 150, 456, 152, 2, -2, -0.7853981633974483, 2.8284271247461903
2751, 35, 360, 266, 360, 268, 0, -2, -1.5707963267948966, 2.0
2751, 36, 318, 346, 317, 347, 1, -1, -0.7853981633974483, 1.4142135623730951
2752, 0, 396, 369, 395, 371, 1, -2, -1.1071487177940904, 2.23606797749979
2752, 1, 362, 254, 363, 256, -1, -2, -2.0344439357957027, 2.23606797749979
2752, 5, 542, 244, 541, 243, 1, 1, 0.7853981633974483, 1.4142135623730951
2752, 12, 602, 212, 600, 209, 2, 3, 0.982793723247329, 3.605551275463989
2752, 13, 573, 219, 574, 218, -1, 1, 2.356194490192345, 1.4142135623730951
2752, 14, 517, 175, 516, 174, 1, 1, 0.7853981633974483, 1.4142135623730951
2752, 15, 335, 375, 334, 378, 1, -3, -1.2490457723982544, 3.1622776601683795
2752, 17, 560, 191, 561, 190, -1, 1, 2.356194490192345, 1.4142135623730951
2752, 19, 412, 186, 413, 189, -1, -3, -1.892546881191539, 3.1622776601683795
2752, 21, 436, 251, 436, 253, 0, -2, -1.5707963267948966, 2.0
2752, 28, 631, 334, 630, 335, 1, -1, -0.7853981633974483, 1.4142135623730951
2752, 31, 460, 148, 458, 150, 2, -2, -0.7853981633974483, 2.8284271247461903
2752, 33, 360, 264, 360, 266, 0, -2, -1.5707963267948966, 2.0
2753, 1, 361, 252, 362, 254, -1, -2, -2.0344439357957027, 2.23606797749979
2753, 4, 555, 170, 554, 169, 1, 1, 0.7853981633974483, 1.4142135623730951
2753, 8, 411, 317, 411, 319, 0, -2, -1.5707963267948966, 2.0
2753, 11, 603, 214, 602, 212, 1, 2, 1.1071487177940904, 2.23606797749979
2753, 14, 336, 373, 335, 375, 1, -2, -1.1071487177940904, 2.23606797749979
2753, 17, 528, 178, 527, 176, 1, 2, 1.1071487177940904, 2.23606797749979
2753, 20, 437, 250, 436, 251, 1, -1, -0.7853981633974483, 1.4142135623730951
2753, 21, 600, 195, 601, 194, -1, 1, 2.356194490192345, 1.4142135623730951
2753, 30, 461, 147, 460, 148, 1, -1, -0.7853981633974483, 1.4142135623730951
2753, 32, 360, 262, 360, 264, 0, -2, -1.5707963267948966, 2.0
2754, 0, 397, 367, 396, 368, 1, -1, -0.7853981633974483, 1.4142135623730951
2754, 1, 360, 250, 361, 252, -1, -2, -2.0344439357957027, 2.23606797749979
2754, 2, 309, 293, 308, 291, 1, 2, 1.1071487177940904, 2.23606797749979
2754, 11, 603, 216, 603, 214, 0, 2, 1.5707963267948966, 2.0
2754, 16, 558, 192, 559, 191, -1, 1, 2.356194490192345, 1.4142135623730951
2754, 29, 462, 146, 461, 147, 1, -1, -0.7853981633974483, 1.4142135623730951
2755, 0, 364, 254, 364, 256, 0, -2, -1.5707963267948966, 2.0
2755, 3, 309, 294, 310, 293, -1, 1, 2.356194490192345, 1.4142135623730951
2755, 8, 560, 173, 557, 170, 3, 3, 0.7853981633974483, 4.242640687119285
2755, 18, 598, 220, 599, 222, -1, -2, -2.0344439357957027, 2.23606797749979
2755, 21, 485, 117, 483, 117, 2, 0, 0.0, 2.0
2755, 28, 337, 376, 336, 377, 1, -1, -0.7853981633974483, 1.4142135623730951
2755, 30, 467, 145, 466, 146, 1, -1, -0.7853981633974483, 1.4142135623730951
2755, 31, 544, 179, 544, 176, 0, 3, 1.5707963267948966, 3.0
2755, 33, 227, 301, 228, 303, -1, -2, -2.0344439357957027, 2.23606797749979
2756, 0, 398, 369, 397, 370, 1, -1, -0.7853981633974483, 1.4142135623730951
2756, 7, 561, 174, 560, 173, 1, 1, 0.7853981633974483, 1.4142135623730951
2756, 10, 339, 350, 337, 350, 2, 0, 0.0, 2.0
2756, 14, 375, 202, 375, 204, 0, -2, -1.5707963267948966, 2.0
2756, 16, 597, 217, 598, 220, -1, -3, -1.892546881191539, 3.1622776601683795
2756, 18, 366, 292, 365, 293, 1, -1, -0.7853981633974483, 1.4142135623730951
2756, 19, 487, 117, 485, 117, 2, 0, 0.0, 2.0
2756, 26, 338, 375, 337, 376, 1, -1, -0.7853981633974483, 1.4142135623730951
2756, 28, 546, 180, 544, 179, 2, 1, 0.4636476090008061, 2.23606797749979
2756, 29, 229, 301, 227, 301, 2, 0, 0.0, 2.0
2756, 30, 368, 279, 368, 281, 0, -2, -1.5707963267948966, 2.0
2756, 31, 416, 142, 415, 143, 1, -1, -0.7853981633974483, 1.4142135623730951
2756, 32, 226, 298, 224, 297, 2, 1, 0.4636476090008061, 2.23606797749979
2757, 11, 588, 189, 588, 191, 0, -2, -1.5707963267948966, 2.0
2757, 14, 571, 221, 572, 220, -1, 1, 2.356194490192345, 1.4142135623730951
2757, 15, 596, 215, 597, 217, -1, -2, -2.0344439357957027, 2.23606797749979
2757, 18, 489, 117, 487, 117, 2, 0, 0.0, 2.0
2757, 21, 438, 251, 437, 252, 1, -1, -0.7853981633974483, 1.4142135623730951
2757, 26, 548, 182, 546, 180, 2, 2, 0.7853981633974483, 2.8284271247461903
2757, 27, 230, 302, 229, 301, 1, 1, 0.7853981633974483, 1.4142135623730951
2757, 30, 227, 299, 226, 298, 1, 1, 0.7853981633974483, 1.4142135623730951
2758, 0, 399, 367, 398, 368, 1, -1, -0.7853981633974483, 1.4142135623730951
2758, 15, 596, 213, 596, 215, 0, -2, -1.5707963267948966, 2.0
2758, 17, 366, 289, 366, 291, 0, -2, -1.5707963267948966, 2.0
2758, 19, 321, 346, 320, 347, 1, -1, -0.7853981633974483, 1.4142135623730951
2758, 26, 231, 303, 230, 302, 1, 1, 0.7853981633974483, 1.4142135623730951
2759, 5, 457, 104, 456, 105, 1, -1, -0.7853981633974483, 1.4142135623730951
2759, 10, 590, 189, 588, 189, 2, 0, 0.0, 2.0
2759, 14, 595, 211, 596, 213, -1, -2, -2.0344439357957027, 2.23606797749979
2759, 22, 341, 374, 340, 375, 1, -1, -0.7853981633974483, 1.4142135623730951
2760, 0, 400, 370, 399, 371, 1, -1, -0.7853981633974483, 1.4142135623730951
2760, 2, 422, 282, 423, 284, -1, -2, -2.0344439357957027, 2.23606797749979
2760, 3, 544, 250, 545, 249, -1, 1, 2.356194490192345, 1.4142135623730951
2760, 16, 341, 376, 340, 377, 1, -1, -0.7853981633974483, 1.4142135623730951
2760, 18, 598, 215, 598, 217, 0, -2, -1.5707963267948966, 2.0
2760, 20, 411, 147, 411, 149, 0, -2, -1.5707963267948966, 2.0
2760, 21, 375, 202, 375, 204, 0, -2, -1.5707963267948966, 2.0
2760, 26, 592, 191, 590, 190, 2, 1, 0.4636476090008061, 2.23606797749979
2760, 33, 621, 306, 622, 305, -1, 1, 2.356194490192345, 1.4142135623730951
2760, 40, 608, 345, 606, 345, 2, 0, 0.0, 2.0
2760, 42, 562, 197, 561, 196, 1, 1, 0.7853981633974483, 1.4142135623730951
2760, 49, 387, 312, 387, 314, 0, -2, -1.5707963267948966, 2.0
2760, 52, 221, 300, 223, 301, -2, -1, -2.677945044588987, 2.23606797749979
2760, 61, 435, 132, 433, 133, 2, -1, -0.4636476090008061, 2.23606797749979
2761, 2, 543, 251, 544, 250, -1, 1, 2.356194490192345, 1.4142135623730951
2761, 4, 619, 330, 616, 329, 3, 1, 0.3217505543966422, 3.1622776601683795
2761, 5, 575, 225, 574, 222, 1, 3, 1.2490457723982544, 3.1622776601683795
2761, 7, 461, 106, 457, 106, 4, 0, 0.0, 4.0
2761, 9, 549, 173, 548, 172, 1, 1, 0.7853981633974483, 1.4142135623730951
2761, 14, 342, 375, 341, 376, 1, -1, -0.7853981633974483, 1.4142135623730951
2761, 16, 597, 212, 598, 215, -1, -3, -1.892546881191539, 3.1622776601683795
2761, 22, 594, 193, 592, 191, 2, 2, 0.7853981633974483, 2.8284271247461903
2761, 23, 303, 388, 300, 390, 3, -2, -0.5880026035475675, 3.605551275463989
2761, 24, 633, 344, 631, 343, 2, 1, 0.4636476090008061, 2.23606797749979
2761, 27, 485, 113, 483, 113, 2, 0, 0.0, 2.0
2761, 29, 620, 307, 621, 306, -1, 1, 2.356194490192345, 1.4142135623730951
2761, 31, 472, 147, 471, 148, 1, -1, -0.7853981633974483, 1.4142135623730951
2761, 34, 572, 272, 573, 271, -1, 1, 2.356194490192345, 1.4142135623730951
2761, 36, 609, 346, 608, 345, 1, 1, 0.7853981633974483, 1.4142135623730951
2761, 37, 372, 279, 371, 283, 1, -4, -1.3258176636680326, 4.123105625617661
2761, 38, 564, 197, 562, 197, 2, 0, 0.0, 2.0
2761, 42, 511, 148, 510, 147, 1, 1, 0.7853981633974483, 1.4142135623730951
2761, 43, 388, 177, 390, 178, -2, -1, -2.677945044588987, 2.23606797749979
2761, 46, 304, 365, 301, 367, 3, -2, -0.5880026035475675, 3.605551275463989
2761, 48, 219, 299, 221, 300, -2, -1, -2.677945044588987, 2.23606797749979
2761, 50, 569, 202, 568, 200, 1, 2, 1.1071487177940904, 2.23606797749979
2761, 52, 283, 351, 281, 354, 2, -3, -0.982793723247329, 3.605551275463989
2761, 55, 464, 158, 463, 159, 1, -1, -0.7853981633974483, 1.4142135623730951
2761, 57, 437, 131, 435, 132, 2, -1, -0.4636476090008061, 2.23606797749979
2762, 0, 401, 368, 400, 369, 1, -1, -0.7853981633974483, 1.4142135623730951
2762, 1, 362, 248, 363, 250, -1, -2, -2.0344439357957027, 2.23606797749979
2762, 5, 574, 226, 575, 225, -1, 1, 2.356194490192345, 1.4142135623730951
2762, 9, 550, 174, 549, 173, 1, 1, 0.7853981633974483, 1.4142135623730951
2762, 14, 343, 374, 342, 375, 1, -1, -0.7853981633974483, 1.4142135623730951
2762, 15, 597, 210, 597, 212, 0, -2, -1.5707963267948966, 2.0
2762, 16, 518, 184, 518, 182, 0, 2, 1.5707963267948966, 2.0
2762, 20, 595, 194, 594, 193, 1, 1, 0.7853981633974483, 1.4142135623730951
2762, 21, 305, 388, 303, 388, 2, 0, 0.0, 2.0
2762, 25, 486, 112, 485, 113, 1, -1, -0.7853981633974483, 1.4142135623730951
2762, 28, 532, 184, 531, 183, 1, 1, 0.7853981633974483, 1.4142135623730951
2762, 29, 473, 146, 472, 147, 1, -1, -0.7853981633974483, 1.4142135623730951
2762, 33, 610, 347, 609, 346, 1, 1, 0.7853981633974483, 1.4142135623730951
2762, 34, 372, 277, 372, 279, 0, -2, -1.5707963267948966, 2.0
2762, 35, 565, 196, 564, 197, 1, -1, -0.7853981633974483, 1.4142135623730951
2762, 39, 512, 149, 511, 148, 1, 1, 0.7853981633974483, 1.4142135623730951
2762, 53, 439, 131, 437, 131, 2, 0, 0.0, 2.0
2763, 2, 542, 253, 543, 252, -1, 1, 2.356194490192345, 1.4142135623730951
2763, 7, 462, 105, 461, 106, 1, -1, -0.7853981633974483, 1.4142135623730951
2763, 8, 551, 175, 550, 174, 1, 1, 0.7853981633974483, 1.4142135623730951
2763, 14, 596, 208, 597, 210, -1, -2, -2.0344439357957027, 2.23606797749979
2763, 15, 518, 186, 518, 184, 0, 2, 1.5707963267948966, 2.0
2763, 25, 455, 137, 452, 136, 3, 1, 0.3217505543966422, 3.1622776601683795
2763, 26, 618, 308, 619, 307, -1, 1, 2.356194490192345, 1.4142135623730951
2763, 27, 533, 185, 532, 184, 1, 1, 0.7853981633974483, 1.4142135623730951
2763, 28, 474, 145, 473, 146, 1, -1, -0.7853981633974483, 1.4142135623730951
2763, 30, 604, 204, 603, 200, 1, 4, 1.3258176636680326, 4.123105625617661
2763, 35, 553, 274, 553, 271, 0, 3, 1.5707963267948966, 3.0
2763, 43, 215, 298, 218, 299, -3, -1, -2.819842099193151, 3.1622776601683795
2763, 48, 246, 348, 245, 347, 1, 1, 0.7853981633974483, 1.4142135623730951
2763, 51, 437, 131, 439, 131, -2, 0, 3.141592653589793, 2.0
2764, 0, 402, 366, 401, 367, 1, -1, -0.7853981633974483, 1.4142135623730951
2764, 1, 361, 245, 362, 247, -1, -2, -2.0344439357957027, 2.23606797749979
2764, 3, 561, 180, 560, 179, 1, 1, 0.7853981633974483, 1.4142135623730951
2764, 8, 553, 177, 551, 175, 2, 2, 0.7853981633974483, 2.8284271247461903
2764, 9, 283, 344, 282, 345, 1, -1, -0.7853981633974483, 1.4142135623730951
2764, 14, 519, 190, 518, 186, 1, 4, 1.3258176636680326, 4.123105625617661
2764, 18, 594, 195, 595, 194, -1, 1, 2.356194490192345, 1.4142135623730951
2764, 23, 489, 111, 487, 112, 2, -1, -0.4636476090008061, 2.23606797749979
2764, 27, 475, 144, 474, 145, 1, -1, -0.7853981633974483, 1.4142135623730951
2764, 32, 371, 275, 372, 277, -1, -2, -2.0344439357957027, 2.23606797749979
2764, 34, 554, 277, 553, 274, 1, 3, 1.2490457723982544, 3.1622776601683795
2764, 36, 479, 153, 478, 154, 1, -1, -0.7853981633974483, 1.4142135623730951
2764, 42, 213, 297, 215, 298, -2, -1, -2.677945044588987, 2.23606797749979
2764, 46, 605, 223, 607, 223, -2, 0, 3.141592653589793, 2.0
2764, 48, 468, 158, 466, 158, 2, 0, 0.0, 2.0
2764, 50, 439, 131, 437, 131, 2, 0, 0.0, 2.0
2765, 8, 462, 105, 461, 106, 1, -1, -0.7853981633974483, 1.4142135623730951
2765, 10, 352, 340, 351, 341, 1, -1, -0.7853981633974483, 1.4142135623730951
2765, 15, 470, 160, 468, 160, 2, 0, 0.0, 2.0
2765, 22, 521, 190, 520, 187, 1, 3, 1.2490457723982544, 3.1622776601683795
2765, 23, 556, 277, 556, 275, 0, 2, 1.5707963267948966, 2.0
2765, 31, 376, 200, 377, 202, -1, -2, -2.0344439357957027, 2.23606797749979
2765, 34, 595, 351, 593, 350, 2, 1, 0.4636476090008061, 2.23606797749979
2765, 37, 570, 207, 569, 206, 1, 1, 0.7853981633974483, 1.4142135623730951
2765, 42, 540, 138, 539, 137, 1, 1, 0.7853981633974483, 1.4142135623730951
2765, 43, 534, 188, 533, 186, 1, 2, 1.1071487177940904, 2.23606797749979
2765, 44, 462, 278, 463, 280, -1, -2, -2.0344439357957027, 2.23606797749979
2765, 52, 473, 133, 471, 133, 2, 0, 0.0, 2.0
2766, 1, 362, 246, 363, 248, -1, -2, -2.0344439357957027, 2.23606797749979
2766, 3, 545, 256, 545, 254, 0, 2, 1.5707963267948966, 2.0
2766, 4, 403, 369, 402, 370, 1, -1, -0.7853981633974483, 1.4142135623730951
2766, 14, 564, 181, 563, 180, 1, 1, 0.7853981633974483, 1.4142135623730951
2766, 15, 472, 160, 470, 160, 2, 0, 0.0, 2.0
2766, 17, 345, 374, 344, 376, 1, -2, -1.1071487177940904, 2.23606797749979
2766, 21, 522, 194, 521, 190, 1, 4, 1.3258176636680326, 4.123105625617661
2766, 22, 556, 279, 556, 277, 0, 2, 1.5707963267948966, 2.0
2766, 24, 315, 321, 314, 322, 1, -1, -0.7853981633974483, 1.4142135623730951
2766, 31, 598, 351, 595, 351, 3, 0, 0.0, 3.0
2766, 38, 541, 139, 540, 138, 1, 1, 0.7853981633974483, 1.4142135623730951
2766, 39, 535, 190, 534, 188, 1, 2, 1.1071487177940904, 2.23606797749979
2766, 43, 230, 307, 232, 307, -2, 0, 3.141592653589793, 2.0
2766, 47, 475, 133, 473, 133, 2, 0, 0.0, 2.0
2767, 0, 308, 294, 309, 293, -1, 1, 2.356194490192345, 1.4142135623730951
2767, 2, 423, 276, 423, 278, 0, -2, -1.5707963267948966, 2.0
2767, 4, 404, 368, 403, 369, 1, -1, -0.7853981633974483, 1.4142135623730951
2767, 8, 463, 104, 462, 105, 1, -1, -0.7853981633974483, 1.4142135623730951
2767, 9, 573, 226, 574, 225, -1, 1, 2.356194490192345, 1.4142135623730951
2767, 14, 474, 160, 472, 160, 2, 0, 0.0, 2.0
2767, 20, 523, 197, 522, 194, 1, 3, 1.2490457723982544, 3.1622776601683795
2767, 21, 556, 281, 556, 279, 0, 2, 1.5707963267948966, 2.0
2767, 22, 491, 116, 490, 117, 1, -1, -0.7853981633974483, 1.4142135623730951
2767, 23, 316, 320, 315, 321, 1, -1, -0.7853981633974483, 1.4142135623730951
2767, 28, 600, 352, 598, 351, 2, 1, 0.4636476090008061, 2.23606797749979
2767, 34, 542, 140, 541, 139, 1, 1, 0.7853981633974483, 1.4142135623730951
2767, 35, 536, 191, 535, 190, 1, 1, 0.7853981633974483, 1.4142135623730951
2768, 0, 361, 243, 362, 245, -1, -2, -2.0344439357957027, 2.23606797749979
2768, 10, 287, 348, 286, 350, 1, -2, -1.1071487177940904, 2.23606797749979
2768, 13, 475, 159, 474, 160, 1, -1, -0.7853981633974483, 1.4142135623730951
2768, 15, 346, 372, 345, 373, 1, -1, -0.7853981633974483, 1.4142135623730951
2768, 18, 573, 278, 572, 277, 1, 1, 0.7853981633974483, 1.4142135623730951
2768, 19, 524, 199, 523, 197, 1, 2, 1.1071487177940904, 2.23606797749979
2768, 20, 557, 283, 556, 281, 1, 2, 1.1071487177940904, 2.23606797749979
2768, 21, 492, 117, 491, 116, 1, 1, 0.7853981633974483, 1.4142135623730951
2768, 23, 535, 253, 534, 254, 1, -1, -0.7853981633974483, 1.4142135623730951
2768, 33, 543, 142, 542, 140, 1, 2, 1.1071487177940904, 2.23606797749979
2768, 34, 536, 193, 536, 191, 0, 2, 1.5707963267948966, 2.0
2768, 39, 514, 151, 512, 150, 2, 1, 0.4636476090008061, 2.23606797749979
2769, 2, 405, 366, 404, 367, 1, -1, -0.7853981633974483, 1.4142135623730951
2769, 4, 577, 305, 578, 304, -1, 1, 2.356194490192345, 1.4142135623730951
2769, 6, 465, 103, 464, 104, 1, -1, -0.7853981633974483, 1.4142135623730951
2769, 10, 565, 184, 564, 183, 1, 1, 0.7853981633974483, 1.4142135623730951
2769, 15, 527, 202, 524, 199, 3, 3, 0.7853981633974483, 4.242640687119285
2769, 16, 558, 284, 557, 283, 1, 1, 0.7853981633974483, 1.4142135623730951
2769, 17, 493, 116, 492, 117, 1, -1, -0.7853981633974483, 1.4142135623730951
2769, 23, 602, 351, 601, 352, 1, -1, -0.7853981633974483, 1.4142135623730951
2769, 28, 544, 143, 543, 142, 1, 1, 0.7853981633974483, 1.4142135623730951
2769, 29, 537, 194, 536, 193, 1, 1, 0.7853981633974483, 1.4142135623730951
2769, 31, 255, 347, 254, 348, 1, -1, -0.7853981633974483, 1.4142135623730951
2769, 34, 516, 152, 514, 151, 2, 1, 0.4636476090008061, 2.23606797749979
2769, 35, 478, 131, 476, 133, 2, -2, -0.7853981633974483, 2.8284271247461903
2770, 0, 365, 246, 365, 248, 0, -2, -1.5707963267948966, 2.0
2770, 9, 465, 105, 464, 106, 1, -1, -0.7853981633974483, 1.4142135623730951
2770, 11, 348, 373, 347, 374, 1, -1, -0.7853981633974483, 1.4142135623730951
2770, 15, 526, 197, 525, 196, 1, 1, 0.7853981633974483, 1.4142135623730951
2770, 16, 566, 195, 564, 195, 2, 0, 0.0, 2.0
2770, 20, 227, 305, 229, 306, -2, -1, -2.677945044588987, 2.23606797749979
2770, 22, 534, 253, 534, 251, 0, 2, 1.5707963267948966, 2.0
2770, 23, 548, 141, 546, 140, 2, 1, 0.4636476090008061, 2.23606797749979
2770, 29, 514, 153, 513, 152, 1, 1, 0.7853981633974483, 1.4142135623730951
2770, 37, 345, 365, 344, 367, 1, -2, -1.1071487177940904, 2.23606797749979
2770, 43, 601, 221, 600, 218, 1, 3, 1.2490457723982544, 3.1622776601683795
2770, 45, 581, 299, 583, 300, -2, -1, -2.677945044588987, 2.23606797749979
2771, 0, 365, 244, 365, 246, 0, -2, -1.5707963267948966, 2.0
2771, 4, 406, 369, 405, 370, 1, -1, -0.7853981633974483, 1.4142135623730951
2771, 7, 622, 332, 621, 333, 1, -1, -0.7853981633974483, 1.4142135623730951
2771, 9, 466, 104, 465, 105, 1, -1, -0.7853981633974483, 1.4142135623730951
2771, 14, 567, 185, 566, 184, 1, 1, 0.7853981633974483, 1.4142135623730951
2771, 15, 525, 198, 526, 197, -1, 1, 2.356194490192345, 1.4142135623730951
2771, 16, 567, 196, 566, 195, 1, 1, 0.7853981633974483, 1.4142135623730951
2771, 20, 415, 182, 415, 184, 0, -2, -1.5707963267948966, 2.0
2771, 21, 534, 255, 534, 253, 0, 2, 1.5707963267948966, 2.0
2771, 22, 549, 142, 548, 141, 1, 1, 0.7853981633974483, 1.4142135623730951
2771, 23, 377, 196, 377, 198, 0, -2, -1.5707963267948966, 2.0
2771, 34, 347, 363, 345, 365, 2, -2, -0.7853981633974483, 2.8284271247461903
2771, 36, 269, 330, 271, 331, -2, -1, -2.677945044588987, 2.23606797749979
2772, 6, 467, 103, 466, 104, 1, -1, -0.7853981633974483, 1.4142135623730951
2772, 8, 349, 371, 348, 372, 1, -1, -0.7853981633974483, 1.4142135623730951
2772, 11, 568, 186, 567, 185, 1, 1, 0.7853981633974483, 1.4142135623730951
2772, 12, 526, 200, 525, 198, 1, 2, 1.1071487177940904, 2.23606797749979
2772, 13, 569, 198, 567, 196, 2, 2, 0.7853981633974483, 2.8284271247461903
2772, 18, 533, 256, 534, 255, -1, 1, 2.356194490192345, 1.4142135623730951
2772, 19, 550, 143, 549, 142, 1, 1, 0.7853981633974483, 1.4142135623730951
2772, 25, 516, 154, 515, 153, 1, 1, 0.7853981633974483, 1.4142135623730951
2772, 30, 348, 362, 347, 363, 1, -1, -0.7853981633974483, 1.4142135623730951
2772, 31, 556, 284, 558, 284, -2, 0, 3.141592653589793, 2.0
2772, 32, 267, 329, 269, 330, -2, -1, -2.677945044588987, 2.23606797749979
2772, 34, 599, 220, 601, 222, -2, -2, -2.356194490192345, 2.8284271247461903
2772, 36, 578, 299, 580, 299, -2, 0, 3.141592653589793, 2.0
2772, 37, 331, 345, 330, 346, 1, -1, -0.7853981633974483, 1.4142135623730951
2773, 2, 407, 367, 406, 368, 1, -1, -0.7853981633974483, 1.4142135623730951
2773, 5, 624, 331, 623, 332, 1, -1, -0.7853981633974483, 1.4142135623730951
2773, 7, 350, 370, 349, 371, 1, -1, -0.7853981633974483, 1.4142135623730951
2773, 10, 569, 187, 568, 186, 1, 1, 0.7853981633974483, 1.4142135623730951
2773, 12, 571, 200, 569, 198, 2, 2, 0.7853981633974483, 2.8284271247461903
2773, 17, 550, 145, 550, 143, 0, 2, 1.5707963267948966, 2.0
2773, 18, 572, 199, 571, 197, 1, 2, 1.1071487177940904, 2.23606797749979
2773, 25, 572, 256, 571, 255, 1, 1, 0.7853981633974483, 1.4142135623730951
2773, 27, 350, 361, 348, 362, 2, -1, -0.4636476090008061, 2.23606797749979
2773, 33, 576, 299, 578, 299, -2, 0, 3.141592653589793, 2.0
2774, 2, 545, 263, 546, 262, -1, 1, 2.356194490192345, 1.4142135623730951
2774, 7, 575, 229, 576, 228, -1, 1, 2.356194490192345, 1.4142135623730951
2774, 10, 528, 202, 526, 200, 2, 2, 0.7853981633974483, 2.8284271247461903
2774, 11, 571, 202, 571, 200, 0, 2, 1.5707963267948966, 2.0
2774, 14, 414, 178, 415, 180, -1, -2, -2.0344439357957027, 2.23606797749979
2774, 15, 551, 146, 550, 145, 1, 1, 0.7853981633974483, 1.4142135623730951
2774, 16, 572, 201, 572, 199, 0, 2, 1.5707963267948966, 2.0
2774, 23, 352, 360, 350, 361, 2, -1, -0.4636476090008061, 2.23606797749979
2774, 25, 264, 328, 266, 329, -2, -1, -2.677945044588987, 2.23606797749979
2774, 29, 577, 300, 576, 299, 1, 1, 0.7853981633974483, 1.4142135623730951
2774, 33, 308, 362, 307, 363, 1, -1, -0.7853981633974483, 1.4142135623730951
2775, 1, 408, 366, 407, 367, 1, -1, -0.7853981633974483, 1.4142135623730951
2775, 2, 364, 241, 365, 243, -1, -2, -2.0344439357957027, 2.23606797749979
2775, 9, 571, 204, 571, 202, 0, 2, 1.5707963267948966, 2.0
2775, 10, 351, 371, 350, 372, 1, -1, -0.7853981633974483, 1.4142135623730951
2775, 12, 469, 105, 468, 106, 1, -1, -0.7853981633974483, 1.4142135623730951
2775, 32, 392, 208, 392, 211, 0, -3, -1.5707963267948966, 3.0
2775, 41, 222, 302, 224, 303, -2, -1, -2.677945044588987, 2.23606797749979
2775, 43, 501, 120, 499, 120, 2, 0, 0.0, 2.0
2775, 45, 574, 279, 575, 278, -1, 1, 2.356194490192345, 1.4142135623730951
2776, 2, 364, 239, 364, 241, 0, -2, -1.5707963267948966, 2.0
2776, 5, 545, 264, 546, 263, -1, 1, 2.356194490192345, 1.4142135623730951
2776, 7, 578, 309, 579, 308, -1, 1, 2.356194490192345, 1.4142135623730951
2776, 8, 569, 189, 568, 188, 1, 1, 0.7853981633974483, 1.4142135623730951
2776, 15, 529, 202, 528, 201, 1, 1, 0.7853981633974483, 1.4142135623730951
2776, 22, 367, 331, 366, 332, 1, -1, -0.7853981633974483, 1.4142135623730951
2776, 25, 605, 261, 604, 260, 1, 1, 0.7853981633974483, 1.4142135623730951
2776, 26, 464, 132, 463, 133, 1, -1, -0.7853981633974483, 1.4142135623730951
2776, 29, 392, 206, 392, 208, 0, -2, -1.5707963267948966, 2.0
2776, 37, 219, 301, 222, 302, -3, -1, -2.819842099193151, 3.1622776601683795
2777, 4, 307, 297, 308, 296, -1, 1, 2.356194490192345, 1.4142135623730951
2777, 10, 352, 369, 351, 370, 1, -1, -0.7853981633974483, 1.4142135623730951
2777, 12, 471, 104, 470, 105, 1, -1, -0.7853981633974483, 1.4142135623730951
2777, 15, 530, 203, 529, 202, 1, 1, 0.7853981633974483, 1.4142135623730951
2777, 17, 415, 141, 414, 142, 1, -1, -0.7853981633974483, 1.4142135623730951
2777, 21, 368, 330, 367, 331, 1, -1, -0.7853981633974483, 1.4142135623730951
2777, 33, 217, 300, 219, 301, -2, -1, -2.677945044588987, 2.23606797749979
2778, 0, 423, 272, 424, 274, -1, -2, -2.0344439357957027, 2.23606797749979
2778, 18, 466, 131, 465, 132, 1, -1, -0.7853981633974483, 1.4142135623730951
2778, 19, 326, 350, 325, 351, 1, -1, -0.7853981633974483, 1.4142135623730951
2778, 26, 255, 360, 254, 361, 1, -1, -0.7853981633974483, 1.4142135623730951
2779, 6, 353, 368, 352, 369, 1, -1, -0.7853981633974483, 1.4142135623730951
2779, 17, 467, 130, 466, 131, 1, -1, -0.7853981633974483, 1.4142135623730951
2779, 27, 572, 281, 573, 280, -1, 1, 2.356194490192345, 1.4142135623730951
2780, 1, 410, 366, 409, 367, 1, -1, -0.7853981633974483, 1.4142135623730951
2780, 2, 365, 239, 365, 241, 0, -2, -1.5707963267948966, 2.0
2780, 4, 423, 275, 424, 277, -1, -2, -2.0344439357957027, 2.23606797749979
2780, 5, 548, 268, 547, 266, 1, 2, 1.1071487177940904, 2.23606797749979
2780, 12, 415, 312, 414, 313, 1, -1, -0.7853981633974483, 1.4142135623730951
2780, 20, 402, 369, 401, 370, 1, -1, -0.7853981633974483, 1.4142135623730951
2780, 29, 609, 201, 612, 204, -3, -3, -2.356194490192345, 4.242640687119285
2780, 31, 490, 146, 489, 147, 1, -1, -0.7853981633974483, 1.4142135623730951
2780, 37, 454, 138, 451, 138, 3, 0, 0.0, 3.0
2780, 38, 496, 114, 495, 113, 1, 1, 0.7853981633974483, 1.4142135623730951
2780, 40, 314, 389, 313, 391, 1, -2, -1.1071487177940904, 2.23606797749979
2781, 0, 420, 303, 421, 305, -1, -2, -2.0344439357957027, 2.23606797749979
2781, 2, 364, 237, 365, 239, -1, -2, -2.0344439357957027, 2.23606797749979
2781, 5, 549, 269, 548, 268, 1, 1, 0.7853981633974483, 1.4142135623730951
2781, 18, 542, 201, 541, 199, 1, 2, 1.1071487177940904, 2.23606797749979
2781, 20, 403, 368, 402, 369, 1, -1, -0.7853981633974483, 1.4142135623730951
2781, 29, 491, 145, 490, 146, 1, -1, -0.7853981633974483, 1.4142135623730951
2781, 34, 456, 137, 454, 138, 2, -1, -0.4636476090008061, 2.23606797749979
2781, 35, 500, 115, 496, 114, 4, 1, 0.24497866312686414, 4.123105625617661
2781, 36, 369, 267, 369, 269, 0, -2, -1.5707963267948966, 2.0
2781, 39, 313, 364, 312, 365, 1, -1, -0.7853981633974483, 1.4142135623730951
2782, 1, 364, 235, 364, 237, 0, -2, -1.5707963267948966, 2.0
2782, 3, 422, 272, 423, 274, -1, -2, -2.0344439357957027, 2.23606797749979
2782, 4, 550, 270, 549, 269, 1, 1, 0.7853981633974483, 1.4142135623730951
2782, 7, 475, 105, 474, 106, 1, -1, -0.7853981633974483, 1.4142135623730951
2782, 13, 355, 370, 354, 371, 1, -1, -0.7853981633974483, 1.4142135623730951
2782, 19, 403, 366, 403, 368, 0, -2, -1.5707963267948966, 2.0
2782, 21, 577, 235, 578, 234, -1, 1, 2.356194490192345, 1.4142135623730951
2782, 33, 501, 117, 500, 115, 1, 2, 1.1071487177940904, 2.23606797749979
2782, 37, 314, 363, 313, 364, 1, -1, -0.7853981633974483, 1.4142135623730951
2783, 4, 550, 272, 550, 270, 0, 2, 1.5707963267948966, 2.0
2783, 13, 356, 369, 355, 370, 1, -1, -0.7853981633974483, 1.4142135623730951
2783, 16, 543, 203, 542, 202, 1, 1, 0.7853981633974483, 1.4142135623730951
2784, 13, 573, 283, 574, 282, -1, 1, 2.356194490192345, 1.4142135623730951
2784, 25, 505, 119, 504, 120, 1, -1, -0.7853981633974483, 1.4142135623730951
2784, 26, 504, 117, 502, 117, 2, 0, 0.0, 2.0
2784, 28, 317, 388, 316, 389, 1, -1, -0.7853981633974483, 1.4142135623730951
2785, 0, 412, 363, 411, 364, 1, -1, -0.7853981633974483, 1.4142135623730951
2785, 4, 477, 105, 476, 106, 1, -1, -0.7853981633974483, 1.4142135623730951
2785, 11, 356, 370, 355, 371, 1, -1, -0.7853981633974483, 1.4142135623730951
2785, 14, 282, 356, 281, 355, 1, 1, 0.7853981633974483, 1.4142135623730951
2785, 24, 511, 122, 509, 122, 2, 0, 0.0, 2.0
2785, 27, 225, 307, 224, 306, 1, 1, 0.7853981633974483, 1.4142135623730951
2785, 29, 544, 205, 543, 204, 1, 1, 0.7853981633974483, 1.4142135623730951
2785, 33, 318, 389, 317, 390, 1, -1, -0.7853981633974483, 1.4142135623730951
2785, 44, 264, 258, 265, 257, -1, 1, 2.356194490192345, 1.4142135623730951
2785, 48, 279, 227, 280, 226, -1, 1, 2.356194490192345, 1.4142135623730951
2786, 9, 491, 146, 490, 147, 1, -1, -0.7853981633974483, 1.4142135623730951
2786, 10, 357, 368, 356, 370, 1, -2, -1.1071487177940904, 2.23606797749979
2786, 19, 573, 284, 574, 283, -1, 1, 2.356194490192345, 1.4142135623730951
2786, 20, 521, 155, 522, 157, -1, -2, -2.0344439357957027, 2.23606797749979
2786, 22, 513, 122, 511, 122, 2, 0, 0.0, 2.0
2786, 24, 226, 308, 225, 307, 1, 1, 0.7853981633974483, 1.4142135623730951
2786, 28, 430, 136, 429, 137, 1, -1, -0.7853981633974483, 1.4142135623730951
2786, 32, 316, 364, 315, 365, 1, -1, -0.7853981633974483, 1.4142135623730951
2786, 45, 278, 229, 279, 227, -1, 2, 2.0344439357957027, 2.23606797749979
2787, 2, 552, 273, 551, 272, 1, 1, 0.7853981633974483, 1.4142135623730951
2787, 10, 358, 367, 357, 368, 1, -1, -0.7853981633974483, 1.4142135623730951
2787, 14, 350, 349, 349, 350, 1, -1, -0.7853981633974483, 1.4142135623730951
2787, 18, 368, 279, 367, 280, 1, -1, -0.7853981633974483, 1.4142135623730951
2787, 22, 514, 121, 513, 122, 1, -1, -0.7853981633974483, 1.4142135623730951
2787, 28, 431, 135, 430, 136, 1, -1, -0.7853981633974483, 1.4142135623730951
2787, 35, 470, 133, 469, 134, 1, -1, -0.7853981633974483, 1.4142135623730951
2788, 0, 413, 360, 412, 361, 1, -1, -0.7853981633974483, 1.4142135623730951
2788, 3, 481, 105, 479, 105, 2, 0, 0.0, 2.0
2788, 7, 581, 314, 582, 313, -1, 1, 2.356194490192345, 1.4142135623730951
2788, 10, 359, 365, 358, 367, 1, -2, -1.1071487177940904, 2.23606797749979
2788, 24, 224, 308, 226, 309, -2, -1, -2.677945044588987, 2.23606797749979
2788, 28, 432, 134, 431, 135, 1, -1, -0.7853981633974483, 1.4142135623730951
2788, 30, 320, 388, 319, 389, 1, -1, -0.7853981633974483, 1.4142135623730951
2788, 32, 317, 363, 316, 364, 1, -1, -0.7853981633974483, 1.4142135623730951
2788, 35, 471, 132, 470, 133, 1, -1, -0.7853981633974483, 1.4142135623730951
2788, 41, 420, 144, 419, 145, 1, -1, -0.7853981633974483, 1.4142135623730951
2789, 10, 360, 363, 359, 365, 1, -2, -1.1071487177940904, 2.23606797749979
2789, 22, 222, 307, 224, 308, -2, -1, -2.677945044588987, 2.23606797749979
2789, 26, 433, 133, 432, 134, 1, -1, -0.7853981633974483, 1.4142135623730951
2789, 35, 405, 353, 405, 355, 0, -2, -1.5707963267948966, 2.0
2789, 36, 576, 264, 575, 263, 1, 1, 0.7853981633974483, 1.4142135623730951
2789, 38, 421, 143, 420, 144, 1, -1, -0.7853981633974483, 1.4142135623730951
2790, 4, 550, 275, 551, 274, -1, 1, 2.356194490192345, 1.4142135623730951
2790, 7, 481, 106, 480, 107, 1, -1, -0.7853981633974483, 1.4142135623730951
2790, 20, 359, 371, 358, 372, 1, -1, -0.7853981633974483, 1.4142135623730951
2790, 21, 322, 390, 321, 391, 1, -1, -0.7853981633974483, 1.4142135623730951
2790, 24, 221, 309, 223, 310, -2, -1, -2.677945044588987, 2.23606797749979
2790, 31, 560, 202, 559, 201, 1, 1, 0.7853981633974483, 1.4142135623730951
2790, 34, 570, 213, 568, 210, 2, 3, 0.982793723247329, 3.605551275463989
2790, 40, 529, 163, 528, 162, 1, 1, 0.7853981633974483, 1.4142135623730951
2790, 52, 632, 347, 628, 347, 4, 0, 0.0, 4.0
2790, 55, 419, 144, 418, 145, 1, -1, -0.7853981633974483, 1.4142135623730951
2791, 1, 362, 232, 363, 234, -1, -2, -2.0344439357957027, 2.23606797749979
2791, 6, 483, 106, 481, 106, 2, 0, 0.0, 2.0
2791, 11, 469, 299, 469, 301, 0, -2, -1.5707963267948966, 2.0
2791, 22, 219, 308, 221, 309, -2, -1, -2.677945044588987, 2.23606797749979
2791, 24, 512, 185, 512, 183, 0, 2, 1.5707963267948966, 2.0
2791, 29, 561, 203, 560, 202, 1, 1, 0.7853981633974483, 1.4142135623730951
2791, 32, 571, 217, 570, 213, 1, 4, 1.3258176636680326, 4.123105625617661
2791, 37, 371, 320, 371, 322, 0, -2, -1.5707963267948966, 2.0
2791, 43, 264, 357, 263, 356, 1, 1, 0.7853981633974483, 1.4142135623730951
2791, 49, 555, 286, 556, 285, -1, 1, 2.356194490192345, 1.4142135623730951
2791, 50, 634, 347, 632, 347, 2, 0, 0.0, 2.0
2791, 51, 420, 143, 419, 144, 1, -1, -0.7853981633974483, 1.4142135623730951
2792, 15, 360, 370, 359, 371, 1, -1, -0.7853981633974483, 1.4142135623730951
2792, 19, 217, 307, 219, 308, -2, -1, -2.677945044588987, 2.23606797749979
2792, 20, 531, 210, 531, 207, 0, 3, 1.5707963267948966, 3.0
2792, 29, 572, 220, 571, 217, 1, 3, 1.2490457723982544, 3.1622776601683795
2792, 30, 281, 282, 283, 282, -2, 0, 3.141592653589793, 2.0
2792, 36, 513, 122, 512, 120, 1, 2, 1.1071487177940904, 2.23606797749979
2792, 39, 547, 209, 546, 208, 1, 1, 0.7853981633974483, 1.4142135623730951
2792, 44, 616, 355, 617, 354, -1, 1, 2.356194490192345, 1.4142135623730951
2792, 45, 555, 289, 555, 286, 0, 3, 1.5707963267948966, 3.0
2792, 46, 635, 346, 634, 347, 1, -1, -0.7853981633974483, 1.4142135623730951
2792, 47, 421, 142, 420, 143, 1, -1, -0.7853981633974483, 1.4142135623730951
2793, 13, 361, 369, 360, 370, 1, -1, -0.7853981633974483, 1.4142135623730951
2793, 17, 214, 307, 217, 307, -3, 0, 3.141592653589793, 3.0
2793, 18, 531, 213, 531, 210, 0, 3, 1.5707963267948966, 3.0
2793, 20, 321, 327, 320, 326, 1, 1, 0.7853981633974483, 1.4142135623730951
2793, 27, 573, 223, 572, 220, 1, 3, 1.2490457723982544, 3.1622776601683795
2793, 35, 358, 335, 356, 336, 2, -1, -0.4636476090008061, 2.23606797749979
2793, 36, 548, 210, 547, 209, 1, 1, 0.7853981633974483, 1.4142135623730951
2793, 40, 239, 299, 240, 298, -1, 1, 2.356194490192345, 1.4142135623730951
2793, 42, 556, 292, 555, 289, 1, 3, 1.2490457723982544, 3.1622776601683795
2794, 3, 635, 337, 634, 336, 1, 1, 0.7853981633974483, 1.4142135623730951
2794, 13, 362, 368, 361, 369, 1, -1, -0.7853981633974483, 1.4142135623730951
2794, 14, 325, 389, 324, 390, 1, -1, -0.7853981633974483, 1.4142135623730951
2794, 18, 532, 217, 531, 213, 1, 4, 1.3258176636680326, 4.123105625617661
2794, 26, 574, 224, 573, 223, 1, 1, 0.7853981633974483, 1.4142135623730951
2794, 34, 359, 332, 358, 335, 1, -3, -1.2490457723982544, 3.1622776601683795
2794, 37, 341, 315, 342, 317, -1, -2, -2.0344439357957027, 2.23606797749979
2794, 38, 240, 301, 239, 299, 1, 2, 1.1071487177940904, 2.23606797749979
2794, 40, 557, 296, 556, 292, 1, 4, 1.3258176636680326, 4.123105625617661
2794, 42, 422, 141, 421, 142, 1, -1, -0.7853981633974483, 1.4142135623730951
2795, 12, 558, 293, 558, 291, 0, 2, 1.5707963267948966, 2.0
2795, 15, 362, 371, 361, 372, 1, -1, -0.7853981633974483, 1.4142135623730951
2795, 16, 534, 216, 533, 213, 1, 3, 1.2490457723982544, 3.1622776601683795
2795, 19, 501, 146, 499, 146, 2, 0, 0.0, 2.0
2795, 20, 363, 338, 363, 340, 0, -2, -1.5707963267948966, 2.0
2795, 24, 517, 192, 517, 190, 0, 2, 1.5707963267948966, 2.0
2795, 25, 489, 154, 488, 155, 1, -1, -0.7853981633974483, 1.4142135623730951
2795, 30, 220, 311, 221, 310, -1, 1, 2.356194490192345, 1.4142135623730951
2795, 35, 549, 211, 548, 210, 1, 1, 0.7853981633974483, 1.4142135623730951
2795, 41, 535, 267, 532, 266, 3, 1, 0.3217505543966422, 3.1622776601683795
2795, 52, 461, 266, 462, 268, -1, -2, -2.0344439357957027, 2.23606797749979
2796, 3, 552, 279, 553, 278, -1, 1, 2.356194490192345, 1.4142135623730951
2796, 12, 560, 295, 558, 293, 2, 2, 0.7853981633974483, 2.8284271247461903
2796, 13, 539, 278, 540, 277, -1, 1, 2.356194490192345, 1.4142135623730951
2796, 16, 536, 219, 534, 216, 2, 3, 0.982793723247329, 3.605551275463989
2796, 19, 502, 145, 501, 146, 1, -1, -0.7853981633974483, 1.4142135623730951
2796, 20, 364, 336, 363, 338, 1, -2, -1.1071487177940904, 2.23606797749979
2796, 29, 528, 166, 529, 165, -1, 1, 2.356194490192345, 1.4142135623730951
2796, 35, 550, 212, 549, 211, 1, 1, 0.7853981633974483, 1.4142135623730951
2796, 36, 393, 296, 393, 298, 0, -2, -1.5707963267948966, 2.0
2796, 37, 406, 221, 406, 223, 0, -2, -1.5707963267948966, 2.0
2796, 41, 537, 269, 535, 267, 2, 2, 0.7853981633974483, 2.8284271247461903
2797, 7, 487, 106, 486, 107, 1, -1, -0.7853981633974483, 1.4142135623730951
2797, 10, 561, 297, 560, 295, 1, 2, 1.1071487177940904, 2.23606797749979
2797, 13, 363, 370, 362, 371, 1, -1, -0.7853981633974483, 1.4142135623730951
2797, 14, 536, 221, 536, 219, 0, 2, 1.5707963267948966, 2.0
2797, 15, 470, 296, 470, 298, 0, -2, -1.5707963267948966, 2.0
2797, 23, 491, 153, 490, 154, 1, -1, -0.7853981633974483, 1.4142135623730951
2797, 24, 565, 198, 564, 197, 1, 1, 0.7853981633974483, 1.4142135623730951
2797, 27, 527, 167, 528, 166, -1, 1, 2.356194490192345, 1.4142135623730951
2797, 28, 222, 314, 220, 312, 2, 2, 0.7853981633974483, 2.8284271247461903
2797, 31, 551, 213, 550, 212, 1, 1, 0.7853981633974483, 1.4142135623730951
2797, 37, 538, 271, 537, 269, 1, 2, 1.1071487177940904, 2.23606797749979
2797, 38, 632, 350, 633, 349, -1, 1, 2.356194490192345, 1.4142135623730951
2797, 40, 326, 388, 325, 389, 1, -1, -0.7853981633974483, 1.4142135623730951
2797, 42, 518, 127, 517, 128, 1, -1, -0.7853981633974483, 1.4142135623730951
2798, 3, 553, 281, 552, 280, 1, 1, 0.7853981633974483, 1.4142135623730951
2798, 10, 562, 298, 561, 297, 1, 1, 0.7853981633974483, 1.4142135623730951
2798, 13, 364, 369, 363, 370, 1, -1, -0.7853981633974483, 1.4142135623730951
2798, 14, 538, 223, 536, 221, 2, 2, 0.7853981633974483, 2.8284271247461903
2798, 17, 504, 144, 503, 145, 1, -1, -0.7853981633974483, 1.4142135623730951
2798, 18, 364, 333, 364, 335, 0, -2, -1.5707963267948966, 2.0
2798, 21, 326, 323, 325, 324, 1, -1, -0.7853981633974483, 1.4142135623730951
2798, 23, 492, 152, 491, 153, 1, -1, -0.7853981633974483, 1.4142135623730951
2798, 26, 355, 363, 354, 365, 1, -2, -1.1071487177940904, 2.23606797749979
2798, 27, 528, 168, 527, 167, 1, 1, 0.7853981633974483, 1.4142135623730951
2798, 28, 223, 315, 222, 314, 1, 1, 0.7853981633974483, 1.4142135623730951
2798, 36, 540, 273, 538, 271, 2, 2, 0.7853981633974483, 2.8284271247461903
2798, 37, 630, 350, 632, 350, -2, 0, 3.141592653589793, 2.0
2798, 47, 576, 291, 575, 290, 1, 1, 0.7853981633974483, 1.4142135623730951
2799, 1, 416, 356, 415, 357, 1, -1, -0.7853981633974483, 1.4142135623730951
2799, 13, 540, 224, 538, 223, 2, 1, 0.4636476090008061, 2.23606797749979
2799, 15, 505, 142, 504, 144, 1, -2, -1.1071487177940904, 2.23606797749979
2799, 18, 327, 322, 326, 323, 1, -1, -0.7853981633974483, 1.4142135623730951
2799, 19, 517, 195, 516, 194, 1, 1, 0.7853981633974483, 1.4142135623730951
2799, 20, 493, 150, 492, 152, 1, -2, -1.1071487177940904, 2.23606797749979
2799, 23, 356, 361, 355, 363, 1, -2, -1.1071487177940904, 2.23606797749979
2799, 24, 529, 169, 528, 168, 1, 1, 0.7853981633974483, 1.4142135623730951
2799, 28, 553, 213, 551, 214, 2, -1, -0.4636476090008061, 2.23606797749979
2799, 30, 323, 330, 323, 332, 0, -2, -1.5707963267948966, 2.0
2799, 34, 629, 351, 630, 350, -1, 1, 2.356194490192345, 1.4142135623730951
2799, 39, 373, 314, 372, 316, 1, -2, -1.1071487177940904, 2.23606797749979
2799, 41, 323, 364, 322, 365, 1, -1, -0.7853981633974483, 1.4142135623730951
2799, 44, 577, 290, 576, 291, 1, -1, -0.7853981633974483, 1.4142135623730951
2800, 3, 553, 282, 554, 281, -1, 1, 2.356194490192345, 1.4142135623730951
2800, 4, 635, 339, 638, 340, -3, -1, -2.819842099193151, 3.1622776601683795
2800, 8, 488, 107, 487, 108, 1, -1, -0.7853981633974483, 1.4142135623730951
2800, 18, 484, 135, 482, 135, 2, 0, 0.0, 2.0
2800, 21, 230, 315, 233, 316, -3, -1, -2.819842099193151, 3.1622776601683795
2800, 28, 529, 167, 528, 166, 1, 1, 0.7853981633974483, 1.4142135623730951
2800, 31, 520, 133, 518, 132, 2, 1, 0.4636476090008061, 2.23606797749979
2800, 36, 424, 136, 424, 138, 0, -2, -1.5707963267948966, 2.0
2800, 41, 518, 195, 517, 193, 1, 2, 1.1071487177940904, 2.23606797749979
2801, 9, 366, 369, 365, 370, 1, -1, -0.7853981633974483, 1.4142135623730951
2801, 21, 228, 314, 230, 315, -2, -1, -2.677945044588987, 2.23606797749979
2801, 31, 522, 134, 520, 133, 2, 1, 0.4636476090008061, 2.23606797749979
2801, 37, 444, 319, 444, 321, 0, -2, -1.5707963267948966, 2.0
2801, 41, 522, 198, 518, 195, 4, 3, 0.6435011087932844, 5.0
2802, 23, 330, 387, 329, 388, 1, -1, -0.7853981633974483, 1.4142135623730951
2802, 24, 325, 366, 324, 367, 1, -1, -0.7853981633974483, 1.4142135623730951
2802, 30, 524, 135, 522, 134, 2, 1, 0.4636476090008061, 2.23606797749979
2802, 34, 274, 360, 273, 359, 1, 1, 0.7853981633974483, 1.4142135623730951
2803, 1, 552, 285, 553, 284, -1, 1, 2.356194490192345, 1.4142135623730951
2803, 6, 491, 106, 490, 107, 1, -1, -0.7853981633974483, 1.4142135623730951
2803, 17, 225, 312, 228, 313, -3, -1, -2.819842099193151, 3.1622776601683795
2803, 25, 465, 265, 463, 265, 2, 0, 0.0, 2.0
2803, 26, 526, 135, 524, 135, 2, 0, 0.0, 2.0
2803, 35, 523, 200, 522, 199, 1, 1, 0.7853981633974483, 1.4142135623730951
2804, 6, 493, 106, 491, 106, 2, 0, 0.0, 2.0
2804, 8, 575, 204, 574, 203, 1, 1, 0.7853981633974483, 1.4142135623730951
2804, 11, 539, 219, 538, 218, 1, 1, 0.7853981633974483, 1.4142135623730951
2804, 15, 223, 311, 225, 312, -2, -1, -2.677945044588987, 2.23606797749979
2804, 19, 327, 365, 325, 365, 2, 0, 0.0, 2.0
2804, 21, 327, 329, 326, 328, 1, 1, 0.7853981633974483, 1.4142135623730951
2804, 29, 427, 132, 424, 133, 3, -1, -0.3217505543966422, 3.1622776601683795
2805, 15, 493, 155, 491, 156, 2, -1, -0.4636476090008061, 2.23606797749979
2805, 16, 580, 218, 579, 215, 1, 3, 1.2490457723982544, 3.1622776601683795
2805, 17, 223, 313, 225, 314, -2, -1, -2.677945044588987, 2.23606797749979
2805, 18, 382, 185, 382, 187, 0, -2, -1.5707963267948966, 2.0
2805, 19, 366, 360, 364, 361, 2, -1, -0.4636476090008061, 2.23606797749979
2805, 24, 373, 322, 372, 324, 1, -2, -1.1071487177940904, 2.23606797749979
2805, 26, 505, 145, 504, 144, 1, 1, 0.7853981633974483, 1.4142135623730951
2805, 39, 538, 214, 536, 213, 2, 1, 0.4636476090008061, 2.23606797749979
2805, 42, 377, 317, 377, 319, 0, -2, -1.5707963267948966, 2.0
2806, 5, 369, 367, 368, 368, 1, -1, -0.7853981633974483, 1.4142135623730951
2806, 12, 580, 220, 580, 218, 0, 2, 1.5707963267948966, 2.0
2806, 13, 221, 313, 223, 313, -2, 0, 3.141592653589793, 2.0
2806, 15, 368, 360, 366, 360, 2, 0, 0.0, 2.0
2806, 16, 336, 346, 335, 347, 1, -1, -0.7853981633974483, 1.4142135623730951
2806, 17, 578, 241, 579, 240, -1, 1, 2.356194490192345, 1.4142135623730951
2806, 19, 374, 321, 373, 322, 1, -1, -0.7853981633974483, 1.4142135623730951
2806, 22, 565, 289, 564, 288, 1, 1, 0.7853981633974483, 1.4142135623730951
2806, 24, 293, 312, 294, 311, -1, 1, 2.356194490192345, 1.4142135623730951
2806, 26, 553, 221, 552, 220, 1, 1, 0.7853981633974483, 1.4142135623730951
2806, 30, 539, 215, 538, 214, 1, 1, 0.7853981633974483, 1.4142135623730951
2807, 6, 496, 107, 494, 108, 2, -1, -0.4636476090008061, 2.23606797749979
2807, 11, 495, 154, 494, 155, 1, -1, -0.7853981633974483, 1.4142135623730951
2807, 13, 219, 312, 221, 313, -2, -1, -2.677945044588987, 2.23606797749979
2807, 15, 370, 360, 368, 360, 2, 0, 0.0, 2.0
2807, 16, 337, 345, 336, 346, 1, -1, -0.7853981633974483, 1.4142135623730951
2807, 19, 375, 320, 374, 321, 1, -1, -0.7853981633974483, 1.4142135623730951
2807, 21, 507, 146, 506, 145, 1, 1, 0.7853981633974483, 1.4142135623730951
2807, 25, 422, 172, 422, 174, 0, -2, -1.5707963267948966, 2.0
2807, 27, 507, 157, 506, 156, 1, 1, 0.7853981633974483, 1.4142135623730951
2808, 4, 370, 365, 369, 366, 1, -1, -0.7853981633974483, 1.4142135623730951
2808, 5, 498, 107, 496, 107, 2, 0, 0.0, 2.0
2808, 9, 496, 153, 495, 154, 1, -1, -0.7853981633974483, 1.4142135623730951
2808, 11, 217, 311, 219, 312, -2, -1, -2.677945044588987, 2.23606797749979
2808, 12, 382, 181, 382, 183, 0, -2, -1.5707963267948966, 2.0
2808, 13, 372, 360, 370, 360, 2, 0, 0.0, 2.0
2808, 14, 338, 343, 337, 345, 1, -2, -1.1071487177940904, 2.23606797749979
2808, 25, 508, 158, 507, 157, 1, 1, 0.7853981633974483, 1.4142135623730951
2808, 27, 540, 216, 539, 215, 1, 1, 0.7853981633974483, 1.4142135623730951
2809, 3, 371, 364, 370, 365, 1, -1, -0.7853981633974483, 1.4142135623730951
2809, 4, 499, 106, 498, 107, 1, -1, -0.7853981633974483, 1.4142135623730951
2809, 8, 497, 152, 496, 153, 1, -1, -0.7853981633974483, 1.4142135623730951
2809, 11, 382, 179, 382, 181, 0, -2, -1.5707963267948966, 2.0
2809, 12, 373, 359, 372, 360, 1, -1, -0.7853981633974483, 1.4142135623730951
2809, 18, 510, 146, 508, 146, 2, 0, 0.0, 2.0
2809, 23, 554, 224, 553, 223, 1, 1, 0.7853981633974483, 1.4142135623730951
2809, 25, 250, 307, 251, 306, -1, 1, 2.356194490192345, 1.4142135623730951
2809, 26, 541, 217, 540, 216, 1, 1, 0.7853981633974483, 1.4142135623730951
2810, 0, 362, 225, 363, 227, -1, -2, -2.0344439357957027, 2.23606797749979
2810, 6, 604, 221, 602, 221, 2, 0, 0.0, 2.0
2810, 10, 499, 108, 497, 108, 2, 0, 0.0, 2.0
2810, 24, 417, 303, 416, 304, 1, -1, -0.7853981633974483, 1.4142135623730951
2810, 27, 336, 388, 335, 389, 1, -1, -0.7853981633974483, 1.4142135623730951
2810, 36, 388, 241, 389, 243, -1, -2, -2.0344439357957027, 2.23606797749979
2810, 40, 521, 122, 520, 123, 1, -1, -0.7853981633974483, 1.4142135623730951
2810, 41, 490, 134, 489, 135, 1, -1, -0.7853981633974483, 1.4142135623730951
2811, 0, 361, 223, 362, 225, -1, -2, -2.0344439357957027, 2.23606797749979
2811, 2, 309, 304, 310, 303, -1, 1, 2.356194490192345, 1.4142135623730951
2811, 4, 587, 324, 586, 323, 1, 1, 0.7853981633974483, 1.4142135623730951
2811, 10, 412, 358, 411, 360, 1, -2, -1.1071487177940904, 2.23606797749979
2811, 13, 342, 338, 341, 339, 1, -1, -0.7853981633974483, 1.4142135623730951
2811, 17, 375, 311, 375, 313, 0, -2, -1.5707963267948966, 2.0
2811, 23, 337, 387, 336, 388, 1, -1, -0.7853981633974483, 1.4142135623730951
2811, 32, 523, 122, 521, 122, 2, 0, 0.0, 2.0
2812, 6, 580, 246, 581, 245, -1, 1, 2.356194490192345, 1.4142135623730951
2812, 7, 373, 366, 372, 367, 1, -1, -0.7853981633974483, 1.4142135623730951
2812, 13, 343, 337, 342, 338, 1, -1, -0.7853981633974483, 1.4142135623730951
2812, 20, 332, 364, 331, 365, 1, -1, -0.7853981633974483, 1.4142135623730951
2812, 22, 338, 386, 337, 387, 1, -1, -0.7853981633974483, 1.4142135623730951
2812, 29, 407, 216, 408, 218, -1, -2, -2.0344439357957027, 2.23606797749979
2812, 30, 525, 123, 523, 122, 2, 1, 0.4636476090008061, 2.23606797749979
2813, 3, 588, 325, 587, 324, 1, 1, 0.7853981633974483, 1.4142135623730951
2813, 11, 344, 336, 343, 337, 1, -1, -0.7853981633974483, 1.4142135623730951
2813, 12, 424, 171, 423, 172, 1, -1, -0.7853981633974483, 1.4142135623730951
2813, 14, 375, 308, 375, 310, 0, -2, -1.5707963267948966, 2.0
2813, 20, 339, 385, 338, 386, 1, -1, -0.7853981633974483, 1.4142135623730951
2813, 23, 302, 352, 303, 351, -1, 1, 2.356194490192345, 1.4142135623730951
2813, 27, 528, 124, 525, 123, 3, 1, 0.3217505543966422, 3.1622776601683795
2814, 6, 374, 364, 373, 365, 1, -1, -0.7853981633974483, 1.4142135623730951
2814, 17, 416, 299, 417, 301, -1, -2, -2.0344439357957027, 2.23606797749979
2814, 18, 333, 363, 332, 364, 1, -1, -0.7853981633974483, 1.4142135623730951
2814, 21, 575, 274, 576, 273, -1, 1, 2.356194490192345, 1.4142135623730951
2814, 26, 530, 125, 528, 124, 2, 1, 0.4636476090008061, 2.23606797749979
2814, 27, 494, 135, 493, 134, 1, 1, 0.7853981633974483, 1.4142135623730951
2815, 2, 589, 324, 588, 325, 1, -1, -0.7853981633974483, 1.4142135623730951
2815, 12, 376, 366, 375, 367, 1, -1, -0.7853981633974483, 1.4142135623730951
2815, 14, 347, 338, 346, 339, 1, -1, -0.7853981633974483, 1.4142135623730951
2815, 20, 383, 180, 383, 182, 0, -2, -1.5707963267948966, 2.0
2815, 25, 230, 316, 228, 315, 2, 1, 0.4636476090008061, 2.23606797749979
2815, 33, 404, 187, 403, 188, 1, -1, -0.7853981633974483, 1.4142135623730951
2815, 34, 402, 163, 402, 165, 0, -2, -1.5707963267948966, 2.0
2815, 35, 492, 141, 490, 141, 2, 0, 0.0, 2.0
2815, 36, 570, 320, 569, 321, 1, -1, -0.7853981633974483, 1.4142135623730951
2815, 45, 334, 365, 333, 366, 1, -1, -0.7853981633974483, 1.4142135623730951
2815, 46, 574, 182, 573, 181, 1, 1, 0.7853981633974483, 1.4142135623730951
2815, 50, 421, 179, 420, 180, 1, -1, -0.7853981633974483, 1.4142135623730951
2816, 5, 606, 221, 603, 221, 3, 0, 0.0, 3.0
2816, 7, 517, 159, 516, 158, 1, 1, 0.7853981633974483, 1.4142135623730951
2816, 22, 232, 317, 230, 316, 2, 1, 0.4636476090008061, 2.23606797749979
2816, 42, 340, 388, 339, 389, 1, -1, -0.7853981633974483, 1.4142135623730951
2817, 2, 556, 293, 557, 292, -1, 1, 2.356194490192345, 1.4142135623730951
2817, 5, 606, 219, 606, 221, 0, -2, -1.5707963267948966, 2.0
2817, 7, 518, 160, 517, 159, 1, 1, 0.7853981633974483, 1.4142135623730951
2817, 9, 503, 109, 502, 110, 1, -1, -0.7853981633974483, 1.4142135623730951
2817, 11, 377, 364, 376, 365, 1, -1, -0.7853981633974483, 1.4142135623730951
2817, 12, 347, 335, 347, 337, 0, -2, -1.5707963267948966, 2.0
2817, 20, 231, 318, 232, 317, -1, 1, 2.356194490192345, 1.4142135623730951
2817, 28, 403, 161, 402, 162, 1, -1, -0.7853981633974483, 1.4142135623730951
2817, 33, 307, 351, 308, 350, -1, 1, 2.356194490192345, 1.4142135623730951
2817, 37, 575, 183, 574, 182, 1, 1, 0.7853981633974483, 1.4142135623730951
2817, 38, 342, 388, 340, 388, 2, 0, 0.0, 2.0
2818, 5, 605, 216, 606, 219, -1, -3, -1.892546881191539, 3.1622776601683795
2818, 7, 519, 161, 518, 160, 1, 1, 0.7853981633974483, 1.4142135623730951
2818, 9, 505, 109, 503, 109, 2, 0, 0.0, 2.0
2818, 11, 378, 363, 377, 364, 1, -1, -0.7853981633974483, 1.4142135623730951
2818, 15, 483, 132, 482, 133, 1, -1, -0.7853981633974483, 1.4142135623730951
2818, 29, 535, 133, 533, 133, 2, 0, 0.0, 2.0
2818, 31, 304, 353, 307, 351, -3, 2, 2.5535900500422257, 3.605551275463989
2818, 34, 336, 364, 335, 365, 1, -1, -0.7853981633974483, 1.4142135623730951
2818, 36, 343, 387, 342, 388, 1, -1, -0.7853981633974483, 1.4142135623730951
2819, 2, 555, 294, 556, 293, -1, 1, 2.356194490192345, 1.4142135623730951
2819, 3, 448, 130, 447, 131, 1, -1, -0.7853981633974483, 1.4142135623730951
2819, 5, 605, 214, 605, 216, 0, -2, -1.5707963267948966, 2.0
2819, 6, 520, 162, 519, 161, 1, 1, 0.7853981633974483, 1.4142135623730951
2819, 8, 506, 110, 505, 109, 1, 1, 0.7853981633974483, 1.4142135623730951
2819, 10, 379, 361, 378, 363, 1, -2, -1.1071487177940904, 2.23606797749979
2819, 14, 485, 131, 483, 132, 2, -1, -0.4636476090008061, 2.23606797749979
2819, 15, 290, 362, 289, 361, 1, 1, 0.7853981633974483, 1.4142135623730951
2819, 19, 229, 318, 231, 318, -2, 0, 3.141592653589793, 2.0
2819, 22, 367, 264, 367, 266, 0, -2, -1.5707963267948966, 2.0
2819, 28, 537, 133, 535, 133, 2, 0, 0.0, 2.0
2819, 33, 337, 363, 336, 364, 1, -1, -0.7853981633974483, 1.4142135623730951
2819, 34, 576, 185, 575, 184, 1, 1, 0.7853981633974483, 1.4142135623730951
2820, 0, 362, 221, 363, 223, -1, -2, -2.0344439357957027, 2.23606797749979
2820, 6, 507, 111, 505, 111, 2, 0, 0.0, 2.0
2820, 8, 517, 162, 516, 161, 1, 1, 0.7853981633974483, 1.4142135623730951
2820, 15, 378, 366, 377, 367, 1, -1, -0.7853981633974483, 1.4142135623730951
2820, 20, 543, 141, 542, 140, 1, 1, 0.7853981633974483, 1.4142135623730951
2820, 23, 543, 230, 543, 228, 0, 2, 1.5707963267948966, 2.0
2820, 25, 606, 217, 606, 219, 0, -2, -1.5707963267948966, 2.0
2820, 28, 225, 318, 227, 319, -2, -1, -2.677945044588987, 2.23606797749979
2820, 29, 343, 387, 342, 388, 1, -1, -0.7853981633974483, 1.4142135623730951
2820, 31, 499, 138, 497, 138, 2, 0, 0.0, 2.0
2820, 37, 533, 212, 532, 211, 1, 1, 0.7853981633974483, 1.4142135623730951
2820, 42, 265, 269, 266, 268, -1, 1, 2.356194490192345, 1.4142135623730951
2820, 47, 302, 357, 303, 356, -1, 1, 2.356194490192345, 1.4142135623730951
2821, 2, 556, 295, 557, 294, -1, 1, 2.356194490192345, 1.4142135623730951
2821, 3, 510, 112, 507, 111, 3, 1, 0.3217505543966422, 3.1622776601683795
2821, 7, 584, 254, 583, 251, 1, 3, 1.2490457723982544, 3.1622776601683795
2821, 10, 334, 331, 333, 332, 1, -1, -0.7853981633974483, 1.4142135623730951
2821, 11, 379, 365, 378, 366, 1, -1, -0.7853981633974483, 1.4142135623730951
2821, 15, 429, 148, 429, 150, 0, -2, -1.5707963267948966, 2.0
2821, 16, 545, 142, 543, 141, 2, 1, 0.4636476090008061, 2.23606797749979
2821, 17, 427, 171, 426, 173, 1, -2, -1.1071487177940904, 2.23606797749979
2821, 18, 581, 302, 580, 301, 1, 1, 0.7853981633974483, 1.4142135623730951
2821, 19, 544, 233, 543, 230, 1, 3, 1.2490457723982544, 3.1622776601683795
2821, 21, 605, 215, 606, 217, -1, -2, -2.0344439357957027, 2.23606797749979
2821, 22, 382, 174, 382, 176, 0, -2, -1.5707963267948966, 2.0
2821, 24, 223, 318, 225, 318, -2, 0, 3.141592653589793, 2.0
2821, 25, 346, 385, 343, 387, 3, -2, -0.5880026035475675, 3.605551275463989
2821, 27, 500, 139, 499, 138, 1, 1, 0.7853981633974483, 1.4142135623730951
2821, 30, 542, 182, 541, 181, 1, 1, 0.7853981633974483, 1.4142135623730951
2821, 34, 369, 330, 368, 331, 1, -1, -0.7853981633974483, 1.4142135623730951
2821, 41, 341, 363, 338, 366, 3, -3, -0.7853981633974483, 4.242640687119285
2821, 47, 368, 263, 368, 265, 0, -2, -1.5707963267948966, 2.0
2821, 48, 558, 231, 557, 230, 1, 1, 0.7853981633974483, 1.4142135623730951
2822, 4, 518, 165, 517, 163, 1, 2, 1.1071487177940904, 2.23606797749979
2822, 10, 380, 364, 379, 365, 1, -1, -0.7853981633974483, 1.4142135623730951
2822, 14, 546, 143, 545, 142, 1, 1, 0.7853981633974483, 1.4142135623730951
2822, 17, 545, 236, 544, 233, 1, 3, 1.2490457723982544, 3.1622776601683795
2822, 19, 604, 213, 605, 215, -1, -2, -2.0344439357957027, 2.23606797749979
2822, 21, 220, 318, 223, 318, -3, 0, 3.141592653589793, 3.0
2822, 22, 347, 384, 346, 385, 1, -1, -0.7853981633974483, 1.4142135623730951
2822, 24, 502, 139, 500, 139, 2, 0, 0.0, 2.0
2822, 29, 330, 324, 329, 325, 1, -1, -0.7853981633974483, 1.4142135623730951
2822, 37, 342, 362, 341, 363, 1, -1, -0.7853981633974483, 1.4142135623730951
2822, 41, 291, 363, 292, 362, -1, 1, 2.356194490192345, 1.4142135623730951
2822, 43, 559, 233, 558, 231, 1, 2, 1.1071487177940904, 2.23606797749979
2823, 4, 519, 167, 518, 165, 1, 2, 1.1071487177940904, 2.23606797749979
2823, 10, 380, 362, 380, 364, 0, -2, -1.5707963267948966, 2.0
2823, 11, 580, 216, 578, 216, 2, 0, 0.0, 2.0
2823, 15, 426, 167, 427, 170, -1, -3, -1.892546881191539, 3.1622776601683795
2823, 16, 582, 303, 581, 302, 1, 1, 0.7853981633974483, 1.4142135623730951
2823, 17, 547, 239, 545, 236, 2, 3, 0.982793723247329, 3.605551275463989
2823, 20, 219, 319, 220, 318, -1, 1, 2.356194490192345, 1.4142135623730951
2823, 23, 503, 140, 502, 139, 1, 1, 0.7853981633974483, 1.4142135623730951
2823, 24, 566, 306, 565, 304, 1, 2, 1.1071487177940904, 2.23606797749979
2823, 28, 331, 323, 330, 324, 1, -1, -0.7853981633974483, 1.4142135623730951
2823, 36, 343, 361, 342, 362, 1, -1, -0.7853981633974483, 1.4142135623730951
2824, 1, 554, 297, 555, 296, -1, 1, 2.356194490192345, 1.4142135623730951
2824, 2, 512, 113, 511, 112, 1, 1, 0.7853981633974483, 1.4142135623730951
2824, 7, 624, 303, 624, 300, 0, 3, 1.5707963267948966, 3.0
2824, 8, 586, 226, 585, 227, 1, -1, -0.7853981633974483, 1.4142135623730951
2824, 10, 381, 360, 380, 362, 1, -2, -1.1071487177940904, 2.23606797749979
2824, 14, 546, 146, 546, 144, 0, 2, 1.5707963267948966, 2.0
2824, 15, 427, 166, 426, 167, 1, -1, -0.7853981633974483, 1.4142135623730951
2824, 17, 547, 241, 547, 239, 0, 2, 1.5707963267948966, 2.0
2824, 18, 269, 295, 267, 294, 2, 1, 0.4636476090008061, 2.23606797749979
2824, 21, 349, 383, 348, 384, 1, -1, -0.7853981633974483, 1.4142135623730951
2824, 23, 506, 141, 503, 140, 3, 1, 0.3217505543966422, 3.1622776601683795
2824, 24, 567, 307, 566, 306, 1, 1, 0.7853981633974483, 1.4142135623730951
2824, 30, 370, 329, 369, 328, 1, 1, 0.7853981633974483, 1.4142135623730951
2824, 37, 302, 356, 302, 358, 0, -2, -1.5707963267948966, 2.0
2824, 38, 539, 135, 538, 134, 1, 1, 0.7853981633974483, 1.4142135623730951
2824, 41, 367, 260, 367, 262, 0, -2, -1.5707963267948966, 2.0
2824, 42, 560, 235, 559, 234, 1, 1, 0.7853981633974483, 1.4142135623730951
2825, 7, 592, 330, 591, 329, 1, 1, 0.7853981633974483, 1.4142135623730951
2825, 13, 623, 247, 625, 247, -2, 0, 3.141592653589793, 2.0
2825, 21, 541, 286, 538, 285, 3, 1, 0.3217505543966422, 3.1622776601683795
2825, 24, 583, 304, 582, 303, 1, 1, 0.7853981633974483, 1.4142135623730951
2825, 27, 381, 364, 380, 365, 1, -1, -0.7853981633974483, 1.4142135623730951
2825, 30, 547, 238, 546, 237, 1, 1, 0.7853981633974483, 1.4142135623730951
2825, 36, 542, 184, 543, 183, -1, 1, 2.356194490192345, 1.4142135623730951
2825, 41, 417, 130, 417, 132, 0, -2, -1.5707963267948966, 2.0
2825, 44, 369, 331, 368, 333, 1, -2, -1.1071487177940904, 2.23606797749979
2825, 45, 343, 363, 342, 364, 1, -1, -0.7853981633974483, 1.4142135623730951
2825, 46, 611, 274, 612, 273, -1, 1, 2.356194490192345, 1.4142135623730951
2825, 48, 581, 282, 582, 281, -1, 1, 2.356194490192345, 1.4142135623730951
2825, 49, 478, 116, 476, 116, 2, 0, 0.0, 2.0
2825, 50, 537, 182, 536, 179, 1, 3, 1.2490457723982544, 3.1622776601683795
2825, 51, 320, 342, 322, 342, -2, 0, 3.141592653589793, 2.0
2825, 56, 609, 228, 611, 228, -2, 0, 3.141592653589793, 2.0
2825, 57, 494, 139, 492, 137, 2, 2, 0.7853981633974483, 2.8284271247461903
2826, 0, 310, 307, 311, 306, -1, 1, 2.356194490192345, 1.4142135623730951
2826, 7, 578, 217, 579, 216, -1, 1, 2.356194490192345, 1.4142135623730951
2826, 10, 520, 171, 519, 169, 1, 2, 1.1071487177940904, 2.23606797749979
2826, 11, 447, 135, 446, 136, 1, -1, -0.7853981633974483, 1.4142135623730951
2826, 14, 429, 169, 428, 170, 1, -1, -0.7853981633974483, 1.4142135623730951
2826, 16, 545, 288, 541, 286, 4, 2, 0.4636476090008061, 4.47213595499958
2826, 17, 568, 310, 567, 309, 1, 1, 0.7853981633974483, 1.4142135623730951
2826, 20, 383, 173, 383, 175, 0, -2, -1.5707963267948966, 2.0
2826, 21, 565, 219, 564, 218, 1, 1, 0.7853981633974483, 1.4142135623730951
2826, 22, 382, 363, 381, 364, 1, -1, -0.7853981633974483, 1.4142135623730951
2826, 27, 349, 387, 348, 388, 1, -1, -0.7853981633974483, 1.4142135623730951
2826, 28, 237, 322, 239, 323, -2, -1, -2.677945044588987, 2.23606797749979
2826, 31, 541, 185, 542, 184, -1, 1, 2.356194490192345, 1.4142135623730951
2826, 32, 531, 215, 532, 214, -1, 1, 2.356194490192345, 1.4142135623730951
2826, 35, 418, 129, 417, 130, 1, -1, -0.7853981633974483, 1.4142135623730951
2826, 38, 369, 329, 369, 331, 0, -2, -1.5707963267948966, 2.0
2826, 43, 538, 185, 537, 182, 1, 3, 1.2490457723982544, 3.1622776601683795
2826, 47, 225, 324, 223, 322, 2, 2, 0.7853981633974483, 2.8284271247461903
2826, 48, 607, 227, 609, 228, -2, -1, -2.677945044588987, 2.23606797749979
2826, 49, 496, 139, 494, 139, 2, 0, 0.0, 2.0
2827, 10, 522, 172, 520, 171, 2, 1, 0.4636476090008061, 2.23606797749979
2827, 16, 546, 290, 545, 288, 1, 2, 1.1071487177940904, 2.23606797749979
2827, 21, 566, 220, 565, 219, 1, 1, 0.7853981633974483, 1.4142135623730951
2827, 29, 542, 186, 541, 185, 1, 1, 0.7853981633974483, 1.4142135623730951
2827, 30, 531, 217, 531, 215, 0, 2, 1.5707963267948966, 2.0
2827, 33, 419, 128, 418, 129, 1, -1, -0.7853981633974483, 1.4142135623730951
2827, 35, 545, 143, 544, 142, 1, 1, 0.7853981633974483, 1.4142135623730951
2827, 36, 369, 327, 369, 329, 0, -2, -1.5707963267948966, 2.0
2827, 37, 344, 360, 343, 362, 1, -2, -1.1071487177940904, 2.23606797749979
2827, 40, 480, 115, 479, 116, 1, -1, -0.7853981633974483, 1.4142135623730951
2827, 41, 539, 186, 538, 185, 1, 1, 0.7853981633974483, 1.4142135623730951
2827, 45, 227, 325, 225, 324, 2, 1, 0.4636476090008061, 2.23606797749979
2827, 47, 497, 140, 496, 139, 1, 1, 0.7853981633974483, 1.4142135623730951
2828, 0, 309, 308, 310, 307, -1, 1, 2.356194490192345, 1.4142135623730951
2828, 1, 557, 300, 558, 299, -1, 1, 2.356194490192345, 1.4142135623730951
2828, 10, 524, 173, 522, 172, 2, 1, 0.4636476090008061, 2.23606797749979
2828, 11, 448, 133, 447, 134, 1, -1, -0.7853981633974483, 1.4142135623730951
2828, 15, 547, 292, 546, 290, 1, 2, 1.1071487177940904, 2.23606797749979
2828, 19, 383, 170, 383, 172, 0, -2, -1.5707963267948966, 2.0
2828, 21, 383, 361, 382, 362, 1, -1, -0.7853981633974483, 1.4142135623730951
2828, 22, 345, 334, 344, 335, 1, -1, -0.7853981633974483, 1.4142135623730951
2828, 26, 350, 385, 349, 386, 1, -1, -0.7853981633974483, 1.4142135623730951
2828, 28, 543, 188, 542, 186, 1, 2, 1.1071487177940904, 2.23606797749979
2828, 29, 532, 218, 531, 217, 1, 1, 0.7853981633974483, 1.4142135623730951
2828, 32, 420, 126, 419, 128, 1, -2, -1.1071487177940904, 2.23606797749979
2828, 40, 540, 187, 539, 186, 1, 1, 0.7853981633974483, 1.4142135623730951
2828, 43, 272, 365, 270, 365, 2, 0, 0.0, 2.0
2828, 44, 228, 326, 227, 325, 1, 1, 0.7853981633974483, 1.4142135623730951
2828, 46, 498, 139, 497, 140, 1, -1, -0.7853981633974483, 1.4142135623730951
2829, 0, 308, 309, 309, 308, -1, 1, 2.356194490192345, 1.4142135623730951
2829, 1, 558, 303, 557, 300, 1, 3, 1.2490457723982544, 3.1622776601683795
2829, 4, 595, 332, 593, 331, 2, 1, 0.4636476090008061, 2.23606797749979
2829, 5, 581, 255, 582, 254, -1, 1, 2.356194490192345, 1.4142135623730951
2829, 6, 586, 226, 585, 227, 1, -1, -0.7853981633974483, 1.4142135623730951
2829, 10, 525, 175, 524, 173, 1, 2, 1.1071487177940904, 2.23606797749979
2829, 11, 449, 132, 448, 133, 1, -1, -0.7853981633974483, 1.4142135623730951
2829, 15, 546, 294, 547, 292, -1, 2, 2.0344439357957027, 2.23606797749979
2829, 23, 548, 241, 547, 240, 1, 1, 0.7853981633974483, 1.4142135623730951
2829, 26, 609, 204, 610, 201, -1, 3, 1.892546881191539, 3.1622776601683795
2829, 27, 544, 189, 543, 188, 1, 1, 0.7853981633974483, 1.4142135623730951
2829, 28, 533, 219, 532, 218, 1, 1, 0.7853981633974483, 1.4142135623730951
2829, 31, 421, 124, 420, 126, 1, -2, -1.1071487177940904, 2.23606797749979
2829, 32, 247, 308, 246, 307, 1, 1, 0.7853981633974483, 1.4142135623730951
2829, 39, 541, 188, 540, 187, 1, 1, 0.7853981633974483, 1.4142135623730951
2829, 44, 604, 227, 606, 227, -2, 0, 3.141592653589793, 2.0
2830, 13, 374, 248, 375, 250, -1, -2, -2.0344439357957027, 2.23606797749979
2830, 14, 384, 362, 383, 363, 1, -1, -0.7853981633974483, 1.4142135623730951
2830, 18, 612, 349, 611, 348, 1, 1, 0.7853981633974483, 1.4142135623730951
2830, 21, 346, 362, 345, 363, 1, -1, -0.7853981633974483, 1.4142135623730951
2830, 25, 523, 176, 522, 175, 1, 1, 0.7853981633974483, 1.4142135623730951
2830, 30, 351, 386, 350, 387, 1, -1, -0.7853981633974483, 1.4142135623730951
2831, 3, 595, 334, 594, 333, 1, 1, 0.7853981633974483, 1.4142135623730951
2831, 8, 375, 326, 376, 328, -1, -2, -2.0344439357957027, 2.23606797749979
2831, 12, 385, 361, 384, 362, 1, -1, -0.7853981633974483, 1.4142135623730951
2831, 17, 578, 219, 579, 218, -1, 1, 2.356194490192345, 1.4142135623730951
2831, 20, 276, 363, 275, 364, 1, -1, -0.7853981633974483, 1.4142135623730951
2831, 23, 336, 323, 334, 323, 2, 0, 0.0, 2.0
2831, 27, 235, 323, 237, 325, -2, -2, -2.356194490192345, 2.8284271247461903
2831, 31, 547, 144, 546, 145, 1, -1, -0.7853981633974483, 1.4142135623730951
2831, 33, 429, 148, 430, 150, -1, -2, -2.0344439357957027, 2.23606797749979
2832, 4, 517, 113, 516, 114, 1, -1, -0.7853981633974483, 1.4142135623730951
2832, 7, 374, 324, 375, 326, -1, -2, -2.0344439357957027, 2.23606797749979
2832, 11, 386, 360, 385, 361, 1, -1, -0.7853981633974483, 1.4142135623730951
2832, 16, 347, 360, 346, 361, 1, -1, -0.7853981633974483, 1.4142135623730951
2832, 18, 277, 362, 276, 363, 1, -1, -0.7853981633974483, 1.4142135623730951
2832, 20, 524, 178, 523, 177, 1, 1, 0.7853981633974483, 1.4142135623730951
2833, 0, 309, 312, 310, 311, -1, 1, 2.356194490192345, 1.4142135623730951
2833, 5, 559, 304, 560, 303, -1, 1, 2.356194490192345, 1.4142135623730951
2833, 12, 431, 167, 430, 168, 1, -1, -0.7853981633974483, 1.4142135623730951
2833, 17, 384, 169, 384, 171, 0, -2, -1.5707963267948966, 2.0
2833, 18, 278, 361, 277, 362, 1, -1, -0.7853981633974483, 1.4142135623730951
2833, 20, 524, 180, 524, 178, 0, 2, 1.5707963267948966, 2.0
2833, 27, 549, 145, 548, 144, 1, 1, 0.7853981633974483, 1.4142135623730951
2834, 2, 595, 335, 594, 334, 1, 1, 0.7853981633974483, 1.4142135623730951
2834, 15, 348, 358, 347, 359, 1, -1, -0.7853981633974483, 1.4142135623730951
2834, 17, 279, 360, 278, 361, 1, -1, -0.7853981633974483, 1.4142135623730951
2834, 21, 542, 297, 544, 297, -2, 0, 3.141592653589793, 2.0
2834, 22, 353, 383, 352, 384, 1, -1, -0.7853981633974483, 1.4142135623730951
2834, 23, 231, 323, 233, 323, -2, 0, 3.141592653589793, 2.0
2834, 27, 430, 144, 429, 146, 1, -2, -1.1071487177940904, 2.23606797749979
2835, 2, 559, 305, 560, 304, -1, 1, 2.356194490192345, 1.4142135623730951
2835, 9, 509, 152, 510, 151, -1, 1, 2.356194490192345, 1.4142135623730951
2835, 12, 514, 181, 513, 179, 1, 2, 1.1071487177940904, 2.23606797749979
2835, 14, 349, 360, 348, 361, 1, -1, -0.7853981633974483, 1.4142135623730951
2835, 15, 350, 339, 349, 340, 1, -1, -0.7853981633974483, 1.4142135623730951
2835, 16, 571, 303, 569, 302, 2, 1, 0.4636476090008061, 2.23606797749979
2835, 20, 524, 182, 524, 180, 0, 2, 1.5707963267948966, 2.0
2835, 26, 228, 322, 230, 323, -2, -1, -2.677945044588987, 2.23606797749979
2835, 28, 610, 220, 610, 222, 0, -2, -1.5707963267948966, 2.0
2835, 34, 354, 385, 353, 386, 1, -1, -0.7853981633974483, 1.4142135623730951
2835, 35, 551, 152, 550, 151, 1, 1, 0.7853981633974483, 1.4142135623730951
2836, 3, 388, 359, 387, 360, 1, -1, -0.7853981633974483, 1.4142135623730951
2836, 6, 521, 114, 519, 114, 2, 0, 0.0, 2.0
2836, 13, 351, 338, 350, 339, 1, -1, -0.7853981633974483, 1.4142135623730951
2836, 14, 572, 304, 571, 303, 1, 1, 0.7853981633974483, 1.4142135623730951
2836, 17, 513, 188, 514, 187, -1, 1, 2.356194490192345, 1.4142135623730951
2836, 18, 524, 184, 524, 182, 0, 2, 1.5707963267948966, 2.0
2836, 25, 610, 218, 610, 220, 0, -2, -1.5707963267948966, 2.0
2836, 26, 370, 248, 372, 250, -2, -2, -2.356194490192345, 2.8284271247461903
2836, 27, 562, 242, 563, 241, -1, 1, 2.356194490192345, 1.4142135623730951
2836, 28, 581, 235, 583, 236, -2, -1, -2.677945044588987, 2.23606797749979
2836, 31, 552, 154, 551, 152, 1, 2, 1.1071487177940904, 2.23606797749979
2837, 5, 522, 115, 521, 114, 1, 1, 0.7853981633974483, 1.4142135623730951
2837, 11, 353, 337, 351, 338, 2, -1, -0.4636476090008061, 2.23606797749979
2837, 12, 573, 305, 572, 304, 1, 1, 0.7853981633974483, 1.4142135623730951
2837, 15, 525, 187, 524, 184, 1, 3, 1.2490457723982544, 3.1622776601683795
2837, 17, 417, 360, 415, 360, 2, 0, 0.0, 2.0
2837, 19, 225, 320, 227, 322, -2, -2, -2.356194490192345, 2.8284271247461903
2837, 21, 610, 216, 610, 218, 0, -2, -1.5707963267948966, 2.0
2837, 23, 563, 243, 562, 242, 1, 1, 0.7853981633974483, 1.4142135623730951
2837, 25, 355, 383, 354, 384, 1, -1, -0.7853981633974483, 1.4142135623730951
2837, 26, 554, 155, 552, 154, 2, 1, 0.4636476090008061, 2.23606797749979
2838, 5, 524, 115, 522, 115, 2, 0, 0.0, 2.0
2838, 10, 350, 357, 349, 358, 1, -1, -0.7853981633974483, 1.4142135623730951
2838, 11, 354, 335, 353, 337, 1, -2, -1.1071487177940904, 2.23606797749979
2838, 17, 418, 359, 417, 360, 1, -1, -0.7853981633974483, 1.4142135623730951
2838, 20, 611, 215, 610, 216, 1, -1, -0.7853981633974483, 1.4142135623730951
2838, 21, 562, 244, 563, 243, -1, 1, 2.356194490192345, 1.4142135623730951
2838, 22, 356, 382, 355, 383, 1, -1, -0.7853981633974483, 1.4142135623730951
2838, 23, 555, 156, 554, 155, 1, 1, 0.7853981633974483, 1.4142135623730951
2839, 4, 525, 116, 524, 115, 1, 1, 0.7853981633974483, 1.4142135623730951
2839, 9, 351, 356, 350, 357, 1, -1, -0.7853981633974483, 1.4142135623730951
2839, 13, 432, 164, 432, 166, 0, -2, -1.5707963267948966, 2.0
2839, 14, 526, 190, 525, 188, 1, 2, 1.1071487177940904, 2.23606797749979
2839, 19, 563, 245, 562, 244, 1, 1, 0.7853981633974483, 1.4142135623730951
2840, 2, 562, 308, 561, 307, 1, 1, 0.7853981633974483, 1.4142135623730951
2840, 12, 356, 330, 356, 332, 0, -2, -1.5707963267948966, 2.0
2840, 17, 527, 188, 527, 186, 0, 2, 1.5707963267948966, 2.0
2840, 19, 357, 383, 356, 384, 1, -1, -0.7853981633974483, 1.4142135623730951
2840, 24, 501, 149, 500, 148, 1, 1, 0.7853981633974483, 1.4142135623730951
2840, 30, 613, 221, 611, 219, 2, 2, 0.7853981633974483, 2.8284271247461903
2841, 5, 524, 118, 523, 117, 1, 1, 0.7853981633974483, 1.4142135623730951
2841, 6, 389, 356, 389, 358, 0, -2, -1.5707963267948966, 2.0
2841, 18, 358, 382, 357, 383, 1, -1, -0.7853981633974483, 1.4142135623730951
2841, 22, 503, 150, 501, 149, 2, 1, 0.4636476090008061, 2.23606797749979
2842, 10, 356, 327, 356, 329, 0, -2, -1.5707963267948966, 2.0
2842, 13, 451, 126, 450, 128, 1, -2, -1.1071487177940904, 2.23606797749979
2842, 15, 527, 191, 527, 189, 0, 2, 1.5707963267948966, 2.0
2842, 17, 358, 380, 358, 382, 0, -2, -1.5707963267948966, 2.0
2842, 21, 505, 151, 503, 150, 2, 1, 0.4636476090008061, 2.23606797749979
2842, 24, 613, 224, 612, 221, 1, 3, 1.2490457723982544, 3.1622776601683795
2843, 5, 526, 119, 525, 118, 1, 1, 0.7853981633974483, 1.4142135623730951
2843, 6, 389, 353, 389, 355, 0, -2, -1.5707963267948966, 2.0
2843, 10, 356, 325, 356, 327, 0, -2, -1.5707963267948966, 2.0
2843, 11, 433, 163, 433, 165, 0, -2, -1.5707963267948966, 2.0
2843, 13, 452, 125, 451, 126, 1, -1, -0.7853981633974483, 1.4142135623730951
2843, 15, 528, 192, 527, 191, 1, 1, 0.7853981633974483, 1.4142135623730951
2843, 16, 563, 217, 565, 218, -2, -1, -2.677945044588987, 2.23606797749979
2843, 17, 359, 379, 358, 380, 1, -1, -0.7853981633974483, 1.4142135623730951
2843, 22, 613, 228, 613, 224, 0, 4, 1.5707963267948966, 4.0
2844, 6, 390, 352, 389, 353, 1, -1, -0.7853981633974483, 1.4142135623730951
2844, 10, 356, 323, 356, 325, 0, -2, -1.5707963267948966, 2.0
2844, 12, 453, 124, 452, 125, 1, -1, -0.7853981633974483, 1.4142135623730951
2844, 14, 529, 194, 528, 192, 1, 2, 1.1071487177940904, 2.23606797749979
2844, 16, 360, 378, 359, 379, 1, -1, -0.7853981633974483, 1.4142135623730951
2844, 20, 612, 225, 613, 228, -1, -3, -1.892546881191539, 3.1622776601683795
2844, 22, 278, 246, 280, 246, -2, 0, 3.141592653589793, 2.0
2845, 4, 517, 195, 515, 193, 2, 2, 0.7853981633974483, 2.8284271247461903
2845, 18, 358, 327, 358, 329, 0, -2, -1.5707963267948966, 2.0
2845, 22, 409, 176, 408, 177, 1, -1, -0.7853981633974483, 1.4142135623730951
2845, 25, 628, 356, 626, 356, 2, 0, 0.0, 2.0
2845, 27, 609, 228, 610, 230, -1, -2, -2.0344439357957027, 2.23606797749979
2845, 29, 236, 325, 234, 324, 2, 1, 0.4636476090008061, 2.23606797749979
2845, 31, 356, 355, 355, 356, 1, -1, -0.7853981633974483, 1.4142135623730951
2845, 40, 530, 194, 529, 191, 1, 3, 1.2490457723982544, 3.1622776601683795
2845, 43, 556, 159, 554, 156, 2, 3, 0.982793723247329, 3.605551275463989
2845, 45, 468, 265, 468, 267, 0, -2, -1.5707963267948966, 2.0
2845, 53, 428, 238, 428, 240, 0, -2, -1.5707963267948966, 2.0
2845, 55, 277, 365, 276, 367, 1, -2, -1.1071487177940904, 2.23606797749979
2846, 2, 563, 312, 564, 311, -1, 1, 2.356194490192345, 1.4142135623730951
2846, 3, 519, 198, 517, 195, 2, 3, 0.982793723247329, 3.605551275463989
2846, 4, 393, 354, 392, 355, 1, -1, -0.7853981633974483, 1.4142135623730951
2846, 8, 528, 119, 527, 118, 1, 1, 0.7853981633974483, 1.4142135623730951
2846, 14, 358, 325, 358, 327, 0, -2, -1.5707963267948966, 2.0
2846, 21, 631, 355, 628, 356, 3, -1, -0.3217505543966422, 3.1622776601683795
2846, 23, 609, 226, 609, 228, 0, -2, -1.5707963267948966, 2.0
2846, 25, 237, 326, 236, 325, 1, 1, 0.7853981633974483, 1.4142135623730951
2846, 27, 357, 354, 356, 355, 1, -1, -0.7853981633974483, 1.4142135623730951
2846, 32, 292, 339, 290, 340, 2, -1, -0.4636476090008061, 2.23606797749979
2846, 36, 531, 196, 530, 194, 1, 2, 1.1071487177940904, 2.23606797749979
2846, 37, 391, 224, 391, 226, 0, -2, -1.5707963267948966, 2.0
2846, 39, 557, 160, 556, 159, 1, 1, 0.7853981633974483, 1.4142135623730951
2846, 51, 278, 364, 277, 365, 1, -1, -0.7853981633974483, 1.4142135623730951
2847, 7, 529, 120, 528, 119, 1, 1, 0.7853981633974483, 1.4142135623730951
2847, 12, 358, 323, 358, 325, 0, -2, -1.5707963267948966, 2.0
2847, 14, 468, 126, 467, 127, 1, -1, -0.7853981633974483, 1.4142135623730951
2847, 18, 633, 354, 631, 355, 2, -1, -0.4636476090008061, 2.23606797749979
2847, 19, 362, 381, 361, 382, 1, -1, -0.7853981633974483, 1.4142135623730951
2847, 20, 609, 224, 609, 226, 0, -2, -1.5707963267948966, 2.0
2847, 25, 433, 142, 433, 144, 0, -2, -1.5707963267948966, 2.0
2847, 29, 294, 338, 292, 339, 2, -1, -0.4636476090008061, 2.23606797749979
2847, 33, 533, 196, 531, 196, 2, 0, 0.0, 2.0
2847, 36, 559, 161, 557, 160, 2, 1, 0.4636476090008061, 2.23606797749979
2847, 43, 250, 311, 251, 310, -1, 1, 2.356194490192345, 1.4142135623730951
2848, 2, 521, 199, 520, 198, 1, 1, 0.7853981633974483, 1.4142135623730951
2848, 5, 625, 310, 626, 309, -1, 1, 2.356194490192345, 1.4142135623730951
2848, 13, 469, 125, 468, 126, 1, -1, -0.7853981633974483, 1.4142135623730951
2848, 14, 522, 155, 521, 154, 1, 1, 0.7853981633974483, 1.4142135623730951
2848, 15, 409, 173, 410, 175, -1, -2, -2.0344439357957027, 2.23606797749979
2848, 17, 635, 352, 633, 354, 2, -2, -0.7853981633974483, 2.8284271247461903
2848, 19, 608, 222, 609, 224, -1, -2, -2.0344439357957027, 2.23606797749979
2848, 23, 358, 352, 357, 353, 1, -1, -0.7853981633974483, 1.4142135623730951
2848, 28, 297, 338, 294, 338, 3, 0, 0.0, 3.0
2848, 32, 533, 198, 533, 196, 0, 2, 1.5707963267948966, 2.0
2848, 34, 560, 160, 559, 161, 1, -1, -0.7853981633974483, 1.4142135623730951
2848, 42, 375, 320, 375, 322, 0, -2, -1.5707963267948966, 2.0
2849, 2, 521, 201, 521, 199, 0, 2, 1.5707963267948966, 2.0
2849, 7, 531, 121, 530, 120, 1, 1, 0.7853981633974483, 1.4142135623730951
2849, 13, 470, 124, 469, 125, 1, -1, -0.7853981633974483, 1.4142135623730951
2849, 16, 551, 247, 551, 245, 0, 2, 1.5707963267948966, 2.0
2849, 18, 363, 379, 362, 380, 1, -1, -0.7853981633974483, 1.4142135623730951
2849, 19, 607, 220, 608, 222, -1, -2, -2.0344439357957027, 2.23606797749979
2849, 21, 235, 326, 237, 327, -2, -1, -2.677945044588987, 2.23606797749979
2849, 23, 432, 139, 433, 141, -1, -2, -2.0344439357957027, 2.23606797749979
2849, 27, 300, 337, 297, 338, 3, -1, -0.3217505543966422, 3.1622776601683795
2849, 40, 374, 321, 375, 320, -1, 1, 2.356194490192345, 1.4142135623730951
2849, 42, 302, 362, 301, 363, 1, -1, -0.7853981633974483, 1.4142135623730951
2849, 43, 276, 365, 278, 365, -2, 0, 3.141592653589793, 2.0
2850, 5, 562, 314, 563, 313, -1, 1, 2.356194490192345, 1.4142135623730951
2850, 10, 374, 335, 373, 336, 1, -1, -0.7853981633974483, 1.4142135623730951
2850, 13, 530, 123, 529, 122, 1, 1, 0.7853981633974483, 1.4142135623730951
2850, 17, 551, 249, 551, 247, 0, 2, 1.5707963267948966, 2.0
2850, 18, 603, 201, 601, 201, 2, 0, 0.0, 2.0
2850, 19, 407, 201, 407, 203, 0, -2, -1.5707963267948966, 2.0
2850, 21, 300, 371, 299, 370, 1, 1, 0.7853981633974483, 1.4142135623730951
2850, 22, 434, 142, 433, 143, 1, -1, -0.7853981633974483, 1.4142135623730951
2850, 23, 556, 149, 555, 148, 1, 1, 0.7853981633974483, 1.4142135623730951
2850, 25, 608, 224, 609, 226, -1, -2, -2.0344439357957027, 2.23606797749979
2850, 26, 512, 150, 510, 150, 2, 0, 0.0, 2.0
2850, 27, 359, 354, 358, 355, 1, -1, -0.7853981633974483, 1.4142135623730951
2850, 28, 522, 204, 522, 202, 0, 2, 1.5707963267948966, 2.0
2850, 32, 531, 197, 532, 196, -1, 1, 2.356194490192345, 1.4142135623730951
2850, 33, 232, 327, 234, 327, -2, 0, 3.141592653589793, 2.0
2850, 36, 359, 322, 359, 324, 0, -2, -1.5707963267948966, 2.0
2850, 40, 465, 146, 464, 147, 1, -1, -0.7853981633974483, 1.4142135623730951
2851, 6, 585, 265, 586, 264, -1, 1, 2.356194490192345, 1.4142135623730951
2851, 10, 375, 334, 374, 335, 1, -1, -0.7853981633974483, 1.4142135623730951
2851, 11, 395, 352, 394, 353, 1, -1, -0.7853981633974483, 1.4142135623730951
2851, 15, 552, 252, 551, 249, 1, 3, 1.2490457723982544, 3.1622776601683795
2851, 22, 607, 222, 608, 224, -1, -2, -2.0344439357957027, 2.23606797749979
2851, 23, 514, 151, 512, 150, 2, 1, 0.4636476090008061, 2.23606797749979
2851, 29, 532, 199, 531, 197, 1, 2, 1.1071487177940904, 2.23606797749979
2851, 30, 230, 327, 232, 327, -2, 0, 3.141592653589793, 2.0
2851, 33, 359, 320, 359, 322, 0, -2, -1.5707963267948966, 2.0
2851, 35, 571, 320, 570, 319, 1, 1, 0.7853981633974483, 1.4142135623730951
2852, 0, 363, 205, 363, 207, 0, -2, -1.5707963267948966, 2.0
2852, 5, 561, 315, 562, 314, -1, 1, 2.356194490192345, 1.4142135623730951
2852, 14, 553, 254, 552, 252, 1, 2, 1.1071487177940904, 2.23606797749979
2852, 15, 605, 203, 604, 201, 1, 2, 1.1071487177940904, 2.23606797749979
2852, 18, 434, 139, 434, 141, 0, -2, -1.5707963267948966, 2.0
2852, 19, 560, 149, 556, 150, 4, -1, -0.24497866312686414, 4.123105625617661
2852, 21, 606, 220, 607, 222, -1, -2, -2.0344439357957027, 2.23606797749979
2852, 22, 517, 152, 514, 151, 3, 1, 0.3217505543966422, 3.1622776601683795
2852, 23, 360, 352, 359, 353, 1, -1, -0.7853981633974483, 1.4142135623730951
2852, 27, 532, 201, 532, 199, 0, 2, 1.5707963267948966, 2.0
2852, 28, 229, 329, 230, 327, -1, 2, 2.0344439357957027, 2.23606797749979
2852, 31, 359, 318, 359, 320, 0, -2, -1.5707963267948966, 2.0
2852, 32, 572, 158, 571, 157, 1, 1, 0.7853981633974483, 1.4142135623730951
2852, 33, 572, 321, 571, 320, 1, 1, 0.7853981633974483, 1.4142135623730951
2853, 5, 562, 316, 561, 315, 1, 1, 0.7853981633974483, 1.4142135623730951
2853, 9, 396, 350, 395, 351, 1, -1, -0.7853981633974483, 1.4142135623730951
2853, 13, 553, 256, 553, 254, 0, 2, 1.5707963267948966, 2.0
2853, 20, 517, 154, 517, 152, 0, 2, 1.5707963267948966, 2.0
2853, 21, 361, 351, 360, 352, 1, -1, -0.7853981633974483, 1.4142135623730951
2853, 25, 533, 203, 532, 201, 1, 2, 1.1071487177940904, 2.23606797749979
2853, 26, 227, 328, 229, 329, -2, -1, -2.677945044588987, 2.23606797749979
2853, 28, 572, 161, 572, 158, 0, 3, 1.5707963267948966, 3.0
2853, 29, 573, 322, 572, 321, 1, 1, 0.7853981633974483, 1.4142135623730951
2853, 31, 466, 143, 465, 144, 1, -1, -0.7853981633974483, 1.4142135623730951
2853, 33, 264, 278, 265, 277, -1, 1, 2.356194490192345, 1.4142135623730951
2853, 34, 524, 159, 523, 158, 1, 1, 0.7853981633974483, 1.4142135623730951
2854, 10, 534, 125, 532, 124, 2, 1, 0.4636476090008061, 2.23606797749979
2854, 13, 554, 257, 553, 256, 1, 1, 0.7853981633974483, 1.4142135623730951
2854, 15, 435, 159, 435, 161, 0, -2, -1.5707963267948966, 2.0
2854, 18, 559, 151, 560, 150, -1, 1, 2.356194490192345, 1.4142135623730951
2854, 20, 518, 156, 517, 154, 1, 2, 1.1071487177940904, 2.23606797749979
2854, 25, 533, 205, 533, 203, 0, 2, 1.5707963267948966, 2.0
2854, 26, 226, 329, 227, 328, -1, 1, 2.356194490192345, 1.4142135623730951
2854, 28, 574, 162, 572, 161, 2, 1, 0.4636476090008061, 2.23606797749979
2854, 29, 574, 323, 573, 322, 1, 1, 0.7853981633974483, 1.4142135623730951
2855, 5, 607, 343, 605, 343, 2, 0, 0.0, 2.0
2855, 8, 397, 352, 396, 354, 1, -2, -1.1071487177940904, 2.23606797749979
2855, 18, 553, 205, 554, 204, -1, 1, 2.356194490192345, 1.4142135623730951
2855, 20, 540, 233, 542, 233, -2, 0, 3.141592653589793, 2.0
2855, 21, 388, 161, 389, 163, -1, -2, -2.0344439357957027, 2.23606797749979
2855, 22, 436, 140, 436, 142, 0, -2, -1.5707963267948966, 2.0
2855, 31, 339, 331, 340, 333, -1, -2, -2.0344439357957027, 2.23606797749979
2855, 34, 362, 352, 361, 354, 1, -2, -1.1071487177940904, 2.23606797749979
2855, 37, 435, 241, 438, 241, -3, 0, 3.141592653589793, 3.0
2855, 38, 460, 129, 459, 130, 1, -1, -0.7853981633974483, 1.4142135623730951
2855, 40, 339, 323, 338, 324, 1, -1, -0.7853981633974483, 1.4142135623730951
2855, 42, 571, 166, 569, 165, 2, 1, 0.4636476090008061, 2.23606797749979
2856, 1, 365, 205, 365, 207, 0, -2, -1.5707963267948966, 2.0
2856, 4, 564, 319, 564, 317, 0, 2, 1.5707963267948966, 2.0
2856, 8, 397, 350, 397, 352, 0, -2, -1.5707963267948966, 2.0
2856, 9, 534, 126, 533, 125, 1, 1, 0.7853981633974483, 1.4142135623730951
2856, 16, 552, 206, 553, 205, -1, 1, 2.356194490192345, 1.4142135623730951
2856, 18, 538, 234, 540, 233, -2, 1, 2.677945044588987, 2.23606797749979
2856, 20, 437, 139, 436, 140, 1, -1, -0.7853981633974483, 1.4142135623730951
2856, 21, 525, 164, 525, 162, 0, 2, 1.5707963267948966, 2.0
2856, 26, 407, 200, 408, 202, -1, -2, -2.0344439357957027, 2.23606797749979
2856, 27, 233, 333, 230, 331, 3, 2, 0.5880026035475675, 3.605551275463989
2856, 33, 565, 160, 564, 159, 1, 1, 0.7853981633974483, 1.4142135623730951
2856, 35, 461, 128, 460, 129, 1, -1, -0.7853981633974483, 1.4142135623730951
2856, 39, 571, 168, 571, 166, 0, 2, 1.5707963267948966, 2.0
2856, 40, 410, 151, 409, 152, 1, -1, -0.7853981633974483, 1.4142135623730951
2857, 1, 365, 203, 365, 205, 0, -2, -1.5707963267948966, 2.0
2857, 5, 590, 233, 589, 234, 1, -1, -0.7853981633974483, 1.4142135623730951
2857, 13, 605, 207, 604, 208, 1, -1, -0.7853981633974483, 1.4142135623730951
2857, 15, 553, 207, 552, 206, 1, 1, 0.7853981633974483, 1.4142135623730951
2857, 17, 539, 235, 538, 234, 1, 1, 0.7853981633974483, 1.4142135623730951
2857, 20, 526, 165, 525, 164, 1, 1, 0.7853981633974483, 1.4142135623730951
2857, 22, 312, 362, 311, 363, 1, -1, -0.7853981633974483, 1.4142135623730951
2857, 23, 355, 315, 355, 317, 0, -2, -1.5707963267948966, 2.0
2857, 25, 235, 334, 233, 333, 2, 1, 0.4636476090008061, 2.23606797749979
2857, 29, 363, 350, 362, 351, 1, -1, -0.7853981633974483, 1.4142135623730951
2857, 31, 566, 162, 565, 160, 1, 2, 1.1071487177940904, 2.23606797749979
2857, 33, 462, 127, 461, 128, 1, -1, -0.7853981633974483, 1.4142135623730951
2857, 39, 506, 120, 505, 119, 1, 1, 0.7853981633974483, 1.4142135623730951
2858, 3, 563, 320, 564, 319, -1, 1, 2.356194490192345, 1.4142135623730951
2858, 7, 397, 347, 397, 349, 0, -2, -1.5707963267948966, 2.0
2858, 13, 606, 206, 605, 207, 1, -1, -0.7853981633974483, 1.4142135623730951
2858, 15, 553, 209, 553, 207, 0, 2, 1.5707963267948966, 2.0
2858, 17, 539, 237, 539, 235, 0, 2, 1.5707963267948966, 2.0
2858, 20, 525, 166, 526, 165, -1, 1, 2.356194490192345, 1.4142135623730951
2858, 21, 304, 238, 303, 237, 1, 1, 0.7853981633974483, 1.4142135623730951
2858, 23, 355, 313, 355, 315, 0, -2, -1.5707963267948966, 2.0
2858, 25, 236, 335, 235, 334, 1, 1, 0.7853981633974483, 1.4142135623730951
2858, 28, 405, 182, 404, 183, 1, -1, -0.7853981633974483, 1.4142135623730951
2858, 35, 578, 232, 579, 231, -1, 1, 2.356194490192345, 1.4142135623730951
2858, 38, 508, 119, 506, 120, 2, -1, -0.4636476090008061, 2.23606797749979
2859, 1, 364, 200, 365, 202, -1, -2, -2.0344439357957027, 2.23606797749979
2859, 7, 397, 345, 397, 347, 0, -2, -1.5707963267948966, 2.0
2859, 15, 554, 210, 553, 209, 1, 1, 0.7853981633974483, 1.4142135623730951
2859, 17, 389, 157, 388, 158, 1, -1, -0.7853981633974483, 1.4142135623730951
2859, 22, 355, 311, 355, 313, 0, -2, -1.5707963267948966, 2.0
2859, 23, 407, 196, 407, 198, 0, -2, -1.5707963267948966, 2.0
2859, 27, 404, 180, 405, 182, -1, -2, -2.0344439357957027, 2.23606797749979
2859, 29, 567, 165, 566, 163, 1, 2, 1.1071487177940904, 2.23606797749979
2859, 31, 550, 314, 549, 313, 1, 1, 0.7853981633974483, 1.4142135623730951
2860, 5, 537, 128, 536, 127, 1, 1, 0.7853981633974483, 1.4142135623730951
2860, 10, 525, 172, 525, 170, 0, 2, 1.5707963267948966, 2.0
2860, 14, 438, 161, 437, 162, 1, -1, -0.7853981633974483, 1.4142135623730951
2860, 15, 374, 235, 375, 237, -1, -2, -2.0344439357957027, 2.23606797749979
2860, 21, 555, 254, 556, 253, -1, 1, 2.356194490192345, 1.4142135623730951
2860, 26, 522, 201, 521, 200, 1, 1, 0.7853981633974483, 1.4142135623730951
2860, 30, 438, 138, 437, 139, 1, -1, -0.7853981633974483, 1.4142135623730951
2860, 31, 473, 129, 471, 130, 2, -1, -0.4636476090008061, 2.23606797749979
2860, 35, 566, 238, 566, 236, 0, 2, 1.5707963267948966, 2.0
2860, 37, 284, 366, 283, 368, 1, -2, -1.1071487177940904, 2.23606797749979
2860, 39, 635, 349, 634, 350, 1, -1, -0.7853981633974483, 1.4142135623730951
2860, 44, 509, 121, 508, 120, 1, 1, 0.7853981633974483, 1.4142135623730951
2861, 0, 366, 202, 366, 204, 0, -2, -1.5707963267948966, 2.0
2861, 1, 564, 321, 565, 320, -1, 1, 2.356194490192345, 1.4142135623730951
2861, 4, 538, 129, 537, 128, 1, 1, 0.7853981633974483, 1.4142135623730951
2861, 7, 471, 288, 471, 291, 0, -3, -1.5707963267948966, 3.0
2861, 16, 525, 209, 525, 207, 0, 2, 1.5707963267948966, 2.0
2861, 24, 524, 203, 522, 201, 2, 2, 0.7853981633974483, 2.8284271247461903
2861, 29, 474, 128, 473, 129, 1, -1, -0.7853981633974483, 1.4142135623730951
2861, 30, 553, 248, 552, 247, 1, 1, 0.7853981633974483, 1.4142135623730951
2861, 35, 285, 365, 284, 366, 1, -1, -0.7853981633974483, 1.4142135623730951
2862, 13, 526, 210, 525, 209, 1, 1, 0.7853981633974483, 1.4142135623730951
2862, 14, 410, 196, 411, 198, -1, -2, -2.0344439357957027, 2.23606797749979
2862, 19, 399, 352, 398, 353, 1, -1, -0.7853981633974483, 1.4142135623730951
2862, 21, 525, 204, 524, 203, 1, 1, 0.7853981633974483, 1.4142135623730951
2862, 25, 439, 136, 438, 137, 1, -1, -0.7853981633974483, 1.4142135623730951
2862, 26, 476, 127, 474, 128, 2, -1, -0.4636476090008061, 2.23606797749979
2862, 27, 555, 250, 553, 248, 2, 2, 0.7853981633974483, 2.8284271247461903
2862, 28, 401, 178, 402, 180, -1, -2, -2.0344439357957027, 2.23606797749979
2862, 29, 537, 210, 537, 208, 0, 2, 1.5707963267948966, 2.0
2862, 32, 286, 364, 285, 365, 1, -1, -0.7853981633974483, 1.4142135623730951
2862, 38, 578, 316, 576, 316, 2, 0, 0.0, 2.0
2862, 39, 510, 121, 509, 120, 1, 1, 0.7853981633974483, 1.4142135623730951
2863, 3, 540, 131, 539, 129, 1, 2, 1.1071487177940904, 2.23606797749979
2863, 7, 317, 363, 317, 365, 0, -2, -1.5707963267948966, 2.0
2863, 8, 436, 236, 437, 238, -1, -2, -2.0344439357957027, 2.23606797749979
2863, 37, 580, 317, 578, 316, 2, 1, 0.4636476090008061, 2.23606797749979
2864, 3, 541, 132, 540, 131, 1, 1, 0.7853981633974483, 1.4142135623730951
2864, 6, 524, 176, 525, 175, -1, 1, 2.356194490192345, 1.4142135623730951
2864, 9, 369, 374, 368, 375, 1, -1, -0.7853981633974483, 1.4142135623730951
2864, 17, 400, 351, 399, 352, 1, -1, -0.7853981633974483, 1.4142135623730951
2864, 19, 527, 205, 526, 204, 1, 1, 0.7853981633974483, 1.4142135623730951
2864, 21, 440, 135, 439, 136, 1, -1, -0.7853981633974483, 1.4142135623730951
2864, 22, 477, 125, 476, 126, 1, -1, -0.7853981633974483, 1.4142135623730951
2864, 24, 400, 175, 401, 177, -1, -2, -2.0344439357957027, 2.23606797749979
2864, 25, 538, 213, 537, 211, 1, 2, 1.1071487177940904, 2.23606797749979
2864, 33, 582, 318, 580, 317, 2, 1, 0.4636476090008061, 2.23606797749979
2865, 4, 611, 345, 610, 346, 1, -1, -0.7853981633974483, 1.4142135623730951
2865, 6, 541, 132, 539, 131, 2, 1, 0.4636476090008061, 2.23606797749979
2865, 11, 359, 313, 359, 315, 0, -2, -1.5707963267948966, 2.0
2865, 15, 469, 118, 468, 120, 1, -2, -1.1071487177940904, 2.23606797749979
2865, 26, 611, 229, 611, 231, 0, -2, -1.5707963267948966, 2.0
2865, 31, 581, 320, 580, 319, 1, 1, 0.7853981633974483, 1.4142135623730951
2865, 32, 235, 331, 237, 331, -2, 0, 3.141592653589793, 2.0
2865, 40, 531, 171, 530, 170, 1, 1, 0.7853981633974483, 1.4142135623730951
2865, 42, 583, 170, 583, 168, 0, 2, 1.5707963267948966, 2.0
2865, 43, 371, 375, 371, 377, 0, -2, -1.5707963267948966, 2.0
2865, 44, 463, 119, 460, 121, 3, -2, -0.5880026035475675, 3.605551275463989
2865, 45, 384, 299, 384, 301, 0, -2, -1.5707963267948966, 2.0
2865, 46, 569, 164, 570, 166, -1, -2, -2.0344439357957027, 2.23606797749979
2866, 5, 542, 133, 541, 132, 1, 1, 0.7853981633974483, 1.4142135623730951
2866, 10, 359, 311, 359, 313, 0, -2, -1.5707963267948966, 2.0
2866, 11, 425, 361, 423, 362, 2, -1, -0.4636476090008061, 2.23606797749979
2866, 20, 439, 159, 439, 161, 0, -2, -1.5707963267948966, 2.0
2866, 23, 611, 227, 611, 229, 0, -2, -1.5707963267948966, 2.0
2866, 29, 233, 330, 235, 331, -2, -1, -2.677945044588987, 2.23606797749979
2866, 34, 586, 230, 584, 229, 2, 1, 0.4636476090008061, 2.23606797749979
2866, 40, 372, 374, 371, 375, 1, -1, -0.7853981633974483, 1.4142135623730951
2866, 41, 467, 118, 463, 119, 4, -1, -0.24497866312686414, 4.123105625617661
2866, 42, 384, 297, 384, 299, 0, -2, -1.5707963267948966, 2.0
2867, 0, 366, 199, 366, 201, 0, -2, -1.5707963267948966, 2.0
2867, 1, 435, 356, 434, 357, 1, -1, -0.7853981633974483, 1.4142135623730951
2867, 5, 544, 134, 542, 133, 2, 1, 0.4636476090008061, 2.23606797749979
2867, 10, 359, 309, 359, 311, 0, -2, -1.5707963267948966, 2.0
2867, 21, 415, 266, 414, 267, 1, -1, -0.7853981633974483, 1.4142135623730951
2867, 22, 476, 126, 475, 127, 1, -1, -0.7853981633974483, 1.4142135623730951
2867, 29, 231, 329, 233, 330, -2, -1, -2.677945044588987, 2.23606797749979
2867, 33, 587, 232, 586, 230, 1, 2, 1.1071487177940904, 2.23606797749979
2867, 39, 471, 117, 467, 118, 4, -1, -0.24497866312686414, 4.123105625617661
2868, 3, 614, 346, 613, 345, 1, 1, 0.7853981633974483, 1.4142135623730951
2868, 5, 545, 135, 544, 134, 1, 1, 0.7853981633974483, 1.4142135623730951
2868, 10, 359, 307, 359, 309, 0, -2, -1.5707963267948966, 2.0
2868, 11, 427, 360, 426, 361, 1, -1, -0.7853981633974483, 1.4142135623730951
2868, 16, 392, 154, 391, 155, 1, -1, -0.7853981633974483, 1.4142135623730951
2868, 19, 342, 349, 341, 350, 1, -1, -0.7853981633974483, 1.4142135623730951
2868, 23, 611, 224, 611, 226, 0, -2, -1.5707963267948966, 2.0
2868, 32, 588, 234, 587, 232, 1, 2, 1.1071487177940904, 2.23606797749979
2868, 36, 583, 173, 583, 171, 0, 2, 1.5707963267948966, 2.0
2868, 37, 373, 372, 372, 373, 1, -1, -0.7853981633974483, 1.4142135623730951
2869, 0, 365, 196, 366, 198, -1, -2, -2.0344439357957027, 2.23606797749979
2869, 1, 436, 354, 435, 355, 1, -1, -0.7853981633974483, 1.4142135623730951
2869, 5, 546, 136, 545, 135, 1, 1, 0.7853981633974483, 1.4142135623730951
2869, 10, 359, 305, 359, 307, 0, -2, -1.5707963267948966, 2.0
2869, 11, 427, 358, 427, 360, 0, -2, -1.5707963267948966, 2.0
2869, 14, 474, 118, 472, 118, 2, 0, 0.0, 2.0
2869, 15, 401, 351, 400, 352, 1, -1, -0.7853981633974483, 1.4142135623730951
2869, 18, 343, 348, 342, 349, 1, -1, -0.7853981633974483, 1.4142135623730951
2869, 20, 478, 125, 477, 126, 1, -1, -0.7853981633974483, 1.4142135623730951
2869, 24, 540, 238, 541, 237, -1, 1, 2.356194490192345, 1.4142135623730951
2869, 27, 605, 340, 603, 340, 2, 0, 0.0, 2.0
2869, 29, 588, 236, 588, 234, 0, 2, 1.5707963267948966, 2.0
2869, 33, 583, 175, 583, 173, 0, 2, 1.5707963267948966, 2.0
2870, 2, 367, 198, 367, 200, 0, -2, -1.5707963267948966, 2.0
2870, 3, 422, 286, 421, 287, 1, -1, -0.7853981633974483, 1.4142135623730951
2870, 7, 545, 135, 544, 134, 1, 1, 0.7853981633974483, 1.4142135623730951
2870, 13, 473, 121, 472, 122, 1, -1, -0.7853981633974483, 1.4142135623730951
2870, 21, 405, 174, 404, 176, 1, -2, -1.1071487177940904, 2.23606797749979
2870, 22, 374, 373, 373, 374, 1, -1, -0.7853981633974483, 1.4142135623730951
2870, 23, 344, 333, 343, 334, 1, -1, -0.7853981633974483, 1.4142135623730951
2870, 25, 360, 308, 360, 310, 0, -2, -1.5707963267948966, 2.0
2870, 34, 341, 354, 340, 355, 1, -1, -0.7853981633974483, 1.4142135623730951
2870, 40, 613, 228, 612, 227, 1, 1, 0.7853981633974483, 1.4142135623730951
2870, 42, 572, 164, 570, 163, 2, 1, 0.4636476090008061, 2.23606797749979
2871, 4, 570, 326, 569, 325, 1, 1, 0.7853981633974483, 1.4142135623730951
2871, 6, 546, 136, 545, 135, 1, 1, 0.7853981633974483, 1.4142135623730951
2871, 16, 368, 343, 368, 345, 0, -2, -1.5707963267948966, 2.0
2871, 20, 360, 306, 360, 308, 0, -2, -1.5707963267948966, 2.0
2871, 23, 599, 212, 598, 211, 1, 1, 0.7853981633974483, 1.4142135623730951
2871, 27, 266, 282, 267, 284, -1, -2, -2.0344439357957027, 2.23606797749979
2871, 35, 613, 231, 613, 228, 0, 3, 1.5707963267948966, 3.0
2871, 37, 574, 165, 572, 164, 2, 1, 0.4636476090008061, 2.23606797749979
2872, 0, 437, 356, 436, 357, 1, -1, -0.7853981633974483, 1.4142135623730951
2872, 1, 367, 196, 368, 198, -1, -2, -2.0344439357957027, 2.23606797749979
2872, 4, 617, 347, 616, 348, 1, -1, -0.7853981633974483, 1.4142135623730951
2872, 5, 547, 137, 546, 136, 1, 1, 0.7853981633974483, 1.4142135623730951
2872, 6, 622, 261, 624, 261, -2, 0, 3.141592653589793, 2.0
2872, 16, 375, 371, 374, 372, 1, -1, -0.7853981633974483, 1.4142135623730951
2872, 17, 345, 331, 344, 332, 1, -1, -0.7853981633974483, 1.4142135623730951
2872, 18, 360, 304, 360, 306, 0, -2, -1.5707963267948966, 2.0
2872, 25, 342, 353, 341, 354, 1, -1, -0.7853981633974483, 1.4142135623730951
2872, 31, 613, 233, 613, 231, 0, 2, 1.5707963267948966, 2.0
2872, 32, 574, 167, 574, 165, 0, 2, 1.5707963267948966, 2.0
2873, 11, 475, 118, 474, 121, 1, -3, -1.2490457723982544, 3.1622776601683795
2873, 29, 532, 175, 533, 174, -1, 1, 2.356194490192345, 1.4142135623730951
2873, 30, 613, 236, 613, 233, 0, 3, 1.5707963267948966, 3.0
2873, 31, 573, 169, 574, 167, -1, 2, 2.0344439357957027, 2.23606797749979
2874, 0, 438, 355, 437, 356, 1, -1, -0.7853981633974483, 1.4142135623730951
2874, 1, 367, 192, 367, 195, 0, -3, -1.5707963267948966, 3.0
2874, 5, 548, 139, 547, 138, 1, 1, 0.7853981633974483, 1.4142135623730951
2874, 8, 584, 271, 586, 271, -2, 0, 3.141592653589793, 2.0
2874, 11, 476, 117, 475, 118, 1, -1, -0.7853981633974483, 1.4142135623730951
2874, 12, 524, 216, 524, 214, 0, 2, 1.5707963267948966, 2.0
2874, 17, 360, 301, 360, 303, 0, -2, -1.5707963267948966, 2.0
2874, 27, 572, 170, 573, 169, -1, 1, 2.356194490192345, 1.4142135623730951
2875, 14, 607, 208, 607, 210, 0, -2, -1.5707963267948966, 2.0
2875, 15, 609, 236, 610, 238, -1, -2, -2.0344439357957027, 2.23606797749979
2875, 17, 246, 333, 244, 332, 2, 1, 0.4636476090008061, 2.23606797749979
2875, 23, 479, 123, 478, 124, 1, -1, -0.7853981633974483, 1.4142135623730951
2875, 24, 397, 344, 396, 346, 1, -2, -1.1071487177940904, 2.23606797749979
2875, 26, 582, 183, 581, 182, 1, 1, 0.7853981633974483, 1.4142135623730951
2875, 27, 527, 218, 527, 216, 0, 2, 1.5707963267948966, 2.0
2875, 28, 532, 177, 533, 176, -1, 1, 2.356194490192345, 1.4142135623730951
2875, 31, 413, 194, 413, 196, 0, -2, -1.5707963267948966, 2.0
2875, 40, 372, 225, 371, 227, 1, -2, -1.1071487177940904, 2.23606797749979
2875, 42, 468, 259, 469, 258, -1, 1, 2.356194490192345, 1.4142135623730951
2875, 45, 376, 313, 376, 315, 0, -2, -1.5707963267948966, 2.0
2875, 49, 520, 127, 519, 126, 1, 1, 0.7853981633974483, 1.4142135623730951
2875, 50, 304, 344, 303, 345, 1, -1, -0.7853981633974483, 1.4142135623730951
2876, 4, 619, 348, 618, 349, 1, -1, -0.7853981633974483, 1.4142135623730951
2876, 10, 547, 140, 546, 139, 1, 1, 0.7853981633974483, 1.4142135623730951
2876, 14, 608, 234, 609, 236, -1, -2, -2.0344439357957027, 2.23606797749979
2876, 16, 249, 333, 246, 333, 3, 0, 0.0, 3.0
2876, 23, 398, 343, 397, 344, 1, -1, -0.7853981633974483, 1.4142135623730951
2876, 24, 441, 156, 441, 158, 0, -2, -1.5707963267948966, 2.0
2876, 25, 583, 185, 582, 183, 1, 2, 1.1071487177940904, 2.23606797749979
2876, 26, 527, 221, 527, 218, 0, 3, 1.5707963267948966, 3.0
2876, 42, 341, 327, 340, 328, 1, -1, -0.7853981633974483, 1.4142135623730951
2876, 43, 348, 323, 347, 324, 1, -1, -0.7853981633974483, 1.4142135623730951
2876, 48, 305, 343, 304, 344, 1, -1, -0.7853981633974483, 1.4142135623730951
2877, 0, 366, 193, 367, 195, -1, -2, -2.0344439357957027, 2.23606797749979
2877, 3, 439, 355, 438, 356, 1, -1, -0.7853981633974483, 1.4142135623730951
2877, 14, 607, 232, 608, 234, -1, -2, -2.0344439357957027, 2.23606797749979
2877, 16, 251, 334, 249, 333, 2, 1, 0.4636476090008061, 2.23606797749979
2877, 21, 480, 121, 479, 122, 1, -1, -0.7853981633974483, 1.4142135623730951
2877, 22, 400, 342, 398, 343, 2, -1, -0.4636476090008061, 2.23606797749979
2877, 25, 528, 224, 527, 221, 1, 3, 1.2490457723982544, 3.1622776601683795
2877, 34, 346, 331, 345, 332, 1, -1, -0.7853981633974483, 1.4142135623730951
2877, 35, 377, 370, 376, 371, 1, -1, -0.7853981633974483, 1.4142135623730951
2877, 43, 376, 312, 376, 314, 0, -2, -1.5707963267948966, 2.0
2877, 44, 573, 174, 575, 175, -2, -1, -2.677945044588987, 2.23606797749979
2877, 47, 306, 342, 305, 343, 1, -1, -0.7853981633974483, 1.4142135623730951
2878, 2, 620, 347, 619, 348, 1, -1, -0.7853981633974483, 1.4142135623730951
2878, 8, 548, 142, 547, 141, 1, 1, 0.7853981633974483, 1.4142135623730951
2878, 11, 607, 230, 607, 232, 0, -2, -1.5707963267948966, 2.0
2878, 13, 252, 335, 251, 334, 1, 1, 0.7853981633974483, 1.4142135623730951
2878, 19, 401, 341, 400, 342, 1, -1, -0.7853981633974483, 1.4142135623730951
2878, 22, 529, 227, 528, 224, 1, 3, 1.2490457723982544, 3.1622776601683795
2878, 23, 531, 179, 532, 178, -1, 1, 2.356194490192345, 1.4142135623730951
2878, 30, 346, 329, 346, 331, 0, -2, -1.5707963267948966, 2.0
2878, 32, 579, 334, 578, 333, 1, 1, 0.7853981633974483, 1.4142135623730951
2878, 37, 343, 325, 341, 326, 2, -1, -0.4636476090008061, 2.23606797749979
2878, 42, 309, 342, 306, 342, 3, 0, 0.0, 3.0
2879, 8, 549, 143, 548, 142, 1, 1, 0.7853981633974483, 1.4142135623730951
2879, 10, 608, 206, 607, 207, 1, -1, -0.7853981633974483, 1.4142135623730951
2879, 11, 607, 228, 607, 230, 0, -2, -1.5707963267948966, 2.0
2879, 18, 483, 121, 481, 121, 2, 0, 0.0, 2.0
2879, 20, 441, 152, 441, 154, 0, -2, -1.5707963267948966, 2.0
2879, 22, 532, 230, 529, 227, 3, 3, 0.7853981633974483, 4.242640687119285
2879, 24, 544, 222, 543, 221, 1, 1, 0.7853981633974483, 1.4142135623730951
2879, 25, 591, 339, 590, 338, 1, 1, 0.7853981633974483, 1.4142135623730951
2879, 29, 347, 328, 346, 329, 1, -1, -0.7853981633974483, 1.4142135623730951
2879, 33, 373, 222, 372, 224, 1, -2, -1.1071487177940904, 2.23606797749979
2879, 34, 443, 133, 442, 134, 1, -1, -0.7853981633974483, 1.4142135623730951
2879, 36, 344, 324, 343, 325, 1, -1, -0.7853981633974483, 1.4142135623730951
2879, 38, 572, 176, 573, 175, -1, 1, 2.356194490192345, 1.4142135623730951
2879, 40, 521, 128, 520, 127, 1, 1, 0.7853981633974483, 1.4142135623730951
2879, 41, 311, 342, 309, 342, 2, 0, 0.0, 2.0
2880, 7, 553, 267, 552, 265, 1, 2, 1.1071487177940904, 2.23606797749979
2880, 9, 550, 144, 549, 142, 1, 2, 1.1071487177940904, 2.23606797749979
2880, 18, 395, 151, 395, 153, 0, -2, -1.5707963267948966, 2.0
2880, 21, 525, 173, 524, 172, 1, 1, 0.7853981633974483, 1.4142135623730951
2880, 24, 420, 142, 420, 144, 0, -2, -1.5707963267948966, 2.0
2880, 26, 531, 227, 530, 225, 1, 2, 1.1071487177940904, 2.23606797749979
2880, 32, 609, 232, 610, 234, -1, -2, -2.0344439357957027, 2.23606797749979
2880, 33, 582, 337, 581, 336, 1, 1, 0.7853981633974483, 1.4142135623730951
2880, 35, 238, 337, 240, 337, -2, 0, 3.141592653589793, 2.0
2880, 36, 483, 125, 481, 124, 2, 1, 0.4636476090008061, 2.23606797749979
2880, 42, 582, 188, 581, 189, 1, -1, -0.7853981633974483, 1.4142135623730951
2880, 48, 524, 129, 522, 129, 2, 0, 0.0, 2.0
2880, 53, 445, 117, 445, 119, 0, -2, -1.5707963267948966, 2.0
2880, 56, 634, 350, 633, 351, 1, -1, -0.7853981633974483, 1.4142135623730951
2881, 0, 572, 330, 571, 329, 1, 1, 0.7853981633974483, 1.4142135623730951
2881, 1, 441, 358, 440, 359, 1, -1, -0.7853981633974483, 1.4142135623730951
2881, 4, 585, 279, 584, 275, 1, 4, 1.3258176636680326, 4.123105625617661
2881, 8, 553, 147, 550, 144, 3, 3, 0.7853981633974483, 4.242640687119285
2881, 14, 610, 208, 609, 206, 1, 2, 1.1071487177940904, 2.23606797749979
2881, 15, 380, 367, 378, 371, 2, -4, -1.1071487177940904, 4.47213595499958
2881, 20, 526, 175, 525, 173, 1, 2, 1.1071487177940904, 2.23606797749979
2881, 29, 608, 230, 609, 232, -1, -2, -2.0344439357957027, 2.23606797749979
2881, 30, 583, 338, 582, 337, 1, 1, 0.7853981633974483, 1.4142135623730951
2881, 32, 237, 338, 238, 337, -1, 1, 2.356194490192345, 1.4142135623730951
2881, 33, 484, 126, 483, 125, 1, 1, 0.7853981633974483, 1.4142135623730951
2881, 34, 561, 223, 562, 221, -1, 2, 2.0344439357957027, 2.23606797749979
2881, 35, 546, 246, 547, 245, -1, 1, 2.356194490192345, 1.4142135623730951
2881, 37, 372, 340, 371, 343, 1, -3, -1.2490457723982544, 3.1622776601683795
2881, 40, 324, 362, 323, 363, 1, -1, -0.7853981633974483, 1.4142135623730951
2881, 44, 558, 190, 558, 188, 0, 2, 1.5707963267948966, 2.0
2881, 45, 525, 130, 524, 129, 1, 1, 0.7853981633974483, 1.4142135623730951
2881, 52, 635, 349, 634, 350, 1, -1, -0.7853981633974483, 1.4142135623730951
2882, 2, 623, 348, 622, 349, 1, -1, -0.7853981633974483, 1.4142135623730951
2882, 9, 316, 370, 315, 371, 1, -1, -0.7853981633974483, 1.4142135623730951
2882, 14, 611, 210, 610, 208, 1, 2, 1.1071487177940904, 2.23606797749979
2882, 19, 527, 177, 526, 175, 1, 2, 1.1071487177940904, 2.23606797749979
2882, 22, 421, 140, 420, 141, 1, -1, -0.7853981633974483, 1.4142135623730951
2882, 23, 532, 229, 531, 228, 1, 1, 0.7853981633974483, 1.4142135623730951
2882, 26, 490, 124, 489, 125, 1, -1, -0.7853981633974483, 1.4142135623730951
2882, 30, 235, 338, 237, 338, -2, 0, 3.141592653589793, 2.0
2882, 31, 486, 126, 484, 126, 2, 0, 0.0, 2.0
2882, 37, 581, 190, 582, 189, -1, 1, 2.356194490192345, 1.4142135623730951
2882, 43, 526, 132, 525, 130, 1, 2, 1.1071487177940904, 2.23606797749979
2883, 0, 573, 331, 572, 330, 1, 1, 0.7853981633974483, 1.4142135623730951
2883, 2, 625, 348, 623, 348, 2, 0, 0.0, 2.0
2883, 14, 610, 212, 611, 210, -1, 2, 2.0344439357957027, 2.23606797749979
2883, 15, 381, 365, 380, 366, 1, -1, -0.7853981633974483, 1.4142135623730951
2883, 18, 527, 179, 527, 177, 0, 2, 1.5707963267948966, 2.0
2883, 20, 445, 132, 444, 133, 1, -1, -0.7853981633974483, 1.4142135623730951
2883, 28, 234, 339, 235, 338, -1, 1, 2.356194490192345, 1.4142135623730951
2883, 36, 325, 361, 324, 362, 1, -1, -0.7853981633974483, 1.4142135623730951
2883, 38, 613, 344, 611, 344, 2, 0, 0.0, 2.0
2883, 39, 301, 245, 302, 244, -1, 1, 2.356194490192345, 1.4142135623730951
2884, 6, 551, 270, 552, 269, -1, 1, 2.356194490192345, 1.4142135623730951
2884, 9, 624, 217, 624, 215, 0, 2, 1.5707963267948966, 2.0
2884, 14, 468, 282, 469, 284, -1, -2, -2.0344439357957027, 2.23606797749979
2884, 17, 362, 298, 362, 301, 0, -3, -1.5707963267948966, 3.0
2884, 20, 531, 231, 531, 229, 0, 2, 1.5707963267948966, 2.0
2884, 25, 533, 188, 533, 184, 0, 4, 1.5707963267948966, 4.0
2884, 26, 236, 339, 234, 339, 2, 0, 0.0, 2.0
2884, 27, 487, 124, 487, 126, 0, -2, -1.5707963267948966, 2.0
2884, 29, 543, 247, 544, 246, -1, 1, 2.356194490192345, 1.4142135623730951
2884, 33, 581, 189, 580, 190, 1, -1, -0.7853981633974483, 1.4142135623730951
2884, 36, 615, 344, 613, 344, 2, 0, 0.0, 2.0
2884, 39, 529, 133, 527, 132, 2, 1, 0.4636476090008061, 2.23606797749979
2885, 0, 369, 191, 369, 193, 0, -2, -1.5707963267948966, 2.0
2885, 6, 554, 148, 553, 147, 1, 1, 0.7853981633974483, 1.4142135623730951
2885, 10, 399, 149, 399, 151, 0, -2, -1.5707963267948966, 2.0
2885, 18, 491, 125, 490, 126, 1, -1, -0.7853981633974483, 1.4142135623730951
2885, 19, 413, 190, 413, 192, 0, -2, -1.5707963267948966, 2.0
2885, 20, 482, 126, 479, 126, 3, 0, 0.0, 3.0
2885, 21, 242, 339, 240, 338, 2, 1, 0.4636476090008061, 2.23606797749979
2885, 22, 582, 249, 583, 248, -1, 1, 2.356194490192345, 1.4142135623730951
2885, 23, 326, 362, 325, 363, 1, -1, -0.7853981633974483, 1.4142135623730951
2885, 25, 448, 134, 447, 135, 1, -1, -0.7853981633974483, 1.4142135623730951
2885, 32, 585, 242, 585, 239, 0, 3, 1.5707963267948966, 3.0
2885, 35, 526, 181, 526, 178, 0, 3, 1.5707963267948966, 3.0
2885, 37, 609, 215, 610, 214, -1, 1, 2.356194490192345, 1.4142135623730951
2885, 42, 545, 225, 546, 224, -1, 1, 2.356194490192345, 1.4142135623730951
2885, 44, 369, 234, 370, 236, -1, -2, -2.0344439357957027, 2.23606797749979
2885, 45, 557, 220, 557, 218, 0, 2, 1.5707963267948966, 2.0
2885, 55, 544, 186, 544, 184, 0, 2, 1.5707963267948966, 2.0
2886, 2, 444, 355, 443, 356, 1, -1, -0.7853981633974483, 1.4142135623730951
2886, 4, 628, 350, 626, 350, 2, 0, 0.0, 2.0
2886, 6, 555, 149, 554, 148, 1, 1, 0.7853981633974483, 1.4142135623730951
2886, 10, 399, 147, 399, 149, 0, -2, -1.5707963267948966, 2.0
2886, 18, 492, 124, 491, 125, 1, -1, -0.7853981633974483, 1.4142135623730951
2886, 19, 484, 126, 482, 126, 2, 0, 0.0, 2.0
2886, 20, 244, 340, 242, 339, 2, 1, 0.4636476090008061, 2.23606797749979
2886, 24, 478, 139, 477, 140, 1, -1, -0.7853981633974483, 1.4142135623730951
2886, 28, 577, 330, 579, 330, -2, 0, 3.141592653589793, 2.0
2886, 30, 586, 244, 585, 242, 1, 2, 1.1071487177940904, 2.23606797749979
2886, 32, 526, 183, 526, 181, 0, 2, 1.5707963267948966, 2.0
2886, 41, 369, 232, 369, 234, 0, -2, -1.5707963267948966, 2.0
2886, 42, 557, 223, 557, 220, 0, 3, 1.5707963267948966, 3.0
2887, 6, 556, 150, 555, 149, 1, 1, 0.7853981633974483, 1.4142135623730951
2887, 7, 280, 311, 278, 310, 2, 1, 0.4636476090008061, 2.23606797749979
2887, 10, 400, 146, 399, 147, 1, -1, -0.7853981633974483, 1.4142135623730951
2887, 12, 470, 280, 470, 284, 0, -4, -1.5707963267948966, 4.0
2887, 13, 594, 239, 592, 240, 2, -1, -0.4636476090008061, 2.23606797749979
2887, 14, 610, 245, 609, 244, 1, 1, 0.7853981633974483, 1.4142135623730951
2887, 15, 316, 311, 317, 310, -1, 1, 2.356194490192345, 1.4142135623730951
2887, 16, 250, 338, 252, 338, -2, 0, 3.141592653589793, 2.0
2887, 17, 446, 154, 445, 155, 1, -1, -0.7853981633974483, 1.4142135623730951
2887, 18, 495, 126, 492, 124, 3, 2, 0.5880026035475675, 3.605551275463989
2887, 20, 246, 340, 244, 340, 2, 0, 0.0, 2.0
2887, 22, 327, 360, 327, 362, 0, -2, -1.5707963267948966, 2.0
2887, 28, 423, 139, 422, 140, 1, -1, -0.7853981633974483, 1.4142135623730951
2887, 40, 370, 231, 369, 232, 1, -1, -0.7853981633974483, 1.4142135623730951
2887, 41, 558, 224, 557, 223, 1, 1, 0.7853981633974483, 1.4142135623730951
2887, 46, 461, 309, 461, 311, 0, -2, -1.5707963267948966, 2.0
2887, 52, 529, 133, 528, 132, 1, 1, 0.7853981633974483, 1.4142135623730951
2888, 4, 630, 349, 629, 350, 1, -1, -0.7853981633974483, 1.4142135623730951
2888, 6, 557, 151, 556, 150, 1, 1, 0.7853981633974483, 1.4142135623730951
2888, 13, 595, 238, 594, 239, 1, -1, -0.7853981633974483, 1.4142135623730951
2888, 15, 315, 309, 316, 311, -1, -2, -2.0344439357957027, 2.23606797749979
2888, 16, 248, 337, 250, 338, -2, -1, -2.677945044588987, 2.23606797749979
2888, 18, 496, 125, 495, 126, 1, -1, -0.7853981633974483, 1.4142135623730951
2888, 19, 487, 125, 485, 126, 2, -1, -0.4636476090008061, 2.23606797749979
2888, 20, 247, 339, 246, 340, 1, -1, -0.7853981633974483, 1.4142135623730951
2888, 23, 353, 350, 352, 352, 1, -2, -1.1071487177940904, 2.23606797749979
2888, 24, 553, 270, 554, 269, -1, 1, 2.356194490192345, 1.4142135623730951
2888, 28, 589, 245, 587, 244, 2, 1, 0.4636476090008061, 2.23606797749979
2888, 31, 584, 188, 583, 186, 1, 2, 1.1071487177940904, 2.23606797749979
2888, 40, 560, 225, 558, 224, 2, 1, 0.4636476090008061, 2.23606797749979
2888, 47, 560, 323, 557, 322, 3, 1, 0.3217505543966422, 3.1622776601683795
2888, 48, 617, 345, 616, 346, 1, -1, -0.7853981633974483, 1.4142135623730951
2888, 50, 513, 174, 513, 172, 0, 2, 1.5707963267948966, 2.0
2889, 1, 445, 352, 444, 353, 1, -1, -0.7853981633974483, 1.4142135623730951
2889, 5, 558, 152, 557, 151, 1, 1, 0.7853981633974483, 1.4142135623730951
2889, 11, 596, 237, 595, 238, 1, -1, -0.7853981633974483, 1.4142135623730951
2889, 15, 447, 153, 446, 154, 1, -1, -0.7853981633974483, 1.4142135623730951
2889, 16, 497, 124, 496, 125, 1, -1, -0.7853981633974483, 1.4142135623730951
2889, 19, 580, 251, 581, 250, -1, 1, 2.356194490192345, 1.4142135623730951
2889, 20, 330, 359, 328, 360, 2, -1, -0.4636476090008061, 2.23606797749979
2889, 28, 583, 190, 584, 188, -1, 2, 2.0344439357957027, 2.23606797749979
2889, 30, 381, 296, 383, 296, -2, 0, 3.141592653589793, 2.0
2889, 42, 563, 325, 560, 323, 3, 2, 0.5880026035475675, 3.605551275463989
2889, 45, 512, 176, 513, 174, -1, 2, 2.0344439357957027, 2.23606797749979
2889, 46, 531, 134, 530, 133, 1, 1, 0.7853981633974483, 1.4142135623730951
2890, 10, 557, 152, 556, 151, 1, 1, 0.7853981633974483, 1.4142135623730951
2890, 14, 333, 365, 332, 366, 1, -1, -0.7853981633974483, 1.4142135623730951
2890, 15, 446, 256, 446, 258, 0, -2, -1.5707963267948966, 2.0
2890, 16, 553, 268, 554, 267, -1, 1, 2.356194490192345, 1.4142135623730951
2890, 28, 415, 188, 415, 190, 0, -2, -1.5707963267948966, 2.0
2890, 33, 383, 312, 383, 314, 0, -2, -1.5707963267948966, 2.0
2890, 38, 353, 318, 353, 320, 0, -2, -1.5707963267948966, 2.0
2890, 43, 586, 190, 585, 189, 1, 1, 0.7853981633974483, 1.4142135623730951
2891, 0, 447, 354, 446, 355, 1, -1, -0.7853981633974483, 1.4142135623730951
2891, 2, 319, 324, 318, 323, 1, 1, 0.7853981633974483, 1.4142135623730951
2891, 7, 558, 153, 557, 152, 1, 1, 0.7853981633974483, 1.4142135623730951
2891, 8, 353, 328, 352, 329, 1, -1, -0.7853981633974483, 1.4142135623730951
2891, 11, 334, 364, 333, 365, 1, -1, -0.7853981633974483, 1.4142135623730951
2891, 17, 409, 167, 409, 169, 0, -2, -1.5707963267948966, 2.0
2891, 20, 553, 263, 552, 261, 1, 2, 1.1071487177940904, 2.23606797749979
2891, 27, 607, 299, 606, 296, 1, 3, 1.2490457723982544, 3.1622776601683795
2891, 30, 400, 146, 400, 148, 0, -2, -1.5707963267948966, 2.0
2891, 32, 532, 221, 530, 220, 2, 1, 0.4636476090008061, 2.23606797749979
2891, 38, 361, 298, 361, 300, 0, -2, -1.5707963267948966, 2.0
2891, 39, 585, 192, 586, 190, -1, 2, 2.0344439357957027, 2.23606797749979
2891, 44, 566, 271, 567, 270, -1, 1, 2.356194490192345, 1.4142135623730951
2892, 1, 369, 187, 370, 189, -1, -2, -2.0344439357957027, 2.23606797749979
2892, 4, 631, 349, 630, 350, 1, -1, -0.7853981633974483, 1.4142135623730951
2892, 22, 414, 186, 414, 188, 0, -2, -1.5707963267948966, 2.0
2892, 23, 425, 137, 424, 138, 1, -1, -0.7853981633974483, 1.4142135623730951
2892, 28, 401, 144, 400, 146, 1, -2, -1.1071487177940904, 2.23606797749979
2892, 35, 586, 194, 585, 192, 1, 2, 1.1071487177940904, 2.23606797749979
2892, 37, 342, 320, 341, 321, 1, -1, -0.7853981633974483, 1.4142135623730951
2893, 6, 561, 154, 559, 153, 2, 1, 0.4636476090008061, 2.23606797749979
2893, 7, 354, 326, 353, 327, 1, -1, -0.7853981633974483, 1.4142135623730951
2893, 9, 335, 362, 334, 363, 1, -1, -0.7853981633974483, 1.4142135623730951
2893, 11, 406, 348, 407, 350, -1, -2, -2.0344439357957027, 2.23606797749979
2893, 15, 448, 150, 447, 153, 1, -3, -1.2490457723982544, 3.1622776601683795
2893, 22, 426, 136, 425, 137, 1, -1, -0.7853981633974483, 1.4142135623730951
2893, 23, 585, 253, 583, 253, 2, 0, 0.0, 2.0
2893, 27, 534, 220, 533, 221, 1, -1, -0.7853981633974483, 1.4142135623730951
2893, 32, 361, 295, 361, 297, 0, -2, -1.5707963267948966, 2.0
2893, 36, 565, 272, 566, 271, -1, 1, 2.356194490192345, 1.4142135623730951
2894, 6, 562, 155, 561, 154, 1, 1, 0.7853981633974483, 1.4142135623730951
2894, 14, 449, 149, 448, 150, 1, -1, -0.7853981633974483, 1.4142135623730951
2894, 23, 605, 300, 606, 299, -1, 1, 2.356194490192345, 1.4142135623730951
2894, 25, 535, 221, 534, 220, 1, 1, 0.7853981633974483, 1.4142135623730951
2894, 30, 587, 196, 586, 195, 1, 1, 0.7853981633974483, 1.4142135623730951
2894, 33, 564, 273, 565, 272, -1, 1, 2.356194490192345, 1.4142135623730951
2895, 2, 448, 352, 448, 354, 0, -2, -1.5707963267948966, 2.0
2895, 3, 370, 186, 371, 188, -1, -2, -2.0344439357957027, 2.23606797749979
2895, 4, 633, 351, 632, 352, 1, -1, -0.7853981633974483, 1.4142135623730951
2895, 14, 439, 357, 438, 358, 1, -1, -0.7853981633974483, 1.4142135623730951
2895, 15, 561, 155, 560, 154, 1, 1, 0.7853981633974483, 1.4142135623730951
2895, 18, 590, 336, 589, 335, 1, 1, 0.7853981633974483, 1.4142135623730951
2895, 23, 531, 199, 532, 198, -1, 1, 2.356194490192345, 1.4142135623730951
2895, 25, 402, 145, 401, 146, 1, -1, -0.7853981633974483, 1.4142135623730951
2895, 26, 487, 118, 487, 120, 0, -2, -1.5707963267948966, 2.0
2895, 27, 244, 339, 246, 340, -2, -1, -2.677945044588987, 2.23606797749979
2895, 30, 612, 236, 612, 238, 0, -2, -1.5707963267948966, 2.0
2896, 3, 371, 184, 370, 186, 1, -2, -1.1071487177940904, 2.23606797749979
2896, 4, 634, 350, 633, 351, 1, -1, -0.7853981633974483, 1.4142135623730951
2896, 14, 440, 356, 439, 357, 1, -1, -0.7853981633974483, 1.4142135623730951
2896, 15, 562, 156, 561, 155, 1, 1, 0.7853981633974483, 1.4142135623730951
2896, 17, 591, 337, 590, 336, 1, 1, 0.7853981633974483, 1.4142135623730951
2896, 18, 409, 350, 408, 351, 1, -1, -0.7853981633974483, 1.4142135623730951
2896, 22, 530, 200, 531, 199, -1, 1, 2.356194490192345, 1.4142135623730951
2896, 23, 623, 345, 622, 346, 1, -1, -0.7853981633974483, 1.4142135623730951
2896, 24, 489, 117, 487, 118, 2, -1, -0.4636476090008061, 2.23606797749979
2896, 25, 242, 338, 244, 339, -2, -1, -2.677945044588987, 2.23606797749979
2896, 28, 612, 234, 612, 236, 0, -2, -1.5707963267948966, 2.0
2896, 31, 452, 130, 451, 131, 1, -1, -0.7853981633974483, 1.4142135623730951
2897, 1, 449, 350, 448, 351, 1, -1, -0.7853981633974483, 1.4142135623730951
2897, 3, 635, 349, 634, 350, 1, -1, -0.7853981633974483, 1.4142135623730951
2897, 11, 441, 354, 440, 356, 1, -2, -1.1071487177940904, 2.23606797749979
2897, 12, 563, 157, 562, 156, 1, 1, 0.7853981633974483, 1.4142135623730951
2897, 14, 592, 338, 591, 337, 1, 1, 0.7853981633974483, 1.4142135623730951
2897, 17, 451, 152, 450, 153, 1, -1, -0.7853981633974483, 1.4142135623730951
2897, 20, 624, 344, 623, 345, 1, -1, -0.7853981633974483, 1.4142135623730951
2897, 21, 492, 116, 489, 117, 3, -1, -0.3217505543966422, 3.1622776601683795
2897, 31, 584, 257, 585, 256, -1, 1, 2.356194490192345, 1.4142135623730951
2898, 4, 607, 252, 608, 251, -1, 1, 2.356194490192345, 1.4142135623730951
2898, 11, 442, 352, 441, 354, 1, -2, -1.1071487177940904, 2.23606797749979
2898, 12, 564, 158, 563, 157, 1, 1, 0.7853981633974483, 1.4142135623730951
2898, 14, 591, 339, 592, 338, -1, 1, 2.356194490192345, 1.4142135623730951
2898, 19, 625, 343, 624, 344, 1, -1, -0.7853981633974483, 1.4142135623730951
2898, 20, 494, 116, 492, 116, 2, 0, 0.0, 2.0
2898, 21, 242, 336, 241, 338, 1, -2, -1.1071487177940904, 2.23606797749979
2899, 2, 370, 180, 371, 182, -1, -2, -2.0344439357957027, 2.23606797749979
2899, 10, 355, 320, 355, 322, 0, -2, -1.5707963267948966, 2.0
2899, 18, 526, 200, 528, 200, -2, 0, 3.141592653589793, 2.0
2899, 19, 627, 342, 625, 343, 2, -1, -0.4636476090008061, 2.23606797749979
2899, 20, 496, 117, 494, 116, 2, 1, 0.4636476090008061, 2.23606797749979
2899, 21, 243, 337, 242, 336, 1, 1, 0.7853981633974483, 1.4142135623730951
2899, 24, 614, 234, 613, 233, 1, 1, 0.7853981633974483, 1.4142135623730951
2899, 29, 583, 258, 584, 257, -1, 1, 2.356194490192345, 1.4142135623730951
2899, 31, 544, 230, 545, 229, -1, 1, 2.356194490192345, 1.4142135623730951
2900, 0, 372, 183, 372, 185, 0, -2, -1.5707963267948966, 2.0
2900, 2, 452, 352, 451, 353, 1, -1, -0.7853981633974483, 1.4142135623730951
2900, 11, 498, 122, 496, 121, 2, 1, 0.4636476090008061, 2.23606797749979
2900, 26, 454, 131, 453, 132, 1, -1, -0.7853981633974483, 1.4142135623730951
2900, 38, 259, 342, 261, 342, -2, 0, 3.141592653589793, 2.0
2900, 40, 566, 273, 567, 272, -1, 1, 2.356194490192345, 1.4142135623730951
2900, 46, 524, 194, 523, 191, 1, 3, 1.2490457723982544, 3.1622776601683795
2900, 49, 411, 164, 410, 166, 1, -2, -1.1071487177940904, 2.23606797749979
2901, 6, 565, 161, 564, 160, 1, 1, 0.7853981633974483, 1.4142135623730951
2901, 7, 356, 322, 356, 324, 0, -2, -1.5707963267948966, 2.0
2901, 9, 499, 123, 498, 122, 1, 1, 0.7853981633974483, 1.4142135623730951
2901, 34, 614, 240, 613, 238, 1, 2, 1.1071487177940904, 2.23606797749979
2901, 43, 525, 196, 524, 194, 1, 2, 1.1071487177940904, 2.23606797749979
2901, 46, 412, 163, 411, 164, 1, -1, -0.7853981633974483, 1.4142135623730951
2902, 0, 453, 350, 452, 351, 1, -1, -0.7853981633974483, 1.4142135623730951
2902, 3, 585, 286, 586, 284, -1, 2, 2.0344439357957027, 2.23606797749979
2902, 6, 566, 163, 565, 161, 1, 2, 1.1071487177940904, 2.23606797749979
2902, 16, 503, 128, 502, 129, 1, -1, -0.7853981633974483, 1.4142135623730951
2902, 28, 614, 243, 614, 240, 0, 3, 1.5707963267948966, 3.0
2902, 30, 564, 274, 565, 273, -1, 1, 2.356194490192345, 1.4142135623730951
2902, 34, 606, 302, 607, 301, -1, 1, 2.356194490192345, 1.4142135623730951
2902, 35, 443, 154, 442, 155, 1, -1, -0.7853981633974483, 1.4142135623730951
2902, 38, 412, 161, 412, 163, 0, -2, -1.5707963267948966, 2.0
2903, 0, 453, 348, 453, 350, 0, -2, -1.5707963267948966, 2.0
2903, 15, 504, 127, 503, 128, 1, -1, -0.7853981633974483, 1.4142135623730951
2903, 16, 366, 292, 366, 294, 0, -2, -1.5707963267948966, 2.0
2903, 17, 401, 140, 401, 142, 0, -2, -1.5707963267948966, 2.0
2903, 19, 454, 152, 453, 153, 1, -1, -0.7853981633974483, 1.4142135623730951
2903, 20, 417, 179, 417, 181, 0, -2, -1.5707963267948966, 2.0
2903, 27, 613, 244, 614, 243, -1, 1, 2.356194490192345, 1.4142135623730951
2903, 34, 444, 153, 443, 154, 1, -1, -0.7853981633974483, 1.4142135623730951
2904, 5, 567, 165, 566, 164, 1, 1, 0.7853981633974483, 1.4142135623730951
2904, 8, 502, 122, 501, 123, 1, -1, -0.7853981633974483, 1.4142135623730951
2904, 10, 576, 255, 575, 254, 1, 1, 0.7853981633974483, 1.4142135623730951
2904, 13, 378, 334, 377, 335, 1, -1, -0.7853981633974483, 1.4142135623730951
2904, 18, 583, 345, 582, 344, 1, 1, 0.7853981633974483, 1.4142135623730951
2904, 28, 306, 371, 305, 372, 1, -1, -0.7853981633974483, 1.4142135623730951
2904, 32, 356, 347, 355, 348, 1, -1, -0.7853981633974483, 1.4142135623730951
2904, 34, 445, 151, 444, 153, 1, -2, -1.1071487177940904, 2.23606797749979
2904, 35, 523, 196, 525, 196, -2, 0, 3.141592653589793, 2.0
2904, 37, 412, 163, 413, 161, -1, 2, 2.0344439357957027, 2.23606797749979
2905, 3, 454, 349, 453, 350, 1, -1, -0.7853981633974483, 1.4142135623730951
2905, 8, 356, 321, 357, 323, -1, -2, -2.0344439357957027, 2.23606797749979
2905, 12, 588, 349, 586, 348, 2, 1, 0.4636476090008061, 2.23606797749979
2905, 21, 255, 340, 253, 339, 2, 1, 0.4636476090008061, 2.23606797749979
2905, 22, 380, 304, 379, 306, 1, -2, -1.1071487177940904, 2.23606797749979
2905, 29, 337, 360, 335, 360, 2, 0, 0.0, 2.0
2905, 36, 550, 274, 550, 272, 0, 2, 1.5707963267948966, 2.0
2905, 39, 452, 133, 451, 134, 1, -1, -0.7853981633974483, 1.4142135623730951
2905, 43, 269, 291, 270, 290, -1, 1, 2.356194490192345, 1.4142135623730951
2905, 49, 395, 199, 395, 201, 0, -2, -1.5707963267948966, 2.0
2905, 50, 306, 380, 305, 381, 1, -1, -0.7853981633974483, 1.4142135623730951
2906, 6, 567, 166, 566, 165, 1, 1, 0.7853981633974483, 1.4142135623730951
2906, 8, 356, 319, 356, 321, 0, -2, -1.5707963267948966, 2.0
2906, 10, 502, 125, 501, 126, 1, -1, -0.7853981633974483, 1.4142135623730951
2906, 12, 590, 351, 588, 349, 2, 2, 0.7853981633974483, 2.8284271247461903
2906, 17, 532, 234, 532, 231, 0, 3, 1.5707963267948966, 3.0
2906, 21, 257, 340, 255, 340, 2, 0, 0.0, 2.0
2906, 22, 381, 303, 380, 304, 1, -1, -0.7853981633974483, 1.4142135623730951
2906, 29, 538, 202, 539, 201, -1, 1, 2.356194490192345, 1.4142135623730951
2906, 34, 550, 276, 550, 274, 0, 2, 1.5707963267948966, 2.0
2906, 37, 310, 346, 309, 347, 1, -1, -0.7853981633974483, 1.4142135623730951
2906, 39, 591, 245, 592, 247, -1, -2, -2.0344439357957027, 2.23606797749979
2906, 44, 541, 149, 540, 148, 1, 1, 0.7853981633974483, 1.4142135623730951
2906, 48, 447, 154, 445, 156, 2, -2, -0.7853981633974483, 2.8284271247461903
2906, 52, 431, 134, 430, 135, 1, -1, -0.7853981633974483, 1.4142135623730951
2907, 2, 455, 347, 454, 348, 1, -1, -0.7853981633974483, 1.4142135623730951
2907, 7, 357, 318, 356, 319, 1, -1, -0.7853981633974483, 1.4142135623730951
2907, 9, 503, 124, 502, 125, 1, -1, -0.7853981633974483, 1.4142135623730951
2907, 11, 591, 352, 590, 351, 1, 1, 0.7853981633974483, 1.4142135623730951
2907, 13, 447, 254, 445, 254, 2, 0, 0.0, 2.0
2907, 16, 533, 236, 532, 234, 1, 2, 1.1071487177940904, 2.23606797749979
2907, 20, 259, 340, 257, 340, 2, 0, 0.0, 2.0
2907, 21, 382, 302, 381, 303, 1, -1, -0.7853981633974483, 1.4142135623730951
2907, 29, 276, 260, 277, 259, -1, 1, 2.356194490192345, 1.4142135623730951
2907, 32, 576, 257, 577, 256, -1, 1, 2.356194490192345, 1.4142135623730951
2907, 33, 550, 278, 550, 276, 0, 2, 1.5707963267948966, 2.0
2907, 34, 453, 131, 452, 132, 1, -1, -0.7853981633974483, 1.4142135623730951
2907, 35, 314, 345, 310, 346, 4, -1, -0.24497866312686414, 4.123105625617661
2907, 36, 348, 316, 349, 318, -1, -2, -2.0344439357957027, 2.23606797749979
2907, 42, 542, 150, 541, 149, 1, 1, 0.7853981633974483, 1.4142135623730951
2907, 44, 395, 195, 395, 198, 0, -3, -1.5707963267948966, 3.0
2907, 46, 448, 153, 447, 154, 1, -1, -0.7853981633974483, 1.4142135623730951
2908, 3, 583, 287, 584, 286, -1, 1, 2.356194490192345, 1.4142135623730951
2908, 7, 357, 316, 357, 318, 0, -2, -1.5707963267948966, 2.0
2908, 9, 504, 123, 503, 124, 1, -1, -0.7853981633974483, 1.4142135623730951
2908, 13, 446, 252, 447, 254, -1, -2, -2.0344439357957027, 2.23606797749979
2908, 16, 534, 238, 533, 236, 1, 2, 1.1071487177940904, 2.23606797749979
2908, 17, 404, 138, 404, 140, 0, -2, -1.5707963267948966, 2.0
2908, 18, 458, 149, 456, 150, 2, -1, -0.4636476090008061, 2.23606797749979
2908, 19, 357, 346, 356, 347, 1, -1, -0.7853981633974483, 1.4142135623730951
2908, 20, 261, 340, 259, 340, 2, 0, 0.0, 2.0
2908, 31, 635, 346, 634, 347, 1, -1, -0.7853981633974483, 1.4142135623730951
2908, 33, 550, 280, 550, 278, 0, 2, 1.5707963267948966, 2.0
2908, 35, 316, 344, 314, 345, 2, -1, -0.4636476090008061, 2.23606797749979
2908, 36, 348, 313, 348, 316, 0, -3, -1.5707963267948966, 3.0
2908, 42, 543, 151, 542, 150, 1, 1, 0.7853981633974483, 1.4142135623730951
2908, 49, 564, 279, 565, 278, -1, 1, 2.356194490192345, 1.4142135623730951
2909, 2, 456, 345, 455, 346, 1, -1, -0.7853981633974483, 1.4142135623730951
2909, 5, 568, 169, 567, 168, 1, 1, 0.7853981633974483, 1.4142135623730951
2909, 7, 357, 314, 357, 316, 0, -2, -1.5707963267948966, 2.0
2909, 13, 598, 341, 596, 342, 2, -1, -0.4636476090008061, 2.23606797749979
2909, 15, 535, 239, 534, 238, 1, 1, 0.7853981633974483, 1.4142135623730951
2909, 25, 390, 358, 389, 359, 1, -1, -0.7853981633974483, 1.4142135623730951
2909, 27, 537, 205, 538, 204, -1, 1, 2.356194490192345, 1.4142135623730951
2909, 32, 551, 282, 550, 280, 1, 2, 1.1071487177940904, 2.23606797749979
2909, 34, 319, 344, 316, 344, 3, 0, 0.0, 3.0
2909, 36, 589, 243, 591, 244, -2, -1, -2.677945044588987, 2.23606797749979
2909, 40, 544, 152, 543, 151, 1, 1, 0.7853981633974483, 1.4142135623730951
2910, 4, 583, 342, 582, 341, 1, 1, 0.7853981633974483, 1.4142135623730951
2910, 5, 457, 348, 456, 349, 1, -1, -0.7853981633974483, 1.4142135623730951
2910, 13, 570, 169, 569, 168, 1, 1, 0.7853981633974483, 1.4142135623730951
2910, 19, 551, 283, 551, 281, 0, 2, 1.5707963267948966, 2.0
2910, 25, 455, 131, 454, 132, 1, -1, -0.7853981633974483, 1.4142135623730951
2910, 26, 460, 149, 459, 151, 1, -2, -1.1071487177940904, 2.23606797749979
2910, 28, 607, 241, 608, 243, -1, -2, -2.0344439357957027, 2.23606797749979
2910, 30, 535, 240, 534, 239, 1, 1, 0.7853981633974483, 1.4142135623730951
2910, 32, 598, 282, 599, 281, -1, 1, 2.356194490192345, 1.4142135623730951
2910, 34, 249, 345, 251, 344, -2, 1, 2.677945044588987, 2.23606797749979
2910, 36, 350, 312, 350, 315, 0, -3, -1.5707963267948966, 3.0
2910, 42, 635, 347, 638, 347, -3, 0, 3.141592653589793, 3.0
2910, 45, 427, 139, 425, 140, 2, -1, -0.4636476090008061, 2.23606797749979
2910, 48, 506, 127, 505, 126, 1, 1, 0.7853981633974483, 1.4142135623730951
2910, 49, 406, 341, 407, 343, -1, -2, -2.0344439357957027, 2.23606797749979
2911, 2, 372, 178, 372, 180, 0, -2, -1.5707963267948966, 2.0
2911, 18, 611, 216, 610, 215, 1, 1, 0.7853981633974483, 1.4142135623730951
2911, 26, 361, 347, 360, 348, 1, -1, -0.7853981633974483, 1.4142135623730951
2911, 28, 549, 234, 548, 235, 1, -1, -0.7853981633974483, 1.4142135623730951
2911, 31, 247, 345, 249, 345, -2, 0, 3.141592653589793, 2.0
2911, 33, 349, 309, 350, 312, -1, -3, -1.892546881191539, 3.1622776601683795
2911, 42, 428, 138, 427, 139, 1, -1, -0.7853981633974483, 1.4142135623730951
2911, 44, 545, 152, 544, 151, 1, 1, 0.7853981633974483, 1.4142135623730951
2911, 45, 508, 128, 506, 127, 2, 1, 0.4636476090008061, 2.23606797749979
2912, 3, 584, 343, 583, 342, 1, 1, 0.7853981633974483, 1.4142135623730951
2912, 4, 458, 345, 457, 347, 1, -2, -1.1071487177940904, 2.23606797749979
2912, 13, 587, 264, 586, 263, 1, 1, 0.7853981633974483, 1.4142135623730951
2912, 21, 461, 147, 460, 148, 1, -1, -0.7853981633974483, 1.4142135623730951
2912, 22, 606, 238, 607, 240, -1, -2, -2.0344439357957027, 2.23606797749979
2912, 24, 536, 242, 535, 241, 1, 1, 0.7853981633974483, 1.4142135623730951
2912, 25, 548, 235, 549, 234, -1, 1, 2.356194490192345, 1.4142135623730951
2912, 27, 245, 345, 247, 345, -2, 0, 3.141592653589793, 2.0
2912, 36, 539, 207, 539, 205, 0, 2, 1.5707963267948966, 2.0
2912, 38, 429, 137, 428, 138, 1, -1, -0.7853981633974483, 1.4142135623730951
2912, 39, 595, 202, 593, 202, 2, 0, 0.0, 2.0
2912, 40, 546, 154, 545, 152, 1, 2, 1.1071487177940904, 2.23606797749979
2912, 41, 510, 130, 508, 128, 2, 2, 0.7853981633974483, 2.8284271247461903
2912, 42, 407, 338, 406, 340, 1, -2, -1.1071487177940904, 2.23606797749979
2913, 4, 459, 343, 458, 345, 1, -2, -1.1071487177940904, 2.23606797749979
2913, 7, 514, 134, 515, 133, -1, 1, 2.356194490192345, 1.4142135623730951
2913, 12, 572, 171, 571, 170, 1, 1, 0.7853981633974483, 1.4142135623730951
2913, 15, 391, 359, 390, 360, 1, -1, -0.7853981633974483, 1.4142135623730951
2913, 16, 550, 285, 551, 284, -1, 1, 2.356194490192345, 1.4142135623730951
2913, 18, 380, 315, 379, 316, 1, -1, -0.7853981633974483, 1.4142135623730951
2913, 20, 456, 129, 455, 130, 1, -1, -0.7853981633974483, 1.4142135623730951
2913, 21, 461, 145, 461, 147, 0, -2, -1.5707963267948966, 2.0
2913, 26, 595, 283, 596, 282, -1, 1, 2.356194490192345, 1.4142135623730951
2913, 28, 495, 154, 494, 155, 1, -1, -0.7853981633974483, 1.4142135623730951
2913, 30, 375, 207, 376, 209, -1, -2, -2.0344439357957027, 2.23606797749979
2913, 39, 547, 155, 546, 154, 1, 1, 0.7853981633974483, 1.4142135623730951
2913, 40, 511, 131, 510, 130, 1, 1, 0.7853981633974483, 1.4142135623730951
2913, 41, 408, 336, 407, 338, 1, -2, -1.1071487177940904, 2.23606797749979
2914, 3, 460, 342, 459, 343, 1, -1, -0.7853981633974483, 1.4142135623730951
2914, 5, 413, 342, 413, 344, 0, -2, -1.5707963267948966, 2.0
2914, 6, 515, 133, 514, 134, 1, -1, -0.7853981633974483, 1.4142135623730951
2914, 14, 610, 220, 611, 218, -1, 2, 2.0344439357957027, 2.23606797749979
2914, 20, 362, 345, 361, 346, 1, -1, -0.7853981633974483, 1.4142135623730951
2914, 22, 547, 235, 548, 234, -1, 1, 2.356194490192345, 1.4142135623730951
2914, 23, 593, 282, 595, 283, -2, -1, -2.677945044588987, 2.23606797749979
2914, 24, 246, 346, 245, 345, 1, 1, 0.7853981633974483, 1.4142135623730951
2914, 25, 267, 293, 268, 292, -1, 1, 2.356194490192345, 1.4142135623730951
2914, 34, 549, 156, 547, 155, 2, 1, 0.4636476090008061, 2.23606797749979
2914, 35, 513, 132, 511, 131, 2, 1, 0.4636476090008061, 2.23606797749979
2915, 0, 376, 176, 375, 178, 1, -2, -1.1071487177940904, 2.23606797749979
2915, 3, 585, 344, 584, 343, 1, 1, 0.7853981633974483, 1.4142135623730951
2915, 5, 573, 173, 572, 172, 1, 1, 0.7853981633974483, 1.4142135623730951
2915, 9, 460, 343, 460, 345, 0, -2, -1.5707963267948966, 2.0
2915, 11, 358, 315, 358, 317, 0, -2, -1.5707963267948966, 2.0
2915, 18, 251, 346, 249, 345, 2, 1, 0.4636476090008061, 2.23606797749979
2915, 24, 553, 281, 554, 280, -1, 1, 2.356194490192345, 1.4142135623730951
2915, 25, 458, 129, 457, 131, 1, -2, -1.1071487177940904, 2.23606797749979
2915, 26, 611, 254, 611, 252, 0, 2, 1.5707963267948966, 2.0
2915, 27, 463, 149, 462, 150, 1, -1, -0.7853981633974483, 1.4142135623730951
2915, 28, 577, 339, 576, 338, 1, 1, 0.7853981633974483, 1.4142135623730951
2915, 29, 611, 223, 612, 222, -1, 1, 2.356194490192345, 1.4142135623730951
2915, 33, 420, 178, 420, 180, 0, -2, -1.5707963267948966, 2.0
2915, 36, 561, 235, 561, 233, 0, 2, 1.5707963267948966, 2.0
2915, 40, 381, 315, 381, 317, 0, -2, -1.5707963267948966, 2.0
2915, 45, 383, 335, 383, 337, 0, -2, -1.5707963267948966, 2.0
2916, 0, 377, 174, 376, 176, 1, -2, -1.1071487177940904, 2.23606797749979
2916, 1, 326, 330, 324, 328, 2, 2, 0.7853981633974483, 2.8284271247461903
2916, 2, 586, 345, 585, 344, 1, 1, 0.7853981633974483, 1.4142135623730951
2916, 3, 423, 276, 423, 278, 0, -2, -1.5707963267948966, 2.0
2916, 7, 461, 340, 460, 343, 1, -3, -1.2490457723982544, 3.1622776601683795
2916, 9, 359, 314, 358, 315, 1, -1, -0.7853981633974483, 1.4142135623730951
2916, 16, 252, 347, 251, 346, 1, 1, 0.7853981633974483, 1.4142135623730951
2916, 22, 552, 282, 553, 281, -1, 1, 2.356194490192345, 1.4142135623730951
2916, 25, 464, 148, 463, 149, 1, -1, -0.7853981633974483, 1.4142135623730951
2916, 26, 578, 338, 577, 339, 1, -1, -0.7853981633974483, 1.4142135623730951
2916, 29, 410, 138, 409, 139, 1, -1, -0.7853981633974483, 1.4142135623730951
2916, 33, 561, 237, 561, 235, 0, 2, 1.5707963267948966, 2.0
2916, 35, 341, 360, 340, 361, 1, -1, -0.7853981633974483, 1.4142135623730951
2917, 6, 461, 338, 461, 340, 0, -2, -1.5707963267948966, 2.0
2917, 15, 254, 347, 252, 347, 2, 0, 0.0, 2.0
2917, 17, 550, 274, 549, 273, 1, 1, 0.7853981633974483, 1.4142135623730951
2917, 24, 465, 147, 464, 148, 1, -1, -0.7853981633974483, 1.4142135623730951
2917, 31, 561, 239, 561, 237, 0, 2, 1.5707963267948966, 2.0
2918, 6, 462, 336, 461, 338, 1, -2, -1.1071487177940904, 2.23606797749979
2918, 8, 359, 311, 359, 313, 0, -2, -1.5707963267948966, 2.0
2918, 10, 611, 311, 612, 310, -1, 1, 2.356194490192345, 1.4142135623730951
2918, 14, 255, 346, 254, 347, 1, -1, -0.7853981633974483, 1.4142135623730951
2918, 15, 514, 129, 513, 130, 1, -1, -0.7853981633974483, 1.4142135623730951
2918, 16, 552, 276, 550, 274, 2, 2, 0.7853981633974483, 2.8284271247461903
2918, 20, 551, 284, 552, 283, -1, 1, 2.356194490192345, 1.4142135623730951
2918, 21, 459, 126, 458, 127, 1, -1, -0.7853981633974483, 1.4142135623730951
2918, 23, 466, 145, 465, 147, 1, -2, -1.1071487177940904, 2.23606797749979
2918, 26, 434, 134, 433, 135, 1, -1, -0.7853981633974483, 1.4142135623730951
2918, 30, 562, 240, 561, 239, 1, 1, 0.7853981633974483, 1.4142135623730951
2918, 33, 596, 349, 595, 350, 1, -1, -0.7853981633974483, 1.4142135623730951
2919, 0, 377, 170, 377, 172, 0, -2, -1.5707963267948966, 2.0
2919, 14, 256, 345, 255, 346, 1, -1, -0.7853981633974483, 1.4142135623730951
2919, 15, 515, 128, 514, 129, 1, -1, -0.7853981633974483, 1.4142135623730951
2919, 17, 535, 231, 534, 230, 1, 1, 0.7853981633974483, 1.4142135623730951
2919, 23, 467, 144, 466, 145, 1, -1, -0.7853981633974483, 1.4142135623730951
2919, 27, 497, 137, 496, 138, 1, -1, -0.7853981633974483, 1.4142135623730951
2920, 2, 462, 338, 462, 340, 0, -2, -1.5707963267948966, 2.0
2920, 12, 601, 345, 597, 346, 4, -1, -0.24497866312686414, 4.123105625617661
2920, 14, 453, 344, 452, 345, 1, -1, -0.7853981633974483, 1.4142135623730951
2920, 16, 467, 147, 466, 148, 1, -1, -0.7853981633974483, 1.4142135623730951
2920, 17, 410, 136, 410, 138, 0, -2, -1.5707963267948966, 2.0
2921, 2, 463, 337, 462, 338, 1, -1, -0.7853981633974483, 1.4142135623730951
2921, 12, 604, 346, 601, 345, 3, 1, 0.3217505543966422, 3.1622776601683795
2921, 23, 263, 348, 262, 349, 1, -1, -0.7853981633974483, 1.4142135623730951
2921, 32, 437, 132, 436, 133, 1, -1, -0.7853981633974483, 1.4142135623730951
2921, 33, 315, 373, 314, 374, 1, -1, -0.7853981633974483, 1.4142135623730951
2922, 0, 377, 171, 377, 173, 0, -2, -1.5707963267948966, 2.0
2922, 2, 463, 335, 463, 337, 0, -2, -1.5707963267948966, 2.0
2922, 5, 516, 128, 515, 129, 1, -1, -0.7853981633974483, 1.4142135623730951
2922, 8, 360, 311, 360, 313, 0, -2, -1.5707963267948966, 2.0
2922, 9, 576, 179, 575, 178, 1, 1, 0.7853981633974483, 1.4142135623730951
2922, 12, 607, 346, 604, 346, 3, 0, 0.0, 3.0
2922, 13, 454, 342, 453, 343, 1, -1, -0.7853981633974483, 1.4142135623730951
2922, 15, 468, 146, 467, 147, 1, -1, -0.7853981633974483, 1.4142135623730951
2922, 22, 264, 349, 263, 348, 1, 1, 0.7853981633974483, 1.4142135623730951
2923, 5, 517, 127, 516, 128, 1, -1, -0.7853981633974483, 1.4142135623730951
2923, 8, 361, 310, 360, 311, 1, -1, -0.7853981633974483, 1.4142135623730951
2923, 9, 578, 180, 576, 179, 2, 1, 0.4636476090008061, 2.23606797749979
2923, 16, 411, 133, 410, 134, 1, -1, -0.7853981633974483, 1.4142135623730951
2923, 27, 566, 284, 567, 283, -1, 1, 2.356194490192345, 1.4142135623730951
2923, 29, 367, 340, 366, 341, 1, -1, -0.7853981633974483, 1.4142135623730951
2923, 30, 438, 131, 437, 132, 1, -1, -0.7853981633974483, 1.4142135623730951
2924, 0, 377, 168, 377, 170, 0, -2, -1.5707963267948966, 2.0
2924, 1, 329, 328, 328, 329, 1, -1, -0.7853981633974483, 1.4142135623730951
2924, 7, 360, 308, 361, 310, -1, -2, -2.0344439357957027, 2.23606797749979
2924, 9, 320, 325, 318, 324, 2, 1, 0.4636476090008061, 2.23606797749979
2924, 12, 455, 339, 454, 341, 1, -2, -1.1071487177940904, 2.23606797749979
2924, 14, 470, 145, 469, 146, 1, -1, -0.7853981633974483, 1.4142135623730951
2924, 15, 412, 132, 411, 133, 1, -1, -0.7853981633974483, 1.4142135623730951
2924, 30, 318, 371, 316, 372, 2, -1, -0.4636476090008061, 2.23606797749979
2925, 0, 464, 336, 464, 338, 0, -2, -1.5707963267948966, 2.0
2925, 1, 378, 170, 378, 172, 0, -2, -1.5707963267948966, 2.0
2925, 5, 522, 138, 521, 137, 1, 1, 0.7853981633974483, 1.4142135623730951
2925, 8, 578, 180, 577, 179, 1, 1, 0.7853981633974483, 1.4142135623730951
2925, 17, 537, 221, 538, 220, -1, 1, 2.356194490192345, 1.4142135623730951
2925, 21, 467, 125, 466, 126, 1, -1, -0.7853981633974483, 1.4142135623730951
2925, 23, 471, 146, 470, 147, 1, -1, -0.7853981633974483, 1.4142135623730951
2925, 25, 612, 245, 613, 247, -1, -2, -2.0344439357957027, 2.23606797749979
2925, 30, 440, 131, 439, 132, 1, -1, -0.7853981633974483, 1.4142135623730951
2925, 31, 253, 346, 255, 347, -2, -1, -2.677945044588987, 2.23606797749979
2926, 0, 464, 334, 464, 336, 0, -2, -1.5707963267948966, 2.0
2926, 1, 378, 168, 378, 170, 0, -2, -1.5707963267948966, 2.0
2926, 5, 523, 139, 522, 138, 1, 1, 0.7853981633974483, 1.4142135623730951
2926, 6, 362, 309, 361, 311, 1, -2, -1.1071487177940904, 2.23606797749979
2926, 8, 579, 181, 578, 180, 1, 1, 0.7853981633974483, 1.4142135623730951
2926, 19, 260, 324, 260, 326, 0, -2, -1.5707963267948966, 2.0
2926, 20, 468, 124, 467, 125, 1, -1, -0.7853981633974483, 1.4142135623730951
2926, 24, 577, 342, 576, 341, 1, 1, 0.7853981633974483, 1.4142135623730951
2926, 28, 251, 345, 253, 346, -2, -1, -2.677945044588987, 2.23606797749979
2926, 30, 378, 308, 378, 310, 0, -2, -1.5707963267948966, 2.0
2927, 0, 464, 332, 464, 334, 0, -2, -1.5707963267948966, 2.0
2927, 1, 379, 166, 378, 168, 1, -2, -1.1071487177940904, 2.23606797749979
2927, 10, 417, 340, 417, 342, 0, -2, -1.5707963267948966, 2.0
2927, 19, 469, 123, 468, 124, 1, -1, -0.7853981633974483, 1.4142135623730951
2927, 20, 473, 144, 471, 145, 2, -1, -0.4636476090008061, 2.23606797749979
2927, 22, 613, 242, 612, 244, 1, -2, -1.1071487177940904, 2.23606797749979
2927, 26, 413, 132, 412, 133, 1, -1, -0.7853981633974483, 1.4142135623730951
2927, 27, 378, 305, 378, 308, 0, -3, -1.5707963267948966, 3.0
2928, 1, 378, 164, 379, 166, -1, -2, -2.0344439357957027, 2.23606797749979
2928, 11, 516, 130, 514, 128, 2, 2, 0.7853981633974483, 2.8284271247461903
2928, 19, 470, 122, 469, 123, 1, -1, -0.7853981633974483, 1.4142135623730951
2928, 20, 474, 143, 473, 144, 1, -1, -0.7853981633974483, 1.4142135623730951
2928, 25, 441, 128, 440, 129, 1, -1, -0.7853981633974483, 1.4142135623730951
2928, 27, 377, 303, 378, 305, -1, -2, -2.0344439357957027, 2.23606797749979
2929, 8, 416, 337, 417, 339, -1, -2, -2.0344439357957027, 2.23606797749979
2929, 9, 520, 130, 516, 130, 4, 0, 0.0, 4.0
2929, 12, 272, 253, 272, 257, 0, -4, -1.5707963267948966, 4.0
2929, 18, 476, 143, 474, 143, 2, 0, 0.0, 2.0
2929, 20, 614, 243, 613, 241, 1, 2, 1.1071487177940904, 2.23606797749979
2929, 21, 575, 342, 576, 341, -1, 1, 2.356194490192345, 1.4142135623730951
2929, 24, 414, 130, 413, 131, 1, -1, -0.7853981633974483, 1.4142135623730951
2929, 25, 377, 300, 377, 303, 0, -3, -1.5707963267948966, 3.0
2930, 0, 378, 167, 378, 169, 0, -2, -1.5707963267948966, 2.0
2930, 1, 466, 333, 466, 335, 0, -2, -1.5707963267948966, 2.0
2930, 6, 580, 185, 581, 184, -1, 1, 2.356194490192345, 1.4142135623730951
2930, 12, 385, 300, 387, 301, -2, -1, -2.677945044588987, 2.23606797749979
2930, 19, 475, 146, 474, 147, 1, -1, -0.7853981633974483, 1.4142135623730951
2930, 27, 445, 248, 445, 250, 0, -2, -1.5707963267948966, 2.0
2930, 28, 471, 123, 470, 124, 1, -1, -0.7853981633974483, 1.4142135623730951
2930, 30, 596, 258, 597, 257, -1, 1, 2.356194490192345, 1.4142135623730951
2930, 31, 595, 252, 593, 250, 2, 2, 0.7853981633974483, 2.8284271247461903
2930, 41, 358, 299, 357, 301, 1, -2, -1.1071487177940904, 2.23606797749979
2930, 43, 531, 217, 530, 215, 1, 2, 1.1071487177940904, 2.23606797749979
2931, 5, 581, 186, 580, 185, 1, 1, 0.7853981633974483, 1.4142135623730951
2931, 7, 362, 307, 362, 309, 0, -2, -1.5707963267948966, 2.0
2931, 12, 523, 143, 524, 142, -1, 1, 2.356194490192345, 1.4142135623730951
2931, 13, 603, 359, 601, 359, 2, 0, 0.0, 2.0
2931, 15, 416, 132, 415, 133, 1, -1, -0.7853981633974483, 1.4142135623730951
2931, 17, 476, 145, 475, 146, 1, -1, -0.7853981633974483, 1.4142135623730951
2931, 20, 591, 277, 592, 276, -1, 1, 2.356194490192345, 1.4142135623730951
2931, 21, 525, 134, 523, 132, 2, 2, 0.7853981633974483, 2.8284271247461903
2931, 22, 535, 243, 535, 241, 0, 2, 1.5707963267948966, 2.0
2931, 25, 444, 246, 445, 248, -1, -2, -2.0344439357957027, 2.23606797749979
2931, 29, 595, 254, 595, 252, 0, 2, 1.5707963267948966, 2.0
2931, 33, 445, 131, 441, 131, 4, 0, 0.0, 4.0
2931, 34, 560, 170, 559, 169, 1, 1, 0.7853981633974483, 1.4142135623730951
2931, 41, 533, 217, 531, 217, 2, 0, 0.0, 2.0
2932, 11, 604, 358, 603, 359, 1, -1, -0.7853981633974483, 1.4142135623730951
2932, 12, 469, 274, 471, 278, -2, -4, -2.0344439357957027, 4.47213595499958
2932, 15, 477, 144, 476, 145, 1, -1, -0.7853981633974483, 1.4142135623730951
2932, 16, 578, 275, 577, 274, 1, 1, 0.7853981633974483, 1.4142135623730951
2932, 19, 525, 136, 525, 134, 0, 2, 1.5707963267948966, 2.0
2932, 20, 535, 246, 535, 243, 0, 3, 1.5707963267948966, 3.0
2932, 22, 397, 356, 396, 357, 1, -1, -0.7853981633974483, 1.4142135623730951
2932, 25, 551, 289, 551, 287, 0, 2, 1.5707963267948966, 2.0
2932, 27, 595, 256, 595, 254, 0, 2, 1.5707963267948966, 2.0
2932, 31, 446, 130, 445, 131, 1, -1, -0.7853981633974483, 1.4142135623730951
2933, 0, 378, 163, 378, 165, 0, -2, -1.5707963267948966, 2.0
2933, 1, 466, 329, 466, 331, 0, -2, -1.5707963267948966, 2.0
2933, 8, 609, 352, 608, 353, 1, -1, -0.7853981633974483, 1.4142135623730951
2933, 11, 605, 359, 604, 358, 1, 1, 0.7853981633974483, 1.4142135623730951
2933, 13, 417, 130, 416, 131, 1, -1, -0.7853981633974483, 1.4142135623730951
2933, 18, 590, 278, 591, 277, -1, 1, 2.356194490192345, 1.4142135623730951
2933, 19, 526, 137, 525, 136, 1, 1, 0.7853981633974483, 1.4142135623730951
2933, 20, 535, 248, 535, 246, 0, 2, 1.5707963267948966, 2.0
2933, 22, 551, 292, 551, 289, 0, 3, 1.5707963267948966, 3.0
2933, 24, 594, 257, 595, 256, -1, 1, 2.356194490192345, 1.4142135623730951
2933, 26, 387, 327, 386, 328, 1, -1, -0.7853981633974483, 1.4142135623730951
2933, 28, 447, 129, 446, 130, 1, -1, -0.7853981633974483, 1.4142135623730951
2933, 29, 561, 172, 560, 171, 1, 1, 0.7853981633974483, 1.4142135623730951
2933, 32, 564, 243, 566, 243, -2, 0, 3.141592653589793, 2.0
2933, 34, 368, 337, 367, 338, 1, -1, -0.7853981633974483, 1.4142135623730951
2934, 2, 330, 331, 331, 330, -1, 1, 2.356194490192345, 1.4142135623730951
2934, 3, 596, 352, 595, 351, 1, 1, 0.7853981633974483, 1.4142135623730951
2934, 17, 527, 138, 526, 137, 1, 1, 0.7853981633974483, 1.4142135623730951
2934, 18, 537, 251, 535, 248, 2, 3, 0.982793723247329, 3.605551275463989
2934, 20, 552, 295, 551, 292, 1, 3, 1.2490457723982544, 3.1622776601683795
2934, 33, 263, 343, 259, 344, 4, -1, -0.24497866312686414, 4.123105625617661
2935, 1, 415, 246, 417, 248, -2, -2, -2.356194490192345, 2.8284271247461903
2935, 3, 331, 329, 331, 331, 0, -2, -1.5707963267948966, 2.0
2935, 5, 553, 294, 552, 292, 1, 2, 1.1071487177940904, 2.23606797749979
2935, 7, 538, 249, 537, 247, 1, 2, 1.1071487177940904, 2.23606797749979
2935, 19, 609, 353, 608, 354, 1, -1, -0.7853981633974483, 1.4142135623730951
2935, 26, 280, 269, 279, 268, 1, 1, 0.7853981633974483, 1.4142135623730951
2935, 27, 473, 124, 472, 125, 1, -1, -0.7853981633974483, 1.4142135623730951
2935, 37, 494, 130, 492, 131, 2, -1, -0.4636476090008061, 2.23606797749979
2935, 39, 562, 175, 561, 174, 1, 1, 0.7853981633974483, 1.4142135623730951
2935, 40, 467, 194, 467, 196, 0, -2, -1.5707963267948966, 2.0
2935, 45, 268, 345, 266, 346, 2, -1, -0.4636476090008061, 2.23606797749979
2936, 2, 597, 354, 596, 353, 1, 1, 0.7853981633974483, 1.4142135623730951
2936, 5, 554, 295, 553, 294, 1, 1, 0.7853981633974483, 1.4142135623730951
2936, 7, 539, 250, 538, 249, 1, 1, 0.7853981633974483, 1.4142135623730951
2936, 17, 610, 352, 609, 353, 1, -1, -0.7853981633974483, 1.4142135623730951
2936, 19, 468, 147, 467, 148, 1, -1, -0.7853981633974483, 1.4142135623730951
2936, 21, 426, 151, 427, 153, -1, -2, -2.0344439357957027, 2.23606797749979
2936, 28, 483, 146, 482, 147, 1, -1, -0.7853981633974483, 1.4142135623730951
2936, 31, 610, 252, 610, 254, 0, -2, -1.5707963267948966, 2.0
2936, 34, 496, 129, 494, 130, 2, -1, -0.4636476090008061, 2.23606797749979
2937, 7, 540, 252, 539, 250, 1, 2, 1.1071487177940904, 2.23606797749979
2937, 16, 611, 351, 610, 352, 1, -1, -0.7853981633974483, 1.4142135623730951
2937, 18, 469, 146, 468, 147, 1, -1, -0.7853981633974483, 1.4142135623730951
2937, 28, 410, 341, 410, 343, 0, -2, -1.5707963267948966, 2.0
2937, 30, 610, 249, 610, 252, 0, -3, -1.5707963267948966, 3.0
2937, 33, 494, 128, 496, 129, -2, -1, -2.677945044588987, 2.23606797749979
2937, 35, 563, 177, 562, 176, 1, 1, 0.7853981633974483, 1.4142135623730951
2937, 40, 271, 345, 269, 345, 2, 0, 0.0, 2.0
2938, 3, 587, 303, 588, 302, -1, 1, 2.356194490192345, 1.4142135623730951
2938, 4, 555, 298, 554, 296, 1, 2, 1.1071487177940904, 2.23606797749979
2938, 10, 417, 340, 419, 341, -2, -1, -2.677945044588987, 2.23606797749979
2938, 17, 471, 145, 469, 146, 2, -1, -0.4636476090008061, 2.23606797749979
2938, 19, 426, 148, 426, 150, 0, -2, -1.5707963267948966, 2.0
2938, 26, 484, 144, 483, 145, 1, -1, -0.7853981633974483, 1.4142135623730951
2938, 27, 410, 334, 410, 341, 0, -7, -1.5707963267948966, 7.0
2938, 29, 609, 247, 610, 249, -1, -2, -2.0344439357957027, 2.23606797749979
2938, 32, 497, 128, 494, 128, 3, 0, 0.0, 3.0
2938, 38, 273, 345, 271, 345, 2, 0, 0.0, 2.0
2939, 14, 261, 324, 262, 323, -1, 1, 2.356194490192345, 1.4142135623730951
2939, 17, 472, 144, 471, 145, 1, -1, -0.7853981633974483, 1.4142135623730951
2939, 24, 258, 332, 256, 332, 2, 0, 0.0, 2.0
2939, 26, 485, 143, 484, 144, 1, -1, -0.7853981633974483, 1.4142135623730951
2939, 29, 608, 245, 609, 247, -1, -2, -2.0344439357957027, 2.23606797749979
2939, 32, 501, 128, 497, 128, 4, 0, 0.0, 4.0
2939, 33, 509, 139, 508, 140, 1, -1, -0.7853981633974483, 1.4142135623730951
2939, 34, 564, 179, 563, 178, 1, 1, 0.7853981633974483, 1.4142135623730951
2939, 38, 274, 346, 273, 345, 1, 1, 0.7853981633974483, 1.4142135623730951
2940, 3, 599, 357, 598, 356, 1, 1, 0.7853981633974483, 1.4142135623730951
2940, 11, 374, 279, 374, 281, 0, -2, -1.5707963267948966, 2.0
2940, 13, 535, 146, 534, 144, 1, 2, 1.1071487177940904, 2.23606797749979
2940, 14, 483, 146, 482, 147, 1, -1, -0.7853981633974483, 1.4142135623730951
2940, 16, 381, 195, 380, 196, 1, -1, -0.7853981633974483, 1.4142135623730951
2940, 20, 259, 350, 260, 349, -1, 1, 2.356194490192345, 1.4142135623730951
2940, 24, 501, 131, 498, 130, 3, 1, 0.3217505543966422, 3.1622776601683795
2940, 28, 548, 225, 547, 224, 1, 1, 0.7853981633974483, 1.4142135623730951
2940, 31, 321, 355, 322, 354, -1, 1, 2.356194490192345, 1.4142135623730951
2940, 33, 610, 248, 610, 250, 0, -2, -1.5707963267948966, 2.0
2940, 35, 352, 357, 351, 358, 1, -1, -0.7853981633974483, 1.4142135623730951
2940, 38, 437, 248, 438, 250, -1, -2, -2.0344439357957027, 2.23606797749979
2941, 0, 383, 163, 382, 164, 1, -1, -0.7853981633974483, 1.4142135623730951
2941, 5, 591, 307, 589, 304, 2, 3, 0.982793723247329, 3.605551275463989
2941, 12, 587, 193, 585, 191, 2, 2, 0.7853981633974483, 2.8284271247461903
2941, 15, 421, 129, 420, 130, 1, -1, -0.7853981633974483, 1.4142135623730951
2941, 17, 401, 352, 399, 356, 2, -4, -1.1071487177940904, 4.47213595499958
2941, 23, 504, 131, 501, 131, 3, 0, 0.0, 3.0
2941, 25, 512, 174, 512, 172, 0, 2, 1.5707963267948966, 2.0
2941, 28, 391, 324, 389, 329, 2, -5, -1.1902899496825317, 5.385164807134504
2941, 32, 608, 247, 610, 248, -2, -1, -2.677945044588987, 2.23606797749979
2941, 34, 353, 356, 352, 357, 1, -1, -0.7853981633974483, 1.4142135623730951
2941, 35, 521, 137, 519, 138, 2, -1, -0.4636476090008061, 2.23606797749979
2941, 36, 466, 192, 466, 194, 0, -2, -1.5707963267948966, 2.0
2941, 37, 437, 246, 437, 248, 0, -2, -1.5707963267948966, 2.0
2942, 0, 383, 161, 383, 163, 0, -2, -1.5707963267948966, 2.0
2942, 2, 331, 331, 332, 330, -1, 1, 2.356194490192345, 1.4142135623730951
2942, 3, 601, 358, 600, 357, 1, 1, 0.7853981633974483, 1.4142135623730951
2942, 5, 590, 308, 591, 307, -1, 1, 2.356194490192345, 1.4142135623730951
2942, 12, 485, 145, 484, 146, 1, -1, -0.7853981633974483, 1.4142135623730951
2942, 13, 420, 127, 421, 129, -1, -2, -2.0344439357957027, 2.23606797749979
2942, 21, 505, 132, 504, 131, 1, 1, 0.7853981633974483, 1.4142135623730951
2942, 23, 512, 176, 512, 174, 0, 2, 1.5707963267948966, 2.0
2942, 24, 549, 227, 548, 226, 1, 1, 0.7853981633974483, 1.4142135623730951
2942, 29, 612, 226, 612, 224, 0, 2, 1.5707963267948966, 2.0
2942, 31, 522, 138, 521, 137, 1, 1, 0.7853981633974483, 1.4142135623730951
2942, 33, 437, 244, 437, 246, 0, -2, -1.5707963267948966, 2.0
2943, 8, 587, 194, 588, 193, -1, 1, 2.356194490192345, 1.4142135623730951
2943, 9, 536, 145, 535, 146, 1, -1, -0.7853981633974483, 1.4142135623730951
2943, 10, 487, 144, 485, 145, 2, -1, -0.4636476090008061, 2.23606797749979
2943, 16, 259, 352, 258, 350, 1, 2, 1.1071487177940904, 2.23606797749979
2943, 19, 507, 133, 505, 132, 2, 1, 0.4636476090008061, 2.23606797749979
2943, 21, 512, 178, 512, 176, 0, 2, 1.5707963267948966, 2.0
2943, 23, 478, 122, 477, 123, 1, -1, -0.7853981633974483, 1.4142135623730951
2943, 27, 612, 228, 612, 226, 0, 2, 1.5707963267948966, 2.0
2943, 28, 354, 354, 353, 355, 1, -1, -0.7853981633974483, 1.4142135623730951
2943, 31, 436, 242, 437, 244, -1, -2, -2.0344439357957027, 2.23606797749979
2944, 0, 384, 158, 383, 160, 1, -2, -1.1071487177940904, 2.23606797749979
2944, 6, 622, 235, 622, 232, 0, 3, 1.5707963267948966, 3.0
2944, 9, 537, 144, 536, 145, 1, -1, -0.7853981633974483, 1.4142135623730951
2944, 10, 488, 143, 487, 144, 1, -1, -0.7853981633974483, 1.4142135623730951
2944, 12, 379, 194, 380, 193, -1, 1, 2.356194490192345, 1.4142135623730951
2944, 16, 260, 351, 259, 352, 1, -1, -0.7853981633974483, 1.4142135623730951
2944, 18, 508, 134, 507, 133, 1, 1, 0.7853981633974483, 1.4142135623730951
2944, 20, 512, 180, 512, 178, 0, 2, 1.5707963267948966, 2.0
2944, 21, 551, 232, 549, 228, 2, 4, 1.1071487177940904, 4.47213595499958
2944, 23, 326, 354, 323, 355, 3, -1, -0.3217505543966422, 3.1622776601683795
2944, 24, 606, 248, 607, 247, -1, 1, 2.356194490192345, 1.4142135623730951
2944, 28, 436, 240, 436, 242, 0, -2, -1.5707963267948966, 2.0
2945, 20, 477, 124, 476, 125, 1, -1, -0.7853981633974483, 1.4142135623730951
2945, 24, 421, 127, 421, 129, 0, -2, -1.5707963267948966, 2.0
2945, 25, 535, 154, 532, 153, 3, 1, 0.3217505543966422, 3.1622776601683795
2945, 27, 272, 266, 272, 263, 0, 3, 1.5707963267948966, 3.0
2945, 29, 552, 253, 553, 252, -1, 1, 2.356194490192345, 1.4142135623730951
2945, 30, 570, 214, 567, 212, 3, 2, 0.5880026035475675, 3.605551275463989
2945, 31, 489, 145, 488, 146, 1, -1, -0.7853981633974483, 1.4142135623730951
2945, 34, 509, 136, 507, 136, 2, 0, 0.0, 2.0
2945, 35, 262, 355, 259, 355, 3, 0, 0.0, 3.0
2945, 41, 516, 181, 515, 180, 1, 1, 0.7853981633974483, 1.4142135623730951
2946, 0, 384, 160, 384, 162, 0, -2, -1.5707963267948966, 2.0
2946, 13, 539, 245, 538, 244, 1, 1, 0.7853981633974483, 1.4142135623730951
2946, 15, 556, 289, 555, 288, 1, 1, 0.7853981633974483, 1.4142135623730951
2946, 16, 384, 306, 384, 308, 0, -2, -1.5707963267948966, 2.0
2946, 19, 614, 358, 613, 359, 1, -1, -0.7853981633974483, 1.4142135623730951
2946, 22, 537, 155, 535, 154, 2, 1, 0.4636476090008061, 2.23606797749979
2946, 28, 490, 144, 489, 145, 1, -1, -0.7853981633974483, 1.4142135623730951
2946, 31, 264, 354, 262, 355, 2, -1, -0.4636476090008061, 2.23606797749979
2946, 36, 517, 182, 516, 181, 1, 1, 0.7853981633974483, 1.4142135623730951
2946, 37, 270, 301, 271, 303, -1, -2, -2.0344439357957027, 2.23606797749979
2947, 9, 541, 246, 539, 245, 2, 1, 0.4636476090008061, 2.23606797749979
2947, 11, 557, 290, 556, 289, 1, 1, 0.7853981633974483, 1.4142135623730951
2947, 15, 615, 357, 614, 358, 1, -1, -0.7853981633974483, 1.4142135623730951
2947, 17, 422, 124, 421, 126, 1, -2, -1.1071487177940904, 2.23606797749979
2947, 18, 539, 156, 537, 155, 2, 1, 0.4636476090008061, 2.23606797749979
2947, 20, 273, 268, 272, 267, 1, 1, 0.7853981633974483, 1.4142135623730951
2947, 23, 571, 216, 570, 215, 1, 1, 0.7853981633974483, 1.4142135623730951
2947, 24, 492, 143, 490, 144, 2, -1, -0.4636476090008061, 2.23606797749979
2947, 26, 511, 135, 510, 136, 1, -1, -0.7853981633974483, 1.4142135623730951
2947, 32, 518, 183, 517, 182, 1, 1, 0.7853981633974483, 1.4142135623730951
2947, 34, 609, 269, 610, 268, -1, 1, 2.356194490192345, 1.4142135623730951
2948, 4, 363, 298, 363, 300, 0, -2, -1.5707963267948966, 2.0
2948, 9, 542, 247, 541, 246, 1, 1, 0.7853981633974483, 1.4142135623730951
2948, 12, 478, 123, 477, 124, 1, -1, -0.7853981633974483, 1.4142135623730951
2948, 14, 616, 356, 615, 357, 1, -1, -0.7853981633974483, 1.4142135623730951
2948, 17, 540, 157, 539, 156, 1, 1, 0.7853981633974483, 1.4142135623730951
2948, 19, 274, 269, 273, 268, 1, 1, 0.7853981633974483, 1.4142135623730951
2948, 23, 494, 143, 492, 143, 2, 0, 0.0, 2.0
2948, 30, 331, 377, 330, 378, 1, -1, -0.7853981633974483, 1.4142135623730951
2948, 31, 519, 184, 518, 183, 1, 1, 0.7853981633974483, 1.4142135623730951
2949, 6, 469, 270, 470, 272, -1, -2, -2.0344439357957027, 2.23606797749979
2949, 15, 386, 280, 388, 281, -2, -1, -2.677945044588987, 2.23606797749979
2949, 16, 423, 122, 422, 124, 1, -2, -1.1071487177940904, 2.23606797749979
2949, 20, 400, 351, 400, 353, 0, -2, -1.5707963267948966, 2.0
2949, 21, 551, 256, 552, 255, -1, 1, 2.356194490192345, 1.4142135623730951
2949, 23, 495, 142, 494, 143, 1, -1, -0.7853981633974483, 1.4142135623730951
2949, 24, 604, 239, 603, 238, 1, 1, 0.7853981633974483, 1.4142135623730951
2949, 25, 513, 135, 511, 135, 2, 0, 0.0, 2.0
2950, 3, 605, 363, 604, 362, 1, 1, 0.7853981633974483, 1.4142135623730951
2950, 5, 536, 145, 534, 144, 2, 1, 0.4636476090008061, 2.23606797749979
2950, 7, 625, 289, 626, 288, -1, 1, 2.356194490192345, 1.4142135623730951
2950, 11, 598, 267, 597, 266, 1, 1, 0.7853981633974483, 1.4142135623730951
2950, 12, 618, 352, 615, 354, 3, -2, -0.5880026035475675, 3.605551275463989
2950, 13, 493, 144, 492, 145, 1, -1, -0.7853981633974483, 1.4142135623730951
2950, 14, 468, 271, 469, 275, -1, -4, -1.8157749899217608, 4.123105625617661
2950, 17, 608, 263, 608, 261, 0, 2, 1.5707963267948966, 2.0
2950, 18, 425, 166, 425, 168, 0, -2, -1.5707963267948966, 2.0
2950, 19, 386, 296, 386, 298, 0, -2, -1.5707963267948966, 2.0
2950, 27, 274, 353, 273, 354, 1, -1, -0.7853981633974483, 1.4142135623730951
2950, 28, 290, 324, 288, 325, 2, -1, -0.4636476090008061, 2.23606797749979
2950, 29, 515, 140, 514, 139, 1, 1, 0.7853981633974483, 1.4142135623730951
2950, 30, 440, 134, 438, 135, 2, -1, -0.4636476090008061, 2.23606797749979
2950, 31, 383, 196, 382, 198, 1, -2, -1.1071487177940904, 2.23606797749979
2950, 33, 437, 149, 436, 150, 1, -1, -0.7853981633974483, 1.4142135623730951
2951, 4, 538, 148, 536, 145, 2, 3, 0.982793723247329, 3.605551275463989
2951, 8, 356, 354, 355, 355, 1, -1, -0.7853981633974483, 1.4142135623730951
2951, 11, 621, 350, 618, 352, 3, -2, -0.5880026035475675, 3.605551275463989
2951, 21, 425, 124, 424, 126, 1, -2, -1.1071487177940904, 2.23606797749979
2951, 22, 418, 276, 417, 277, 1, -1, -0.7853981633974483, 1.4142135623730951
2952, 0, 385, 157, 385, 159, 0, -2, -1.5707963267948966, 2.0
2952, 3, 591, 309, 590, 310, 1, -1, -0.7853981633974483, 1.4142135623730951
2952, 4, 540, 151, 538, 148, 2, 3, 0.982793723247329, 3.605551275463989
2952, 7, 591, 197, 590, 196, 1, 1, 0.7853981633974483, 1.4142135623730951
2952, 8, 357, 351, 356, 354, 1, -3, -1.2490457723982544, 3.1622776601683795
2952, 9, 538, 153, 538, 155, 0, -2, -1.5707963267948966, 2.0
2952, 11, 622, 349, 621, 350, 1, -1, -0.7853981633974483, 1.4142135623730951
2952, 15, 609, 265, 608, 264, 1, 1, 0.7853981633974483, 1.4142135623730951
2952, 17, 386, 293, 386, 295, 0, -2, -1.5707963267948966, 2.0
2952, 24, 441, 132, 440, 133, 1, -1, -0.7853981633974483, 1.4142135623730951
2952, 25, 382, 193, 383, 195, -1, -2, -2.0344439357957027, 2.23606797749979
2953, 0, 385, 155, 385, 157, 0, -2, -1.5707963267948966, 2.0
2953, 1, 333, 329, 332, 330, 1, -1, -0.7853981633974483, 1.4142135623730951
2953, 8, 359, 350, 357, 351, 2, -1, -0.4636476090008061, 2.23606797749979
2953, 11, 624, 348, 622, 349, 2, -1, -0.4636476090008061, 2.23606797749979
2953, 12, 496, 143, 495, 144, 1, -1, -0.7853981633974483, 1.4142135623730951
2953, 15, 425, 162, 425, 164, 0, -2, -1.5707963267948966, 2.0
2953, 19, 426, 122, 425, 123, 1, -1, -0.7853981633974483, 1.4142135623730951
2953, 21, 277, 352, 276, 353, 1, -1, -0.7853981633974483, 1.4142135623730951
2953, 22, 516, 141, 515, 140, 1, 1, 0.7853981633974483, 1.4142135623730951
2954, 0, 386, 154, 385, 155, 1, -1, -0.7853981633974483, 1.4142135623730951
2954, 7, 360, 348, 359, 350, 1, -2, -1.1071487177940904, 2.23606797749979
2954, 8, 536, 151, 537, 153, -1, -2, -2.0344439357957027, 2.23606797749979
2954, 14, 426, 161, 425, 162, 1, -1, -0.7853981633974483, 1.4142135623730951
2954, 15, 386, 290, 386, 292, 0, -2, -1.5707963267948966, 2.0
2955, 0, 387, 156, 387, 158, 0, -2, -1.5707963267948966, 2.0
2955, 1, 424, 266, 424, 268, 0, -2, -1.5707963267948966, 2.0
2955, 5, 610, 364, 608, 364, 2, 0, 0.0, 2.0
2955, 9, 592, 198, 591, 197, 1, 1, 0.7853981633974483, 1.4142135623730951
2955, 13, 549, 161, 548, 160, 1, 1, 0.7853981633974483, 1.4142135623730951
2955, 15, 459, 128, 458, 129, 1, -1, -0.7853981633974483, 1.4142135623730951
2955, 22, 429, 163, 429, 165, 0, -2, -1.5707963267948966, 2.0
2955, 23, 427, 123, 426, 125, 1, -2, -1.1071487177940904, 2.23606797749979
2955, 31, 614, 273, 615, 272, -1, 1, 2.356194490192345, 1.4142135623730951
2955, 34, 608, 242, 609, 244, -1, -2, -2.0344439357957027, 2.23606797749979
2955, 37, 484, 123, 482, 124, 2, -1, -0.4636476090008061, 2.23606797749979
2955, 39, 390, 324, 390, 326, 0, -2, -1.5707963267948966, 2.0
2956, 0, 388, 154, 387, 156, 1, -2, -1.1071487177940904, 2.23606797749979
2956, 3, 338, 331, 337, 332, 1, -1, -0.7853981633974483, 1.4142135623730951
2956, 8, 625, 239, 626, 238, -1, 1, 2.356194490192345, 1.4142135623730951
2956, 11, 364, 354, 363, 356, 1, -2, -1.1071487177940904, 2.23606797749979
2956, 12, 550, 162, 549, 161, 1, 1, 0.7853981633974483, 1.4142135623730951
2956, 14, 460, 127, 459, 128, 1, -1, -0.7853981633974483, 1.4142135623730951
2956, 28, 499, 145, 497, 145, 2, 0, 0.0, 2.0
2957, 1, 423, 263, 424, 265, -1, -2, -2.0344439357957027, 2.23606797749979
2957, 10, 363, 352, 364, 354, -1, -2, -2.0344439357957027, 2.23606797749979
2957, 15, 555, 236, 554, 235, 1, 1, 0.7853981633974483, 1.4142135623730951
2957, 20, 428, 121, 427, 122, 1, -1, -0.7853981633974483, 1.4142135623730951
2957, 24, 557, 277, 558, 276, -1, 1, 2.356194490192345, 1.4142135623730951
2957, 33, 523, 191, 522, 190, 1, 1, 0.7853981633974483, 1.4142135623730951
2957, 34, 437, 323, 437, 325, 0, -2, -1.5707963267948966, 2.0
2957, 35, 553, 260, 554, 259, -1, 1, 2.356194490192345, 1.4142135623730951
2958, 13, 462, 126, 461, 127, 1, -1, -0.7853981633974483, 1.4142135623730951
2958, 16, 538, 157, 538, 154, 0, 3, 1.5707963267948966, 3.0
2958, 18, 338, 378, 337, 379, 1, -1, -0.7853981633974483, 1.4142135623730951
2958, 21, 316, 317, 315, 318, 1, -1, -0.7853981633974483, 1.4142135623730951
2958, 26, 502, 145, 500, 145, 2, 0, 0.0, 2.0
2959, 0, 389, 150, 388, 152, 1, -2, -1.1071487177940904, 2.23606797749979
2959, 1, 338, 328, 338, 330, 0, -2, -1.5707963267948966, 2.0
2959, 8, 540, 255, 541, 253, -1, 2, 2.0344439357957027, 2.23606797749979
2959, 15, 539, 159, 538, 157, 1, 2, 1.1071487177940904, 2.23606797749979
2959, 18, 430, 159, 429, 160, 1, -1, -0.7853981633974483, 1.4142135623730951
2959, 19, 429, 118, 428, 120, 1, -2, -1.1071487177940904, 2.23606797749979
2959, 21, 614, 258, 614, 255, 0, 3, 1.5707963267948966, 3.0
2959, 33, 552, 261, 553, 260, -1, 1, 2.356194490192345, 1.4142135623730951
2960, 9, 364, 292, 364, 294, 0, -2, -1.5707963267948966, 2.0
2960, 18, 487, 123, 486, 124, 1, -1, -0.7853981633974483, 1.4142135623730951
2960, 31, 429, 140, 429, 142, 0, -2, -1.5707963267948966, 2.0
2960, 32, 540, 158, 538, 156, 2, 2, 0.7853981633974483, 2.8284271247461903
2960, 34, 272, 305, 273, 307, -1, -2, -2.0344439357957027, 2.23606797749979
2960, 37, 461, 127, 460, 128, 1, -1, -0.7853981633974483, 1.4142135623730951
2960, 38, 550, 303, 551, 301, -1, 2, 2.0344439357957027, 2.23606797749979
2960, 39, 599, 345, 601, 343, -2, 2, 2.356194490192345, 2.8284271247461903
2960, 44, 517, 145, 515, 145, 2, 0, 0.0, 2.0
2960, 46, 359, 285, 359, 287, 0, -2, -1.5707963267948966, 2.0
2960, 48, 280, 277, 281, 279, -1, -2, -2.0344439357957027, 2.23606797749979
2960, 49, 421, 144, 420, 146, 1, -2, -1.1071487177940904, 2.23606797749979
2960, 51, 595, 263, 594, 262, 1, 1, 0.7853981633974483, 1.4142135623730951
2961, 1, 614, 365, 612, 365, 2, 0, 0.0, 2.0
2961, 9, 433, 160, 432, 161, 1, -1, -0.7853981633974483, 1.4142135623730951
2961, 11, 461, 239, 462, 241, -1, -2, -2.0344439357957027, 2.23606797749979
2961, 19, 541, 261, 540, 258, 1, 3, 1.2490457723982544, 3.1622776601683795
2961, 20, 495, 154, 493, 154, 2, 0, 0.0, 2.0
2961, 21, 429, 119, 428, 121, 1, -2, -1.1071487177940904, 2.23606797749979
2961, 25, 541, 160, 540, 158, 1, 2, 1.1071487177940904, 2.23606797749979
2961, 30, 552, 306, 550, 303, 2, 3, 0.982793723247329, 3.605551275463989
2961, 36, 422, 142, 421, 144, 1, -2, -1.1071487177940904, 2.23606797749979
2961, 38, 597, 264, 595, 263, 2, 1, 0.4636476090008061, 2.23606797749979
2962, 2, 625, 357, 624, 358, 1, -1, -0.7853981633974483, 1.4142135623730951
2962, 3, 548, 165, 547, 163, 1, 2, 1.1071487177940904, 2.23606797749979
2962, 12, 504, 147, 502, 147, 2, 0, 0.0, 2.0
2962, 15, 541, 264, 541, 261, 0, 3, 1.5707963267948966, 3.0
2962, 26, 554, 309, 552, 306, 2, 3, 0.982793723247329, 3.605551275463989
2962, 32, 423, 140, 422, 142, 1, -2, -1.1071487177940904, 2.23606797749979
2962, 34, 598, 267, 597, 264, 1, 3, 1.2490457723982544, 3.1622776601683795
2963, 2, 626, 356, 625, 357, 1, -1, -0.7853981633974483, 1.4142135623730951
2963, 7, 434, 158, 433, 159, 1, -1, -0.7853981633974483, 1.4142135623730951
2963, 14, 542, 267, 541, 264, 1, 3, 1.2490457723982544, 3.1622776601683795
2963, 16, 430, 117, 429, 118, 1, -1, -0.7853981633974483, 1.4142135623730951
2963, 20, 267, 328, 266, 327, 1, 1, 0.7853981633974483, 1.4142135623730951
2963, 24, 555, 311, 554, 309, 1, 2, 1.1071487177940904, 2.23606797749979
2963, 28, 426, 139, 423, 140, 3, -1, -0.3217505543966422, 3.1622776601683795
2963, 30, 598, 269, 598, 267, 0, 2, 1.5707963267948966, 2.0
2964, 0, 341, 328, 340, 329, 1, -1, -0.7853981633974483, 1.4142135623730951
2964, 2, 627, 355, 626, 356, 1, -1, -0.7853981633974483, 1.4142135623730951
2964, 11, 508, 145, 505, 147, 3, -2, -0.5880026035475675, 3.605551275463989
2964, 12, 595, 292, 593, 291, 2, 1, 0.4636476090008061, 2.23606797749979
2964, 14, 543, 269, 542, 267, 1, 2, 1.1071487177940904, 2.23606797749979
2964, 17, 602, 247, 603, 246, -1, 1, 2.356194490192345, 1.4142135623730951
2964, 18, 540, 157, 542, 159, -2, -2, -2.356194490192345, 2.8284271247461903
2964, 23, 558, 313, 555, 311, 3, 2, 0.5880026035475675, 3.605551275463989
2964, 26, 428, 138, 426, 139, 2, -1, -0.4636476090008061, 2.23606797749979
2964, 28, 597, 270, 598, 269, -1, 1, 2.356194490192345, 1.4142135623730951
2965, 7, 364, 290, 364, 292, 0, -2, -1.5707963267948966, 2.0
2965, 12, 552, 170, 551, 168, 1, 2, 1.1071487177940904, 2.23606797749979
2965, 13, 543, 269, 542, 266, 1, 3, 1.2490457723982544, 3.1622776601683795
2965, 16, 611, 263, 611, 265, 0, -2, -1.5707963267948966, 2.0
2965, 20, 379, 267, 379, 269, 0, -2, -1.5707963267948966, 2.0
2965, 23, 432, 119, 431, 121, 1, -2, -1.1071487177940904, 2.23606797749979
2965, 26, 375, 192, 375, 195, 0, -3, -1.5707963267948966, 3.0
2965, 29, 526, 150, 525, 149, 1, 1, 0.7853981633974483, 1.4142135623730951
2965, 32, 465, 127, 464, 128, 1, -1, -0.7853981633974483, 1.4142135623730951
2965, 36, 499, 153, 497, 153, 2, 0, 0.0, 2.0
2965, 38, 597, 270, 598, 269, -1, 1, 2.356194490192345, 1.4142135623730951
2965, 42, 380, 158, 380, 160, 0, -2, -1.5707963267948966, 2.0
2965, 43, 340, 378, 339, 379, 1, -1, -0.7853981633974483, 1.4142135623730951
2965, 47, 526, 195, 525, 194, 1, 1, 0.7853981633974483, 1.4142135623730951
2965, 49, 274, 308, 275, 307, -1, 1, 2.356194490192345, 1.4142135623730951
2965, 50, 278, 349, 277, 350, 1, -1, -0.7853981633974483, 1.4142135623730951
2965, 51, 514, 172, 513, 171, 1, 1, 0.7853981633974483, 1.4142135623730951
2965, 53, 343, 342, 340, 344, 3, -2, -0.5880026035475675, 3.605551275463989
2966, 4, 545, 158, 544, 159, 1, -1, -0.7853981633974483, 1.4142135623730951
2966, 5, 364, 288, 364, 290, 0, -2, -1.5707963267948966, 2.0
2966, 7, 559, 310, 558, 309, 1, 1, 0.7853981633974483, 1.4142135623730951
2966, 10, 544, 270, 543, 269, 1, 1, 0.7853981633974483, 1.4142135623730951
2966, 18, 385, 296, 387, 297, -2, -1, -2.677945044588987, 2.23606797749979
2966, 20, 490, 124, 489, 125, 1, -1, -0.7853981633974483, 1.4142135623730951
2966, 22, 527, 151, 526, 150, 1, 1, 0.7853981633974483, 1.4142135623730951
2966, 25, 466, 126, 465, 127, 1, -1, -0.7853981633974483, 1.4142135623730951
2966, 31, 597, 272, 597, 270, 0, 2, 1.5707963267948966, 2.0
2966, 32, 582, 294, 582, 292, 0, 2, 1.5707963267948966, 2.0
2966, 35, 380, 156, 380, 158, 0, -2, -1.5707963267948966, 2.0
2966, 42, 280, 348, 278, 349, 2, -1, -0.4636476090008061, 2.23606797749979
2966, 45, 345, 339, 343, 342, 2, -3, -0.982793723247329, 3.605551275463989
2967, 0, 390, 150, 389, 151, 1, -1, -0.7853981633974483, 1.4142135623730951
2967, 1, 342, 328, 341, 329, 1, -1, -0.7853981633974483, 1.4142135623730951
2967, 3, 616, 368, 615, 367, 1, 1, 0.7853981633974483, 1.4142135623730951
2967, 4, 547, 158, 545, 158, 2, 0, 0.0, 2.0
2967, 5, 362, 287, 364, 288, -2, -1, -2.677945044588987, 2.23606797749979
2967, 10, 627, 358, 628, 357, -1, 1, 2.356194490192345, 1.4142135623730951
2967, 12, 611, 260, 611, 262, 0, -2, -1.5707963267948966, 2.0
2967, 16, 433, 117, 432, 118, 1, -1, -0.7853981633974483, 1.4142135623730951
2967, 22, 467, 125, 466, 126, 1, -1, -0.7853981633974483, 1.4142135623730951
2967, 31, 380, 154, 380, 156, 0, -2, -1.5707963267948966, 2.0
2967, 35, 527, 197, 526, 196, 1, 1, 0.7853981633974483, 1.4142135623730951
2967, 38, 282, 347, 280, 348, 2, -1, -0.4636476090008061, 2.23606797749979
2967, 41, 347, 337, 345, 339, 2, -2, -0.7853981633974483, 2.8284271247461903
2968, 4, 549, 160, 547, 158, 2, 2, 0.7853981633974483, 2.8284271247461903
2968, 9, 545, 271, 544, 270, 1, 1, 0.7853981633974483, 1.4142135623730951
2968, 11, 427, 141, 429, 141, -2, 0, 3.141592653589793, 2.0
2968, 12, 610, 258, 611, 260, -1, -2, -2.0344439357957027, 2.23606797749979
2968, 16, 433, 115, 433, 117, 0, -2, -1.5707963267948966, 2.0
2968, 18, 491, 123, 490, 124, 1, -1, -0.7853981633974483, 1.4142135623730951
2968, 19, 529, 152, 528, 151, 1, 1, 0.7853981633974483, 1.4142135623730951
2968, 28, 583, 296, 582, 295, 1, 1, 0.7853981633974483, 1.4142135623730951
2968, 31, 380, 152, 380, 154, 0, -2, -1.5707963267948966, 2.0
2968, 38, 284, 347, 282, 347, 2, 0, 0.0, 2.0
2968, 41, 348, 336, 347, 337, 1, -1, -0.7853981633974483, 1.4142135623730951
2969, 0, 391, 148, 390, 149, 1, -1, -0.7853981633974483, 1.4142135623730951
2969, 1, 343, 326, 342, 327, 1, -1, -0.7853981633974483, 1.4142135623730951
2969, 4, 551, 162, 549, 160, 2, 2, 0.7853981633974483, 2.8284271247461903
2969, 9, 425, 140, 427, 141, -2, -1, -2.677945044588987, 2.23606797749979
2969, 10, 609, 256, 610, 258, -1, -2, -2.0344439357957027, 2.23606797749979
2969, 14, 434, 114, 433, 115, 1, -1, -0.7853981633974483, 1.4142135623730951
2969, 20, 468, 123, 467, 124, 1, -1, -0.7853981633974483, 1.4142135623730951
2969, 21, 603, 249, 604, 248, -1, 1, 2.356194490192345, 1.4142135623730951
2969, 28, 380, 150, 380, 152, 0, -2, -1.5707963267948966, 2.0
2969, 31, 322, 345, 321, 346, 1, -1, -0.7853981633974483, 1.4142135623730951
2969, 35, 283, 348, 284, 347, -1, 1, 2.356194490192345, 1.4142135623730951
2969, 37, 349, 335, 348, 336, 1, -1, -0.7853981633974483, 1.4142135623730951
2970, 7, 364, 286, 364, 288, 0, -2, -1.5707963267948966, 2.0
2970, 19, 498, 148, 497, 149, 1, -1, -0.7853981633974483, 1.4142135623730951
2970, 24, 630, 359, 629, 360, 1, -1, -0.7853981633974483, 1.4142135623730951
2970, 26, 433, 160, 432, 161, 1, -1, -0.7853981633974483, 1.4142135623730951
2970, 36, 382, 155, 381, 156, 1, -1, -0.7853981633974483, 1.4142135623730951
2970, 42, 265, 356, 267, 356, -2, 0, 3.141592653589793, 2.0
2970, 43, 493, 124, 492, 125, 1, -1, -0.7853981633974483, 1.4142135623730951
2970, 49, 466, 127, 465, 128, 1, -1, -0.7853981633974483, 1.4142135623730951
2970, 51, 524, 143, 521, 142, 3, 1, 0.3217505543966422, 3.1622776601683795
2971, 3, 343, 328, 342, 329, 1, -1, -0.7853981633974483, 1.4142135623730951
2971, 18, 499, 147, 498, 148, 1, -1, -0.7853981633974483, 1.4142135623730951
2971, 23, 631, 358, 630, 359, 1, -1, -0.7853981633974483, 1.4142135623730951
2971, 25, 433, 158, 433, 160, 0, -2, -1.5707963267948966, 2.0
2971, 39, 263, 357, 265, 356, -2, 1, 2.677945044588987, 2.23606797749979
2971, 43, 469, 292, 469, 294, 0, -2, -1.5707963267948966, 2.0
2971, 45, 366, 352, 365, 353, 1, -1, -0.7853981633974483, 1.4142135623730951
2971, 46, 467, 126, 466, 127, 1, -1, -0.7853981633974483, 1.4142135623730951
2971, 48, 526, 144, 524, 143, 2, 1, 0.4636476090008061, 2.23606797749979
2972, 0, 393, 148, 392, 149, 1, -1, -0.7853981633974483, 1.4142135623730951
2972, 1, 467, 327, 466, 326, 1, 1, 0.7853981633974483, 1.4142135623730951
2972, 9, 595, 205, 596, 204, -1, 1, 2.356194490192345, 1.4142135623730951
2972, 11, 553, 167, 553, 169, 0, -2, -1.5707963267948966, 2.0
2972, 17, 510, 151, 509, 150, 1, 1, 0.7853981633974483, 1.4142135623730951
2972, 23, 632, 357, 631, 358, 1, -1, -0.7853981633974483, 1.4142135623730951
2972, 24, 386, 184, 385, 185, 1, -1, -0.7853981633974483, 1.4142135623730951
2972, 27, 611, 234, 611, 232, 0, 2, 1.5707963267948966, 2.0
2972, 28, 537, 257, 538, 259, -1, -2, -2.0344439357957027, 2.23606797749979
2972, 30, 435, 115, 434, 116, 1, -1, -0.7853981633974483, 1.4142135623730951
2972, 37, 262, 358, 263, 357, -1, 1, 2.356194490192345, 1.4142135623730951
2972, 42, 527, 201, 528, 200, -1, 1, 2.356194490192345, 1.4142135623730951
2972, 46, 529, 146, 526, 144, 3, 2, 0.5880026035475675, 3.605551275463989
2973, 3, 621, 369, 620, 368, 1, 1, 0.7853981633974483, 1.4142135623730951
2973, 13, 434, 218, 433, 219, 1, -1, -0.7853981633974483, 1.4142135623730951
2973, 14, 560, 301, 558, 301, 2, 0, 0.0, 2.0
2973, 16, 501, 148, 500, 147, 1, 1, 0.7853981633974483, 1.4142135623730951
2973, 21, 633, 355, 632, 357, 1, -2, -1.1071487177940904, 2.23606797749979
2973, 24, 611, 236, 611, 234, 0, 2, 1.5707963267948966, 2.0
2973, 32, 422, 221, 423, 224, -1, -3, -1.892546881191539, 3.1622776601683795
2973, 34, 263, 359, 262, 358, 1, 1, 0.7853981633974483, 1.4142135623730951
2973, 39, 526, 202, 527, 201, -1, 1, 2.356194490192345, 1.4142135623730951
2973, 43, 528, 147, 529, 146, -1, 1, 2.356194490192345, 1.4142135623730951
2974, 0, 394, 146, 393, 147, 1, -1, -0.7853981633974483, 1.4142135623730951
2974, 9, 554, 171, 553, 168, 1, 3, 1.2490457723982544, 3.1622776601683795
2974, 11, 619, 299, 621, 299, -2, 0, 3.141592653589793, 2.0
2974, 13, 562, 302, 560, 301, 2, 1, 0.4636476090008061, 2.23606797749979
2974, 14, 512, 152, 511, 151, 1, 1, 0.7853981633974483, 1.4142135623730951
2974, 15, 503, 148, 501, 148, 2, 0, 0.0, 2.0
2974, 20, 634, 354, 633, 355, 1, -1, -0.7853981633974483, 1.4142135623730951
2974, 23, 611, 238, 611, 236, 0, 2, 1.5707963267948966, 2.0
2974, 26, 436, 113, 435, 114, 1, -1, -0.7853981633974483, 1.4142135623730951
2974, 31, 421, 218, 422, 221, -1, -3, -1.892546881191539, 3.1622776601683795
2974, 33, 266, 359, 263, 359, 3, 0, 0.0, 3.0
2974, 37, 469, 289, 469, 291, 0, -2, -1.5707963267948966, 2.0
2974, 42, 530, 149, 528, 147, 2, 2, 0.7853981633974483, 2.8284271247461903
2975, 1, 344, 329, 343, 330, 1, -1, -0.7853981633974483, 1.4142135623730951
2975, 3, 364, 284, 364, 286, 0, -2, -1.5707963267948966, 2.0
2975, 6, 422, 334, 422, 336, 0, -2, -1.5707963267948966, 2.0
2975, 9, 623, 298, 625, 298, -2, 0, 3.141592653589793, 2.0
2975, 20, 396, 320, 395, 321, 1, -1, -0.7853981633974483, 1.4142135623730951
2975, 21, 270, 357, 268, 357, 2, 0, 0.0, 2.0
2975, 23, 635, 358, 634, 359, 1, -1, -0.7853981633974483, 1.4142135623730951
2975, 27, 612, 240, 613, 239, -1, 1, 2.356194490192345, 1.4142135623730951
2975, 29, 274, 275, 273, 272, 1, 3, 1.2490457723982544, 3.1622776601683795
2975, 34, 422, 220, 423, 223, -1, -3, -1.892546881191539, 3.1622776601683795
2976, 7, 560, 178, 559, 176, 1, 2, 1.1071487177940904, 2.23606797749979
2976, 15, 505, 153, 504, 154, 1, -1, -0.7853981633974483, 1.4142135623730951
2976, 29, 422, 218, 422, 220, 0, -2, -1.5707963267948966, 2.0
2977, 0, 345, 327, 344, 328, 1, -1, -0.7853981633974483, 1.4142135623730951
2977, 7, 389, 299, 388, 300, 1, -1, -0.7853981633974483, 1.4142135623730951
2977, 8, 515, 153, 514, 152, 1, 1, 0.7853981633974483, 1.4142135623730951
2977, 14, 273, 355, 271, 357, 2, -2, -0.7853981633974483, 2.8284271247461903
2977, 15, 436, 153, 435, 155, 1, -2, -1.1071487177940904, 2.23606797749979
2977, 16, 635, 355, 635, 357, 0, -2, -1.5707963267948966, 2.0
2977, 20, 439, 113, 437, 114, 2, -1, -0.4636476090008061, 2.23606797749979
2977, 21, 275, 277, 274, 276, 1, 1, 0.7853981633974483, 1.4142135623730951
2977, 23, 571, 267, 570, 266, 1, 1, 0.7853981633974483, 1.4142135623730951
2977, 26, 428, 214, 427, 215, 1, -1, -0.7853981633974483, 1.4142135623730951
2978, 14, 274, 354, 273, 355, 1, -1, -0.7853981633974483, 1.4142135623730951
2978, 19, 613, 240, 612, 241, 1, -1, -0.7853981633974483, 1.4142135623730951
2978, 21, 276, 278, 275, 277, 1, 1, 0.7853981633974483, 1.4142135623730951
2978, 25, 422, 215, 422, 217, 0, -2, -1.5707963267948966, 2.0
2979, 2, 364, 362, 364, 364, 0, -2, -1.5707963267948966, 2.0
2979, 7, 388, 296, 389, 298, -1, -2, -2.0344439357957027, 2.23606797749979
2979, 8, 516, 154, 515, 153, 1, 1, 0.7853981633974483, 1.4142135623730951
2979, 13, 272, 355, 274, 354, -2, 1, 2.677945044588987, 2.23606797749979
2979, 14, 437, 150, 436, 152, 1, -2, -1.1071487177940904, 2.23606797749979
2979, 17, 585, 294, 586, 293, -1, 1, 2.356194490192345, 1.4142135623730951
2979, 20, 277, 279, 276, 278, 1, 1, 0.7853981633974483, 1.4142135623730951
2979, 21, 496, 126, 495, 125, 1, 1, 0.7853981633974483, 1.4142135623730951
2980, 1, 394, 146, 394, 148, 0, -2, -1.5707963267948966, 2.0
2980, 16, 562, 181, 561, 180, 1, 1, 0.7853981633974483, 1.4142135623730951
2980, 20, 381, 192, 380, 194, 1, -2, -1.1071487177940904, 2.23606797749979
2980, 21, 369, 353, 368, 354, 1, -1, -0.7853981633974483, 1.4142135623730951
2980, 23, 555, 177, 552, 174, 3, 3, 0.7853981633974483, 4.242640687119285
2981, 2, 624, 371, 623, 370, 1, 1, 0.7853981633974483, 1.4142135623730951
2981, 8, 516, 154, 515, 153, 1, 1, 0.7853981633974483, 1.4142135623730951
2981, 17, 382, 191, 381, 192, 1, -1, -0.7853981633974483, 1.4142135623730951
2981, 19, 442, 154, 441, 156, 1, -2, -1.1071487177940904, 2.23606797749979
2981, 20, 557, 178, 555, 177, 2, 1, 0.4636476090008061, 2.23606797749979
2982, 0, 395, 143, 394, 145, 1, -2, -1.1071487177940904, 2.23606797749979
2982, 1, 346, 325, 345, 326, 1, -1, -0.7853981633974483, 1.4142135623730951
2982, 16, 370, 350, 369, 352, 1, -2, -1.1071487177940904, 2.23606797749979
2983, 1, 346, 323, 346, 325, 0, -2, -1.5707963267948966, 2.0
2983, 6, 518, 155, 517, 154, 1, 1, 0.7853981633974483, 1.4142135623730951
2983, 9, 564, 182, 563, 181, 1, 1, 0.7853981633974483, 1.4142135623730951
2983, 13, 372, 349, 370, 350, 2, -1, -0.4636476090008061, 2.23606797749979
2983, 14, 443, 151, 442, 153, 1, -2, -1.1071487177940904, 2.23606797749979
2984, 0, 395, 140, 395, 142, 0, -2, -1.5707963267948966, 2.0
2984, 1, 347, 322, 346, 323, 1, -1, -0.7853981633974483, 1.4142135623730951
2984, 2, 627, 371, 625, 371, 2, 0, 0.0, 2.0
2984, 11, 383, 188, 382, 189, 1, -1, -0.7853981633974483, 1.4142135623730951
2984, 12, 373, 348, 372, 349, 1, -1, -0.7853981633974483, 1.4142135623730951
2985, 0, 415, 234, 416, 236, -1, -2, -2.0344439357957027, 2.23606797749979
2985, 1, 397, 144, 396, 145, 1, -1, -0.7853981633974483, 1.4142135623730951
2985, 2, 348, 324, 348, 326, 0, -2, -1.5707963267948966, 2.0
2985, 5, 376, 355, 375, 356, 1, -1, -0.7853981633974483, 1.4142135623730951
2985, 7, 519, 157, 518, 156, 1, 1, 0.7853981633974483, 1.4142135623730951
2985, 8, 623, 304, 624, 303, -1, 1, 2.356194490192345, 1.4142135623730951
2985, 20, 389, 181, 389, 183, 0, -2, -1.5707963267948966, 2.0
2985, 21, 614, 264, 614, 266, 0, -2, -1.5707963267948966, 2.0
2985, 28, 531, 207, 530, 206, 1, 1, 0.7853981633974483, 1.4142135623730951
2985, 30, 575, 271, 574, 270, 1, 1, 0.7853981633974483, 1.4142135623730951
2985, 34, 329, 348, 328, 349, 1, -1, -0.7853981633974483, 1.4142135623730951
2985, 36, 379, 333, 380, 335, -1, -2, -2.0344439357957027, 2.23606797749979
2986, 1, 348, 322, 348, 324, 0, -2, -1.5707963267948966, 2.0
2986, 2, 628, 371, 627, 372, 1, -1, -0.7853981633974483, 1.4142135623730951
2986, 14, 565, 187, 564, 186, 1, 1, 0.7853981633974483, 1.4142135623730951
2986, 23, 442, 152, 442, 154, 0, -2, -1.5707963267948966, 2.0
2986, 25, 267, 356, 269, 357, -2, -1, -2.677945044588987, 2.23606797749979
2987, 1, 349, 321, 348, 322, 1, -1, -0.7853981633974483, 1.4142135623730951
2987, 12, 378, 186, 378, 188, 0, -2, -1.5707963267948966, 2.0
2987, 17, 544, 273, 544, 271, 0, 2, 1.5707963267948966, 2.0
2987, 22, 443, 151, 442, 152, 1, -1, -0.7853981633974483, 1.4142135623730951
2987, 26, 331, 347, 330, 348, 1, -1, -0.7853981633974483, 1.4142135623730951
2988, 0, 398, 140, 397, 142, 1, -2, -1.1071487177940904, 2.23606797749979
2988, 1, 349, 319, 349, 321, 0, -2, -1.5707963267948966, 2.0
2988, 12, 566, 189, 565, 188, 1, 1, 0.7853981633974483, 1.4142135623730951
2988, 16, 544, 275, 544, 273, 0, 2, 1.5707963267948966, 2.0
2989, 11, 377, 183, 378, 185, -1, -2, -2.0344439357957027, 2.23606797749979
2989, 12, 567, 190, 566, 189, 1, 1, 0.7853981633974483, 1.4142135623730951
2989, 14, 615, 264, 614, 262, 1, 2, 1.1071487177940904, 2.23606797749979
2989, 16, 544, 278, 544, 275, 0, 3, 1.5707963267948966, 3.0
2989, 21, 444, 149, 443, 150, 1, -1, -0.7853981633974483, 1.4142135623730951
2989, 24, 332, 346, 331, 347, 1, -1, -0.7853981633974483, 1.4142135623730951
2989, 26, 380, 329, 379, 330, 1, -1, -0.7853981633974483, 1.4142135623730951
2990, 6, 363, 275, 364, 277, -1, -2, -2.0344439357957027, 2.23606797749979
2990, 7, 544, 280, 544, 277, 0, 3, 1.5707963267948966, 3.0
2990, 8, 562, 177, 560, 177, 2, 0, 0.0, 2.0
2990, 11, 522, 161, 521, 160, 1, 1, 0.7853981633974483, 1.4142135623730951
2990, 13, 562, 317, 561, 316, 1, 1, 0.7853981633974483, 1.4142135623730951
2990, 18, 567, 190, 566, 189, 1, 1, 0.7853981633974483, 1.4142135623730951
2990, 19, 436, 214, 436, 216, 0, -2, -1.5707963267948966, 2.0
2990, 25, 467, 286, 468, 288, -1, -2, -2.0344439357957027, 2.23606797749979
2990, 31, 450, 109, 449, 110, 1, -1, -0.7853981633974483, 1.4142135623730951
2990, 34, 538, 165, 537, 164, 1, 1, 0.7853981633974483, 1.4142135623730951
2990, 35, 477, 119, 477, 121, 0, -2, -1.5707963267948966, 2.0
2990, 37, 375, 259, 376, 261, -1, -2, -2.0344439357957027, 2.23606797749979
2990, 46, 552, 249, 550, 247, 2, 2, 0.7853981633974483, 2.8284271247461903
2991, 4, 545, 282, 544, 280, 1, 2, 1.1071487177940904, 2.23606797749979
2991, 5, 563, 178, 562, 177, 1, 1, 0.7853981633974483, 1.4142135623730951
2991, 10, 563, 318, 562, 317, 1, 1, 0.7853981633974483, 1.4142135623730951
2991, 20, 279, 287, 281, 288, -2, -1, -2.677945044588987, 2.23606797749979
2991, 23, 451, 108, 450, 109, 1, -1, -0.7853981633974483, 1.4142135623730951
2991, 24, 429, 136, 428, 138, 1, -2, -1.1071487177940904, 2.23606797749979
2991, 30, 332, 348, 331, 349, 1, -1, -0.7853981633974483, 1.4142135623730951
2991, 35, 439, 135, 438, 136, 1, -1, -0.7853981633974483, 1.4142135623730951
2991, 36, 554, 250, 552, 249, 2, 1, 0.4636476090008061, 2.23606797749979
2992, 3, 547, 284, 545, 282, 2, 2, 0.7853981633974483, 2.8284271247461903
2992, 4, 565, 180, 563, 178, 2, 2, 0.7853981633974483, 2.8284271247461903
2992, 17, 452, 107, 451, 108, 1, -1, -0.7853981633974483, 1.4142135623730951
2992, 26, 366, 359, 365, 361, 1, -2, -1.1071487177940904, 2.23606797749979
2992, 28, 600, 285, 601, 284, -1, 1, 2.356194490192345, 1.4142135623730951
2993, 0, 351, 318, 351, 320, 0, -2, -1.5707963267948966, 2.0
2993, 1, 631, 372, 630, 371, 1, 1, 0.7853981633974483, 1.4142135623730951
2993, 3, 548, 285, 547, 284, 1, 1, 0.7853981633974483, 1.4142135623730951
2993, 4, 566, 182, 565, 180, 1, 2, 1.1071487177940904, 2.23606797749979
2993, 11, 566, 192, 567, 191, -1, 1, 2.356194490192345, 1.4142135623730951
2993, 17, 453, 106, 452, 107, 1, -1, -0.7853981633974483, 1.4142135623730951
2993, 20, 375, 255, 375, 257, 0, -2, -1.5707963267948966, 2.0
2993, 21, 333, 347, 332, 348, 1, -1, -0.7853981633974483, 1.4142135623730951
2993, 26, 440, 133, 439, 134, 1, -1, -0.7853981633974483, 1.4142135623730951
2994, 4, 567, 184, 566, 182, 1, 2, 1.1071487177940904, 2.23606797749979
2994, 6, 523, 163, 522, 162, 1, 1, 0.7853981633974483, 1.4142135623730951
2994, 11, 446, 147, 445, 148, 1, -1, -0.7853981633974483, 1.4142135623730951
2994, 12, 603, 280, 604, 279, -1, 1, 2.356194490192345, 1.4142135623730951
2994, 16, 454, 105, 453, 106, 1, -1, -0.7853981633974483, 1.4142135623730951
2994, 17, 430, 133, 430, 135, 0, -2, -1.5707963267948966, 2.0
2994, 18, 478, 115, 477, 116, 1, -1, -0.7853981633974483, 1.4142135623730951
2994, 19, 375, 253, 375, 255, 0, -2, -1.5707963267948966, 2.0
2994, 20, 334, 346, 333, 347, 1, -1, -0.7853981633974483, 1.4142135623730951
2994, 22, 367, 357, 366, 358, 1, -1, -0.7853981633974483, 1.4142135623730951
2995, 10, 599, 287, 600, 286, -1, 1, 2.356194490192345, 1.4142135623730951
2995, 12, 568, 185, 567, 183, 1, 2, 1.1071487177940904, 2.23606797749979
2995, 24, 442, 135, 440, 136, 2, -1, -0.4636476090008061, 2.23606797749979
2995, 25, 283, 354, 281, 354, 2, 0, 0.0, 2.0
2995, 32, 546, 171, 545, 170, 1, 1, 0.7853981633974483, 1.4142135623730951
2995, 34, 388, 146, 389, 148, -1, -2, -2.0344439357957027, 2.23606797749979
2995, 38, 380, 182, 380, 184, 0, -2, -1.5707963267948966, 2.0
2995, 43, 536, 213, 535, 212, 1, 1, 0.7853981633974483, 1.4142135623730951
2995, 45, 559, 262, 558, 260, 1, 2, 1.1071487177940904, 2.23606797749979
2995, 50, 452, 110, 451, 111, 1, -1, -0.7853981633974483, 1.4142135623730951
2996, 0, 352, 319, 352, 321, 0, -2, -1.5707963267948966, 2.0
2996, 5, 524, 163, 523, 162, 1, 1, 0.7853981633974483, 1.4142135623730951
2996, 11, 568, 187, 568, 185, 0, 2, 1.5707963267948966, 2.0
2996, 13, 282, 289, 283, 288, -1, 1, 2.356194490192345, 1.4142135623730951
2996, 21, 285, 354, 283, 354, 2, 0, 0.0, 2.0
2996, 22, 567, 191, 566, 192, 1, -1, -0.7853981633974483, 1.4142135623730951
2996, 25, 553, 248, 555, 249, -2, -1, -2.677945044588987, 2.23606797749979
2996, 26, 450, 151, 448, 152, 2, -1, -0.4636476090008061, 2.23606797749979
2996, 28, 547, 172, 546, 171, 1, 1, 0.7853981633974483, 1.4142135623730951
2996, 30, 387, 144, 388, 146, -1, -2, -2.0344439357957027, 2.23606797749979
2996, 34, 381, 180, 380, 182, 1, -2, -1.1071487177940904, 2.23606797749979
2996, 38, 485, 153, 484, 154, 1, -1, -0.7853981633974483, 1.4142135623730951
2996, 42, 613, 292, 614, 291, -1, 1, 2.356194490192345, 1.4142135623730951
2997, 0, 353, 318, 352, 319, 1, -1, -0.7853981633974483, 1.4142135623730951
2997, 6, 423, 327, 423, 329, 0, -2, -1.5707963267948966, 2.0
2997, 9, 569, 188, 568, 187, 1, 1, 0.7853981633974483, 1.4142135623730951
2997, 17, 444, 134, 443, 135, 1, -1, -0.7853981633974483, 1.4142135623730951
2997, 22, 552, 246, 553, 248, -1, -2, -2.0344439357957027, 2.23606797749979
2997, 23, 402, 257, 403, 259, -1, -2, -2.0344439357957027, 2.23606797749979
2997, 24, 548, 173, 547, 172, 1, 1, 0.7853981633974483, 1.4142135623730951
2997, 25, 386, 141, 387, 144, -1, -3, -1.892546881191539, 3.1622776601683795
2997, 26, 508, 133, 506, 133, 2, 0, 0.0, 2.0
2997, 29, 272, 341, 271, 342, 1, -1, -0.7853981633974483, 1.4142135623730951
2997, 33, 535, 214, 536, 213, -1, 1, 2.356194490192345, 1.4142135623730951
2997, 38, 454, 109, 453, 110, 1, -1, -0.7853981633974483, 1.4142135623730951
2998, 0, 353, 316, 353, 318, 0, -2, -1.5707963267948966, 2.0
2998, 3, 525, 165, 524, 164, 1, 1, 0.7853981633974483, 1.4142135623730951
2998, 6, 422, 325, 423, 327, -1, -2, -2.0344439357957027, 2.23606797749979
2998, 16, 446, 134, 444, 134, 2, 0, 0.0, 2.0
2998, 19, 599, 258, 600, 257, -1, 1, 2.356194490192345, 1.4142135623730951
2998, 21, 400, 256, 402, 257, -2, -1, -2.677945044588987, 2.23606797749979
2998, 23, 386, 139, 386, 141, 0, -2, -1.5707963267948966, 2.0
2998, 26, 380, 181, 381, 179, -1, 2, 2.0344439357957027, 2.23606797749979
2998, 29, 481, 115, 480, 116, 1, -1, -0.7853981633974483, 1.4142135623730951
2998, 30, 486, 151, 485, 152, 1, -1, -0.7853981633974483, 1.4142135623730951
2998, 36, 455, 108, 454, 109, 1, -1, -0.7853981633974483, 1.4142135623730951
2999, 6, 422, 323, 422, 325, 0, -2, -1.5707963267948966, 2.0
2999, 15, 445, 135, 446, 134, -1, 1, 2.356194490192345, 1.4142135623730951
2999, 16, 286, 356, 287, 354, -1, 2, 2.0344439357957027, 2.23606797749979
2999, 19, 545, 284, 546, 283, -1, 1, 2.356194490192345, 1.4142135623730951
2999, 21, 549, 175, 548, 174, 1, 1, 0.7853981633974483, 1.4142135623730951
2999, 24, 380, 179, 380, 181, 0, -2, -1.5707963267948966, 2.0
3000, 3, 635, 376, 636, 375, -1, 1, 2.356194490192345, 1.4142135623730951
3000, 14, 484, 121, 483, 122, 1, -1, -0.7853981633974483, 1.4142135623730951
3000, 27, 393, 278, 392, 280, 1, -2, -1.1071487177940904, 2.23606797749979
3000, 28, 377, 351, 376, 352, 1, -1, -0.7853981633974483, 1.4142135623730951
3000, 30, 544, 166, 542, 164, 2, 2, 0.7853981633974483, 2.8284271247461903
3000, 37, 417, 161, 417, 163, 0, -2, -1.5707963267948966, 2.0
3000, 38, 476, 134, 475, 135, 1, -1, -0.7853981633974483, 1.4142135623730951
3000, 44, 391, 143, 390, 144, 1, -1, -0.7853981633974483, 1.4142135623730951
3000, 45, 271, 362, 273, 361, -2, 1, 2.677945044588987, 2.23606797749979
3000, 53, 367, 265, 368, 267, -1, -2, -2.0344439357957027, 2.23606797749979
3001, 0, 354, 317, 354, 319, 0, -2, -1.5707963267948966, 2.0
3001, 5, 605, 327, 602, 326, 3, 1, 0.3217505543966422, 3.1622776601683795
3001, 7, 624, 310, 624, 308, 0, 2, 1.5707963267948966, 2.0
3001, 8, 603, 216, 602, 214, 1, 2, 1.1071487177940904, 2.23606797749979
3001, 13, 408, 346, 407, 350, 1, -4, -1.3258176636680326, 4.123105625617661
3001, 27, 542, 165, 544, 166, -2, -1, -2.677945044588987, 2.23606797749979
3001, 30, 605, 253, 605, 255, 0, -2, -1.5707963267948966, 2.0
3001, 34, 477, 133, 476, 134, 1, -1, -0.7853981633974483, 1.4142135623730951
3001, 35, 550, 175, 549, 174, 1, 1, 0.7853981633974483, 1.4142135623730951
3001, 36, 458, 109, 457, 110, 1, -1, -0.7853981633974483, 1.4142135623730951
3001, 37, 402, 309, 400, 313, 2, -4, -1.1071487177940904, 4.47213595499958
3001, 40, 392, 142, 391, 143, 1, -1, -0.7853981633974483, 1.4142135623730951
3001, 44, 568, 259, 569, 258, -1, 1, 2.356194490192345, 1.4142135623730951
3001, 47, 367, 263, 367, 265, 0, -2, -1.5707963267948966, 2.0
3002, 0, 355, 315, 354, 317, 1, -2, -1.1071487177940904, 2.23606797749979
3002, 1, 403, 137, 401, 138, 2, -1, -0.4636476090008061, 2.23606797749979
3002, 2, 425, 252, 425, 254, 0, -2, -1.5707963267948966, 2.0
3002, 9, 467, 315, 467, 318, 0, -3, -1.5707963267948966, 3.0
3002, 17, 422, 248, 420, 250, 2, -2, -0.7853981633974483, 2.8284271247461903
3002, 25, 543, 166, 542, 165, 1, 1, 0.7853981633974483, 1.4142135623730951
3002, 28, 605, 251, 605, 253, 0, -2, -1.5707963267948966, 2.0
3002, 30, 614, 243, 613, 241, 1, 2, 1.1071487177940904, 2.23606797749979
3002, 31, 418, 159, 418, 161, 0, -2, -1.5707963267948966, 2.0
3002, 33, 552, 176, 550, 175, 2, 1, 0.4636476090008061, 2.23606797749979
3002, 35, 401, 307, 402, 309, -1, -2, -2.0344439357957027, 2.23606797749979
3002, 37, 463, 282, 462, 283, 1, -1, -0.7853981633974483, 1.4142135623730951
3002, 44, 366, 261, 367, 263, -1, -2, -2.0344439357957027, 2.23606797749979
3003, 0, 355, 313, 355, 315, 0, -2, -1.5707963267948966, 2.0
3003, 9, 485, 118, 484, 119, 1, -1, -0.7853981633974483, 1.4142135623730951
3003, 17, 567, 310, 563, 310, 4, 0, 0.0, 4.0
3003, 22, 545, 167, 543, 166, 2, 1, 0.4636476090008061, 2.23606797749979
3003, 23, 350, 311, 350, 313, 0, -2, -1.5707963267948966, 2.0
3003, 24, 450, 147, 449, 148, 1, -1, -0.7853981633974483, 1.4142135623730951
3003, 25, 604, 248, 605, 251, -1, -3, -1.892546881191539, 3.1622776601683795
3003, 34, 272, 364, 270, 363, 2, 1, 0.4636476090008061, 2.23606797749979
3003, 40, 356, 342, 355, 344, 1, -2, -1.1071487177940904, 2.23606797749979
3004, 17, 570, 310, 567, 310, 3, 0, 0.0, 3.0
3004, 18, 394, 275, 393, 276, 1, -1, -0.7853981633974483, 1.4142135623730951
3004, 19, 378, 349, 377, 351, 1, -2, -1.1071487177940904, 2.23606797749979
3004, 20, 535, 218, 537, 218, -2, 0, 3.141592653589793, 2.0
3004, 21, 548, 169, 545, 167, 3, 2, 0.5880026035475675, 3.605551275463989
3004, 24, 603, 246, 604, 248, -1, -2, -2.0344439357957027, 2.23606797749979
3004, 25, 515, 135, 513, 135, 2, 0, 0.0, 2.0
3004, 26, 613, 245, 614, 244, -1, 1, 2.356194490192345, 1.4142135623730951
3004, 27, 418, 156, 418, 158, 0, -2, -1.5707963267948966, 2.0
3004, 28, 478, 130, 477, 131, 1, -1, -0.7853981633974483, 1.4142135623730951
3004, 30, 460, 108, 459, 109, 1, -1, -0.7853981633974483, 1.4142135623730951
3004, 33, 274, 363, 272, 364, 2, -1, -0.4636476090008061, 2.23606797749979
3004, 39, 357, 341, 356, 342, 1, -1, -0.7853981633974483, 1.4142135623730951
3005, 0, 357, 314, 357, 316, 0, -2, -1.5707963267948966, 2.0
3005, 3, 364, 269, 364, 271, 0, -2, -1.5707963267948966, 2.0
3005, 10, 626, 255, 626, 252, 0, 3, 1.5707963267948966, 3.0
3005, 13, 609, 270, 610, 269, -1, 1, 2.356194490192345, 1.4142135623730951
3005, 15, 330, 326, 328, 327, 2, -1, -0.4636476090008061, 2.23606797749979
3005, 17, 629, 371, 628, 370, 1, 1, 0.7853981633974483, 1.4142135623730951
3006, 11, 395, 170, 395, 172, 0, -2, -1.5707963267948966, 2.0
3006, 13, 376, 361, 375, 362, 1, -1, -0.7853981633974483, 1.4142135623730951
3006, 23, 452, 147, 452, 149, 0, -2, -1.5707963267948966, 2.0
3006, 25, 610, 248, 611, 247, -1, 1, 2.356194490192345, 1.4142135623730951
3007, 1, 404, 135, 403, 136, 1, -1, -0.7853981633974483, 1.4142135623730951
3007, 2, 364, 266, 364, 268, 0, -2, -1.5707963267948966, 2.0
3007, 3, 607, 329, 606, 328, 1, 1, 0.7853981633974483, 1.4142135623730951
3007, 23, 453, 146, 452, 147, 1, -1, -0.7853981633974483, 1.4142135623730951
3007, 26, 462, 109, 461, 110, 1, -1, -0.7853981633974483, 1.4142135623730951
3008, 0, 358, 311, 357, 312, 1, -1, -0.7853981633974483, 1.4142135623730951
3008, 1, 404, 133, 404, 135, 0, -2, -1.5707963267948966, 2.0
3008, 4, 461, 132, 460, 133, 1, -1, -0.7853981633974483, 1.4142135623730951
3008, 7, 392, 289, 391, 290, 1, -1, -0.7853981633974483, 1.4142135623730951
3008, 10, 394, 167, 394, 170, 0, -3, -1.5707963267948966, 3.0
3008, 12, 378, 360, 377, 361, 1, -1, -0.7853981633974483, 1.4142135623730951
3008, 19, 518, 168, 517, 167, 1, 1, 0.7853981633974483, 1.4142135623730951
3008, 25, 463, 108, 462, 109, 1, -1, -0.7853981633974483, 1.4142135623730951
3009, 0, 357, 309, 358, 311, -1, -2, -2.0344439357957027, 2.23606797749979
3009, 3, 528, 172, 527, 171, 1, 1, 0.7853981633974483, 1.4142135623730951
3009, 4, 462, 131, 461, 132, 1, -1, -0.7853981633974483, 1.4142135623730951
3009, 7, 393, 288, 392, 289, 1, -1, -0.7853981633974483, 1.4142135623730951
3009, 10, 393, 165, 394, 167, -1, -2, -2.0344439357957027, 2.23606797749979
3009, 12, 379, 359, 378, 360, 1, -1, -0.7853981633974483, 1.4142135623730951
3009, 19, 520, 169, 518, 168, 2, 1, 0.4636476090008061, 2.23606797749979
3009, 22, 454, 144, 453, 145, 1, -1, -0.7853981633974483, 1.4142135623730951
3010, 0, 358, 313, 358, 315, 0, -2, -1.5707963267948966, 2.0
3010, 1, 424, 252, 426, 253, -2, -1, -2.677945044588987, 2.23606797749979
3010, 2, 404, 134, 403, 136, 1, -2, -1.1071487177940904, 2.23606797749979
3010, 3, 416, 225, 417, 227, -1, -2, -2.0344439357957027, 2.23606797749979
3010, 4, 467, 314, 468, 316, -1, -2, -2.0344439357957027, 2.23606797749979
3010, 8, 364, 269, 364, 271, 0, -2, -1.5707963267948966, 2.0
3010, 19, 629, 370, 628, 371, 1, -1, -0.7853981633974483, 1.4142135623730951
3010, 22, 557, 187, 556, 185, 1, 2, 1.1071487177940904, 2.23606797749979
3010, 24, 618, 375, 614, 375, 4, 0, 0.0, 4.0
3010, 25, 289, 361, 288, 362, 1, -1, -0.7853981633974483, 1.4142135623730951
3010, 33, 453, 145, 452, 146, 1, -1, -0.7853981633974483, 1.4142135623730951
3010, 35, 462, 319, 462, 321, 0, -2, -1.5707963267948966, 2.0
3011, 0, 357, 311, 358, 313, -1, -2, -2.0344439357957027, 2.23606797749979
3011, 1, 423, 250, 424, 252, -1, -2, -2.0344439357957027, 2.23606797749979
3011, 2, 404, 132, 404, 134, 0, -2, -1.5707963267948966, 2.0
3011, 5, 530, 173, 529, 172, 1, 1, 0.7853981633974483, 1.4142135623730951
3011, 15, 630, 369, 629, 370, 1, -1, -0.7853981633974483, 1.4142135623730951
3011, 18, 558, 190, 557, 187, 1, 3, 1.2490457723982544, 3.1622776601683795
3011, 20, 622, 374, 618, 375, 4, -1, -0.24497866312686414, 4.123105625617661
3011, 23, 419, 258, 419, 260, 0, -2, -1.5707963267948966, 2.0
3011, 26, 464, 109, 463, 110, 1, -1, -0.7853981633974483, 1.4142135623730951
3012, 2, 405, 130, 404, 132, 1, -2, -1.1071487177940904, 2.23606797749979
3012, 13, 632, 369, 630, 369, 2, 0, 0.0, 2.0
3012, 14, 611, 282, 610, 283, 1, -1, -0.7853981633974483, 1.4142135623730951
3012, 16, 559, 193, 558, 190, 1, 3, 1.2490457723982544, 3.1622776601683795
3012, 18, 624, 373, 622, 374, 2, -1, -0.4636476090008061, 2.23606797749979
3012, 23, 454, 143, 453, 144, 1, -1, -0.7853981633974483, 1.4142135623730951
3013, 0, 357, 308, 357, 310, 0, -2, -1.5707963267948966, 2.0
3013, 1, 406, 129, 405, 130, 1, -1, -0.7853981633974483, 1.4142135623730951
3013, 11, 331, 322, 330, 323, 1, -1, -0.7853981633974483, 1.4142135623730951
3013, 12, 633, 370, 632, 369, 1, 1, 0.7853981633974483, 1.4142135623730951
3013, 13, 610, 280, 611, 282, -1, -2, -2.0344439357957027, 2.23606797749979
3013, 15, 560, 196, 559, 193, 1, 3, 1.2490457723982544, 3.1622776601683795
3013, 20, 466, 107, 464, 108, 2, -1, -0.4636476090008061, 2.23606797749979
3013, 21, 455, 142, 454, 143, 1, -1, -0.7853981633974483, 1.4142135623730951
3014, 4, 624, 252, 624, 254, 0, -2, -1.5707963267948966, 2.0
3014, 11, 635, 370, 633, 370, 2, 0, 0.0, 2.0
3014, 12, 610, 278, 610, 280, 0, -2, -1.5707963267948966, 2.0
3014, 15, 612, 254, 612, 252, 0, 2, 1.5707963267948966, 2.0
3015, 0, 359, 311, 359, 313, 0, -2, -1.5707963267948966, 2.0
3015, 1, 407, 131, 406, 133, 1, -2, -1.1071487177940904, 2.23606797749979
3015, 11, 453, 132, 453, 134, 0, -2, -1.5707963267948966, 2.0
3015, 12, 398, 140, 398, 142, 0, -2, -1.5707963267948966, 2.0
3015, 27, 614, 274, 614, 276, 0, -2, -1.5707963267948966, 2.0
3015, 32, 516, 143, 515, 142, 1, 1, 0.7853981633974483, 1.4142135623730951
3015, 33, 402, 306, 402, 308, 0, -2, -1.5707963267948966, 2.0
3015, 34, 346, 348, 345, 349, 1, -1, -0.7853981633974483, 1.4142135623730951
3015, 42, 464, 111, 463, 112, 1, -1, -0.7853981633974483, 1.4142135623730951
3016, 8, 453, 130, 453, 132, 0, -2, -1.5707963267948966, 2.0
3016, 12, 601, 344, 599, 344, 2, 0, 0.0, 2.0
3016, 13, 389, 226, 390, 228, -1, -2, -2.0344439357957027, 2.23606797749979
3016, 17, 556, 186, 555, 184, 1, 2, 1.1071487177940904, 2.23606797749979
3016, 26, 453, 148, 452, 149, 1, -1, -0.7853981633974483, 1.4142135623730951
3016, 28, 402, 304, 402, 306, 0, -2, -1.5707963267948966, 2.0
3016, 29, 347, 347, 346, 348, 1, -1, -0.7853981633974483, 1.4142135623730951
3016, 34, 548, 289, 549, 288, -1, 1, 2.356194490192345, 1.4142135623730951
3017, 0, 359, 308, 359, 310, 0, -2, -1.5707963267948966, 2.0
3017, 2, 460, 135, 459, 136, 1, -1, -0.7853981633974483, 1.4142135623730951
3017, 11, 603, 343, 601, 344, 2, -1, -0.4636476090008061, 2.23606797749979
3017, 13, 334, 321, 333, 322, 1, -1, -0.7853981633974483, 1.4142135623730951
3017, 15, 458, 142, 458, 144, 0, -2, -1.5707963267948966, 2.0
3017, 16, 556, 188, 556, 186, 0, 2, 1.5707963267948966, 2.0
3017, 17, 567, 324, 566, 322, 1, 2, 1.1071487177940904, 2.23606797749979
3017, 34, 279, 335, 280, 334, -1, 1, 2.356194490192345, 1.4142135623730951
3018, 0, 359, 306, 359, 308, 0, -2, -1.5707963267948966, 2.0
3018, 1, 408, 128, 407, 129, 1, -1, -0.7853981633974483, 1.4142135623730951
3018, 5, 626, 317, 625, 316, 1, 1, 0.7853981633974483, 1.4142135623730951
3018, 7, 534, 176, 533, 175, 1, 1, 0.7853981633974483, 1.4142135623730951
3018, 8, 450, 130, 452, 130, -2, 0, 3.141592653589793, 2.0
3018, 11, 605, 343, 603, 343, 2, 0, 0.0, 2.0
3018, 13, 335, 320, 334, 321, 1, -1, -0.7853981633974483, 1.4142135623730951
3018, 15, 459, 141, 458, 142, 1, -1, -0.7853981633974483, 1.4142135623730951
3018, 16, 556, 191, 556, 188, 0, 3, 1.5707963267948966, 3.0
3018, 17, 568, 326, 567, 324, 1, 2, 1.1071487177940904, 2.23606797749979
3018, 21, 615, 276, 615, 274, 0, 2, 1.5707963267948966, 2.0
3018, 35, 466, 109, 465, 110, 1, -1, -0.7853981633974483, 1.4142135623730951
3019, 1, 460, 134, 459, 135, 1, -1, -0.7853981633974483, 1.4142135623730951
3019, 2, 615, 333, 614, 332, 1, 1, 0.7853981633974483, 1.4142135623730951
3019, 5, 535, 177, 534, 176, 1, 1, 0.7853981633974483, 1.4142135623730951
3019, 7, 398, 135, 398, 137, 0, -2, -1.5707963267948966, 2.0
3019, 9, 606, 342, 605, 343, 1, -1, -0.7853981633974483, 1.4142135623730951
3019, 10, 336, 319, 335, 320, 1, -1, -0.7853981633974483, 1.4142135623730951
3019, 13, 556, 194, 556, 191, 0, 3, 1.5707963267948966, 3.0
3019, 14, 569, 327, 568, 326, 1, 1, 0.7853981633974483, 1.4142135623730951
3019, 18, 602, 218, 604, 218, -2, 0, 3.141592653589793, 2.0
3019, 24, 366, 364, 365, 365, 1, -1, -0.7853981633974483, 1.4142135623730951
3019, 27, 548, 293, 548, 291, 0, 2, 1.5707963267948966, 2.0
3019, 28, 281, 336, 279, 335, 2, 1, 0.4636476090008061, 2.23606797749979
3020, 8, 548, 296, 547, 294, 1, 2, 1.1071487177940904, 2.23606797749979
3020, 9, 358, 262, 359, 264, -1, -2, -2.0344439357957027, 2.23606797749979
3020, 11, 571, 328, 569, 327, 2, 1, 0.4636476090008061, 2.23606797749979
3020, 12, 635, 373, 638, 373, -3, 0, 3.141592653589793, 3.0
3020, 20, 396, 136, 397, 138, -1, -2, -2.0344439357957027, 2.23606797749979
3020, 22, 572, 195, 572, 197, 0, -2, -1.5707963267948966, 2.0
3020, 26, 401, 304, 402, 306, -1, -2, -2.0344439357957027, 2.23606797749979
3020, 29, 606, 222, 605, 221, 1, 1, 0.7853981633974483, 1.4142135623730951
3020, 32, 499, 132, 498, 133, 1, -1, -0.7853981633974483, 1.4142135623730951
3020, 44, 496, 116, 494, 116, 2, 0, 0.0, 2.0
3021, 1, 408, 130, 407, 131, 1, -1, -0.7853981633974483, 1.4142135623730951
3021, 7, 549, 298, 548, 296, 1, 2, 1.1071487177940904, 2.23606797749979
3021, 8, 357, 260, 358, 262, -1, -2, -2.0344439357957027, 2.23606797749979
3021, 20, 384, 316, 384, 318, 0, -2, -1.5707963267948966, 2.0
3021, 24, 390, 282, 391, 284, -1, -2, -2.0344439357957027, 2.23606797749979
3021, 28, 500, 131, 499, 132, 1, -1, -0.7853981633974483, 1.4142135623730951
3021, 30, 472, 108, 471, 109, 1, -1, -0.7853981633974483, 1.4142135623730951
3021, 33, 596, 281, 596, 283, 0, -2, -1.5707963267948966, 2.0
3021, 38, 497, 115, 496, 116, 1, -1, -0.7853981633974483, 1.4142135623730951
3022, 4, 613, 334, 612, 333, 1, 1, 0.7853981633974483, 1.4142135623730951
3022, 6, 550, 300, 549, 298, 1, 2, 1.1071487177940904, 2.23606797749979
3022, 15, 396, 133, 396, 135, 0, -2, -1.5707963267948966, 2.0
3022, 20, 461, 144, 460, 145, 1, -1, -0.7853981633974483, 1.4142135623730951
3022, 24, 502, 131, 500, 131, 2, 0, 0.0, 2.0
3022, 27, 454, 130, 456, 131, -2, -1, -2.677945044588987, 2.23606797749979
3022, 34, 498, 114, 497, 115, 1, -1, -0.7853981633974483, 1.4142135623730951
3023, 8, 634, 370, 635, 372, -1, -2, -2.0344439357957027, 2.23606797749979
3023, 14, 396, 131, 396, 133, 0, -2, -1.5707963267948966, 2.0
3023, 23, 282, 339, 281, 340, 1, -1, -0.7853981633974483, 1.4142135623730951
3023, 24, 473, 107, 472, 108, 1, -1, -0.7853981633974483, 1.4142135623730951
3023, 25, 455, 129, 454, 130, 1, -1, -0.7853981633974483, 1.4142135623730951
3023, 27, 597, 282, 596, 281, 1, 1, 0.7853981633974483, 1.4142135623730951
3023, 30, 630, 352, 629, 353, 1, -1, -0.7853981633974483, 1.4142135623730951
3023, 32, 499, 113, 498, 114, 1, -1, -0.7853981633974483, 1.4142135623730951
3024, 0, 409, 127, 408, 128, 1, -1, -0.7853981633974483, 1.4142135623730951
3024, 3, 614, 335, 613, 334, 1, 1, 0.7853981633974483, 1.4142135623730951
3024, 11, 576, 204, 575, 203, 1, 1, 0.7853981633974483, 1.4142135623730951
3024, 12, 397, 129, 396, 131, 1, -2, -1.1071487177940904, 2.23606797749979
3024, 13, 575, 196, 574, 195, 1, 1, 0.7853981633974483, 1.4142135623730951
3024, 19, 498, 148, 497, 149, 1, -1, -0.7853981633974483, 1.4142135623730951
3024, 20, 503, 129, 502, 130, 1, -1, -0.7853981633974483, 1.4142135623730951
3024, 25, 598, 284, 597, 282, 1, 2, 1.1071487177940904, 2.23606797749979
3024, 26, 563, 294, 564, 293, -1, 1, 2.356194490192345, 1.4142135623730951
3024, 30, 500, 112, 499, 113, 1, -1, -0.7853981633974483, 1.4142135623730951
3025, 1, 362, 307, 361, 308, 1, -1, -0.7853981633974483, 1.4142135623730951
3025, 9, 601, 293, 602, 292, -1, 1, 2.356194490192345, 1.4142135623730951
3025, 10, 502, 117, 501, 118, 1, -1, -0.7853981633974483, 1.4142135623730951
3025, 18, 294, 358, 293, 359, 1, -1, -0.7853981633974483, 1.4142135623730951
3025, 19, 574, 208, 575, 210, -1, -2, -2.0344439357957027, 2.23606797749979
3025, 23, 277, 318, 278, 317, -1, 1, 2.356194490192345, 1.4142135623730951
3025, 24, 545, 229, 544, 228, 1, 1, 0.7853981633974483, 1.4142135623730951
3026, 0, 411, 128, 410, 129, 1, -1, -0.7853981633974483, 1.4142135623730951
3026, 1, 362, 305, 362, 307, 0, -2, -1.5707963267948966, 2.0
3026, 9, 504, 116, 502, 117, 2, -1, -0.4636476090008061, 2.23606797749979
3026, 16, 297, 358, 294, 358, 3, 0, 0.0, 3.0
3026, 17, 463, 130, 460, 131, 3, -1, -0.3217505543966422, 3.1622776601683795
3026, 22, 462, 144, 461, 145, 1, -1, -0.7853981633974483, 1.4142135623730951
3027, 0, 412, 126, 411, 128, 1, -2, -1.1071487177940904, 2.23606797749979
3027, 9, 505, 115, 504, 116, 1, -1, -0.7853981633974483, 1.4142135623730951
3027, 15, 298, 357, 297, 358, 1, -1, -0.7853981633974483, 1.4142135623730951
3027, 16, 465, 130, 463, 130, 2, 0, 0.0, 2.0
3028, 6, 539, 184, 538, 183, 1, 1, 0.7853981633974483, 1.4142135623730951
3028, 7, 600, 295, 601, 294, -1, 1, 2.356194490192345, 1.4142135623730951
3028, 8, 506, 114, 505, 115, 1, -1, -0.7853981633974483, 1.4142135623730951
3028, 13, 300, 357, 298, 357, 2, 0, 0.0, 2.0
3028, 19, 463, 143, 462, 144, 1, -1, -0.7853981633974483, 1.4142135623730951
3029, 0, 413, 124, 412, 125, 1, -1, -0.7853981633974483, 1.4142135623730951
3029, 9, 572, 321, 570, 321, 2, 0, 0.0, 2.0
3029, 12, 602, 288, 605, 287, -3, 1, 2.819842099193151, 3.1622776601683795
3029, 13, 300, 359, 300, 357, 0, 2, 1.5707963267948966, 2.0
3030, 7, 540, 184, 539, 183, 1, 1, 0.7853981633974483, 1.4142135623730951
3030, 10, 574, 321, 572, 321, 2, 0, 0.0, 2.0
3030, 19, 611, 279, 612, 281, -1, -2, -2.0344439357957027, 2.23606797749979
3030, 20, 425, 209, 426, 212, -1, -3, -1.892546881191539, 3.1622776601683795
3030, 24, 554, 291, 552, 290, 2, 1, 0.4636476090008061, 2.23606797749979
3030, 26, 510, 111, 508, 112, 2, -1, -0.4636476090008061, 2.23606797749979
3030, 27, 635, 363, 634, 367, 1, -4, -1.3258176636680326, 4.123105625617661
3030, 29, 285, 366, 286, 365, -1, 1, 2.356194490192345, 1.4142135623730951
3030, 31, 404, 302, 404, 304, 0, -2, -1.5707963267948966, 2.0
3030, 36, 387, 312, 387, 314, 0, -2, -1.5707963267948966, 2.0
3030, 43, 407, 220, 408, 222, -1, -2, -2.0344439357957027, 2.23606797749979
3031, 0, 413, 126, 412, 127, 1, -1, -0.7853981633974483, 1.4142135623730951
3031, 1, 362, 302, 362, 304, 0, -2, -1.5707963267948966, 2.0
3031, 4, 363, 256, 363, 258, 0, -2, -1.5707963267948966, 2.0
3031, 7, 572, 274, 573, 273, -1, 1, 2.356194490192345, 1.4142135623730951
3031, 8, 576, 321, 574, 321, 2, 0, 0.0, 2.0
3031, 17, 424, 206, 425, 209, -1, -3, -1.892546881191539, 3.1622776601683795
3031, 20, 555, 292, 554, 291, 1, 1, 0.7853981633974483, 1.4142135623730951
3031, 23, 635, 361, 635, 363, 0, -2, -1.5707963267948966, 2.0
3031, 34, 463, 185, 465, 185, -2, 0, 3.141592653589793, 2.0
3031, 36, 371, 364, 370, 365, 1, -1, -0.7853981633974483, 1.4142135623730951
3031, 41, 429, 148, 428, 149, 1, -1, -0.7853981633974483, 1.4142135623730951
3032, 7, 579, 321, 576, 321, 3, 0, 0.0, 3.0
3032, 12, 465, 142, 464, 143, 1, -1, -0.7853981633974483, 1.4142135623730951
3032, 14, 608, 279, 610, 279, -2, 0, 3.141592653589793, 2.0
3032, 15, 424, 203, 424, 206, 0, -3, -1.5707963267948966, 3.0
3032, 16, 527, 186, 526, 185, 1, 1, 0.7853981633974483, 1.4142135623730951
3032, 17, 565, 274, 566, 273, -1, 1, 2.356194490192345, 1.4142135623730951
3032, 21, 635, 359, 635, 361, 0, -2, -1.5707963267948966, 2.0
3032, 23, 284, 367, 285, 366, -1, 1, 2.356194490192345, 1.4142135623730951
3032, 25, 479, 108, 478, 109, 1, -1, -0.7853981633974483, 1.4142135623730951
3032, 27, 289, 338, 288, 339, 1, -1, -0.7853981633974483, 1.4142135623730951
3032, 30, 612, 295, 614, 295, -2, 0, 3.141592653589793, 2.0
3032, 35, 405, 218, 406, 220, -1, -2, -2.0344439357957027, 2.23606797749979
3032, 38, 428, 146, 429, 148, -1, -2, -2.0344439357957027, 2.23606797749979
3033, 0, 633, 324, 632, 323, 1, 1, 0.7853981633974483, 1.4142135623730951
3033, 1, 363, 253, 363, 255, 0, -2, -1.5707963267948966, 2.0
3033, 3, 541, 187, 540, 186, 1, 1, 0.7853981633974483, 1.4142135623730951
3033, 5, 582, 321, 579, 321, 3, 0, 0.0, 3.0
3033, 12, 609, 280, 608, 279, 1, 1, 0.7853981633974483, 1.4142135623730951
3033, 13, 424, 200, 424, 203, 0, -3, -1.5707963267948966, 3.0
3033, 20, 544, 233, 545, 232, -1, 1, 2.356194490192345, 1.4142135623730951
3033, 21, 287, 367, 284, 367, 3, 0, 0.0, 3.0
3033, 25, 290, 337, 289, 338, 1, -1, -0.7853981633974483, 1.4142135623730951
3033, 32, 444, 160, 443, 161, 1, -1, -0.7853981633974483, 1.4142135623730951
3034, 3, 570, 275, 571, 274, -1, 1, 2.356194490192345, 1.4142135623730951
3034, 4, 584, 322, 582, 321, 2, 1, 0.4636476090008061, 2.23606797749979
3034, 5, 405, 130, 404, 131, 1, -1, -0.7853981633974483, 1.4142135623730951
3034, 11, 608, 281, 609, 280, -1, 1, 2.356194490192345, 1.4142135623730951
3034, 12, 423, 197, 424, 200, -1, -3, -1.892546881191539, 3.1622776601683795
3034, 14, 562, 274, 564, 274, -2, 0, 3.141592653589793, 2.0
3034, 19, 542, 233, 544, 233, -2, 0, 3.141592653589793, 2.0
3034, 20, 289, 367, 287, 367, 2, 0, 0.0, 2.0
3034, 29, 432, 202, 431, 203, 1, -1, -0.7853981633974483, 1.4142135623730951
3035, 0, 417, 216, 418, 218, -1, -2, -2.0344439357957027, 2.23606797749979
3035, 4, 635, 325, 634, 324, 1, 1, 0.7853981633974483, 1.4142135623730951
3035, 6, 545, 187, 542, 187, 3, 0, 0.0, 3.0
3035, 9, 424, 322, 426, 324, -2, -2, -2.356194490192345, 2.8284271247461903
3035, 13, 337, 323, 336, 324, 1, -1, -0.7853981633974483, 1.4142135623730951
3035, 14, 610, 319, 607, 319, 3, 0, 0.0, 3.0
3035, 16, 601, 305, 602, 304, -1, 1, 2.356194490192345, 1.4142135623730951
3035, 20, 483, 136, 482, 135, 1, 1, 0.7853981633974483, 1.4142135623730951
3036, 3, 415, 124, 415, 126, 0, -2, -1.5707963267948966, 2.0
3036, 6, 546, 188, 545, 187, 1, 1, 0.7853981633974483, 1.4142135623730951
3036, 8, 362, 254, 363, 256, -1, -2, -2.0344439357957027, 2.23606797749979
3036, 12, 513, 117, 511, 117, 2, 0, 0.0, 2.0
3036, 21, 466, 144, 465, 145, 1, -1, -0.7853981633974483, 1.4142135623730951
3037, 18, 544, 233, 543, 232, 1, 1, 0.7853981633974483, 1.4142135623730951
3037, 21, 612, 273, 613, 272, -1, 1, 2.356194490192345, 1.4142135623730951
3038, 0, 416, 121, 415, 123, 1, -2, -1.1071487177940904, 2.23606797749979
3038, 3, 547, 190, 546, 189, 1, 1, 0.7853981633974483, 1.4142135623730951
3038, 5, 395, 281, 394, 282, 1, -1, -0.7853981633974483, 1.4142135623730951
3039, 5, 396, 280, 395, 281, 1, -1, -0.7853981633974483, 1.4142135623730951
3039, 7, 517, 117, 515, 117, 2, 0, 0.0, 2.0
3039, 12, 486, 136, 485, 137, 1, -1, -0.7853981633974483, 1.4142135623730951
3040, 1, 425, 241, 425, 243, 0, -2, -1.5707963267948966, 2.0
3040, 2, 418, 123, 417, 125, 1, -2, -1.1071487177940904, 2.23606797749979
3040, 9, 387, 350, 386, 352, 1, -2, -1.1071487177940904, 2.23606797749979
3040, 16, 416, 131, 415, 133, 1, -2, -1.1071487177940904, 2.23606797749979
3040, 18, 419, 250, 419, 252, 0, -2, -1.5707963267948966, 2.0
3040, 20, 535, 199, 534, 198, 1, 1, 0.7853981633974483, 1.4142135623730951
3040, 30, 360, 307, 359, 308, 1, -1, -0.7853981633974483, 1.4142135623730951
3041, 0, 362, 298, 363, 300, -1, -2, -2.0344439357957027, 2.23606797749979
3041, 2, 416, 213, 417, 215, -1, -2, -2.0344439357957027, 2.23606797749979
3041, 14, 417, 130, 416, 131, 1, -1, -0.7853981633974483, 1.4142135623730951
3041, 19, 466, 277, 469, 276, -3, 1, 2.819842099193151, 3.1622776601683795
3041, 26, 359, 305, 360, 307, -1, -2, -2.0344439357957027, 2.23606797749979
3042, 1, 420, 122, 419, 123, 1, -1, -0.7853981633974483, 1.4142135623730951
3042, 2, 415, 211, 416, 213, -1, -2, -2.0344439357957027, 2.23606797749979
3042, 6, 511, 157, 510, 155, 1, 2, 1.1071487177940904, 2.23606797749979
3042, 13, 417, 128, 417, 130, 0, -2, -1.5707963267948966, 2.0
3043, 0, 421, 121, 420, 122, 1, -1, -0.7853981633974483, 1.4142135623730951
3043, 4, 470, 140, 469, 142, 1, -2, -1.1071487177940904, 2.23606797749979
3043, 5, 548, 305, 548, 302, 0, 3, 1.5707963267948966, 3.0
3043, 8, 535, 188, 534, 187, 1, 1, 0.7853981633974483, 1.4142135623730951
3043, 9, 418, 127, 417, 128, 1, -1, -0.7853981633974483, 1.4142135623730951
3043, 17, 575, 334, 574, 332, 1, 2, 1.1071487177940904, 2.23606797749979
3044, 4, 472, 139, 470, 140, 2, -1, -0.4636476090008061, 2.23606797749979
3044, 5, 549, 308, 548, 305, 1, 3, 1.2490457723982544, 3.1622776601683795
3044, 8, 536, 189, 535, 188, 1, 1, 0.7853981633974483, 1.4142135623730951
3044, 9, 418, 125, 418, 127, 0, -2, -1.5707963267948966, 2.0
3044, 14, 597, 315, 596, 314, 1, 1, 0.7853981633974483, 1.4142135623730951
3044, 17, 576, 335, 575, 334, 1, 1, 0.7853981633974483, 1.4142135623730951
3045, 0, 417, 211, 417, 213, 0, -2, -1.5707963267948966, 2.0
3045, 6, 361, 251, 362, 253, -1, -2, -2.0344439357957027, 2.23606797749979
3045, 7, 482, 138, 481, 139, 1, -1, -0.7853981633974483, 1.4142135623730951
3045, 11, 577, 336, 576, 335, 1, 1, 0.7853981633974483, 1.4142135623730951
3045, 14, 349, 318, 349, 320, 0, -2, -1.5707963267948966, 2.0
3045, 15, 551, 309, 551, 306, 0, 3, 1.5707963267948966, 3.0
3045, 19, 437, 202, 438, 204, -1, -2, -2.0344439357957027, 2.23606797749979
3045, 21, 473, 143, 472, 144, 1, -1, -0.7853981633974483, 1.4142135623730951
3045, 25, 519, 116, 518, 117, 1, -1, -0.7853981633974483, 1.4142135623730951
3045, 29, 564, 281, 565, 280, -1, 1, 2.356194490192345, 1.4142135623730951
3045, 34, 415, 131, 414, 132, 1, -1, -0.7853981633974483, 1.4142135623730951
3045, 39, 434, 140, 433, 141, 1, -1, -0.7853981633974483, 1.4142135623730951
3046, 0, 416, 209, 417, 211, -1, -2, -2.0344439357957027, 2.23606797749979
3046, 8, 578, 337, 577, 336, 1, 1, 0.7853981633974483, 1.4142135623730951
3046, 12, 552, 313, 551, 309, 1, 4, 1.3258176636680326, 4.123105625617661
3046, 16, 474, 142, 473, 143, 1, -1, -0.7853981633974483, 1.4142135623730951
3046, 17, 538, 193, 537, 192, 1, 1, 0.7853981633974483, 1.4142135623730951
3046, 18, 414, 340, 414, 342, 0, -2, -1.5707963267948966, 2.0
3046, 26, 508, 134, 507, 133, 1, 1, 0.7853981633974483, 1.4142135623730951
3046, 30, 385, 337, 385, 339, 0, -2, -1.5707963267948966, 2.0
3047, 0, 420, 119, 420, 121, 0, -2, -1.5707963267948966, 2.0
3047, 10, 554, 315, 552, 313, 2, 2, 0.7853981633974483, 2.8284271247461903
3047, 27, 416, 129, 415, 130, 1, -1, -0.7853981633974483, 1.4142135623730951
3047, 28, 385, 334, 385, 337, 0, -3, -1.5707963267948966, 3.0
3048, 9, 555, 317, 554, 315, 1, 2, 1.1071487177940904, 2.23606797749979
3048, 22, 510, 135, 509, 134, 1, 1, 0.7853981633974483, 1.4142135623730951
3048, 23, 615, 288, 615, 286, 0, 2, 1.5707963267948966, 2.0
3048, 24, 600, 318, 599, 317, 1, 1, 0.7853981633974483, 1.4142135623730951
3048, 26, 385, 332, 385, 334, 0, -2, -1.5707963267948966, 2.0
3048, 29, 293, 362, 292, 363, 1, -1, -0.7853981633974483, 1.4142135623730951
3049, 10, 548, 197, 547, 196, 1, 1, 0.7853981633974483, 1.4142135623730951
3049, 11, 513, 159, 514, 158, -1, 1, 2.356194490192345, 1.4142135623730951
3049, 21, 512, 135, 510, 135, 2, 0, 0.0, 2.0
3049, 22, 617, 291, 615, 288, 2, 3, 0.982793723247329, 3.605551275463989
3049, 25, 385, 329, 385, 332, 0, -3, -1.5707963267948966, 3.0
3049, 27, 297, 359, 293, 362, 4, -3, -0.6435011087932844, 5.0
3050, 9, 474, 139, 473, 140, 1, -1, -0.7853981633974483, 1.4142135623730951
3050, 22, 417, 125, 417, 127, 0, -2, -1.5707963267948966, 2.0
3050, 30, 294, 345, 292, 345, 2, 0, 0.0, 2.0
3050, 41, 396, 249, 397, 252, -1, -3, -1.892546881191539, 3.1622776601683795
3051, 7, 475, 138, 474, 139, 1, -1, -0.7853981633974483, 1.4142135623730951
3051, 14, 399, 159, 399, 161, 0, -2, -1.5707963267948966, 2.0
3051, 17, 410, 123, 410, 125, 0, -2, -1.5707963267948966, 2.0
3052, 1, 422, 117, 422, 119, 0, -2, -1.5707963267948966, 2.0
3052, 14, 399, 157, 399, 159, 0, -2, -1.5707963267948966, 2.0
3052, 17, 411, 121, 410, 123, 1, -2, -1.1071487177940904, 2.23606797749979
3052, 20, 417, 122, 417, 124, 0, -2, -1.5707963267948966, 2.0
3052, 26, 296, 344, 294, 345, 2, -1, -0.4636476090008061, 2.23606797749979
3052, 31, 499, 110, 497, 110, 2, 0, 0.0, 2.0
3052, 39, 542, 168, 540, 167, 2, 1, 0.4636476090008061, 2.23606797749979
3053, 5, 349, 312, 349, 314, 0, -2, -1.5707963267948966, 2.0
3053, 6, 476, 136, 475, 137, 1, -1, -0.7853981633974483, 1.4142135623730951
3053, 14, 569, 281, 570, 280, -1, 1, 2.356194490192345, 1.4142135623730951
3053, 15, 410, 119, 411, 121, -1, -2, -2.0344439357957027, 2.23606797749979
3053, 16, 551, 197, 550, 196, 1, 1, 0.7853981633974483, 1.4142135623730951
3053, 26, 380, 355, 379, 356, 1, -1, -0.7853981633974483, 1.4142135623730951
3053, 34, 541, 169, 542, 168, -1, 1, 2.356194490192345, 1.4142135623730951
3054, 0, 423, 115, 422, 116, 1, -1, -0.7853981633974483, 1.4142135623730951
3054, 6, 477, 135, 476, 136, 1, -1, -0.7853981633974483, 1.4142135623730951
3054, 9, 481, 130, 479, 131, 2, -1, -0.4636476090008061, 2.23606797749979
3054, 12, 519, 116, 518, 115, 1, 1, 0.7853981633974483, 1.4142135623730951
3054, 17, 418, 119, 417, 121, 1, -2, -1.1071487177940904, 2.23606797749979
3054, 21, 298, 342, 296, 343, 2, -1, -0.4636476090008061, 2.23606797749979
3054, 23, 380, 353, 380, 355, 0, -2, -1.5707963267948966, 2.0
3054, 24, 501, 111, 500, 110, 1, 1, 0.7853981633974483, 1.4142135623730951
3054, 26, 617, 277, 616, 276, 1, 1, 0.7853981633974483, 1.4142135623730951
3054, 31, 542, 171, 541, 169, 1, 2, 1.1071487177940904, 2.23606797749979
3055, 1, 425, 118, 424, 120, 1, -2, -1.1071487177940904, 2.23606797749979
3055, 2, 417, 208, 416, 210, 1, -2, -1.1071487177940904, 2.23606797749979
3055, 7, 579, 205, 577, 204, 2, 1, 0.4636476090008061, 2.23606797749979
3055, 11, 577, 332, 579, 332, -2, 0, 3.141592653589793, 2.0
3055, 15, 480, 136, 477, 136, 3, 0, 0.0, 3.0
3055, 17, 478, 142, 477, 143, 1, -1, -0.7853981633974483, 1.4142135623730951
3055, 18, 436, 222, 436, 224, 0, -2, -1.5707963267948966, 2.0
3055, 25, 311, 360, 308, 360, 3, 0, 0.0, 3.0
3055, 30, 517, 164, 516, 163, 1, 1, 0.7853981633974483, 1.4142135623730951
3055, 31, 597, 293, 596, 292, 1, 1, 0.7853981633974483, 1.4142135623730951
3055, 32, 594, 305, 595, 307, -1, -2, -2.0344439357957027, 2.23606797749979
3055, 37, 368, 311, 367, 314, 1, -3, -1.2490457723982544, 3.1622776601683795
3055, 42, 556, 215, 557, 213, -1, 2, 2.0344439357957027, 2.23606797749979
3055, 44, 559, 286, 558, 285, 1, 1, 0.7853981633974483, 1.4142135623730951
3056, 1, 426, 117, 425, 118, 1, -1, -0.7853981633974483, 1.4142135623730951
3056, 6, 581, 206, 579, 205, 2, 1, 0.4636476090008061, 2.23606797749979
3056, 8, 286, 303, 288, 303, -2, 0, 3.141592653589793, 2.0
3056, 14, 482, 135, 480, 136, 2, -1, -0.4636476090008061, 2.23606797749979
3056, 15, 420, 123, 419, 125, 1, -2, -1.1071487177940904, 2.23606797749979
3056, 16, 479, 141, 478, 142, 1, -1, -0.7853981633974483, 1.4142135623730951
3056, 18, 486, 134, 485, 135, 1, -1, -0.7853981633974483, 1.4142135623730951
3056, 20, 381, 360, 380, 361, 1, -1, -0.7853981633974483, 1.4142135623730951
3056, 23, 313, 360, 311, 360, 2, 0, 0.0, 2.0
3056, 24, 570, 284, 571, 283, -1, 1, 2.356194490192345, 1.4142135623730951
3056, 29, 598, 296, 597, 293, 1, 3, 1.2490457723982544, 3.1622776601683795
3056, 30, 593, 303, 594, 305, -1, -2, -2.0344439357957027, 2.23606797749979
3056, 34, 369, 308, 368, 311, 1, -3, -1.2490457723982544, 3.1622776601683795
3057, 0, 363, 290, 364, 292, -1, -2, -2.0344439357957027, 2.23606797749979
3057, 8, 285, 304, 286, 303, -1, 1, 2.356194490192345, 1.4142135623730951
3057, 13, 485, 136, 482, 135, 3, 1, 0.3217505543966422, 3.1622776601683795
3057, 14, 420, 121, 420, 123, 0, -2, -1.5707963267948966, 2.0
3057, 17, 487, 135, 486, 134, 1, 1, 0.7853981633974483, 1.4142135623730951
3057, 22, 316, 360, 313, 360, 3, 0, 0.0, 3.0
3057, 27, 518, 166, 517, 165, 1, 1, 0.7853981633974483, 1.4142135623730951
3057, 28, 598, 299, 598, 296, 0, 3, 1.5707963267948966, 3.0
3057, 29, 592, 301, 593, 303, -1, -2, -2.0344439357957027, 2.23606797749979
3057, 33, 370, 305, 369, 308, 1, -3, -1.2490457723982544, 3.1622776601683795
3057, 37, 556, 218, 556, 216, 0, 2, 1.5707963267948966, 2.0
3058, 1, 427, 114, 426, 116, 1, -2, -1.1071487177940904, 2.23606797749979
3058, 10, 579, 332, 577, 332, 2, 0, 0.0, 2.0
3058, 12, 488, 137, 485, 136, 3, 1, 0.3217505543966422, 3.1622776601683795
3058, 16, 489, 136, 487, 135, 2, 1, 0.4636476090008061, 2.23606797749979
3058, 21, 317, 361, 316, 360, 1, 1, 0.7853981633974483, 1.4142135623730951
3058, 26, 518, 168, 518, 166, 0, 2, 1.5707963267948966, 2.0
3058, 28, 592, 299, 592, 301, 0, -2, -1.5707963267948966, 2.0
3058, 32, 372, 303, 370, 305, 2, -2, -0.7853981633974483, 2.8284271247461903
3058, 36, 555, 219, 556, 218, -1, 1, 2.356194490192345, 1.4142135623730951
3059, 6, 580, 210, 581, 208, -1, 2, 2.0344439357957027, 2.23606797749979
3059, 10, 581, 331, 579, 332, 2, -1, -0.4636476090008061, 2.23606797749979
3059, 16, 490, 137, 489, 136, 1, 1, 0.7853981633974483, 1.4142135623730951
3059, 21, 317, 363, 317, 361, 0, 2, 1.5707963267948966, 2.0
3059, 22, 567, 285, 568, 284, -1, 1, 2.356194490192345, 1.4142135623730951
3059, 27, 596, 300, 597, 299, -1, 1, 2.356194490192345, 1.4142135623730951
3059, 28, 590, 297, 592, 299, -2, -2, -2.356194490192345, 2.8284271247461903
3059, 33, 279, 326, 278, 325, 1, 1, 0.7853981633974483, 1.4142135623730951
3059, 35, 495, 143, 493, 143, 2, 0, 0.0, 2.0
3059, 39, 326, 332, 325, 331, 1, 1, 0.7853981633974483, 1.4142135623730951
3060, 7, 530, 125, 528, 124, 2, 1, 0.4636476090008061, 2.23606797749979
3060, 11, 584, 332, 582, 333, 2, -1, -0.4636476090008061, 2.23606797749979
3060, 13, 481, 142, 480, 143, 1, -1, -0.7853981633974483, 1.4142135623730951
3060, 15, 440, 198, 439, 199, 1, -1, -0.7853981633974483, 1.4142135623730951
3060, 17, 405, 154, 404, 156, 1, -2, -1.1071487177940904, 2.23606797749979
3060, 18, 429, 201, 429, 204, 0, -3, -1.5707963267948966, 3.0
3060, 24, 558, 309, 557, 308, 1, 1, 0.7853981633974483, 1.4142135623730951
3060, 27, 599, 307, 600, 306, -1, 1, 2.356194490192345, 1.4142135623730951
3061, 1, 428, 114, 427, 116, 1, -2, -1.1071487177940904, 2.23606797749979
3061, 2, 361, 243, 361, 245, 0, -2, -1.5707963267948966, 2.0
3061, 3, 632, 340, 628, 341, 4, -1, -0.24497866312686414, 4.123105625617661
3061, 10, 588, 331, 584, 332, 4, -1, -0.24497866312686414, 4.123105625617661
3061, 11, 420, 341, 418, 344, 2, -3, -0.982793723247329, 3.605551275463989
3061, 15, 622, 282, 621, 281, 1, 1, 0.7853981633974483, 1.4142135623730951
3061, 17, 429, 198, 429, 201, 0, -3, -1.5707963267948966, 3.0
3061, 18, 417, 122, 418, 124, -1, -2, -2.0344439357957027, 2.23606797749979
3061, 22, 559, 310, 558, 309, 1, 1, 0.7853981633974483, 1.4142135623730951
3061, 26, 570, 218, 571, 217, -1, 1, 2.356194490192345, 1.4142135623730951
3061, 27, 404, 289, 404, 294, 0, -5, -1.5707963267948966, 5.0
3062, 2, 567, 313, 568, 312, -1, 1, 2.356194490192345, 1.4142135623730951
3062, 3, 610, 305, 612, 306, -2, -1, -2.677945044588987, 2.23606797749979
3062, 4, 532, 126, 531, 125, 1, 1, 0.7853981633974483, 1.4142135623730951
3062, 7, 590, 331, 588, 331, 2, 0, 0.0, 2.0
3062, 10, 520, 170, 520, 168, 0, 2, 1.5707963267948966, 2.0
3062, 14, 429, 196, 429, 198, 0, -2, -1.5707963267948966, 2.0
3062, 15, 417, 120, 417, 122, 0, -2, -1.5707963267948966, 2.0
3062, 22, 579, 209, 580, 211, -1, -2, -2.0344439357957027, 2.23606797749979
3062, 24, 352, 309, 352, 311, 0, -2, -1.5707963267948966, 2.0
3063, 3, 534, 126, 532, 126, 2, 0, 0.0, 2.0
3063, 6, 593, 331, 590, 331, 3, 0, 0.0, 3.0
3063, 12, 406, 152, 406, 154, 0, -2, -1.5707963267948966, 2.0
3063, 14, 417, 118, 417, 120, 0, -2, -1.5707963267948966, 2.0
3064, 0, 428, 110, 428, 112, 0, -2, -1.5707963267948966, 2.0
3064, 6, 594, 332, 593, 331, 1, 1, 0.7853981633974483, 1.4142135623730951
3064, 13, 429, 193, 429, 195, 0, -2, -1.5707963267948966, 2.0
3065, 2, 366, 290, 366, 292, 0, -2, -1.5707963267948966, 2.0
3065, 8, 571, 317, 572, 316, -1, 1, 2.356194490192345, 1.4142135623730951
3065, 13, 355, 312, 354, 316, 1, -4, -1.3258176636680326, 4.123105625617661
3065, 23, 403, 289, 404, 291, -1, -2, -2.0344439357957027, 2.23606797749979
3065, 26, 388, 327, 388, 329, 0, -2, -1.5707963267948966, 2.0
3065, 34, 281, 301, 280, 299, 1, 2, 1.1071487177940904, 2.23606797749979
3065, 37, 398, 238, 398, 241, 0, -3, -1.5707963267948966, 3.0
3065, 38, 375, 232, 375, 234, 0, -2, -1.5707963267948966, 2.0
3065, 40, 556, 285, 557, 284, -1, 1, 2.356194490192345, 1.4142135623730951
3065, 41, 381, 359, 380, 360, 1, -1, -0.7853981633974483, 1.4142135623730951
3066, 2, 431, 112, 430, 114, 1, -2, -1.1071487177940904, 2.23606797749979
3066, 4, 635, 343, 634, 344, 1, -1, -0.7853981633974483, 1.4142135623730951
3066, 36, 389, 301, 390, 303, -1, -2, -2.0344439357957027, 2.23606797749979
3067, 24, 496, 142, 494, 141, 2, 1, 0.4636476090008061, 2.23606797749979
3067, 29, 590, 334, 592, 334, -2, 0, 3.141592653589793, 2.0
3067, 34, 390, 300, 389, 301, 1, -1, -0.7853981633974483, 1.4142135623730951
3068, 0, 365, 286, 366, 288, -1, -2, -2.0344439357957027, 2.23606797749979
3068, 1, 432, 109, 431, 111, 1, -2, -1.1071487177940904, 2.23606797749979
3068, 6, 570, 319, 571, 318, -1, 1, 2.356194490192345, 1.4142135623730951
3068, 7, 537, 130, 536, 129, 1, 1, 0.7853981633974483, 1.4142135623730951
3068, 17, 522, 175, 522, 173, 0, 2, 1.5707963267948966, 2.0
3068, 19, 389, 324, 388, 325, 1, -1, -0.7853981633974483, 1.4142135623730951
3068, 20, 497, 143, 496, 142, 1, 1, 0.7853981633974483, 1.4142135623730951
3068, 26, 283, 301, 282, 302, 1, -1, -0.7853981633974483, 1.4142135623730951
3069, 1, 433, 108, 432, 109, 1, -1, -0.7853981633974483, 1.4142135623730951
3069, 10, 355, 307, 355, 309, 0, -2, -1.5707963267948966, 2.0
3069, 20, 498, 144, 497, 143, 1, 1, 0.7853981633974483, 1.4142135623730951
3070, 0, 367, 288, 367, 290, 0, -2, -1.5707963267948966, 2.0
3070, 3, 434, 111, 433, 113, 1, -2, -1.1071487177940904, 2.23606797749979
3070, 9, 503, 150, 504, 149, -1, 1, 2.356194490192345, 1.4142135623730951
3070, 19, 416, 241, 416, 243, 0, -2, -1.5707963267948966, 2.0
3070, 20, 421, 309, 421, 311, 0, -2, -1.5707963267948966, 2.0
3070, 21, 309, 368, 311, 367, -2, 1, 2.677945044588987, 2.23606797749979
3070, 22, 539, 129, 538, 128, 1, 1, 0.7853981633974483, 1.4142135623730951
3070, 25, 582, 344, 583, 343, -1, 1, 2.356194490192345, 1.4142135623730951
3070, 26, 497, 147, 496, 146, 1, 1, 0.7853981633974483, 1.4142135623730951
3070, 29, 356, 311, 356, 313, 0, -2, -1.5707963267948966, 2.0
3070, 33, 321, 367, 319, 367, 2, 0, 0.0, 2.0
3071, 2, 418, 202, 418, 204, 0, -2, -1.5707963267948966, 2.0
3071, 3, 435, 110, 434, 111, 1, -1, -0.7853981633974483, 1.4142135623730951
3071, 7, 389, 337, 388, 338, 1, -1, -0.7853981633974483, 1.4142135623730951
3071, 20, 420, 306, 421, 309, -1, -3, -1.892546881191539, 3.1622776601683795
3071, 22, 540, 130, 539, 129, 1, 1, 0.7853981633974483, 1.4142135623730951
3071, 25, 498, 148, 497, 147, 1, 1, 0.7853981633974483, 1.4142135623730951
3071, 32, 323, 367, 321, 367, 2, 0, 0.0, 2.0
3072, 0, 367, 285, 367, 287, 0, -2, -1.5707963267948966, 2.0
3072, 2, 436, 108, 435, 110, 1, -2, -1.1071487177940904, 2.23606797749979
3072, 17, 419, 304, 420, 306, -1, -2, -2.0344439357957027, 2.23606797749979
3072, 18, 306, 369, 308, 368, -2, 1, 2.677945044588987, 2.23606797749979
3072, 19, 542, 131, 540, 130, 2, 1, 0.4636476090008061, 2.23606797749979
3072, 20, 398, 269, 398, 271, 0, -2, -1.5707963267948966, 2.0
3072, 21, 583, 345, 582, 344, 1, 1, 0.7853981633974483, 1.4142135623730951
3072, 23, 554, 321, 553, 319, 1, 2, 1.1071487177940904, 2.23606797749979
3072, 25, 356, 308, 356, 310, 0, -2, -1.5707963267948966, 2.0
3072, 29, 325, 366, 323, 367, 2, -1, -0.4636476090008061, 2.23606797749979
3073, 1, 437, 107, 436, 108, 1, -1, -0.7853981633974483, 1.4142135623730951
3073, 5, 389, 334, 389, 336, 0, -2, -1.5707963267948966, 2.0
3073, 15, 418, 302, 419, 304, -1, -2, -2.0344439357957027, 2.23606797749979
3073, 16, 304, 369, 306, 369, -2, 0, 3.141592653589793, 2.0
3073, 17, 543, 132, 542, 131, 1, 1, 0.7853981633974483, 1.4142135623730951
3073, 19, 587, 346, 583, 345, 4, 1, 0.24497866312686414, 4.123105625617661
3073, 21, 555, 323, 554, 321, 1, 2, 1.1071487177940904, 2.23606797749979
3073, 23, 356, 306, 356, 308, 0, -2, -1.5707963267948966, 2.0
3073, 28, 571, 320, 570, 319, 1, 1, 0.7853981633974483, 1.4142135623730951
3074, 1, 437, 105, 437, 107, 0, -2, -1.5707963267948966, 2.0
3074, 15, 416, 302, 418, 302, -2, 0, 3.141592653589793, 2.0
3074, 17, 544, 133, 543, 132, 1, 1, 0.7853981633974483, 1.4142135623730951
3074, 18, 589, 346, 587, 346, 2, 0, 0.0, 2.0
3074, 20, 557, 325, 555, 323, 2, 2, 0.7853981633974483, 2.8284271247461903
3075, 0, 436, 108, 436, 110, 0, -2, -1.5707963267948966, 2.0
3075, 1, 635, 344, 638, 344, -3, 0, 3.141592653589793, 3.0
3075, 4, 558, 325, 556, 324, 2, 1, 0.4636476090008061, 2.23606797749979
3075, 6, 355, 238, 356, 240, -1, -2, -2.0344439357957027, 2.23606797749979
3075, 8, 616, 319, 615, 320, 1, -1, -0.7853981633974483, 1.4142135623730951
3075, 9, 599, 242, 600, 241, -1, 1, 2.356194490192345, 1.4142135623730951
3075, 12, 587, 213, 587, 215, 0, -2, -1.5707963267948966, 2.0
3075, 13, 590, 348, 588, 347, 2, 1, 0.4636476090008061, 2.23606797749979
3075, 15, 442, 193, 442, 195, 0, -2, -1.5707963267948966, 2.0
3075, 16, 582, 215, 580, 213, 2, 2, 0.7853981633974483, 2.8284271247461903
3075, 18, 485, 145, 484, 146, 1, -1, -0.7853981633974483, 1.4142135623730951
3075, 19, 567, 232, 566, 230, 1, 2, 1.1071487177940904, 2.23606797749979
3075, 29, 525, 182, 525, 180, 0, 2, 1.5707963267948966, 2.0
3075, 32, 539, 155, 538, 154, 1, 1, 0.7853981633974483, 1.4142135623730951
3075, 38, 431, 117, 431, 119, 0, -2, -1.5707963267948966, 2.0
3075, 47, 574, 322, 573, 321, 1, 1, 0.7853981633974483, 1.4142135623730951
3076, 0, 437, 107, 436, 108, 1, -1, -0.7853981633974483, 1.4142135623730951
3076, 4, 559, 326, 558, 325, 1, 1, 0.7853981633974483, 1.4142135623730951
3076, 7, 616, 316, 616, 319, 0, -3, -1.5707963267948966, 3.0
3076, 11, 589, 212, 587, 213, 2, -1, -0.4636476090008061, 2.23606797749979
3076, 12, 591, 347, 590, 348, 1, -1, -0.7853981633974483, 1.4142135623730951
3076, 14, 442, 191, 442, 193, 0, -2, -1.5707963267948966, 2.0
3076, 15, 584, 215, 582, 215, 2, 0, 0.0, 2.0
3076, 17, 568, 234, 567, 232, 1, 2, 1.1071487177940904, 2.23606797749979
3076, 18, 617, 289, 618, 288, -1, 1, 2.356194490192345, 1.4142135623730951
3076, 20, 595, 339, 594, 340, 1, -1, -0.7853981633974483, 1.4142135623730951
3076, 21, 346, 325, 344, 326, 2, -1, -0.4636476090008061, 2.23606797749979
3076, 22, 505, 152, 503, 150, 2, 2, 0.7853981633974483, 2.8284271247461903
3076, 34, 431, 115, 431, 117, 0, -2, -1.5707963267948966, 2.0
3077, 6, 354, 235, 355, 237, -1, -2, -2.0344439357957027, 2.23606797749979
3077, 9, 494, 147, 493, 148, 1, -1, -0.7853981633974483, 1.4142135623730951
3077, 10, 391, 320, 391, 323, 0, -3, -1.5707963267948966, 3.0
3077, 11, 590, 211, 589, 212, 1, -1, -0.7853981633974483, 1.4142135623730951
3077, 15, 585, 214, 584, 215, 1, -1, -0.7853981633974483, 1.4142135623730951
3077, 16, 486, 144, 485, 145, 1, -1, -0.7853981633974483, 1.4142135623730951
3077, 26, 525, 185, 525, 183, 0, 2, 1.5707963267948966, 2.0
3077, 27, 543, 135, 542, 134, 1, 1, 0.7853981633974483, 1.4142135623730951
3077, 29, 540, 157, 539, 156, 1, 1, 0.7853981633974483, 1.4142135623730951
3077, 34, 431, 113, 431, 115, 0, -2, -1.5707963267948966, 2.0
3078, 6, 353, 233, 354, 235, -1, -2, -2.0344439357957027, 2.23606797749979
3078, 10, 393, 317, 391, 320, 2, -3, -0.982793723247329, 3.605551275463989
3078, 11, 591, 209, 590, 211, 1, -2, -1.1071487177940904, 2.23606797749979
3078, 15, 586, 212, 585, 214, 1, -2, -1.1071487177940904, 2.23606797749979
3078, 34, 431, 111, 431, 113, 0, -2, -1.5707963267948966, 2.0
3078, 36, 514, 120, 513, 119, 1, 1, 0.7853981633974483, 1.4142135623730951
3078, 39, 295, 272, 296, 269, -1, 3, 1.892546881191539, 3.1622776601683795
3079, 5, 351, 229, 353, 233, -2, -4, -2.0344439357957027, 4.47213595499958
3079, 6, 615, 312, 616, 314, -1, -2, -2.0344439357957027, 2.23606797749979
3079, 9, 392, 315, 393, 317, -1, -2, -2.0344439357957027, 2.23606797749979
3079, 13, 440, 187, 442, 189, -2, -2, -2.356194490192345, 2.8284271247461903
3079, 16, 567, 237, 568, 235, -1, 2, 2.0344439357957027, 2.23606797749979
3079, 19, 596, 340, 597, 339, -1, 1, 2.356194490192345, 1.4142135623730951
3079, 22, 546, 207, 545, 206, 1, 1, 0.7853981633974483, 1.4142135623730951
3079, 31, 612, 325, 610, 325, 2, 0, 0.0, 2.0
3079, 32, 432, 110, 431, 111, 1, -1, -0.7853981633974483, 1.4142135623730951
3079, 40, 576, 322, 575, 323, 1, -1, -0.7853981633974483, 1.4142135623730951
3080, 3, 437, 106, 436, 108, 1, -2, -1.1071487177940904, 2.23606797749979
3080, 6, 398, 322, 398, 324, 0, -2, -1.5707963267948966, 2.0
3080, 13, 358, 305, 358, 307, 0, -2, -1.5707963267948966, 2.0
3080, 17, 549, 207, 548, 206, 1, 1, 0.7853981633974483, 1.4142135623730951
3080, 26, 563, 228, 563, 226, 0, 2, 1.5707963267948966, 2.0
3080, 29, 541, 159, 540, 158, 1, 1, 0.7853981633974483, 1.4142135623730951
3080, 34, 414, 310, 415, 312, -1, -2, -2.0344439357957027, 2.23606797749979
3080, 39, 376, 226, 377, 228, -1, -2, -2.0344439357957027, 2.23606797749979
3080, 40, 462, 141, 461, 143, 1, -2, -1.1071487177940904, 2.23606797749979
3080, 41, 405, 256, 405, 258, 0, -2, -1.5707963267948966, 2.0
3081, 1, 438, 105, 437, 106, 1, -1, -0.7853981633974483, 1.4142135623730951
3081, 4, 399, 321, 398, 322, 1, -1, -0.7853981633974483, 1.4142135623730951
3081, 11, 358, 303, 358, 305, 0, -2, -1.5707963267948966, 2.0
3081, 19, 427, 340, 426, 341, 1, -1, -0.7853981633974483, 1.4142135623730951
3081, 22, 562, 230, 563, 228, -1, 2, 2.0344439357957027, 2.23606797749979
3081, 27, 597, 300, 595, 303, 2, -3, -0.982793723247329, 3.605551275463989
3081, 29, 413, 308, 414, 310, -1, -2, -2.0344439357957027, 2.23606797749979
3081, 32, 545, 212, 544, 213, 1, -1, -0.7853981633974483, 1.4142135623730951
3081, 33, 463, 140, 462, 141, 1, -1, -0.7853981633974483, 1.4142135623730951
3082, 4, 399, 319, 399, 321, 0, -2, -1.5707963267948966, 2.0
3082, 5, 558, 211, 557, 210, 1, 1, 0.7853981633974483, 1.4142135623730951
3082, 11, 358, 301, 358, 303, 0, -2, -1.5707963267948966, 2.0
3082, 18, 428, 339, 427, 340, 1, -1, -0.7853981633974483, 1.4142135623730951
3082, 21, 561, 233, 562, 230, -1, 3, 1.892546881191539, 3.1622776601683795
3082, 22, 426, 111, 427, 113, -1, -2, -2.0344439357957027, 2.23606797749979
3082, 23, 616, 328, 615, 327, 1, 1, 0.7853981633974483, 1.4142135623730951
3082, 24, 542, 161, 541, 160, 1, 1, 0.7853981633974483, 1.4142135623730951
3082, 29, 392, 353, 391, 354, 1, -1, -0.7853981633974483, 1.4142135623730951
3082, 31, 464, 139, 463, 140, 1, -1, -0.7853981633974483, 1.4142135623730951
3083, 0, 367, 279, 367, 281, 0, -2, -1.5707963267948966, 2.0
3083, 1, 439, 103, 438, 104, 1, -1, -0.7853981633974483, 1.4142135623730951
3083, 6, 493, 143, 492, 144, 1, -1, -0.7853981633974483, 1.4142135623730951
3083, 11, 358, 299, 358, 301, 0, -2, -1.5707963267948966, 2.0
3083, 15, 548, 210, 549, 209, -1, 1, 2.356194490192345, 1.4142135623730951
3083, 21, 561, 236, 561, 233, 0, 3, 1.5707963267948966, 3.0
3083, 22, 427, 108, 426, 111, 1, -3, -1.2490457723982544, 3.1622776601683795
3083, 24, 543, 162, 542, 161, 1, 1, 0.7853981633974483, 1.4142135623730951
3083, 28, 413, 305, 413, 307, 0, -2, -1.5707963267948966, 2.0
3083, 30, 526, 190, 525, 189, 1, 1, 0.7853981633974483, 1.4142135623730951
3084, 1, 440, 101, 439, 103, 1, -2, -1.1071487177940904, 2.23606797749979
3084, 6, 590, 339, 589, 340, 1, -1, -0.7853981633974483, 1.4142135623730951
3084, 10, 358, 297, 358, 299, 0, -2, -1.5707963267948966, 2.0
3084, 20, 562, 239, 561, 236, 1, 3, 1.2490457723982544, 3.1622776601683795
3084, 21, 430, 106, 427, 108, 3, -2, -0.5880026035475675, 3.605551275463989
3084, 22, 617, 329, 616, 328, 1, 1, 0.7853981633974483, 1.4142135623730951
3084, 27, 413, 302, 413, 305, 0, -3, -1.5707963267948966, 3.0
3084, 28, 392, 350, 392, 352, 0, -2, -1.5707963267948966, 2.0
3084, 30, 465, 137, 464, 138, 1, -1, -0.7853981633974483, 1.4142135623730951
3085, 0, 444, 104, 442, 105, 2, -1, -0.4636476090008061, 2.23606797749979
3085, 2, 369, 280, 369, 282, 0, -2, -1.5707963267948966, 2.0
3085, 10, 358, 300, 359, 302, -1, -2, -2.0344439357957027, 2.23606797749979
3085, 17, 562, 321, 560, 321, 2, 0, 0.0, 2.0
3085, 18, 437, 111, 436, 112, 1, -1, -0.7853981633974483, 1.4142135623730951
3085, 21, 545, 159, 544, 157, 1, 2, 1.1071487177940904, 2.23606797749979
3085, 26, 431, 194, 432, 197, -1, -3, -1.892546881191539, 3.1622776601683795
3085, 29, 586, 208, 585, 209, 1, -1, -0.7853981633974483, 1.4142135623730951
3085, 30, 410, 142, 410, 144, 0, -2, -1.5707963267948966, 2.0
3085, 33, 594, 340, 591, 341, 3, -1, -0.3217505543966422, 3.1622776601683795
3085, 38, 388, 295, 388, 297, 0, -2, -1.5707963267948966, 2.0
3085, 41, 527, 192, 527, 190, 0, 2, 1.5707963267948966, 2.0
3085, 42, 592, 273, 591, 272, 1, 1, 0.7853981633974483, 1.4142135623730951
3085, 43, 327, 366, 324, 366, 3, 0, 0.0, 3.0
3085, 46, 385, 350, 384, 352, 1, -2, -1.1071487177940904, 2.23606797749979
3085, 47, 607, 277, 605, 275, 2, 2, 0.7853981633974483, 2.8284271247461903
3086, 0, 445, 102, 444, 104, 1, -2, -1.1071487177940904, 2.23606797749979
3086, 7, 560, 215, 559, 214, 1, 1, 0.7853981633974483, 1.4142135623730951
3086, 8, 358, 298, 358, 300, 0, -2, -1.5707963267948966, 2.0
3086, 16, 438, 110, 437, 111, 1, -1, -0.7853981633974483, 1.4142135623730951
3086, 17, 287, 313, 289, 312, -2, 1, 2.677945044588987, 2.23606797749979
3086, 19, 546, 160, 545, 159, 1, 1, 0.7853981633974483, 1.4142135623730951
3086, 21, 429, 338, 428, 339, 1, -1, -0.7853981633974483, 1.4142135623730951
3086, 24, 430, 191, 431, 194, -1, -3, -1.892546881191539, 3.1622776601683795
3086, 25, 503, 147, 502, 146, 1, 1, 0.7853981633974483, 1.4142135623730951
3086, 28, 410, 140, 410, 142, 0, -2, -1.5707963267948966, 2.0
3086, 30, 596, 339, 594, 340, 2, -1, -0.4636476090008061, 2.23606797749979
3086, 40, 329, 365, 327, 366, 2, -1, -0.4636476090008061, 2.23606797749979
3086, 42, 386, 348, 385, 350, 1, -2, -1.1071487177940904, 2.23606797749979
3087, 0, 446, 101, 445, 102, 1, -1, -0.7853981633974483, 1.4142135623730951
3087, 4, 360, 232, 360, 234, 0, -2, -1.5707963267948966, 2.0
3087, 7, 357, 296, 358, 298, -1, -2, -2.0344439357957027, 2.23606797749979
3087, 14, 566, 321, 563, 321, 3, 0, 0.0, 3.0
3087, 15, 439, 108, 438, 110, 1, -2, -1.1071487177940904, 2.23606797749979
3087, 21, 430, 188, 430, 191, 0, -3, -1.5707963267948966, 3.0
3087, 22, 507, 148, 503, 147, 4, 1, 0.24497866312686414, 4.123105625617661
3087, 24, 589, 209, 587, 208, 2, 1, 0.4636476090008061, 2.23606797749979
3087, 25, 409, 138, 410, 140, -1, -2, -2.0344439357957027, 2.23606797749979
3087, 27, 600, 337, 596, 339, 4, -2, -0.4636476090008061, 4.47213595499958
3087, 32, 388, 291, 388, 294, 0, -3, -1.5707963267948966, 3.0
3087, 35, 528, 194, 527, 193, 1, 1, 0.7853981633974483, 1.4142135623730951
3087, 37, 331, 365, 329, 365, 2, 0, 0.0, 2.0
3087, 39, 386, 346, 386, 348, 0, -2, -1.5707963267948966, 2.0
3088, 0, 449, 100, 446, 101, 3, -1, -0.3217505543966422, 3.1622776601683795
3088, 1, 370, 276, 369, 278, 1, -2, -1.1071487177940904, 2.23606797749979
3088, 2, 421, 194, 420, 196, 1, -2, -1.1071487177940904, 2.23606797749979
3088, 4, 561, 216, 560, 215, 1, 1, 0.7853981633974483, 1.4142135623730951
3088, 11, 509, 161, 510, 160, -1, 1, 2.356194490192345, 1.4142135623730951
3088, 12, 568, 321, 566, 321, 2, 0, 0.0, 2.0
3088, 13, 440, 106, 439, 108, 1, -2, -1.1071487177940904, 2.23606797749979
3088, 14, 285, 314, 286, 313, -1, 1, 2.356194490192345, 1.4142135623730951
3088, 16, 547, 162, 546, 160, 1, 2, 1.1071487177940904, 2.23606797749979
3088, 19, 430, 185, 430, 188, 0, -3, -1.5707963267948966, 3.0
3088, 20, 510, 150, 507, 148, 3, 2, 0.5880026035475675, 3.605551275463989
3088, 22, 591, 211, 589, 209, 2, 2, 0.7853981633974483, 2.8284271247461903
3088, 25, 601, 336, 600, 337, 1, -1, -0.7853981633974483, 1.4142135623730951
3088, 33, 529, 196, 528, 194, 1, 2, 1.1071487177940904, 2.23606797749979
3089, 0, 449, 98, 449, 100, 0, -2, -1.5707963267948966, 2.0
3089, 1, 369, 274, 370, 276, -1, -2, -2.0344439357957027, 2.23606797749979
3089, 5, 356, 293, 357, 295, -1, -2, -2.0344439357957027, 2.23606797749979
3089, 11, 570, 321, 568, 321, 2, 0, 0.0, 2.0
3089, 12, 440, 104, 440, 106, 0, -2, -1.5707963267948966, 2.0
3089, 17, 432, 180, 430, 185, 2, -5, -1.1902899496825317, 5.385164807134504
3089, 18, 511, 152, 510, 150, 1, 2, 1.1071487177940904, 2.23606797749979
3089, 20, 593, 212, 591, 211, 2, 1, 0.4636476090008061, 2.23606797749979
3089, 23, 603, 336, 601, 336, 2, 0, 0.0, 2.0
3089, 25, 368, 272, 369, 274, -1, -2, -2.0344439357957027, 2.23606797749979
3089, 28, 387, 295, 388, 290, -1, 5, 1.7681918866447774, 5.0990195135927845
3089, 33, 333, 366, 332, 365, 1, 1, 0.7853981633974483, 1.4142135623730951
3090, 1, 447, 102, 446, 103, 1, -1, -0.7853981633974483, 1.4142135623730951
3090, 5, 360, 233, 361, 235, -1, -2, -2.0344439357957027, 2.23606797749979
3090, 9, 592, 215, 592, 213, 0, 2, 1.5707963267948966, 2.0
3090, 11, 510, 153, 509, 151, 1, 2, 1.1071487177940904, 2.23606797749979
3090, 13, 602, 340, 600, 340, 2, 0, 0.0, 2.0
3090, 15, 359, 296, 359, 298, 0, -2, -1.5707963267948966, 2.0
3090, 16, 414, 143, 413, 144, 1, -1, -0.7853981633974483, 1.4142135623730951
3090, 18, 440, 215, 441, 217, -1, -2, -2.0344439357957027, 2.23606797749979
3090, 26, 432, 338, 431, 339, 1, -1, -0.7853981633974483, 1.4142135623730951
3090, 33, 601, 246, 602, 245, -1, 1, 2.356194490192345, 1.4142135623730951
3090, 34, 392, 345, 392, 347, 0, -2, -1.5707963267948966, 2.0
3091, 7, 591, 216, 592, 215, -1, 1, 2.356194490192345, 1.4142135623730951
3091, 9, 511, 155, 510, 153, 1, 2, 1.1071487177940904, 2.23606797749979
3091, 11, 604, 340, 602, 340, 2, 0, 0.0, 2.0
3091, 13, 359, 294, 359, 296, 0, -2, -1.5707963267948966, 2.0
3091, 14, 415, 142, 414, 143, 1, -1, -0.7853981633974483, 1.4142135623730951
3091, 17, 497, 144, 496, 145, 1, -1, -0.7853981633974483, 1.4142135623730951
3091, 31, 393, 344, 392, 345, 1, -1, -0.7853981633974483, 1.4142135623730951
3092, 0, 448, 99, 447, 101, 1, -2, -1.1071487177940904, 2.23606797749979
3092, 6, 591, 218, 591, 216, 0, 2, 1.5707963267948966, 2.0
3092, 9, 530, 199, 530, 197, 0, 2, 1.5707963267948966, 2.0
3092, 13, 416, 141, 415, 142, 1, -1, -0.7853981633974483, 1.4142135623730951
3092, 20, 391, 203, 391, 205, 0, -2, -1.5707963267948966, 2.0
3092, 28, 615, 355, 614, 354, 1, 1, 0.7853981633974483, 1.4142135623730951
3092, 30, 394, 342, 393, 344, 1, -2, -1.1071487177940904, 2.23606797749979
3093, 0, 449, 98, 448, 99, 1, -1, -0.7853981633974483, 1.4142135623730951
3093, 6, 595, 308, 596, 307, -1, 1, 2.356194490192345, 1.4142135623730951
3093, 11, 358, 291, 359, 293, -1, -2, -2.0344439357957027, 2.23606797749979
3093, 23, 544, 258, 546, 258, -2, 0, 3.141592653589793, 2.0
3093, 25, 320, 374, 318, 375, 2, -1, -0.4636476090008061, 2.23606797749979
3094, 0, 449, 96, 449, 98, 0, -2, -1.5707963267948966, 2.0
3094, 1, 359, 228, 360, 230, -1, -2, -2.0344439357957027, 2.23606797749979
3094, 10, 416, 138, 416, 140, 0, -2, -1.5707963267948966, 2.0
3094, 13, 500, 144, 498, 144, 2, 0, 0.0, 2.0
3094, 16, 434, 335, 433, 336, 1, -1, -0.7853981633974483, 1.4142135623730951
3094, 20, 323, 374, 320, 374, 3, 0, 0.0, 3.0
3095, 1, 422, 193, 422, 195, 0, -2, -1.5707963267948966, 2.0
3095, 2, 451, 100, 449, 101, 2, -1, -0.4636476090008061, 2.23606797749979
3095, 14, 616, 355, 615, 356, 1, -1, -0.7853981633974483, 1.4142135623730951
3095, 15, 399, 317, 398, 318, 1, -1, -0.7853981633974483, 1.4142135623730951
3095, 22, 360, 291, 360, 293, 0, -2, -1.5707963267948966, 2.0
3095, 24, 613, 259, 613, 257, 0, 2, 1.5707963267948966, 2.0
3096, 0, 371, 273, 371, 275, 0, -2, -1.5707963267948966, 2.0
3096, 1, 452, 98, 451, 100, 1, -2, -1.1071487177940904, 2.23606797749979
3096, 11, 435, 336, 434, 337, 1, -1, -0.7853981633974483, 1.4142135623730951
3096, 19, 366, 282, 365, 283, 1, -1, -0.7853981633974483, 1.4142135623730951
3096, 20, 359, 289, 360, 291, -1, -2, -2.0344439357957027, 2.23606797749979
3096, 22, 612, 261, 613, 259, -1, 2, 2.0344439357957027, 2.23606797749979
3097, 0, 371, 271, 371, 273, 0, -2, -1.5707963267948966, 2.0
3097, 1, 454, 96, 452, 98, 2, -2, -0.7853981633974483, 2.8284271247461903
3097, 9, 557, 147, 557, 149, 0, -2, -1.5707963267948966, 2.0
3097, 17, 367, 281, 366, 282, 1, -1, -0.7853981633974483, 1.4142135623730951
3098, 0, 455, 95, 454, 96, 1, -1, -0.7853981633974483, 1.4142135623730951
3098, 3, 598, 251, 599, 250, -1, 1, 2.356194490192345, 1.4142135623730951
3098, 17, 359, 286, 359, 288, 0, -2, -1.5707963267948966, 2.0
3099, 0, 457, 93, 455, 95, 2, -2, -0.7853981633974483, 2.8284271247461903
3099, 5, 560, 335, 559, 334, 1, 1, 0.7853981633974483, 1.4142135623730951
3099, 15, 366, 278, 367, 280, -1, -2, -2.0344439357957027, 2.23606797749979
3099, 16, 359, 284, 359, 286, 0, -2, -1.5707963267948966, 2.0
3100, 3, 456, 98, 454, 99, 2, -1, -0.4636476090008061, 2.23606797749979
3100, 12, 564, 335, 563, 334, 1, 1, 0.7853981633974483, 1.4142135623730951
3100, 16, 603, 352, 600, 353, 3, -1, -0.3217505543966422, 3.1622776601683795
3100, 19, 601, 253, 602, 252, -1, 1, 2.356194490192345, 1.4142135623730951
3100, 23, 414, 229, 415, 231, -1, -2, -2.0344439357957027, 2.23606797749979
3100, 32, 353, 316, 352, 317, 1, -1, -0.7853981633974483, 1.4142135623730951
3100, 35, 335, 370, 334, 371, 1, -1, -0.7853981633974483, 1.4142135623730951
3100, 37, 513, 166, 513, 164, 0, 2, 1.5707963267948966, 2.0
3100, 40, 477, 133, 476, 134, 1, -1, -0.7853981633974483, 1.4142135623730951
3101, 1, 421, 189, 422, 191, -1, -2, -2.0344439357957027, 2.23606797749979
3101, 2, 457, 96, 456, 98, 1, -2, -1.1071487177940904, 2.23606797749979
3101, 9, 607, 346, 606, 347, 1, -1, -0.7853981633974483, 1.4142135623730951
3101, 10, 420, 302, 421, 304, -1, -2, -2.0344439357957027, 2.23606797749979
3101, 11, 565, 336, 564, 335, 1, 1, 0.7853981633974483, 1.4142135623730951
3101, 13, 444, 183, 445, 185, -1, -2, -2.0344439357957027, 2.23606797749979
3101, 15, 604, 354, 603, 352, 1, 2, 1.1071487177940904, 2.23606797749979
3101, 16, 359, 290, 359, 292, 0, -2, -1.5707963267948966, 2.0
3101, 17, 429, 133, 429, 135, 0, -2, -1.5707963267948966, 2.0
3101, 23, 559, 148, 558, 147, 1, 1, 0.7853981633974483, 1.4142135623730951
3101, 24, 545, 262, 546, 261, -1, 1, 2.356194490192345, 1.4142135623730951
3101, 35, 513, 169, 513, 166, 0, 3, 1.5707963267948966, 3.0
3101, 38, 478, 132, 477, 133, 1, -1, -0.7853981633974483, 1.4142135623730951
3102, 2, 458, 94, 457, 96, 1, -2, -1.1071487177940904, 2.23606797749979
3102, 5, 519, 174, 520, 173, -1, 1, 2.356194490192345, 1.4142135623730951
3102, 8, 399, 329, 398, 330, 1, -1, -0.7853981633974483, 1.4142135623730951
3102, 9, 608, 345, 607, 346, 1, -1, -0.7853981633974483, 1.4142135623730951
3102, 10, 419, 300, 420, 302, -1, -2, -2.0344439357957027, 2.23606797749979
3102, 11, 566, 337, 565, 336, 1, 1, 0.7853981633974483, 1.4142135623730951
3102, 14, 605, 353, 604, 354, 1, -1, -0.7853981633974483, 1.4142135623730951
3102, 15, 430, 132, 429, 133, 1, -1, -0.7853981633974483, 1.4142135623730951
3102, 17, 436, 332, 436, 334, 0, -2, -1.5707963267948966, 2.0
3102, 21, 560, 151, 559, 148, 1, 3, 1.2490457723982544, 3.1622776601683795
3102, 30, 337, 369, 336, 370, 1, -1, -0.7853981633974483, 1.4142135623730951
3102, 32, 513, 171, 513, 169, 0, 2, 1.5707963267948966, 2.0
3103, 4, 565, 226, 564, 225, 1, 1, 0.7853981633974483, 1.4142135623730951
3103, 5, 518, 175, 519, 174, -1, 1, 2.356194490192345, 1.4142135623730951
3103, 8, 400, 328, 399, 329, 1, -1, -0.7853981633974483, 1.4142135623730951
3103, 10, 419, 298, 419, 300, 0, -2, -1.5707963267948966, 2.0
3103, 13, 504, 149, 503, 148, 1, 1, 0.7853981633974483, 1.4142135623730951
3103, 15, 430, 130, 430, 132, 0, -2, -1.5707963267948966, 2.0
3103, 17, 437, 331, 436, 332, 1, -1, -0.7853981633974483, 1.4142135623730951
3103, 18, 566, 195, 565, 194, 1, 1, 0.7853981633974483, 1.4142135623730951
3103, 21, 561, 153, 560, 151, 1, 2, 1.1071487177940904, 2.23606797749979
3103, 30, 338, 368, 337, 369, 1, -1, -0.7853981633974483, 1.4142135623730951
3103, 31, 513, 174, 513, 171, 0, 3, 1.5707963267948966, 3.0
3103, 34, 479, 130, 478, 131, 1, -1, -0.7853981633974483, 1.4142135623730951
3104, 2, 460, 93, 459, 94, 1, -1, -0.7853981633974483, 1.4142135623730951
3104, 9, 612, 344, 609, 345, 3, -1, -0.3217505543966422, 3.1622776601683795
3104, 10, 418, 296, 419, 298, -1, -2, -2.0344439357957027, 2.23606797749979
3104, 15, 431, 129, 430, 130, 1, -1, -0.7853981633974483, 1.4142135623730951
3104, 20, 562, 155, 561, 153, 1, 2, 1.1071487177940904, 2.23606797749979
3104, 28, 514, 176, 513, 174, 1, 2, 1.1071487177940904, 2.23606797749979
3104, 31, 480, 129, 479, 130, 1, -1, -0.7853981633974483, 1.4142135623730951
3105, 2, 459, 96, 458, 97, 1, -1, -0.7853981633974483, 1.4142135623730951
3105, 5, 568, 226, 566, 225, 2, 1, 0.4636476090008061, 2.23606797749979
3105, 6, 452, 103, 451, 104, 1, -1, -0.7853981633974483, 1.4142135623730951
3105, 14, 418, 301, 420, 304, -2, -3, -2.158798930342464, 3.605551275463989
3105, 17, 359, 289, 360, 291, -1, -2, -2.0344439357957027, 2.23606797749979
3105, 21, 441, 209, 443, 212, -2, -3, -2.158798930342464, 3.605551275463989
3105, 22, 332, 352, 331, 353, 1, -1, -0.7853981633974483, 1.4142135623730951
3105, 23, 437, 331, 437, 333, 0, -2, -1.5707963267948966, 2.0
3105, 24, 398, 260, 399, 262, -1, -2, -2.0344439357957027, 2.23606797749979
3105, 26, 588, 222, 588, 218, 0, 4, 1.5707963267948966, 4.0
3105, 30, 534, 211, 534, 209, 0, 2, 1.5707963267948966, 2.0
3105, 31, 536, 141, 535, 140, 1, 1, 0.7853981633974483, 1.4142135623730951
3105, 36, 404, 350, 403, 351, 1, -1, -0.7853981633974483, 1.4142135623730951
3106, 3, 569, 227, 568, 226, 1, 1, 0.7853981633974483, 1.4142135623730951
3106, 4, 453, 102, 452, 103, 1, -1, -0.7853981633974483, 1.4142135623730951
3106, 20, 438, 330, 437, 331, 1, -1, -0.7853981633974483, 1.4142135623730951
3106, 21, 397, 258, 398, 260, -1, -2, -2.0344439357957027, 2.23606797749979
3106, 23, 589, 225, 588, 222, 1, 3, 1.2490457723982544, 3.1622776601683795
3106, 28, 537, 142, 536, 141, 1, 1, 0.7853981633974483, 1.4142135623730951
3107, 3, 454, 101, 453, 102, 1, -1, -0.7853981633974483, 1.4142135623730951
3107, 9, 611, 281, 610, 280, 1, 1, 0.7853981633974483, 1.4142135623730951
3107, 11, 358, 286, 359, 288, -1, -2, -2.0344439357957027, 2.23606797749979
3107, 16, 333, 350, 332, 351, 1, -1, -0.7853981633974483, 1.4142135623730951
3107, 17, 438, 328, 438, 330, 0, -2, -1.5707963267948966, 2.0
3107, 20, 589, 228, 589, 225, 0, 3, 1.5707963267948966, 3.0
3107, 25, 538, 143, 537, 142, 1, 1, 0.7853981633974483, 1.4142135623730951
3107, 27, 505, 121, 504, 122, 1, -1, -0.7853981633974483, 1.4142135623730951
3107, 28, 402, 313, 401, 314, 1, -1, -0.7853981633974483, 1.4142135623730951
3108, 0, 461, 94, 460, 95, 1, -1, -0.7853981633974483, 1.4142135623730951
3108, 3, 455, 100, 454, 101, 1, -1, -0.7853981633974483, 1.4142135623730951
3108, 4, 625, 267, 627, 269, -2, -2, -2.356194490192345, 2.8284271247461903
3108, 7, 457, 306, 459, 306, -2, 0, 3.141592653589793, 2.0
3108, 8, 507, 149, 505, 150, 2, -1, -0.4636476090008061, 2.23606797749979
3108, 13, 602, 311, 601, 312, 1, -1, -0.7853981633974483, 1.4142135623730951
3108, 19, 590, 231, 589, 228, 1, 3, 1.2490457723982544, 3.1622776601683795
3108, 23, 539, 144, 538, 143, 1, 1, 0.7853981633974483, 1.4142135623730951
3108, 26, 405, 311, 402, 313, 3, -2, -0.5880026035475675, 3.605551275463989
3108, 28, 326, 369, 324, 371, 2, -2, -0.7853981633974483, 2.8284271247461903
3109, 0, 463, 93, 461, 94, 2, -1, -0.4636476090008061, 2.23606797749979
3109, 2, 456, 99, 455, 100, 1, -1, -0.7853981633974483, 1.4142135623730951
3109, 6, 508, 150, 507, 149, 1, 1, 0.7853981633974483, 1.4142135623730951
3109, 9, 357, 283, 358, 285, -1, -2, -2.0344439357957027, 2.23606797749979
3109, 13, 440, 204, 441, 206, -1, -2, -2.0344439357957027, 2.23606797749979
3109, 15, 439, 326, 438, 327, 1, -1, -0.7853981633974483, 1.4142135623730951
3109, 16, 600, 278, 601, 277, -1, 1, 2.356194490192345, 1.4142135623730951
3109, 17, 591, 234, 590, 231, 1, 3, 1.2490457723982544, 3.1622776601683795
3109, 18, 568, 242, 569, 241, -1, 1, 2.356194490192345, 1.4142135623730951
3109, 20, 533, 215, 534, 214, -1, 1, 2.356194490192345, 1.4142135623730951
3109, 21, 540, 145, 539, 144, 1, 1, 0.7853981633974483, 1.4142135623730951
3109, 24, 404, 309, 405, 311, -1, -2, -2.0344439357957027, 2.23606797749979
3109, 25, 405, 346, 404, 347, 1, -1, -0.7853981633974483, 1.4142135623730951
3109, 26, 329, 367, 326, 369, 3, -2, -0.5880026035475675, 3.605551275463989
3110, 1, 374, 270, 373, 271, 1, -1, -0.7853981633974483, 1.4142135623730951
3110, 7, 419, 133, 420, 135, -1, -2, -2.0344439357957027, 2.23606797749979
3110, 12, 457, 101, 455, 102, 2, -1, -0.4636476090008061, 2.23606797749979
3110, 17, 441, 293, 441, 295, 0, -2, -1.5707963267948966, 2.0
3110, 18, 603, 349, 605, 349, -2, 0, 3.141592653589793, 2.0
3110, 20, 395, 197, 395, 199, 0, -2, -1.5707963267948966, 2.0
3110, 21, 556, 235, 555, 234, 1, 1, 0.7853981633974483, 1.4142135623730951
3110, 22, 440, 329, 440, 331, 0, -2, -1.5707963267948966, 2.0
3110, 23, 465, 182, 466, 184, -1, -2, -2.0344439357957027, 2.23606797749979
3110, 28, 442, 208, 442, 210, 0, -2, -1.5707963267948966, 2.0
3110, 30, 518, 181, 517, 179, 1, 2, 1.1071487177940904, 2.23606797749979
3110, 33, 458, 123, 457, 124, 1, -1, -0.7853981633974483, 1.4142135623730951
3111, 7, 458, 100, 457, 101, 1, -1, -0.7853981633974483, 1.4142135623730951
3111, 11, 566, 332, 568, 332, -2, 0, 3.141592653589793, 2.0
3111, 12, 441, 291, 441, 293, 0, -2, -1.5707963267948966, 2.0
3111, 13, 602, 350, 603, 349, -1, 1, 2.356194490192345, 1.4142135623730951
3111, 14, 395, 195, 395, 197, 0, -2, -1.5707963267948966, 2.0
3111, 16, 441, 328, 440, 329, 1, -1, -0.7853981633974483, 1.4142135623730951
3111, 19, 567, 162, 566, 161, 1, 1, 0.7853981633974483, 1.4142135623730951
3111, 24, 519, 183, 518, 181, 1, 2, 1.1071487177940904, 2.23606797749979
3111, 26, 510, 152, 509, 151, 1, 1, 0.7853981633974483, 1.4142135623730951
3111, 30, 565, 199, 564, 198, 1, 1, 0.7853981633974483, 1.4142135623730951
3112, 0, 424, 187, 423, 188, 1, -1, -0.7853981633974483, 1.4142135623730951
3112, 6, 459, 99, 458, 100, 1, -1, -0.7853981633974483, 1.4142135623730951
3112, 9, 557, 224, 556, 225, 1, -1, -0.7853981633974483, 1.4142135623730951
3112, 11, 441, 289, 441, 291, 0, -2, -1.5707963267948966, 2.0
3112, 16, 464, 180, 464, 182, 0, -2, -1.5707963267948966, 2.0
3112, 23, 520, 184, 519, 183, 1, 1, 0.7853981633974483, 1.4142135623730951
3113, 1, 467, 97, 465, 97, 2, 0, 0.0, 2.0
3113, 6, 461, 98, 459, 99, 2, -1, -0.4636476090008061, 2.23606797749979
3113, 11, 440, 287, 441, 289, -1, -2, -2.0344439357957027, 2.23606797749979
3113, 16, 568, 164, 567, 163, 1, 1, 0.7853981633974483, 1.4142135623730951
3113, 21, 407, 347, 406, 348, 1, -1, -0.7853981633974483, 1.4142135623730951
3114, 1, 468, 96, 467, 97, 1, -1, -0.7853981633974483, 1.4142135623730951
3114, 6, 462, 97, 461, 98, 1, -1, -0.7853981633974483, 1.4142135623730951
3114, 10, 568, 332, 566, 332, 2, 0, 0.0, 2.0
3114, 11, 603, 349, 602, 350, 1, -1, -0.7853981633974483, 1.4142135623730951
3114, 18, 521, 185, 520, 184, 1, 1, 0.7853981633974483, 1.4142135623730951
3115, 9, 457, 101, 455, 101, 2, 0, 0.0, 2.0
3115, 11, 571, 333, 569, 333, 2, 0, 0.0, 2.0
3115, 15, 421, 130, 421, 132, 0, -2, -1.5707963267948966, 2.0
3115, 20, 433, 184, 434, 188, -1, -4, -1.8157749899217608, 4.123105625617661
3115, 31, 295, 321, 295, 319, 0, 2, 1.5707963267948966, 2.0
3115, 35, 297, 347, 298, 346, -1, 1, 2.356194490192345, 1.4142135623730951
3115, 38, 514, 125, 512, 125, 2, 0, 0.0, 2.0
3115, 40, 343, 361, 340, 362, 3, -1, -0.3217505543966422, 3.1622776601683795
3115, 42, 399, 347, 399, 349, 0, -2, -1.5707963267948966, 2.0
3116, 3, 363, 226, 362, 228, 1, -2, -1.1071487177940904, 2.23606797749979
3116, 4, 570, 233, 569, 232, 1, 1, 0.7853981633974483, 1.4142135623730951
3116, 8, 539, 220, 538, 219, 1, 1, 0.7853981633974483, 1.4142135623730951
3116, 9, 574, 332, 571, 333, 3, -1, -0.3217505543966422, 3.1622776601683795
3116, 11, 522, 184, 522, 182, 0, 2, 1.5707963267948966, 2.0
3116, 13, 421, 128, 421, 130, 0, -2, -1.5707963267948966, 2.0
3116, 16, 561, 229, 560, 228, 1, 1, 0.7853981633974483, 1.4142135623730951
3116, 18, 432, 181, 433, 184, -1, -3, -1.892546881191539, 3.1622776601683795
3116, 19, 514, 154, 513, 153, 1, 1, 0.7853981633974483, 1.4142135623730951
3116, 22, 414, 190, 414, 192, 0, -2, -1.5707963267948966, 2.0
3116, 24, 609, 351, 608, 352, 1, -1, -0.7853981633974483, 1.4142135623730951
3116, 33, 601, 258, 602, 257, -1, 1, 2.356194490192345, 1.4142135623730951
3116, 34, 516, 125, 514, 125, 2, 0, 0.0, 2.0
3116, 35, 346, 359, 343, 361, 3, -2, -0.5880026035475675, 3.605551275463989
3116, 37, 400, 345, 399, 347, 1, -2, -1.1071487177940904, 2.23606797749979
3116, 39, 284, 318, 286, 319, -2, -1, -2.677945044588987, 2.23606797749979
3117, 5, 593, 218, 592, 217, 1, 1, 0.7853981633974483, 1.4142135623730951
3117, 7, 459, 100, 458, 101, 1, -1, -0.7853981633974483, 1.4142135623730951
3117, 9, 577, 331, 574, 332, 3, -1, -0.3217505543966422, 3.1622776601683795
3117, 11, 521, 185, 522, 184, -1, 1, 2.356194490192345, 1.4142135623730951
3117, 15, 445, 178, 445, 180, 0, -2, -1.5707963267948966, 2.0
3117, 17, 432, 178, 432, 181, 0, -3, -1.5707963267948966, 3.0
3117, 22, 611, 349, 609, 351, 2, -2, -0.7853981633974483, 2.8284271247461903
3117, 32, 348, 358, 346, 359, 2, -1, -0.4636476090008061, 2.23606797749979
3117, 36, 282, 317, 284, 318, -2, -1, -2.677945044588987, 2.23606797749979
3117, 37, 397, 323, 397, 325, 0, -2, -1.5707963267948966, 2.0
3118, 0, 472, 97, 470, 97, 2, 0, 0.0, 2.0
3118, 4, 594, 219, 593, 218, 1, 1, 0.7853981633974483, 1.4142135623730951
3118, 6, 460, 99, 459, 100, 1, -1, -0.7853981633974483, 1.4142135623730951
3118, 7, 540, 222, 539, 221, 1, 1, 0.7853981633974483, 1.4142135623730951
3118, 8, 580, 332, 577, 331, 3, 1, 0.3217505543966422, 3.1622776601683795
3118, 11, 523, 174, 521, 171, 2, 3, 0.982793723247329, 3.605551275463989
3118, 12, 420, 125, 421, 127, -1, -2, -2.0344439357957027, 2.23606797749979
3118, 14, 445, 176, 445, 178, 0, -2, -1.5707963267948966, 2.0
3118, 16, 431, 175, 432, 178, -1, -3, -1.892546881191539, 3.1622776601683795
3118, 21, 613, 349, 611, 349, 2, 0, 0.0, 2.0
3118, 23, 296, 323, 295, 322, 1, 1, 0.7853981633974483, 1.4142135623730951
3118, 24, 442, 325, 442, 327, 0, -2, -1.5707963267948966, 2.0
3118, 28, 600, 259, 601, 258, -1, 1, 2.356194490192345, 1.4142135623730951
3118, 29, 519, 124, 517, 125, 2, -1, -0.4636476090008061, 2.23606797749979
3118, 32, 401, 344, 400, 345, 1, -1, -0.7853981633974483, 1.4142135623730951
3118, 34, 280, 316, 282, 317, -2, -1, -2.677945044588987, 2.23606797749979
3118, 35, 397, 320, 397, 323, 0, -3, -1.5707963267948966, 3.0
3119, 4, 595, 222, 594, 219, 1, 3, 1.2490457723982544, 3.1622776601683795
3119, 6, 461, 98, 460, 99, 1, -1, -0.7853981633974483, 1.4142135623730951
3119, 10, 519, 186, 520, 185, -1, 1, 2.356194490192345, 1.4142135623730951
3119, 11, 523, 176, 523, 174, 0, 2, 1.5707963267948966, 2.0
3119, 16, 430, 173, 431, 175, -1, -2, -2.0344439357957027, 2.23606797749979
3119, 17, 517, 157, 515, 155, 2, 2, 0.7853981633974483, 2.8284271247461903
3119, 18, 295, 280, 296, 279, -1, 1, 2.356194490192345, 1.4142135623730951
3119, 20, 616, 348, 613, 349, 3, -1, -0.3217505543966422, 3.1622776601683795
3119, 22, 295, 324, 296, 323, -1, 1, 2.356194490192345, 1.4142135623730951
3119, 25, 592, 230, 594, 230, -2, 0, 3.141592653589793, 2.0
3119, 32, 277, 316, 280, 316, -3, 0, 3.141592653589793, 3.0
3119, 33, 398, 318, 397, 320, 1, -2, -1.1071487177940904, 2.23606797749979
3120, 4, 406, 313, 408, 314, -2, -1, -2.677945044588987, 2.23606797749979
3120, 6, 522, 178, 522, 175, 0, 3, 1.5707963267948966, 3.0
3120, 7, 615, 349, 613, 348, 2, 1, 0.4636476090008061, 2.23606797749979
3120, 8, 595, 222, 596, 221, -1, 1, 2.356194490192345, 1.4142135623730951
3120, 9, 363, 224, 362, 225, 1, -1, -0.7853981633974483, 1.4142135623730951
3120, 12, 521, 187, 522, 186, -1, 1, 2.356194490192345, 1.4142135623730951
3120, 16, 578, 339, 577, 338, 1, 1, 0.7853981633974483, 1.4142135623730951
3120, 17, 607, 319, 606, 320, 1, -1, -0.7853981633974483, 1.4142135623730951
3120, 18, 442, 206, 443, 208, -1, -2, -2.0344439357957027, 2.23606797749979
3120, 20, 443, 326, 443, 328, 0, -2, -1.5707963267948966, 2.0
3121, 3, 522, 180, 522, 178, 0, 2, 1.5707963267948966, 2.0
3121, 5, 594, 224, 595, 222, -1, 2, 2.0344439357957027, 2.23606797749979
3121, 7, 377, 201, 377, 203, 0, -2, -1.5707963267948966, 2.0
3121, 14, 608, 320, 607, 319, 1, 1, 0.7853981633974483, 1.4142135623730951
3122, 3, 522, 182, 522, 180, 0, 2, 1.5707963267948966, 2.0
3122, 6, 363, 221, 363, 223, 0, -2, -1.5707963267948966, 2.0
3122, 7, 377, 199, 377, 201, 0, -2, -1.5707963267948966, 2.0
3122, 11, 297, 284, 298, 283, -1, 1, 2.356194490192345, 1.4142135623730951
3122, 15, 441, 203, 442, 205, -1, -2, -2.0344439357957027, 2.23606797749979
3122, 16, 444, 322, 443, 325, 1, -3, -1.2490457723982544, 3.1622776601683795
3122, 23, 465, 176, 466, 180, -1, -4, -1.8157749899217608, 4.123105625617661
3123, 1, 475, 96, 474, 97, 1, -1, -0.7853981633974483, 1.4142135623730951
3123, 5, 593, 226, 594, 225, -1, 1, 2.356194490192345, 1.4142135623730951
3123, 14, 609, 322, 608, 321, 1, 1, 0.7853981633974483, 1.4142135623730951
3123, 18, 623, 303, 625, 305, -2, -2, -2.356194490192345, 2.8284271247461903
3123, 20, 630, 328, 629, 327, 1, 1, 0.7853981633974483, 1.4142135623730951
3124, 5, 364, 218, 363, 220, 1, -2, -1.1071487177940904, 2.23606797749979
3124, 6, 378, 197, 377, 198, 1, -1, -0.7853981633974483, 1.4142135623730951
3125, 1, 424, 184, 424, 186, 0, -2, -1.5707963267948966, 2.0
3125, 3, 478, 98, 476, 98, 2, 0, 0.0, 2.0
3125, 9, 425, 128, 426, 130, -1, -2, -2.0344439357957027, 2.23606797749979
3125, 14, 415, 289, 414, 291, 1, -2, -1.1071487177940904, 2.23606797749979
3125, 17, 360, 280, 360, 284, 0, -4, -1.5707963267948966, 4.0
3125, 18, 634, 347, 633, 346, 1, 1, 0.7853981633974483, 1.4142135623730951
3125, 20, 544, 227, 543, 226, 1, 1, 0.7853981633974483, 1.4142135623730951
3125, 22, 519, 186, 521, 186, -2, 0, 3.141592653589793, 2.0
3125, 25, 443, 204, 443, 206, 0, -2, -1.5707963267948966, 2.0
3125, 32, 390, 287, 390, 289, 0, -2, -1.5707963267948966, 2.0
3126, 0, 376, 265, 376, 267, 0, -2, -1.5707963267948966, 2.0
3126, 1, 480, 98, 478, 98, 2, 0, 0.0, 2.0
3126, 4, 601, 264, 602, 263, -1, 1, 2.356194490192345, 1.4142135623730951
3126, 6, 424, 126, 425, 128, -1, -2, -2.0344439357957027, 2.23606797749979
3126, 8, 396, 186, 396, 188, 0, -2, -1.5707963267948966, 2.0
3126, 11, 415, 287, 415, 289, 0, -2, -1.5707963267948966, 2.0
3126, 23, 421, 291, 421, 293, 0, -2, -1.5707963267948966, 2.0
3126, 26, 611, 324, 610, 323, 1, 1, 0.7853981633974483, 1.4142135623730951
3126, 29, 370, 273, 369, 274, 1, -1, -0.7853981633974483, 1.4142135623730951
3127, 1, 482, 98, 480, 98, 2, 0, 0.0, 2.0
3127, 6, 424, 124, 424, 126, 0, -2, -1.5707963267948966, 2.0
3127, 9, 475, 104, 474, 105, 1, -1, -0.7853981633974483, 1.4142135623730951
3127, 28, 371, 272, 370, 273, 1, -1, -0.7853981633974483, 1.4142135623730951
3128, 1, 484, 98, 482, 98, 2, 0, 0.0, 2.0
3128, 15, 572, 346, 571, 345, 1, 1, 0.7853981633974483, 1.4142135623730951
3128, 16, 543, 274, 544, 273, -1, 1, 2.356194490192345, 1.4142135623730951
3129, 0, 486, 98, 484, 98, 2, 0, 0.0, 2.0
3129, 5, 424, 121, 424, 123, 0, -2, -1.5707963267948966, 2.0
3129, 13, 575, 347, 572, 346, 3, 1, 0.3217505543966422, 3.1622776601683795
3129, 17, 518, 165, 517, 164, 1, 1, 0.7853981633974483, 1.4142135623730951
3130, 14, 288, 321, 290, 322, -2, -1, -2.677945044588987, 2.23606797749979
3130, 21, 523, 191, 523, 189, 0, 2, 1.5707963267948966, 2.0
3130, 27, 613, 326, 612, 325, 1, 1, 0.7853981633974483, 1.4142135623730951
3130, 31, 528, 133, 527, 132, 1, 1, 0.7853981633974483, 1.4142135623730951
3131, 1, 485, 98, 483, 98, 2, 0, 0.0, 2.0
3131, 2, 530, 197, 531, 196, -1, 1, 2.356194490192345, 1.4142135623730951
3131, 3, 364, 217, 364, 219, 0, -2, -1.5707963267948966, 2.0
3131, 6, 617, 355, 616, 356, 1, -1, -0.7853981633974483, 1.4142135623730951
3131, 10, 577, 348, 576, 347, 1, 1, 0.7853981633974483, 1.4142135623730951
3131, 12, 286, 321, 288, 321, -2, 0, 3.141592653589793, 2.0
3131, 16, 580, 181, 579, 180, 1, 1, 0.7853981633974483, 1.4142135623730951
3131, 17, 523, 193, 523, 191, 0, 2, 1.5707963267948966, 2.0
3131, 25, 529, 134, 528, 133, 1, 1, 0.7853981633974483, 1.4142135623730951
3131, 26, 389, 325, 388, 327, 1, -2, -1.1071487177940904, 2.23606797749979
3131, 31, 603, 283, 604, 285, -1, -2, -2.0344439357957027, 2.23606797749979
3132, 2, 529, 198, 530, 197, -1, 1, 2.356194490192345, 1.4142135623730951
3132, 5, 618, 354, 617, 355, 1, -1, -0.7853981633974483, 1.4142135623730951
3132, 11, 284, 319, 286, 321, -2, -2, -2.356194490192345, 2.8284271247461903
3132, 15, 581, 182, 580, 181, 1, 1, 0.7853981633974483, 1.4142135623730951
3132, 16, 523, 196, 523, 193, 0, 3, 1.5707963267948966, 3.0
3132, 19, 614, 328, 613, 327, 1, 1, 0.7853981633974483, 1.4142135623730951
3132, 21, 530, 135, 529, 134, 1, 1, 0.7853981633974483, 1.4142135623730951
3133, 2, 528, 199, 529, 198, -1, 1, 2.356194490192345, 1.4142135623730951
3133, 3, 364, 214, 364, 216, 0, -2, -1.5707963267948966, 2.0
3133, 10, 282, 318, 284, 319, -2, -1, -2.677945044588987, 2.23606797749979
3133, 14, 582, 183, 581, 182, 1, 1, 0.7853981633974483, 1.4142135623730951
3133, 15, 523, 199, 523, 196, 0, 3, 1.5707963267948966, 3.0
3133, 19, 531, 136, 530, 135, 1, 1, 0.7853981633974483, 1.4142135623730951
3133, 20, 390, 323, 389, 324, 1, -1, -0.7853981633974483, 1.4142135623730951
3134, 2, 527, 200, 528, 199, -1, 1, 2.356194490192345, 1.4142135623730951
3134, 3, 397, 253, 396, 254, 1, -1, -0.7853981633974483, 1.4142135623730951
3134, 13, 523, 202, 523, 199, 0, 3, 1.5707963267948966, 3.0
3134, 14, 542, 275, 543, 274, -1, 1, 2.356194490192345, 1.4142135623730951
3134, 15, 615, 329, 614, 328, 1, 1, 0.7853981633974483, 1.4142135623730951
3134, 16, 407, 319, 406, 321, 1, -2, -1.1071487177940904, 2.23606797749979
3135, 3, 616, 356, 618, 354, -2, 2, 2.356194490192345, 2.8284271247461903
3135, 5, 635, 350, 638, 350, -3, 0, 3.141592653589793, 3.0
3135, 6, 480, 104, 478, 104, 2, 0, 0.0, 2.0
3135, 9, 408, 322, 407, 323, 1, -1, -0.7853981633974483, 1.4142135623730951
3135, 11, 363, 215, 365, 218, -2, -3, -2.158798930342464, 3.605551275463989
3135, 18, 443, 320, 444, 322, -1, -2, -2.0344439357957027, 2.23606797749979
3135, 22, 483, 114, 481, 114, 2, 0, 0.0, 2.0
3135, 23, 582, 184, 583, 183, -1, 1, 2.356194490192345, 1.4142135623730951
3135, 29, 437, 127, 436, 128, 1, -1, -0.7853981633974483, 1.4142135623730951
3135, 30, 444, 173, 446, 174, -2, -1, -2.677945044588987, 2.23606797749979
3135, 31, 397, 252, 397, 254, 0, -2, -1.5707963267948966, 2.0
3135, 34, 605, 325, 603, 324, 2, 1, 0.4636476090008061, 2.23606797749979
3135, 35, 392, 324, 391, 326, 1, -2, -1.1071487177940904, 2.23606797749979
3136, 0, 489, 100, 487, 100, 2, 0, 0.0, 2.0
3136, 4, 481, 103, 480, 104, 1, -1, -0.7853981633974483, 1.4142135623730951
3136, 9, 363, 213, 363, 215, 0, -2, -1.5707963267948966, 2.0
3136, 18, 485, 113, 483, 114, 2, -1, -0.4636476090008061, 2.23606797749979
3136, 19, 583, 185, 582, 184, 1, 1, 0.7853981633974483, 1.4142135623730951
3136, 23, 512, 132, 510, 132, 2, 0, 0.0, 2.0
3136, 24, 634, 323, 633, 324, 1, -1, -0.7853981633974483, 1.4142135623730951
3136, 25, 437, 125, 437, 127, 0, -2, -1.5707963267948966, 2.0
3136, 30, 609, 326, 605, 325, 4, 1, 0.24497866312686414, 4.123105625617661
3136, 32, 376, 194, 377, 196, -1, -2, -2.0344439357957027, 2.23606797749979
3137, 15, 487, 112, 485, 113, 2, -1, -0.4636476090008061, 2.23606797749979
3137, 16, 585, 186, 583, 185, 2, 1, 0.4636476090008061, 2.23606797749979
3137, 21, 633, 321, 634, 323, -1, -2, -2.0344439357957027, 2.23606797749979
3137, 22, 437, 123, 437, 125, 0, -2, -1.5707963267948966, 2.0
3137, 24, 397, 249, 397, 251, 0, -2, -1.5707963267948966, 2.0
3137, 26, 611, 326, 609, 326, 2, 0, 0.0, 2.0
3138, 2, 619, 326, 618, 327, 1, -1, -0.7853981633974483, 1.4142135623730951
3138, 8, 363, 210, 363, 212, 0, -2, -1.5707963267948966, 2.0
3138, 16, 525, 171, 525, 169, 0, 2, 1.5707963267948966, 2.0
3138, 18, 514, 134, 513, 132, 1, 2, 1.1071487177940904, 2.23606797749979
3138, 19, 635, 322, 633, 321, 2, 1, 0.4636476090008061, 2.23606797749979
3138, 20, 437, 121, 437, 123, 0, -2, -1.5707963267948966, 2.0
3138, 24, 392, 320, 392, 322, 0, -2, -1.5707963267948966, 2.0
3139, 0, 493, 100, 491, 100, 2, 0, 0.0, 2.0
3139, 1, 615, 356, 614, 357, 1, -1, -0.7853981633974483, 1.4142135623730951
3139, 3, 485, 103, 483, 103, 2, 0, 0.0, 2.0
3139, 5, 528, 203, 527, 200, 1, 3, 1.2490457723982544, 3.1622776601683795
3139, 9, 361, 300, 362, 303, -1, -3, -1.892546881191539, 3.1622776601683795
3139, 12, 586, 188, 585, 187, 1, 1, 0.7853981633974483, 1.4142135623730951
3139, 13, 577, 341, 576, 342, 1, -1, -0.7853981633974483, 1.4142135623730951
3139, 16, 516, 135, 514, 134, 2, 1, 0.4636476090008061, 2.23606797749979
3139, 17, 635, 320, 635, 322, 0, -2, -1.5707963267948966, 2.0
3139, 18, 439, 121, 437, 121, 2, 0, 0.0, 2.0
3140, 0, 378, 262, 377, 263, 1, -1, -0.7853981633974483, 1.4142135623730951
3140, 2, 492, 102, 491, 101, 1, 1, 0.7853981633974483, 1.4142135623730951
3140, 29, 620, 358, 619, 359, 1, -1, -0.7853981633974483, 1.4142135623730951
3140, 31, 475, 101, 472, 102, 3, -1, -0.3217505543966422, 3.1622776601683795
3140, 33, 556, 167, 555, 166, 1, 1, 0.7853981633974483, 1.4142135623730951
3140, 37, 359, 276, 360, 278, -1, -2, -2.0344439357957027, 2.23606797749979
3140, 38, 435, 179, 435, 181, 0, -2, -1.5707963267948966, 2.0
3141, 10, 420, 288, 421, 290, -1, -2, -2.0344439357957027, 2.23606797749979
3141, 14, 580, 341, 577, 342, 3, -1, -0.3217505543966422, 3.1622776601683795
3141, 15, 613, 354, 611, 356, 2, -2, -0.7853981633974483, 2.8284271247461903
3141, 26, 621, 357, 620, 358, 1, -1, -0.7853981633974483, 1.4142135623730951
3141, 28, 478, 102, 475, 101, 3, 1, 0.3217505543966422, 3.1622776601683795
3141, 32, 434, 176, 435, 179, -1, -3, -1.892546881191539, 3.1622776601683795
3141, 33, 291, 325, 290, 324, 1, 1, 0.7853981633974483, 1.4142135623730951
3142, 2, 495, 103, 493, 102, 2, 1, 0.4636476090008061, 2.23606797749979
3142, 13, 581, 340, 580, 341, 1, -1, -0.7853981633974483, 1.4142135623730951
3142, 14, 615, 353, 613, 354, 2, -1, -0.4636476090008061, 2.23606797749979
3142, 21, 523, 174, 522, 173, 1, 1, 0.7853981633974483, 1.4142135623730951
3142, 23, 574, 265, 575, 264, -1, 1, 2.356194490192345, 1.4142135623730951
3142, 24, 622, 355, 621, 357, 1, -2, -1.1071487177940904, 2.23606797749979
3142, 26, 481, 103, 478, 102, 3, 1, 0.3217505543966422, 3.1622776601683795
3142, 28, 557, 168, 556, 167, 1, 1, 0.7853981633974483, 1.4142135623730951
3142, 30, 433, 173, 434, 176, -1, -3, -1.892546881191539, 3.1622776601683795
3143, 2, 418, 205, 419, 207, -1, -2, -2.0344439357957027, 2.23606797749979
3143, 11, 585, 339, 581, 340, 4, -1, -0.24497866312686414, 4.123105625617661
3143, 12, 618, 351, 615, 353, 3, -2, -0.5880026035475675, 3.605551275463989
3143, 14, 488, 110, 487, 111, 1, -1, -0.7853981633974483, 1.4142135623730951
3143, 19, 524, 175, 523, 174, 1, 1, 0.7853981633974483, 1.4142135623730951
3143, 20, 572, 265, 574, 265, -2, 0, 3.141592653589793, 2.0
3143, 21, 624, 353, 622, 355, 2, -2, -0.7853981633974483, 2.8284271247461903
3143, 23, 483, 104, 481, 103, 2, 1, 0.4636476090008061, 2.23606797749979
3143, 24, 586, 190, 585, 189, 1, 1, 0.7853981633974483, 1.4142135623730951
3143, 25, 558, 169, 557, 168, 1, 1, 0.7853981633974483, 1.4142135623730951
3143, 27, 432, 170, 433, 173, -1, -3, -1.892546881191539, 3.1622776601683795
3144, 11, 588, 338, 585, 339, 3, -1, -0.3217505543966422, 3.1622776601683795
3144, 12, 620, 349, 618, 351, 2, -2, -0.7853981633974483, 2.8284271247461903
3144, 14, 489, 109, 488, 110, 1, -1, -0.7853981633974483, 1.4142135623730951
3144, 20, 570, 264, 572, 265, -2, -1, -2.677945044588987, 2.23606797749979
3144, 21, 625, 351, 624, 353, 1, -2, -1.1071487177940904, 2.23606797749979
3144, 23, 485, 105, 483, 104, 2, 1, 0.4636476090008061, 2.23606797749979
3144, 24, 587, 191, 586, 190, 1, 1, 0.7853981633974483, 1.4142135623730951
3144, 27, 433, 166, 432, 170, 1, -4, -1.3258176636680326, 4.123105625617661
3145, 3, 498, 104, 496, 103, 2, 1, 0.4636476090008061, 2.23606797749979
3145, 5, 416, 306, 416, 308, 0, -2, -1.5707963267948966, 2.0
3145, 7, 431, 118, 432, 120, -1, -2, -2.0344439357957027, 2.23606797749979
3145, 9, 530, 209, 530, 207, 0, 2, 1.5707963267948966, 2.0
3145, 11, 366, 211, 366, 213, 0, -2, -1.5707963267948966, 2.0
3145, 12, 360, 273, 360, 275, 0, -2, -1.5707963267948966, 2.0
3145, 15, 586, 341, 584, 341, 2, 0, 0.0, 2.0
3145, 16, 410, 210, 410, 212, 0, -2, -1.5707963267948966, 2.0
3145, 17, 301, 329, 300, 328, 1, 1, 0.7853981633974483, 1.4142135623730951
3145, 18, 487, 109, 486, 110, 1, -1, -0.7853981633974483, 1.4142135623730951
3145, 19, 625, 358, 624, 359, 1, -1, -0.7853981633974483, 1.4142135623730951
3145, 31, 525, 175, 524, 174, 1, 1, 0.7853981633974483, 1.4142135623730951
3145, 32, 414, 182, 414, 184, 0, -2, -1.5707963267948966, 2.0
3146, 5, 531, 210, 530, 209, 1, 1, 0.7853981633974483, 1.4142135623730951
3146, 7, 366, 209, 366, 211, 0, -2, -1.5707963267948966, 2.0
3146, 10, 588, 342, 586, 341, 2, 1, 0.4636476090008061, 2.23606797749979
3146, 11, 302, 330, 301, 329, 1, 1, 0.7853981633974483, 1.4142135623730951
3146, 13, 626, 357, 625, 358, 1, -1, -0.7853981633974483, 1.4142135623730951
3147, 1, 501, 105, 499, 104, 2, 1, 0.4636476090008061, 2.23606797749979
3147, 7, 360, 270, 360, 272, 0, -2, -1.5707963267948966, 2.0
3147, 15, 551, 238, 550, 237, 1, 1, 0.7853981633974483, 1.4142135623730951
3147, 17, 422, 286, 422, 288, 0, -2, -1.5707963267948966, 2.0
3147, 24, 526, 177, 525, 176, 1, 1, 0.7853981633974483, 1.4142135623730951
3148, 6, 366, 207, 366, 209, 0, -2, -1.5707963267948966, 2.0
3148, 9, 301, 332, 302, 331, -1, 1, 2.356194490192345, 1.4142135623730951
3148, 16, 426, 334, 425, 335, 1, -1, -0.7853981633974483, 1.4142135623730951
3149, 4, 530, 212, 531, 211, -1, 1, 2.356194490192345, 1.4142135623730951
3149, 6, 367, 206, 366, 207, 1, -1, -0.7853981633974483, 1.4142135623730951
3149, 18, 349, 349, 348, 350, 1, -1, -0.7853981633974483, 1.4142135623730951
3149, 19, 527, 179, 526, 178, 1, 1, 0.7853981633974483, 1.4142135623730951
3150, 5, 415, 305, 417, 306, -2, -1, -2.677945044588987, 2.23606797749979
3150, 10, 360, 269, 360, 271, 0, -2, -1.5707963267948966, 2.0
3150, 18, 592, 229, 591, 227, 1, 2, 1.1071487177940904, 2.23606797749979
3150, 19, 530, 201, 527, 198, 3, 3, 0.7853981633974483, 4.242640687119285
3150, 23, 397, 180, 398, 182, -1, -2, -2.0344439357957027, 2.23606797749979
3150, 32, 545, 148, 544, 147, 1, 1, 0.7853981633974483, 1.4142135623730951
3151, 7, 592, 235, 593, 234, -1, 1, 2.356194490192345, 1.4142135623730951
3151, 12, 399, 235, 401, 236, -2, -1, -2.677945044588987, 2.23606797749979
3151, 15, 532, 203, 530, 201, 2, 2, 0.7853981633974483, 2.8284271247461903
3151, 16, 437, 114, 436, 115, 1, -1, -0.7853981633974483, 1.4142135623730951
3151, 28, 546, 149, 545, 148, 1, 1, 0.7853981633974483, 1.4142135623730951
3152, 1, 504, 106, 503, 105, 1, 1, 0.7853981633974483, 1.4142135623730951
3152, 5, 591, 236, 592, 235, -1, 1, 2.356194490192345, 1.4142135623730951
3152, 11, 592, 232, 592, 230, 0, 2, 1.5707963267948966, 2.0
3152, 12, 532, 205, 532, 203, 0, 2, 1.5707963267948966, 2.0
3152, 13, 438, 113, 437, 114, 1, -1, -0.7853981633974483, 1.4142135623730951
3152, 23, 569, 238, 568, 237, 1, 1, 0.7853981633974483, 1.4142135623730951
3153, 1, 506, 106, 504, 106, 2, 0, 0.0, 2.0
3153, 4, 590, 237, 591, 236, -1, 1, 2.356194490192345, 1.4142135623730951
3153, 9, 590, 234, 592, 232, -2, 2, 2.356194490192345, 2.8284271247461903
3153, 10, 532, 207, 532, 205, 0, 2, 1.5707963267948966, 2.0
3153, 12, 501, 112, 499, 112, 2, 0, 0.0, 2.0
3154, 0, 508, 107, 506, 106, 2, 1, 0.4636476090008061, 2.23606797749979
3154, 3, 619, 290, 618, 289, 1, 1, 0.7853981633974483, 1.4142135623730951
3154, 5, 401, 233, 399, 234, 2, -1, -0.4636476090008061, 2.23606797749979
3154, 9, 440, 113, 438, 113, 2, 0, 0.0, 2.0
3154, 10, 503, 112, 501, 112, 2, 0, 0.0, 2.0
3154, 11, 410, 215, 408, 216, 2, -1, -0.4636476090008061, 2.23606797749979
3154, 16, 479, 130, 478, 131, 1, -1, -0.7853981633974483, 1.4142135623730951
3154, 19, 568, 239, 569, 238, -1, 1, 2.356194490192345, 1.4142135623730951
3154, 20, 548, 151, 547, 150, 1, 1, 0.7853981633974483, 1.4142135623730951
3155, 2, 419, 205, 420, 207, -1, -2, -2.0344439357957027, 2.23606797749979
3155, 3, 509, 107, 506, 106, 3, 1, 0.3217505543966422, 3.1622776601683795
3155, 5, 440, 116, 439, 117, 1, -1, -0.7853981633974483, 1.4142135623730951
3155, 14, 584, 354, 583, 355, 1, -1, -0.7853981633974483, 1.4142135623730951
3155, 15, 505, 114, 502, 113, 3, 1, 0.3217505543966422, 3.1622776601683795
3155, 20, 374, 265, 373, 267, 1, -2, -1.1071487177940904, 2.23606797749979
3155, 27, 444, 314, 444, 316, 0, -2, -1.5707963267948966, 2.0
3155, 28, 297, 334, 299, 334, -2, 0, 3.141592653589793, 2.0
3155, 29, 630, 364, 628, 364, 2, 0, 0.0, 2.0
3155, 32, 414, 281, 415, 283, -1, -2, -2.0344439357957027, 2.23606797749979
3156, 0, 378, 257, 379, 259, -1, -2, -2.0344439357957027, 2.23606797749979
3156, 1, 424, 175, 424, 177, 0, -2, -1.5707963267948966, 2.0
3156, 5, 635, 358, 634, 359, 1, -1, -0.7853981633974483, 1.4142135623730951
3156, 8, 299, 298, 300, 297, -1, 1, 2.356194490192345, 1.4142135623730951
3156, 9, 585, 356, 584, 354, 1, 2, 1.1071487177940904, 2.23606797749979
3156, 15, 375, 264, 374, 265, 1, -1, -0.7853981633974483, 1.4142135623730951
3156, 21, 632, 363, 630, 364, 2, -1, -0.4636476090008061, 2.23606797749979
3156, 23, 550, 154, 547, 152, 3, 2, 0.5880026035475675, 3.605551275463989
3156, 24, 414, 279, 414, 281, 0, -2, -1.5707963267948966, 2.0
3157, 1, 512, 107, 510, 107, 2, 0, 0.0, 2.0
3157, 4, 635, 356, 635, 358, 0, -2, -1.5707963267948966, 2.0
3157, 8, 586, 355, 585, 356, 1, -1, -0.7853981633974483, 1.4142135623730951
3157, 19, 634, 362, 632, 363, 2, -1, -0.4636476090008061, 2.23606797749979
3157, 20, 404, 262, 405, 264, -1, -2, -2.0344439357957027, 2.23606797749979
3157, 21, 551, 155, 550, 154, 1, 1, 0.7853981633974483, 1.4142135623730951
3157, 22, 413, 276, 414, 279, -1, -3, -1.892546881191539, 3.1622776601683795
3158, 1, 514, 108, 512, 107, 2, 1, 0.4636476090008061, 2.23606797749979
3158, 9, 509, 114, 507, 114, 2, 0, 0.0, 2.0
3158, 10, 602, 242, 603, 241, -1, 1, 2.356194490192345, 1.4142135623730951
3158, 12, 447, 163, 448, 165, -1, -2, -2.0344439357957027, 2.23606797749979
3158, 14, 374, 261, 375, 263, -1, -2, -2.0344439357957027, 2.23606797749979
3158, 19, 635, 361, 634, 362, 1, -1, -0.7853981633974483, 1.4142135623730951
3158, 21, 552, 156, 551, 155, 1, 1, 0.7853981633974483, 1.4142135623730951
3158, 22, 412, 273, 413, 276, -1, -3, -1.892546881191539, 3.1622776601683795
3159, 1, 517, 108, 514, 108, 3, 0, 0.0, 3.0
3159, 5, 393, 236, 393, 238, 0, -2, -1.5707963267948966, 2.0
3159, 7, 588, 354, 587, 355, 1, -1, -0.7853981633974483, 1.4142135623730951
3159, 19, 553, 157, 552, 156, 1, 1, 0.7853981633974483, 1.4142135623730951
3159, 20, 411, 270, 412, 273, -1, -3, -1.892546881191539, 3.1622776601683795
3160, 1, 514, 109, 512, 109, 2, 0, 0.0, 2.0
3160, 2, 603, 247, 604, 246, -1, 1, 2.356194490192345, 1.4142135623730951
3160, 6, 635, 355, 634, 356, 1, -1, -0.7853981633974483, 1.4142135623730951
3160, 8, 593, 248, 594, 247, -1, 1, 2.356194490192345, 1.4142135623730951
3160, 13, 420, 277, 420, 279, 0, -2, -1.5707963267948966, 2.0
3160, 20, 448, 164, 449, 166, -1, -2, -2.0344439357957027, 2.23606797749979
3160, 23, 300, 338, 299, 337, 1, 1, 0.7853981633974483, 1.4142135623730951
3160, 24, 291, 333, 293, 333, -2, 0, 3.141592653589793, 2.0
3160, 28, 359, 266, 360, 268, -1, -2, -2.0344439357957027, 2.23606797749979
3160, 32, 416, 180, 417, 182, -1, -2, -2.0344439357957027, 2.23606797749979
3160, 34, 552, 156, 551, 155, 1, 1, 0.7853981633974483, 1.4142135623730951
3160, 35, 415, 300, 415, 302, 0, -2, -1.5707963267948966, 2.0
3161, 4, 368, 202, 368, 204, 0, -2, -1.5707963267948966, 2.0
3161, 11, 539, 222, 540, 221, -1, 1, 2.356194490192345, 1.4142135623730951
3161, 19, 449, 163, 448, 164, 1, -1, -0.7853981633974483, 1.4142135623730951
3161, 21, 299, 339, 300, 338, -1, 1, 2.356194490192345, 1.4142135623730951
3161, 22, 289, 333, 291, 333, -2, 0, 3.141592653589793, 2.0
3161, 25, 359, 264, 359, 266, 0, -2, -1.5707963267948966, 2.0
3161, 28, 556, 197, 557, 199, -1, -2, -2.0344439357957027, 2.23606797749979
3161, 29, 444, 116, 443, 117, 1, -1, -0.7853981633974483, 1.4142135623730951
3162, 0, 517, 109, 515, 109, 2, 0, 0.0, 2.0
3162, 4, 368, 200, 368, 202, 0, -2, -1.5707963267948966, 2.0
3162, 7, 592, 249, 593, 248, -1, 1, 2.356194490192345, 1.4142135623730951
3162, 14, 532, 216, 532, 214, 0, 2, 1.5707963267948966, 2.0
3162, 19, 553, 244, 552, 243, 1, 1, 0.7853981633974483, 1.4142135623730951
3162, 21, 287, 333, 289, 333, -2, 0, 3.141592653589793, 2.0
3162, 22, 364, 360, 365, 359, -1, 1, 2.356194490192345, 1.4142135623730951
3162, 24, 358, 262, 359, 264, -1, -2, -2.0344439357957027, 2.23606797749979
3162, 26, 357, 297, 358, 299, -1, -2, -2.0344439357957027, 2.23606797749979
3162, 28, 553, 158, 552, 157, 1, 1, 0.7853981633974483, 1.4142135623730951
3162, 31, 585, 237, 587, 238, -2, -1, -2.677945044588987, 2.23606797749979
3163, 0, 518, 110, 517, 109, 1, 1, 0.7853981633974483, 1.4142135623730951
3163, 14, 531, 217, 532, 216, -1, 1, 2.356194490192345, 1.4142135623730951
3163, 18, 449, 161, 449, 163, 0, -2, -1.5707963267948966, 2.0
3163, 20, 285, 332, 287, 333, -2, -1, -2.677945044588987, 2.23606797749979
3163, 23, 358, 260, 358, 262, 0, -2, -1.5707963267948966, 2.0
3163, 25, 446, 115, 445, 116, 1, -1, -0.7853981633974483, 1.4142135623730951
3164, 4, 367, 198, 367, 200, 0, -2, -1.5707963267948966, 2.0
3164, 5, 632, 356, 633, 355, -1, 1, 2.356194490192345, 1.4142135623730951
3164, 11, 538, 224, 539, 223, -1, 1, 2.356194490192345, 1.4142135623730951
3164, 12, 414, 311, 413, 312, 1, -1, -0.7853981633974483, 1.4142135623730951
3164, 14, 530, 219, 531, 217, -1, 2, 2.0344439357957027, 2.23606797749979
3164, 15, 536, 192, 535, 191, 1, 1, 0.7853981633974483, 1.4142135623730951
3164, 20, 283, 331, 285, 332, -2, -1, -2.677945044588987, 2.23606797749979
3164, 23, 358, 258, 358, 260, 0, -2, -1.5707963267948966, 2.0
3164, 25, 448, 115, 446, 115, 2, 0, 0.0, 2.0
3164, 29, 582, 236, 584, 237, -2, -1, -2.677945044588987, 2.23606797749979
3165, 7, 587, 352, 588, 351, -1, 1, 2.356194490192345, 1.4142135623730951
3165, 18, 297, 303, 298, 302, -1, 1, 2.356194490192345, 1.4142135623730951
3165, 21, 512, 125, 510, 126, 2, -1, -0.4636476090008061, 2.23606797749979
3165, 24, 359, 264, 360, 266, -1, -2, -2.0344439357957027, 2.23606797749979
3165, 25, 496, 155, 495, 156, 1, -1, -0.7853981633974483, 1.4142135623730951
3165, 26, 635, 357, 637, 357, -2, 0, 3.141592653589793, 2.0
3165, 27, 535, 220, 534, 218, 1, 2, 1.1071487177940904, 2.23606797749979
3165, 28, 491, 124, 490, 125, 1, -1, -0.7853981633974483, 1.4142135623730951
3165, 36, 420, 332, 420, 334, 0, -2, -1.5707963267948966, 2.0
3166, 1, 424, 170, 424, 172, 0, -2, -1.5707963267948966, 2.0
3166, 2, 519, 112, 518, 111, 1, 1, 0.7853981633974483, 1.4142135623730951
3166, 3, 416, 311, 415, 312, 1, -1, -0.7853981633974483, 1.4142135623730951
3166, 6, 585, 352, 587, 352, -2, 0, 3.141592653589793, 2.0
3166, 8, 511, 114, 509, 114, 2, 0, 0.0, 2.0
3166, 14, 603, 249, 604, 248, -1, 1, 2.356194490192345, 1.4142135623730951
3166, 21, 450, 117, 449, 118, 1, -1, -0.7853981633974483, 1.4142135623730951
3166, 22, 359, 262, 359, 264, 0, -2, -1.5707963267948966, 2.0
3166, 25, 535, 222, 535, 220, 0, 2, 1.5707963267948966, 2.0
3166, 33, 421, 330, 420, 332, 1, -2, -1.1071487177940904, 2.23606797749979
3167, 2, 520, 113, 519, 112, 1, 1, 0.7853981633974483, 1.4142135623730951
3167, 3, 416, 309, 416, 311, 0, -2, -1.5707963267948966, 2.0
3167, 7, 512, 115, 511, 114, 1, 1, 0.7853981633974483, 1.4142135623730951
3167, 18, 451, 116, 450, 117, 1, -1, -0.7853981633974483, 1.4142135623730951
3167, 19, 359, 260, 359, 262, 0, -2, -1.5707963267948966, 2.0
3167, 25, 452, 163, 451, 164, 1, -1, -0.7853981633974483, 1.4142135623730951
3167, 30, 422, 329, 421, 330, 1, -1, -0.7853981633974483, 1.4142135623730951
3168, 2, 521, 114, 520, 113, 1, 1, 0.7853981633974483, 1.4142135623730951
3168, 3, 416, 307, 416, 309, 0, -2, -1.5707963267948966, 2.0
3168, 6, 514, 115, 512, 115, 2, 0, 0.0, 2.0
3168, 11, 601, 250, 602, 249, -1, 1, 2.356194490192345, 1.4142135623730951
3168, 14, 294, 304, 295, 303, -1, 1, 2.356194490192345, 1.4142135623730951
3168, 17, 452, 114, 451, 116, 1, -2, -1.1071487177940904, 2.23606797749979
3168, 18, 358, 258, 359, 260, -1, -2, -2.0344439357957027, 2.23606797749979
3168, 22, 493, 122, 491, 123, 2, -1, -0.4636476090008061, 2.23606797749979
3168, 26, 612, 335, 611, 336, 1, -1, -0.7853981633974483, 1.4142135623730951
3169, 2, 522, 115, 521, 114, 1, 1, 0.7853981633974483, 1.4142135623730951
3169, 6, 515, 116, 514, 115, 1, 1, 0.7853981633974483, 1.4142135623730951
3169, 12, 538, 197, 537, 196, 1, 1, 0.7853981633974483, 1.4142135623730951
3169, 17, 452, 112, 452, 114, 0, -2, -1.5707963267948966, 2.0
3169, 18, 357, 256, 358, 258, -1, -2, -2.0344439357957027, 2.23606797749979
3169, 20, 635, 356, 634, 357, 1, -1, -0.7853981633974483, 1.4142135623730951
3169, 22, 494, 121, 493, 122, 1, -1, -0.7853981633974483, 1.4142135623730951
3169, 23, 574, 182, 573, 181, 1, 1, 0.7853981633974483, 1.4142135623730951
3169, 26, 613, 334, 612, 335, 1, -1, -0.7853981633974483, 1.4142135623730951
3169, 29, 423, 326, 422, 328, 1, -2, -1.1071487177940904, 2.23606797749979
3170, 3, 523, 115, 522, 114, 1, 1, 0.7853981633974483, 1.4142135623730951
3170, 4, 466, 305, 466, 307, 0, -2, -1.5707963267948966, 2.0
3170, 13, 517, 121, 515, 121, 2, 0, 0.0, 2.0
3170, 18, 585, 350, 584, 351, 1, -1, -0.7853981633974483, 1.4142135623730951
3170, 21, 358, 259, 359, 261, -1, -2, -2.0344439357957027, 2.23606797749979
3170, 22, 455, 117, 454, 118, 1, -1, -0.7853981633974483, 1.4142135623730951
3170, 23, 371, 352, 369, 355, 2, -3, -0.982793723247329, 3.605551275463989
3170, 27, 634, 355, 632, 357, 2, -2, -0.7853981633974483, 2.8284271247461903
3170, 37, 415, 299, 415, 301, 0, -2, -1.5707963267948966, 2.0
3170, 38, 439, 167, 439, 170, 0, -3, -1.5707963267948966, 3.0
3171, 1, 425, 169, 425, 171, 0, -2, -1.5707963267948966, 2.0
3171, 3, 524, 116, 523, 115, 1, 1, 0.7853981633974483, 1.4142135623730951
3171, 5, 592, 242, 591, 243, 1, -1, -0.7853981633974483, 1.4142135623730951
3171, 10, 518, 122, 517, 121, 1, 1, 0.7853981633974483, 1.4142135623730951
3171, 11, 536, 219, 534, 219, 2, 0, 0.0, 2.0
3171, 14, 588, 347, 585, 350, 3, -3, -0.7853981633974483, 4.242640687119285
3171, 17, 358, 257, 358, 259, 0, -2, -1.5707963267948966, 2.0
3171, 18, 455, 115, 455, 117, 0, -2, -1.5707963267948966, 2.0
3171, 19, 373, 349, 371, 352, 2, -3, -0.982793723247329, 3.605551275463989
3171, 22, 448, 115, 447, 117, 1, -2, -1.1071487177940904, 2.23606797749979
3171, 23, 635, 353, 634, 355, 1, -2, -1.1071487177940904, 2.23606797749979
3171, 24, 583, 245, 582, 244, 1, 1, 0.7853981633974483, 1.4142135623730951
3171, 26, 591, 352, 590, 354, 1, -2, -1.1071487177940904, 2.23606797749979
3171, 27, 577, 181, 576, 180, 1, 1, 0.7853981633974483, 1.4142135623730951
3171, 28, 508, 114, 509, 116, -1, -2, -2.0344439357957027, 2.23606797749979
3171, 29, 297, 306, 298, 305, -1, 1, 2.356194490192345, 1.4142135623730951
3171, 33, 415, 297, 415, 299, 0, -2, -1.5707963267948966, 2.0
3171, 34, 439, 164, 439, 167, 0, -3, -1.5707963267948966, 3.0
3172, 1, 426, 167, 425, 169, 1, -2, -1.1071487177940904, 2.23606797749979
3172, 5, 599, 279, 600, 278, -1, 1, 2.356194490192345, 1.4142135623730951
3172, 13, 590, 345, 588, 347, 2, -2, -0.7853981633974483, 2.8284271247461903
3172, 14, 360, 343, 359, 344, 1, -1, -0.7853981633974483, 1.4142135623730951
3172, 16, 357, 255, 358, 257, -1, -2, -2.0344439357957027, 2.23606797749979
3172, 18, 375, 346, 373, 349, 2, -3, -0.982793723247329, 3.605551275463989
3172, 20, 453, 162, 452, 163, 1, -1, -0.7853981633974483, 1.4142135623730951
3172, 22, 635, 349, 635, 353, 0, -4, -1.5707963267948966, 4.0
3172, 23, 581, 245, 583, 245, -2, 0, 3.141592653589793, 2.0
3172, 25, 593, 350, 591, 352, 2, -2, -0.7853981633974483, 2.8284271247461903
3172, 26, 578, 180, 577, 181, 1, -1, -0.7853981633974483, 1.4142135623730951
3172, 27, 507, 112, 508, 114, -1, -2, -2.0344439357957027, 2.23606797749979
3172, 32, 440, 160, 439, 164, 1, -4, -1.3258176636680326, 4.123105625617661
3172, 34, 573, 277, 574, 276, -1, 1, 2.356194490192345, 1.4142135623730951
3173, 4, 593, 241, 592, 242, 1, -1, -0.7853981633974483, 1.4142135623730951
3173, 11, 593, 343, 590, 345, 3, -2, -0.5880026035475675, 3.605551275463989
3173, 12, 361, 342, 360, 343, 1, -1, -0.7853981633974483, 1.4142135623730951
3173, 14, 357, 253, 357, 255, 0, -2, -1.5707963267948966, 2.0
3173, 16, 377, 342, 375, 346, 2, -4, -1.1071487177940904, 4.47213595499958
3173, 20, 580, 246, 581, 245, -1, 1, 2.356194490192345, 1.4142135623730951
3173, 22, 595, 349, 593, 350, 2, -1, -0.4636476090008061, 2.23606797749979
3173, 23, 579, 181, 578, 180, 1, 1, 0.7853981633974483, 1.4142135623730951
3173, 28, 415, 294, 415, 296, 0, -2, -1.5707963267948966, 2.0
3173, 29, 441, 155, 440, 160, 1, -5, -1.373400766945016, 5.0990195135927845
3173, 30, 564, 268, 566, 267, -2, 1, 2.677945044588987, 2.23606797749979
3173, 31, 571, 278, 573, 277, -2, 1, 2.677945044588987, 2.23606797749979
3174, 0, 382, 249, 381, 250, 1, -1, -0.7853981633974483, 1.4142135623730951
3174, 1, 427, 165, 426, 167, 1, -2, -1.1071487177940904, 2.23606797749979
3174, 2, 527, 118, 525, 117, 2, 1, 0.4636476090008061, 2.23606797749979
3174, 7, 521, 122, 519, 122, 2, 0, 0.0, 2.0
3174, 9, 611, 293, 610, 292, 1, 1, 0.7853981633974483, 1.4142135623730951
3174, 10, 594, 341, 593, 343, 1, -2, -1.1071487177940904, 2.23606797749979
3174, 13, 357, 251, 357, 253, 0, -2, -1.5707963267948966, 2.0
3174, 14, 456, 112, 455, 113, 1, -1, -0.7853981633974483, 1.4142135623730951
3174, 15, 379, 338, 377, 342, 2, -4, -1.1071487177940904, 4.47213595499958
3174, 18, 635, 350, 635, 348, 0, 2, 1.5707963267948966, 2.0
3174, 21, 597, 348, 595, 349, 2, -1, -0.4636476090008061, 2.23606797749979
3174, 23, 296, 307, 297, 306, -1, 1, 2.356194490192345, 1.4142135623730951
3174, 26, 415, 292, 415, 294, 0, -2, -1.5707963267948966, 2.0
3174, 27, 562, 269, 564, 268, -2, 1, 2.677945044588987, 2.23606797749979
3174, 29, 461, 299, 460, 300, 1, -1, -0.7853981633974483, 1.4142135623730951
3174, 32, 541, 197, 540, 196, 1, 1, 0.7853981633974483, 1.4142135623730951
3175, 1, 427, 167, 427, 169, 0, -2, -1.5707963267948966, 2.0
3175, 2, 527, 118, 526, 117, 1, 1, 0.7853981633974483, 1.4142135623730951
3175, 8, 596, 349, 594, 349, 2, 0, 0.0, 2.0
3175, 10, 601, 282, 602, 281, -1, 1, 2.356194490192345, 1.4142135623730951
3175, 15, 460, 118, 459, 119, 1, -1, -0.7853981633974483, 1.4142135623730951
3175, 16, 361, 255, 361, 257, 0, -2, -1.5707963267948966, 2.0
3175, 21, 396, 170, 396, 172, 0, -2, -1.5707963267948966, 2.0
3175, 23, 376, 175, 377, 177, -1, -2, -2.0344439357957027, 2.23606797749979
3175, 26, 294, 338, 296, 339, -2, -1, -2.677945044588987, 2.23606797749979
3176, 1, 530, 118, 527, 118, 3, 0, 0.0, 3.0
3176, 3, 522, 125, 521, 124, 1, 1, 0.7853981633974483, 1.4142135623730951
3176, 5, 598, 349, 596, 349, 2, 0, 0.0, 2.0
3176, 11, 461, 117, 460, 118, 1, -1, -0.7853981633974483, 1.4142135623730951
3176, 20, 292, 338, 294, 338, -2, 0, 3.141592653589793, 2.0
3176, 23, 442, 186, 444, 189, -2, -3, -2.158798930342464, 3.605551275463989
3176, 24, 594, 198, 592, 201, 2, -3, -0.982793723247329, 3.605551275463989
3177, 1, 533, 119, 530, 118, 3, 1, 0.3217505543966422, 3.1622776601683795
3177, 6, 372, 196, 371, 197, 1, -1, -0.7853981633974483, 1.4142135623730951
3177, 8, 540, 231, 539, 230, 1, 1, 0.7853981633974483, 1.4142135623730951
3177, 10, 462, 116, 461, 117, 1, -1, -0.7853981633974483, 1.4142135623730951
3177, 14, 604, 249, 605, 248, -1, 1, 2.356194490192345, 1.4142135623730951
3177, 17, 454, 158, 453, 159, 1, -1, -0.7853981633974483, 1.4142135623730951
3177, 19, 290, 339, 292, 338, -2, 1, 2.677945044588987, 2.23606797749979
3178, 1, 535, 120, 533, 119, 2, 1, 0.4636476090008061, 2.23606797749979
3178, 10, 463, 115, 462, 116, 1, -1, -0.7853981633974483, 1.4142135623730951
3178, 15, 396, 166, 396, 168, 0, -2, -1.5707963267948966, 2.0
3178, 18, 287, 339, 290, 339, -3, 0, 3.141592653589793, 3.0
3178, 19, 543, 201, 542, 200, 1, 1, 0.7853981633974483, 1.4142135623730951
3179, 6, 372, 194, 372, 196, 0, -2, -1.5707963267948966, 2.0
3179, 16, 286, 340, 287, 339, -1, 1, 2.356194490192345, 1.4142135623730951
3180, 5, 400, 226, 402, 227, -2, -1, -2.677945044588987, 2.23606797749979
3180, 9, 361, 250, 361, 252, 0, -2, -1.5707963267948966, 2.0
3180, 15, 450, 108, 450, 110, 0, -2, -1.5707963267948966, 2.0
3180, 21, 515, 123, 516, 125, -1, -2, -2.0344439357957027, 2.23606797749979
3180, 22, 591, 249, 592, 248, -1, 1, 2.356194490192345, 1.4142135623730951
3180, 25, 443, 305, 444, 307, -1, -2, -2.0344439357957027, 2.23606797749979
3180, 31, 356, 338, 355, 340, 1, -2, -1.1071487177940904, 2.23606797749979
3180, 32, 453, 158, 452, 159, 1, -1, -0.7853981633974483, 1.4142135623730951
3181, 1, 419, 194, 420, 196, -1, -2, -2.0344439357957027, 2.23606797749979
3181, 2, 429, 165, 429, 167, 0, -2, -1.5707963267948966, 2.0
3181, 3, 533, 122, 532, 121, 1, 1, 0.7853981633974483, 1.4142135623730951
3181, 9, 360, 248, 361, 250, -1, -2, -2.0344439357957027, 2.23606797749979
3181, 10, 596, 354, 597, 353, -1, 1, 2.356194490192345, 1.4142135623730951
3181, 14, 452, 107, 450, 108, 2, -1, -0.4636476090008061, 2.23606797749979
3181, 18, 537, 218, 535, 217, 2, 1, 0.4636476090008061, 2.23606797749979
3181, 19, 589, 243, 588, 241, 1, 2, 1.1071487177940904, 2.23606797749979
3181, 20, 513, 121, 515, 123, -2, -2, -2.356194490192345, 2.8284271247461903
3181, 29, 357, 336, 356, 338, 1, -2, -1.1071487177940904, 2.23606797749979
3182, 0, 418, 192, 419, 194, -1, -2, -2.0344439357957027, 2.23606797749979
3182, 1, 429, 163, 429, 165, 0, -2, -1.5707963267948966, 2.0
3182, 2, 534, 123, 533, 122, 1, 1, 0.7853981633974483, 1.4142135623730951
3182, 6, 604, 287, 602, 284, 2, 3, 0.982793723247329, 3.605551275463989
3182, 8, 359, 246, 360, 248, -1, -2, -2.0344439357957027, 2.23606797749979
3182, 13, 455, 106, 452, 107, 3, -1, -0.3217505543966422, 3.1622776601683795
3182, 17, 540, 219, 537, 218, 3, 1, 0.3217505543966422, 3.1622776601683795
3182, 18, 591, 246, 589, 243, 2, 3, 0.982793723247329, 3.605551275463989
3182, 19, 512, 119, 513, 121, -1, -2, -2.0344439357957027, 2.23606797749979
3182, 20, 590, 251, 591, 250, -1, 1, 2.356194490192345, 1.4142135623730951
3182, 23, 444, 301, 443, 304, 1, -3, -1.2490457723982544, 3.1622776601683795
3182, 25, 587, 255, 589, 255, -2, 0, 3.141592653589793, 2.0
3183, 1, 430, 161, 429, 163, 1, -2, -1.1071487177940904, 2.23606797749979
3183, 2, 535, 124, 534, 123, 1, 1, 0.7853981633974483, 1.4142135623730951
3183, 8, 359, 244, 359, 246, 0, -2, -1.5707963267948966, 2.0
3183, 12, 602, 251, 603, 250, -1, 1, 2.356194490192345, 1.4142135623730951
3183, 13, 458, 105, 455, 106, 3, -1, -0.3217505543966422, 3.1622776601683795
3183, 17, 541, 222, 540, 219, 1, 3, 1.2490457723982544, 3.1622776601683795
3183, 19, 515, 118, 512, 119, 3, -1, -0.3217505543966422, 3.1622776601683795
3183, 22, 541, 222, 541, 220, 0, 2, 1.5707963267948966, 2.0
3183, 25, 358, 333, 357, 335, 1, -2, -1.1071487177940904, 2.23606797749979
3183, 26, 454, 155, 453, 156, 1, -1, -0.7853981633974483, 1.4142135623730951
3184, 1, 430, 159, 430, 161, 0, -2, -1.5707963267948966, 2.0
3184, 2, 537, 126, 535, 124, 2, 2, 0.7853981633974483, 2.8284271247461903
3184, 5, 635, 325, 633, 324, 2, 1, 0.4636476090008061, 2.23606797749979
3184, 14, 541, 224, 541, 222, 0, 2, 1.5707963267948966, 2.0
3184, 15, 590, 249, 591, 247, -1, 2, 2.0344439357957027, 2.23606797749979
3184, 16, 515, 121, 515, 118, 0, 3, 1.5707963267948966, 3.0
3184, 19, 541, 224, 541, 222, 0, 2, 1.5707963267948966, 2.0
3185, 1, 419, 193, 420, 195, -1, -2, -2.0344439357957027, 2.23606797749979
3185, 2, 430, 163, 430, 165, 0, -2, -1.5707963267948966, 2.0
3185, 3, 538, 126, 536, 124, 2, 2, 0.7853981633974483, 2.8284271247461903
3185, 5, 461, 110, 459, 110, 2, 0, 0.0, 2.0
3185, 8, 589, 250, 590, 248, -1, 2, 2.0344439357957027, 2.23606797749979
3185, 14, 524, 126, 523, 124, 1, 2, 1.1071487177940904, 2.23606797749979
3185, 17, 398, 166, 398, 168, 0, -2, -1.5707963267948966, 2.0
3185, 19, 622, 338, 620, 338, 2, 0, 0.0, 2.0
3185, 21, 451, 168, 449, 169, 2, -1, -0.4636476090008061, 2.23606797749979
3185, 33, 359, 245, 359, 250, 0, -5, -1.5707963267948966, 5.0
3186, 2, 540, 127, 538, 126, 2, 1, 0.4636476090008061, 2.23606797749979
3186, 11, 540, 225, 541, 224, -1, 1, 2.356194490192345, 1.4142135623730951
3186, 13, 525, 128, 524, 126, 1, 2, 1.1071487177940904, 2.23606797749979
3186, 14, 303, 341, 305, 341, -2, 0, 3.141592653589793, 2.0
3186, 19, 379, 253, 379, 255, 0, -2, -1.5707963267948966, 2.0
3186, 20, 452, 167, 451, 168, 1, -1, -0.7853981633974483, 1.4142135623730951
3186, 26, 458, 156, 457, 158, 1, -2, -1.1071487177940904, 2.23606797749979
3187, 1, 541, 130, 540, 127, 1, 3, 1.2490457723982544, 3.1622776601683795
3187, 2, 624, 273, 624, 271, 0, 2, 1.5707963267948966, 2.0
3187, 5, 601, 354, 600, 355, 1, -1, -0.7853981633974483, 1.4142135623730951
3187, 6, 588, 251, 589, 250, -1, 1, 2.356194490192345, 1.4142135623730951
3187, 7, 373, 191, 373, 193, 0, -2, -1.5707963267948966, 2.0
3187, 17, 453, 166, 452, 167, 1, -1, -0.7853981633974483, 1.4142135623730951
3187, 18, 545, 206, 546, 205, -1, 1, 2.356194490192345, 1.4142135623730951
3187, 21, 336, 356, 335, 357, 1, -1, -0.7853981633974483, 1.4142135623730951
3188, 0, 430, 159, 430, 161, 0, -2, -1.5707963267948966, 2.0
3188, 3, 464, 109, 463, 110, 1, -1, -0.7853981633974483, 1.4142135623730951
3188, 5, 602, 353, 601, 354, 1, -1, -0.7853981633974483, 1.4142135623730951
3188, 6, 373, 189, 373, 191, 0, -2, -1.5707963267948966, 2.0
3188, 11, 300, 341, 302, 341, -2, 0, 3.141592653589793, 2.0
3188, 15, 380, 252, 379, 253, 1, -1, -0.7853981633974483, 1.4142135623730951
3188, 16, 454, 165, 453, 166, 1, -1, -0.7853981633974483, 1.4142135623730951
3188, 19, 366, 341, 365, 343, 1, -2, -1.1071487177940904, 2.23606797749979
3188, 20, 338, 355, 336, 356, 2, -1, -0.4636476090008061, 2.23606797749979
3188, 21, 459, 153, 458, 155, 1, -2, -1.1071487177940904, 2.23606797749979
3188, 23, 443, 264, 442, 265, 1, -1, -0.7853981633974483, 1.4142135623730951
3189, 1, 542, 132, 541, 131, 1, 1, 0.7853981633974483, 1.4142135623730951
3189, 3, 465, 108, 464, 109, 1, -1, -0.7853981633974483, 1.4142135623730951
3189, 10, 298, 341, 300, 341, -2, 0, 3.141592653589793, 2.0
3189, 18, 340, 354, 338, 355, 2, -1, -0.4636476090008061, 2.23606797749979
3189, 19, 460, 152, 459, 153, 1, -1, -0.7853981633974483, 1.4142135623730951
3189, 20, 601, 244, 601, 246, 0, -2, -1.5707963267948966, 2.0
3190, 3, 542, 130, 541, 129, 1, 1, 0.7853981633974483, 1.4142135623730951
3190, 10, 373, 190, 373, 192, 0, -2, -1.5707963267948966, 2.0
3190, 18, 398, 221, 398, 223, 0, -2, -1.5707963267948966, 2.0
3190, 19, 464, 111, 464, 113, 0, -2, -1.5707963267948966, 2.0
3190, 20, 437, 330, 437, 332, 0, -2, -1.5707963267948966, 2.0
3190, 27, 396, 232, 397, 234, -1, -2, -2.0344439357957027, 2.23606797749979
3190, 29, 481, 155, 480, 156, 1, -1, -0.7853981633974483, 1.4142135623730951
3190, 32, 417, 289, 417, 291, 0, -2, -1.5707963267948966, 2.0
3190, 33, 460, 156, 460, 158, 0, -2, -1.5707963267948966, 2.0
3190, 35, 313, 345, 311, 344, 2, 1, 0.4636476090008061, 2.23606797749979
3190, 38, 359, 243, 359, 245, 0, -2, -1.5707963267948966, 2.0
3190, 39, 588, 189, 587, 188, 1, 1, 0.7853981633974483, 1.4142135623730951
3191, 2, 544, 131, 542, 130, 2, 1, 0.4636476090008061, 2.23606797749979
3191, 8, 604, 261, 605, 260, -1, 1, 2.356194490192345, 1.4142135623730951
3191, 9, 371, 187, 373, 190, -2, -3, -2.158798930342464, 3.605551275463989
3191, 16, 398, 219, 398, 221, 0, -2, -1.5707963267948966, 2.0
3191, 19, 539, 244, 541, 244, -2, 0, 3.141592653589793, 2.0
3191, 24, 297, 341, 299, 341, -2, 0, 3.141592653589793, 2.0
3191, 26, 297, 313, 298, 312, -1, 1, 2.356194490192345, 1.4142135623730951
3191, 30, 459, 154, 460, 156, -1, -2, -2.0344439357957027, 2.23606797749979
3191, 34, 359, 241, 359, 243, 0, -2, -1.5707963267948966, 2.0
3191, 36, 366, 341, 365, 342, 1, -1, -0.7853981633974483, 1.4142135623730951
3192, 0, 546, 132, 544, 131, 2, 1, 0.4636476090008061, 2.23606797749979
3192, 11, 489, 147, 488, 148, 1, -1, -0.7853981633974483, 1.4142135623730951
3192, 14, 399, 217, 398, 219, 1, -2, -1.1071487177940904, 2.23606797749979
3192, 15, 466, 110, 465, 111, 1, -1, -0.7853981633974483, 1.4142135623730951
3192, 16, 438, 328, 437, 329, 1, -1, -0.7853981633974483, 1.4142135623730951
3192, 17, 540, 242, 539, 244, 1, -2, -1.1071487177940904, 2.23606797749979
3192, 22, 295, 341, 297, 341, -2, 0, 3.141592653589793, 2.0
3192, 28, 315, 344, 314, 345, 1, -1, -0.7853981633974483, 1.4142135623730951
3192, 30, 435, 184, 435, 186, 0, -2, -1.5707963267948966, 2.0
3192, 31, 358, 239, 359, 241, -1, -2, -2.0344439357957027, 2.23606797749979
3192, 32, 589, 190, 588, 189, 1, 1, 0.7853981633974483, 1.4142135623730951
3192, 33, 367, 340, 366, 341, 1, -1, -0.7853981633974483, 1.4142135623730951
3193, 0, 549, 133, 546, 132, 3, 1, 0.3217505543966422, 3.1622776601683795
3193, 13, 398, 218, 399, 217, -1, 1, 2.356194490192345, 1.4142135623730951
3193, 14, 467, 109, 466, 110, 1, -1, -0.7853981633974483, 1.4142135623730951
3193, 15, 439, 324, 438, 328, 1, -4, -1.3258176636680326, 4.123105625617661
3193, 17, 377, 346, 379, 346, -2, 0, 3.141592653589793, 2.0
3193, 26, 435, 181, 435, 184, 0, -3, -1.5707963267948966, 3.0
3193, 27, 358, 237, 358, 239, 0, -2, -1.5707963267948966, 2.0
3193, 29, 368, 336, 367, 340, 1, -4, -1.3258176636680326, 4.123105625617661
3194, 0, 550, 134, 549, 133, 1, 1, 0.7853981633974483, 1.4142135623730951
3194, 12, 468, 110, 467, 109, 1, 1, 0.7853981633974483, 1.4142135623730951
3194, 22, 460, 151, 459, 152, 1, -1, -0.7853981633974483, 1.4142135623730951
3194, 24, 435, 179, 435, 181, 0, -2, -1.5707963267948966, 2.0
3194, 25, 358, 235, 358, 237, 0, -2, -1.5707963267948966, 2.0
3194, 26, 590, 191, 588, 190, 2, 1, 0.4636476090008061, 2.23606797749979
3195, 4, 467, 300, 469, 300, -2, 0, 3.141592653589793, 2.0
3195, 16, 418, 266, 418, 268, 0, -2, -1.5707963267948966, 2.0
3195, 18, 530, 139, 529, 140, 1, -1, -0.7853981633974483, 1.4142135623730951
3195, 24, 598, 355, 597, 356, 1, -1, -0.7853981633974483, 1.4142135623730951
3195, 39, 468, 114, 467, 113, 1, 1, 0.7853981633974483, 1.4142135623730951
3196, 1, 434, 159, 433, 160, 1, -1, -0.7853981633974483, 1.4142135623730951
3196, 2, 548, 135, 546, 134, 2, 1, 0.4636476090008061, 2.23606797749979
3196, 14, 418, 264, 418, 266, 0, -2, -1.5707963267948966, 2.0
3196, 17, 399, 162, 399, 164, 0, -2, -1.5707963267948966, 2.0
3196, 19, 599, 354, 598, 355, 1, -1, -0.7853981633974483, 1.4142135623730951
3196, 25, 606, 355, 605, 356, 1, -1, -0.7853981633974483, 1.4142135623730951
3196, 26, 449, 158, 449, 160, 0, -2, -1.5707963267948966, 2.0
3196, 29, 395, 269, 395, 271, 0, -2, -1.5707963267948966, 2.0
3196, 30, 462, 153, 461, 154, 1, -1, -0.7853981633974483, 1.4142135623730951
3196, 32, 470, 114, 468, 114, 2, 0, 0.0, 2.0
3197, 4, 420, 299, 419, 300, 1, -1, -0.7853981633974483, 1.4142135623730951
3197, 18, 601, 352, 599, 354, 2, -2, -0.7853981633974483, 2.8284271247461903
3197, 21, 453, 142, 454, 144, -1, -2, -2.0344439357957027, 2.23606797749979
3197, 23, 607, 354, 606, 355, 1, -1, -0.7853981633974483, 1.4142135623730951
3197, 24, 450, 156, 449, 158, 1, -2, -1.1071487177940904, 2.23606797749979
3198, 1, 435, 157, 434, 158, 1, -1, -0.7853981633974483, 1.4142135623730951
3198, 2, 549, 137, 548, 136, 1, 1, 0.7853981633974483, 1.4142135623730951
3198, 9, 604, 265, 605, 264, -1, 1, 2.356194490192345, 1.4142135623730951
3198, 18, 603, 350, 601, 352, 2, -2, -0.7853981633974483, 2.8284271247461903
3198, 22, 628, 341, 627, 342, 1, -1, -0.7853981633974483, 1.4142135623730951
3198, 23, 610, 352, 607, 354, 3, -2, -0.5880026035475675, 3.605551275463989
3198, 24, 451, 153, 450, 156, 1, -3, -1.2490457723982544, 3.1622776601683795
3199, 2, 550, 139, 549, 137, 1, 2, 1.1071487177940904, 2.23606797749979
3199, 5, 375, 185, 374, 187, 1, -2, -1.1071487177940904, 2.23606797749979
3199, 17, 606, 349, 603, 350, 3, -1, -0.3217505543966422, 3.1622776601683795
3199, 21, 611, 351, 610, 352, 1, -1, -0.7853981633974483, 1.4142135623730951
3199, 22, 452, 150, 451, 153, 1, -3, -1.2490457723982544, 3.1622776601683795
3199, 24, 395, 266, 395, 268, 0, -2, -1.5707963267948966, 2.0
3199, 25, 464, 151, 463, 152, 1, -1, -0.7853981633974483, 1.4142135623730951
3200, 1, 549, 140, 549, 138, 0, 2, 1.5707963267948966, 2.0
3200, 2, 435, 158, 434, 159, 1, -1, -0.7853981633974483, 1.4142135623730951
3200, 3, 624, 308, 625, 307, -1, 1, 2.356194490192345, 1.4142135623730951
3200, 4, 629, 339, 628, 340, 1, -1, -0.7853981633974483, 1.4142135623730951
3200, 9, 610, 351, 607, 353, 3, -2, -0.5880026035475675, 3.605551275463989
3200, 10, 538, 139, 536, 138, 2, 1, 0.4636476090008061, 2.23606797749979
3200, 12, 532, 136, 530, 134, 2, 2, 0.7853981633974483, 2.8284271247461903
3200, 14, 443, 180, 443, 182, 0, -2, -1.5707963267948966, 2.0
3200, 18, 475, 113, 475, 115, 0, -2, -1.5707963267948966, 2.0
3200, 22, 536, 147, 538, 149, -2, -2, -2.356194490192345, 2.8284271247461903
3200, 26, 468, 113, 465, 113, 3, 0, 0.0, 3.0
3200, 29, 493, 148, 492, 149, 1, -1, -0.7853981633974483, 1.4142135623730951
3200, 33, 362, 236, 362, 238, 0, -2, -1.5707963267948966, 2.0
3200, 34, 419, 286, 419, 288, 0, -2, -1.5707963267948966, 2.0
3200, 35, 613, 301, 614, 300, -1, 1, 2.356194490192345, 1.4142135623730951
3200, 36, 385, 339, 385, 342, 0, -3, -1.5707963267948966, 3.0
3200, 38, 539, 232, 538, 230, 1, 2, 1.1071487177940904, 2.23606797749979
3200, 40, 397, 230, 397, 232, 0, -2, -1.5707963267948966, 2.0
3201, 1, 551, 141, 549, 140, 2, 1, 0.4636476090008061, 2.23606797749979
3201, 7, 613, 350, 610, 351, 3, -1, -0.3217505543966422, 3.1622776601683795
3201, 8, 539, 141, 538, 139, 1, 2, 1.1071487177940904, 2.23606797749979
3201, 10, 533, 138, 532, 136, 1, 2, 1.1071487177940904, 2.23606797749979
3201, 19, 535, 145, 536, 147, -1, -2, -2.0344439357957027, 2.23606797749979
3201, 22, 471, 113, 468, 113, 3, 0, 0.0, 3.0
3201, 27, 348, 337, 347, 338, 1, -1, -0.7853981633974483, 1.4142135623730951
3201, 29, 362, 234, 362, 236, 0, -2, -1.5707963267948966, 2.0
3201, 30, 420, 285, 419, 286, 1, -1, -0.7853981633974483, 1.4142135623730951
3201, 32, 386, 337, 385, 339, 1, -2, -1.1071487177940904, 2.23606797749979
3201, 33, 465, 153, 464, 154, 1, -1, -0.7853981633974483, 1.4142135623730951
3201, 34, 541, 235, 539, 232, 2, 3, 0.982793723247329, 3.605551275463989
3202, 1, 552, 142, 551, 141, 1, 1, 0.7853981633974483, 1.4142135623730951
3202, 2, 436, 156, 435, 157, 1, -1, -0.7853981633974483, 1.4142135623730951
3202, 3, 623, 309, 624, 307, -1, 2, 2.0344439357957027, 2.23606797749979
3202, 7, 615, 349, 613, 350, 2, -1, -0.4636476090008061, 2.23606797749979
3202, 10, 537, 138, 533, 138, 4, 0, 0.0, 4.0
3202, 13, 607, 267, 606, 265, 1, 2, 1.1071487177940904, 2.23606797749979
3202, 14, 477, 112, 475, 112, 2, 0, 0.0, 2.0
3202, 18, 533, 144, 535, 145, -2, -1, -2.677945044588987, 2.23606797749979
3202, 21, 473, 111, 471, 113, 2, -2, -0.7853981633974483, 2.8284271247461903
3202, 26, 362, 232, 362, 234, 0, -2, -1.5707963267948966, 2.0
3202, 29, 388, 332, 386, 337, 2, -5, -1.1902899496825317, 5.385164807134504
3202, 30, 466, 152, 465, 153, 1, -1, -0.7853981633974483, 1.4142135623730951
3202, 32, 365, 328, 364, 329, 1, -1, -0.7853981633974483, 1.4142135623730951
3202, 33, 397, 227, 397, 229, 0, -2, -1.5707963267948966, 2.0
3203, 0, 553, 144, 552, 142, 1, 2, 1.1071487177940904, 2.23606797749979
3203, 6, 617, 348, 615, 349, 2, -1, -0.4636476090008061, 2.23606797749979
3203, 7, 540, 142, 539, 140, 1, 2, 1.1071487177940904, 2.23606797749979
3203, 9, 537, 142, 537, 138, 0, 4, 1.5707963267948966, 4.0
3203, 17, 531, 142, 533, 144, -2, -2, -2.356194490192345, 2.8284271247461903
3203, 24, 315, 343, 312, 343, 3, 0, 0.0, 3.0
3203, 26, 419, 280, 420, 284, -1, -4, -1.8157749899217608, 4.123105625617661
3203, 27, 610, 302, 611, 301, -1, 1, 2.356194490192345, 1.4142135623730951
3203, 28, 389, 328, 388, 332, 1, -4, -1.3258176636680326, 4.123105625617661
3203, 29, 467, 151, 466, 152, 1, -1, -0.7853981633974483, 1.4142135623730951
3203, 30, 543, 236, 542, 235, 1, 1, 0.7853981633974483, 1.4142135623730951
3203, 32, 515, 127, 514, 128, 1, -1, -0.7853981633974483, 1.4142135623730951
3204, 4, 604, 293, 605, 292, -1, 1, 2.356194490192345, 1.4142135623730951
3204, 6, 619, 347, 617, 348, 2, -1, -0.4636476090008061, 2.23606797749979
3204, 9, 535, 140, 537, 142, -2, -2, -2.356194490192345, 2.8284271247461903
3204, 13, 478, 110, 477, 111, 1, -1, -0.7853981633974483, 1.4142135623730951
3204, 14, 543, 216, 544, 215, -1, 1, 2.356194490192345, 1.4142135623730951
3204, 17, 528, 140, 531, 142, -3, -2, -2.5535900500422257, 3.605551275463989
3204, 20, 474, 108, 473, 110, 1, -2, -1.1071487177940904, 2.23606797749979
3204, 25, 362, 229, 362, 231, 0, -2, -1.5707963267948966, 2.0
3204, 26, 420, 278, 419, 280, 1, -2, -1.1071487177940904, 2.23606797749979
3204, 27, 610, 304, 610, 302, 0, 2, 1.5707963267948966, 2.0
3204, 28, 391, 324, 389, 328, 2, -4, -1.1071487177940904, 4.47213595499958
3204, 29, 468, 150, 467, 151, 1, -1, -0.7853981633974483, 1.4142135623730951
3204, 30, 545, 236, 543, 236, 2, 0, 0.0, 2.0
3204, 31, 365, 325, 365, 327, 0, -2, -1.5707963267948966, 2.0
3204, 32, 516, 126, 515, 127, 1, -1, -0.7853981633974483, 1.4142135623730951
3205, 3, 554, 145, 553, 143, 1, 2, 1.1071487177940904, 2.23606797749979
3205, 4, 479, 110, 478, 111, 1, -1, -0.7853981633974483, 1.4142135623730951
3205, 16, 616, 358, 615, 359, 1, -1, -0.7853981633974483, 1.4142135623730951
3205, 18, 405, 158, 404, 159, 1, -1, -0.7853981633974483, 1.4142135623730951
3205, 19, 319, 343, 316, 343, 3, 0, 0.0, 3.0
3205, 21, 578, 294, 579, 293, -1, 1, 2.356194490192345, 1.4142135623730951
3205, 22, 420, 287, 420, 289, 0, -2, -1.5707963267948966, 2.0
3206, 3, 480, 109, 479, 110, 1, -1, -0.7853981633974483, 1.4142135623730951
3206, 17, 321, 343, 319, 343, 2, 0, 0.0, 2.0
3207, 2, 556, 147, 554, 146, 2, 1, 0.4636476090008061, 2.23606797749979
3207, 7, 627, 311, 626, 309, 1, 2, 1.1071487177940904, 2.23606797749979
3207, 16, 575, 294, 577, 294, -2, 0, 3.141592653589793, 2.0
3207, 22, 576, 214, 575, 212, 1, 2, 1.1071487177940904, 2.23606797749979
3208, 2, 559, 149, 556, 147, 3, 2, 0.5880026035475675, 3.605551275463989
3208, 3, 481, 107, 480, 108, 1, -1, -0.7853981633974483, 1.4142135623730951
3208, 5, 548, 152, 547, 151, 1, 1, 0.7853981633974483, 1.4142135623730951
3208, 13, 321, 345, 322, 343, -1, 2, 2.0344439357957027, 2.23606797749979
3209, 0, 439, 154, 438, 155, 1, -1, -0.7853981633974483, 1.4142135623730951
3209, 1, 561, 150, 559, 149, 2, 1, 0.4636476090008061, 2.23606797749979
3210, 3, 559, 149, 558, 147, 1, 2, 1.1071487177940904, 2.23606797749979
3210, 9, 626, 313, 627, 312, -1, 1, 2.356194490192345, 1.4142135623730951
3210, 11, 371, 180, 372, 182, -1, -2, -2.0344439357957027, 2.23606797749979
3210, 13, 484, 114, 483, 115, 1, -1, -0.7853981633974483, 1.4142135623730951
3210, 15, 614, 363, 612, 363, 2, 0, 0.0, 2.0
3210, 19, 460, 161, 459, 162, 1, -1, -0.7853981633974483, 1.4142135623730951
3210, 22, 477, 107, 476, 108, 1, -1, -0.7853981633974483, 1.4142135623730951
3210, 23, 384, 158, 383, 159, 1, -1, -0.7853981633974483, 1.4142135623730951
3210, 26, 558, 266, 559, 265, -1, 1, 2.356194490192345, 1.4142135623730951
3210, 27, 435, 323, 435, 325, 0, -2, -1.5707963267948966, 2.0
3210, 31, 498, 154, 497, 155, 1, -1, -0.7853981633974483, 1.4142135623730951
3210, 33, 391, 343, 390, 344, 1, -1, -0.7853981633974483, 1.4142135623730951
3211, 1, 439, 153, 439, 155, 0, -2, -1.5707963267948966, 2.0
3211, 2, 419, 183, 420, 185, -1, -2, -2.0344439357957027, 2.23606797749979
3211, 3, 560, 150, 559, 149, 1, 1, 0.7853981633974483, 1.4142135623730951
3211, 4, 612, 272, 613, 271, -1, 1, 2.356194490192345, 1.4142135623730951
3211, 13, 616, 364, 614, 363, 2, 1, 0.4636476090008061, 2.23606797749979
3211, 15, 408, 155, 407, 156, 1, -1, -0.7853981633974483, 1.4142135623730951
3211, 17, 461, 160, 460, 161, 1, -1, -0.7853981633974483, 1.4142135623730951
3211, 21, 587, 255, 587, 257, 0, -2, -1.5707963267948966, 2.0
3211, 22, 557, 267, 558, 266, -1, 1, 2.356194490192345, 1.4142135623730951
3211, 23, 435, 321, 435, 323, 0, -2, -1.5707963267948966, 2.0
3211, 25, 472, 152, 472, 154, 0, -2, -1.5707963267948966, 2.0
3211, 26, 511, 168, 512, 167, -1, 1, 2.356194490192345, 1.4142135623730951
3211, 29, 392, 341, 391, 343, 1, -2, -1.1071487177940904, 2.23606797749979
3212, 2, 420, 182, 419, 183, 1, -1, -0.7853981633974483, 1.4142135623730951
3212, 7, 622, 357, 621, 358, 1, -1, -0.7853981633974483, 1.4142135623730951
3212, 13, 618, 363, 616, 364, 2, -1, -0.4636476090008061, 2.23606797749979
3212, 16, 463, 160, 461, 160, 2, 0, 0.0, 2.0
3212, 20, 588, 256, 587, 255, 1, 1, 0.7853981633974483, 1.4142135623730951
3212, 22, 435, 319, 435, 321, 0, -2, -1.5707963267948966, 2.0
3212, 24, 473, 151, 472, 152, 1, -1, -0.7853981633974483, 1.4142135623730951
3212, 25, 510, 169, 511, 168, -1, 1, 2.356194490192345, 1.4142135623730951
3212, 26, 499, 153, 498, 154, 1, -1, -0.7853981633974483, 1.4142135623730951
3212, 28, 394, 339, 392, 341, 2, -2, -0.7853981633974483, 2.8284271247461903
3213, 1, 440, 150, 439, 152, 1, -2, -1.1071487177940904, 2.23606797749979
3213, 2, 420, 180, 420, 182, 0, -2, -1.5707963267948966, 2.0
3213, 3, 561, 152, 560, 151, 1, 1, 0.7853981633974483, 1.4142135623730951
3213, 7, 623, 356, 622, 357, 1, -1, -0.7853981633974483, 1.4142135623730951
3213, 9, 485, 113, 484, 114, 1, -1, -0.7853981633974483, 1.4142135623730951
3213, 11, 620, 362, 618, 363, 2, -1, -0.4636476090008061, 2.23606797749979
3213, 14, 465, 160, 463, 160, 2, 0, 0.0, 2.0
3213, 18, 590, 258, 588, 256, 2, 2, 0.7853981633974483, 2.8284271247461903
3213, 22, 474, 150, 473, 151, 1, -1, -0.7853981633974483, 1.4142135623730951
3213, 23, 509, 171, 510, 169, -1, 2, 2.0344439357957027, 2.23606797749979
3213, 24, 500, 152, 499, 153, 1, -1, -0.7853981633974483, 1.4142135623730951
3213, 26, 394, 337, 394, 339, 0, -2, -1.5707963267948966, 2.0
3214, 1, 441, 148, 440, 150, 1, -2, -1.1071487177940904, 2.23606797749979
3214, 2, 419, 178, 420, 180, -1, -2, -2.0344439357957027, 2.23606797749979
3214, 7, 624, 355, 623, 356, 1, -1, -0.7853981633974483, 1.4142135623730951
3214, 9, 486, 112, 485, 113, 1, -1, -0.7853981633974483, 1.4142135623730951
3214, 11, 622, 362, 620, 362, 2, 0, 0.0, 2.0
3214, 13, 549, 242, 548, 243, 1, -1, -0.7853981633974483, 1.4142135623730951
3214, 14, 467, 159, 465, 160, 2, -1, -0.4636476090008061, 2.23606797749979
3214, 17, 591, 260, 590, 258, 1, 2, 1.1071487177940904, 2.23606797749979
3214, 18, 555, 268, 556, 267, -1, 1, 2.356194490192345, 1.4142135623730951
3214, 19, 435, 316, 435, 318, 0, -2, -1.5707963267948966, 2.0
3214, 21, 475, 149, 474, 150, 1, -1, -0.7853981633974483, 1.4142135623730951
3214, 22, 509, 173, 509, 171, 0, 2, 1.5707963267948966, 2.0
3214, 24, 524, 168, 523, 167, 1, 1, 0.7853981633974483, 1.4142135623730951
3214, 25, 394, 335, 394, 337, 0, -2, -1.5707963267948966, 2.0
3215, 2, 443, 152, 442, 154, 1, -2, -1.1071487177940904, 2.23606797749979
3215, 3, 562, 153, 561, 152, 1, 1, 0.7853981633974483, 1.4142135623730951
3215, 5, 376, 177, 376, 179, 0, -2, -1.5707963267948966, 2.0
3215, 15, 550, 153, 549, 152, 1, 1, 0.7853981633974483, 1.4142135623730951
3215, 19, 467, 158, 466, 159, 1, -1, -0.7853981633974483, 1.4142135623730951
3215, 23, 395, 336, 394, 338, 1, -2, -1.1071487177940904, 2.23606797749979
3215, 24, 552, 234, 551, 233, 1, 1, 0.7853981633974483, 1.4142135623730951
3215, 31, 635, 340, 634, 341, 1, -1, -0.7853981633974483, 1.4142135623730951
3215, 33, 392, 225, 392, 227, 0, -2, -1.5707963267948966, 2.0
3215, 34, 474, 150, 473, 151, 1, -1, -0.7853981633974483, 1.4142135623730951
3215, 36, 591, 263, 590, 260, 1, 3, 1.2490457723982544, 3.1622776601683795
3215, 37, 511, 174, 512, 173, -1, 1, 2.356194490192345, 1.4142135623730951
3216, 2, 444, 151, 443, 152, 1, -1, -0.7853981633974483, 1.4142135623730951
3216, 5, 376, 175, 376, 177, 0, -2, -1.5707963267948966, 2.0
3216, 10, 612, 276, 613, 274, -1, 2, 2.0344439357957027, 2.23606797749979
3216, 12, 317, 349, 319, 349, -2, 0, 3.141592653589793, 2.0
3216, 13, 483, 107, 482, 106, 1, 1, 0.7853981633974483, 1.4142135623730951
3216, 14, 551, 154, 550, 153, 1, 1, 0.7853981633974483, 1.4142135623730951
3216, 17, 468, 157, 467, 158, 1, -1, -0.7853981633974483, 1.4142135623730951
3216, 18, 407, 152, 407, 154, 0, -2, -1.5707963267948966, 2.0
3216, 21, 394, 334, 395, 336, -1, -2, -2.0344439357957027, 2.23606797749979
3216, 22, 551, 236, 552, 234, -1, 2, 2.0344439357957027, 2.23606797749979
3216, 24, 442, 111, 440, 112, 2, -1, -0.4636476090008061, 2.23606797749979
3216, 31, 392, 222, 392, 225, 0, -3, -1.5707963267948966, 3.0
3216, 32, 475, 149, 474, 150, 1, -1, -0.7853981633974483, 1.4142135623730951
3216, 33, 557, 270, 558, 269, -1, 1, 2.356194490192345, 1.4142135623730951
3216, 40, 549, 163, 550, 165, -1, -2, -2.0344439357957027, 2.23606797749979
3217, 2, 563, 156, 562, 154, 1, 2, 1.1071487177940904, 2.23606797749979
3217, 4, 376, 173, 376, 175, 0, -2, -1.5707963267948966, 2.0
3217, 6, 627, 354, 625, 355, 2, -1, -0.4636476090008061, 2.23606797749979
3217, 10, 316, 350, 317, 349, -1, 1, 2.356194490192345, 1.4142135623730951
3217, 12, 553, 155, 551, 154, 2, 1, 0.4636476090008061, 2.23606797749979
3217, 15, 469, 156, 468, 157, 1, -1, -0.7853981633974483, 1.4142135623730951
3217, 21, 442, 109, 442, 111, 0, -2, -1.5707963267948966, 2.0
3217, 29, 476, 148, 475, 149, 1, -1, -0.7853981633974483, 1.4142135623730951
3217, 31, 591, 266, 591, 264, 0, 2, 1.5707963267948966, 2.0
3217, 36, 433, 129, 432, 131, 1, -2, -1.1071487177940904, 2.23606797749979
3217, 37, 548, 161, 549, 163, -1, -2, -2.0344439357957027, 2.23606797749979
3218, 2, 564, 158, 563, 156, 1, 2, 1.1071487177940904, 2.23606797749979
3218, 4, 625, 284, 626, 283, -1, 1, 2.356194490192345, 1.4142135623730951
3218, 7, 611, 278, 612, 277, -1, 1, 2.356194490192345, 1.4142135623730951
3218, 9, 486, 108, 484, 107, 2, 1, 0.4636476090008061, 2.23606797749979
3218, 10, 554, 157, 553, 155, 1, 2, 1.1071487177940904, 2.23606797749979
3218, 13, 470, 155, 469, 156, 1, -1, -0.7853981633974483, 1.4142135623730951
3218, 18, 444, 108, 442, 109, 2, -1, -0.4636476090008061, 2.23606797749979
3218, 20, 436, 155, 435, 156, 1, -1, -0.7853981633974483, 1.4142135623730951
3218, 24, 395, 327, 394, 329, 1, -2, -1.1071487177940904, 2.23606797749979
3218, 26, 477, 147, 476, 148, 1, -1, -0.7853981633974483, 1.4142135623730951
3218, 28, 590, 267, 591, 266, -1, 1, 2.356194490192345, 1.4142135623730951
3218, 34, 548, 159, 548, 161, 0, -2, -1.5707963267948966, 2.0
3219, 1, 444, 147, 444, 149, 0, -2, -1.5707963267948966, 2.0
3219, 2, 565, 159, 564, 158, 1, 1, 0.7853981633974483, 1.4142135623730951
3219, 6, 592, 269, 593, 268, -1, 1, 2.356194490192345, 1.4142135623730951
3219, 11, 605, 267, 607, 267, -2, 0, 3.141592653589793, 2.0
3219, 13, 471, 154, 470, 155, 1, -1, -0.7853981633974483, 1.4142135623730951
3219, 15, 573, 262, 572, 261, 1, 1, 0.7853981633974483, 1.4142135623730951
3219, 18, 446, 107, 444, 108, 2, -1, -0.4636476090008061, 2.23606797749979
3219, 24, 396, 325, 395, 327, 1, -2, -1.1071487177940904, 2.23606797749979
3219, 25, 391, 221, 392, 220, -1, 1, 2.356194490192345, 1.4142135623730951
3219, 29, 510, 179, 510, 176, 0, 3, 1.5707963267948966, 3.0
3219, 32, 391, 219, 392, 218, -1, 1, 2.356194490192345, 1.4142135623730951
3219, 33, 434, 127, 433, 128, 1, -1, -0.7853981633974483, 1.4142135623730951
3219, 34, 546, 157, 548, 159, -2, -2, -2.356194490192345, 2.8284271247461903
3220, 13, 557, 162, 556, 160, 1, 2, 1.1071487177940904, 2.23606797749979
3220, 20, 392, 335, 393, 334, -1, 1, 2.356194490192345, 1.4142135623730951
3220, 23, 412, 154, 411, 155, 1, -1, -0.7853981633974483, 1.4142135623730951
3220, 25, 379, 328, 379, 330, 0, -2, -1.5707963267948966, 2.0
3220, 26, 313, 350, 315, 351, -2, -1, -2.677945044588987, 2.23606797749979
3220, 27, 405, 290, 405, 292, 0, -2, -1.5707963267948966, 2.0
3220, 30, 500, 154, 499, 155, 1, -1, -0.7853981633974483, 1.4142135623730951
3221, 0, 420, 177, 421, 179, -1, -2, -2.0344439357957027, 2.23606797749979
3221, 1, 446, 150, 445, 151, 1, -1, -0.7853981633974483, 1.4142135623730951
3221, 2, 566, 158, 565, 157, 1, 1, 0.7853981633974483, 1.4142135623730951
3221, 12, 376, 173, 377, 175, -1, -2, -2.0344439357957027, 2.23606797749979
3221, 20, 311, 351, 313, 350, -2, 1, 2.677945044588987, 2.23606797749979
3222, 3, 624, 286, 625, 285, -1, 1, 2.356194490192345, 1.4142135623730951
3222, 13, 390, 336, 391, 335, -1, 1, 2.356194490192345, 1.4142135623730951
3222, 15, 413, 152, 412, 153, 1, -1, -0.7853981633974483, 1.4142135623730951
3222, 18, 309, 351, 311, 351, -2, 0, 3.141592653589793, 2.0
3223, 0, 419, 175, 419, 177, 0, -2, -1.5707963267948966, 2.0
3223, 1, 447, 147, 446, 149, 1, -2, -1.1071487177940904, 2.23606797749979
3223, 8, 558, 166, 557, 164, 1, 2, 1.1071487177940904, 2.23606797749979
3223, 9, 375, 170, 376, 172, -1, -2, -2.0344439357957027, 2.23606797749979
3223, 11, 557, 275, 558, 274, -1, 1, 2.356194490192345, 1.4142135623730951
3224, 0, 448, 146, 447, 147, 1, -1, -0.7853981633974483, 1.4142135623730951
3224, 1, 568, 162, 566, 160, 2, 2, 0.7853981633974483, 2.8284271247461903
3224, 6, 573, 267, 574, 266, -1, 1, 2.356194490192345, 1.4142135623730951
3224, 9, 567, 266, 568, 268, -1, -2, -2.0344439357957027, 2.23606797749979
3224, 10, 556, 276, 557, 275, -1, 1, 2.356194490192345, 1.4142135623730951
3224, 13, 414, 150, 413, 151, 1, -1, -0.7853981633974483, 1.4142135623730951
3224, 15, 380, 323, 379, 325, 1, -2, -1.1071487177940904, 2.23606797749979
3225, 3, 447, 149, 446, 150, 1, -1, -0.7853981633974483, 1.4142135623730951
3225, 4, 569, 163, 568, 161, 1, 2, 1.1071487177940904, 2.23606797749979
3225, 20, 308, 325, 307, 324, 1, 1, 0.7853981633974483, 1.4142135623730951
3225, 21, 628, 360, 627, 361, 1, -1, -0.7853981633974483, 1.4142135623730951
3225, 23, 620, 357, 619, 358, 1, -1, -0.7853981633974483, 1.4142135623730951
3225, 26, 368, 178, 368, 180, 0, -2, -1.5707963267948966, 2.0
3225, 30, 469, 152, 468, 153, 1, -1, -0.7853981633974483, 1.4142135623730951
3225, 33, 570, 287, 568, 286, 2, 1, 0.4636476090008061, 2.23606797749979
3225, 34, 533, 141, 532, 139, 1, 2, 1.1071487177940904, 2.23606797749979
3226, 3, 448, 148, 447, 149, 1, -1, -0.7853981633974483, 1.4142135623730951
3226, 4, 571, 165, 569, 163, 2, 2, 0.7853981633974483, 2.8284271247461903
3226, 13, 392, 147, 391, 148, 1, -1, -0.7853981633974483, 1.4142135623730951
3226, 15, 414, 151, 413, 152, 1, -1, -0.7853981633974483, 1.4142135623730951
3226, 18, 444, 288, 445, 290, -1, -2, -2.0344439357957027, 2.23606797749979
3226, 21, 629, 359, 628, 360, 1, -1, -0.7853981633974483, 1.4142135623730951
3226, 23, 621, 356, 620, 357, 1, -1, -0.7853981633974483, 1.4142135623730951
3226, 26, 368, 175, 368, 178, 0, -3, -1.5707963267948966, 3.0
3226, 27, 445, 110, 446, 112, -1, -2, -2.0344439357957027, 2.23606797749979
3226, 28, 363, 218, 364, 220, -1, -2, -2.0344439357957027, 2.23606797749979
3226, 30, 470, 151, 469, 152, 1, -1, -0.7853981633974483, 1.4142135623730951
3226, 33, 572, 289, 570, 287, 2, 2, 0.7853981633974483, 2.8284271247461903
3227, 3, 572, 166, 571, 165, 1, 1, 0.7853981633974483, 1.4142135623730951
3227, 5, 499, 115, 500, 114, -1, 1, 2.356194490192345, 1.4142135623730951
3227, 14, 602, 210, 600, 210, 2, 0, 0.0, 2.0
3227, 19, 630, 358, 629, 359, 1, -1, -0.7853981633974483, 1.4142135623730951
3227, 21, 624, 354, 621, 356, 3, -2, -0.5880026035475675, 3.605551275463989
3227, 23, 491, 111, 490, 110, 1, 1, 0.7853981633974483, 1.4142135623730951
3227, 24, 368, 172, 368, 175, 0, -3, -1.5707963267948966, 3.0
3227, 28, 472, 150, 470, 151, 2, -1, -0.4636476090008061, 2.23606797749979
3227, 31, 574, 291, 572, 289, 2, 2, 0.7853981633974483, 2.8284271247461903
3227, 37, 464, 169, 465, 171, -1, -2, -2.0344439357957027, 2.23606797749979
3228, 2, 450, 147, 448, 148, 2, -1, -0.4636476090008061, 2.23606797749979
3228, 3, 574, 167, 572, 166, 2, 1, 0.4636476090008061, 2.23606797749979
3228, 8, 378, 169, 378, 171, 0, -2, -1.5707963267948966, 2.0
3228, 13, 415, 148, 414, 150, 1, -2, -1.1071487177940904, 2.23606797749979
3228, 16, 631, 357, 630, 358, 1, -1, -0.7853981633974483, 1.4142135623730951
3228, 18, 627, 352, 624, 354, 3, -2, -0.5880026035475675, 3.605551275463989
3228, 20, 493, 112, 491, 111, 2, 1, 0.4636476090008061, 2.23606797749979
3228, 21, 368, 169, 368, 172, 0, -3, -1.5707963267948966, 3.0
3228, 23, 363, 215, 363, 217, 0, -2, -1.5707963267948966, 2.0
3228, 24, 326, 348, 326, 350, 0, -2, -1.5707963267948966, 2.0
3228, 25, 474, 149, 472, 150, 2, -1, -0.4636476090008061, 2.23606797749979
3228, 28, 576, 292, 574, 291, 2, 1, 0.4636476090008061, 2.23606797749979
3229, 3, 574, 169, 574, 167, 0, 2, 1.5707963267948966, 2.0
3229, 7, 419, 289, 419, 291, 0, -2, -1.5707963267948966, 2.0
3229, 10, 560, 170, 561, 169, -1, 1, 2.356194490192345, 1.4142135623730951
3229, 11, 392, 143, 392, 145, 0, -2, -1.5707963267948966, 2.0
3229, 16, 633, 356, 631, 357, 2, -1, -0.4636476090008061, 2.23606797749979
3229, 18, 630, 350, 627, 352, 3, -2, -0.5880026035475675, 3.605551275463989
3229, 19, 613, 313, 614, 312, -1, 1, 2.356194490192345, 1.4142135623730951
3229, 21, 368, 166, 368, 169, 0, -3, -1.5707963267948966, 3.0
3229, 22, 447, 108, 446, 109, 1, -1, -0.7853981633974483, 1.4142135623730951
3229, 23, 362, 213, 363, 215, -1, -2, -2.0344439357957027, 2.23606797749979
3229, 24, 327, 347, 326, 348, 1, -1, -0.7853981633974483, 1.4142135623730951
3229, 25, 476, 148, 474, 149, 2, -1, -0.4636476090008061, 2.23606797749979
3229, 28, 576, 294, 576, 292, 0, 2, 1.5707963267948966, 2.0
3229, 29, 537, 142, 536, 141, 1, 1, 0.7853981633974483, 1.4142135623730951
3230, 1, 452, 148, 451, 149, 1, -1, -0.7853981633974483, 1.4142135623730951
3230, 4, 572, 167, 570, 166, 2, 1, 0.4636476090008061, 2.23606797749979
3230, 8, 422, 290, 421, 292, 1, -2, -1.1071487177940904, 2.23606797749979
3230, 12, 440, 151, 439, 152, 1, -1, -0.7853981633974483, 1.4142135623730951
3230, 13, 378, 168, 378, 170, 0, -2, -1.5707963267948966, 2.0
3230, 15, 533, 181, 534, 180, -1, 1, 2.356194490192345, 1.4142135623730951
3230, 16, 634, 359, 632, 360, 2, -1, -0.4636476090008061, 2.23606797749979
3230, 18, 396, 329, 395, 331, 1, -2, -1.1071487177940904, 2.23606797749979
3230, 19, 415, 148, 414, 149, 1, -1, -0.7853981633974483, 1.4142135623730951
3230, 20, 498, 114, 496, 114, 2, 0, 0.0, 2.0
3230, 23, 420, 254, 419, 256, 1, -2, -1.1071487177940904, 2.23606797749979
3230, 27, 321, 351, 319, 352, 2, -1, -0.4636476090008061, 2.23606797749979
3230, 31, 630, 321, 629, 320, 1, 1, 0.7853981633974483, 1.4142135623730951
3230, 34, 488, 111, 485, 111, 3, 0, 0.0, 3.0
3231, 3, 573, 169, 572, 167, 1, 2, 1.1071487177940904, 2.23606797749979
3231, 6, 421, 288, 422, 290, -1, -2, -2.0344439357957027, 2.23606797749979
3231, 10, 442, 151, 440, 151, 2, 0, 0.0, 2.0
3231, 11, 378, 166, 378, 168, 0, -2, -1.5707963267948966, 2.0
3231, 15, 443, 171, 444, 173, -1, -2, -2.0344439357957027, 2.23606797749979
3231, 16, 397, 326, 396, 329, 1, -3, -1.2490457723982544, 3.1622776601683795
3231, 21, 421, 253, 420, 254, 1, -1, -0.7853981633974483, 1.4142135623730951
3231, 25, 324, 350, 321, 351, 3, -1, -0.3217505543966422, 3.1622776601683795
3231, 26, 381, 316, 380, 318, 1, -2, -1.1071487177940904, 2.23606797749979
3231, 28, 590, 209, 591, 208, -1, 1, 2.356194490192345, 1.4142135623730951
3231, 31, 457, 244, 459, 244, -2, 0, 3.141592653589793, 2.0
3231, 32, 490, 112, 488, 111, 2, 1, 0.4636476090008061, 2.23606797749979
3232, 0, 453, 146, 452, 147, 1, -1, -0.7853981633974483, 1.4142135623730951
3232, 2, 574, 170, 573, 169, 1, 1, 0.7853981633974483, 1.4142135623730951
3232, 9, 443, 150, 442, 151, 1, -1, -0.7853981633974483, 1.4142135623730951
3232, 15, 399, 323, 397, 326, 2, -3, -0.982793723247329, 3.605551275463989
3232, 16, 416, 146, 415, 147, 1, -1, -0.7853981633974483, 1.4142135623730951
3232, 23, 327, 350, 324, 350, 3, 0, 0.0, 3.0
3232, 30, 492, 112, 490, 112, 2, 0, 0.0, 2.0
3233, 0, 455, 145, 453, 146, 2, -1, -0.4636476090008061, 2.23606797749979
3233, 1, 387, 234, 387, 236, 0, -2, -1.5707963267948966, 2.0
3233, 3, 604, 304, 606, 304, -2, 0, 3.141592653589793, 2.0
3233, 14, 442, 168, 443, 170, -1, -2, -2.0344439357957027, 2.23606797749979
3233, 15, 400, 320, 399, 323, 1, -3, -1.2490457723982544, 3.1622776601683795
3233, 17, 499, 111, 498, 112, 1, -1, -0.7853981633974483, 1.4142135623730951
3233, 18, 545, 230, 546, 229, -1, 1, 2.356194490192345, 1.4142135623730951
3233, 22, 579, 230, 578, 229, 1, 1, 0.7853981633974483, 1.4142135623730951
3233, 24, 381, 313, 381, 315, 0, -2, -1.5707963267948966, 2.0
3233, 26, 589, 210, 590, 209, -1, 1, 2.356194490192345, 1.4142135623730951
3233, 30, 494, 111, 492, 112, 2, -1, -0.4636476090008061, 2.23606797749979
3234, 1, 575, 172, 574, 171, 1, 1, 0.7853981633974483, 1.4142135623730951
3234, 8, 378, 162, 378, 164, 0, -2, -1.5707963267948966, 2.0
3234, 10, 532, 183, 533, 182, -1, 1, 2.356194490192345, 1.4142135623730951
3234, 12, 402, 317, 400, 320, 2, -3, -0.982793723247329, 3.605551275463989
3234, 14, 500, 109, 499, 111, 1, -2, -1.1071487177940904, 2.23606797749979
3234, 20, 331, 350, 328, 350, 3, 0, 0.0, 3.0
3234, 21, 381, 311, 381, 313, 0, -2, -1.5707963267948966, 2.0
3234, 27, 496, 109, 494, 111, 2, -2, -0.7853981633974483, 2.8284271247461903
3235, 0, 455, 147, 454, 148, 1, -1, -0.7853981633974483, 1.4142135623730951
3235, 3, 500, 109, 499, 110, 1, -1, -0.7853981633974483, 1.4142135623730951
3235, 6, 635, 353, 638, 353, -3, 0, 3.141592653589793, 3.0
3235, 12, 379, 165, 379, 167, 0, -2, -1.5707963267948966, 2.0
3235, 15, 635, 359, 638, 360, -3, -1, -2.819842099193151, 3.1622776601683795
3235, 16, 464, 168, 465, 170, -1, -2, -2.0344439357957027, 2.23606797749979
3235, 20, 386, 319, 386, 321, 0, -2, -1.5707963267948966, 2.0
3235, 23, 546, 232, 547, 231, -1, 1, 2.356194490192345, 1.4142135623730951
3236, 2, 575, 172, 574, 171, 1, 1, 0.7853981633974483, 1.4142135623730951
3236, 3, 501, 107, 500, 109, 1, -2, -1.1071487177940904, 2.23606797749979
3236, 6, 634, 354, 635, 353, -1, 1, 2.356194490192345, 1.4142135623730951
3236, 15, 584, 277, 585, 276, -1, 1, 2.356194490192345, 1.4142135623730951
3236, 23, 372, 347, 371, 348, 1, -1, -0.7853981633974483, 1.4142135623730951
3237, 2, 502, 106, 501, 107, 1, -1, -0.7853981633974483, 1.4142135623730951
3237, 11, 583, 278, 584, 277, -1, 1, 2.356194490192345, 1.4142135623730951
3237, 13, 419, 145, 418, 146, 1, -1, -0.7853981633974483, 1.4142135623730951
3237, 16, 491, 148, 490, 149, 1, -1, -0.7853981633974483, 1.4142135623730951
3237, 19, 372, 345, 372, 347, 0, -2, -1.5707963267948966, 2.0
3238, 0, 457, 145, 456, 146, 1, -1, -0.7853981633974483, 1.4142135623730951
3238, 2, 504, 105, 502, 106, 2, -1, -0.4636476090008061, 2.23606797749979
3238, 11, 582, 279, 583, 278, -1, 1, 2.356194490192345, 1.4142135623730951
3238, 18, 373, 344, 372, 345, 1, -1, -0.7853981633974483, 1.4142135623730951
3239, 1, 577, 174, 576, 173, 1, 1, 0.7853981633974483, 1.4142135623730951
3239, 8, 380, 160, 379, 162, 1, -2, -1.1071487177940904, 2.23606797749979
3239, 12, 386, 314, 386, 316, 0, -2, -1.5707963267948966, 2.0
3239, 13, 420, 143, 419, 144, 1, -1, -0.7853981633974483, 1.4142135623730951
3239, 16, 492, 146, 491, 147, 1, -1, -0.7853981633974483, 1.4142135623730951
3239, 18, 374, 343, 373, 344, 1, -1, -0.7853981633974483, 1.4142135623730951
3240, 1, 421, 171, 421, 173, 0, -2, -1.5707963267948966, 2.0
3240, 2, 458, 145, 457, 146, 1, -1, -0.7853981633974483, 1.4142135623730951
3240, 3, 578, 175, 577, 174, 1, 1, 0.7853981633974483, 1.4142135623730951
3240, 10, 379, 162, 380, 164, -1, -2, -2.0344439357957027, 2.23606797749979
3240, 14, 481, 155, 479, 156, 2, -1, -0.4636476090008061, 2.23606797749979
3240, 15, 388, 315, 388, 317, 0, -2, -1.5707963267948966, 2.0
3240, 19, 466, 166, 466, 168, 0, -2, -1.5707963267948966, 2.0
3240, 23, 376, 173, 375, 175, 1, -2, -1.1071487177940904, 2.23606797749979
3240, 26, 419, 145, 418, 146, 1, -1, -0.7853981633974483, 1.4142135623730951
3240, 30, 337, 351, 338, 350, -1, 1, 2.356194490192345, 1.4142135623730951
3240, 31, 377, 313, 377, 316, 0, -3, -1.5707963267948966, 3.0
3240, 34, 493, 149, 492, 150, 1, -1, -0.7853981633974483, 1.4142135623730951
3241, 0, 459, 143, 458, 145, 1, -2, -1.1071487177940904, 2.23606797749979
3241, 8, 379, 160, 379, 162, 0, -2, -1.5707963267948966, 2.0
3241, 11, 468, 246, 470, 246, -2, 0, 3.141592653589793, 2.0
3241, 13, 388, 313, 388, 315, 0, -2, -1.5707963267948966, 2.0
3241, 20, 378, 171, 376, 173, 2, -2, -0.7853981633974483, 2.8284271247461903
3241, 21, 461, 273, 463, 274, -2, -1, -2.677945044588987, 2.23606797749979
3241, 23, 419, 143, 419, 145, 0, -2, -1.5707963267948966, 2.0
3241, 27, 338, 350, 337, 351, 1, -1, -0.7853981633974483, 1.4142135623730951
3241, 28, 377, 311, 377, 313, 0, -2, -1.5707963267948966, 2.0
3241, 31, 494, 148, 493, 149, 1, -1, -0.7853981633974483, 1.4142135623730951
3242, 0, 460, 142, 459, 143, 1, -1, -0.7853981633974483, 1.4142135623730951
3242, 1, 580, 176, 579, 175, 1, 1, 0.7853981633974483, 1.4142135623730951
3242, 4, 612, 311, 610, 308, 2, 3, 0.982793723247329, 3.605551275463989
3242, 5, 497, 105, 496, 107, 1, -2, -1.1071487177940904, 2.23606797749979
3242, 8, 380, 158, 379, 160, 1, -2, -1.1071487177940904, 2.23606797749979
3242, 15, 466, 161, 466, 165, 0, -4, -1.5707963267948966, 4.0
3242, 18, 379, 169, 378, 171, 1, -2, -1.1071487177940904, 2.23606797749979
3242, 20, 399, 258, 399, 260, 0, -2, -1.5707963267948966, 2.0
3242, 21, 420, 142, 419, 143, 1, -1, -0.7853981633974483, 1.4142135623730951
3242, 25, 336, 351, 338, 350, -2, 1, 2.677945044588987, 2.23606797749979
3242, 26, 378, 309, 377, 311, 1, -2, -1.1071487177940904, 2.23606797749979
3242, 28, 558, 284, 559, 283, -1, 1, 2.356194490192345, 1.4142135623730951
3243, 0, 461, 140, 460, 142, 1, -2, -1.1071487177940904, 2.23606797749979
3243, 1, 581, 177, 580, 176, 1, 1, 0.7853981633974483, 1.4142135623730951
3243, 3, 611, 283, 612, 282, -1, 1, 2.356194490192345, 1.4142135623730951
3243, 5, 500, 105, 497, 105, 3, 0, 0.0, 3.0
3243, 8, 380, 156, 380, 158, 0, -2, -1.5707963267948966, 2.0
3243, 11, 484, 154, 483, 155, 1, -1, -0.7853981633974483, 1.4142135623730951
3243, 15, 467, 160, 466, 161, 1, -1, -0.7853981633974483, 1.4142135623730951
3243, 18, 380, 167, 379, 169, 1, -2, -1.1071487177940904, 2.23606797749979
3243, 21, 421, 141, 420, 142, 1, -1, -0.7853981633974483, 1.4142135623730951
3243, 23, 442, 167, 442, 169, 0, -2, -1.5707963267948966, 2.0
3243, 26, 379, 305, 378, 309, 1, -4, -1.3258176636680326, 4.123105625617661
3243, 27, 399, 142, 398, 143, 1, -1, -0.7853981633974483, 1.4142135623730951
3243, 29, 496, 147, 494, 148, 2, -1, -0.4636476090008061, 2.23606797749979
3244, 1, 582, 178, 581, 177, 1, 1, 0.7853981633974483, 1.4142135623730951
3244, 5, 504, 105, 500, 105, 4, 0, 0.0, 4.0
3244, 8, 381, 154, 380, 156, 1, -2, -1.1071487177940904, 2.23606797749979
3244, 11, 485, 153, 484, 154, 1, -1, -0.7853981633974483, 1.4142135623730951
3244, 12, 388, 309, 388, 311, 0, -2, -1.5707963267948966, 2.0
3244, 17, 380, 165, 380, 167, 0, -2, -1.5707963267948966, 2.0
3244, 22, 334, 352, 336, 351, -2, 1, 2.677945044588987, 2.23606797749979
3244, 23, 379, 303, 379, 305, 0, -2, -1.5707963267948966, 2.0
3244, 26, 497, 146, 496, 147, 1, -1, -0.7853981633974483, 1.4142135623730951
3245, 1, 462, 143, 461, 144, 1, -1, -0.7853981633974483, 1.4142135623730951
3245, 2, 581, 179, 580, 178, 1, 1, 0.7853981633974483, 1.4142135623730951
3245, 5, 506, 108, 504, 108, 2, 0, 0.0, 2.0
3245, 17, 456, 147, 455, 149, 1, -2, -1.1071487177940904, 2.23606797749979
3245, 18, 414, 177, 415, 179, -1, -2, -2.0344439357957027, 2.23606797749979
3245, 20, 557, 247, 554, 245, 3, 2, 0.5880026035475675, 3.605551275463989
3245, 22, 378, 158, 378, 160, 0, -2, -1.5707963267948966, 2.0
3245, 23, 562, 180, 559, 178, 3, 2, 0.5880026035475675, 3.605551275463989
3245, 25, 573, 283, 574, 282, -1, 1, 2.356194490192345, 1.4142135623730951
3246, 0, 463, 142, 462, 143, 1, -1, -0.7853981633974483, 1.4142135623730951
3246, 2, 610, 312, 611, 311, -1, 1, 2.356194490192345, 1.4142135623730951
3246, 3, 625, 299, 625, 296, 0, 3, 1.5707963267948966, 3.0
3246, 4, 507, 109, 506, 108, 1, 1, 0.7853981633974483, 1.4142135623730951
3246, 7, 442, 166, 444, 169, -2, -3, -2.158798930342464, 3.605551275463989
3246, 12, 424, 142, 423, 143, 1, -1, -0.7853981633974483, 1.4142135623730951
3246, 14, 457, 145, 456, 147, 1, -2, -1.1071487177940904, 2.23606797749979
3246, 15, 413, 175, 414, 177, -1, -2, -2.0344439357957027, 2.23606797749979
3246, 16, 550, 238, 549, 237, 1, 1, 0.7853981633974483, 1.4142135623730951
3246, 17, 559, 249, 557, 247, 2, 2, 0.7853981633974483, 2.8284271247461903
3246, 19, 378, 156, 378, 158, 0, -2, -1.5707963267948966, 2.0
3246, 20, 564, 180, 562, 180, 2, 0, 0.0, 2.0
3246, 22, 425, 249, 426, 252, -1, -3, -1.892546881191539, 3.1622776601683795
3247, 4, 508, 111, 507, 109, 1, 2, 1.1071487177940904, 2.23606797749979
3247, 12, 425, 141, 424, 142, 1, -1, -0.7853981633974483, 1.4142135623730951
3247, 15, 549, 239, 550, 238, -1, 1, 2.356194490192345, 1.4142135623730951
3247, 16, 559, 251, 559, 249, 0, 2, 1.5707963267948966, 2.0
3247, 18, 377, 152, 378, 156, -1, -4, -1.8157749899217608, 4.123105625617661
3247, 22, 378, 336, 377, 338, 1, -2, -1.1071487177940904, 2.23606797749979
3248, 0, 464, 140, 463, 141, 1, -1, -0.7853981633974483, 1.4142135623730951
3248, 4, 509, 112, 508, 111, 1, 1, 0.7853981633974483, 1.4142135623730951
3248, 11, 558, 289, 559, 288, -1, 1, 2.356194490192345, 1.4142135623730951
3248, 12, 426, 140, 425, 141, 1, -1, -0.7853981633974483, 1.4142135623730951
3248, 14, 458, 143, 457, 144, 1, -1, -0.7853981633974483, 1.4142135623730951
3248, 16, 559, 253, 559, 251, 0, 2, 1.5707963267948966, 2.0
3248, 18, 378, 150, 377, 152, 1, -2, -1.1071487177940904, 2.23606797749979
3248, 21, 379, 334, 378, 336, 1, -2, -1.1071487177940904, 2.23606797749979
3249, 11, 427, 139, 426, 140, 1, -1, -0.7853981633974483, 1.4142135623730951
3249, 13, 459, 142, 458, 143, 1, -1, -0.7853981633974483, 1.4142135623730951
3249, 14, 550, 243, 549, 240, 1, 3, 1.2490457723982544, 3.1622776601683795
3249, 17, 377, 148, 378, 150, -1, -2, -2.0344439357957027, 2.23606797749979
3250, 13, 412, 234, 412, 236, 0, -2, -1.5707963267948966, 2.0
3250, 16, 586, 287, 587, 286, -1, 1, 2.356194490192345, 1.4142135623730951
3250, 21, 488, 149, 487, 150, 1, -1, -0.7853981633974483, 1.4142135623730951
3250, 22, 570, 193, 568, 191, 2, 2, 0.7853981633974483, 2.8284271247461903
3250, 25, 354, 262, 356, 263, -2, -1, -2.677945044588987, 2.23606797749979
3250, 29, 399, 327, 400, 326, -1, 1, 2.356194490192345, 1.4142135623730951
3250, 31, 332, 356, 333, 355, -1, 1, 2.356194490192345, 1.4142135623730951
3251, 1, 466, 141, 465, 142, 1, -1, -0.7853981633974483, 1.4142135623730951
3251, 11, 585, 288, 586, 287, -1, 1, 2.356194490192345, 1.4142135623730951
3251, 12, 426, 140, 425, 141, 1, -1, -0.7853981633974483, 1.4142135623730951
3251, 13, 364, 206, 364, 208, 0, -2, -1.5707963267948966, 2.0
3251, 16, 489, 148, 488, 149, 1, -1, -0.7853981633974483, 1.4142135623730951
3251, 17, 572, 192, 570, 193, 2, -1, -0.4636476090008061, 2.23606797749979
3251, 18, 390, 309, 390, 311, 0, -2, -1.5707963267948966, 2.0
3251, 19, 354, 260, 354, 262, 0, -2, -1.5707963267948966, 2.0
3251, 22, 397, 328, 399, 327, -2, 1, 2.677945044588987, 2.23606797749979
3251, 23, 427, 246, 427, 248, 0, -2, -1.5707963267948966, 2.0
3252, 3, 417, 274, 418, 276, -1, -2, -2.0344439357957027, 2.23606797749979
3252, 14, 490, 147, 489, 148, 1, -1, -0.7853981633974483, 1.4142135623730951
3252, 15, 573, 191, 572, 192, 1, -1, -0.7853981633974483, 1.4142135623730951
3252, 20, 396, 329, 397, 328, -1, 1, 2.356194490192345, 1.4142135623730951
3253, 0, 467, 139, 466, 140, 1, -1, -0.7853981633974483, 1.4142135623730951
3253, 14, 491, 146, 490, 147, 1, -1, -0.7853981633974483, 1.4142135623730951
3253, 16, 390, 306, 390, 308, 0, -2, -1.5707963267948966, 2.0
3253, 17, 352, 258, 353, 260, -1, -2, -2.0344439357957027, 2.23606797749979
3253, 22, 445, 225, 447, 225, -2, 0, 3.141592653589793, 2.0
3254, 0, 468, 138, 467, 139, 1, -1, -0.7853981633974483, 1.4142135623730951
3254, 3, 416, 271, 417, 273, -1, -2, -2.0344439357957027, 2.23606797749979
3254, 5, 384, 155, 383, 157, 1, -2, -1.1071487177940904, 2.23606797749979
3254, 10, 428, 138, 427, 139, 1, -1, -0.7853981633974483, 1.4142135623730951
3254, 12, 574, 182, 573, 181, 1, 1, 0.7853981633974483, 1.4142135623730951
3254, 13, 558, 292, 559, 291, -1, 1, 2.356194490192345, 1.4142135623730951
3254, 14, 492, 145, 491, 146, 1, -1, -0.7853981633974483, 1.4142135623730951
3254, 15, 575, 190, 574, 191, 1, -1, -0.7853981633974483, 1.4142135623730951
3254, 17, 351, 256, 352, 258, -1, -2, -2.0344439357957027, 2.23606797749979
3255, 0, 419, 165, 419, 167, 0, -2, -1.5707963267948966, 2.0
3255, 1, 468, 140, 467, 141, 1, -1, -0.7853981633974483, 1.4142135623730951
3255, 14, 430, 139, 429, 140, 1, -1, -0.7853981633974483, 1.4142135623730951
3255, 18, 575, 184, 574, 183, 1, 1, 0.7853981633974483, 1.4142135623730951
3255, 25, 560, 293, 561, 292, -1, 1, 2.356194490192345, 1.4142135623730951
3256, 0, 469, 139, 468, 140, 1, -1, -0.7853981633974483, 1.4142135623730951
3256, 4, 587, 183, 586, 182, 1, 1, 0.7853981633974483, 1.4142135623730951
3256, 6, 470, 159, 470, 161, 0, -2, -1.5707963267948966, 2.0
3256, 15, 385, 152, 384, 154, 1, -2, -1.1071487177940904, 2.23606797749979
3256, 21, 568, 178, 565, 177, 3, 1, 0.3217505543966422, 3.1622776601683795
3256, 22, 555, 246, 554, 245, 1, 1, 0.7853981633974483, 1.4142135623730951
3256, 29, 420, 266, 420, 268, 0, -2, -1.5707963267948966, 2.0
3257, 0, 470, 138, 469, 139, 1, -1, -0.7853981633974483, 1.4142135623730951
3257, 8, 513, 116, 512, 115, 1, 1, 0.7853981633974483, 1.4142135623730951
3257, 10, 391, 220, 392, 219, -1, 1, 2.356194490192345, 1.4142135623730951
3257, 11, 431, 137, 430, 138, 1, -1, -0.7853981633974483, 1.4142135623730951
3257, 17, 504, 143, 503, 144, 1, -1, -0.7853981633974483, 1.4142135623730951
3257, 19, 571, 179, 568, 178, 3, 1, 0.3217505543966422, 3.1622776601683795
3257, 20, 554, 247, 555, 246, -1, 1, 2.356194490192345, 1.4142135623730951
3258, 0, 471, 137, 470, 138, 1, -1, -0.7853981633974483, 1.4142135623730951
3258, 2, 588, 184, 587, 183, 1, 1, 0.7853981633974483, 1.4142135623730951
3258, 9, 390, 221, 391, 220, -1, 1, 2.356194490192345, 1.4142135623730951
3258, 13, 461, 296, 461, 298, 0, -2, -1.5707963267948966, 2.0
3258, 14, 577, 186, 576, 185, 1, 1, 0.7853981633974483, 1.4142135623730951
3258, 17, 574, 181, 571, 179, 3, 2, 0.5880026035475675, 3.605551275463989
3258, 20, 577, 285, 576, 284, 1, 1, 0.7853981633974483, 1.4142135623730951
3258, 21, 419, 277, 418, 278, 1, -1, -0.7853981633974483, 1.4142135623730951
3259, 0, 472, 135, 471, 137, 1, -2, -1.1071487177940904, 2.23606797749979
3259, 2, 589, 185, 588, 184, 1, 1, 0.7853981633974483, 1.4142135623730951
3259, 6, 514, 118, 513, 117, 1, 1, 0.7853981633974483, 1.4142135623730951
3259, 8, 391, 220, 390, 221, 1, -1, -0.7853981633974483, 1.4142135623730951
3259, 9, 432, 136, 431, 137, 1, -1, -0.7853981633974483, 1.4142135623730951
3259, 10, 593, 286, 595, 287, -2, -1, -2.677945044588987, 2.23606797749979
3259, 11, 386, 149, 385, 150, 1, -1, -0.7853981633974483, 1.4142135623730951
3259, 15, 574, 183, 574, 181, 0, 2, 1.5707963267948966, 2.0
3259, 16, 553, 248, 554, 247, -1, 1, 2.356194490192345, 1.4142135623730951
3260, 0, 386, 229, 387, 231, -1, -2, -2.0344439357957027, 2.23606797749979
3260, 1, 473, 138, 472, 139, 1, -1, -0.7853981633974483, 1.4142135623730951
3260, 9, 413, 230, 413, 232, 0, -2, -1.5707963267948966, 2.0
3260, 10, 421, 280, 420, 281, 1, -1, -0.7853981633974483, 1.4142135623730951
3260, 14, 460, 142, 459, 143, 1, -1, -0.7853981633974483, 1.4142135623730951
3260, 16, 575, 185, 574, 183, 1, 2, 1.1071487177940904, 2.23606797749979
3260, 19, 560, 266, 560, 264, 0, 2, 1.5707963267948966, 2.0
3260, 22, 410, 168, 410, 170, 0, -2, -1.5707963267948966, 2.0
3260, 23, 444, 163, 444, 165, 0, -2, -1.5707963267948966, 2.0
3260, 24, 386, 150, 386, 152, 0, -2, -1.5707963267948966, 2.0
3260, 25, 342, 354, 340, 355, 2, -1, -0.4636476090008061, 2.23606797749979
3260, 30, 404, 322, 403, 324, 1, -2, -1.1071487177940904, 2.23606797749979
3261, 0, 387, 228, 386, 229, 1, -1, -0.7853981633974483, 1.4142135623730951
3261, 2, 590, 187, 589, 185, 1, 2, 1.1071487177940904, 2.23606797749979
3261, 3, 616, 317, 615, 316, 1, 1, 0.7853981633974483, 1.4142135623730951
3261, 8, 421, 278, 421, 280, 0, -2, -1.5707963267948966, 2.0
3261, 10, 434, 137, 433, 138, 1, -1, -0.7853981633974483, 1.4142135623730951
3261, 15, 509, 147, 508, 146, 1, 1, 0.7853981633974483, 1.4142135623730951
3261, 21, 387, 148, 386, 150, 1, -2, -1.1071487177940904, 2.23606797749979
3261, 22, 345, 353, 342, 354, 3, -1, -0.3217505543966422, 3.1622776601683795
3261, 24, 459, 298, 461, 299, -2, -1, -2.677945044588987, 2.23606797749979
3261, 26, 405, 320, 404, 322, 1, -2, -1.1071487177940904, 2.23606797749979
3262, 0, 475, 136, 474, 138, 1, -2, -1.1071487177940904, 2.23606797749979
3262, 6, 413, 227, 413, 229, 0, -2, -1.5707963267948966, 2.0
3262, 7, 421, 276, 421, 278, 0, -2, -1.5707963267948966, 2.0
3262, 11, 461, 140, 460, 142, 1, -2, -1.1071487177940904, 2.23606797749979
3262, 15, 551, 256, 552, 254, -1, 2, 2.0344439357957027, 2.23606797749979
3262, 20, 347, 351, 345, 353, 2, -2, -0.7853981633974483, 2.8284271247461903
3262, 24, 407, 316, 405, 320, 2, -4, -1.1071487177940904, 4.47213595499958
3263, 8, 435, 136, 434, 137, 1, -1, -0.7853981633974483, 1.4142135623730951
3263, 9, 608, 288, 609, 287, -1, 1, 2.356194490192345, 1.4142135623730951
3263, 10, 463, 140, 461, 140, 2, 0, 0.0, 2.0
3263, 12, 510, 148, 509, 147, 1, 1, 0.7853981633974483, 1.4142135623730951
3263, 17, 387, 145, 387, 147, 0, -2, -1.5707963267948966, 2.0
3263, 18, 349, 351, 347, 351, 2, 0, 0.0, 2.0
3263, 21, 408, 313, 407, 316, 1, -3, -1.2490457723982544, 3.1622776601683795
3264, 5, 520, 123, 519, 124, 1, -1, -0.7853981633974483, 1.4142135623730951
3264, 6, 413, 224, 413, 226, 0, -2, -1.5707963267948966, 2.0
3264, 8, 436, 135, 435, 136, 1, -1, -0.7853981633974483, 1.4142135623730951
3264, 16, 486, 104, 484, 105, 2, -1, -0.4636476090008061, 2.23606797749979
3264, 17, 388, 144, 387, 145, 1, -1, -0.7853981633974483, 1.4142135623730951
3264, 18, 352, 350, 349, 351, 3, -1, -0.3217505543966422, 3.1622776601683795
3264, 20, 409, 311, 408, 313, 1, -2, -1.1071487177940904, 2.23606797749979
3265, 5, 565, 267, 564, 266, 1, 1, 0.7853981633974483, 1.4142135623730951
3265, 9, 469, 238, 470, 242, -1, -4, -1.8157749899217608, 4.123105625617661
3265, 13, 358, 253, 358, 258, 0, -5, -1.5707963267948966, 5.0
3265, 15, 611, 289, 611, 287, 0, 2, 1.5707963267948966, 2.0
3265, 16, 552, 254, 553, 253, -1, 1, 2.356194490192345, 1.4142135623730951
3265, 17, 518, 124, 515, 123, 3, 1, 0.3217505543966422, 3.1622776601683795
3265, 19, 381, 157, 381, 159, 0, -2, -1.5707963267948966, 2.0
3265, 21, 558, 265, 557, 264, 1, 1, 0.7853981633974483, 1.4142135623730951
3266, 0, 477, 136, 476, 137, 1, -1, -0.7853981633974483, 1.4142135623730951
3266, 10, 445, 159, 445, 161, 0, -2, -1.5707963267948966, 2.0
3266, 15, 551, 255, 552, 254, -1, 1, 2.356194490192345, 1.4142135623730951
3266, 16, 519, 123, 518, 124, 1, -1, -0.7853981633974483, 1.4142135623730951
3266, 18, 381, 155, 381, 157, 0, -2, -1.5707963267948966, 2.0
3266, 20, 560, 265, 558, 265, 2, 0, 0.0, 2.0
3266, 25, 410, 135, 409, 136, 1, -1, -0.7853981633974483, 1.4142135623730951
3266, 27, 404, 325, 405, 324, -1, 1, 2.356194490192345, 1.4142135623730951
3267, 0, 478, 135, 477, 136, 1, -1, -0.7853981633974483, 1.4142135623730951
3267, 6, 597, 280, 596, 281, 1, -1, -0.7853981633974483, 1.4142135623730951
3267, 9, 389, 147, 388, 148, 1, -1, -0.7853981633974483, 1.4142135623730951
3267, 13, 513, 149, 512, 148, 1, 1, 0.7853981633974483, 1.4142135623730951
3267, 14, 382, 154, 381, 155, 1, -1, -0.7853981633974483, 1.4142135623730951
3267, 20, 462, 266, 463, 268, -1, -2, -2.0344439357957027, 2.23606797749979
3268, 0, 479, 134, 478, 135, 1, -1, -0.7853981633974483, 1.4142135623730951
3268, 3, 594, 188, 593, 187, 1, 1, 0.7853981633974483, 1.4142135623730951
3268, 6, 598, 279, 597, 280, 1, -1, -0.7853981633974483, 1.4142135623730951
3268, 9, 389, 145, 389, 147, 0, -2, -1.5707963267948966, 2.0
3269, 0, 480, 132, 479, 134, 1, -2, -1.1071487177940904, 2.23606797749979
3269, 1, 617, 320, 616, 321, 1, -1, -0.7853981633974483, 1.4142135623730951
3269, 3, 596, 188, 594, 188, 2, 0, 0.0, 2.0
3269, 8, 390, 143, 389, 145, 1, -2, -1.1071487177940904, 2.23606797749979
3269, 17, 411, 133, 410, 134, 1, -1, -0.7853981633974483, 1.4142135623730951
3269, 19, 405, 325, 404, 326, 1, -1, -0.7853981633974483, 1.4142135623730951
3270, 0, 387, 229, 387, 231, 0, -2, -1.5707963267948966, 2.0
3270, 1, 480, 135, 479, 136, 1, -1, -0.7853981633974483, 1.4142135623730951
3270, 2, 596, 190, 595, 189, 1, 1, 0.7853981633974483, 1.4142135623730951
3270, 12, 565, 276, 564, 275, 1, 1, 0.7853981633974483, 1.4142135623730951
3270, 13, 446, 157, 447, 159, -1, -2, -2.0344439357957027, 2.23606797749979
3270, 15, 387, 154, 386, 156, 1, -2, -1.1071487177940904, 2.23606797749979
3270, 21, 391, 144, 391, 147, 0, -3, -1.5707963267948966, 3.0
3270, 22, 398, 251, 398, 253, 0, -2, -1.5707963267948966, 2.0
3270, 31, 382, 235, 381, 237, 1, -2, -1.1071487177940904, 2.23606797749979
3271, 1, 482, 134, 480, 135, 2, -1, -0.4636476090008061, 2.23606797749979
3271, 2, 598, 190, 596, 190, 2, 0, 0.0, 2.0
3271, 4, 424, 261, 425, 263, -1, -2, -2.0344439357957027, 2.23606797749979
3271, 17, 438, 135, 437, 136, 1, -1, -0.7853981633974483, 1.4142135623730951
3271, 19, 513, 156, 512, 155, 1, 1, 0.7853981633974483, 1.4142135623730951
3271, 20, 392, 141, 391, 144, 1, -3, -1.2490457723982544, 3.1622776601683795
3272, 0, 387, 226, 387, 228, 0, -2, -1.5707963267948966, 2.0
3272, 1, 483, 133, 482, 134, 1, -1, -0.7853981633974483, 1.4142135623730951
3272, 4, 422, 260, 424, 261, -2, -1, -2.677945044588987, 2.23606797749979
3272, 9, 526, 129, 525, 128, 1, 1, 0.7853981633974483, 1.4142135623730951
3272, 17, 438, 133, 438, 135, 0, -2, -1.5707963267948966, 2.0
3272, 20, 393, 139, 392, 141, 1, -2, -1.1071487177940904, 2.23606797749979
3273, 8, 500, 154, 499, 155, 1, -1, -0.7853981633974483, 1.4142135623730951
3273, 10, 446, 153, 446, 155, 0, -2, -1.5707963267948966, 2.0
3273, 13, 439, 132, 438, 133, 1, -1, -0.7853981633974483, 1.4142135623730951
3274, 0, 485, 132, 484, 133, 1, -1, -0.7853981633974483, 1.4142135623730951
3274, 11, 388, 150, 387, 151, 1, -1, -0.7853981633974483, 1.4142135623730951
3274, 14, 515, 157, 514, 156, 1, 1, 0.7853981633974483, 1.4142135623730951
3274, 15, 393, 136, 393, 138, 0, -2, -1.5707963267948966, 2.0
3274, 17, 553, 258, 554, 257, -1, 1, 2.356194490192345, 1.4142135623730951
3275, 2, 484, 134, 482, 135, 2, -1, -0.4636476090008061, 2.23606797749979
3275, 5, 621, 324, 620, 323, 1, 1, 0.7853981633974483, 1.4142135623730951
3275, 11, 522, 120, 520, 120, 2, 0, 0.0, 2.0
3275, 12, 441, 134, 440, 135, 1, -1, -0.7853981633974483, 1.4142135623730951
3275, 17, 327, 330, 326, 331, 1, -1, -0.7853981633974483, 1.4142135623730951
3275, 24, 563, 276, 565, 277, -2, -1, -2.677945044588987, 2.23606797749979
3275, 25, 410, 319, 410, 322, 0, -3, -1.5707963267948966, 3.0
3275, 26, 467, 208, 468, 210, -1, -2, -2.0344439357957027, 2.23606797749979
3275, 29, 580, 197, 579, 196, 1, 1, 0.7853981633974483, 1.4142135623730951
3275, 30, 392, 142, 392, 144, 0, -2, -1.5707963267948966, 2.0
3275, 33, 386, 297, 386, 299, 0, -2, -1.5707963267948966, 2.0
3276, 4, 423, 260, 425, 261, -2, -1, -2.677945044588987, 2.23606797749979
3276, 10, 524, 121, 522, 120, 2, 1, 0.4636476090008061, 2.23606797749979
3276, 17, 586, 190, 585, 191, 1, -1, -0.7853981633974483, 1.4142135623730951
3276, 18, 449, 156, 448, 157, 1, -1, -0.7853981633974483, 1.4142135623730951
3276, 26, 581, 198, 580, 197, 1, 1, 0.7853981633974483, 1.4142135623730951
3276, 27, 393, 140, 392, 142, 1, -2, -1.1071487177940904, 2.23606797749979
3276, 30, 387, 295, 386, 297, 1, -2, -1.1071487177940904, 2.23606797749979
3277, 10, 528, 122, 524, 121, 4, 1, 0.24497866312686414, 4.123105625617661
3277, 11, 442, 132, 441, 133, 1, -1, -0.7853981633974483, 1.4142135623730951
3277, 23, 562, 302, 563, 301, -1, 1, 2.356194490192345, 1.4142135623730951
3277, 25, 584, 199, 581, 198, 3, 1, 0.3217505543966422, 3.1622776601683795
3277, 27, 317, 335, 315, 334, 2, 1, 0.4636476090008061, 2.23606797749979
3278, 3, 421, 260, 423, 260, -2, 0, 3.141592653589793, 2.0
3278, 9, 529, 123, 528, 122, 1, 1, 0.7853981633974483, 1.4142135623730951
3278, 10, 443, 131, 442, 132, 1, -1, -0.7853981633974483, 1.4142135623730951
3278, 16, 588, 189, 587, 190, 1, -1, -0.7853981633974483, 1.4142135623730951
3278, 17, 450, 154, 449, 155, 1, -1, -0.7853981633974483, 1.4142135623730951
3278, 24, 586, 199, 584, 199, 2, 0, 0.0, 2.0
3278, 26, 319, 335, 317, 335, 2, 0, 0.0, 2.0
3278, 28, 387, 292, 387, 294, 0, -2, -1.5707963267948966, 2.0
3279, 1, 486, 132, 485, 133, 1, -1, -0.7853981633974483, 1.4142135623730951
3279, 2, 601, 194, 600, 193, 1, 1, 0.7853981633974483, 1.4142135623730951
3279, 3, 418, 259, 421, 260, -3, -1, -2.819842099193151, 3.1622776601683795
3279, 5, 463, 288, 463, 290, 0, -2, -1.5707963267948966, 2.0
3279, 9, 530, 125, 529, 123, 1, 2, 1.1071487177940904, 2.23606797749979
3279, 14, 329, 328, 328, 329, 1, -1, -0.7853981633974483, 1.4142135623730951
3279, 21, 406, 320, 407, 319, -1, 1, 2.356194490192345, 1.4142135623730951
3279, 24, 587, 200, 586, 199, 1, 1, 0.7853981633974483, 1.4142135623730951
3279, 28, 387, 290, 387, 292, 0, -2, -1.5707963267948966, 2.0
3280, 1, 486, 134, 485, 135, 1, -1, -0.7853981633974483, 1.4142135623730951
3280, 8, 470, 235, 470, 237, 0, -2, -1.5707963267948966, 2.0
3280, 26, 444, 132, 443, 134, 1, -2, -1.1071487177940904, 2.23606797749979
3281, 2, 602, 196, 601, 195, 1, 1, 0.7853981633974483, 1.4142135623730951
3281, 6, 531, 130, 530, 129, 1, 1, 0.7853981633974483, 1.4142135623730951
3281, 7, 466, 206, 467, 208, -1, -2, -2.0344439357957027, 2.23606797749979
3281, 10, 592, 286, 594, 284, -2, 2, 2.356194490192345, 2.8284271247461903
3281, 15, 450, 154, 449, 156, 1, -2, -1.1071487177940904, 2.23606797749979
3281, 18, 480, 138, 479, 139, 1, -1, -0.7853981633974483, 1.4142135623730951
3281, 25, 395, 206, 395, 208, 0, -2, -1.5707963267948966, 2.0
3281, 26, 353, 354, 355, 353, -2, 1, 2.677945044588987, 2.23606797749979
3282, 8, 469, 232, 470, 234, -1, -2, -2.0344439357957027, 2.23606797749979
3282, 11, 565, 274, 566, 272, -1, 2, 2.0344439357957027, 2.23606797749979
3282, 18, 592, 195, 591, 194, 1, 1, 0.7853981633974483, 1.4142135623730951
3282, 20, 505, 155, 503, 156, 2, -1, -0.4636476090008061, 2.23606797749979
3282, 21, 445, 130, 444, 131, 1, -1, -0.7853981633974483, 1.4142135623730951
3283, 1, 488, 133, 487, 134, 1, -1, -0.7853981633974483, 1.4142135623730951
3283, 6, 532, 129, 531, 130, 1, -1, -0.7853981633974483, 1.4142135623730951
3283, 8, 591, 284, 592, 286, -1, -2, -2.0344439357957027, 2.23606797749979
3283, 11, 395, 137, 394, 138, 1, -1, -0.7853981633974483, 1.4142135623730951
3283, 15, 481, 136, 481, 138, 0, -2, -1.5707963267948966, 2.0
3283, 17, 415, 220, 415, 222, 0, -2, -1.5707963267948966, 2.0
3283, 18, 508, 153, 505, 155, 3, -2, -0.5880026035475675, 3.605551275463989
3283, 24, 587, 202, 587, 204, 0, -2, -1.5707963267948966, 2.0
3284, 2, 603, 198, 602, 197, 1, 1, 0.7853981633974483, 1.4142135623730951
3284, 3, 625, 325, 623, 325, 2, 0, 0.0, 2.0
3284, 7, 468, 229, 469, 231, -1, -2, -2.0344439357957027, 2.23606797749979
3284, 9, 420, 262, 420, 264, 0, -2, -1.5707963267948966, 2.0
3284, 14, 482, 135, 481, 136, 1, -1, -0.7853981633974483, 1.4142135623730951
3284, 17, 509, 152, 508, 153, 1, -1, -0.7853981633974483, 1.4142135623730951
3284, 19, 591, 306, 592, 305, -1, 1, 2.356194490192345, 1.4142135623730951
3285, 4, 605, 198, 604, 197, 1, 1, 0.7853981633974483, 1.4142135623730951
3285, 9, 539, 139, 538, 138, 1, 1, 0.7853981633974483, 1.4142135623730951
3285, 15, 417, 221, 417, 223, 0, -2, -1.5707963267948966, 2.0
3285, 16, 592, 198, 591, 197, 1, 1, 0.7853981633974483, 1.4142135623730951
3285, 19, 398, 139, 397, 140, 1, -1, -0.7853981633974483, 1.4142135623730951
3285, 20, 360, 249, 361, 251, -1, -2, -2.0344439357957027, 2.23606797749979
3285, 24, 554, 268, 555, 267, -1, 1, 2.356194490192345, 1.4142135623730951
3285, 25, 519, 165, 518, 163, 1, 2, 1.1071487177940904, 2.23606797749979
3285, 26, 581, 307, 580, 306, 1, 1, 0.7853981633974483, 1.4142135623730951
3285, 40, 478, 135, 476, 136, 2, -1, -0.4636476090008061, 2.23606797749979
3285, 41, 468, 115, 467, 116, 1, -1, -0.7853981633974483, 1.4142135623730951
3286, 4, 606, 199, 605, 198, 1, 1, 0.7853981633974483, 1.4142135623730951
3286, 8, 479, 153, 478, 154, 1, -1, -0.7853981633974483, 1.4142135623730951
3286, 9, 540, 140, 539, 139, 1, 1, 0.7853981633974483, 1.4142135623730951
3286, 16, 421, 131, 420, 132, 1, -1, -0.7853981633974483, 1.4142135623730951
3286, 19, 360, 247, 360, 249, 0, -2, -1.5707963267948966, 2.0
3286, 28, 335, 335, 334, 336, 1, -1, -0.7853981633974483, 1.4142135623730951
3286, 29, 585, 200, 587, 202, -2, -2, -2.356194490192345, 2.8284271247461903
3286, 31, 421, 256, 421, 258, 0, -2, -1.5707963267948966, 2.0
3287, 1, 492, 134, 491, 135, 1, -1, -0.7853981633974483, 1.4142135623730951
3287, 3, 607, 200, 606, 199, 1, 1, 0.7853981633974483, 1.4142135623730951
3287, 16, 398, 136, 398, 138, 0, -2, -1.5707963267948966, 2.0
3287, 21, 520, 167, 519, 166, 1, 1, 0.7853981633974483, 1.4142135623730951
3287, 23, 446, 131, 445, 132, 1, -1, -0.7853981633974483, 1.4142135623730951
3287, 28, 366, 345, 367, 347, -1, -2, -2.0344439357957027, 2.23606797749979
3288, 7, 541, 141, 540, 140, 1, 1, 0.7853981633974483, 1.4142135623730951
3288, 13, 594, 200, 593, 199, 1, 1, 0.7853981633974483, 1.4142135623730951
3288, 14, 421, 128, 421, 130, 0, -2, -1.5707963267948966, 2.0
3288, 16, 399, 135, 398, 136, 1, -1, -0.7853981633974483, 1.4142135623730951
3288, 25, 336, 334, 335, 335, 1, -1, -0.7853981633974483, 1.4142135623730951
3288, 33, 471, 114, 470, 115, 1, -1, -0.7853981633974483, 1.4142135623730951
3289, 1, 493, 133, 492, 134, 1, -1, -0.7853981633974483, 1.4142135623730951
3289, 15, 530, 133, 531, 132, -1, 1, 2.356194490192345, 1.4142135623730951
3289, 19, 552, 271, 553, 270, -1, 1, 2.356194490192345, 1.4142135623730951
3289, 22, 447, 130, 446, 131, 1, -1, -0.7853981633974483, 1.4142135623730951
3289, 26, 420, 258, 421, 255, -1, 3, 1.892546881191539, 3.1622776601683795
3289, 29, 566, 279, 567, 277, -1, 2, 2.0344439357957027, 2.23606797749979
3289, 31, 482, 136, 481, 135, 1, 1, 0.7853981633974483, 1.4142135623730951
3290, 1, 390, 222, 389, 223, 1, -1, -0.7853981633974483, 1.4142135623730951
3290, 3, 608, 202, 607, 201, 1, 1, 0.7853981633974483, 1.4142135623730951
3290, 11, 539, 138, 538, 137, 1, 1, 0.7853981633974483, 1.4142135623730951
3290, 12, 410, 315, 410, 317, 0, -2, -1.5707963267948966, 2.0
3290, 17, 364, 345, 362, 348, 2, -3, -0.982793723247329, 3.605551275463989
3290, 18, 400, 137, 399, 138, 1, -1, -0.7853981633974483, 1.4142135623730951
3290, 29, 599, 205, 598, 204, 1, 1, 0.7853981633974483, 1.4142135623730951
3290, 32, 443, 156, 443, 158, 0, -2, -1.5707963267948966, 2.0
3291, 5, 630, 327, 628, 327, 2, 0, 0.0, 2.0
3291, 7, 463, 226, 464, 228, -1, -2, -2.0344439357957027, 2.23606797749979
3291, 8, 540, 139, 539, 138, 1, 1, 0.7853981633974483, 1.4142135623730951
3291, 9, 411, 312, 410, 315, 1, -3, -1.2490457723982544, 3.1622776601683795
3291, 11, 586, 281, 586, 279, 0, 2, 1.5707963267948966, 2.0
3291, 14, 368, 340, 364, 345, 4, -5, -0.8960553845713439, 6.4031242374328485
3291, 18, 447, 130, 446, 131, 1, -1, -0.7853981633974483, 1.4142135623730951
3291, 19, 557, 271, 558, 270, -1, 1, 2.356194490192345, 1.4142135623730951
3291, 22, 469, 231, 469, 233, 0, -2, -1.5707963267948966, 2.0
3291, 25, 600, 206, 599, 205, 1, 1, 0.7853981633974483, 1.4142135623730951
3291, 28, 443, 154, 443, 156, 0, -2, -1.5707963267948966, 2.0
3291, 30, 493, 108, 491, 108, 2, 0, 0.0, 2.0
3292, 6, 461, 225, 463, 226, -2, -1, -2.677945044588987, 2.23606797749979
3292, 8, 413, 310, 411, 312, 2, -2, -0.7853981633974483, 2.8284271247461903
3292, 12, 452, 151, 452, 153, 0, -2, -1.5707963267948966, 2.0
3292, 13, 370, 338, 368, 340, 2, -2, -0.7853981633974483, 2.8284271247461903
3292, 14, 401, 135, 400, 136, 1, -1, -0.7853981633974483, 1.4142135623730951
3292, 16, 336, 335, 335, 336, 1, -1, -0.7853981633974483, 1.4142135623730951
3292, 18, 558, 272, 557, 271, 1, 1, 0.7853981633974483, 1.4142135623730951
3292, 29, 494, 109, 493, 108, 1, 1, 0.7853981633974483, 1.4142135623730951
3293, 2, 625, 305, 624, 304, 1, 1, 0.7853981633974483, 1.4142135623730951
3293, 8, 415, 307, 413, 310, 2, -3, -0.982793723247329, 3.605551275463989
3293, 10, 587, 283, 586, 282, 1, 1, 0.7853981633974483, 1.4142135623730951
3293, 13, 372, 336, 370, 338, 2, -2, -0.7853981633974483, 2.8284271247461903
3293, 16, 337, 334, 336, 335, 1, -1, -0.7853981633974483, 1.4142135623730951
3293, 22, 583, 303, 582, 302, 1, 1, 0.7853981633974483, 1.4142135623730951
3293, 23, 422, 267, 422, 269, 0, -2, -1.5707963267948966, 2.0
3293, 26, 444, 152, 443, 153, 1, -1, -0.7853981633974483, 1.4142135623730951
3293, 28, 496, 110, 494, 109, 2, 1, 0.4636476090008061, 2.23606797749979
3294, 8, 416, 306, 415, 307, 1, -1, -0.7853981633974483, 1.4142135623730951
3294, 10, 588, 284, 587, 283, 1, 1, 0.7853981633974483, 1.4142135623730951
3294, 13, 374, 333, 372, 336, 2, -3, -0.982793723247329, 3.605551275463989
3294, 26, 445, 151, 444, 152, 1, -1, -0.7853981633974483, 1.4142135623730951
3294, 27, 580, 254, 580, 252, 0, 2, 1.5707963267948966, 2.0
3294, 28, 497, 111, 496, 110, 1, 1, 0.7853981633974483, 1.4142135623730951
3295, 11, 535, 141, 532, 138, 3, 3, 0.7853981633974483, 4.242640687119285
3295, 13, 393, 145, 392, 146, 1, -1, -0.7853981633974483, 1.4142135623730951
3295, 14, 469, 227, 469, 229, 0, -2, -1.5707963267948966, 2.0
3295, 16, 557, 275, 558, 274, -1, 1, 2.356194490192345, 1.4142135623730951
3295, 18, 402, 136, 401, 137, 1, -1, -0.7853981633974483, 1.4142135623730951
3295, 24, 451, 130, 450, 131, 1, -1, -0.7853981633974483, 1.4142135623730951
3295, 32, 461, 202, 462, 204, -1, -2, -2.0344439357957027, 2.23606797749979
3295, 33, 422, 236, 422, 238, 0, -2, -1.5707963267948966, 2.0
3295, 35, 422, 266, 423, 268, -1, -2, -2.0344439357957027, 2.23606797749979
3296, 1, 390, 221, 390, 223, 0, -2, -1.5707963267948966, 2.0
3296, 2, 498, 134, 497, 135, 1, -1, -0.7853981633974483, 1.4142135623730951
3296, 11, 537, 142, 535, 141, 2, 1, 0.4636476090008061, 2.23606797749979
3296, 20, 522, 170, 521, 169, 1, 1, 0.7853981633974483, 1.4142135623730951
3296, 22, 410, 320, 411, 319, -1, 1, 2.356194490192345, 1.4142135623730951
3296, 29, 401, 205, 401, 207, 0, -2, -1.5707963267948966, 2.0
3296, 32, 422, 233, 422, 236, 0, -3, -1.5707963267948966, 3.0
3297, 12, 397, 145, 394, 145, 3, 0, 0.0, 3.0
3297, 15, 556, 276, 557, 275, -1, 1, 2.356194490192345, 1.4142135623730951
3297, 19, 523, 171, 522, 170, 1, 1, 0.7853981633974483, 1.4142135623730951
3297, 23, 463, 258, 463, 260, 0, -2, -1.5707963267948966, 2.0
3297, 24, 388, 214, 387, 215, 1, -1, -0.7853981633974483, 1.4142135623730951
3297, 25, 368, 348, 367, 349, 1, -1, -0.7853981633974483, 1.4142135623730951
3297, 26, 459, 226, 458, 227, 1, -1, -0.7853981633974483, 1.4142135623730951
3297, 27, 400, 203, 401, 205, -1, -2, -2.0344439357957027, 2.23606797749979
3297, 30, 569, 278, 568, 279, 1, -1, -0.7853981633974483, 1.4142135623730951
3298, 0, 425, 148, 424, 150, 1, -2, -1.1071487177940904, 2.23606797749979
3298, 1, 390, 218, 390, 220, 0, -2, -1.5707963267948966, 2.0
3298, 2, 500, 133, 499, 134, 1, -1, -0.7853981633974483, 1.4142135623730951
3298, 12, 399, 144, 397, 145, 2, -1, -0.4636476090008061, 2.23606797749979
3298, 13, 469, 224, 469, 226, 0, -2, -1.5707963267948966, 2.0
3298, 14, 455, 148, 454, 150, 1, -2, -1.1071487177940904, 2.23606797749979
3298, 16, 595, 311, 594, 310, 1, 1, 0.7853981633974483, 1.4142135623730951
3298, 22, 452, 127, 451, 129, 1, -2, -1.1071487177940904, 2.23606797749979
3298, 23, 390, 213, 388, 214, 2, -1, -0.4636476090008061, 2.23606797749979
3298, 24, 369, 347, 368, 348, 1, -1, -0.7853981633974483, 1.4142135623730951
3298, 28, 422, 230, 422, 232, 0, -2, -1.5707963267948966, 2.0
3299, 1, 391, 217, 390, 218, 1, -1, -0.7853981633974483, 1.4142135623730951
3299, 2, 502, 132, 500, 133, 2, -1, -0.4636476090008061, 2.23606797749979
3299, 3, 611, 207, 610, 206, 1, 1, 0.7853981633974483, 1.4142135623730951
3299, 12, 401, 143, 399, 144, 2, -1, -0.4636476090008061, 2.23606797749979
3299, 16, 403, 132, 402, 133, 1, -1, -0.7853981633974483, 1.4142135623730951
3299, 18, 525, 172, 524, 171, 1, 1, 0.7853981633974483, 1.4142135623730951
3299, 20, 411, 319, 410, 320, 1, -1, -0.7853981633974483, 1.4142135623730951
3299, 23, 371, 346, 369, 347, 2, -1, -0.4636476090008061, 2.23606797749979
3299, 24, 459, 223, 459, 225, 0, -2, -1.5707963267948966, 2.0
3299, 27, 419, 228, 422, 230, -3, -2, -2.5535900500422257, 3.605551275463989
3299, 33, 462, 295, 462, 297, 0, -2, -1.5707963267948966, 2.0
3300, 0, 391, 218, 391, 220, 0, -2, -1.5707963267948966, 2.0
3300, 2, 426, 150, 425, 151, 1, -1, -0.7853981633974483, 1.4142135623730951
3300, 14, 400, 144, 399, 145, 1, -1, -0.7853981633974483, 1.4142135623730951
3300, 15, 452, 129, 451, 130, 1, -1, -0.7853981633974483, 1.4142135623730951
3300, 18, 545, 148, 544, 147, 1, 1, 0.7853981633974483, 1.4142135623730951
3300, 24, 600, 313, 599, 312, 1, 1, 0.7853981633974483, 1.4142135623730951
3300, 25, 558, 277, 559, 276, -1, 1, 2.356194490192345, 1.4142135623730951
3301, 5, 420, 215, 420, 217, 0, -2, -1.5707963267948966, 2.0
3301, 12, 456, 149, 455, 151, 1, -2, -1.1071487177940904, 2.23606797749979
3301, 14, 453, 128, 452, 129, 1, -1, -0.7853981633974483, 1.4142135623730951
3301, 18, 513, 180, 512, 178, 1, 2, 1.1071487177940904, 2.23606797749979
3302, 0, 391, 215, 391, 217, 0, -2, -1.5707963267948966, 2.0
3302, 2, 427, 148, 426, 149, 1, -1, -0.7853981633974483, 1.4142135623730951
3302, 5, 421, 212, 420, 215, 1, -3, -1.2490457723982544, 3.1622776601683795
3302, 6, 484, 148, 482, 149, 2, -1, -0.4636476090008061, 2.23606797749979
3302, 12, 401, 141, 400, 143, 1, -2, -1.1071487177940904, 2.23606797749979
3302, 15, 546, 150, 545, 149, 1, 1, 0.7853981633974483, 1.4142135623730951
3302, 16, 514, 182, 513, 180, 1, 2, 1.1071487177940904, 2.23606797749979
3302, 18, 428, 127, 427, 128, 1, -1, -0.7853981633974483, 1.4142135623730951
3303, 3, 503, 134, 502, 135, 1, -1, -0.7853981633974483, 1.4142135623730951
3303, 5, 485, 147, 484, 148, 1, -1, -0.7853981633974483, 1.4142135623730951
3303, 9, 581, 291, 582, 290, -1, 1, 2.356194490192345, 1.4142135623730951
3303, 11, 402, 140, 401, 141, 1, -1, -0.7853981633974483, 1.4142135623730951
3303, 12, 454, 126, 453, 127, 1, -1, -0.7853981633974483, 1.4142135623730951
3303, 13, 547, 151, 546, 150, 1, 1, 0.7853981633974483, 1.4142135623730951
3303, 14, 516, 183, 514, 182, 2, 1, 0.4636476090008061, 2.23606797749979
3303, 19, 559, 279, 558, 278, 1, 1, 0.7853981633974483, 1.4142135623730951
3304, 7, 620, 308, 621, 307, -1, 1, 2.356194490192345, 1.4142135623730951
3304, 19, 558, 280, 559, 279, -1, 1, 2.356194490192345, 1.4142135623730951
3304, 20, 342, 331, 341, 332, 1, -1, -0.7853981633974483, 1.4142135623730951
3304, 21, 399, 197, 400, 199, -1, -2, -2.0344439357957027, 2.23606797749979
3305, 0, 391, 216, 391, 218, 0, -2, -1.5707963267948966, 2.0
3305, 2, 428, 147, 427, 148, 1, -1, -0.7853981633974483, 1.4142135623730951
3305, 4, 614, 208, 615, 207, -1, 1, 2.356194490192345, 1.4142135623730951
3305, 12, 547, 150, 546, 149, 1, 1, 0.7853981633974483, 1.4142135623730951
3305, 13, 455, 127, 454, 128, 1, -1, -0.7853981633974483, 1.4142135623730951
3305, 32, 421, 126, 419, 127, 2, -1, -0.4636476090008061, 2.23606797749979
3305, 36, 596, 216, 595, 214, 1, 2, 1.1071487177940904, 2.23606797749979
3305, 43, 415, 313, 417, 312, -2, 1, 2.677945044588987, 2.23606797749979
3306, 6, 423, 213, 422, 214, 1, -1, -0.7853981633974483, 1.4142135623730951
3306, 8, 624, 312, 624, 309, 0, 3, 1.5707963267948966, 3.0
3306, 11, 543, 140, 541, 140, 2, 0, 0.0, 2.0
3306, 12, 548, 151, 547, 150, 1, 1, 0.7853981633974483, 1.4142135623730951
3306, 34, 597, 218, 596, 216, 1, 2, 1.1071487177940904, 2.23606797749979
3306, 37, 401, 160, 400, 164, 1, -4, -1.3258176636680326, 4.123105625617661
3307, 1, 506, 135, 505, 136, 1, -1, -0.7853981633974483, 1.4142135623730951
3307, 6, 562, 280, 561, 279, 1, 1, 0.7853981633974483, 1.4142135623730951
3307, 10, 545, 141, 543, 140, 2, 1, 0.4636476090008061, 2.23606797749979
3307, 12, 456, 125, 455, 126, 1, -1, -0.7853981633974483, 1.4142135623730951
3307, 18, 407, 130, 406, 131, 1, -1, -0.7853981633974483, 1.4142135623730951
3307, 27, 422, 126, 420, 126, 2, 0, 0.0, 2.0
3307, 31, 598, 219, 597, 218, 1, 1, 0.7853981633974483, 1.4142135623730951
3307, 37, 413, 315, 415, 314, -2, 1, 2.677945044588987, 2.23606797749979
3307, 39, 583, 287, 584, 286, -1, 1, 2.356194490192345, 1.4142135623730951
3308, 7, 495, 138, 494, 139, 1, -1, -0.7853981633974483, 1.4142135623730951
3308, 8, 548, 143, 545, 141, 3, 2, 0.5880026035475675, 3.605551275463989
3308, 9, 546, 152, 547, 151, -1, 1, 2.356194490192345, 1.4142135623730951
3308, 16, 579, 262, 579, 260, 0, 2, 1.5707963267948966, 2.0
3308, 20, 401, 234, 401, 236, 0, -2, -1.5707963267948966, 2.0
3308, 24, 424, 126, 422, 126, 2, 0, 0.0, 2.0
3308, 33, 412, 317, 413, 315, -1, 2, 2.0344439357957027, 2.23606797749979
3309, 0, 390, 211, 391, 213, -1, -2, -2.0344439357957027, 2.23606797749979
3309, 4, 565, 281, 563, 280, 2, 1, 0.4636476090008061, 2.23606797749979
3309, 7, 496, 137, 495, 138, 1, -1, -0.7853981633974483, 1.4142135623730951
3309, 8, 549, 145, 548, 143, 1, 2, 1.1071487177940904, 2.23606797749979
3309, 18, 372, 341, 374, 340, -2, 1, 2.677945044588987, 2.23606797749979
3309, 20, 570, 282, 571, 281, -1, 1, 2.356194490192345, 1.4142135623730951
3309, 23, 426, 127, 424, 126, 2, 1, 0.4636476090008061, 2.23606797749979
3310, 6, 548, 148, 546, 145, 2, 3, 0.982793723247329, 3.605551275463989
3310, 12, 413, 318, 414, 317, -1, 1, 2.356194490192345, 1.4142135623730951
3310, 15, 408, 132, 407, 133, 1, -1, -0.7853981633974483, 1.4142135623730951
3310, 25, 348, 333, 347, 334, 1, -1, -0.7853981633974483, 1.4142135623730951
3310, 36, 418, 260, 418, 264, 0, -4, -1.5707963267948966, 4.0
3310, 38, 596, 202, 595, 203, 1, -1, -0.7853981633974483, 1.4142135623730951
3310, 39, 571, 283, 572, 282, -1, 1, 2.356194490192345, 1.4142135623730951
3310, 43, 418, 151, 418, 153, 0, -2, -1.5707963267948966, 2.0
3310, 45, 393, 285, 393, 287, 0, -2, -1.5707963267948966, 2.0
3311, 12, 411, 319, 413, 318, -2, 1, 2.677945044588987, 2.23606797749979
3311, 17, 584, 289, 585, 288, -1, 1, 2.356194490192345, 1.4142135623730951
3311, 20, 464, 255, 464, 257, 0, -2, -1.5707963267948966, 2.0
3311, 26, 372, 344, 373, 343, -1, 1, 2.356194490192345, 1.4142135623730951
3311, 32, 417, 258, 418, 260, -1, -2, -2.0344439357957027, 2.23606797749979
3311, 35, 571, 285, 571, 283, 0, 2, 1.5707963267948966, 2.0
3311, 37, 418, 149, 418, 151, 0, -2, -1.5707963267948966, 2.0
3311, 39, 393, 283, 393, 285, 0, -2, -1.5707963267948966, 2.0
3312, 12, 409, 320, 411, 319, -2, 1, 2.677945044588987, 2.23606797749979
3312, 15, 409, 130, 408, 131, 1, -1, -0.7853981633974483, 1.4142135623730951
3312, 31, 598, 202, 596, 201, 2, 1, 0.4636476090008061, 2.23606797749979
3312, 32, 570, 287, 571, 285, -1, 2, 2.0344439357957027, 2.23606797749979
3312, 33, 583, 349, 582, 348, 1, 1, 0.7853981633974483, 1.4142135623730951
3312, 34, 418, 147, 418, 149, 0, -2, -1.5707963267948966, 2.0
3313, 6, 548, 150, 549, 149, -1, 1, 2.356194490192345, 1.4142135623730951
3313, 22, 459, 124, 457, 125, 2, -1, -0.4636476090008061, 2.23606797749979
3313, 30, 560, 285, 559, 284, 1, 1, 0.7853981633974483, 1.4142135623730951
3313, 31, 599, 203, 598, 202, 1, 1, 0.7853981633974483, 1.4142135623730951
3313, 32, 569, 289, 570, 287, -1, 2, 2.0344439357957027, 2.23606797749979
3313, 34, 418, 145, 418, 147, 0, -2, -1.5707963267948966, 2.0
3313, 36, 394, 280, 393, 282, 1, -2, -1.1071487177940904, 2.23606797749979
3314, 6, 549, 149, 548, 150, 1, -1, -0.7853981633974483, 1.4142135623730951
3314, 7, 502, 139, 501, 140, 1, -1, -0.7853981633974483, 1.4142135623730951
3314, 12, 409, 319, 408, 320, 1, -1, -0.7853981633974483, 1.4142135623730951
3314, 20, 460, 123, 459, 124, 1, -1, -0.7853981633974483, 1.4142135623730951
3314, 29, 601, 206, 599, 203, 2, 3, 0.982793723247329, 3.605551275463989
3314, 32, 418, 143, 418, 145, 0, -2, -1.5707963267948966, 2.0
3315, 1, 393, 213, 393, 215, 0, -2, -1.5707963267948966, 2.0
3315, 5, 422, 211, 422, 213, 0, -2, -1.5707963267948966, 2.0
3315, 18, 462, 124, 461, 125, 1, -1, -0.7853981633974483, 1.4142135623730951
3315, 21, 498, 139, 496, 138, 2, 1, 0.4636476090008061, 2.23606797749979
3315, 29, 609, 335, 608, 336, 1, -1, -0.7853981633974483, 1.4142135623730951
3315, 42, 627, 357, 626, 358, 1, -1, -0.7853981633974483, 1.4142135623730951
3316, 5, 421, 209, 422, 211, -1, -2, -2.0344439357957027, 2.23606797749979
3316, 7, 469, 219, 470, 221, -1, -2, -2.0344439357957027, 2.23606797749979
3316, 19, 499, 140, 498, 139, 1, 1, 0.7853981633974483, 1.4142135623730951
3316, 21, 622, 328, 620, 329, 2, -1, -0.4636476090008061, 2.23606797749979
3316, 23, 563, 255, 564, 254, -1, 1, 2.356194490192345, 1.4142135623730951
3316, 25, 610, 334, 609, 335, 1, -1, -0.7853981633974483, 1.4142135623730951
3316, 32, 446, 307, 446, 309, 0, -2, -1.5707963267948966, 2.0
3316, 36, 635, 343, 635, 345, 0, -2, -1.5707963267948966, 2.0
3317, 0, 432, 143, 431, 144, 1, -1, -0.7853981633974483, 1.4142135623730951
3317, 8, 461, 145, 460, 148, 1, -3, -1.2490457723982544, 3.1622776601683795
3317, 13, 561, 287, 562, 286, -1, 1, 2.356194490192345, 1.4142135623730951
3317, 19, 623, 329, 622, 328, 1, 1, 0.7853981633974483, 1.4142135623730951
3317, 20, 603, 319, 601, 320, 2, -1, -0.4636476090008061, 2.23606797749979
3317, 31, 635, 341, 635, 343, 0, -2, -1.5707963267948966, 2.0
3318, 11, 560, 288, 561, 287, -1, 1, 2.356194490192345, 1.4142135623730951
3318, 18, 561, 256, 563, 255, -2, 1, 2.677945044588987, 2.23606797749979
3319, 0, 433, 141, 432, 142, 1, -1, -0.7853981633974483, 1.4142135623730951
3319, 1, 395, 210, 394, 211, 1, -1, -0.7853981633974483, 1.4142135623730951
3319, 2, 513, 140, 512, 139, 1, 1, 0.7853981633974483, 1.4142135623730951
3319, 8, 353, 329, 352, 328, 1, 1, 0.7853981633974483, 1.4142135623730951
3319, 21, 568, 291, 569, 290, -1, 1, 2.356194490192345, 1.4142135623730951
3319, 24, 505, 141, 504, 142, 1, -1, -0.7853981633974483, 1.4142135623730951
3320, 8, 561, 290, 562, 289, -1, 1, 2.356194490192345, 1.4142135623730951
3320, 12, 419, 313, 418, 315, 1, -2, -1.1071487177940904, 2.23606797749979
3320, 20, 525, 117, 524, 116, 1, 1, 0.7853981633974483, 1.4142135623730951
3320, 21, 463, 123, 462, 124, 1, -1, -0.7853981633974483, 1.4142135623730951
3320, 22, 381, 336, 380, 338, 1, -2, -1.1071487177940904, 2.23606797749979
3320, 31, 569, 293, 570, 292, -1, 1, 2.356194490192345, 1.4142135623730951
3320, 35, 595, 326, 598, 326, -3, 0, 3.141592653589793, 3.0
3320, 36, 431, 129, 430, 130, 1, -1, -0.7853981633974483, 1.4142135623730951
3320, 37, 571, 268, 572, 267, -1, 1, 2.356194490192345, 1.4142135623730951
3320, 39, 402, 285, 401, 289, 1, -4, -1.3258176636680326, 4.123105625617661
3321, 4, 558, 160, 557, 159, 1, 1, 0.7853981633974483, 1.4142135623730951
3321, 9, 420, 311, 419, 313, 1, -2, -1.1071487177940904, 2.23606797749979
3321, 18, 383, 333, 381, 336, 2, -3, -0.982793723247329, 3.605551275463989
3321, 25, 568, 294, 569, 293, -1, 1, 2.356194490192345, 1.4142135623730951
3321, 27, 563, 259, 564, 258, -1, 1, 2.356194490192345, 1.4142135623730951
3321, 29, 597, 326, 595, 326, 2, 0, 0.0, 2.0
3321, 32, 491, 115, 490, 116, 1, -1, -0.7853981633974483, 1.4142135623730951
3322, 6, 560, 291, 561, 290, -1, 1, 2.356194490192345, 1.4142135623730951
3322, 9, 422, 308, 420, 311, 2, -3, -0.982793723247329, 3.605551275463989
3322, 10, 587, 290, 589, 290, -2, 0, 3.141592653589793, 2.0
3322, 12, 605, 304, 604, 303, 1, 1, 0.7853981633974483, 1.4142135623730951
3322, 16, 464, 121, 463, 122, 1, -1, -0.7853981633974483, 1.4142135623730951
3322, 17, 384, 331, 383, 333, 1, -2, -1.1071487177940904, 2.23606797749979
3322, 24, 567, 296, 568, 294, -1, 2, 2.0344439357957027, 2.23606797749979
3322, 28, 599, 325, 597, 326, 2, -1, -0.4636476090008061, 2.23606797749979
3323, 0, 434, 142, 433, 143, 1, -1, -0.7853981633974483, 1.4142135623730951
3323, 3, 615, 213, 614, 212, 1, 1, 0.7853981633974483, 1.4142135623730951
3323, 5, 423, 262, 422, 263, 1, -1, -0.7853981633974483, 1.4142135623730951
3323, 9, 424, 306, 422, 308, 2, -2, -0.7853981633974483, 2.8284271247461903
3323, 12, 606, 305, 605, 304, 1, 1, 0.7853981633974483, 1.4142135623730951
3323, 15, 527, 118, 526, 117, 1, 1, 0.7853981633974483, 1.4142135623730951
3323, 17, 386, 329, 384, 331, 2, -2, -0.7853981633974483, 2.8284271247461903
3323, 23, 571, 322, 570, 321, 1, 1, 0.7853981633974483, 1.4142135623730951
3323, 24, 566, 298, 567, 296, -1, 2, 2.0344439357957027, 2.23606797749979
3323, 28, 601, 325, 599, 325, 2, 0, 0.0, 2.0
3323, 31, 492, 114, 491, 115, 1, -1, -0.7853981633974483, 1.4142135623730951
3324, 5, 424, 261, 423, 262, 1, -1, -0.7853981633974483, 1.4142135623730951
3324, 9, 425, 304, 424, 306, 1, -2, -1.1071487177940904, 2.23606797749979
3324, 10, 585, 290, 587, 290, -2, 0, 3.141592653589793, 2.0
3324, 13, 518, 190, 518, 187, 0, 3, 1.5707963267948966, 3.0
3324, 17, 388, 326, 386, 329, 2, -3, -0.982793723247329, 3.605551275463989
3324, 18, 405, 134, 404, 135, 1, -1, -0.7853981633974483, 1.4142135623730951
3324, 25, 561, 261, 562, 260, -1, 1, 2.356194490192345, 1.4142135623730951
3324, 29, 494, 114, 492, 114, 2, 0, 0.0, 2.0
3325, 6, 408, 138, 405, 138, 3, 0, 0.0, 3.0
3325, 8, 520, 193, 519, 190, 1, 3, 1.2490457723982544, 3.1622776601683795
3325, 14, 579, 268, 580, 267, -1, 1, 2.356194490192345, 1.4142135623730951
3325, 22, 550, 161, 549, 158, 1, 3, 1.2490457723982544, 3.1622776601683795
3325, 24, 606, 300, 608, 302, -2, -2, -2.356194490192345, 2.8284271247461903
3325, 28, 635, 358, 638, 358, -3, 0, 3.141592653589793, 3.0
3325, 32, 357, 330, 356, 331, 1, -1, -0.7853981633974483, 1.4142135623730951
3326, 0, 395, 208, 395, 210, 0, -2, -1.5707963267948966, 2.0
3326, 1, 433, 142, 433, 144, 0, -2, -1.5707963267948966, 2.0
3326, 2, 516, 144, 515, 143, 1, 1, 0.7853981633974483, 1.4142135623730951
3326, 6, 410, 137, 408, 138, 2, -1, -0.4636476090008061, 2.23606797749979
3326, 8, 521, 196, 520, 193, 1, 3, 1.2490457723982544, 3.1622776601683795
3326, 16, 414, 125, 413, 127, 1, -2, -1.1071487177940904, 2.23606797749979
3326, 20, 551, 163, 550, 161, 1, 2, 1.1071487177940904, 2.23606797749979
3326, 28, 440, 122, 439, 124, 1, -2, -1.1071487177940904, 2.23606797749979
3327, 0, 395, 206, 395, 208, 0, -2, -1.5707963267948966, 2.0
3327, 1, 434, 140, 433, 142, 1, -2, -1.1071487177940904, 2.23606797749979
3327, 5, 412, 136, 410, 137, 2, -1, -0.4636476090008061, 2.23606797749979
3327, 7, 522, 198, 521, 196, 1, 2, 1.1071487177940904, 2.23606797749979
3327, 17, 535, 190, 534, 189, 1, 1, 0.7853981633974483, 1.4142135623730951
3327, 19, 553, 167, 551, 163, 2, 4, 1.1071487177940904, 4.47213595499958
3327, 26, 560, 293, 561, 292, -1, 1, 2.356194490192345, 1.4142135623730951
3328, 2, 518, 145, 517, 144, 1, 1, 0.7853981633974483, 1.4142135623730951
3328, 5, 413, 135, 412, 136, 1, -1, -0.7853981633974483, 1.4142135623730951
3328, 7, 523, 200, 522, 198, 1, 2, 1.1071487177940904, 2.23606797749979
3328, 10, 560, 162, 558, 162, 2, 0, 0.0, 2.0
3328, 11, 579, 271, 578, 268, 1, 3, 1.2490457723982544, 3.1622776601683795
3328, 12, 465, 121, 464, 122, 1, -1, -0.7853981633974483, 1.4142135623730951
3328, 15, 415, 122, 414, 124, 1, -2, -1.1071487177940904, 2.23606797749979
3328, 19, 554, 169, 553, 167, 1, 2, 1.1071487177940904, 2.23606797749979
3328, 20, 608, 301, 606, 299, 2, 2, 0.7853981633974483, 2.8284271247461903
3328, 22, 458, 217, 459, 216, -1, 1, 2.356194490192345, 1.4142135623730951
3328, 27, 357, 327, 357, 329, 0, -2, -1.5707963267948966, 2.0
3329, 0, 394, 203, 395, 205, -1, -2, -2.0344439357957027, 2.23606797749979
3329, 1, 435, 138, 433, 140, 2, -2, -0.7853981633974483, 2.8284271247461903
3329, 2, 519, 146, 518, 145, 1, 1, 0.7853981633974483, 1.4142135623730951
3329, 7, 525, 201, 523, 200, 2, 1, 0.4636476090008061, 2.23606797749979
3330, 0, 396, 207, 396, 209, 0, -2, -1.5707963267948966, 2.0
3330, 19, 365, 236, 364, 238, 1, -2, -1.1071487177940904, 2.23606797749979
3331, 16, 366, 234, 365, 236, 1, -2, -1.1071487177940904, 2.23606797749979
3332, 0, 395, 204, 396, 206, -1, -2, -2.0344439357957027, 2.23606797749979
3332, 12, 464, 143, 464, 145, 0, -2, -1.5707963267948966, 2.0
3332, 15, 367, 232, 366, 234, 1, -2, -1.1071487177940904, 2.23606797749979
3332, 17, 578, 271, 579, 270, -1, 1, 2.356194490192345, 1.4142135623730951
3333, 1, 491, 144, 490, 145, 1, -1, -0.7853981633974483, 1.4142135623730951
3333, 10, 467, 120, 466, 121, 1, -1, -0.7853981633974483, 1.4142135623730951
3333, 11, 368, 229, 367, 232, 1, -3, -1.2490457723982544, 3.1622776601683795
3333, 13, 577, 272, 578, 271, -1, 1, 2.356194490192345, 1.4142135623730951
3334, 9, 368, 226, 368, 229, 0, -3, -1.5707963267948966, 3.0
3335, 11, 470, 121, 469, 122, 1, -1, -0.7853981633974483, 1.4142135623730951
3335, 13, 464, 278, 464, 280, 0, -2, -1.5707963267948966, 2.0
3335, 15, 465, 144, 465, 146, 0, -2, -1.5707963267948966, 2.0
3335, 27, 362, 238, 362, 240, 0, -2, -1.5707963267948966, 2.0
3335, 30, 390, 332, 391, 331, -1, 1, 2.356194490192345, 1.4142135623730951
3336, 9, 564, 174, 563, 173, 1, 1, 0.7853981633974483, 1.4142135623730951
3336, 20, 530, 202, 529, 201, 1, 1, 0.7853981633974483, 1.4142135623730951
3337, 10, 471, 119, 470, 120, 1, -1, -0.7853981633974483, 1.4142135623730951
3337, 11, 561, 294, 560, 293, 1, 1, 0.7853981633974483, 1.4142135623730951
3337, 16, 457, 301, 457, 303, 0, -2, -1.5707963267948966, 2.0
3337, 22, 445, 122, 444, 123, 1, -1, -0.7853981633974483, 1.4142135623730951
3338, 10, 472, 118, 471, 119, 1, -1, -0.7853981633974483, 1.4142135623730951
3338, 11, 562, 295, 561, 294, 1, 1, 0.7853981633974483, 1.4142135623730951
3338, 13, 465, 140, 465, 142, 0, -2, -1.5707963267948966, 2.0
3338, 16, 535, 196, 535, 194, 0, 2, 1.5707963267948966, 2.0
3338, 17, 595, 322, 594, 321, 1, 1, 0.7853981633974483, 1.4142135623730951
3338, 21, 446, 121, 445, 122, 1, -1, -0.7853981633974483, 1.4142135623730951
3338, 22, 387, 333, 388, 332, -1, 1, 2.356194490192345, 1.4142135623730951
3339, 6, 562, 163, 559, 162, 3, 1, 0.3217505543966422, 3.1622776601683795
3339, 8, 527, 193, 526, 194, 1, -1, -0.7853981633974483, 1.4142135623730951
3339, 18, 529, 203, 530, 202, -1, 1, 2.356194490192345, 1.4142135623730951
3339, 20, 386, 334, 387, 333, -1, 1, 2.356194490192345, 1.4142135623730951
3340, 2, 524, 153, 523, 152, 1, 1, 0.7853981633974483, 1.4142135623730951
3340, 12, 419, 123, 418, 124, 1, -1, -0.7853981633974483, 1.4142135623730951
3340, 14, 613, 240, 614, 239, -1, 1, 2.356194490192345, 1.4142135623730951
3340, 18, 428, 248, 430, 249, -2, -1, -2.677945044588987, 2.23606797749979
3340, 22, 561, 300, 562, 299, -1, 1, 2.356194490192345, 1.4142135623730951
3340, 25, 591, 289, 589, 288, 2, 1, 0.4636476090008061, 2.23606797749979
3340, 26, 615, 337, 612, 337, 3, 0, 0.0, 3.0
3340, 28, 473, 119, 472, 120, 1, -1, -0.7853981633974483, 1.4142135623730951
3340, 32, 446, 268, 447, 270, -1, -2, -2.0344439357957027, 2.23606797749979
3340, 33, 422, 314, 423, 313, -1, 1, 2.356194490192345, 1.4142135623730951
3341, 0, 397, 203, 397, 205, 0, -2, -1.5707963267948966, 2.0
3341, 1, 438, 138, 437, 139, 1, -1, -0.7853981633974483, 1.4142135623730951
3341, 4, 566, 168, 565, 166, 1, 2, 1.1071487177940904, 2.23606797749979
3341, 11, 461, 274, 462, 276, -1, -2, -2.0344439357957027, 2.23606797749979
3341, 16, 594, 293, 595, 292, -1, 1, 2.356194490192345, 1.4142135623730951
3341, 18, 385, 337, 386, 336, -1, 1, 2.356194490192345, 1.4142135623730951
3341, 23, 593, 292, 591, 289, 2, 3, 0.982793723247329, 3.605551275463989
3341, 24, 618, 336, 615, 337, 3, -1, -0.3217505543966422, 3.1622776601683795
3341, 26, 474, 118, 473, 119, 1, -1, -0.7853981633974483, 1.4142135623730951
3341, 29, 358, 321, 357, 323, 1, -2, -1.1071487177940904, 2.23606797749979
3341, 30, 421, 315, 422, 314, -1, 1, 2.356194490192345, 1.4142135623730951
3341, 33, 507, 149, 505, 149, 2, 0, 0.0, 2.0
3342, 4, 566, 170, 566, 168, 0, 2, 1.5707963267948966, 2.0
3342, 7, 514, 156, 513, 155, 1, 1, 0.7853981633974483, 1.4142135623730951
3342, 18, 562, 301, 561, 300, 1, 1, 0.7853981633974483, 1.4142135623730951
3342, 21, 594, 294, 593, 292, 1, 2, 1.1071487177940904, 2.23606797749979
3342, 22, 620, 335, 618, 336, 2, -1, -0.4636476090008061, 2.23606797749979
3342, 23, 602, 355, 601, 356, 1, -1, -0.7853981633974483, 1.4142135623730951
3342, 25, 572, 298, 573, 296, -1, 2, 2.0344439357957027, 2.23606797749979
3342, 26, 359, 319, 358, 321, 1, -2, -1.1071487177940904, 2.23606797749979
3342, 27, 420, 316, 421, 315, -1, 1, 2.356194490192345, 1.4142135623730951
3342, 30, 510, 151, 507, 149, 3, 2, 0.5880026035475675, 3.605551275463989
3343, 1, 438, 137, 437, 138, 1, -1, -0.7853981633974483, 1.4142135623730951
3343, 2, 525, 156, 524, 155, 1, 1, 0.7853981633974483, 1.4142135623730951
3343, 4, 567, 172, 566, 170, 1, 2, 1.1071487177940904, 2.23606797749979
3343, 5, 425, 201, 426, 203, -1, -2, -2.0344439357957027, 2.23606797749979
3343, 7, 515, 158, 514, 156, 1, 2, 1.1071487177940904, 2.23606797749979
3343, 14, 593, 295, 594, 294, -1, 1, 2.356194490192345, 1.4142135623730951
3343, 20, 593, 295, 594, 294, -1, 1, 2.356194490192345, 1.4142135623730951
3343, 21, 622, 334, 620, 335, 2, -1, -0.4636476090008061, 2.23606797749979
3343, 22, 603, 356, 602, 355, 1, 1, 0.7853981633974483, 1.4142135623730951
3343, 23, 475, 117, 474, 118, 1, -1, -0.7853981633974483, 1.4142135623730951
3343, 29, 514, 153, 510, 151, 4, 2, 0.4636476090008061, 4.47213595499958
3344, 2, 526, 157, 525, 156, 1, 1, 0.7853981633974483, 1.4142135623730951
3344, 4, 567, 175, 567, 172, 0, 3, 1.5707963267948966, 3.0
3344, 13, 592, 296, 593, 295, -1, 1, 2.356194490192345, 1.4142135623730951
3344, 14, 382, 335, 383, 337, -1, -2, -2.0344439357957027, 2.23606797749979
3344, 16, 561, 302, 562, 301, -1, 1, 2.356194490192345, 1.4142135623730951
3344, 17, 628, 317, 629, 316, -1, 1, 2.356194490192345, 1.4142135623730951
3344, 18, 592, 296, 593, 295, -1, 1, 2.356194490192345, 1.4142135623730951
3344, 19, 621, 332, 622, 334, -1, -2, -2.0344439357957027, 2.23606797749979
3344, 21, 476, 116, 475, 117, 1, -1, -0.7853981633974483, 1.4142135623730951
3344, 22, 573, 301, 572, 299, 1, 2, 1.1071487177940904, 2.23606797749979
3344, 25, 549, 174, 548, 173, 1, 1, 0.7853981633974483, 1.4142135623730951
3344, 27, 514, 155, 514, 153, 0, 2, 1.5707963267948966, 2.0
3345, 0, 526, 157, 525, 156, 1, 1, 0.7853981633974483, 1.4142135623730951
3345, 5, 423, 252, 425, 252, -2, 0, 3.141592653589793, 2.0
3345, 6, 425, 202, 425, 204, 0, -2, -1.5707963267948966, 2.0
3345, 7, 514, 156, 512, 154, 2, 2, 0.7853981633974483, 2.8284271247461903
3345, 9, 621, 213, 618, 214, 3, -1, -0.3217505543966422, 3.1622776601683795
3345, 12, 408, 188, 408, 190, 0, -2, -1.5707963267948966, 2.0
3345, 36, 460, 149, 459, 150, 1, -1, -0.7853981633974483, 1.4142135623730951
3346, 0, 526, 159, 526, 157, 0, 2, 1.5707963267948966, 2.0
3346, 2, 441, 138, 440, 139, 1, -1, -0.7853981633974483, 1.4142135623730951
3346, 3, 499, 145, 498, 146, 1, -1, -0.7853981633974483, 1.4142135623730951
3346, 6, 514, 158, 514, 156, 0, 2, 1.5707963267948966, 2.0
3346, 14, 562, 302, 563, 301, -1, 1, 2.356194490192345, 1.4142135623730951
3346, 20, 475, 118, 474, 119, 1, -1, -0.7853981633974483, 1.4142135623730951
3346, 22, 537, 200, 538, 199, -1, 1, 2.356194490192345, 1.4142135623730951
3346, 32, 461, 148, 460, 149, 1, -1, -0.7853981633974483, 1.4142135623730951
3347, 0, 527, 161, 526, 159, 1, 2, 1.1071487177940904, 2.23606797749979
3347, 1, 400, 199, 399, 201, 1, -2, -1.1071487177940904, 2.23606797749979
3347, 3, 500, 144, 499, 145, 1, -1, -0.7853981633974483, 1.4142135623730951
3347, 5, 513, 156, 514, 158, -1, -2, -2.0344439357957027, 2.23606797749979
3347, 16, 421, 120, 420, 121, 1, -1, -0.7853981633974483, 1.4142135623730951
3347, 17, 476, 117, 475, 118, 1, -1, -0.7853981633974483, 1.4142135623730951
3347, 21, 402, 223, 402, 225, 0, -2, -1.5707963267948966, 2.0
3347, 22, 622, 238, 624, 238, -2, 0, 3.141592653589793, 2.0
3347, 23, 360, 324, 359, 325, 1, -1, -0.7853981633974483, 1.4142135623730951
3347, 25, 413, 124, 413, 126, 0, -2, -1.5707963267948966, 2.0
3347, 28, 443, 126, 442, 125, 1, 1, 0.7853981633974483, 1.4142135623730951
3348, 11, 603, 308, 604, 307, -1, 1, 2.356194490192345, 1.4142135623730951
3348, 12, 561, 303, 562, 302, -1, 1, 2.356194490192345, 1.4142135623730951
3348, 17, 477, 116, 476, 117, 1, -1, -0.7853981633974483, 1.4142135623730951
3349, 9, 604, 307, 603, 308, 1, -1, -0.7853981633974483, 1.4142135623730951
3350, 14, 471, 141, 470, 142, 1, -1, -0.7853981633974483, 1.4142135623730951
3350, 15, 608, 310, 609, 309, -1, 1, 2.356194490192345, 1.4142135623730951
3350, 19, 427, 306, 427, 309, 0, -3, -1.5707963267948966, 3.0
3350, 20, 392, 327, 391, 330, 1, -3, -1.2490457723982544, 3.1622776601683795
3350, 36, 478, 119, 477, 120, 1, -1, -0.7853981633974483, 1.4142135623730951
3351, 0, 442, 137, 442, 139, 0, -2, -1.5707963267948966, 2.0
3351, 14, 561, 306, 562, 305, -1, 1, 2.356194490192345, 1.4142135623730951
3351, 16, 428, 304, 427, 306, 1, -2, -1.1071487177940904, 2.23606797749979
3351, 17, 394, 324, 392, 327, 2, -3, -0.982793723247329, 3.605551275463989
3351, 27, 363, 230, 363, 232, 0, -2, -1.5707963267948966, 2.0
3352, 5, 594, 306, 595, 305, -1, 1, 2.356194490192345, 1.4142135623730951
3352, 14, 429, 303, 428, 304, 1, -1, -0.7853981633974483, 1.4142135623730951
3352, 15, 396, 321, 394, 324, 2, -3, -0.982793723247329, 3.605551275463989
3352, 18, 523, 200, 523, 198, 0, 2, 1.5707963267948966, 2.0
3352, 21, 396, 278, 397, 280, -1, -2, -2.0344439357957027, 2.23606797749979
3352, 22, 514, 123, 513, 122, 1, 1, 0.7853981633974483, 1.4142135623730951
3353, 1, 528, 164, 527, 163, 1, 1, 0.7853981633974483, 1.4142135623730951
3353, 6, 425, 258, 424, 259, 1, -1, -0.7853981633974483, 1.4142135623730951
3353, 10, 415, 129, 413, 128, 2, 1, 0.4636476090008061, 2.23606797749979
3353, 13, 431, 300, 429, 303, 2, -3, -0.982793723247329, 3.605551275463989
3353, 14, 398, 318, 396, 321, 2, -3, -0.982793723247329, 3.605551275463989
3353, 17, 523, 202, 523, 200, 0, 2, 1.5707963267948966, 2.0
3353, 20, 396, 276, 396, 278, 0, -2, -1.5707963267948966, 2.0
3354, 1, 529, 165, 528, 164, 1, 1, 0.7853981633974483, 1.4142135623730951
3354, 7, 577, 186, 576, 185, 1, 1, 0.7853981633974483, 1.4142135623730951
3354, 10, 417, 129, 415, 129, 2, 0, 0.0, 2.0
3354, 12, 431, 298, 431, 300, 0, -2, -1.5707963267948966, 2.0
3354, 13, 399, 316, 398, 318, 1, -2, -1.1071487177940904, 2.23606797749979
3354, 16, 523, 205, 523, 202, 0, 3, 1.5707963267948966, 3.0
3354, 18, 388, 211, 389, 210, -1, 1, 2.356194490192345, 1.4142135623730951
3354, 22, 363, 318, 362, 319, 1, -1, -0.7853981633974483, 1.4142135623730951
3355, 0, 400, 198, 400, 200, 0, -2, -1.5707963267948966, 2.0
3355, 6, 419, 130, 417, 130, 2, 0, 0.0, 2.0
3355, 7, 525, 205, 525, 203, 0, 2, 1.5707963267948966, 2.0
3355, 16, 425, 120, 424, 121, 1, -1, -0.7853981633974483, 1.4142135623730951
3355, 19, 566, 176, 564, 174, 2, 2, 0.7853981633974483, 2.8284271247461903
3356, 1, 445, 136, 444, 137, 1, -1, -0.7853981633974483, 1.4142135623730951
3356, 5, 421, 130, 419, 130, 2, 0, 0.0, 2.0
3356, 6, 526, 207, 525, 205, 1, 2, 1.1071487177940904, 2.23606797749979
3356, 9, 560, 310, 561, 309, -1, 1, 2.356194490192345, 1.4142135623730951
3356, 10, 519, 125, 517, 125, 2, 0, 0.0, 2.0
3356, 15, 474, 141, 473, 142, 1, -1, -0.7853981633974483, 1.4142135623730951
3356, 16, 568, 178, 566, 176, 2, 2, 0.7853981633974483, 2.8284271247461903
3356, 21, 483, 117, 482, 118, 1, -1, -0.7853981633974483, 1.4142135623730951
3357, 0, 531, 167, 530, 166, 1, 1, 0.7853981633974483, 1.4142135623730951
3357, 1, 445, 134, 445, 136, 0, -2, -1.5707963267948966, 2.0
3357, 3, 505, 146, 503, 147, 2, -1, -0.4636476090008061, 2.23606797749979
3357, 5, 422, 129, 421, 130, 1, -1, -0.7853981633974483, 1.4142135623730951
3357, 6, 526, 209, 526, 207, 0, 2, 1.5707963267948966, 2.0
3357, 10, 521, 125, 519, 125, 2, 0, 0.0, 2.0
3357, 13, 426, 117, 425, 119, 1, -2, -1.1071487177940904, 2.23606797749979
3357, 16, 570, 180, 568, 178, 2, 2, 0.7853981633974483, 2.8284271247461903
3358, 0, 532, 168, 531, 167, 1, 1, 0.7853981633974483, 1.4142135623730951
3358, 1, 446, 133, 445, 134, 1, -1, -0.7853981633974483, 1.4142135623730951
3358, 5, 423, 128, 422, 129, 1, -1, -0.7853981633974483, 1.4142135623730951
3358, 6, 527, 210, 526, 209, 1, 1, 0.7853981633974483, 1.4142135623730951
3358, 8, 394, 334, 393, 335, 1, -1, -0.7853981633974483, 1.4142135623730951
3358, 16, 572, 182, 570, 180, 2, 2, 0.7853981633974483, 2.8284271247461903
3358, 20, 484, 116, 483, 117, 1, -1, -0.7853981633974483, 1.4142135623730951
3359, 0, 533, 169, 532, 168, 1, 1, 0.7853981633974483, 1.4142135623730951
3359, 5, 422, 125, 423, 128, -1, -3, -1.892546881191539, 3.1622776601683795
3359, 6, 529, 211, 527, 210, 2, 1, 0.4636476090008061, 2.23606797749979
3359, 8, 395, 333, 394, 334, 1, -1, -0.7853981633974483, 1.4142135623730951
3359, 13, 427, 113, 426, 116, 1, -3, -1.2490457723982544, 3.1622776601683795
3359, 18, 430, 309, 429, 311, 1, -2, -1.1071487177940904, 2.23606797749979
3359, 19, 540, 203, 539, 204, 1, -1, -0.7853981633974483, 1.4142135623730951
3359, 20, 485, 115, 484, 116, 1, -1, -0.7853981633974483, 1.4142135623730951
3360, 4, 579, 180, 578, 181, 1, -1, -0.7853981633974483, 1.4142135623730951
3360, 10, 635, 324, 637, 324, -2, 0, 3.141592653589793, 2.0
3360, 15, 563, 310, 564, 309, -1, 1, 2.356194490192345, 1.4142135623730951
3360, 18, 609, 217, 609, 219, 0, -2, -1.5707963267948966, 2.0
3360, 19, 411, 144, 411, 146, 0, -2, -1.5707963267948966, 2.0
3360, 20, 397, 333, 396, 335, 1, -2, -1.1071487177940904, 2.23606797749979
3360, 22, 557, 148, 556, 147, 1, 1, 0.7853981633974483, 1.4142135623730951
3360, 24, 599, 219, 597, 218, 2, 1, 0.4636476090008061, 2.23606797749979
3360, 27, 515, 172, 514, 171, 1, 1, 0.7853981633974483, 1.4142135623730951
3360, 29, 431, 310, 430, 312, 1, -2, -1.1071487177940904, 2.23606797749979
3360, 30, 421, 123, 420, 124, 1, -1, -0.7853981633974483, 1.4142135623730951
3360, 43, 465, 143, 464, 144, 1, -1, -0.7853981633974483, 1.4142135623730951
3361, 4, 580, 179, 579, 180, 1, -1, -0.7853981633974483, 1.4142135623730951
3361, 15, 476, 140, 475, 141, 1, -1, -0.7853981633974483, 1.4142135623730951
3361, 18, 398, 332, 397, 333, 1, -1, -0.7853981633974483, 1.4142135623730951
3361, 23, 370, 318, 370, 320, 0, -2, -1.5707963267948966, 2.0
3361, 25, 487, 118, 486, 119, 1, -1, -0.7853981633974483, 1.4142135623730951
3361, 26, 432, 308, 431, 310, 1, -2, -1.1071487177940904, 2.23606797749979
3361, 39, 466, 142, 465, 143, 1, -1, -0.7853981633974483, 1.4142135623730951
3362, 3, 581, 178, 580, 179, 1, -1, -0.7853981633974483, 1.4142135623730951
3362, 4, 510, 150, 506, 149, 4, 1, 0.24497866312686414, 4.123105625617661
3362, 6, 430, 195, 428, 199, 2, -4, -1.1071487177940904, 4.47213595499958
3362, 15, 609, 214, 609, 216, 0, -2, -1.5707963267948966, 2.0
3362, 16, 399, 330, 398, 332, 1, -2, -1.1071487177940904, 2.23606797749979
3362, 17, 558, 150, 557, 149, 1, 1, 0.7853981633974483, 1.4142135623730951
3362, 19, 598, 220, 599, 219, -1, 1, 2.356194490192345, 1.4142135623730951
3362, 20, 399, 324, 400, 323, -1, 1, 2.356194490192345, 1.4142135623730951
3362, 21, 371, 317, 370, 318, 1, -1, -0.7853981633974483, 1.4142135623730951
3362, 24, 432, 306, 432, 308, 0, -2, -1.5707963267948966, 2.0
3362, 32, 578, 286, 579, 285, -1, 1, 2.356194490192345, 1.4142135623730951
3362, 36, 467, 141, 466, 142, 1, -1, -0.7853981633974483, 1.4142135623730951
3363, 3, 583, 177, 581, 178, 2, -1, -0.4636476090008061, 2.23606797749979
3363, 9, 562, 312, 563, 311, -1, 1, 2.356194490192345, 1.4142135623730951
3363, 10, 477, 139, 476, 140, 1, -1, -0.7853981633974483, 1.4142135623730951
3363, 13, 400, 329, 399, 330, 1, -1, -0.7853981633974483, 1.4142135623730951
3363, 18, 371, 315, 371, 317, 0, -2, -1.5707963267948966, 2.0
3363, 19, 513, 170, 515, 171, -2, -1, -2.677945044588987, 2.23606797749979
3363, 20, 489, 117, 487, 118, 2, -1, -0.4636476090008061, 2.23606797749979
3363, 22, 422, 120, 421, 121, 1, -1, -0.7853981633974483, 1.4142135623730951
3363, 33, 468, 140, 467, 141, 1, -1, -0.7853981633974483, 1.4142135623730951
3364, 1, 531, 174, 532, 173, -1, 1, 2.356194490192345, 1.4142135623730951
3364, 4, 512, 151, 511, 150, 1, 1, 0.7853981633974483, 1.4142135623730951
3364, 10, 478, 138, 477, 139, 1, -1, -0.7853981633974483, 1.4142135623730951
3364, 11, 460, 120, 459, 121, 1, -1, -0.7853981633974483, 1.4142135623730951
3364, 14, 559, 152, 558, 150, 1, 2, 1.1071487177940904, 2.23606797749979
3364, 17, 397, 325, 398, 324, -1, 1, 2.356194490192345, 1.4142135623730951
3364, 20, 430, 304, 432, 306, -2, -2, -2.356194490192345, 2.8284271247461903
3364, 24, 428, 113, 427, 114, 1, -1, -0.7853981633974483, 1.4142135623730951
3365, 16, 539, 207, 540, 206, -1, 1, 2.356194490192345, 1.4142135623730951
3365, 28, 588, 297, 590, 299, -2, -2, -2.356194490192345, 2.8284271247461903
3365, 29, 564, 310, 565, 309, -1, 1, 2.356194490192345, 1.4142135623730951
3365, 31, 575, 315, 576, 314, -1, 1, 2.356194490192345, 1.4142135623730951
3365, 38, 418, 118, 415, 120, 3, -2, -0.5880026035475675, 3.605551275463989
3366, 15, 431, 115, 430, 116, 1, -1, -0.7853981633974483, 1.4142135623730951
3366, 18, 479, 139, 478, 140, 1, -1, -0.7853981633974483, 1.4142135623730951
3366, 28, 407, 272, 407, 274, 0, -2, -1.5707963267948966, 2.0
3366, 29, 491, 118, 489, 118, 2, 0, 0.0, 2.0
3366, 31, 370, 316, 370, 318, 0, -2, -1.5707963267948966, 2.0
3366, 33, 419, 117, 418, 118, 1, -1, -0.7853981633974483, 1.4142135623730951
3367, 9, 576, 176, 575, 177, 1, -1, -0.7853981633974483, 1.4142135623730951
3367, 17, 480, 138, 479, 139, 1, -1, -0.7853981633974483, 1.4142135623730951
3367, 19, 397, 327, 398, 326, -1, 1, 2.356194490192345, 1.4142135623730951
3367, 28, 492, 117, 491, 118, 1, -1, -0.7853981633974483, 1.4142135623730951
3368, 6, 524, 175, 523, 174, 1, 1, 0.7853981633974483, 1.4142135623730951
3368, 8, 577, 175, 576, 176, 1, -1, -0.7853981633974483, 1.4142135623730951
3368, 16, 481, 137, 480, 138, 1, -1, -0.7853981633974483, 1.4142135623730951
3368, 18, 396, 328, 397, 327, -1, 1, 2.356194490192345, 1.4142135623730951
3369, 1, 447, 130, 446, 131, 1, -1, -0.7853981633974483, 1.4142135623730951
3369, 2, 512, 151, 511, 150, 1, 1, 0.7853981633974483, 1.4142135623730951
3369, 7, 579, 175, 577, 175, 2, 0, 0.0, 2.0
3369, 11, 537, 209, 538, 208, -1, 1, 2.356194490192345, 1.4142135623730951
3369, 15, 482, 136, 481, 137, 1, -1, -0.7853981633974483, 1.4142135623730951
3369, 22, 565, 312, 564, 311, 1, 1, 0.7853981633974483, 1.4142135623730951
3370, 3, 513, 152, 512, 153, 1, -1, -0.7853981633974483, 1.4142135623730951
3370, 6, 581, 178, 578, 177, 3, 1, 0.3217505543966422, 3.1622776601683795
3370, 12, 491, 119, 490, 120, 1, -1, -0.7853981633974483, 1.4142135623730951
3370, 14, 432, 114, 431, 115, 1, -1, -0.7853981633974483, 1.4142135623730951
3370, 15, 529, 131, 528, 130, 1, 1, 0.7853981633974483, 1.4142135623730951
3370, 18, 519, 171, 516, 169, 3, 2, 0.5880026035475675, 3.605551275463989
3370, 27, 605, 226, 605, 228, 0, -2, -1.5707963267948966, 2.0
3370, 31, 606, 212, 604, 211, 2, 1, 0.4636476090008061, 2.23606797749979
3370, 32, 592, 298, 590, 297, 2, 1, 0.4636476090008061, 2.23606797749979
3370, 37, 431, 137, 429, 140, 2, -3, -0.982793723247329, 3.605551275463989
3370, 38, 570, 307, 568, 306, 2, 1, 0.4636476090008061, 2.23606797749979
3371, 1, 450, 132, 449, 134, 1, -2, -1.1071487177940904, 2.23606797749979
3371, 3, 514, 153, 513, 152, 1, 1, 0.7853981633974483, 1.4142135623730951
3371, 6, 584, 179, 581, 178, 3, 1, 0.3217505543966422, 3.1622776601683795
3371, 10, 539, 210, 540, 209, -1, 1, 2.356194490192345, 1.4142135623730951
3371, 11, 492, 118, 491, 119, 1, -1, -0.7853981633974483, 1.4142135623730951
3371, 14, 530, 130, 529, 131, 1, -1, -0.7853981633974483, 1.4142135623730951
3371, 17, 522, 173, 519, 171, 3, 2, 0.5880026035475675, 3.605551275463989
3371, 22, 370, 313, 371, 315, -1, -2, -2.0344439357957027, 2.23606797749979
3371, 24, 395, 331, 396, 330, -1, 1, 2.356194490192345, 1.4142135623730951
3371, 26, 605, 224, 605, 226, 0, -2, -1.5707963267948966, 2.0
3371, 27, 414, 247, 413, 248, 1, -1, -0.7853981633974483, 1.4142135623730951
3371, 28, 607, 214, 606, 212, 1, 2, 1.1071487177940904, 2.23606797749979
3371, 29, 593, 299, 592, 298, 1, 1, 0.7853981633974483, 1.4142135623730951
3371, 31, 595, 346, 594, 345, 1, 1, 0.7853981633974483, 1.4142135623730951
3371, 33, 434, 134, 431, 137, 3, -3, -0.7853981633974483, 4.242640687119285
3371, 34, 572, 308, 570, 307, 2, 1, 0.4636476090008061, 2.23606797749979
3372, 5, 586, 181, 584, 179, 2, 2, 0.7853981633974483, 2.8284271247461903
3372, 10, 484, 139, 483, 140, 1, -1, -0.7853981633974483, 1.4142135623730951
3372, 11, 433, 112, 432, 113, 1, -1, -0.7853981633974483, 1.4142135623730951
3372, 12, 531, 131, 530, 130, 1, 1, 0.7853981633974483, 1.4142135623730951
3372, 15, 522, 175, 522, 173, 0, 2, 1.5707963267948966, 2.0
3372, 21, 604, 222, 605, 224, -1, -2, -2.0344439357957027, 2.23606797749979
3372, 22, 609, 217, 607, 214, 2, 3, 0.982793723247329, 3.605551275463989
3372, 23, 595, 302, 593, 299, 2, 3, 0.982793723247329, 3.605551275463989
3372, 26, 435, 133, 434, 134, 1, -1, -0.7853981633974483, 1.4142135623730951
3372, 27, 573, 309, 572, 308, 1, 1, 0.7853981633974483, 1.4142135623730951
3373, 7, 538, 211, 539, 210, -1, 1, 2.356194490192345, 1.4142135623730951
3373, 8, 494, 117, 493, 118, 1, -1, -0.7853981633974483, 1.4142135623730951
3373, 14, 522, 178, 522, 175, 0, 3, 1.5707963267948966, 3.0
3373, 17, 393, 328, 394, 331, -1, -3, -1.892546881191539, 3.1622776601683795
3373, 19, 603, 220, 604, 222, -1, -2, -2.0344439357957027, 2.23606797749979
3373, 21, 596, 304, 595, 302, 1, 2, 1.1071487177940904, 2.23606797749979
3373, 22, 597, 347, 596, 346, 1, 1, 0.7853981633974483, 1.4142135623730951
3373, 25, 575, 311, 573, 309, 2, 2, 0.7853981633974483, 2.8284271247461903
3374, 4, 587, 185, 586, 182, 1, 3, 1.2490457723982544, 3.1622776601683795
3374, 9, 486, 138, 485, 139, 1, -1, -0.7853981633974483, 1.4142135623730951
3374, 10, 434, 111, 433, 112, 1, -1, -0.7853981633974483, 1.4142135623730951
3374, 12, 582, 188, 583, 190, -1, -2, -2.0344439357957027, 2.23606797749979
3374, 17, 395, 325, 393, 328, 2, -3, -0.982793723247329, 3.605551275463989
3374, 19, 603, 218, 603, 220, 0, -2, -1.5707963267948966, 2.0
3374, 20, 608, 219, 609, 218, -1, 1, 2.356194490192345, 1.4142135623730951
3374, 21, 595, 305, 596, 304, -1, 1, 2.356194490192345, 1.4142135623730951
3374, 24, 437, 133, 435, 133, 2, 0, 0.0, 2.0
3374, 25, 576, 313, 575, 311, 1, 2, 1.1071487177940904, 2.23606797749979
3375, 3, 517, 155, 515, 155, 2, 0, 0.0, 2.0
3375, 17, 367, 220, 367, 222, 0, -2, -1.5707963267948966, 2.0
3375, 18, 539, 211, 540, 210, -1, 1, 2.356194490192345, 1.4142135623730951
3375, 20, 441, 138, 440, 139, 1, -1, -0.7853981633974483, 1.4142135623730951
3375, 22, 601, 304, 602, 303, -1, 1, 2.356194490192345, 1.4142135623730951
3375, 23, 597, 349, 596, 348, 1, 1, 0.7853981633974483, 1.4142135623730951
3375, 25, 411, 179, 411, 181, 0, -2, -1.5707963267948966, 2.0
3375, 27, 564, 163, 564, 161, 0, 2, 1.5707963267948966, 2.0
3375, 31, 404, 265, 404, 267, 0, -2, -1.5707963267948966, 2.0
3376, 0, 451, 130, 451, 132, 0, -2, -1.5707963267948966, 2.0
3376, 5, 567, 317, 568, 316, -1, 1, 2.356194490192345, 1.4142135623730951
3376, 6, 430, 193, 430, 195, 0, -2, -1.5707963267948966, 2.0
3376, 12, 424, 119, 424, 121, 0, -2, -1.5707963267948966, 2.0
3376, 13, 585, 187, 585, 185, 0, 2, 1.5707963267948966, 2.0
3377, 3, 519, 156, 517, 156, 2, 0, 0.0, 2.0
3377, 13, 538, 212, 539, 211, -1, 1, 2.356194490192345, 1.4142135623730951
3377, 18, 598, 350, 597, 349, 1, 1, 0.7853981633974483, 1.4142135623730951
3377, 19, 371, 314, 370, 315, 1, -1, -0.7853981633974483, 1.4142135623730951
3377, 26, 404, 262, 404, 264, 0, -2, -1.5707963267948966, 2.0
3378, 6, 473, 122, 472, 123, 1, -1, -0.7853981633974483, 1.4142135623730951
3378, 14, 442, 135, 441, 136, 1, -1, -0.7853981633974483, 1.4142135623730951
3378, 16, 597, 306, 599, 304, -2, 2, 2.356194490192345, 2.8284271247461903
3378, 18, 372, 312, 371, 314, 1, -2, -1.1071487177940904, 2.23606797749979
3378, 20, 502, 121, 500, 120, 2, 1, 0.4636476090008061, 2.23606797749979
3378, 22, 601, 284, 602, 283, -1, 1, 2.356194490192345, 1.4142135623730951
3378, 24, 601, 226, 600, 225, 1, 1, 0.7853981633974483, 1.4142135623730951
3378, 25, 403, 260, 404, 262, -1, -2, -2.0344439357957027, 2.23606797749979
3379, 1, 535, 182, 536, 181, -1, 1, 2.356194490192345, 1.4142135623730951
3379, 12, 575, 320, 576, 319, -1, 1, 2.356194490192345, 1.4142135623730951
3379, 17, 504, 121, 502, 121, 2, 0, 0.0, 2.0
3379, 18, 566, 166, 565, 164, 1, 2, 1.1071487177940904, 2.23606797749979
3380, 8, 428, 121, 426, 121, 2, 0, 0.0, 2.0
3380, 13, 526, 214, 526, 212, 0, 2, 1.5707963267948966, 2.0
3380, 14, 431, 297, 430, 300, 1, -3, -1.2490457723982544, 3.1622776601683795
3380, 25, 404, 324, 403, 326, 1, -2, -1.1071487177940904, 2.23606797749979
3380, 27, 605, 335, 604, 334, 1, 1, 0.7853981633974483, 1.4142135623730951
3381, 7, 430, 121, 428, 121, 2, 0, 0.0, 2.0
3381, 12, 526, 217, 526, 214, 0, 3, 1.5707963267948966, 3.0
3381, 13, 433, 293, 431, 297, 2, -4, -1.1071487177940904, 4.47213595499958
3381, 17, 372, 313, 372, 315, 0, -2, -1.5707963267948966, 2.0
3381, 20, 438, 114, 437, 116, 1, -2, -1.1071487177940904, 2.23606797749979
3381, 22, 401, 268, 401, 270, 0, -2, -1.5707963267948966, 2.0
3381, 24, 404, 320, 404, 324, 0, -4, -1.5707963267948966, 4.0
3381, 28, 373, 205, 372, 206, 1, -1, -0.7853981633974483, 1.4142135623730951
3382, 6, 432, 121, 430, 121, 2, 0, 0.0, 2.0
3382, 7, 567, 322, 568, 321, -1, 1, 2.356194490192345, 1.4142135623730951
3382, 9, 527, 220, 526, 217, 1, 3, 1.2490457723982544, 3.1622776601683795
3382, 10, 433, 290, 433, 293, 0, -3, -1.5707963267948966, 3.0
3382, 16, 439, 113, 438, 114, 1, -1, -0.7853981633974483, 1.4142135623730951
3382, 18, 400, 266, 401, 268, -1, -2, -2.0344439357957027, 2.23606797749979
3383, 6, 435, 120, 432, 121, 3, -1, -0.3217505543966422, 3.1622776601683795
3383, 9, 528, 222, 527, 220, 1, 2, 1.1071487177940904, 2.23606797749979
3383, 10, 434, 288, 433, 290, 1, -2, -1.1071487177940904, 2.23606797749979
3383, 11, 541, 215, 540, 214, 1, 1, 0.7853981633974483, 1.4142135623730951
3383, 13, 373, 310, 372, 312, 1, -2, -1.1071487177940904, 2.23606797749979
3383, 14, 540, 137, 538, 136, 2, 1, 0.4636476090008061, 2.23606797749979
3383, 16, 440, 112, 439, 113, 1, -1, -0.7853981633974483, 1.4142135623730951
3383, 18, 400, 264, 400, 266, 0, -2, -1.5707963267948966, 2.0
3383, 20, 406, 318, 405, 320, 1, -2, -1.1071487177940904, 2.23606797749979
3384, 5, 437, 119, 435, 120, 2, -1, -0.4636476090008061, 2.23606797749979
3384, 8, 529, 224, 528, 222, 1, 2, 1.1071487177940904, 2.23606797749979
3384, 9, 435, 287, 434, 288, 1, -1, -0.7853981633974483, 1.4142135623730951
3384, 19, 407, 316, 406, 318, 1, -2, -1.1071487177940904, 2.23606797749979
3385, 2, 455, 129, 454, 130, 1, -1, -0.7853981633974483, 1.4142135623730951
3385, 3, 539, 187, 538, 186, 1, 1, 0.7853981633974483, 1.4142135623730951
3385, 12, 493, 142, 491, 142, 2, 0, 0.0, 2.0
3385, 27, 597, 315, 597, 313, 0, 2, 1.5707963267948966, 2.0
3386, 2, 457, 128, 455, 129, 2, -1, -0.4636476090008061, 2.23606797749979
3386, 29, 373, 311, 373, 313, 0, -2, -1.5707963267948966, 2.0
3386, 32, 440, 109, 439, 110, 1, -1, -0.7853981633974483, 1.4142135623730951
3387, 9, 496, 140, 494, 142, 2, -2, -0.7853981633974483, 2.8284271247461903
3387, 12, 477, 121, 476, 122, 1, -1, -0.7853981633974483, 1.4142135623730951
3387, 17, 624, 339, 622, 340, 2, -1, -0.4636476090008061, 2.23606797749979
3387, 20, 606, 334, 605, 333, 1, 1, 0.7853981633974483, 1.4142135623730951
3387, 22, 509, 122, 507, 122, 2, 0, 0.0, 2.0
3388, 0, 458, 126, 457, 127, 1, -1, -0.7853981633974483, 1.4142135623730951
3388, 9, 575, 326, 576, 325, -1, 1, 2.356194490192345, 1.4142135623730951
3388, 10, 478, 120, 477, 121, 1, -1, -0.7853981633974483, 1.4142135623730951
3388, 12, 587, 306, 586, 305, 1, 1, 0.7853981633974483, 1.4142135623730951
3388, 17, 521, 164, 521, 162, 0, 2, 1.5707963267948966, 2.0
3388, 24, 374, 309, 373, 310, 1, -1, -0.7853981633974483, 1.4142135623730951
3388, 25, 502, 122, 501, 123, 1, -1, -0.7853981633974483, 1.4142135623730951
3389, 6, 408, 326, 407, 327, 1, -1, -0.7853981633974483, 1.4142135623730951
3389, 8, 479, 121, 478, 120, 1, 1, 0.7853981633974483, 1.4142135623730951
3389, 13, 625, 340, 624, 339, 1, 1, 0.7853981633974483, 1.4142135623730951
3389, 24, 441, 106, 440, 107, 1, -1, -0.7853981633974483, 1.4142135623730951
3390, 3, 458, 128, 457, 129, 1, -1, -0.7853981633974483, 1.4142135623730951
3390, 8, 524, 165, 523, 164, 1, 1, 0.7853981633974483, 1.4142135623730951
3390, 16, 512, 124, 511, 123, 1, 1, 0.7853981633974483, 1.4142135623730951
3390, 19, 408, 328, 406, 330, 2, -2, -0.7853981633974483, 2.8284271247461903
3390, 27, 576, 173, 575, 172, 1, 1, 0.7853981633974483, 1.4142135623730951
3390, 29, 419, 132, 419, 134, 0, -2, -1.5707963267948966, 2.0
3390, 42, 434, 240, 434, 242, 0, -2, -1.5707963267948966, 2.0
3390, 43, 436, 301, 434, 305, 2, -4, -1.1071487177940904, 4.47213595499958
3391, 10, 443, 107, 442, 108, 1, -1, -0.7853981633974483, 1.4142135623730951
3391, 11, 514, 124, 512, 124, 2, 0, 0.0, 2.0
3391, 12, 435, 114, 434, 115, 1, -1, -0.7853981633974483, 1.4142135623730951
3391, 14, 409, 326, 408, 328, 1, -2, -1.1071487177940904, 2.23606797749979
3391, 16, 597, 195, 595, 195, 2, 0, 0.0, 2.0
3391, 27, 369, 214, 367, 218, 2, -4, -1.1071487177940904, 4.47213595499958
3391, 28, 598, 311, 597, 312, 1, -1, -0.7853981633974483, 1.4142135623730951
3391, 30, 541, 221, 542, 220, -1, 1, 2.356194490192345, 1.4142135623730951
3391, 37, 434, 238, 434, 240, 0, -2, -1.5707963267948966, 2.0
3391, 38, 436, 299, 436, 301, 0, -2, -1.5707963267948966, 2.0
3392, 14, 410, 324, 409, 326, 1, -2, -1.1071487177940904, 2.23606797749979
3392, 15, 431, 218, 432, 220, -1, -2, -2.0344439357957027, 2.23606797749979
3392, 21, 577, 176, 576, 174, 1, 2, 1.1071487177940904, 2.23606797749979
3392, 27, 599, 310, 598, 311, 1, -1, -0.7853981633974483, 1.4142135623730951
3392, 35, 564, 295, 563, 294, 1, 1, 0.7853981633974483, 1.4142135623730951
3392, 36, 436, 297, 436, 299, 0, -2, -1.5707963267948966, 2.0
3393, 1, 458, 125, 458, 127, 0, -2, -1.5707963267948966, 2.0
3393, 10, 444, 105, 443, 106, 1, -1, -0.7853981633974483, 1.4142135623730951
3393, 11, 514, 125, 515, 124, -1, 1, 2.356194490192345, 1.4142135623730951
3393, 12, 436, 111, 435, 113, 1, -2, -1.1071487177940904, 2.23606797749979
3393, 14, 411, 322, 410, 324, 1, -2, -1.1071487177940904, 2.23606797749979
3393, 16, 599, 194, 598, 195, 1, -1, -0.7853981633974483, 1.4142135623730951
3393, 25, 547, 142, 546, 141, 1, 1, 0.7853981633974483, 1.4142135623730951
3393, 29, 469, 117, 467, 118, 2, -1, -0.4636476090008061, 2.23606797749979
3394, 7, 628, 342, 627, 341, 1, 1, 0.7853981633974483, 1.4142135623730951
3394, 11, 516, 125, 514, 125, 2, 0, 0.0, 2.0
3394, 13, 615, 220, 614, 221, 1, -1, -0.7853981633974483, 1.4142135623730951
3394, 16, 601, 193, 599, 194, 2, -1, -0.4636476090008061, 2.23606797749979
3394, 19, 408, 205, 408, 207, 0, -2, -1.5707963267948966, 2.0
3394, 21, 578, 178, 577, 176, 1, 2, 1.1071487177940904, 2.23606797749979
3394, 29, 472, 117, 469, 117, 3, 0, 0.0, 3.0
3394, 34, 435, 297, 436, 296, -1, 1, 2.356194490192345, 1.4142135623730951
3395, 4, 525, 168, 524, 167, 1, 1, 0.7853981633974483, 1.4142135623730951
3395, 11, 433, 190, 433, 192, 0, -2, -1.5707963267948966, 2.0
3395, 16, 482, 124, 481, 123, 1, 1, 0.7853981633974483, 1.4142135623730951
3395, 19, 445, 107, 444, 108, 1, -1, -0.7853981633974483, 1.4142135623730951
3395, 24, 383, 307, 383, 309, 0, -2, -1.5707963267948966, 2.0
3395, 27, 611, 313, 612, 311, -1, 2, 2.0344439357957027, 2.23606797749979
3395, 29, 595, 208, 594, 206, 1, 2, 1.1071487177940904, 2.23606797749979
3395, 33, 470, 120, 467, 121, 3, -1, -0.3217505543966422, 3.1622776601683795
3395, 39, 432, 111, 429, 113, 3, -2, -0.5880026035475675, 3.605551275463989
3396, 1, 462, 126, 461, 127, 1, -1, -0.7853981633974483, 1.4142135623730951
3396, 18, 456, 130, 455, 131, 1, -1, -0.7853981633974483, 1.4142135623730951
3396, 21, 530, 228, 531, 227, -1, 1, 2.356194490192345, 1.4142135623730951
3396, 25, 610, 314, 611, 313, -1, 1, 2.356194490192345, 1.4142135623730951
3396, 27, 596, 210, 595, 208, 1, 2, 1.1071487177940904, 2.23606797749979
3396, 31, 472, 121, 470, 120, 2, 1, 0.4636476090008061, 2.23606797749979
3396, 33, 449, 129, 448, 131, 1, -2, -1.1071487177940904, 2.23606797749979
3396, 36, 433, 110, 432, 111, 1, -1, -0.7853981633974483, 1.4142135623730951
3397, 13, 484, 123, 483, 124, 1, -1, -0.7853981633974483, 1.4142135623730951
3397, 17, 492, 145, 490, 145, 2, 0, 0.0, 2.0
3397, 20, 382, 305, 382, 307, 0, -2, -1.5707963267948966, 2.0
3397, 27, 542, 226, 543, 225, -1, 1, 2.356194490192345, 1.4142135623730951
3397, 29, 475, 122, 472, 121, 3, 1, 0.3217505543966422, 3.1622776601683795
3397, 33, 434, 109, 433, 110, 1, -1, -0.7853981633974483, 1.4142135623730951
3398, 1, 463, 123, 462, 125, 1, -2, -1.1071487177940904, 2.23606797749979
3398, 8, 438, 110, 437, 111, 1, -1, -0.7853981633974483, 1.4142135623730951
3398, 10, 503, 146, 502, 145, 1, 1, 0.7853981633974483, 1.4142135623730951
3398, 11, 485, 122, 484, 123, 1, -1, -0.7853981633974483, 1.4142135623730951
3398, 13, 447, 105, 446, 106, 1, -1, -0.7853981633974483, 1.4142135623730951
3398, 15, 494, 145, 492, 145, 2, 0, 0.0, 2.0
3398, 16, 410, 319, 411, 318, -1, 1, 2.356194490192345, 1.4142135623730951
3398, 19, 518, 126, 517, 125, 1, 1, 0.7853981633974483, 1.4142135623730951
3398, 26, 477, 123, 475, 122, 2, 1, 0.4636476090008061, 2.23606797749979
3398, 27, 449, 126, 449, 128, 0, -2, -1.5707963267948966, 2.0
3398, 30, 435, 108, 434, 109, 1, -1, -0.7853981633974483, 1.4142135623730951
3399, 0, 542, 194, 541, 193, 1, 1, 0.7853981633974483, 1.4142135623730951
3399, 1, 464, 122, 463, 123, 1, -1, -0.7853981633974483, 1.4142135623730951
3399, 7, 439, 109, 438, 110, 1, -1, -0.7853981633974483, 1.4142135623730951
3399, 13, 457, 127, 456, 128, 1, -1, -0.7853981633974483, 1.4142135623730951
3399, 14, 496, 145, 494, 145, 2, 0, 0.0, 2.0
3399, 16, 382, 302, 382, 304, 0, -2, -1.5707963267948966, 2.0
3399, 17, 520, 126, 518, 126, 2, 0, 0.0, 2.0
3399, 25, 447, 125, 449, 126, -2, -1, -2.677945044588987, 2.23606797749979
3399, 27, 614, 223, 614, 225, 0, -2, -1.5707963267948966, 2.0
3399, 28, 436, 107, 435, 108, 1, -1, -0.7853981633974483, 1.4142135623730951
3400, 2, 464, 125, 463, 126, 1, -1, -0.7853981633974483, 1.4142135623730951
3400, 20, 530, 189, 526, 187, 4, 2, 0.4636476090008061, 4.47213595499958
3401, 2, 465, 124, 464, 125, 1, -1, -0.7853981633974483, 1.4142135623730951
3401, 12, 597, 195, 595, 195, 2, 0, 0.0, 2.0
3401, 15, 533, 195, 532, 194, 1, 1, 0.7853981633974483, 1.4142135623730951
3401, 19, 581, 323, 580, 324, 1, -1, -0.7853981633974483, 1.4142135623730951
3401, 20, 531, 192, 530, 189, 1, 3, 1.2490457723982544, 3.1622776601683795
3401, 23, 551, 148, 550, 147, 1, 1, 0.7853981633974483, 1.4142135623730951
3401, 26, 448, 105, 447, 106, 1, -1, -0.7853981633974483, 1.4142135623730951
3402, 7, 594, 312, 593, 311, 1, 1, 0.7853981633974483, 1.4142135623730951
3402, 9, 506, 147, 504, 147, 2, 0, 0.0, 2.0
3402, 10, 599, 197, 597, 195, 2, 2, 0.7853981633974483, 2.8284271247461903
3402, 15, 488, 123, 487, 124, 1, -1, -0.7853981633974483, 1.4142135623730951
3402, 17, 531, 194, 531, 192, 0, 2, 1.5707963267948966, 2.0
3403, 0, 466, 122, 465, 123, 1, -1, -0.7853981633974483, 1.4142135623730951
3403, 5, 595, 313, 594, 312, 1, 1, 0.7853981633974483, 1.4142135623730951
3403, 8, 601, 199, 599, 197, 2, 2, 0.7853981633974483, 2.8284271247461903
3403, 9, 600, 205, 601, 204, -1, 1, 2.356194490192345, 1.4142135623730951
3403, 19, 407, 322, 407, 324, 0, -2, -1.5707963267948966, 2.0
3403, 20, 449, 104, 448, 105, 1, -1, -0.7853981633974483, 1.4142135623730951
3403, 21, 542, 230, 543, 229, -1, 1, 2.356194490192345, 1.4142135623730951
3404, 0, 467, 121, 466, 122, 1, -1, -0.7853981633974483, 1.4142135623730951
3404, 3, 624, 225, 623, 226, 1, -1, -0.7853981633974483, 1.4142135623730951
3404, 5, 596, 314, 595, 313, 1, 1, 0.7853981633974483, 1.4142135623730951
3404, 8, 602, 201, 601, 199, 1, 2, 1.1071487177940904, 2.23606797749979
3404, 16, 615, 227, 613, 227, 2, 0, 0.0, 2.0
3404, 17, 568, 334, 567, 333, 1, 1, 0.7853981633974483, 1.4142135623730951
3404, 18, 553, 151, 552, 149, 1, 2, 1.1071487177940904, 2.23606797749979
3404, 19, 407, 319, 407, 322, 0, -3, -1.5707963267948966, 3.0
3405, 8, 469, 205, 471, 208, -2, -3, -2.158798930342464, 3.605551275463989
3405, 10, 535, 200, 536, 199, -1, 1, 2.356194490192345, 1.4142135623730951
3405, 12, 508, 149, 507, 148, 1, 1, 0.7853981633974483, 1.4142135623730951
3405, 13, 439, 111, 439, 113, 0, -2, -1.5707963267948966, 2.0
3405, 20, 451, 105, 450, 106, 1, -1, -0.7853981633974483, 1.4142135623730951
3405, 23, 621, 339, 619, 339, 2, 0, 0.0, 2.0
3406, 1, 467, 124, 466, 125, 1, -1, -0.7853981633974483, 1.4142135623730951
3406, 14, 450, 132, 453, 132, -3, 0, 3.141592653589793, 3.0
3406, 17, 422, 127, 421, 128, 1, -1, -0.7853981633974483, 1.4142135623730951
3406, 22, 622, 338, 621, 339, 1, -1, -0.7853981633974483, 1.4142135623730951
3406, 23, 543, 231, 544, 230, -1, 1, 2.356194490192345, 1.4142135623730951
3407, 6, 602, 209, 602, 207, 0, 2, 1.5707963267948966, 2.0
3407, 12, 440, 109, 439, 110, 1, -1, -0.7853981633974483, 1.4142135623730951
3407, 14, 448, 131, 450, 132, -2, -1, -2.677945044588987, 2.23606797749979
3407, 15, 388, 160, 388, 163, 0, -3, -1.5707963267948966, 3.0
3407, 19, 452, 103, 451, 104, 1, -1, -0.7853981633974483, 1.4142135623730951
3407, 20, 522, 131, 521, 130, 1, 1, 0.7853981633974483, 1.4142135623730951
3407, 22, 624, 338, 622, 338, 2, 0, 0.0, 2.0
3408, 0, 468, 123, 467, 124, 1, -1, -0.7853981633974483, 1.4142135623730951
3408, 1, 543, 199, 544, 198, -1, 1, 2.356194490192345, 1.4142135623730951
3408, 12, 447, 129, 448, 131, -1, -2, -2.0344439357957027, 2.23606797749979
3408, 15, 423, 125, 422, 126, 1, -1, -0.7853981633974483, 1.4142135623730951
3408, 16, 530, 231, 530, 228, 0, 3, 1.5707963267948966, 3.0
3408, 17, 453, 102, 452, 103, 1, -1, -0.7853981633974483, 1.4142135623730951
3408, 18, 524, 131, 522, 131, 2, 0, 0.0, 2.0
3408, 20, 626, 337, 624, 338, 2, -1, -0.4636476090008061, 2.23606797749979
3409, 5, 528, 176, 529, 175, -1, 1, 2.356194490192345, 1.4142135623730951
3409, 12, 445, 128, 447, 129, -2, -1, -2.677945044588987, 2.23606797749979
3409, 16, 530, 234, 530, 231, 0, 3, 1.5707963267948966, 3.0
3409, 17, 454, 101, 453, 102, 1, -1, -0.7853981633974483, 1.4142135623730951
3409, 18, 525, 132, 524, 131, 1, 1, 0.7853981633974483, 1.4142135623730951
3409, 20, 629, 337, 626, 337, 3, 0, 0.0, 3.0
3410, 1, 543, 200, 544, 199, -1, 1, 2.356194490192345, 1.4142135623730951
3410, 7, 531, 234, 531, 232, 0, 2, 1.5707963267948966, 2.0
3410, 8, 444, 113, 442, 113, 2, 0, 0.0, 2.0
3410, 9, 512, 151, 511, 150, 1, 1, 0.7853981633974483, 1.4142135623730951
3410, 10, 490, 129, 489, 130, 1, -1, -0.7853981633974483, 1.4142135623730951
3410, 13, 584, 331, 583, 330, 1, 1, 0.7853981633974483, 1.4142135623730951
3410, 20, 434, 286, 433, 290, 1, -4, -1.3258176636680326, 4.123105625617661
3410, 22, 417, 311, 415, 315, 2, -4, -1.1071487177940904, 4.47213595499958
3410, 25, 617, 361, 616, 362, 1, -1, -0.7853981633974483, 1.4142135623730951
3411, 7, 532, 237, 531, 234, 1, 3, 1.2490457723982544, 3.1622776601683795
3411, 8, 446, 113, 444, 113, 2, 0, 0.0, 2.0
3411, 18, 434, 284, 434, 286, 0, -2, -1.5707963267948966, 2.0
3411, 20, 419, 307, 417, 311, 2, -4, -1.1071487177940904, 4.47213595499958
3411, 24, 557, 157, 556, 156, 1, 1, 0.7853981633974483, 1.4142135623730951
3412, 3, 471, 122, 470, 123, 1, -1, -0.7853981633974483, 1.4142135623730951
3412, 7, 533, 240, 532, 237, 1, 3, 1.2490457723982544, 3.1622776601683795
3412, 16, 435, 281, 434, 284, 1, -3, -1.2490457723982544, 3.1622776601683795
3412, 18, 421, 304, 419, 307, 2, -3, -0.982793723247329, 3.605551275463989
3412, 19, 480, 128, 478, 128, 2, 0, 0.0, 2.0
3412, 20, 619, 360, 617, 361, 2, -1, -0.4636476090008061, 2.23606797749979
3412, 23, 597, 202, 597, 204, 0, -2, -1.5707963267948966, 2.0
3413, 3, 473, 121, 471, 122, 2, -1, -0.4636476090008061, 2.23606797749979
3413, 7, 534, 242, 533, 240, 1, 2, 1.1071487177940904, 2.23606797749979
3413, 8, 449, 113, 447, 113, 2, 0, 0.0, 2.0
3413, 10, 491, 126, 490, 127, 1, -1, -0.7853981633974483, 1.4142135623730951
3413, 16, 434, 288, 435, 281, -1, 7, 1.7126933813990606, 7.0710678118654755
3413, 18, 423, 301, 421, 304, 2, -3, -0.982793723247329, 3.605551275463989
3413, 19, 483, 128, 480, 128, 3, 0, 0.0, 3.0
3413, 22, 558, 159, 557, 158, 1, 1, 0.7853981633974483, 1.4142135623730951
3413, 23, 596, 200, 597, 202, -1, -2, -2.0344439357957027, 2.23606797749979
3414, 3, 473, 119, 473, 121, 0, -2, -1.5707963267948966, 2.0
3414, 6, 535, 244, 534, 242, 1, 2, 1.1071487177940904, 2.23606797749979
3414, 7, 451, 112, 449, 113, 2, -1, -0.4636476090008061, 2.23606797749979
3414, 9, 492, 125, 491, 126, 1, -1, -0.7853981633974483, 1.4142135623730951
3414, 13, 628, 343, 627, 342, 1, 1, 0.7853981633974483, 1.4142135623730951
3414, 16, 424, 300, 423, 301, 1, -1, -0.7853981633974483, 1.4142135623730951
3415, 1, 473, 123, 472, 124, 1, -1, -0.7853981633974483, 1.4142135623730951
3415, 7, 535, 242, 534, 241, 1, 1, 0.7853981633974483, 1.4142135623730951
3415, 11, 489, 128, 488, 129, 1, -1, -0.7853981633974483, 1.4142135623730951
3415, 12, 515, 154, 514, 153, 1, 1, 0.7853981633974483, 1.4142135623730951
3415, 16, 445, 262, 447, 264, -2, -2, -2.356194490192345, 2.8284271247461903
3415, 18, 453, 112, 452, 114, 1, -2, -1.1071487177940904, 2.23606797749979
3415, 25, 499, 126, 498, 127, 1, -1, -0.7853981633974483, 1.4142135623730951
3415, 33, 384, 296, 383, 298, 1, -2, -1.1071487177940904, 2.23606797749979
3415, 36, 607, 330, 606, 329, 1, 1, 0.7853981633974483, 1.4142135623730951
3415, 37, 429, 223, 428, 224, 1, -1, -0.7853981633974483, 1.4142135623730951
3416, 1, 475, 122, 473, 123, 2, -1, -0.4636476090008061, 2.23606797749979
3416, 18, 600, 218, 602, 220, -2, -2, -2.356194490192345, 2.8284271247461903
3416, 20, 417, 322, 418, 321, -1, 1, 2.356194490192345, 1.4142135623730951
3416, 23, 439, 245, 438, 246, 1, -1, -0.7853981633974483, 1.4142135623730951
3416, 29, 429, 120, 428, 121, 1, -1, -0.7853981633974483, 1.4142135623730951
3417, 1, 476, 121, 475, 122, 1, -1, -0.7853981633974483, 1.4142135623730951
3417, 12, 516, 156, 515, 155, 1, 1, 0.7853981633974483, 1.4142135623730951
3417, 18, 599, 216, 600, 218, -1, -2, -2.0344439357957027, 2.23606797749979
3417, 22, 501, 127, 500, 126, 1, 1, 0.7853981633974483, 1.4142135623730951
3417, 27, 590, 190, 589, 189, 1, 1, 0.7853981633974483, 1.4142135623730951
3417, 32, 607, 333, 607, 331, 0, 2, 1.5707963267948966, 2.0
3418, 1, 477, 120, 476, 121, 1, -1, -0.7853981633974483, 1.4142135623730951
3418, 7, 537, 245, 535, 244, 2, 1, 0.4636476090008061, 2.23606797749979
3418, 17, 454, 109, 453, 110, 1, -1, -0.7853981633974483, 1.4142135623730951
3418, 20, 419, 321, 418, 322, 1, -1, -0.7853981633974483, 1.4142135623730951
3418, 23, 440, 244, 439, 245, 1, -1, -0.7853981633974483, 1.4142135623730951
3418, 27, 591, 191, 590, 190, 1, 1, 0.7853981633974483, 1.4142135623730951
3419, 2, 546, 205, 545, 204, 1, 1, 0.7853981633974483, 1.4142135623730951
3419, 10, 490, 126, 489, 127, 1, -1, -0.7853981633974483, 1.4142135623730951
3419, 11, 517, 157, 516, 156, 1, 1, 0.7853981633974483, 1.4142135623730951
3419, 15, 598, 215, 599, 217, -1, -2, -2.0344439357957027, 2.23606797749979
3419, 17, 421, 318, 419, 321, 2, -3, -0.982793723247329, 3.605551275463989
3419, 20, 440, 242, 440, 244, 0, -2, -1.5707963267948966, 2.0
3419, 29, 608, 335, 607, 334, 1, 1, 0.7853981633974483, 1.4142135623730951
3420, 1, 477, 121, 476, 122, 1, -1, -0.7853981633974483, 1.4142135623730951
3420, 4, 436, 184, 436, 186, 0, -2, -1.5707963267948966, 2.0
3420, 9, 634, 339, 633, 340, 1, -1, -0.7853981633974483, 1.4142135623730951
3420, 11, 445, 106, 444, 107, 1, -1, -0.7853981633974483, 1.4142135623730951
3420, 14, 533, 234, 532, 233, 1, 1, 0.7853981633974483, 1.4142135623730951
3420, 19, 469, 128, 469, 130, 0, -2, -1.5707963267948966, 2.0
3420, 20, 460, 102, 459, 103, 1, -1, -0.7853981633974483, 1.4142135623730951
3420, 24, 628, 336, 627, 335, 1, 1, 0.7853981633974483, 1.4142135623730951
3420, 27, 441, 242, 441, 244, 0, -2, -1.5707963267948966, 2.0
3420, 29, 371, 204, 371, 206, 0, -2, -1.5707963267948966, 2.0
3420, 30, 596, 209, 596, 206, 0, 3, 1.5707963267948966, 3.0
3420, 33, 594, 193, 593, 192, 1, 1, 0.7853981633974483, 1.4142135623730951
3420, 37, 565, 164, 563, 163, 2, 1, 0.4636476090008061, 2.23606797749979
3420, 38, 547, 241, 548, 240, -1, 1, 2.356194490192345, 1.4142135623730951
3420, 41, 600, 330, 597, 329, 3, 1, 0.3217505543966422, 3.1622776601683795
3420, 45, 422, 317, 421, 319, 1, -2, -1.1071487177940904, 2.23606797749979
3421, 3, 517, 157, 516, 156, 1, 1, 0.7853981633974483, 1.4142135623730951
3421, 10, 616, 212, 618, 213, -2, -1, -2.677945044588987, 2.23606797749979
3421, 11, 453, 108, 452, 109, 1, -1, -0.7853981633974483, 1.4142135623730951
3421, 12, 534, 235, 533, 234, 1, 1, 0.7853981633974483, 1.4142135623730951
3421, 28, 594, 213, 596, 209, -2, 4, 2.0344439357957027, 4.47213595499958
3421, 35, 484, 150, 483, 151, 1, -1, -0.7853981633974483, 1.4142135623730951
3421, 36, 602, 331, 600, 330, 2, 1, 0.4636476090008061, 2.23606797749979
3421, 39, 501, 137, 500, 138, 1, -1, -0.7853981633974483, 1.4142135623730951
3421, 40, 423, 314, 422, 317, 1, -3, -1.2490457723982544, 3.1622776601683795
3421, 41, 389, 163, 388, 164, 1, -1, -0.7853981633974483, 1.4142135623730951
3422, 3, 533, 183, 532, 181, 1, 2, 1.1071487177940904, 2.23606797749979
3422, 7, 448, 104, 446, 106, 2, -2, -0.7853981633974483, 2.8284271247461903
3422, 10, 536, 237, 534, 235, 2, 2, 0.7853981633974483, 2.8284271247461903
3422, 23, 441, 239, 441, 241, 0, -2, -1.5707963267948966, 2.0
3422, 29, 566, 166, 565, 165, 1, 1, 0.7853981633974483, 1.4142135623730951
3422, 32, 485, 149, 484, 150, 1, -1, -0.7853981633974483, 1.4142135623730951
3422, 33, 604, 332, 602, 331, 2, 1, 0.4636476090008061, 2.23606797749979
3423, 0, 544, 207, 545, 206, -1, 1, 2.356194490192345, 1.4142135623730951
3423, 7, 448, 102, 448, 104, 0, -2, -1.5707963267948966, 2.0
3423, 9, 453, 105, 453, 107, 0, -2, -1.5707963267948966, 2.0
3423, 15, 469, 124, 469, 126, 0, -2, -1.5707963267948966, 2.0
3423, 16, 462, 100, 461, 101, 1, -1, -0.7853981633974483, 1.4142135623730951
3423, 17, 429, 120, 428, 121, 1, -1, -0.7853981633974483, 1.4142135623730951
3423, 28, 567, 167, 566, 166, 1, 1, 0.7853981633974483, 1.4142135623730951
3423, 32, 606, 333, 604, 332, 2, 1, 0.4636476090008061, 2.23606797749979
3423, 34, 421, 309, 422, 307, -1, 2, 2.0344439357957027, 2.23606797749979
3424, 1, 479, 118, 478, 119, 1, -1, -0.7853981633974483, 1.4142135623730951
3424, 2, 518, 160, 517, 159, 1, 1, 0.7853981633974483, 1.4142135623730951
3424, 7, 447, 103, 448, 102, -1, 1, 2.356194490192345, 1.4142135623730951
3424, 11, 507, 130, 505, 130, 2, 0, 0.0, 2.0
3424, 17, 430, 119, 429, 120, 1, -1, -0.7853981633974483, 1.4142135623730951
3424, 25, 594, 198, 594, 196, 0, 2, 1.5707963267948966, 2.0
3424, 26, 414, 251, 414, 253, 0, -2, -1.5707963267948966, 2.0
3424, 27, 457, 202, 458, 201, -1, 1, 2.356194490192345, 1.4142135623730951
3424, 31, 486, 147, 485, 148, 1, -1, -0.7853981633974483, 1.4142135623730951
3424, 32, 608, 334, 606, 333, 2, 1, 0.4636476090008061, 2.23606797749979
3425, 11, 472, 125, 471, 126, 1, -1, -0.7853981633974483, 1.4142135623730951
3425, 16, 538, 142, 537, 141, 1, 1, 0.7853981633974483, 1.4142135623730951
3425, 25, 507, 132, 506, 131, 1, 1, 0.7853981633974483, 1.4142135623730951
3425, 29, 446, 260, 445, 261, 1, -1, -0.7853981633974483, 1.4142135623730951
3425, 31, 498, 128, 495, 127, 3, 1, 0.3217505543966422, 3.1622776601683795
3426, 0, 480, 119, 479, 120, 1, -1, -0.7853981633974483, 1.4142135623730951
3426, 11, 473, 124, 472, 125, 1, -1, -0.7853981633974483, 1.4142135623730951
3426, 13, 613, 335, 612, 334, 1, 1, 0.7853981633974483, 1.4142135623730951
3426, 15, 588, 340, 587, 339, 1, 1, 0.7853981633974483, 1.4142135623730951
3426, 19, 467, 174, 467, 176, 0, -2, -1.5707963267948966, 2.0
3426, 23, 511, 134, 507, 132, 4, 2, 0.4636476090008061, 4.47213595499958
3426, 26, 411, 140, 411, 142, 0, -2, -1.5707963267948966, 2.0
3426, 30, 605, 274, 606, 273, -1, 1, 2.356194490192345, 1.4142135623730951
3427, 0, 482, 118, 480, 119, 2, -1, -0.4636476090008061, 2.23606797749979
3427, 11, 474, 123, 473, 124, 1, -1, -0.7853981633974483, 1.4142135623730951
3427, 15, 540, 143, 539, 142, 1, 1, 0.7853981633974483, 1.4142135623730951
3427, 27, 499, 129, 498, 127, 1, 2, 1.1071487177940904, 2.23606797749979
3428, 1, 545, 210, 546, 209, -1, 1, 2.356194490192345, 1.4142135623730951
3428, 10, 475, 122, 474, 123, 1, -1, -0.7853981633974483, 1.4142135623730951
3428, 15, 465, 101, 464, 102, 1, -1, -0.7853981633974483, 1.4142135623730951
3428, 19, 419, 314, 420, 312, -1, 2, 2.0344439357957027, 2.23606797749979
3428, 20, 514, 135, 512, 134, 2, 1, 0.4636476090008061, 2.23606797749979
3428, 25, 501, 130, 499, 129, 2, 1, 0.4636476090008061, 2.23606797749979
3428, 27, 613, 232, 614, 231, -1, 1, 2.356194490192345, 1.4142135623730951
3429, 0, 483, 116, 482, 117, 1, -1, -0.7853981633974483, 1.4142135623730951
3429, 7, 436, 178, 438, 179, -2, -1, -2.677945044588987, 2.23606797749979
3429, 11, 615, 336, 614, 335, 1, 1, 0.7853981633974483, 1.4142135623730951
3429, 13, 542, 144, 541, 143, 1, 1, 0.7853981633974483, 1.4142135623730951
3429, 22, 413, 195, 413, 197, 0, -2, -1.5707963267948966, 2.0
3429, 25, 503, 131, 501, 130, 2, 1, 0.4636476090008061, 2.23606797749979
3429, 26, 602, 274, 604, 274, -2, 0, 3.141592653589793, 2.0
3430, 1, 484, 120, 482, 120, 2, 0, 0.0, 2.0
3430, 25, 404, 253, 404, 255, 0, -2, -1.5707963267948966, 2.0
3430, 26, 468, 122, 465, 123, 3, -1, -0.3217505543966422, 3.1622776601683795
3430, 27, 421, 316, 422, 315, -1, 1, 2.356194490192345, 1.4142135623730951
3430, 29, 514, 133, 513, 132, 1, 1, 0.7853981633974483, 1.4142135623730951
3430, 32, 418, 165, 418, 167, 0, -2, -1.5707963267948966, 2.0
3431, 1, 485, 119, 484, 120, 1, -1, -0.7853981633974483, 1.4142135623730951
3431, 13, 478, 124, 476, 125, 2, -1, -0.4636476090008061, 2.23606797749979
3431, 14, 438, 288, 434, 287, 4, 1, 0.24497866312686414, 4.123105625617661
3431, 22, 571, 173, 570, 172, 1, 1, 0.7853981633974483, 1.4142135623730951
3431, 24, 471, 122, 468, 122, 3, 0, 0.0, 3.0
3431, 25, 419, 316, 421, 316, -2, 0, 3.141592653589793, 2.0
3431, 27, 515, 134, 514, 133, 1, 1, 0.7853981633974483, 1.4142135623730951
3431, 29, 418, 163, 418, 165, 0, -2, -1.5707963267948966, 2.0
3432, 0, 409, 174, 409, 176, 0, -2, -1.5707963267948966, 2.0
3432, 13, 370, 198, 369, 199, 1, -1, -0.7853981633974483, 1.4142135623730951
3432, 28, 466, 100, 465, 101, 1, -1, -0.7853981633974483, 1.4142135623730951
3433, 0, 410, 173, 409, 174, 1, -1, -0.7853981633974483, 1.4142135623730951
3433, 1, 488, 119, 486, 119, 2, 0, 0.0, 2.0
3433, 2, 547, 216, 547, 214, 0, 2, 1.5707963267948966, 2.0
3433, 10, 455, 105, 454, 106, 1, -1, -0.7853981633974483, 1.4142135623730951
3433, 14, 620, 331, 618, 332, 2, -1, -0.4636476090008061, 2.23606797749979
3433, 19, 572, 175, 571, 174, 1, 1, 0.7853981633974483, 1.4142135623730951
3433, 20, 404, 249, 404, 251, 0, -2, -1.5707963267948966, 2.0
3433, 21, 471, 124, 472, 122, -1, 2, 2.0344439357957027, 2.23606797749979
3434, 2, 546, 217, 547, 216, -1, 1, 2.356194490192345, 1.4142135623730951
3434, 11, 479, 121, 478, 122, 1, -1, -0.7853981633974483, 1.4142135623730951
3434, 14, 622, 330, 620, 331, 2, -1, -0.4636476090008061, 2.23606797749979
3434, 21, 517, 135, 516, 134, 1, 1, 0.7853981633974483, 1.4142135623730951
3434, 26, 467, 98, 466, 99, 1, -1, -0.7853981633974483, 1.4142135623730951
3435, 0, 487, 119, 486, 120, 1, -1, -0.7853981633974483, 1.4142135623730951
3435, 2, 515, 143, 514, 142, 1, 1, 0.7853981633974483, 1.4142135623730951
3435, 3, 546, 216, 547, 215, -1, 1, 2.356194490192345, 1.4142135623730951
3435, 8, 605, 208, 604, 207, 1, 1, 0.7853981633974483, 1.4142135623730951
3435, 14, 537, 251, 537, 248, 0, 3, 1.5707963267948966, 3.0
3435, 16, 635, 365, 638, 365, -3, 0, 3.141592653589793, 3.0
3436, 11, 397, 154, 396, 155, 1, -1, -0.7853981633974483, 1.4142135623730951
3436, 13, 538, 254, 537, 251, 1, 3, 1.2490457723982544, 3.1622776601683795
3436, 20, 616, 235, 617, 234, -1, 1, 2.356194490192345, 1.4142135623730951
3436, 21, 437, 118, 437, 120, 0, -2, -1.5707963267948966, 2.0
3436, 24, 469, 100, 468, 101, 1, -1, -0.7853981633974483, 1.4142135623730951
3436, 26, 426, 214, 426, 216, 0, -2, -1.5707963267948966, 2.0
3436, 29, 575, 317, 574, 316, 1, 1, 0.7853981633974483, 1.4142135623730951
3437, 2, 516, 144, 515, 143, 1, 1, 0.7853981633974483, 1.4142135623730951
3437, 3, 545, 217, 546, 216, -1, 1, 2.356194490192345, 1.4142135623730951
3437, 6, 604, 210, 605, 209, -1, 1, 2.356194490192345, 1.4142135623730951
3437, 11, 538, 256, 538, 254, 0, 2, 1.5707963267948966, 2.0
3437, 12, 459, 109, 457, 108, 2, 1, 0.4636476090008061, 2.23606797749979
3437, 19, 438, 117, 437, 118, 1, -1, -0.7853981633974483, 1.4142135623730951
3437, 21, 470, 99, 469, 100, 1, -1, -0.7853981633974483, 1.4142135623730951
3438, 5, 538, 189, 537, 188, 1, 1, 0.7853981633974483, 1.4142135623730951
3438, 6, 603, 212, 604, 210, -1, 2, 2.0344439357957027, 2.23606797749979
3438, 11, 539, 259, 538, 256, 1, 3, 1.2490457723982544, 3.1622776601683795
3438, 12, 461, 109, 459, 109, 2, 0, 0.0, 2.0
3438, 14, 407, 169, 406, 170, 1, -1, -0.7853981633974483, 1.4142135623730951
3438, 18, 439, 116, 438, 117, 1, -1, -0.7853981633974483, 1.4142135623730951
3438, 20, 471, 98, 470, 99, 1, -1, -0.7853981633974483, 1.4142135623730951
3438, 22, 427, 211, 426, 213, 1, -2, -1.1071487177940904, 2.23606797749979
3438, 25, 575, 319, 575, 317, 0, 2, 1.5707963267948966, 2.0
3439, 0, 489, 116, 488, 117, 1, -1, -0.7853981633974483, 1.4142135623730951
3439, 3, 544, 218, 545, 217, -1, 1, 2.356194490192345, 1.4142135623730951
3439, 11, 541, 262, 539, 259, 2, 3, 0.982793723247329, 3.605551275463989
3439, 18, 440, 115, 439, 116, 1, -1, -0.7853981633974483, 1.4142135623730951
3439, 20, 472, 97, 471, 98, 1, -1, -0.7853981633974483, 1.4142135623730951
3439, 22, 427, 209, 427, 211, 0, -2, -1.5707963267948966, 2.0
3439, 27, 559, 253, 558, 252, 1, 1, 0.7853981633974483, 1.4142135623730951
3440, 1, 490, 118, 489, 119, 1, -1, -0.7853981633974483, 1.4142135623730951
3440, 4, 626, 238, 625, 237, 1, 1, 0.7853981633974483, 1.4142135623730951
3440, 12, 541, 259, 540, 257, 1, 2, 1.1071487177940904, 2.23606797749979
3440, 15, 435, 281, 434, 285, 1, -4, -1.3258176636680326, 4.123105625617661
3440, 16, 470, 195, 471, 197, -1, -2, -2.0344439357957027, 2.23606797749979
3440, 19, 596, 202, 597, 201, -1, 1, 2.356194490192345, 1.4142135623730951
3440, 20, 426, 302, 424, 307, 2, -5, -1.1902899496825317, 5.385164807134504
3440, 22, 441, 117, 440, 118, 1, -1, -0.7853981633974483, 1.4142135623730951
3440, 24, 472, 100, 471, 101, 1, -1, -0.7853981633974483, 1.4142135623730951
3440, 27, 467, 167, 467, 169, 0, -2, -1.5707963267948966, 2.0
3441, 0, 411, 173, 411, 175, 0, -2, -1.5707963267948966, 2.0
3441, 1, 491, 117, 490, 118, 1, -1, -0.7853981633974483, 1.4142135623730951
3441, 11, 542, 261, 541, 259, 1, 2, 1.1071487177940904, 2.23606797749979
3441, 13, 441, 254, 443, 256, -2, -2, -2.356194490192345, 2.8284271247461903
3441, 14, 434, 278, 435, 281, -1, -3, -1.892546881191539, 3.1622776601683795
3441, 17, 465, 111, 463, 111, 2, 0, 0.0, 2.0
3441, 19, 425, 306, 426, 302, -1, 4, 1.8157749899217608, 4.123105625617661
3441, 25, 576, 182, 575, 181, 1, 1, 0.7853981633974483, 1.4142135623730951
3441, 29, 378, 184, 378, 186, 0, -2, -1.5707963267948966, 2.0
3442, 0, 411, 171, 411, 173, 0, -2, -1.5707963267948966, 2.0
3442, 1, 493, 116, 491, 117, 2, -1, -0.4636476090008061, 2.23606797749979
3442, 2, 548, 220, 547, 219, 1, 1, 0.7853981633974483, 1.4142135623730951
3442, 14, 434, 275, 434, 278, 0, -3, -1.5707963267948966, 3.0
3442, 15, 469, 192, 470, 194, -1, -2, -2.0344439357957027, 2.23606797749979
3442, 21, 442, 114, 441, 116, 1, -2, -1.1071487177940904, 2.23606797749979
3442, 22, 473, 98, 472, 99, 1, -1, -0.7853981633974483, 1.4142135623730951
3443, 0, 410, 169, 411, 171, -1, -2, -2.0344439357957027, 2.23606797749979
3443, 1, 494, 115, 493, 116, 1, -1, -0.7853981633974483, 1.4142135623730951
3443, 7, 627, 336, 626, 337, 1, -1, -0.7853981633974483, 1.4142135623730951
3443, 9, 540, 192, 539, 191, 1, 1, 0.7853981633974483, 1.4142135623730951
3443, 14, 434, 273, 434, 275, 0, -2, -1.5707963267948966, 2.0
3443, 20, 474, 97, 473, 98, 1, -1, -0.7853981633974483, 1.4142135623730951
3444, 1, 495, 114, 494, 115, 1, -1, -0.7853981633974483, 1.4142135623730951
3444, 13, 440, 250, 441, 252, -1, -2, -2.0344439357957027, 2.23606797749979
3444, 14, 435, 272, 434, 273, 1, -1, -0.7853981633974483, 1.4142135623730951
3444, 19, 443, 112, 442, 113, 1, -1, -0.7853981633974483, 1.4142135623730951
3444, 24, 434, 119, 433, 120, 1, -1, -0.7853981633974483, 1.4142135623730951
3445, 0, 549, 222, 550, 221, -1, 1, 2.356194490192345, 1.4142135623730951
3445, 11, 525, 142, 524, 141, 1, 1, 0.7853981633974483, 1.4142135623730951
3445, 14, 627, 340, 626, 341, 1, -1, -0.7853981633974483, 1.4142135623730951
3445, 15, 596, 347, 595, 346, 1, 1, 0.7853981633974483, 1.4142135623730951
3445, 19, 513, 143, 511, 144, 2, -1, -0.4636476090008061, 2.23606797749979
3445, 25, 385, 293, 386, 295, -1, -2, -2.0344439357957027, 2.23606797749979
3445, 29, 580, 202, 581, 200, -1, 2, 2.0344439357957027, 2.23606797749979
3445, 35, 446, 113, 445, 114, 1, -1, -0.7853981633974483, 1.4142135623730951
3445, 36, 578, 185, 577, 184, 1, 1, 0.7853981633974483, 1.4142135623730951
3445, 41, 546, 155, 545, 154, 1, 1, 0.7853981633974483, 1.4142135623730951
3445, 42, 622, 362, 619, 363, 3, -1, -0.3217505543966422, 3.1622776601683795
3445, 43, 531, 221, 530, 218, 1, 3, 1.2490457723982544, 3.1622776601683795
3445, 44, 626, 266, 626, 264, 0, 2, 1.5707963267948966, 2.0
3445, 46, 478, 126, 476, 126, 2, 0, 0.0, 2.0
3446, 2, 495, 117, 494, 118, 1, -1, -0.7853981633974483, 1.4142135623730951
3446, 14, 628, 341, 627, 340, 1, 1, 0.7853981633974483, 1.4142135623730951
3446, 21, 469, 110, 468, 111, 1, -1, -0.7853981633974483, 1.4142135623730951
3446, 24, 634, 336, 633, 337, 1, -1, -0.7853981633974483, 1.4142135623730951
3446, 27, 581, 203, 580, 202, 1, 1, 0.7853981633974483, 1.4142135623730951
3446, 31, 431, 154, 432, 156, -1, -2, -2.0344439357957027, 2.23606797749979
3446, 32, 447, 112, 446, 113, 1, -1, -0.7853981633974483, 1.4142135623730951
3446, 38, 623, 361, 622, 362, 1, -1, -0.7853981633974483, 1.4142135623730951
3446, 39, 532, 222, 531, 221, 1, 1, 0.7853981633974483, 1.4142135623730951
3446, 42, 479, 124, 478, 126, 1, -2, -1.1071487177940904, 2.23606797749979
3447, 2, 496, 116, 495, 117, 1, -1, -0.7853981633974483, 1.4142135623730951
3447, 9, 587, 345, 586, 344, 1, 1, 0.7853981633974483, 1.4142135623730951
3447, 15, 597, 348, 596, 347, 1, 1, 0.7853981633974483, 1.4142135623730951
3447, 23, 635, 335, 634, 336, 1, -1, -0.7853981633974483, 1.4142135623730951
3447, 26, 581, 205, 581, 203, 0, 2, 1.5707963267948966, 2.0
3447, 32, 579, 187, 578, 186, 1, 1, 0.7853981633974483, 1.4142135623730951
3447, 33, 520, 139, 518, 140, 2, -1, -0.4636476090008061, 2.23606797749979
3447, 36, 547, 157, 546, 156, 1, 1, 0.7853981633974483, 1.4142135623730951
3447, 41, 480, 122, 479, 124, 1, -2, -1.1071487177940904, 2.23606797749979
3448, 10, 442, 236, 441, 237, 1, -1, -0.7853981633974483, 1.4142135623730951
3448, 11, 527, 144, 526, 143, 1, 1, 0.7853981633974483, 1.4142135623730951
3448, 15, 598, 349, 597, 348, 1, 1, 0.7853981633974483, 1.4142135623730951
3448, 23, 510, 169, 511, 167, -1, 2, 2.0344439357957027, 2.23606797749979
3448, 25, 581, 207, 581, 205, 0, 2, 1.5707963267948966, 2.0
3448, 35, 548, 158, 547, 157, 1, 1, 0.7853981633974483, 1.4142135623730951
3448, 40, 478, 121, 480, 122, -2, -1, -2.677945044588987, 2.23606797749979
3449, 0, 548, 225, 549, 224, -1, 1, 2.356194490192345, 1.4142135623730951
3449, 10, 528, 145, 527, 144, 1, 1, 0.7853981633974483, 1.4142135623730951
3449, 11, 597, 206, 597, 204, 0, 2, 1.5707963267948966, 2.0
3449, 13, 632, 341, 630, 341, 2, 0, 0.0, 2.0
3449, 22, 510, 171, 510, 169, 0, 2, 1.5707963267948966, 2.0
3449, 33, 549, 159, 548, 158, 1, 1, 0.7853981633974483, 1.4142135623730951
3449, 35, 531, 220, 532, 222, -1, -2, -2.0344439357957027, 2.23606797749979
3450, 1, 549, 225, 550, 224, -1, 1, 2.356194490192345, 1.4142135623730951
3450, 11, 435, 114, 435, 116, 0, -2, -1.5707963267948966, 2.0
3450, 15, 541, 254, 540, 253, 1, 1, 0.7853981633974483, 1.4142135623730951
3450, 18, 512, 173, 512, 171, 0, 2, 1.5707963267948966, 2.0
3450, 19, 539, 224, 540, 223, -1, 1, 2.356194490192345, 1.4142135623730951
3450, 21, 463, 100, 461, 101, 2, -1, -0.4636476090008061, 2.23606797749979
3450, 23, 614, 269, 615, 268, -1, 1, 2.356194490192345, 1.4142135623730951
3450, 35, 446, 120, 445, 121, 1, -1, -0.7853981633974483, 1.4142135623730951
3450, 36, 530, 145, 529, 144, 1, 1, 0.7853981633974483, 1.4142135623730951
3450, 37, 556, 263, 557, 262, -1, 1, 2.356194490192345, 1.4142135623730951
3450, 38, 443, 236, 442, 238, 1, -2, -1.1071487177940904, 2.23606797749979
3450, 39, 624, 341, 621, 341, 3, 0, 0.0, 3.0
3450, 44, 537, 234, 536, 232, 1, 2, 1.1071487177940904, 2.23606797749979
3450, 48, 436, 288, 435, 290, 1, -2, -1.1071487177940904, 2.23606797749979
3451, 7, 598, 344, 599, 343, -1, 1, 2.356194490192345, 1.4142135623730951
3451, 9, 378, 191, 377, 192, 1, -1, -0.7853981633974483, 1.4142135623730951
3451, 10, 588, 348, 587, 347, 1, 1, 0.7853981633974483, 1.4142135623730951
3451, 12, 635, 338, 633, 338, 2, 0, 0.0, 2.0
3451, 13, 489, 121, 488, 122, 1, -1, -0.7853981633974483, 1.4142135623730951
3451, 15, 543, 255, 541, 254, 2, 1, 0.4636476090008061, 2.23606797749979
3451, 19, 469, 162, 468, 163, 1, -1, -0.7853981633974483, 1.4142135623730951
3451, 20, 464, 102, 463, 100, 1, 2, 1.1071487177940904, 2.23606797749979
3451, 33, 531, 146, 530, 145, 1, 1, 0.7853981633974483, 1.4142135623730951
3451, 36, 627, 340, 624, 341, 3, -1, -0.3217505543966422, 3.1622776601683795
3451, 45, 436, 286, 436, 288, 0, -2, -1.5707963267948966, 2.0
3452, 1, 548, 226, 549, 225, -1, 1, 2.356194490192345, 1.4142135623730951
3452, 9, 379, 189, 378, 191, 1, -2, -1.1071487177940904, 2.23606797749979
3452, 13, 490, 120, 489, 121, 1, -1, -0.7853981633974483, 1.4142135623730951
3452, 15, 545, 257, 543, 255, 2, 2, 0.7853981633974483, 2.8284271247461903
3452, 20, 465, 101, 464, 102, 1, -1, -0.7853981633974483, 1.4142135623730951
3452, 32, 532, 147, 531, 146, 1, 1, 0.7853981633974483, 1.4142135623730951
3452, 34, 444, 234, 443, 235, 1, -1, -0.7853981633974483, 1.4142135623730951
3452, 35, 630, 339, 627, 340, 3, -1, -0.3217505543966422, 3.1622776601683795
3452, 42, 561, 295, 562, 294, -1, 1, 2.356194490192345, 1.4142135623730951
3452, 43, 436, 284, 436, 286, 0, -2, -1.5707963267948966, 2.0
3453, 0, 499, 116, 498, 117, 1, -1, -0.7853981633974483, 1.4142135623730951
3453, 1, 547, 227, 548, 226, -1, 1, 2.356194490192345, 1.4142135623730951
3453, 7, 380, 187, 379, 189, 1, -2, -1.1071487177940904, 2.23606797749979
3453, 9, 436, 111, 435, 113, 1, -2, -1.1071487177940904, 2.23606797749979
3453, 19, 518, 140, 516, 140, 2, 0, 0.0, 2.0
3453, 31, 631, 338, 630, 339, 1, -1, -0.7853981633974483, 1.4142135623730951
3453, 39, 505, 146, 504, 147, 1, -1, -0.7853981633974483, 1.4142135623730951
3454, 4, 525, 174, 526, 173, -1, 1, 2.356194490192345, 1.4142135623730951
3454, 6, 468, 100, 467, 101, 1, -1, -0.7853981633974483, 1.4142135623730951
3454, 7, 381, 184, 380, 187, 1, -3, -1.2490457723982544, 3.1622776601683795
3454, 9, 439, 109, 436, 111, 3, -2, -0.5880026035475675, 3.605551275463989
3454, 11, 492, 119, 491, 120, 1, -1, -0.7853981633974483, 1.4142135623730951
3454, 14, 511, 173, 511, 175, 0, -2, -1.5707963267948966, 2.0
3454, 19, 520, 141, 518, 140, 2, 1, 0.4636476090008061, 2.23606797749979
3454, 20, 479, 98, 478, 99, 1, -1, -0.7853981633974483, 1.4142135623730951
3454, 27, 533, 149, 532, 148, 1, 1, 0.7853981633974483, 1.4142135623730951
3454, 36, 559, 296, 560, 295, -1, 1, 2.356194490192345, 1.4142135623730951
3454, 37, 434, 284, 436, 285, -2, -1, -2.677945044588987, 2.23606797749979
3455, 1, 549, 228, 550, 227, -1, 1, 2.356194490192345, 1.4142135623730951
3455, 10, 492, 121, 491, 122, 1, -1, -0.7853981633974483, 1.4142135623730951
3455, 16, 521, 142, 518, 141, 3, 1, 0.3217505543966422, 3.1622776601683795
3455, 18, 439, 113, 435, 114, 4, -1, -0.24497866312686414, 4.123105625617661
3455, 19, 631, 338, 630, 339, 1, -1, -0.7853981633974483, 1.4142135623730951
3455, 24, 603, 219, 602, 217, 1, 2, 1.1071487177940904, 2.23606797749979
3455, 25, 515, 178, 516, 177, -1, 1, 2.356194490192345, 1.4142135623730951
3455, 30, 559, 265, 558, 264, 1, 1, 0.7853981633974483, 1.4142135623730951
3456, 1, 548, 229, 549, 228, -1, 1, 2.356194490192345, 1.4142135623730951
3456, 7, 610, 215, 609, 216, 1, -1, -0.7853981633974483, 1.4142135623730951
3456, 11, 604, 344, 603, 345, 1, -1, -0.7853981633974483, 1.4142135623730951
3456, 15, 524, 143, 521, 142, 3, 1, 0.3217505543966422, 3.1622776601683795
3456, 16, 533, 148, 532, 147, 1, 1, 0.7853981633974483, 1.4142135623730951
3456, 17, 441, 112, 439, 113, 2, -1, -0.4636476090008061, 2.23606797749979
3456, 18, 632, 337, 631, 338, 1, -1, -0.7853981633974483, 1.4142135623730951
3456, 23, 604, 221, 603, 219, 1, 2, 1.1071487177940904, 2.23606797749979
3456, 29, 558, 266, 559, 265, -1, 1, 2.356194490192345, 1.4142135623730951
3457, 2, 468, 276, 468, 278, 0, -2, -1.5707963267948966, 2.0
3457, 13, 468, 185, 469, 187, -1, -2, -2.0344439357957027, 2.23606797749979
3457, 14, 525, 145, 524, 143, 1, 2, 1.1071487177940904, 2.23606797749979
3457, 16, 443, 112, 441, 112, 2, 0, 0.0, 2.0
3457, 18, 471, 159, 470, 160, 1, -1, -0.7853981633974483, 1.4142135623730951
3457, 19, 434, 283, 435, 282, -1, 1, 2.356194490192345, 1.4142135623730951
3457, 23, 516, 181, 515, 179, 1, 2, 1.1071487177940904, 2.23606797749979
3458, 5, 528, 176, 526, 176, 2, 0, 0.0, 2.0
3458, 7, 611, 213, 610, 214, 1, -1, -0.7853981633974483, 1.4142135623730951
3458, 10, 495, 120, 494, 121, 1, -1, -0.7853981633974483, 1.4142135623730951
3458, 12, 527, 147, 525, 145, 2, 2, 0.7853981633974483, 2.8284271247461903
3458, 13, 535, 149, 534, 148, 1, 1, 0.7853981633974483, 1.4142135623730951
3458, 14, 446, 112, 443, 112, 3, 0, 0.0, 3.0
3458, 15, 635, 336, 633, 337, 2, -1, -0.4636476090008061, 2.23606797749979
3458, 21, 517, 180, 516, 181, 1, -1, -0.7853981633974483, 1.4142135623730951
3459, 1, 546, 231, 547, 230, -1, 1, 2.356194490192345, 1.4142135623730951
3459, 7, 612, 212, 611, 213, 1, -1, -0.7853981633974483, 1.4142135623730951
3459, 12, 528, 148, 527, 147, 1, 1, 0.7853981633974483, 1.4142135623730951
3459, 13, 536, 150, 535, 149, 1, 1, 0.7853981633974483, 1.4142135623730951
3459, 16, 472, 156, 471, 158, 1, -2, -1.1071487177940904, 2.23606797749979
3459, 17, 433, 284, 434, 283, -1, 1, 2.356194490192345, 1.4142135623730951
3460, 9, 446, 171, 446, 173, 0, -2, -1.5707963267948966, 2.0
3460, 10, 467, 105, 468, 107, -1, -2, -2.0344439357957027, 2.23606797749979
3460, 11, 493, 122, 491, 121, 2, 1, 0.4636476090008061, 2.23606797749979
3460, 18, 380, 285, 380, 287, 0, -2, -1.5707963267948966, 2.0
3460, 29, 584, 200, 583, 199, 1, 1, 0.7853981633974483, 1.4142135623730951
3461, 7, 527, 178, 528, 177, -1, 1, 2.356194490192345, 1.4142135623730951
3461, 15, 536, 228, 537, 227, -1, 1, 2.356194490192345, 1.4142135623730951
3461, 20, 455, 113, 454, 114, 1, -1, -0.7853981633974483, 1.4142135623730951
3461, 21, 516, 183, 515, 182, 1, 1, 0.7853981633974483, 1.4142135623730951
3461, 26, 585, 201, 584, 200, 1, 1, 0.7853981633974483, 1.4142135623730951
3462, 0, 506, 117, 505, 118, 1, -1, -0.7853981633974483, 1.4142135623730951
3462, 1, 549, 233, 550, 232, -1, 1, 2.356194490192345, 1.4142135623730951
3462, 15, 473, 158, 472, 159, 1, -1, -0.7853981633974483, 1.4142135623730951
3462, 22, 585, 203, 585, 201, 0, 2, 1.5707963267948966, 2.0
3463, 2, 547, 202, 546, 201, 1, 1, 0.7853981633974483, 1.4142135623730951
3463, 8, 495, 121, 494, 122, 1, -1, -0.7853981633974483, 1.4142135623730951
3463, 16, 518, 184, 516, 184, 2, 0, 0.0, 2.0
3464, 0, 508, 118, 506, 118, 2, 0, 0.0, 2.0
3464, 6, 545, 268, 545, 266, 0, 2, 1.5707963267948966, 2.0
3464, 10, 606, 343, 605, 345, 1, -2, -1.1071487177940904, 2.23606797749979
3464, 12, 532, 226, 534, 228, -2, -2, -2.356194490192345, 2.8284271247461903
3464, 15, 457, 111, 456, 112, 1, -1, -0.7853981633974483, 1.4142135623730951
3464, 18, 595, 346, 593, 347, 2, -1, -0.4636476090008061, 2.23606797749979
3465, 1, 548, 235, 549, 234, -1, 1, 2.356194490192345, 1.4142135623730951
3465, 4, 447, 169, 447, 171, 0, -2, -1.5707963267948966, 2.0
3465, 6, 442, 249, 443, 251, -1, -2, -2.0344439357957027, 2.23606797749979
3465, 11, 611, 345, 610, 346, 1, -1, -0.7853981633974483, 1.4142135623730951
3465, 13, 545, 269, 545, 267, 0, 2, 1.5707963267948966, 2.0
3465, 14, 470, 108, 469, 107, 1, 1, 0.7853981633974483, 1.4142135623730951
3465, 15, 596, 346, 595, 347, 1, -1, -0.7853981633974483, 1.4142135623730951
3465, 18, 612, 214, 609, 212, 3, 2, 0.5880026035475675, 3.605551275463989
3465, 21, 635, 335, 633, 336, 2, -1, -0.4636476090008061, 2.23606797749979
3465, 28, 484, 100, 483, 101, 1, -1, -0.7853981633974483, 1.4142135623730951
3466, 4, 448, 168, 447, 169, 1, -1, -0.7853981633974483, 1.4142135623730951
3466, 8, 616, 251, 617, 250, -1, 1, 2.356194490192345, 1.4142135623730951
3466, 11, 612, 344, 611, 345, 1, -1, -0.7853981633974483, 1.4142135623730951
3466, 13, 546, 272, 545, 269, 1, 3, 1.2490457723982544, 3.1622776601683795
3466, 14, 472, 110, 470, 108, 2, 2, 0.7853981633974483, 2.8284271247461903
3466, 15, 598, 346, 596, 346, 2, 0, 0.0, 2.0
3466, 21, 414, 161, 413, 162, 1, -1, -0.7853981633974483, 1.4142135623730951
3466, 29, 564, 266, 563, 265, 1, 1, 0.7853981633974483, 1.4142135623730951
3467, 1, 547, 236, 548, 235, -1, 1, 2.356194490192345, 1.4142135623730951
3467, 3, 548, 206, 547, 204, 1, 2, 1.1071487177940904, 2.23606797749979
3467, 6, 538, 163, 537, 162, 1, 1, 0.7853981633974483, 1.4142135623730951
3467, 10, 613, 343, 612, 344, 1, -1, -0.7853981633974483, 1.4142135623730951
3467, 12, 547, 275, 546, 272, 1, 3, 1.2490457723982544, 3.1622776601683795
3467, 13, 474, 110, 472, 110, 2, 0, 0.0, 2.0
3467, 14, 600, 345, 598, 346, 2, -1, -0.4636476090008061, 2.23606797749979
3467, 15, 474, 156, 474, 158, 0, -2, -1.5707963267948966, 2.0
3467, 17, 423, 303, 425, 303, -2, 0, 3.141592653589793, 2.0
3467, 20, 416, 160, 414, 161, 2, -1, -0.4636476090008061, 2.23606797749979
3467, 26, 486, 99, 485, 100, 1, -1, -0.7853981633974483, 1.4142135623730951
3467, 27, 565, 267, 564, 266, 1, 1, 0.7853981633974483, 1.4142135623730951
3468, 12, 549, 277, 547, 275, 2, 2, 0.7853981633974483, 2.8284271247461903
3468, 13, 477, 111, 474, 110, 3, 1, 0.3217505543966422, 3.1622776601683795
3468, 14, 604, 346, 600, 345, 4, 1, 0.24497866312686414, 4.123105625617661
3468, 16, 611, 218, 612, 216, -1, 2, 2.0344439357957027, 2.23606797749979
3468, 17, 423, 300, 423, 303, 0, -3, -1.5707963267948966, 3.0
3468, 20, 417, 158, 416, 160, 1, -2, -1.1071487177940904, 2.23606797749979
3468, 27, 566, 268, 565, 267, 1, 1, 0.7853981633974483, 1.4142135623730951
3469, 1, 546, 238, 547, 237, -1, 1, 2.356194490192345, 1.4142135623730951
3469, 3, 549, 207, 548, 206, 1, 1, 0.7853981633974483, 1.4142135623730951
3469, 6, 537, 165, 538, 164, -1, 1, 2.356194490192345, 1.4142135623730951
3469, 12, 550, 279, 549, 277, 1, 2, 1.1071487177940904, 2.23606797749979
3469, 14, 607, 346, 604, 346, 3, 0, 0.0, 3.0
3469, 15, 475, 154, 474, 155, 1, -1, -0.7853981633974483, 1.4142135623730951
3469, 17, 424, 295, 423, 300, 1, -5, -1.373400766945016, 5.0990195135927845
3469, 20, 420, 157, 417, 158, 3, -1, -0.3217505543966422, 3.1622776601683795
3469, 23, 407, 143, 406, 144, 1, -1, -0.7853981633974483, 1.4142135623730951
3470, 0, 513, 120, 511, 120, 2, 0, 0.0, 2.0
3470, 2, 469, 273, 469, 275, 0, -2, -1.5707963267948966, 2.0
3470, 9, 614, 223, 615, 222, -1, 1, 2.356194490192345, 1.4142135623730951
3470, 12, 438, 272, 436, 276, 2, -4, -1.1071487177940904, 4.47213595499958
3470, 14, 549, 277, 548, 275, 1, 2, 1.1071487177940904, 2.23606797749979
3470, 15, 458, 114, 457, 115, 1, -1, -0.7853981633974483, 1.4142135623730951
3470, 16, 463, 280, 463, 282, 0, -2, -1.5707963267948966, 2.0
3470, 20, 470, 182, 470, 184, 0, -2, -1.5707963267948966, 2.0
3470, 22, 597, 351, 596, 352, 1, -1, -0.7853981633974483, 1.4142135623730951
3470, 25, 611, 344, 609, 346, 2, -2, -0.7853981633974483, 2.8284271247461903
3470, 26, 479, 113, 477, 112, 2, 1, 0.4636476090008061, 2.23606797749979
3470, 27, 427, 298, 427, 301, 0, -3, -1.5707963267948966, 3.0
3470, 35, 480, 142, 478, 142, 2, 0, 0.0, 2.0
3470, 36, 396, 153, 394, 155, 2, -2, -0.7853981633974483, 2.8284271247461903
3470, 41, 381, 282, 382, 284, -1, -2, -2.0344439357957027, 2.23606797749979
3471, 1, 468, 271, 469, 273, -1, -2, -2.0344439357957027, 2.23606797749979
3471, 10, 439, 270, 438, 272, 1, -2, -1.1071487177940904, 2.23606797749979
3471, 15, 475, 154, 474, 155, 1, -1, -0.7853981633974483, 1.4142135623730951
3471, 21, 614, 344, 611, 344, 3, 0, 0.0, 3.0
3471, 22, 482, 113, 479, 113, 3, 0, 0.0, 3.0
3471, 23, 428, 295, 427, 298, 1, -3, -1.2490457723982544, 3.1622776601683795
3471, 24, 546, 158, 545, 157, 1, 1, 0.7853981633974483, 1.4142135623730951
3471, 25, 383, 175, 385, 176, -2, -1, -2.677945044588987, 2.23606797749979
3471, 27, 542, 244, 543, 243, -1, 1, 2.356194490192345, 1.4142135623730951
3471, 31, 481, 141, 480, 142, 1, -1, -0.7853981633974483, 1.4142135623730951
3471, 32, 397, 151, 396, 153, 1, -2, -1.1071487177940904, 2.23606797749979
3472, 0, 516, 120, 514, 120, 2, 0, 0.0, 2.0
3472, 1, 468, 269, 468, 271, 0, -2, -1.5707963267948966, 2.0
3472, 10, 440, 268, 439, 270, 1, -2, -1.1071487177940904, 2.23606797749979
3472, 14, 462, 276, 463, 279, -1, -3, -1.892546881191539, 3.1622776601683795
3472, 18, 599, 351, 597, 351, 2, 0, 0.0, 2.0
3472, 21, 617, 344, 614, 344, 3, 0, 0.0, 3.0
3472, 23, 428, 293, 428, 295, 0, -2, -1.5707963267948966, 2.0
3472, 24, 547, 159, 546, 158, 1, 1, 0.7853981633974483, 1.4142135623730951
3473, 9, 441, 265, 440, 268, 1, -3, -1.2490457723982544, 3.1622776601683795
3473, 10, 550, 279, 548, 278, 2, 1, 0.4636476090008061, 2.23606797749979
3473, 13, 476, 152, 475, 153, 1, -1, -0.7853981633974483, 1.4142135623730951
3473, 19, 619, 343, 617, 344, 2, -1, -0.4636476090008061, 2.23606797749979
3473, 21, 429, 291, 428, 293, 1, -2, -1.1071487177940904, 2.23606797749979
3474, 0, 519, 120, 517, 120, 2, 0, 0.0, 2.0
3474, 4, 450, 164, 449, 165, 1, -1, -0.7853981633974483, 1.4142135623730951
3474, 19, 484, 112, 483, 113, 1, -1, -0.7853981633974483, 1.4142135623730951
3474, 20, 430, 290, 429, 291, 1, -1, -0.7853981633974483, 1.4142135623730951
3474, 25, 494, 136, 493, 137, 1, -1, -0.7853981633974483, 1.4142135623730951
3475, 2, 551, 242, 552, 241, -1, 1, 2.356194490192345, 1.4142135623730951
3475, 15, 619, 354, 618, 353, 1, 1, 0.7853981633974483, 1.4142135623730951
3475, 20, 468, 178, 469, 180, -1, -2, -2.0344439357957027, 2.23606797749979
3475, 22, 501, 128, 499, 128, 2, 0, 0.0, 2.0
3475, 24, 534, 241, 533, 239, 1, 2, 1.1071487177940904, 2.23606797749979
3475, 25, 462, 114, 461, 115, 1, -1, -0.7853981633974483, 1.4142135623730951
3475, 37, 375, 214, 374, 216, 1, -2, -1.1071487177940904, 2.23606797749979
3475, 39, 512, 157, 511, 156, 1, 1, 0.7853981633974483, 1.4142135623730951
3475, 41, 564, 201, 565, 203, -1, -2, -2.0344439357957027, 2.23606797749979
3476, 15, 621, 354, 619, 354, 2, 0, 0.0, 2.0
3476, 21, 427, 312, 428, 311, -1, 1, 2.356194490192345, 1.4142135623730951
3476, 23, 535, 243, 534, 241, 1, 2, 1.1071487177940904, 2.23606797749979
3477, 8, 612, 225, 613, 224, -1, 1, 2.356194490192345, 1.4142135623730951
3477, 14, 552, 268, 551, 267, 1, 1, 0.7853981633974483, 1.4142135623730951
3477, 31, 563, 278, 563, 276, 0, 2, 1.5707963267948966, 2.0
3478, 13, 553, 269, 552, 268, 1, 1, 0.7853981633974483, 1.4142135623730951
3478, 16, 455, 114, 454, 115, 1, -1, -0.7853981633974483, 1.4142135623730951
3478, 19, 428, 310, 427, 312, 1, -2, -1.1071487177940904, 2.23606797749979
3478, 25, 477, 152, 476, 153, 1, -1, -0.7853981633974483, 1.4142135623730951
3478, 26, 460, 269, 460, 271, 0, -2, -1.5707963267948966, 2.0
3479, 18, 428, 307, 428, 310, 0, -3, -1.5707963267948966, 3.0
3480, 12, 464, 113, 463, 114, 1, -1, -0.7853981633974483, 1.4142135623730951
3480, 15, 479, 152, 478, 153, 1, -1, -0.7853981633974483, 1.4142135623730951
3480, 25, 623, 353, 622, 354, 1, -1, -0.7853981633974483, 1.4142135623730951
3480, 29, 430, 306, 429, 308, 1, -2, -1.1071487177940904, 2.23606797749979
3480, 31, 450, 112, 451, 114, -1, -2, -2.0344439357957027, 2.23606797749979
3480, 33, 460, 264, 461, 266, -1, -2, -2.0344439357957027, 2.23606797749979
3480, 38, 542, 174, 541, 175, 1, -1, -0.7853981633974483, 1.4142135623730951
3480, 39, 542, 253, 541, 252, 1, 1, 0.7853981633974483, 1.4142135623730951
3480, 43, 429, 296, 430, 295, -1, 1, 2.356194490192345, 1.4142135623730951
3481, 3, 453, 164, 453, 166, 0, -2, -1.5707963267948966, 2.0
3481, 10, 510, 123, 509, 124, 1, -1, -0.7853981633974483, 1.4142135623730951
3481, 11, 555, 214, 554, 213, 1, 1, 0.7853981633974483, 1.4142135623730951
3481, 14, 460, 173, 462, 174, -2, -1, -2.677945044588987, 2.23606797749979
3481, 25, 625, 353, 623, 353, 2, 0, 0.0, 2.0
3481, 26, 466, 296, 466, 298, 0, -2, -1.5707963267948966, 2.0
3481, 29, 430, 304, 430, 306, 0, -2, -1.5707963267948966, 2.0
3481, 30, 608, 356, 607, 355, 1, 1, 0.7853981633974483, 1.4142135623730951
3481, 31, 450, 110, 450, 112, 0, -2, -1.5707963267948966, 2.0
3482, 2, 454, 160, 453, 164, 1, -4, -1.3258176636680326, 4.123105625617661
3482, 4, 534, 190, 533, 189, 1, 1, 0.7853981633974483, 1.4142135623730951
3482, 7, 539, 160, 537, 160, 2, 0, 0.0, 2.0
3482, 8, 512, 123, 510, 123, 2, 0, 0.0, 2.0
3482, 9, 557, 218, 555, 214, 2, 4, 1.1071487177940904, 4.47213595499958
3482, 20, 452, 220, 453, 223, -1, -3, -1.892546881191539, 3.1622776601683795
3482, 22, 516, 130, 514, 130, 2, 0, 0.0, 2.0
3482, 23, 626, 352, 625, 353, 1, -1, -0.7853981633974483, 1.4142135623730951
3482, 27, 429, 301, 430, 304, -1, -3, -1.892546881191539, 3.1622776601683795
3482, 29, 451, 108, 450, 110, 1, -2, -1.1071487177940904, 2.23606797749979
3482, 39, 427, 297, 428, 296, -1, 1, 2.356194490192345, 1.4142135623730951
3483, 0, 550, 246, 551, 245, -1, 1, 2.356194490192345, 1.4142135623730951
3483, 1, 523, 123, 522, 122, 1, 1, 0.7853981633974483, 1.4142135623730951
3483, 6, 541, 161, 539, 160, 2, 1, 0.4636476090008061, 2.23606797749979
3483, 8, 558, 219, 557, 218, 1, 1, 0.7853981633974483, 1.4142135623730951
3483, 9, 465, 111, 464, 112, 1, -1, -0.7853981633974483, 1.4142135623730951
3483, 12, 480, 149, 479, 150, 1, -1, -0.7853981633974483, 1.4142135623730951
3483, 23, 551, 167, 550, 166, 1, 1, 0.7853981633974483, 1.4142135623730951
3483, 24, 427, 302, 429, 301, -2, 1, 2.677945044588987, 2.23606797749979
3483, 26, 453, 108, 451, 108, 2, 0, 0.0, 2.0
3483, 35, 425, 299, 427, 297, -2, 2, 2.356194490192345, 2.8284271247461903
3484, 6, 543, 163, 541, 161, 2, 2, 0.7853981633974483, 2.8284271247461903
3484, 7, 515, 123, 513, 123, 2, 0, 0.0, 2.0
3484, 21, 628, 351, 627, 352, 1, -1, -0.7853981633974483, 1.4142135623730951
3484, 25, 610, 357, 609, 356, 1, 1, 0.7853981633974483, 1.4142135623730951
3484, 26, 456, 107, 453, 108, 3, -1, -0.3217505543966422, 3.1622776601683795
3485, 4, 468, 267, 468, 269, 0, -2, -1.5707963267948966, 2.0
3485, 14, 542, 165, 541, 163, 1, 2, 1.1071487177940904, 2.23606797749979
3485, 18, 425, 158, 424, 159, 1, -1, -0.7853981633974483, 1.4142135623730951
3485, 19, 437, 277, 438, 276, -1, 1, 2.356194490192345, 1.4142135623730951
3485, 25, 536, 238, 534, 236, 2, 2, 0.7853981633974483, 2.8284271247461903
3485, 30, 552, 168, 551, 167, 1, 1, 0.7853981633974483, 1.4142135623730951
3485, 37, 608, 255, 608, 257, 0, -2, -1.5707963267948966, 2.0
3485, 43, 459, 111, 456, 112, 3, -1, -0.3217505543966422, 3.1622776601683795
3486, 0, 525, 124, 524, 123, 1, 1, 0.7853981633974483, 1.4142135623730951
3486, 7, 628, 352, 627, 353, 1, -1, -0.7853981633974483, 1.4142135623730951
3486, 13, 544, 166, 542, 165, 2, 1, 0.4636476090008061, 2.23606797749979
3486, 19, 425, 303, 426, 302, -1, 1, 2.356194490192345, 1.4142135623730951
3486, 24, 539, 240, 536, 238, 3, 2, 0.5880026035475675, 3.605551275463989
3486, 30, 462, 235, 463, 237, -1, -2, -2.0344439357957027, 2.23606797749979
3486, 35, 607, 253, 608, 255, -1, -2, -2.0344439357957027, 2.23606797749979
3486, 41, 461, 111, 459, 111, 2, 0, 0.0, 2.0
3487, 1, 551, 249, 552, 248, -1, 1, 2.356194490192345, 1.4142135623730951
3487, 16, 435, 280, 437, 278, -2, 2, 2.356194490192345, 2.8284271247461903
3487, 17, 424, 304, 425, 303, -1, 1, 2.356194490192345, 1.4142135623730951
3487, 19, 614, 281, 615, 280, -1, 1, 2.356194490192345, 1.4142135623730951
3487, 22, 540, 243, 539, 240, 1, 3, 1.2490457723982544, 3.1622776601683795
3487, 27, 554, 172, 552, 169, 2, 3, 0.982793723247329, 3.605551275463989
3487, 31, 606, 251, 607, 253, -1, -2, -2.0344439357957027, 2.23606797749979
3487, 32, 575, 182, 574, 183, 1, -1, -0.7853981633974483, 1.4142135623730951
3488, 0, 528, 124, 526, 124, 2, 0, 0.0, 2.0
3488, 2, 556, 220, 557, 219, -1, 1, 2.356194490192345, 1.4142135623730951
3488, 3, 467, 264, 467, 266, 0, -2, -1.5707963267948966, 2.0
3488, 6, 630, 350, 629, 352, 1, -2, -1.1071487177940904, 2.23606797749979
3488, 8, 518, 127, 517, 126, 1, 1, 0.7853981633974483, 1.4142135623730951
3488, 11, 544, 169, 543, 166, 1, 3, 1.2490457723982544, 3.1622776601683795
3488, 16, 423, 305, 424, 304, -1, 1, 2.356194490192345, 1.4142135623730951
3488, 17, 513, 130, 514, 132, -1, -2, -2.0344439357957027, 2.23606797749979
3488, 26, 554, 174, 554, 172, 0, 2, 1.5707963267948966, 2.0
3488, 30, 606, 249, 606, 251, 0, -2, -1.5707963267948966, 2.0
3488, 35, 563, 317, 563, 315, 0, 2, 1.5707963267948966, 2.0
3489, 11, 544, 171, 544, 169, 0, 2, 1.5707963267948966, 2.0
3489, 14, 434, 282, 435, 281, -1, 1, 2.356194490192345, 1.4142135623730951
3489, 15, 422, 306, 423, 305, -1, 1, 2.356194490192345, 1.4142135623730951
3489, 27, 500, 107, 499, 106, 1, 1, 0.7853981633974483, 1.4142135623730951
3489, 28, 605, 246, 606, 249, -1, -3, -1.892546881191539, 3.1622776601683795
3489, 29, 576, 183, 575, 182, 1, 1, 0.7853981633974483, 1.4142135623730951
3489, 34, 464, 111, 462, 110, 2, 1, 0.4636476090008061, 2.23606797749979
3490, 1, 530, 126, 528, 125, 2, 1, 0.4636476090008061, 2.23606797749979
3490, 2, 468, 266, 468, 268, 0, -2, -1.5707963267948966, 2.0
3490, 6, 456, 160, 456, 162, 0, -2, -1.5707963267948966, 2.0
3490, 14, 410, 167, 409, 168, 1, -1, -0.7853981633974483, 1.4142135623730951
3490, 22, 549, 281, 549, 279, 0, 2, 1.5707963267948966, 2.0
3490, 23, 370, 274, 371, 276, -1, -2, -2.0344439357957027, 2.23606797749979
3490, 27, 500, 106, 499, 107, 1, -1, -0.7853981633974483, 1.4142135623730951
3491, 9, 425, 150, 425, 152, 0, -2, -1.5707963267948966, 2.0
3491, 18, 522, 197, 523, 196, -1, 1, 2.356194490192345, 1.4142135623730951
3491, 20, 483, 148, 482, 149, 1, -1, -0.7853981633974483, 1.4142135623730951
3491, 21, 548, 282, 549, 281, -1, 1, 2.356194490192345, 1.4142135623730951
3491, 22, 370, 272, 370, 274, 0, -2, -1.5707963267948966, 2.0
3491, 27, 403, 142, 404, 144, -1, -2, -2.0344439357957027, 2.23606797749979
3491, 31, 555, 175, 555, 173, 0, 2, 1.5707963267948966, 2.0
3491, 33, 426, 178, 426, 180, 0, -2, -1.5707963267948966, 2.0
3491, 37, 580, 183, 579, 182, 1, 1, 0.7853981633974483, 1.4142135623730951
3492, 1, 532, 127, 531, 126, 1, 1, 0.7853981633974483, 1.4142135623730951
3492, 11, 483, 112, 481, 112, 2, 0, 0.0, 2.0
3492, 14, 523, 198, 522, 197, 1, 1, 0.7853981633974483, 1.4142135623730951
3492, 17, 549, 285, 548, 282, 1, 3, 1.2490457723982544, 3.1622776601683795
3492, 18, 518, 130, 517, 131, 1, -1, -0.7853981633974483, 1.4142135623730951
3492, 25, 464, 111, 464, 113, 0, -2, -1.5707963267948966, 2.0
3493, 1, 552, 253, 553, 252, -1, 1, 2.356194490192345, 1.4142135623730951
3493, 4, 624, 252, 626, 252, -2, 0, 3.141592653589793, 2.0
3493, 5, 616, 256, 617, 255, -1, 1, 2.356194490192345, 1.4142135623730951
3493, 10, 493, 112, 492, 111, 1, 1, 0.7853981633974483, 1.4142135623730951
3493, 12, 549, 288, 549, 285, 0, 3, 1.5707963267948966, 3.0
3493, 16, 503, 107, 502, 106, 1, 1, 0.7853981633974483, 1.4142135623730951
3493, 20, 556, 176, 555, 175, 1, 1, 0.7853981633974483, 1.4142135623730951
3494, 2, 560, 224, 559, 223, 1, 1, 0.7853981633974483, 1.4142135623730951
3494, 6, 633, 351, 631, 351, 2, 0, 0.0, 2.0
3494, 9, 524, 199, 523, 198, 1, 1, 0.7853981633974483, 1.4142135623730951
3494, 11, 484, 144, 483, 146, 1, -2, -1.1071487177940904, 2.23606797749979
3494, 12, 550, 290, 549, 288, 1, 2, 1.1071487177940904, 2.23606797749979
3494, 16, 505, 107, 503, 107, 2, 0, 0.0, 2.0
3495, 3, 533, 128, 531, 128, 2, 0, 0.0, 2.0
3495, 5, 552, 184, 552, 182, 0, 2, 1.5707963267948966, 2.0
3495, 6, 551, 288, 550, 286, 1, 2, 1.1071487177940904, 2.23606797749979
3495, 11, 493, 116, 491, 116, 2, 0, 0.0, 2.0
3495, 12, 479, 112, 478, 113, 1, -1, -0.7853981633974483, 1.4142135623730951
3495, 16, 634, 350, 633, 352, 1, -2, -1.1071487177940904, 2.23606797749979
3495, 21, 426, 149, 426, 151, 0, -2, -1.5707963267948966, 2.0
3495, 26, 526, 203, 524, 202, 2, 1, 0.4636476090008061, 2.23606797749979
3495, 30, 506, 107, 504, 107, 2, 0, 0.0, 2.0
3495, 35, 371, 271, 372, 273, -1, -2, -2.0344439357957027, 2.23606797749979
3495, 39, 512, 128, 514, 130, -2, -2, -2.356194490192345, 2.8284271247461903
3496, 0, 468, 263, 469, 265, -1, -2, -2.0344439357957027, 2.23606797749979
3496, 2, 553, 255, 554, 254, -1, 1, 2.356194490192345, 1.4142135623730951
3496, 6, 552, 289, 551, 288, 1, 1, 0.7853981633974483, 1.4142135623730951
3496, 11, 496, 118, 493, 116, 3, 2, 0.5880026035475675, 3.605551275463989
3496, 15, 635, 348, 634, 350, 1, -2, -1.1071487177940904, 2.23606797749979
3496, 19, 422, 154, 420, 156, 2, -2, -0.7853981633974483, 2.8284271247461903
3496, 24, 632, 334, 629, 333, 3, 1, 0.3217505543966422, 3.1622776601683795
3496, 25, 527, 205, 526, 203, 1, 2, 1.1071487177940904, 2.23606797749979
3496, 29, 508, 107, 506, 107, 2, 0, 0.0, 2.0
3496, 30, 599, 339, 598, 338, 1, 1, 0.7853981633974483, 1.4142135623730951
3497, 4, 551, 186, 552, 185, -1, 1, 2.356194490192345, 1.4142135623730951
3497, 5, 552, 291, 552, 289, 0, 2, 1.5707963267948966, 2.0
3497, 6, 443, 245, 444, 247, -1, -2, -2.0344439357957027, 2.23606797749979
3497, 12, 612, 223, 611, 221, 1, 2, 1.1071487177940904, 2.23606797749979
3497, 13, 485, 145, 484, 147, 1, -2, -1.1071487177940904, 2.23606797749979
3497, 14, 635, 346, 635, 348, 0, -2, -1.5707963267948966, 2.0
3497, 18, 424, 152, 422, 154, 2, -2, -0.7853981633974483, 2.8284271247461903
3497, 22, 634, 334, 632, 334, 2, 0, 0.0, 2.0
3497, 23, 528, 206, 527, 205, 1, 1, 0.7853981633974483, 1.4142135623730951
3497, 30, 371, 268, 371, 270, 0, -2, -1.5707963267948966, 2.0
3498, 2, 537, 128, 535, 128, 2, 0, 0.0, 2.0
3498, 7, 563, 225, 562, 224, 1, 1, 0.7853981633974483, 1.4142135623730951
3498, 10, 481, 110, 480, 111, 1, -1, -0.7853981633974483, 1.4142135623730951
3498, 11, 612, 225, 612, 223, 0, 2, 1.5707963267948966, 2.0
3498, 17, 427, 150, 424, 152, 3, -2, -0.5880026035475675, 3.605551275463989
3498, 20, 386, 173, 386, 175, 0, -2, -1.5707963267948966, 2.0
3498, 21, 635, 333, 634, 334, 1, -1, -0.7853981633974483, 1.4142135623730951
3498, 28, 428, 174, 428, 176, 0, -2, -1.5707963267948966, 2.0
3498, 31, 564, 323, 565, 322, -1, 1, 2.356194490192345, 1.4142135623730951
3499, 0, 467, 260, 468, 262, -1, -2, -2.0344439357957027, 2.23606797749979
3499, 6, 535, 203, 536, 202, -1, 1, 2.356194490192345, 1.4142135623730951
3499, 8, 458, 155, 457, 156, 1, -1, -0.7853981633974483, 1.4142135623730951
3499, 10, 482, 109, 481, 110, 1, -1, -0.7853981633974483, 1.4142135623730951
3499, 11, 611, 226, 612, 225, -1, 1, 2.356194490192345, 1.4142135623730951
3499, 12, 486, 142, 485, 144, 1, -2, -1.1071487177940904, 2.23606797749979
3499, 16, 428, 149, 427, 150, 1, -1, -0.7853981633974483, 1.4142135623730951
3499, 19, 385, 171, 386, 173, -1, -2, -2.0344439357957027, 2.23606797749979
3499, 27, 428, 172, 428, 174, 0, -2, -1.5707963267948966, 2.0
3500, 0, 420, 161, 419, 163, 1, -2, -1.1071487177940904, 2.23606797749979
3500, 1, 538, 131, 536, 130, 2, 1, 0.4636476090008061, 2.23606797749979
3500, 12, 428, 148, 427, 149, 1, -1, -0.7853981633974483, 1.4142135623730951
3500, 13, 462, 269, 463, 271, -1, -2, -2.0344439357957027, 2.23606797749979
3500, 18, 531, 139, 530, 138, 1, 1, 0.7853981633974483, 1.4142135623730951
3500, 19, 428, 291, 427, 294, 1, -3, -1.2490457723982544, 3.1622776601683795
3500, 20, 527, 208, 528, 207, -1, 1, 2.356194490192345, 1.4142135623730951
3500, 30, 631, 349, 629, 350, 2, -1, -0.4636476090008061, 2.23606797749979
3501, 1, 540, 131, 538, 131, 2, 0, 0.0, 2.0
3501, 3, 627, 255, 626, 254, 1, 1, 0.7853981633974483, 1.4142135623730951
3501, 6, 612, 229, 613, 228, -1, 1, 2.356194490192345, 1.4142135623730951
3501, 11, 486, 146, 485, 147, 1, -1, -0.7853981633974483, 1.4142135623730951
3501, 12, 429, 147, 428, 148, 1, -1, -0.7853981633974483, 1.4142135623730951
3501, 13, 462, 267, 462, 269, 0, -2, -1.5707963267948966, 2.0
3501, 15, 430, 208, 432, 208, -2, 0, 3.141592653589793, 2.0
3501, 17, 416, 136, 416, 138, 0, -2, -1.5707963267948966, 2.0
3501, 19, 429, 288, 428, 291, 1, -3, -1.2490457723982544, 3.1622776601683795
3501, 22, 463, 234, 464, 236, -1, -2, -2.0344439357957027, 2.23606797749979
3501, 24, 633, 340, 632, 341, 1, -1, -0.7853981633974483, 1.4142135623730951
3501, 30, 634, 346, 631, 349, 3, -3, -0.7853981633974483, 4.242640687119285
3502, 7, 570, 288, 571, 287, -1, 1, 2.356194490192345, 1.4142135623730951
3502, 10, 430, 146, 429, 147, 1, -1, -0.7853981633974483, 1.4142135623730951
3502, 14, 626, 232, 627, 231, -1, 1, 2.356194490192345, 1.4142135623730951
3502, 17, 430, 286, 429, 288, 1, -2, -1.1071487177940904, 2.23606797749979
3502, 24, 530, 203, 529, 202, 1, 1, 0.7853981633974483, 1.4142135623730951
3502, 28, 635, 345, 634, 346, 1, -1, -0.7853981633974483, 1.4142135623730951
3503, 1, 543, 132, 541, 131, 2, 1, 0.4636476090008061, 2.23606797749979
3503, 7, 569, 289, 570, 288, -1, 1, 2.356194490192345, 1.4142135623730951
3503, 10, 429, 148, 430, 146, -1, 2, 2.0344439357957027, 2.23606797749979
3503, 17, 430, 284, 430, 286, 0, -2, -1.5707963267948966, 2.0
3503, 24, 531, 204, 530, 203, 1, 1, 0.7853981633974483, 1.4142135623730951
3504, 0, 420, 156, 420, 158, 0, -2, -1.5707963267948966, 2.0
3504, 1, 545, 132, 543, 132, 2, 0, 0.0, 2.0
3504, 5, 561, 233, 562, 231, -1, 2, 2.0344439357957027, 2.23606797749979
3504, 8, 608, 268, 607, 267, 1, 1, 0.7853981633974483, 1.4142135623730951
3504, 16, 431, 283, 430, 284, 1, -1, -0.7853981633974483, 1.4142135623730951
3504, 20, 635, 339, 634, 340, 1, -1, -0.7853981633974483, 1.4142135623730951
3504, 22, 532, 206, 531, 204, 1, 2, 1.1071487177940904, 2.23606797749979
3505, 6, 503, 116, 502, 115, 1, 1, 0.7853981633974483, 1.4142135623730951
3505, 16, 526, 140, 524, 140, 2, 0, 0.0, 2.0
3505, 17, 413, 166, 414, 168, -1, -2, -2.0344439357957027, 2.23606797749979
3505, 20, 621, 359, 620, 360, 1, -1, -0.7853981633974483, 1.4142135623730951
3505, 26, 608, 226, 608, 228, 0, -2, -1.5707963267948966, 2.0
3505, 30, 445, 214, 445, 216, 0, -2, -1.5707963267948966, 2.0
3505, 32, 474, 113, 474, 115, 0, -2, -1.5707963267948966, 2.0
3506, 0, 544, 133, 542, 133, 2, 0, 0.0, 2.0
3506, 4, 563, 234, 564, 233, -1, 1, 2.356194490192345, 1.4142135623730951
3506, 11, 488, 144, 487, 145, 1, -1, -0.7853981633974483, 1.4142135623730951
3506, 14, 513, 113, 511, 112, 2, 1, 0.4636476090008061, 2.23606797749979
3506, 15, 527, 139, 526, 140, 1, -1, -0.7853981633974483, 1.4142135623730951
3506, 20, 552, 292, 553, 291, -1, 1, 2.356194490192345, 1.4142135623730951
3506, 21, 498, 112, 496, 112, 2, 0, 0.0, 2.0
3506, 23, 462, 229, 463, 231, -1, -2, -2.0344439357957027, 2.23606797749979
3506, 24, 609, 224, 608, 226, 1, -2, -1.1071487177940904, 2.23606797749979
3506, 28, 445, 212, 445, 214, 0, -2, -1.5707963267948966, 2.0
3506, 36, 423, 208, 423, 210, 0, -2, -1.5707963267948966, 2.0
3506, 38, 418, 225, 419, 224, -1, 1, 2.356194490192345, 1.4142135623730951
3507, 0, 545, 134, 544, 133, 1, 1, 0.7853981633974483, 1.4142135623730951
3507, 4, 564, 235, 563, 234, 1, 1, 0.7853981633974483, 1.4142135623730951
3507, 8, 552, 285, 550, 284, 2, 1, 0.4636476090008061, 2.23606797749979
3507, 11, 484, 111, 483, 112, 1, -1, -0.7853981633974483, 1.4142135623730951
3507, 13, 514, 114, 513, 113, 1, 1, 0.7853981633974483, 1.4142135623730951
3507, 15, 413, 163, 413, 165, 0, -2, -1.5707963267948966, 2.0
3507, 20, 500, 112, 498, 112, 2, 0, 0.0, 2.0
3507, 24, 561, 188, 561, 186, 0, 2, 1.5707963267948966, 2.0
3507, 26, 526, 208, 527, 207, -1, 1, 2.356194490192345, 1.4142135623730951
3507, 27, 446, 209, 445, 212, 1, -3, -1.2490457723982544, 3.1622776601683795
3507, 34, 422, 206, 423, 208, -1, -2, -2.0344439357957027, 2.23606797749979
3508, 5, 506, 117, 505, 116, 1, 1, 0.7853981633974483, 1.4142135623730951
3508, 8, 554, 286, 552, 285, 2, 1, 0.4636476090008061, 2.23606797749979
3508, 10, 490, 142, 488, 143, 2, -1, -0.4636476090008061, 2.23606797749979
3508, 16, 610, 322, 608, 322, 2, 0, 0.0, 2.0
3508, 17, 625, 358, 623, 359, 2, -1, -0.4636476090008061, 2.23606797749979
3508, 19, 501, 111, 500, 112, 1, -1, -0.7853981633974483, 1.4142135623730951
3508, 23, 588, 191, 586, 190, 2, 1, 0.4636476090008061, 2.23606797749979
3508, 29, 603, 302, 604, 300, -1, 2, 2.0344439357957027, 2.23606797749979
3508, 31, 431, 299, 429, 301, 2, -2, -0.7853981633974483, 2.8284271247461903
3508, 32, 422, 204, 422, 206, 0, -2, -1.5707963267948966, 2.0
3509, 0, 547, 135, 546, 134, 1, 1, 0.7853981633974483, 1.4142135623730951
3509, 2, 554, 263, 555, 262, -1, 1, 2.356194490192345, 1.4142135623730951
3509, 3, 611, 232, 612, 231, -1, 1, 2.356194490192345, 1.4142135623730951
3509, 6, 540, 210, 539, 209, 1, 1, 0.7853981633974483, 1.4142135623730951
3509, 10, 491, 141, 490, 142, 1, -1, -0.7853981633974483, 1.4142135623730951
3509, 13, 516, 116, 514, 115, 2, 1, 0.4636476090008061, 2.23606797749979
3509, 19, 503, 111, 501, 111, 2, 0, 0.0, 2.0
3509, 20, 605, 215, 604, 214, 1, 1, 0.7853981633974483, 1.4142135623730951
3509, 26, 475, 108, 474, 110, 1, -2, -1.1071487177940904, 2.23606797749979
3509, 29, 530, 142, 531, 141, -1, 1, 2.356194490192345, 1.4142135623730951
3509, 30, 432, 298, 431, 299, 1, -1, -0.7853981633974483, 1.4142135623730951
3509, 31, 422, 202, 422, 204, 0, -2, -1.5707963267948966, 2.0
3509, 33, 414, 133, 415, 135, -1, -2, -2.0344439357957027, 2.23606797749979
3510, 1, 546, 136, 545, 135, 1, 1, 0.7853981633974483, 1.4142135623730951
3510, 7, 634, 357, 633, 356, 1, 1, 0.7853981633974483, 1.4142135623730951
3510, 16, 536, 138, 534, 138, 2, 0, 0.0, 2.0
3510, 19, 448, 226, 447, 227, 1, -1, -0.7853981633974483, 1.4142135623730951
3510, 20, 561, 191, 562, 189, -1, 2, 2.0344439357957027, 2.23606797749979
3510, 23, 516, 116, 515, 115, 1, 1, 0.7853981633974483, 1.4142135623730951
3510, 26, 469, 230, 469, 232, 0, -2, -1.5707963267948966, 2.0
3510, 33, 468, 288, 468, 290, 0, -2, -1.5707963267948966, 2.0
3511, 3, 555, 264, 556, 263, -1, 1, 2.356194490192345, 1.4142135623730951
3511, 11, 491, 144, 490, 145, 1, -1, -0.7853981633974483, 1.4142135623730951
3511, 12, 537, 139, 536, 138, 1, 1, 0.7853981633974483, 1.4142135623730951
3511, 19, 517, 117, 516, 116, 1, 1, 0.7853981633974483, 1.4142135623730951
3511, 24, 566, 294, 567, 293, -1, 1, 2.356194490192345, 1.4142135623730951
3511, 26, 528, 181, 527, 180, 1, 1, 0.7853981633974483, 1.4142135623730951
3512, 0, 547, 137, 546, 136, 1, 1, 0.7853981633974483, 1.4142135623730951
3512, 10, 538, 140, 537, 139, 1, 1, 0.7853981633974483, 1.4142135623730951
3512, 24, 467, 283, 468, 287, -1, -4, -1.8157749899217608, 4.123105625617661
3513, 0, 548, 138, 547, 137, 1, 1, 0.7853981633974483, 1.4142135623730951
3513, 2, 554, 266, 555, 265, -1, 1, 2.356194490192345, 1.4142135623730951
3513, 4, 635, 355, 635, 357, 0, -2, -1.5707963267948966, 2.0
3513, 5, 542, 214, 541, 213, 1, 1, 0.7853981633974483, 1.4142135623730951
3513, 6, 474, 107, 474, 109, 0, -2, -1.5707963267948966, 2.0
3513, 10, 539, 141, 538, 140, 1, 1, 0.7853981633974483, 1.4142135623730951
3513, 15, 607, 345, 606, 346, 1, -1, -0.7853981633974483, 1.4142135623730951
3514, 0, 549, 139, 548, 138, 1, 1, 0.7853981633974483, 1.4142135623730951
3514, 4, 635, 357, 635, 355, 0, 2, 1.5707963267948966, 2.0
3514, 5, 543, 215, 542, 214, 1, 1, 0.7853981633974483, 1.4142135623730951
3514, 6, 477, 107, 474, 107, 3, 0, 0.0, 3.0
3514, 9, 493, 141, 491, 142, 2, -1, -0.4636476090008061, 2.23606797749979
3514, 10, 540, 142, 539, 141, 1, 1, 0.7853981633974483, 1.4142135623730951
3514, 16, 552, 185, 550, 183, 2, 2, 0.7853981633974483, 2.8284271247461903
3514, 17, 519, 119, 518, 118, 1, 1, 0.7853981633974483, 1.4142135623730951
3514, 21, 565, 296, 566, 295, -1, 1, 2.356194490192345, 1.4142135623730951
3515, 0, 422, 157, 421, 158, 1, -1, -0.7853981633974483, 1.4142135623730951
3515, 1, 549, 140, 548, 139, 1, 1, 0.7853981633974483, 1.4142135623730951
3515, 5, 628, 263, 629, 262, -1, 1, 2.356194490192345, 1.4142135623730951
3515, 13, 539, 140, 537, 140, 2, 0, 0.0, 2.0
3515, 16, 553, 187, 551, 184, 2, 3, 0.982793723247329, 3.605551275463989
3515, 22, 541, 258, 539, 256, 2, 2, 0.7853981633974483, 2.8284271247461903
3515, 24, 533, 138, 530, 136, 3, 2, 0.5880026035475675, 3.605551275463989
3515, 27, 608, 265, 609, 267, -1, -2, -2.0344439357957027, 2.23606797749979
3515, 34, 616, 260, 617, 259, -1, 1, 2.356194490192345, 1.4142135623730951
3515, 35, 477, 109, 474, 109, 3, 0, 0.0, 3.0
3515, 37, 374, 254, 374, 256, 0, -2, -1.5707963267948966, 2.0
3516, 1, 550, 141, 549, 140, 1, 1, 0.7853981633974483, 1.4142135623730951
3516, 13, 554, 188, 553, 187, 1, 1, 0.7853981633974483, 1.4142135623730951
3516, 14, 610, 349, 609, 348, 1, 1, 0.7853981633974483, 1.4142135623730951
3516, 19, 543, 260, 541, 258, 2, 2, 0.7853981633974483, 2.8284271247461903
3516, 21, 535, 140, 533, 138, 2, 2, 0.7853981633974483, 2.8284271247461903
3516, 23, 608, 263, 608, 265, 0, -2, -1.5707963267948966, 2.0
3516, 26, 429, 152, 427, 153, 2, -1, -0.4636476090008061, 2.23606797749979
3516, 29, 520, 119, 519, 118, 1, 1, 0.7853981633974483, 1.4142135623730951
3516, 31, 480, 110, 477, 109, 3, 1, 0.3217505543966422, 3.1622776601683795
3517, 0, 551, 142, 550, 141, 1, 1, 0.7853981633974483, 1.4142135623730951
3517, 2, 567, 243, 567, 241, 0, 2, 1.5707963267948966, 2.0
3517, 4, 627, 264, 628, 263, -1, 1, 2.356194490192345, 1.4142135623730951
3517, 10, 541, 141, 540, 140, 1, 1, 0.7853981633974483, 1.4142135623730951
3517, 12, 555, 190, 554, 188, 1, 2, 1.1071487177940904, 2.23606797749979
3517, 17, 545, 263, 543, 260, 2, 3, 0.982793723247329, 3.605551275463989
3517, 18, 565, 295, 566, 294, -1, 1, 2.356194490192345, 1.4142135623730951
3517, 19, 536, 142, 535, 140, 1, 2, 1.1071487177940904, 2.23606797749979
3517, 20, 608, 261, 608, 263, 0, -2, -1.5707963267948966, 2.0
3517, 21, 564, 195, 563, 194, 1, 1, 0.7853981633974483, 1.4142135623730951
3517, 23, 430, 151, 429, 152, 1, -1, -0.7853981633974483, 1.4142135623730951
3518, 0, 552, 143, 551, 142, 1, 1, 0.7853981633974483, 1.4142135623730951
3518, 6, 627, 238, 627, 236, 0, 2, 1.5707963267948966, 2.0
3518, 10, 542, 143, 541, 141, 1, 2, 1.1071487177940904, 2.23606797749979
3518, 12, 555, 193, 555, 190, 0, 3, 1.5707963267948966, 3.0
3518, 14, 615, 229, 613, 230, 2, -1, -0.4636476090008061, 2.23606797749979
3518, 19, 537, 144, 536, 142, 1, 2, 1.1071487177940904, 2.23606797749979
3518, 20, 608, 259, 608, 261, 0, -2, -1.5707963267948966, 2.0
3518, 21, 564, 197, 564, 195, 0, 2, 1.5707963267948966, 2.0
3518, 25, 602, 299, 603, 298, -1, 1, 2.356194490192345, 1.4142135623730951
3518, 27, 615, 263, 616, 262, -1, 1, 2.356194490192345, 1.4142135623730951
3518, 28, 484, 111, 481, 110, 3, 1, 0.3217505543966422, 3.1622776601683795
3519, 0, 553, 146, 552, 143, 1, 3, 1.2490457723982544, 3.1622776601683795
3519, 1, 557, 273, 557, 270, 0, 3, 1.5707963267948966, 3.0
3519, 5, 542, 219, 543, 218, -1, 1, 2.356194490192345, 1.4142135623730951
3519, 9, 497, 142, 496, 143, 1, -1, -0.7853981633974483, 1.4142135623730951
3519, 11, 508, 120, 507, 119, 1, 1, 0.7853981633974483, 1.4142135623730951
3519, 12, 556, 194, 555, 193, 1, 1, 0.7853981633974483, 1.4142135623730951
3519, 14, 616, 228, 615, 229, 1, -1, -0.7853981633974483, 1.4142135623730951
3519, 19, 535, 141, 537, 144, -2, -3, -2.158798930342464, 3.605551275463989
3519, 20, 606, 251, 608, 259, -2, -8, -1.8157749899217608, 8.246211251235321
3519, 22, 432, 151, 430, 151, 2, 0, 0.0, 2.0
3519, 25, 521, 121, 520, 120, 1, 1, 0.7853981633974483, 1.4142135623730951
3520, 2, 554, 144, 553, 143, 1, 1, 0.7853981633974483, 1.4142135623730951
3520, 14, 370, 255, 370, 257, 0, -2, -1.5707963267948966, 2.0
3520, 18, 509, 125, 508, 123, 1, 2, 1.1071487177940904, 2.23606797749979
3521, 1, 555, 145, 554, 144, 1, 1, 0.7853981633974483, 1.4142135623730951
3521, 16, 511, 127, 509, 125, 2, 2, 0.7853981633974483, 2.8284271247461903
3521, 17, 524, 121, 522, 120, 2, 1, 0.4636476090008061, 2.23606797749979
3521, 18, 552, 299, 553, 297, -1, 2, 2.0344439357957027, 2.23606797749979
3521, 21, 631, 360, 630, 361, 1, -1, -0.7853981633974483, 1.4142135623730951
3522, 1, 556, 273, 557, 272, -1, 1, 2.356194490192345, 1.4142135623730951
3522, 4, 616, 267, 617, 266, -1, 1, 2.356194490192345, 1.4142135623730951
3522, 12, 513, 130, 511, 127, 2, 3, 0.982793723247329, 3.605551275463989
3522, 13, 525, 122, 524, 121, 1, 1, 0.7853981633974483, 1.4142135623730951
3522, 14, 552, 301, 552, 299, 0, 2, 1.5707963267948966, 2.0
3523, 9, 624, 240, 625, 239, -1, 1, 2.356194490192345, 1.4142135623730951
3523, 11, 515, 133, 513, 130, 2, 3, 0.982793723247329, 3.605551275463989
3523, 12, 527, 123, 525, 122, 2, 1, 0.4636476090008061, 2.23606797749979
3523, 13, 552, 304, 552, 301, 0, 3, 1.5707963267948966, 3.0
3524, 1, 555, 274, 556, 273, -1, 1, 2.356194490192345, 1.4142135623730951
3524, 10, 517, 135, 515, 133, 2, 2, 0.7853981633974483, 2.8284271247461903
3524, 11, 528, 124, 527, 123, 1, 1, 0.7853981633974483, 1.4142135623730951
3524, 12, 553, 306, 552, 304, 1, 2, 1.1071487177940904, 2.23606797749979
3524, 15, 633, 359, 632, 360, 1, -1, -0.7853981633974483, 1.4142135623730951
3525, 1, 570, 247, 569, 246, 1, 1, 0.7853981633974483, 1.4142135623730951
3525, 3, 557, 147, 556, 146, 1, 1, 0.7853981633974483, 1.4142135623730951
3525, 12, 554, 307, 553, 305, 1, 2, 1.1071487177940904, 2.23606797749979
3525, 16, 516, 134, 514, 132, 2, 2, 0.7853981633974483, 2.8284271247461903
3525, 25, 614, 353, 613, 352, 1, 1, 0.7853981633974483, 1.4142135623730951
3525, 26, 635, 361, 636, 362, -1, -1, -2.356194490192345, 1.4142135623730951
3525, 28, 396, 166, 395, 167, 1, -1, -0.7853981633974483, 1.4142135623730951
3525, 31, 530, 221, 530, 219, 0, 2, 1.5707963267948966, 2.0
3526, 0, 424, 153, 424, 155, 0, -2, -1.5707963267948966, 2.0
3526, 3, 559, 147, 557, 147, 2, 0, 0.0, 2.0
3526, 7, 545, 224, 545, 222, 0, 2, 1.5707963267948966, 2.0
3526, 11, 555, 308, 554, 307, 1, 1, 0.7853981633974483, 1.4142135623730951
3526, 15, 518, 135, 516, 134, 2, 1, 0.4636476090008061, 2.23606797749979
3526, 23, 464, 226, 464, 228, 0, -2, -1.5707963267948966, 2.0
3526, 24, 398, 165, 396, 166, 2, -1, -0.4636476090008061, 2.23606797749979
3526, 32, 538, 189, 539, 188, -1, 1, 2.356194490192345, 1.4142135623730951
3527, 3, 560, 148, 559, 147, 1, 1, 0.7853981633974483, 1.4142135623730951
3527, 7, 561, 210, 562, 209, -1, 1, 2.356194490192345, 1.4142135623730951
3527, 10, 556, 309, 555, 308, 1, 1, 0.7853981633974483, 1.4142135623730951
3527, 13, 521, 135, 518, 135, 3, 0, 0.0, 3.0
3527, 19, 616, 354, 615, 353, 1, 1, 0.7853981633974483, 1.4142135623730951
3527, 22, 398, 163, 398, 165, 0, -2, -1.5707963267948966, 2.0
3527, 24, 532, 222, 531, 221, 1, 1, 0.7853981633974483, 1.4142135623730951
3527, 25, 624, 295, 625, 294, -1, 1, 2.356194490192345, 1.4142135623730951
3527, 28, 571, 340, 572, 339, -1, 1, 2.356194490192345, 1.4142135623730951
3527, 29, 569, 301, 568, 302, 1, -1, -0.7853981633974483, 1.4142135623730951
3528, 2, 561, 149, 560, 148, 1, 1, 0.7853981633974483, 1.4142135623730951
3528, 10, 624, 242, 625, 241, -1, 1, 2.356194490192345, 1.4142135623730951
3528, 12, 522, 136, 521, 135, 1, 1, 0.7853981633974483, 1.4142135623730951
3529, 0, 425, 149, 424, 151, 1, -2, -1.1071487177940904, 2.23606797749979
3529, 1, 571, 249, 570, 248, 1, 1, 0.7853981633974483, 1.4142135623730951
3529, 2, 562, 150, 561, 149, 1, 1, 0.7853981633974483, 1.4142135623730951
3529, 5, 547, 226, 545, 226, 2, 0, 0.0, 2.0
3529, 6, 560, 212, 561, 211, -1, 1, 2.356194490192345, 1.4142135623730951
3529, 12, 524, 137, 522, 136, 2, 1, 0.4636476090008061, 2.23606797749979
3529, 14, 609, 278, 608, 277, 1, 1, 0.7853981633974483, 1.4142135623730951
3529, 15, 425, 124, 425, 126, 0, -2, -1.5707963267948966, 2.0
3529, 16, 615, 263, 616, 262, -1, 1, 2.356194490192345, 1.4142135623730951
3529, 20, 399, 159, 398, 162, 1, -3, -1.2490457723982544, 3.1622776601683795
3529, 22, 532, 224, 532, 222, 0, 2, 1.5707963267948966, 2.0
3529, 25, 574, 341, 571, 340, 3, 1, 0.3217505543966422, 3.1622776601683795
3529, 27, 539, 192, 539, 190, 0, 2, 1.5707963267948966, 2.0
3530, 0, 426, 150, 426, 152, 0, -2, -1.5707963267948966, 2.0
3530, 5, 562, 151, 560, 150, 2, 1, 0.4636476090008061, 2.23606797749979
3530, 8, 522, 130, 521, 129, 1, 1, 0.7853981633974483, 1.4142135623730951
3530, 10, 612, 235, 612, 233, 0, 2, 1.5707963267948966, 2.0
3530, 20, 532, 127, 531, 126, 1, 1, 0.7853981633974483, 1.4142135623730951
3530, 23, 369, 249, 369, 251, 0, -2, -1.5707963267948966, 2.0
3530, 24, 438, 261, 438, 264, 0, -3, -1.5707963267948966, 3.0
3531, 1, 560, 279, 559, 278, 1, 1, 0.7853981633974483, 1.4142135623730951
3531, 5, 563, 152, 562, 151, 1, 1, 0.7853981633974483, 1.4142135623730951
3531, 8, 523, 131, 522, 130, 1, 1, 0.7853981633974483, 1.4142135623730951
3531, 10, 611, 237, 612, 235, -1, 2, 2.0344439357957027, 2.23606797749979
3531, 23, 438, 258, 438, 261, 0, -3, -1.5707963267948966, 3.0
3531, 32, 607, 239, 608, 241, -1, -2, -2.0344439357957027, 2.23606797749979
3532, 4, 564, 153, 563, 152, 1, 1, 0.7853981633974483, 1.4142135623730951
3532, 7, 524, 132, 523, 131, 1, 1, 0.7853981633974483, 1.4142135623730951
3532, 9, 610, 239, 611, 237, -1, 2, 2.0344439357957027, 2.23606797749979
3532, 14, 502, 146, 503, 145, -1, 1, 2.356194490192345, 1.4142135623730951
3532, 18, 533, 129, 533, 127, 0, 2, 1.5707963267948966, 2.0
3532, 21, 369, 246, 369, 248, 0, -2, -1.5707963267948966, 2.0
3532, 22, 439, 256, 438, 258, 1, -2, -1.1071487177940904, 2.23606797749979
3532, 30, 516, 126, 515, 127, 1, -1, -0.7853981633974483, 1.4142135623730951
3533, 0, 425, 146, 426, 148, -1, -2, -2.0344439357957027, 2.23606797749979
3533, 7, 525, 133, 524, 132, 1, 1, 0.7853981633974483, 1.4142135623730951
3533, 11, 556, 299, 555, 298, 1, 1, 0.7853981633974483, 1.4142135623730951
3533, 12, 504, 146, 502, 146, 2, 0, 0.0, 2.0
3533, 21, 605, 313, 606, 312, -1, 1, 2.356194490192345, 1.4142135623730951
3533, 26, 607, 236, 607, 238, 0, -2, -1.5707963267948966, 2.0
3533, 27, 518, 125, 516, 126, 2, -1, -0.4636476090008061, 2.23606797749979
3534, 3, 565, 155, 564, 154, 1, 1, 0.7853981633974483, 1.4142135623730951
3534, 6, 526, 134, 525, 133, 1, 1, 0.7853981633974483, 1.4142135623730951
3534, 10, 558, 300, 556, 299, 2, 1, 0.4636476090008061, 2.23606797749979
3534, 15, 535, 130, 534, 129, 1, 1, 0.7853981633974483, 1.4142135623730951
3534, 25, 520, 125, 518, 125, 2, 0, 0.0, 2.0
3535, 3, 559, 281, 560, 280, -1, 1, 2.356194490192345, 1.4142135623730951
3535, 4, 566, 154, 565, 153, 1, 1, 0.7853981633974483, 1.4142135623730951
3535, 7, 548, 230, 549, 229, -1, 1, 2.356194490192345, 1.4142135623730951
3535, 16, 537, 236, 538, 235, -1, 1, 2.356194490192345, 1.4142135623730951
3535, 17, 509, 147, 507, 147, 2, 0, 0.0, 2.0
3535, 20, 535, 131, 534, 130, 1, 1, 0.7853981633974483, 1.4142135623730951
3535, 21, 369, 247, 370, 249, -1, -2, -2.0344439357957027, 2.23606797749979
3535, 27, 428, 124, 428, 126, 0, -2, -1.5707963267948966, 2.0
3535, 30, 504, 112, 503, 113, 1, -1, -0.7853981633974483, 1.4142135623730951
3535, 32, 559, 301, 558, 300, 1, 1, 0.7853981633974483, 1.4142135623730951
3535, 34, 550, 165, 548, 163, 2, 2, 0.7853981633974483, 2.8284271247461903
3535, 36, 607, 237, 608, 239, -1, -2, -2.0344439357957027, 2.23606797749979
3536, 15, 536, 132, 535, 131, 1, 1, 0.7853981633974483, 1.4142135623730951
3536, 28, 552, 168, 550, 165, 2, 3, 0.982793723247329, 3.605551275463989
3536, 29, 428, 199, 431, 200, -3, -1, -2.819842099193151, 3.1622776601683795
3537, 3, 567, 156, 566, 155, 1, 1, 0.7853981633974483, 1.4142135623730951
3537, 6, 543, 277, 545, 278, -2, -1, -2.677945044588987, 2.23606797749979
3537, 15, 537, 133, 536, 132, 1, 1, 0.7853981633974483, 1.4142135623730951
3537, 16, 368, 244, 369, 246, -1, -2, -2.0344439357957027, 2.23606797749979
3537, 26, 554, 170, 552, 168, 2, 2, 0.7853981633974483, 2.8284271247461903
3537, 29, 437, 164, 437, 166, 0, -2, -1.5707963267948966, 2.0
3538, 1, 557, 283, 558, 282, -1, 1, 2.356194490192345, 1.4142135623730951
3538, 4, 547, 233, 548, 232, -1, 1, 2.356194490192345, 1.4142135623730951
3538, 5, 541, 276, 543, 277, -2, -1, -2.677945044588987, 2.23606797749979
3538, 11, 512, 147, 510, 147, 2, 0, 0.0, 2.0
3538, 13, 538, 134, 537, 133, 1, 1, 0.7853981633974483, 1.4142135623730951
3538, 14, 368, 242, 368, 244, 0, -2, -1.5707963267948966, 2.0
3538, 15, 540, 229, 539, 228, 1, 1, 0.7853981633974483, 1.4142135623730951
3538, 16, 525, 140, 524, 141, 1, -1, -0.7853981633974483, 1.4142135623730951
3538, 17, 496, 111, 495, 112, 1, -1, -0.7853981633974483, 1.4142135623730951
3538, 21, 564, 281, 565, 280, -1, 1, 2.356194490192345, 1.4142135623730951
3538, 24, 555, 171, 554, 170, 1, 1, 0.7853981633974483, 1.4142135623730951
3539, 2, 568, 158, 567, 157, 1, 1, 0.7853981633974483, 1.4142135623730951
3539, 5, 539, 275, 541, 276, -2, -1, -2.677945044588987, 2.23606797749979
3539, 13, 539, 135, 538, 134, 1, 1, 0.7853981633974483, 1.4142135623730951
3539, 14, 369, 241, 368, 242, 1, -1, -0.7853981633974483, 1.4142135623730951
3539, 15, 541, 230, 540, 229, 1, 1, 0.7853981633974483, 1.4142135623730951
3539, 17, 497, 110, 496, 111, 1, -1, -0.7853981633974483, 1.4142135623730951
3539, 23, 571, 214, 572, 213, -1, 1, 2.356194490192345, 1.4142135623730951
3540, 2, 560, 284, 561, 283, -1, 1, 2.356194490192345, 1.4142135623730951
3540, 15, 557, 159, 556, 158, 1, 1, 0.7853981633974483, 1.4142135623730951
3540, 18, 624, 356, 623, 357, 1, -1, -0.7853981633974483, 1.4142135623730951
3540, 21, 556, 169, 555, 170, 1, -1, -0.7853981633974483, 1.4142135623730951
3540, 26, 598, 222, 597, 221, 1, 1, 0.7853981633974483, 1.4142135623730951
3540, 30, 539, 135, 538, 134, 1, 1, 0.7853981633974483, 1.4142135623730951
3540, 36, 454, 137, 453, 138, 1, -1, -0.7853981633974483, 1.4142135623730951
3541, 0, 569, 159, 568, 158, 1, 1, 0.7853981633974483, 1.4142135623730951
3541, 2, 559, 285, 560, 284, -1, 1, 2.356194490192345, 1.4142135623730951
3541, 5, 460, 152, 461, 154, -1, -2, -2.0344439357957027, 2.23606797749979
3541, 13, 558, 161, 557, 159, 1, 2, 1.1071487177940904, 2.23606797749979
3541, 14, 431, 122, 430, 123, 1, -1, -0.7853981633974483, 1.4142135623730951
3541, 16, 625, 355, 624, 356, 1, -1, -0.7853981633974483, 1.4142135623730951
3541, 24, 616, 269, 617, 268, -1, 1, 2.356194490192345, 1.4142135623730951
3541, 25, 550, 153, 548, 153, 2, 0, 0.0, 2.0
3541, 26, 540, 136, 539, 135, 1, 1, 0.7853981633974483, 1.4142135623730951
3541, 33, 608, 274, 608, 276, 0, -2, -1.5707963267948966, 2.0
3541, 36, 533, 173, 533, 171, 0, 2, 1.5707963267948966, 2.0
3542, 1, 465, 253, 467, 254, -2, -1, -2.677945044588987, 2.23606797749979
3542, 7, 611, 245, 612, 244, -1, 1, 2.356194490192345, 1.4142135623730951
3542, 21, 495, 110, 494, 111, 1, -1, -0.7853981633974483, 1.4142135623730951
3542, 25, 551, 154, 550, 153, 1, 1, 0.7853981633974483, 1.4142135623730951
3542, 26, 541, 137, 540, 136, 1, 1, 0.7853981633974483, 1.4142135623730951
3542, 30, 625, 297, 626, 299, -1, -2, -2.0344439357957027, 2.23606797749979
3542, 31, 454, 134, 454, 136, 0, -2, -1.5707963267948966, 2.0
3542, 32, 607, 272, 608, 274, -1, -2, -2.0344439357957027, 2.23606797749979
3543, 0, 570, 162, 569, 160, 1, 2, 1.1071487177940904, 2.23606797749979
3543, 2, 573, 257, 572, 255, 1, 2, 1.1071487177940904, 2.23606797749979
3543, 4, 462, 149, 460, 151, 2, -2, -0.7853981633974483, 2.8284271247461903
3543, 5, 550, 236, 549, 235, 1, 1, 0.7853981633974483, 1.4142135623730951
3543, 7, 552, 309, 554, 310, -2, -1, -2.677945044588987, 2.23606797749979
3543, 11, 442, 233, 443, 235, -1, -2, -2.0344439357957027, 2.23606797749979
3543, 12, 559, 164, 558, 162, 1, 2, 1.1071487177940904, 2.23606797749979
3543, 20, 498, 109, 495, 110, 3, -1, -0.3217505543966422, 3.1622776601683795
3543, 24, 553, 156, 551, 154, 2, 2, 0.7853981633974483, 2.8284271247461903
3543, 28, 540, 232, 541, 231, -1, 1, 2.356194490192345, 1.4142135623730951
3543, 29, 455, 133, 454, 134, 1, -1, -0.7853981633974483, 1.4142135623730951
3543, 30, 607, 269, 607, 272, 0, -3, -1.5707963267948966, 3.0
3544, 0, 571, 163, 570, 162, 1, 1, 0.7853981633974483, 1.4142135623730951
3544, 1, 558, 287, 559, 286, -1, 1, 2.356194490192345, 1.4142135623730951
3544, 10, 560, 165, 559, 164, 1, 1, 0.7853981633974483, 1.4142135623730951
3544, 17, 502, 111, 498, 109, 4, 2, 0.4636476090008061, 4.47213595499958
3544, 21, 555, 159, 553, 156, 2, 3, 0.982793723247329, 3.605551275463989
3544, 22, 542, 139, 541, 138, 1, 1, 0.7853981633974483, 1.4142135623730951
3544, 23, 559, 218, 560, 220, -1, -2, -2.0344439357957027, 2.23606797749979
3544, 26, 456, 132, 455, 133, 1, -1, -0.7853981633974483, 1.4142135623730951
3544, 27, 606, 266, 607, 269, -1, -3, -1.892546881191539, 3.1622776601683795
3544, 30, 534, 176, 533, 175, 1, 1, 0.7853981633974483, 1.4142135623730951
3545, 0, 571, 163, 570, 162, 1, 1, 0.7853981633974483, 1.4142135623730951
3545, 6, 465, 152, 464, 153, 1, -1, -0.7853981633974483, 1.4142135623730951
3545, 10, 501, 114, 499, 113, 2, 1, 0.4636476090008061, 2.23606797749979
3545, 14, 559, 164, 558, 163, 1, 1, 0.7853981633974483, 1.4142135623730951
3545, 16, 538, 236, 540, 236, -2, 0, 3.141592653589793, 2.0
3545, 19, 504, 121, 504, 123, 0, -2, -1.5707963267948966, 2.0
3545, 20, 434, 122, 433, 123, 1, -1, -0.7853981633974483, 1.4142135623730951
3545, 22, 528, 140, 527, 139, 1, 1, 0.7853981633974483, 1.4142135623730951
3545, 25, 629, 356, 628, 357, 1, -1, -0.7853981633974483, 1.4142135623730951
3545, 27, 562, 208, 561, 207, 1, 1, 0.7853981633974483, 1.4142135623730951
3546, 0, 572, 164, 571, 163, 1, 1, 0.7853981633974483, 1.4142135623730951
3546, 8, 553, 239, 552, 238, 1, 1, 0.7853981633974483, 1.4142135623730951
3546, 9, 503, 114, 501, 114, 2, 0, 0.0, 2.0
3546, 21, 529, 141, 528, 140, 1, 1, 0.7853981633974483, 1.4142135623730951
3546, 26, 563, 210, 562, 208, 1, 2, 1.1071487177940904, 2.23606797749979
3547, 1, 428, 143, 428, 145, 0, -2, -1.5707963267948966, 2.0
3547, 12, 560, 166, 559, 164, 1, 2, 1.1071487177940904, 2.23606797749979
3547, 15, 555, 313, 554, 311, 1, 2, 1.1071487177940904, 2.23606797749979
3547, 16, 515, 118, 511, 116, 4, 2, 0.4636476090008061, 4.47213595499958
3547, 17, 505, 122, 504, 121, 1, 1, 0.7853981633974483, 1.4142135623730951
3547, 18, 437, 119, 434, 121, 3, -2, -0.5880026035475675, 3.605551275463989
3547, 20, 530, 143, 529, 141, 1, 2, 1.1071487177940904, 2.23606797749979
3547, 21, 436, 268, 438, 267, -2, 1, 2.677945044588987, 2.23606797749979
3547, 25, 543, 140, 541, 138, 2, 2, 0.7853981633974483, 2.8284271247461903
3548, 0, 573, 166, 572, 165, 1, 1, 0.7853981633974483, 1.4142135623730951
3548, 8, 504, 115, 503, 114, 1, 1, 0.7853981633974483, 1.4142135623730951
3548, 15, 556, 315, 555, 313, 1, 2, 1.1071487177940904, 2.23606797749979
3548, 20, 532, 145, 530, 143, 2, 2, 0.7853981633974483, 2.8284271247461903
3548, 21, 435, 269, 436, 268, -1, 1, 2.356194490192345, 1.4142135623730951
3549, 7, 554, 241, 553, 240, 1, 1, 0.7853981633974483, 1.4142135623730951
3549, 8, 506, 117, 504, 115, 2, 2, 0.7853981633974483, 2.8284271247461903
3549, 14, 558, 317, 556, 315, 2, 2, 0.7853981633974483, 2.8284271247461903
3549, 16, 506, 121, 505, 122, 1, -1, -0.7853981633974483, 1.4142135623730951
3549, 19, 534, 148, 532, 145, 2, 3, 0.982793723247329, 3.605551275463989
3549, 22, 631, 355, 630, 356, 1, -1, -0.7853981633974483, 1.4142135623730951
3549, 24, 546, 141, 544, 140, 2, 1, 0.4636476090008061, 2.23606797749979
3550, 3, 574, 167, 573, 166, 1, 1, 0.7853981633974483, 1.4142135623730951
3550, 6, 558, 318, 557, 316, 1, 2, 1.1071487177940904, 2.23606797749979
3550, 10, 532, 147, 530, 145, 2, 2, 0.7853981633974483, 2.8284271247461903
3550, 16, 433, 292, 430, 290, 3, 2, 0.5880026035475675, 3.605551275463989
3550, 23, 426, 122, 426, 124, 0, -2, -1.5707963267948966, 2.0
3550, 24, 405, 159, 404, 160, 1, -1, -0.7853981633974483, 1.4142135623730951
3550, 26, 546, 143, 545, 141, 1, 2, 1.1071487177940904, 2.23606797749979
3551, 6, 559, 319, 558, 318, 1, 1, 0.7853981633974483, 1.4142135623730951
3551, 10, 534, 148, 532, 147, 2, 1, 0.4636476090008061, 2.23606797749979
3551, 12, 447, 137, 446, 138, 1, -1, -0.7853981633974483, 1.4142135623730951
3551, 17, 515, 156, 516, 155, -1, 1, 2.356194490192345, 1.4142135623730951
3551, 20, 426, 120, 426, 122, 0, -2, -1.5707963267948966, 2.0
3551, 23, 548, 143, 546, 143, 2, 0, 0.0, 2.0
3552, 0, 430, 142, 429, 143, 1, -1, -0.7853981633974483, 1.4142135623730951
3552, 6, 560, 320, 559, 319, 1, 1, 0.7853981633974483, 1.4142135623730951
3552, 9, 536, 150, 534, 148, 2, 2, 0.7853981633974483, 2.8284271247461903
3552, 15, 516, 157, 515, 156, 1, 1, 0.7853981633974483, 1.4142135623730951
3552, 16, 426, 118, 426, 120, 0, -2, -1.5707963267948966, 2.0
3552, 19, 550, 144, 548, 143, 2, 1, 0.4636476090008061, 2.23606797749979
3552, 20, 551, 164, 553, 165, -2, -1, -2.677945044588987, 2.23606797749979
3553, 0, 560, 293, 561, 292, -1, 1, 2.356194490192345, 1.4142135623730951
3553, 3, 467, 148, 466, 149, 1, -1, -0.7853981633974483, 1.4142135623730951
3553, 5, 561, 321, 560, 320, 1, 1, 0.7853981633974483, 1.4142135623730951
3553, 10, 447, 134, 447, 136, 0, -2, -1.5707963267948966, 2.0
3553, 18, 551, 145, 550, 144, 1, 1, 0.7853981633974483, 1.4142135623730951
3554, 2, 575, 171, 574, 170, 1, 1, 0.7853981633974483, 1.4142135623730951
3554, 4, 612, 272, 615, 274, -3, -2, -2.5535900500422257, 3.605551275463989
3554, 9, 552, 243, 553, 242, -1, 1, 2.356194490192345, 1.4142135623730951
3554, 14, 517, 159, 516, 158, 1, 1, 0.7853981633974483, 1.4142135623730951
3555, 0, 431, 143, 430, 144, 1, -1, -0.7853981633974483, 1.4142135623730951
3555, 1, 577, 171, 576, 170, 1, 1, 0.7853981633974483, 1.4142135623730951
3555, 6, 442, 119, 441, 120, 1, -1, -0.7853981633974483, 1.4142135623730951
3555, 7, 517, 127, 516, 126, 1, 1, 0.7853981633974483, 1.4142135623730951
3556, 1, 578, 173, 577, 171, 1, 2, 1.1071487177940904, 2.23606797749979
3556, 3, 466, 148, 465, 149, 1, -1, -0.7853981633974483, 1.4142135623730951
3556, 5, 574, 261, 575, 260, -1, 1, 2.356194490192345, 1.4142135623730951
3557, 0, 432, 140, 431, 142, 1, -2, -1.1071487177940904, 2.23606797749979
3557, 1, 579, 174, 578, 173, 1, 1, 0.7853981633974483, 1.4142135623730951
3557, 3, 467, 147, 466, 148, 1, -1, -0.7853981633974483, 1.4142135623730951
3557, 9, 539, 151, 538, 150, 1, 1, 0.7853981633974483, 1.4142135623730951
3557, 20, 520, 161, 519, 160, 1, 1, 0.7853981633974483, 1.4142135623730951
3558, 1, 580, 175, 579, 174, 1, 1, 0.7853981633974483, 1.4142135623730951
3558, 3, 468, 146, 467, 147, 1, -1, -0.7853981633974483, 1.4142135623730951
3558, 6, 442, 116, 442, 118, 0, -2, -1.5707963267948966, 2.0
3558, 8, 552, 246, 553, 245, -1, 1, 2.356194490192345, 1.4142135623730951
3559, 0, 433, 137, 432, 139, 1, -2, -1.1071487177940904, 2.23606797749979
3559, 1, 581, 176, 580, 175, 1, 1, 0.7853981633974483, 1.4142135623730951
3559, 3, 469, 145, 468, 146, 1, -1, -0.7853981633974483, 1.4142135623730951
3559, 6, 443, 115, 442, 116, 1, -1, -0.7853981633974483, 1.4142135623730951
3560, 2, 580, 176, 579, 175, 1, 1, 0.7853981633974483, 1.4142135623730951
3560, 3, 563, 297, 564, 296, -1, 1, 2.356194490192345, 1.4142135623730951
3560, 4, 470, 148, 469, 149, 1, -1, -0.7853981633974483, 1.4142135623730951
3560, 6, 542, 150, 541, 149, 1, 1, 0.7853981633974483, 1.4142135623730951
3560, 8, 553, 247, 554, 246, -1, 1, 2.356194490192345, 1.4142135623730951
3560, 12, 559, 177, 558, 174, 1, 3, 1.2490457723982544, 3.1622776601683795
3560, 13, 618, 319, 617, 320, 1, -1, -0.7853981633974483, 1.4142135623730951
3560, 21, 613, 242, 612, 240, 1, 2, 1.1071487177940904, 2.23606797749979
3560, 34, 412, 133, 412, 135, 0, -2, -1.5707963267948966, 2.0
3560, 40, 428, 145, 427, 146, 1, -1, -0.7853981633974483, 1.4142135623730951
3561, 0, 434, 139, 434, 141, 0, -2, -1.5707963267948966, 2.0
3561, 2, 581, 177, 580, 176, 1, 1, 0.7853981633974483, 1.4142135623730951
3561, 4, 471, 147, 470, 148, 1, -1, -0.7853981633974483, 1.4142135623730951
3561, 6, 543, 151, 542, 150, 1, 1, 0.7853981633974483, 1.4142135623730951
3561, 12, 561, 180, 559, 177, 2, 3, 0.982793723247329, 3.605551275463989
3561, 25, 442, 263, 441, 264, 1, -1, -0.7853981633974483, 1.4142135623730951
3561, 26, 442, 116, 441, 117, 1, -1, -0.7853981633974483, 1.4142135623730951
3561, 32, 413, 132, 412, 133, 1, -1, -0.7853981633974483, 1.4142135623730951
3562, 0, 435, 138, 434, 139, 1, -1, -0.7853981633974483, 1.4142135623730951
3562, 1, 466, 250, 466, 252, 0, -2, -1.5707963267948966, 2.0
3562, 4, 472, 146, 471, 147, 1, -1, -0.7853981633974483, 1.4142135623730951
3562, 5, 544, 152, 543, 151, 1, 1, 0.7853981633974483, 1.4142135623730951
3562, 8, 611, 248, 612, 247, -1, 1, 2.356194490192345, 1.4142135623730951
3562, 9, 442, 233, 444, 234, -2, -1, -2.677945044588987, 2.23606797749979
3562, 10, 562, 314, 561, 313, 1, 1, 0.7853981633974483, 1.4142135623730951
3562, 11, 562, 182, 561, 180, 1, 2, 1.1071487177940904, 2.23606797749979
3562, 18, 612, 245, 613, 243, -1, 2, 2.0344439357957027, 2.23606797749979
3562, 21, 521, 168, 520, 167, 1, 1, 0.7853981633974483, 1.4142135623730951
3562, 23, 443, 114, 442, 116, 1, -2, -1.1071487177940904, 2.23606797749979
3562, 25, 577, 322, 577, 320, 0, 2, 1.5707963267948966, 2.0
3562, 30, 555, 150, 554, 148, 1, 2, 1.1071487177940904, 2.23606797749979
3563, 1, 582, 179, 581, 178, 1, 1, 0.7853981633974483, 1.4142135623730951
3563, 2, 563, 299, 564, 298, -1, 1, 2.356194490192345, 1.4142135623730951
3563, 4, 545, 153, 544, 152, 1, 1, 0.7853981633974483, 1.4142135623730951
3563, 5, 625, 250, 627, 251, -2, -1, -2.677945044588987, 2.23606797749979
3563, 7, 612, 244, 611, 248, 1, -4, -1.3258176636680326, 4.123105625617661
3563, 9, 564, 314, 562, 314, 2, 0, 0.0, 2.0
3563, 10, 564, 183, 562, 182, 2, 1, 0.4636476090008061, 2.23606797749979
3563, 12, 430, 293, 431, 292, -1, 1, 2.356194490192345, 1.4142135623730951
3563, 17, 613, 243, 612, 245, 1, -2, -1.1071487177940904, 2.23606797749979
3563, 23, 441, 156, 440, 157, 1, -1, -0.7853981633974483, 1.4142135623730951
3564, 0, 436, 136, 435, 137, 1, -1, -0.7853981633974483, 1.4142135623730951
3564, 3, 474, 145, 473, 146, 1, -1, -0.7853981633974483, 1.4142135623730951
3564, 4, 546, 155, 545, 153, 1, 2, 1.1071487177940904, 2.23606797749979
3564, 6, 551, 250, 552, 249, -1, 1, 2.356194490192345, 1.4142135623730951
3564, 8, 566, 314, 564, 314, 2, 0, 0.0, 2.0
3564, 9, 565, 185, 564, 183, 1, 2, 1.1071487177940904, 2.23606797749979
3564, 19, 522, 170, 521, 169, 1, 1, 0.7853981633974483, 1.4142135623730951
3564, 28, 556, 152, 555, 151, 1, 1, 0.7853981633974483, 1.4142135623730951
3564, 30, 435, 118, 435, 120, 0, -2, -1.5707963267948966, 2.0
3565, 2, 476, 147, 475, 148, 1, -1, -0.7853981633974483, 1.4142135623730951
3565, 12, 567, 315, 565, 315, 2, 0, 0.0, 2.0
3565, 14, 435, 121, 434, 122, 1, -1, -0.7853981633974483, 1.4142135623730951
3565, 19, 568, 190, 567, 187, 1, 3, 1.2490457723982544, 3.1622776601683795
3565, 22, 455, 133, 453, 133, 2, 0, 0.0, 2.0
3566, 2, 477, 146, 476, 147, 1, -1, -0.7853981633974483, 1.4142135623730951
3566, 8, 553, 251, 554, 250, -1, 1, 2.356194490192345, 1.4142135623730951
3566, 15, 541, 252, 540, 251, 1, 1, 0.7853981633974483, 1.4142135623730951
3566, 19, 569, 193, 568, 190, 1, 3, 1.2490457723982544, 3.1622776601683795
3566, 20, 562, 220, 561, 221, 1, -1, -0.7853981633974483, 1.4142135623730951
3566, 28, 444, 114, 443, 116, 1, -2, -1.1071487177940904, 2.23606797749979
3567, 2, 478, 145, 477, 146, 1, -1, -0.7853981633974483, 1.4142135623730951
3567, 16, 627, 339, 626, 340, 1, -1, -0.7853981633974483, 1.4142135623730951
3567, 18, 570, 192, 569, 193, 1, -1, -0.7853981633974483, 1.4142135623730951
3567, 21, 455, 132, 454, 133, 1, -1, -0.7853981633974483, 1.4142135623730951
3567, 25, 530, 124, 529, 123, 1, 1, 0.7853981633974483, 1.4142135623730951
3568, 1, 563, 300, 564, 299, -1, 1, 2.356194490192345, 1.4142135623730951
3568, 8, 551, 252, 552, 251, -1, 1, 2.356194490192345, 1.4142135623730951
3568, 17, 571, 193, 570, 192, 1, 1, 0.7853981633974483, 1.4142135623730951
3568, 18, 560, 218, 562, 219, -2, -1, -2.677945044588987, 2.23606797749979
3568, 19, 549, 155, 548, 153, 1, 2, 1.1071487177940904, 2.23606797749979
3568, 23, 531, 125, 530, 124, 1, 1, 0.7853981633974483, 1.4142135623730951
3569, 9, 572, 180, 571, 179, 1, 1, 0.7853981633974483, 1.4142135623730951
3569, 12, 540, 254, 541, 253, -1, 1, 2.356194490192345, 1.4142135623730951
3569, 17, 550, 156, 549, 155, 1, 1, 0.7853981633974483, 1.4142135623730951
3569, 18, 456, 130, 455, 131, 1, -1, -0.7853981633974483, 1.4142135623730951
3569, 21, 532, 126, 531, 125, 1, 1, 0.7853981633974483, 1.4142135623730951
3570, 1, 437, 136, 436, 137, 1, -1, -0.7853981633974483, 1.4142135623730951
3570, 4, 480, 147, 479, 148, 1, -1, -0.7853981633974483, 1.4142135623730951
3570, 6, 620, 231, 619, 229, 1, 2, 1.1071487177940904, 2.23606797749979
3570, 18, 573, 183, 572, 182, 1, 1, 0.7853981633974483, 1.4142135623730951
3570, 19, 524, 137, 522, 137, 2, 0, 0.0, 2.0
3570, 23, 561, 157, 560, 156, 1, 1, 0.7853981633974483, 1.4142135623730951
3570, 27, 566, 176, 564, 176, 2, 0, 0.0, 2.0
3570, 34, 437, 292, 437, 295, 0, -3, -1.5707963267948966, 3.0
3570, 38, 368, 228, 368, 230, 0, -2, -1.5707963267948966, 2.0
3571, 9, 517, 122, 516, 123, 1, -1, -0.7853981633974483, 1.4142135623730951
3571, 15, 435, 113, 436, 115, -1, -2, -2.0344439357957027, 2.23606797749979
3571, 16, 625, 320, 624, 321, 1, -1, -0.7853981633974483, 1.4142135623730951
3571, 21, 562, 158, 561, 157, 1, 1, 0.7853981633974483, 1.4142135623730951
3571, 24, 568, 177, 566, 176, 2, 1, 0.4636476090008061, 2.23606797749979
3571, 29, 548, 221, 549, 220, -1, 1, 2.356194490192345, 1.4142135623730951
3571, 30, 437, 290, 437, 292, 0, -2, -1.5707963267948966, 2.0
3571, 31, 546, 289, 544, 289, 2, 0, 0.0, 2.0
3571, 34, 368, 226, 368, 228, 0, -2, -1.5707963267948966, 2.0
3572, 1, 438, 134, 437, 135, 1, -1, -0.7853981633974483, 1.4142135623730951
3572, 2, 565, 303, 564, 302, 1, 1, 0.7853981633974483, 1.4142135623730951
3572, 4, 482, 146, 481, 147, 1, -1, -0.7853981633974483, 1.4142135623730951
3572, 8, 628, 339, 627, 340, 1, -1, -0.7853981633974483, 1.4142135623730951
3572, 17, 574, 185, 573, 184, 1, 1, 0.7853981633974483, 1.4142135623730951
3572, 18, 526, 138, 525, 137, 1, 1, 0.7853981633974483, 1.4142135623730951
3572, 24, 570, 179, 568, 177, 2, 2, 0.7853981633974483, 2.8284271247461903
3572, 30, 548, 290, 546, 289, 2, 1, 0.4636476090008061, 2.23606797749979
3572, 33, 367, 224, 368, 226, -1, -2, -2.0344439357957027, 2.23606797749979
3573, 7, 629, 338, 628, 339, 1, -1, -0.7853981633974483, 1.4142135623730951
3573, 8, 519, 121, 517, 121, 2, 0, 0.0, 2.0
3573, 14, 433, 111, 435, 112, -2, -1, -2.677945044588987, 2.23606797749979
3573, 15, 627, 320, 625, 320, 2, 0, 0.0, 2.0
3573, 17, 527, 137, 526, 138, 1, -1, -0.7853981633974483, 1.4142135623730951
3573, 23, 570, 181, 570, 179, 0, 2, 1.5707963267948966, 2.0
3573, 29, 551, 292, 548, 290, 3, 2, 0.5880026035475675, 3.605551275463989
3574, 3, 483, 145, 482, 146, 1, -1, -0.7853981633974483, 1.4142135623730951
3574, 8, 522, 121, 519, 121, 3, 0, 0.0, 3.0
3574, 11, 448, 112, 447, 113, 1, -1, -0.7853981633974483, 1.4142135623730951
3574, 14, 435, 110, 433, 111, 2, -1, -0.4636476090008061, 2.23606797749979
3574, 15, 628, 319, 627, 320, 1, -1, -0.7853981633974483, 1.4142135623730951
3574, 16, 575, 186, 574, 185, 1, 1, 0.7853981633974483, 1.4142135623730951
3574, 20, 563, 161, 562, 160, 1, 1, 0.7853981633974483, 1.4142135623730951
3574, 21, 469, 126, 468, 127, 1, -1, -0.7853981633974483, 1.4142135623730951
3574, 23, 572, 184, 570, 181, 2, 3, 0.982793723247329, 3.605551275463989
3574, 29, 552, 294, 551, 292, 1, 2, 1.1071487177940904, 2.23606797749979
3574, 31, 368, 222, 367, 223, 1, -1, -0.7853981633974483, 1.4142135623730951
3575, 1, 587, 187, 586, 186, 1, 1, 0.7853981633974483, 1.4142135623730951
3575, 3, 481, 147, 480, 148, 1, -1, -0.7853981633974483, 1.4142135623730951
3575, 4, 565, 306, 566, 305, -1, 1, 2.356194490192345, 1.4142135623730951
3575, 8, 618, 228, 620, 231, -2, -3, -2.158798930342464, 3.605551275463989
3575, 9, 429, 139, 428, 140, 1, -1, -0.7853981633974483, 1.4142135623730951
3575, 14, 526, 135, 526, 137, 0, -2, -1.5707963267948966, 2.0
3575, 15, 434, 291, 435, 289, -1, 2, 2.0344439357957027, 2.23606797749979
3575, 17, 522, 125, 519, 124, 3, 1, 0.3217505543966422, 3.1622776601683795
3575, 20, 628, 319, 627, 320, 1, -1, -0.7853981633974483, 1.4142135623730951
3575, 22, 565, 217, 563, 215, 2, 2, 0.7853981633974483, 2.8284271247461903
3575, 26, 437, 112, 434, 114, 3, -2, -0.5880026035475675, 3.605551275463989
3575, 27, 563, 161, 562, 160, 1, 1, 0.7853981633974483, 1.4142135623730951
3575, 33, 566, 228, 567, 230, -1, -2, -2.0344439357957027, 2.23606797749979
3575, 36, 527, 173, 526, 172, 1, 1, 0.7853981633974483, 1.4142135623730951
3575, 37, 603, 227, 604, 229, -1, -2, -2.0344439357957027, 2.23606797749979
3576, 0, 441, 135, 440, 136, 1, -1, -0.7853981633974483, 1.4142135623730951
3576, 3, 482, 146, 481, 147, 1, -1, -0.7853981633974483, 1.4142135623730951
3576, 5, 551, 255, 552, 254, -1, 1, 2.356194490192345, 1.4142135623730951
3576, 15, 562, 327, 561, 326, 1, 1, 0.7853981633974483, 1.4142135623730951
3576, 16, 525, 126, 522, 125, 3, 1, 0.3217505543966422, 3.1622776601683795
3576, 19, 544, 250, 545, 249, -1, 1, 2.356194490192345, 1.4142135623730951
3576, 20, 567, 219, 565, 217, 2, 2, 0.7853981633974483, 2.8284271247461903
3576, 21, 550, 164, 549, 162, 1, 2, 1.1071487177940904, 2.23606797749979
3576, 23, 440, 111, 437, 112, 3, -1, -0.3217505543966422, 3.1622776601683795
3576, 25, 450, 135, 448, 135, 2, 0, 0.0, 2.0
3576, 38, 442, 283, 442, 285, 0, -2, -1.5707963267948966, 2.0
3577, 3, 484, 146, 482, 146, 2, 0, 0.0, 2.0
3577, 14, 433, 293, 434, 292, -1, 1, 2.356194490192345, 1.4142135623730951
3577, 15, 564, 329, 562, 327, 2, 2, 0.7853981633974483, 2.8284271247461903
3577, 16, 526, 127, 525, 126, 1, 1, 0.7853981633974483, 1.4142135623730951
3577, 17, 633, 342, 632, 341, 1, 1, 0.7853981633974483, 1.4142135623730951
3577, 21, 551, 167, 550, 164, 1, 3, 1.2490457723982544, 3.1622776601683795
3577, 23, 442, 111, 440, 111, 2, 0, 0.0, 2.0
3577, 25, 451, 134, 450, 135, 1, -1, -0.7853981633974483, 1.4142135623730951
3577, 28, 449, 117, 448, 118, 1, -1, -0.7853981633974483, 1.4142135623730951
3577, 31, 536, 130, 535, 129, 1, 1, 0.7853981633974483, 1.4142135623730951
3577, 36, 419, 131, 418, 132, 1, -1, -0.7853981633974483, 1.4142135623730951
3578, 0, 442, 133, 441, 134, 1, -1, -0.7853981633974483, 1.4142135623730951
3578, 12, 432, 294, 433, 293, -1, 1, 2.356194490192345, 1.4142135623730951
3578, 13, 567, 331, 564, 329, 3, 2, 0.5880026035475675, 3.605551275463989
3578, 14, 528, 128, 526, 127, 2, 1, 0.4636476090008061, 2.23606797749979
3578, 17, 541, 250, 543, 250, -2, 0, 3.141592653589793, 2.0
3578, 18, 567, 222, 567, 220, 0, 2, 1.5707963267948966, 2.0
3578, 19, 552, 169, 551, 167, 1, 2, 1.1071487177940904, 2.23606797749979
3578, 21, 444, 111, 442, 111, 2, 0, 0.0, 2.0
3578, 22, 565, 164, 563, 163, 2, 1, 0.4636476090008061, 2.23606797749979
3578, 23, 455, 133, 451, 134, 4, -1, -0.24497866312686414, 4.123105625617661
3578, 24, 581, 332, 580, 331, 1, 1, 0.7853981633974483, 1.4142135623730951
3578, 27, 552, 303, 553, 302, -1, 1, 2.356194490192345, 1.4142135623730951
3578, 32, 420, 130, 419, 131, 1, -1, -0.7853981633974483, 1.4142135623730951
3579, 3, 485, 145, 484, 146, 1, -1, -0.7853981633974483, 1.4142135623730951
3579, 11, 526, 135, 525, 136, 1, -1, -0.7853981633974483, 1.4142135623730951
3579, 12, 430, 295, 432, 294, -2, 1, 2.677945044588987, 2.23606797749979
3579, 13, 569, 333, 567, 331, 2, 2, 0.7853981633974483, 2.8284271247461903
3579, 14, 529, 130, 528, 128, 1, 2, 1.1071487177940904, 2.23606797749979
3579, 18, 567, 224, 567, 222, 0, 2, 1.5707963267948966, 2.0
3579, 19, 553, 172, 552, 169, 1, 3, 1.2490457723982544, 3.1622776601683795
3579, 21, 446, 112, 444, 111, 2, 1, 0.4636476090008061, 2.23606797749979
3579, 22, 566, 165, 565, 164, 1, 1, 0.7853981633974483, 1.4142135623730951
3579, 23, 457, 133, 455, 133, 2, 0, 0.0, 2.0
3579, 32, 420, 128, 420, 130, 0, -2, -1.5707963267948966, 2.0
3580, 10, 552, 257, 553, 256, -1, 1, 2.356194490192345, 1.4142135623730951
3580, 11, 568, 332, 567, 331, 1, 1, 0.7853981633974483, 1.4142135623730951
3580, 13, 553, 171, 551, 168, 2, 3, 0.982793723247329, 3.605551275463989
3580, 15, 538, 134, 537, 133, 1, 1, 0.7853981633974483, 1.4142135623730951
3581, 1, 443, 133, 442, 134, 1, -1, -0.7853981633974483, 1.4142135623730951
3581, 5, 486, 147, 485, 148, 1, -1, -0.7853981633974483, 1.4142135623730951
3581, 11, 569, 333, 568, 332, 1, 1, 0.7853981633974483, 1.4142135623730951
3581, 12, 554, 173, 553, 171, 1, 2, 1.1071487177940904, 2.23606797749979
3581, 13, 539, 135, 538, 134, 1, 1, 0.7853981633974483, 1.4142135623730951
3582, 4, 573, 268, 574, 267, -1, 1, 2.356194490192345, 1.4142135623730951
3582, 5, 487, 146, 486, 147, 1, -1, -0.7853981633974483, 1.4142135623730951
3582, 6, 466, 133, 465, 134, 1, -1, -0.7853981633974483, 1.4142135623730951
3582, 12, 555, 175, 554, 173, 1, 2, 1.1071487177940904, 2.23606797749979
3582, 13, 540, 136, 539, 135, 1, 1, 0.7853981633974483, 1.4142135623730951
3582, 18, 536, 250, 538, 251, -2, -1, -2.677945044588987, 2.23606797749979
3583, 5, 488, 145, 487, 146, 1, -1, -0.7853981633974483, 1.4142135623730951
3583, 11, 557, 177, 555, 175, 2, 2, 0.7853981633974483, 2.8284271247461903
3584, 2, 565, 310, 566, 309, -1, 1, 2.356194490192345, 1.4142135623730951
3584, 5, 489, 144, 488, 145, 1, -1, -0.7853981633974483, 1.4142135623730951
3584, 10, 558, 179, 557, 177, 1, 2, 1.1071487177940904, 2.23606797749979
3584, 11, 542, 137, 540, 136, 2, 1, 0.4636476090008061, 2.23606797749979
3585, 4, 491, 146, 490, 147, 1, -1, -0.7853981633974483, 1.4142135623730951
3585, 21, 462, 220, 463, 222, -1, -2, -2.0344439357957027, 2.23606797749979
3585, 26, 424, 144, 423, 145, 1, -1, -0.7853981633974483, 1.4142135623730951
3585, 35, 470, 135, 469, 136, 1, -1, -0.7853981633974483, 1.4142135623730951
3586, 2, 590, 194, 589, 193, 1, 1, 0.7853981633974483, 1.4142135623730951
3586, 3, 493, 145, 491, 146, 2, -1, -0.4636476090008061, 2.23606797749979
3586, 4, 552, 260, 553, 259, -1, 1, 2.356194490192345, 1.4142135623730951
3586, 7, 558, 170, 557, 169, 1, 1, 0.7853981633974483, 1.4142135623730951
3586, 8, 458, 113, 457, 114, 1, -1, -0.7853981633974483, 1.4142135623730951
3586, 14, 530, 181, 531, 180, -1, 1, 2.356194490192345, 1.4142135623730951
3586, 18, 621, 299, 623, 300, -2, -1, -2.677945044588987, 2.23606797749979
3586, 23, 426, 143, 424, 144, 2, -1, -0.4636476090008061, 2.23606797749979
3586, 28, 569, 169, 570, 168, -1, 1, 2.356194490192345, 1.4142135623730951
3586, 32, 471, 134, 470, 135, 1, -1, -0.7853981633974483, 1.4142135623730951
3586, 34, 610, 296, 610, 298, 0, -2, -1.5707963267948966, 2.0
3587, 0, 445, 131, 444, 132, 1, -1, -0.7853981633974483, 1.4142135623730951
3587, 3, 494, 144, 493, 145, 1, -1, -0.7853981633974483, 1.4142135623730951
3587, 7, 559, 171, 558, 170, 1, 1, 0.7853981633974483, 1.4142135623730951
3587, 8, 459, 112, 458, 113, 1, -1, -0.7853981633974483, 1.4142135623730951
3587, 18, 605, 322, 604, 321, 1, 1, 0.7853981633974483, 1.4142135623730951
3587, 21, 429, 143, 426, 143, 3, 0, 0.0, 3.0
3587, 26, 570, 170, 569, 169, 1, 1, 0.7853981633974483, 1.4142135623730951
3587, 29, 568, 230, 569, 229, -1, 1, 2.356194490192345, 1.4142135623730951
3588, 19, 432, 141, 429, 143, 3, -2, -0.5880026035475675, 3.605551275463989
3588, 24, 571, 171, 570, 170, 1, 1, 0.7853981633974483, 1.4142135623730951
3589, 0, 446, 129, 445, 130, 1, -1, -0.7853981633974483, 1.4142135623730951
3589, 1, 566, 312, 567, 311, -1, 1, 2.356194490192345, 1.4142135623730951
3589, 3, 496, 143, 495, 144, 1, -1, -0.7853981633974483, 1.4142135623730951
3589, 9, 571, 324, 568, 324, 3, 0, 0.0, 3.0
3589, 11, 577, 201, 578, 200, -1, 1, 2.356194490192345, 1.4142135623730951
3589, 18, 433, 140, 432, 141, 1, -1, -0.7853981633974483, 1.4142135623730951
3589, 26, 567, 232, 568, 231, -1, 1, 2.356194490192345, 1.4142135623730951
3590, 0, 447, 130, 447, 132, 0, -2, -1.5707963267948966, 2.0
3590, 2, 495, 145, 494, 146, 1, -1, -0.7853981633974483, 1.4142135623730951
3590, 7, 573, 324, 571, 325, 2, -1, -0.4636476090008061, 2.23606797749979
3590, 10, 436, 140, 435, 141, 1, -1, -0.7853981633974483, 1.4142135623730951
3590, 11, 635, 324, 637, 324, -2, 0, 3.141592653589793, 2.0
3590, 18, 570, 199, 569, 195, 1, 4, 1.3258176636680326, 4.123105625617661
3590, 23, 550, 309, 549, 308, 1, 1, 0.7853981633974483, 1.4142135623730951
3590, 30, 466, 158, 465, 159, 1, -1, -0.7853981633974483, 1.4142135623730951
3590, 31, 511, 168, 512, 167, -1, 1, 2.356194490192345, 1.4142135623730951
3590, 34, 461, 111, 459, 112, 2, -1, -0.4636476090008061, 2.23606797749979
3590, 40, 411, 125, 413, 126, -2, -1, -2.677945044588987, 2.23606797749979
3591, 2, 496, 144, 495, 145, 1, -1, -0.7853981633974483, 1.4142135623730951
3591, 6, 550, 262, 551, 261, -1, 1, 2.356194490192345, 1.4142135623730951
3591, 7, 576, 324, 573, 324, 3, 0, 0.0, 3.0
3591, 9, 561, 174, 560, 173, 1, 1, 0.7853981633974483, 1.4142135623730951
3591, 10, 436, 138, 436, 140, 0, -2, -1.5707963267948966, 2.0
3591, 17, 571, 201, 570, 199, 1, 2, 1.1071487177940904, 2.23606797749979
3591, 18, 549, 139, 547, 138, 2, 1, 0.4636476090008061, 2.23606797749979
3591, 22, 551, 308, 550, 309, 1, -1, -0.7853981633974483, 1.4142135623730951
3591, 34, 424, 125, 423, 126, 1, -1, -0.7853981633974483, 1.4142135623730951
3591, 36, 409, 123, 411, 125, -2, -2, -2.356194490192345, 2.8284271247461903
3591, 37, 604, 295, 606, 295, -2, 0, 3.141592653589793, 2.0
3592, 0, 447, 127, 447, 129, 0, -2, -1.5707963267948966, 2.0
3592, 6, 579, 324, 576, 324, 3, 0, 0.0, 3.0
3592, 9, 436, 136, 436, 138, 0, -2, -1.5707963267948966, 2.0
3592, 14, 573, 174, 572, 173, 1, 1, 0.7853981633974483, 1.4142135623730951
3592, 15, 573, 203, 571, 201, 2, 2, 0.7853981633974483, 2.8284271247461903
3592, 18, 531, 186, 532, 185, -1, 1, 2.356194490192345, 1.4142135623730951
3592, 23, 625, 303, 624, 301, 1, 2, 1.1071487177940904, 2.23606797749979
3592, 30, 407, 122, 409, 123, -2, -1, -2.677945044588987, 2.23606797749979
3593, 1, 568, 314, 569, 313, -1, 1, 2.356194490192345, 1.4142135623730951
3593, 5, 548, 263, 549, 262, -1, 1, 2.356194490192345, 1.4142135623730951
3593, 6, 581, 324, 579, 324, 2, 0, 0.0, 2.0
3593, 10, 540, 140, 539, 141, 1, -1, -0.7853981633974483, 1.4142135623730951
3593, 13, 574, 204, 573, 203, 1, 1, 0.7853981633974483, 1.4142135623730951
3593, 17, 549, 308, 551, 308, -2, 0, 3.141592653589793, 2.0
3593, 23, 463, 109, 462, 110, 1, -1, -0.7853981633974483, 1.4142135623730951
3594, 2, 499, 143, 498, 144, 1, -1, -0.7853981633974483, 1.4142135623730951
3594, 6, 583, 324, 581, 324, 2, 0, 0.0, 2.0
3594, 12, 575, 206, 574, 204, 1, 2, 1.1071487177940904, 2.23606797749979
3594, 13, 552, 140, 551, 139, 1, 1, 0.7853981633974483, 1.4142135623730951
3594, 21, 475, 134, 473, 134, 2, 0, 0.0, 2.0
3594, 22, 464, 107, 463, 109, 1, -2, -1.1071487177940904, 2.23606797749979
3594, 27, 602, 295, 604, 295, -2, 0, 3.141592653589793, 2.0
3595, 0, 449, 128, 448, 130, 1, -2, -1.1071487177940904, 2.23606797749979
3595, 1, 569, 316, 570, 315, -1, 1, 2.356194490192345, 1.4142135623730951
3595, 6, 468, 130, 467, 129, 1, 1, 0.7853981633974483, 1.4142135623730951
3595, 12, 454, 114, 453, 116, 1, -2, -1.1071487177940904, 2.23606797749979
3595, 22, 635, 323, 637, 323, -2, 0, 3.141592653589793, 2.0
3595, 30, 575, 176, 574, 175, 1, 1, 0.7853981633974483, 1.4142135623730951
3595, 33, 613, 303, 614, 302, -1, 1, 2.356194490192345, 1.4142135623730951
3596, 5, 469, 129, 468, 130, 1, -1, -0.7853981633974483, 1.4142135623730951
3596, 8, 549, 265, 550, 264, -1, 1, 2.356194490192345, 1.4142135623730951
3596, 13, 462, 108, 461, 110, 1, -2, -1.1071487177940904, 2.23606797749979
3596, 24, 551, 141, 550, 140, 1, 1, 0.7853981633974483, 1.4142135623730951
3597, 1, 570, 317, 569, 316, 1, 1, 0.7853981633974483, 1.4142135623730951
3597, 8, 548, 266, 549, 265, -1, 1, 2.356194490192345, 1.4142135623730951
3597, 20, 424, 212, 426, 215, -2, -3, -2.158798930342464, 3.605551275463989
3597, 22, 576, 178, 575, 177, 1, 1, 0.7853981633974483, 1.4142135623730951
3597, 23, 552, 142, 551, 141, 1, 1, 0.7853981633974483, 1.4142135623730951
3598, 0, 450, 125, 449, 126, 1, -1, -0.7853981633974483, 1.4142135623730951
3598, 4, 626, 274, 625, 275, 1, -1, -0.7853981633974483, 1.4142135623730951
3598, 8, 547, 267, 548, 266, -1, 1, 2.356194490192345, 1.4142135623730951
3598, 10, 455, 111, 454, 112, 1, -1, -0.7853981633974483, 1.4142135623730951
3598, 12, 463, 107, 462, 108, 1, -1, -0.7853981633974483, 1.4142135623730951
3598, 21, 575, 179, 576, 178, -1, 1, 2.356194490192345, 1.4142135623730951
3599, 6, 443, 130, 443, 132, 0, -2, -1.5707963267948966, 2.0
3599, 13, 612, 325, 610, 325, 2, 0, 0.0, 2.0
3600, 1, 569, 319, 570, 318, -1, 1, 2.356194490192345, 1.4142135623730951
3600, 7, 550, 268, 551, 267, -1, 1, 2.356194490192345, 1.4142135623730951
3600, 10, 554, 145, 553, 144, 1, 1, 0.7853981633974483, 1.4142135623730951
3600, 20, 445, 133, 444, 135, 1, -2, -1.1071487177940904, 2.23606797749979
3600, 22, 573, 194, 572, 193, 1, 1, 0.7853981633974483, 1.4142135623730951
3601, 0, 450, 126, 449, 127, 1, -1, -0.7853981633974483, 1.4142135623730951
3601, 6, 549, 269, 550, 268, -1, 1, 2.356194490192345, 1.4142135623730951
3601, 7, 540, 139, 539, 140, 1, -1, -0.7853981633974483, 1.4142135623730951
3601, 17, 575, 196, 573, 194, 2, 2, 0.7853981633974483, 2.8284271247461903
3601, 18, 464, 113, 463, 114, 1, -1, -0.7853981633974483, 1.4142135623730951
3602, 6, 548, 270, 549, 269, -1, 1, 2.356194490192345, 1.4142135623730951
3602, 9, 556, 146, 555, 145, 1, 1, 0.7853981633974483, 1.4142135623730951
3602, 12, 574, 339, 573, 338, 1, 1, 0.7853981633974483, 1.4142135623730951
3602, 16, 445, 130, 445, 132, 0, -2, -1.5707963267948966, 2.0
3602, 17, 577, 198, 575, 196, 2, 2, 0.7853981633974483, 2.8284271247461903
3603, 1, 570, 322, 570, 320, 0, 2, 1.5707963267948966, 2.0
3603, 3, 576, 276, 574, 274, 2, 2, 0.7853981633974483, 2.8284271247461903
3603, 5, 508, 147, 504, 147, 4, 0, 0.0, 4.0
3603, 7, 543, 138, 540, 138, 3, 0, 0.0, 3.0
3603, 15, 562, 182, 562, 180, 0, 2, 1.5707963267948966, 2.0
3603, 17, 577, 200, 577, 198, 0, 2, 1.5707963267948966, 2.0
3603, 20, 614, 276, 615, 275, -1, 1, 2.356194490192345, 1.4142135623730951
3604, 2, 625, 279, 626, 278, -1, 1, 2.356194490192345, 1.4142135623730951
3604, 5, 509, 148, 508, 147, 1, 1, 0.7853981633974483, 1.4142135623730951
3604, 7, 546, 140, 543, 138, 3, 2, 0.5880026035475675, 3.605551275463989
3604, 9, 557, 148, 556, 147, 1, 1, 0.7853981633974483, 1.4142135623730951
3604, 11, 577, 340, 575, 339, 2, 1, 0.4636476090008061, 2.23606797749979
3604, 14, 562, 184, 562, 182, 0, 2, 1.5707963267948966, 2.0
3604, 15, 446, 127, 445, 129, 1, -2, -1.1071487177940904, 2.23606797749979
3604, 16, 577, 202, 577, 200, 0, 2, 1.5707963267948966, 2.0
3604, 19, 613, 277, 614, 276, -1, 1, 2.356194490192345, 1.4142135623730951
3605, 10, 549, 270, 551, 270, -2, 0, 3.141592653589793, 2.0
3605, 14, 578, 340, 577, 339, 1, 1, 0.7853981633974483, 1.4142135623730951
3605, 15, 563, 184, 563, 182, 0, 2, 1.5707963267948966, 2.0
3605, 17, 429, 126, 427, 127, 2, -1, -0.4636476090008061, 2.23606797749979
3605, 21, 547, 144, 544, 142, 3, 2, 0.5880026035475675, 3.605551275463989
3605, 23, 569, 224, 567, 223, 2, 1, 0.4636476090008061, 2.23606797749979
3605, 30, 557, 149, 556, 148, 1, 1, 0.7853981633974483, 1.4142135623730951
3605, 31, 417, 120, 419, 121, -2, -1, -2.677945044588987, 2.23606797749979
3605, 33, 457, 107, 454, 108, 3, -1, -0.3217505543966422, 3.1622776601683795
3605, 34, 367, 215, 368, 217, -1, -2, -2.0344439357957027, 2.23606797749979
3605, 42, 459, 144, 459, 146, 0, -2, -1.5707963267948966, 2.0
3605, 44, 615, 369, 614, 370, 1, -1, -0.7853981633974483, 1.4142135623730951
3606, 0, 509, 148, 507, 148, 2, 0, 0.0, 2.0
3606, 1, 453, 125, 452, 126, 1, -1, -0.7853981633974483, 1.4142135623730951
3606, 2, 573, 323, 572, 322, 1, 1, 0.7853981633974483, 1.4142135623730951
3606, 3, 468, 246, 468, 248, 0, -2, -1.5707963267948966, 2.0
3606, 5, 590, 204, 591, 203, -1, 1, 2.356194490192345, 1.4142135623730951
3606, 6, 626, 279, 628, 278, -2, 1, 2.677945044588987, 2.23606797749979
3606, 8, 581, 206, 581, 204, 0, 2, 1.5707963267948966, 2.0
3606, 15, 564, 187, 563, 184, 1, 3, 1.2490457723982544, 3.1622776601683795
3606, 17, 430, 124, 429, 126, 1, -2, -1.1071487177940904, 2.23606797749979
3606, 18, 469, 110, 468, 111, 1, -1, -0.7853981633974483, 1.4142135623730951
3606, 20, 549, 146, 547, 144, 2, 2, 0.7853981633974483, 2.8284271247461903
3606, 22, 569, 226, 569, 224, 0, 2, 1.5707963267948966, 2.0
3606, 24, 462, 243, 461, 244, 1, -1, -0.7853981633974483, 1.4142135623730951
3606, 27, 558, 150, 557, 149, 1, 1, 0.7853981633974483, 1.4142135623730951
3606, 28, 579, 181, 578, 180, 1, 1, 0.7853981633974483, 1.4142135623730951
3606, 29, 461, 107, 457, 107, 4, 0, 0.0, 4.0
3606, 31, 548, 154, 547, 153, 1, 1, 0.7853981633974483, 1.4142135623730951
3607, 9, 547, 271, 548, 270, -1, 1, 2.356194490192345, 1.4142135623730951
3607, 12, 447, 230, 446, 232, 1, -2, -1.1071487177940904, 2.23606797749979
3607, 14, 565, 189, 564, 187, 1, 2, 1.1071487177940904, 2.23606797749979
3607, 15, 430, 122, 430, 124, 0, -2, -1.5707963267948966, 2.0
3607, 16, 474, 110, 469, 110, 5, 0, 0.0, 5.0
3607, 22, 579, 236, 578, 233, 1, 3, 1.2490457723982544, 3.1622776601683795
3607, 24, 562, 154, 558, 150, 4, 4, 0.7853981633974483, 5.656854249492381
3607, 32, 460, 142, 459, 143, 1, -1, -0.7853981633974483, 1.4142135623730951
3608, 17, 550, 148, 549, 146, 1, 2, 1.1071487177940904, 2.23606797749979
3608, 23, 563, 155, 562, 154, 1, 1, 0.7853981633974483, 1.4142135623730951
3608, 24, 581, 182, 580, 181, 1, 1, 0.7853981633974483, 1.4142135623730951
3608, 34, 441, 199, 443, 199, -2, 0, 3.141592653589793, 2.0
3608, 35, 533, 195, 534, 194, -1, 1, 2.356194490192345, 1.4142135623730951
3609, 12, 566, 191, 565, 190, 1, 1, 0.7853981633974483, 1.4142135623730951
3609, 13, 431, 120, 430, 121, 1, -1, -0.7853981633974483, 1.4142135623730951
3609, 14, 476, 109, 475, 110, 1, -1, -0.7853981633974483, 1.4142135623730951
3609, 16, 551, 150, 550, 148, 1, 2, 1.1071487177940904, 2.23606797749979
3609, 23, 464, 107, 462, 106, 2, 1, 0.4636476090008061, 2.23606797749979
3609, 26, 479, 131, 478, 132, 1, -1, -0.7853981633974483, 1.4142135623730951
3609, 29, 461, 140, 460, 141, 1, -1, -0.7853981633974483, 1.4142135623730951
3609, 32, 444, 196, 441, 199, 3, -3, -0.7853981633974483, 4.242640687119285
3610, 1, 455, 124, 454, 125, 1, -1, -0.7853981633974483, 1.4142135623730951
3610, 6, 511, 151, 510, 150, 1, 1, 0.7853981633974483, 1.4142135623730951
3610, 11, 629, 256, 627, 254, 2, 2, 0.7853981633974483, 2.8284271247461903
3610, 12, 445, 210, 446, 212, -1, -2, -2.0344439357957027, 2.23606797749979
3610, 14, 610, 253, 611, 252, -1, 1, 2.356194490192345, 1.4142135623730951
3610, 17, 549, 152, 548, 153, 1, -1, -0.7853981633974483, 1.4142135623730951
3610, 20, 431, 122, 431, 124, 0, -2, -1.5707963267948966, 2.0
3610, 21, 430, 189, 430, 191, 0, -2, -1.5707963267948966, 2.0
3610, 26, 618, 277, 619, 276, -1, 1, 2.356194490192345, 1.4142135623730951
3611, 1, 454, 122, 455, 124, -1, -2, -2.0344439357957027, 2.23606797749979
3611, 6, 512, 150, 511, 151, 1, -1, -0.7853981633974483, 1.4142135623730951
3611, 7, 625, 280, 626, 279, -1, 1, 2.356194490192345, 1.4142135623730951
3611, 15, 464, 109, 463, 110, 1, -1, -0.7853981633974483, 1.4142135623730951
3612, 14, 626, 310, 625, 309, 1, 1, 0.7853981633974483, 1.4142135623730951
3612, 15, 430, 186, 430, 188, 0, -2, -1.5707963267948966, 2.0
3612, 24, 463, 253, 462, 254, 1, -1, -0.7853981633974483, 1.4142135623730951
3613, 0, 454, 119, 454, 121, 0, -2, -1.5707963267948966, 2.0
3613, 1, 574, 327, 573, 326, 1, 1, 0.7853981633974483, 1.4142135623730951
3613, 6, 624, 281, 625, 280, -1, 1, 2.356194490192345, 1.4142135623730951
3613, 20, 533, 199, 534, 198, -1, 1, 2.356194490192345, 1.4142135623730951
3614, 5, 513, 150, 512, 151, 1, -1, -0.7853981633974483, 1.4142135623730951
3614, 6, 625, 282, 624, 281, 1, 1, 0.7853981633974483, 1.4142135623730951
3614, 17, 615, 278, 616, 277, -1, 1, 2.356194490192345, 1.4142135623730951
3615, 0, 457, 121, 456, 123, 1, -2, -1.1071487177940904, 2.23606797749979
3615, 1, 467, 244, 468, 246, -1, -2, -2.0344439357957027, 2.23606797749979
3615, 2, 577, 328, 576, 327, 1, 1, 0.7853981633974483, 1.4142135623730951
3615, 6, 561, 162, 560, 161, 1, 1, 0.7853981633974483, 1.4142135623730951
3615, 20, 463, 251, 464, 253, -1, -2, -2.0344439357957027, 2.23606797749979
3615, 22, 427, 118, 428, 120, -1, -2, -2.0344439357957027, 2.23606797749979
3615, 23, 566, 154, 565, 153, 1, 1, 0.7853981633974483, 1.4142135623730951
3615, 26, 512, 183, 513, 182, -1, 1, 2.356194490192345, 1.4142135623730951
3616, 5, 562, 163, 561, 162, 1, 1, 0.7853981633974483, 1.4142135623730951
3616, 18, 465, 140, 464, 142, 1, -2, -1.1071487177940904, 2.23606797749979
3616, 19, 425, 117, 427, 118, -2, -1, -2.677945044588987, 2.23606797749979
3617, 1, 578, 329, 577, 328, 1, 1, 0.7853981633974483, 1.4142135623730951
3617, 2, 575, 281, 576, 280, -1, 1, 2.356194490192345, 1.4142135623730951
3617, 12, 515, 153, 513, 153, 2, 0, 0.0, 2.0
3618, 0, 458, 118, 457, 119, 1, -1, -0.7853981633974483, 1.4142135623730951
3618, 3, 629, 284, 628, 283, 1, 1, 0.7853981633974483, 1.4142135623730951
3618, 12, 516, 154, 515, 153, 1, 1, 0.7853981633974483, 1.4142135623730951
3618, 13, 480, 108, 479, 109, 1, -1, -0.7853981633974483, 1.4142135623730951
3618, 18, 426, 115, 425, 116, 1, -1, -0.7853981633974483, 1.4142135623730951
3618, 19, 568, 156, 567, 155, 1, 1, 0.7853981633974483, 1.4142135623730951
3619, 0, 457, 116, 458, 118, -1, -2, -2.0344439357957027, 2.23606797749979
3619, 9, 584, 335, 581, 334, 3, 1, 0.3217505543966422, 3.1622776601683795
3619, 13, 481, 107, 480, 108, 1, -1, -0.7853981633974483, 1.4142135623730951
3619, 15, 537, 201, 538, 200, -1, 1, 2.356194490192345, 1.4142135623730951
3619, 17, 466, 137, 465, 138, 1, -1, -0.7853981633974483, 1.4142135623730951
3620, 11, 493, 137, 492, 138, 1, -1, -0.7853981633974483, 1.4142135623730951
3620, 16, 550, 280, 551, 279, -1, 1, 2.356194490192345, 1.4142135623730951
3620, 21, 486, 127, 485, 128, 1, -1, -0.7853981633974483, 1.4142135623730951
3620, 22, 587, 335, 585, 336, 2, -1, -0.4636476090008061, 2.23606797749979
3621, 5, 518, 156, 517, 155, 1, 1, 0.7853981633974483, 1.4142135623730951
3621, 19, 622, 332, 621, 333, 1, -1, -0.7853981633974483, 1.4142135623730951
3621, 20, 487, 126, 486, 127, 1, -1, -0.7853981633974483, 1.4142135623730951
3621, 21, 589, 334, 587, 335, 2, -1, -0.4636476090008061, 2.23606797749979
3621, 26, 372, 204, 372, 206, 0, -2, -1.5707963267948966, 2.0
3621, 27, 482, 109, 481, 110, 1, -1, -0.7853981633974483, 1.4142135623730951
3622, 2, 578, 284, 577, 283, 1, 1, 0.7853981633974483, 1.4142135623730951
3622, 3, 626, 286, 628, 286, -2, 0, 3.141592653589793, 2.0
3622, 4, 519, 157, 518, 156, 1, 1, 0.7853981633974483, 1.4142135623730951
3622, 13, 537, 205, 538, 204, -1, 1, 2.356194490192345, 1.4142135623730951
3622, 18, 621, 333, 622, 332, -1, 1, 2.356194490192345, 1.4142135623730951
3622, 20, 593, 333, 589, 334, 4, -1, -0.24497866312686414, 4.123105625617661
3622, 26, 483, 108, 482, 109, 1, -1, -0.7853981633974483, 1.4142135623730951
3623, 12, 538, 206, 537, 205, 1, 1, 0.7853981633974483, 1.4142135623730951
3623, 19, 596, 334, 593, 333, 3, 1, 0.3217505543966422, 3.1622776601683795
3623, 24, 371, 201, 372, 203, -1, -2, -2.0344439357957027, 2.23606797749979
3624, 13, 549, 283, 550, 282, -1, 1, 2.356194490192345, 1.4142135623730951
3624, 18, 490, 125, 489, 126, 1, -1, -0.7853981633974483, 1.4142135623730951
3625, 6, 520, 159, 519, 158, 1, 1, 0.7853981633974483, 1.4142135623730951
3625, 11, 568, 187, 569, 189, -1, -2, -2.0344439357957027, 2.23606797749979
3625, 12, 612, 257, 613, 255, -1, 2, 2.0344439357957027, 2.23606797749979
3625, 18, 473, 113, 472, 114, 1, -1, -0.7853981633974483, 1.4142135623730951
3625, 20, 556, 162, 555, 160, 1, 2, 1.1071487177940904, 2.23606797749979
3625, 24, 491, 130, 489, 129, 2, 1, 0.4636476090008061, 2.23606797749979
3625, 29, 414, 236, 414, 238, 0, -2, -1.5707963267948966, 2.0
3626, 11, 567, 185, 568, 187, -1, -2, -2.0344439357957027, 2.23606797749979
3626, 12, 611, 258, 612, 257, -1, 1, 2.356194490192345, 1.4142135623730951
3626, 16, 439, 255, 436, 255, 3, 0, 0.0, 3.0
3626, 18, 474, 112, 473, 113, 1, -1, -0.7853981633974483, 1.4142135623730951
3626, 20, 557, 163, 556, 162, 1, 1, 0.7853981633974483, 1.4142135623730951
3626, 25, 467, 138, 466, 139, 1, -1, -0.7853981633974483, 1.4142135623730951
3626, 28, 414, 234, 414, 236, 0, -2, -1.5707963267948966, 2.0
3626, 29, 569, 234, 568, 235, 1, -1, -0.7853981633974483, 1.4142135623730951
3626, 31, 465, 209, 465, 211, 0, -2, -1.5707963267948966, 2.0
3626, 34, 459, 268, 460, 270, -1, -2, -2.0344439357957027, 2.23606797749979
3627, 0, 587, 211, 588, 210, -1, 1, 2.356194490192345, 1.4142135623730951
3627, 10, 551, 284, 552, 283, -1, 1, 2.356194490192345, 1.4142135623730951
3627, 11, 610, 259, 611, 258, -1, 1, 2.356194490192345, 1.4142135623730951
3627, 17, 558, 164, 557, 163, 1, 1, 0.7853981633974483, 1.4142135623730951
3627, 18, 498, 136, 496, 136, 2, 0, 0.0, 2.0
3627, 20, 494, 131, 492, 130, 2, 1, 0.4636476090008061, 2.23606797749979
3627, 24, 415, 233, 414, 234, 1, -1, -0.7853981633974483, 1.4142135623730951
3627, 26, 606, 255, 607, 257, -1, -2, -2.0344439357957027, 2.23606797749979
3628, 10, 550, 285, 551, 284, -1, 1, 2.356194490192345, 1.4142135623730951
3628, 11, 609, 260, 610, 259, -1, 1, 2.356194490192345, 1.4142135623730951
3628, 16, 452, 120, 452, 122, 0, -2, -1.5707963267948966, 2.0
3628, 17, 559, 165, 558, 164, 1, 1, 0.7853981633974483, 1.4142135623730951
3628, 18, 498, 134, 498, 136, 0, -2, -1.5707963267948966, 2.0
3628, 21, 615, 287, 616, 286, -1, 1, 2.356194490192345, 1.4142135623730951
3628, 24, 416, 230, 415, 233, 1, -3, -1.2490457723982544, 3.1622776601683795
3628, 25, 605, 253, 606, 255, -1, -2, -2.0344439357957027, 2.23606797749979
3629, 4, 627, 291, 628, 290, -1, 1, 2.356194490192345, 1.4142135623730951
3629, 20, 614, 288, 615, 287, -1, 1, 2.356194490192345, 1.4142135623730951
3629, 23, 417, 227, 416, 230, 1, -3, -1.2490457723982544, 3.1622776601683795
3630, 0, 461, 117, 460, 118, 1, -1, -0.7853981633974483, 1.4142135623730951
3630, 1, 469, 240, 469, 242, 0, -2, -1.5707963267948966, 2.0
3630, 2, 587, 212, 588, 211, -1, 1, 2.356194490192345, 1.4142135623730951
3630, 3, 582, 336, 581, 335, 1, 1, 0.7853981633974483, 1.4142135623730951
3630, 9, 551, 287, 552, 286, -1, 1, 2.356194490192345, 1.4142135623730951
3630, 20, 418, 230, 418, 232, 0, -2, -1.5707963267948966, 2.0
3630, 21, 566, 172, 564, 172, 2, 0, 0.0, 2.0
3630, 31, 497, 134, 496, 135, 1, -1, -0.7853981633974483, 1.4142135623730951
3630, 32, 494, 146, 493, 147, 1, -1, -0.7853981633974483, 1.4142135623730951
3630, 33, 574, 206, 572, 203, 2, 3, 0.982793723247329, 3.605551275463989
3630, 35, 572, 214, 573, 216, -1, -2, -2.0344439357957027, 2.23606797749979
3631, 3, 583, 337, 582, 336, 1, 1, 0.7853981633974483, 1.4142135623730951
3631, 6, 628, 291, 627, 290, 1, 1, 0.7853981633974483, 1.4142135623730951
3631, 9, 550, 288, 551, 287, -1, 1, 2.356194490192345, 1.4142135623730951
3631, 10, 624, 264, 625, 263, -1, 1, 2.356194490192345, 1.4142135623730951
3631, 13, 623, 237, 623, 234, 0, 3, 1.5707963267948966, 3.0
3631, 20, 567, 173, 566, 172, 1, 1, 0.7853981633974483, 1.4142135623730951
3631, 30, 498, 133, 497, 134, 1, -1, -0.7853981633974483, 1.4142135623730951
3631, 31, 495, 145, 494, 146, 1, -1, -0.7853981633974483, 1.4142135623730951
3631, 32, 573, 208, 574, 206, -1, 2, 2.0344439357957027, 2.23606797749979
3631, 34, 571, 212, 572, 214, -1, -2, -2.0344439357957027, 2.23606797749979
3632, 0, 461, 114, 461, 116, 0, -2, -1.5707963267948966, 2.0
3632, 7, 522, 165, 521, 164, 1, 1, 0.7853981633974483, 1.4142135623730951
3632, 16, 615, 291, 616, 290, -1, 1, 2.356194490192345, 1.4142135623730951
3632, 18, 418, 227, 418, 229, 0, -2, -1.5707963267948966, 2.0
3632, 19, 568, 172, 567, 173, 1, -1, -0.7853981633974483, 1.4142135623730951
3632, 24, 454, 120, 453, 121, 1, -1, -0.7853981633974483, 1.4142135623730951
3632, 33, 569, 210, 571, 212, -2, -2, -2.356194490192345, 2.8284271247461903
3633, 3, 584, 338, 583, 337, 1, 1, 0.7853981633974483, 1.4142135623730951
3633, 5, 612, 261, 613, 260, -1, 1, 2.356194490192345, 1.4142135623730951
3633, 9, 549, 290, 549, 288, 0, 2, 1.5707963267948966, 2.0
3633, 13, 434, 277, 434, 279, 0, -2, -1.5707963267948966, 2.0
3633, 14, 590, 347, 586, 346, 4, 1, 0.24497866312686414, 4.123105625617661
3633, 15, 575, 211, 576, 210, -1, 1, 2.356194490192345, 1.4142135623730951
3633, 30, 496, 143, 495, 144, 1, -1, -0.7853981633974483, 1.4142135623730951
3633, 32, 612, 310, 611, 309, 1, 1, 0.7853981633974483, 1.4142135623730951
3633, 33, 568, 207, 569, 210, -1, -3, -1.892546881191539, 3.1622776601683795
3634, 0, 462, 113, 461, 114, 1, -1, -0.7853981633974483, 1.4142135623730951
3634, 10, 478, 105, 475, 106, 3, -1, -0.3217505543966422, 3.1622776601683795
3634, 11, 621, 239, 622, 238, -1, 1, 2.356194490192345, 1.4142135623730951
3634, 13, 592, 346, 590, 347, 2, -1, -0.4636476090008061, 2.23606797749979
3634, 15, 614, 292, 615, 291, -1, 1, 2.356194490192345, 1.4142135623730951
3634, 16, 433, 178, 433, 180, 0, -2, -1.5707963267948966, 2.0
3634, 18, 568, 170, 568, 172, 0, -2, -1.5707963267948966, 2.0
3634, 20, 538, 289, 539, 288, -1, 1, 2.356194490192345, 1.4142135623730951
3634, 22, 570, 187, 569, 186, 1, 1, 0.7853981633974483, 1.4142135623730951
3634, 32, 566, 204, 568, 207, -2, -3, -2.158798930342464, 3.605551275463989
3635, 11, 551, 291, 552, 290, -1, 1, 2.356194490192345, 1.4142135623730951
3635, 13, 541, 292, 541, 290, 0, 2, 1.5707963267948966, 2.0
3635, 14, 436, 118, 434, 118, 2, 0, 0.0, 2.0
3635, 18, 598, 340, 597, 341, 1, -1, -0.7853981633974483, 1.4142135623730951
3635, 19, 449, 225, 448, 226, 1, -1, -0.7853981633974483, 1.4142135623730951
3635, 21, 570, 191, 569, 189, 1, 2, 1.1071487177940904, 2.23606797749979
3635, 26, 425, 110, 427, 112, -2, -2, -2.356194490192345, 2.8284271247461903
3635, 27, 563, 158, 561, 157, 2, 1, 0.4636476090008061, 2.23606797749979
3636, 7, 626, 293, 627, 292, -1, 1, 2.356194490192345, 1.4142135623730951
3636, 9, 617, 295, 618, 294, -1, 1, 2.356194490192345, 1.4142135623730951
3636, 10, 525, 166, 524, 165, 1, 1, 0.7853981633974483, 1.4142135623730951
3636, 13, 541, 294, 541, 292, 0, 2, 1.5707963267948966, 2.0
3636, 14, 437, 117, 436, 118, 1, -1, -0.7853981633974483, 1.4142135623730951
3636, 20, 572, 192, 570, 191, 2, 1, 0.4636476090008061, 2.23606797749979
3636, 24, 502, 136, 500, 135, 2, 1, 0.4636476090008061, 2.23606797749979
3636, 25, 423, 109, 425, 110, -2, -1, -2.677945044588987, 2.23606797749979
3636, 26, 565, 159, 563, 158, 2, 1, 0.4636476090008061, 2.23606797749979
3636, 29, 434, 258, 436, 257, -2, 1, 2.677945044588987, 2.23606797749979
3637, 11, 550, 293, 551, 292, -1, 1, 2.356194490192345, 1.4142135623730951
3637, 13, 542, 295, 541, 294, 1, 1, 0.7853981633974483, 1.4142135623730951
3637, 14, 437, 115, 437, 117, 0, -2, -1.5707963267948966, 2.0
3637, 15, 624, 265, 625, 264, -1, 1, 2.356194490192345, 1.4142135623730951
3637, 18, 599, 339, 598, 340, 1, -1, -0.7853981633974483, 1.4142135623730951
3637, 20, 573, 193, 572, 192, 1, 1, 0.7853981633974483, 1.4142135623730951
3637, 24, 504, 137, 502, 136, 2, 1, 0.4636476090008061, 2.23606797749979
3637, 25, 420, 107, 423, 109, -3, -2, -2.5535900500422257, 3.605551275463989
3637, 26, 566, 161, 565, 159, 1, 2, 1.1071487177940904, 2.23606797749979
3637, 27, 537, 215, 538, 214, -1, 1, 2.356194490192345, 1.4142135623730951
3637, 29, 433, 259, 434, 258, -1, 1, 2.356194490192345, 1.4142135623730951
3638, 0, 464, 112, 463, 113, 1, -1, -0.7853981633974483, 1.4142135623730951
3638, 9, 526, 168, 525, 167, 1, 1, 0.7853981633974483, 1.4142135623730951
3638, 13, 438, 114, 437, 115, 1, -1, -0.7853981633974483, 1.4142135623730951
3638, 15, 436, 281, 433, 278, 3, 3, 0.7853981633974483, 4.242640687119285
3638, 18, 574, 194, 573, 193, 1, 1, 0.7853981633974483, 1.4142135623730951
3638, 20, 372, 191, 372, 193, 0, -2, -1.5707963267948966, 2.0
3638, 22, 506, 138, 504, 137, 2, 1, 0.4636476090008061, 2.23606797749979
3638, 23, 418, 104, 420, 107, -2, -3, -2.158798930342464, 3.605551275463989
3638, 24, 567, 162, 566, 161, 1, 1, 0.7853981633974483, 1.4142135623730951
3639, 10, 549, 295, 550, 294, -1, 1, 2.356194490192345, 1.4142135623730951
3639, 13, 438, 112, 438, 114, 0, -2, -1.5707963267948966, 2.0
3639, 18, 576, 194, 574, 194, 2, 0, 0.0, 2.0
3639, 24, 568, 164, 567, 162, 1, 2, 1.1071487177940904, 2.23606797749979
3639, 26, 430, 262, 433, 260, -3, 2, 2.5535900500422257, 3.605551275463989
3639, 30, 492, 117, 490, 117, 2, 0, 0.0, 2.0
3640, 14, 542, 296, 543, 295, -1, 1, 2.356194490192345, 1.4142135623730951
3640, 15, 469, 206, 469, 208, 0, -2, -1.5707963267948966, 2.0
3640, 20, 566, 166, 565, 167, 1, -1, -0.7853981633974483, 1.4142135623730951
3640, 26, 376, 191, 375, 193, 1, -2, -1.1071487177940904, 2.23606797749979
3640, 36, 450, 202, 449, 204, 1, -2, -1.1071487177940904, 2.23606797749979
3640, 38, 472, 135, 471, 136, 1, -1, -0.7853981633974483, 1.4142135623730951
3640, 40, 422, 108, 424, 110, -2, -2, -2.356194490192345, 2.8284271247461903
3641, 0, 464, 112, 464, 114, 0, -2, -1.5707963267948966, 2.0
3641, 16, 497, 114, 496, 113, 1, 1, 0.7853981633974483, 1.4142135623730951
3641, 18, 617, 292, 618, 291, -1, 1, 2.356194490192345, 1.4142135623730951
3641, 27, 485, 114, 485, 116, 0, -2, -1.5707963267948966, 2.0
3641, 33, 570, 237, 571, 239, -1, -2, -2.0344439357957027, 2.23606797749979
3641, 37, 423, 105, 422, 108, 1, -3, -1.2490457723982544, 3.1622776601683795
3642, 7, 509, 138, 508, 139, 1, -1, -0.7853981633974483, 1.4142135623730951
3642, 13, 435, 177, 435, 179, 0, -2, -1.5707963267948966, 2.0
3642, 17, 565, 163, 566, 165, -1, -2, -2.0344439357957027, 2.23606797749979
3642, 26, 541, 219, 542, 218, -1, 1, 2.356194490192345, 1.4142135623730951
3642, 32, 426, 105, 423, 105, 3, 0, 0.0, 3.0
3643, 0, 465, 110, 464, 111, 1, -1, -0.7853981633974483, 1.4142135623730951
3643, 7, 510, 137, 509, 138, 1, -1, -0.7853981633974483, 1.4142135623730951
3643, 9, 551, 298, 552, 297, -1, 1, 2.356194490192345, 1.4142135623730951
3643, 15, 615, 293, 616, 292, -1, 1, 2.356194490192345, 1.4142135623730951
3643, 18, 543, 290, 542, 289, 1, 1, 0.7853981633974483, 1.4142135623730951
3643, 29, 429, 105, 426, 105, 3, 0, 0.0, 3.0
3644, 0, 466, 109, 465, 110, 1, -1, -0.7853981633974483, 1.4142135623730951
3644, 4, 624, 297, 625, 296, -1, 1, 2.356194490192345, 1.4142135623730951
3644, 5, 528, 172, 527, 171, 1, 1, 0.7853981633974483, 1.4142135623730951
3644, 6, 512, 138, 510, 137, 2, 1, 0.4636476090008061, 2.23606797749979
3644, 7, 577, 186, 576, 187, 1, -1, -0.7853981633974483, 1.4142135623730951
3644, 9, 627, 271, 627, 269, 0, 2, 1.5707963267948966, 2.0
3644, 13, 614, 294, 615, 293, -1, 1, 2.356194490192345, 1.4142135623730951
3644, 14, 565, 160, 565, 162, 0, -2, -1.5707963267948966, 2.0
3644, 19, 554, 152, 553, 150, 1, 2, 1.1071487177940904, 2.23606797749979
3644, 20, 564, 270, 563, 268, 1, 2, 1.1071487177940904, 2.23606797749979
3644, 24, 455, 185, 456, 189, -1, -4, -1.8157749899217608, 4.123105625617661
3644, 25, 473, 132, 472, 133, 1, -1, -0.7853981633974483, 1.4142135623730951
3644, 27, 432, 105, 429, 105, 3, 0, 0.0, 3.0
3645, 2, 513, 139, 511, 139, 2, 0, 0.0, 2.0
3645, 4, 500, 120, 499, 119, 1, 1, 0.7853981633974483, 1.4142135623730951
3645, 16, 545, 292, 544, 291, 1, 1, 0.7853981633974483, 1.4142135623730951
3645, 19, 471, 142, 469, 142, 2, 0, 0.0, 2.0
3645, 23, 623, 325, 622, 324, 1, 1, 0.7853981633974483, 1.4142135623730951
3645, 28, 426, 181, 426, 183, 0, -2, -1.5707963267948966, 2.0
3645, 31, 572, 336, 573, 335, -1, 1, 2.356194490192345, 1.4142135623730951
3645, 34, 434, 282, 434, 284, 0, -2, -1.5707963267948966, 2.0
3645, 36, 430, 133, 429, 134, 1, -1, -0.7853981633974483, 1.4142135623730951
3645, 37, 463, 242, 464, 244, -1, -2, -2.0344439357957027, 2.23606797749979
3646, 0, 468, 111, 467, 112, 1, -1, -0.7853981633974483, 1.4142135623730951
3646, 14, 435, 177, 435, 179, 0, -2, -1.5707963267948966, 2.0
3646, 15, 621, 241, 622, 240, -1, 1, 2.356194490192345, 1.4142135623730951
3646, 17, 529, 174, 528, 173, 1, 1, 0.7853981633974483, 1.4142135623730951
3646, 19, 473, 142, 471, 142, 2, 0, 0.0, 2.0
3646, 21, 597, 341, 596, 342, 1, -1, -0.7853981633974483, 1.4142135623730951
3646, 27, 426, 179, 426, 181, 0, -2, -1.5707963267948966, 2.0
3646, 29, 570, 336, 572, 336, -2, 0, 3.141592653589793, 2.0
3646, 31, 541, 222, 542, 221, -1, 1, 2.356194490192345, 1.4142135623730951
3646, 32, 433, 279, 434, 282, -1, -3, -1.892546881191539, 3.1622776601683795
3646, 34, 432, 132, 430, 133, 2, -1, -0.4636476090008061, 2.23606797749979
3646, 36, 534, 219, 535, 218, -1, 1, 2.356194490192345, 1.4142135623730951
3647, 0, 469, 110, 468, 111, 1, -1, -0.7853981633974483, 1.4142135623730951
3647, 2, 515, 140, 514, 139, 1, 1, 0.7853981633974483, 1.4142135623730951
3647, 12, 626, 273, 627, 272, -1, 1, 2.356194490192345, 1.4142135623730951
3647, 17, 474, 141, 473, 142, 1, -1, -0.7853981633974483, 1.4142135623730951
3647, 19, 599, 340, 597, 341, 2, -1, -0.4636476090008061, 2.23606797749979
3647, 25, 426, 177, 426, 179, 0, -2, -1.5707963267948966, 2.0
3647, 26, 492, 116, 491, 115, 1, 1, 0.7853981633974483, 1.4142135623730951
3647, 27, 568, 336, 570, 336, -2, 0, 3.141592653589793, 2.0
3647, 30, 432, 275, 433, 279, -1, -4, -1.8157749899217608, 4.123105625617661
3647, 32, 433, 131, 432, 132, 1, -1, -0.7853981633974483, 1.4142135623730951
3647, 33, 464, 242, 463, 241, 1, 1, 0.7853981633974483, 1.4142135623730951
3648, 17, 475, 140, 474, 141, 1, -1, -0.7853981633974483, 1.4142135623730951
3648, 20, 591, 190, 590, 189, 1, 1, 0.7853981633974483, 1.4142135623730951
3648, 21, 626, 326, 625, 325, 1, 1, 0.7853981633974483, 1.4142135623730951
3648, 25, 427, 175, 426, 177, 1, -2, -1.1071487177940904, 2.23606797749979
3648, 26, 493, 117, 492, 116, 1, 1, 0.7853981633974483, 1.4142135623730951
3648, 29, 434, 269, 432, 275, 2, -6, -1.2490457723982544, 6.324555320336759
3648, 31, 432, 132, 433, 131, -1, 1, 2.356194490192345, 1.4142135623730951
3649, 0, 470, 108, 469, 109, 1, -1, -0.7853981633974483, 1.4142135623730951
3649, 11, 624, 274, 625, 273, -1, 1, 2.356194490192345, 1.4142135623730951
3649, 14, 531, 176, 530, 175, 1, 1, 0.7853981633974483, 1.4142135623730951
3649, 17, 603, 340, 600, 340, 3, 0, 0.0, 3.0
3649, 23, 427, 173, 427, 175, 0, -2, -1.5707963267948966, 2.0
3649, 24, 495, 119, 493, 117, 2, 2, 0.7853981633974483, 2.8284271247461903
3649, 25, 564, 335, 567, 336, -3, -1, -2.819842099193151, 3.1622776601683795
3649, 26, 540, 224, 541, 223, -1, 1, 2.356194490192345, 1.4142135623730951
3649, 27, 435, 265, 434, 269, 1, -4, -1.3258176636680326, 4.123105625617661
3649, 28, 630, 347, 629, 346, 1, 1, 0.7853981633974483, 1.4142135623730951
3649, 29, 433, 131, 432, 132, 1, -1, -0.7853981633974483, 1.4142135623730951
3649, 31, 533, 221, 534, 220, -1, 1, 2.356194490192345, 1.4142135623730951
3650, 4, 534, 176, 532, 176, 2, 0, 0.0, 2.0
3650, 5, 588, 217, 589, 216, -1, 1, 2.356194490192345, 1.4142135623730951
3650, 13, 509, 136, 508, 137, 1, -1, -0.7853981633974483, 1.4142135623730951
3650, 14, 462, 115, 462, 117, 0, -2, -1.5707963267948966, 2.0
3650, 23, 571, 211, 572, 213, -1, -2, -2.0344439357957027, 2.23606797749979
3650, 30, 612, 244, 613, 243, -1, 1, 2.356194490192345, 1.4142135623730951
3650, 32, 380, 191, 380, 193, 0, -2, -1.5707963267948966, 2.0
3650, 34, 428, 110, 430, 111, -2, -1, -2.677945044588987, 2.23606797749979
3650, 35, 437, 269, 436, 272, 1, -3, -1.2490457723982544, 3.1622776601683795
3650, 36, 441, 110, 440, 111, 1, -1, -0.7853981633974483, 1.4142135623730951
3651, 0, 471, 109, 470, 110, 1, -1, -0.7853981633974483, 1.4142135623730951
3651, 4, 535, 177, 534, 176, 1, 1, 0.7853981633974483, 1.4142135623730951
3651, 8, 518, 145, 517, 144, 1, 1, 0.7853981633974483, 1.4142135623730951
3651, 22, 569, 209, 571, 211, -2, -2, -2.356194490192345, 2.8284271247461903
3651, 26, 436, 256, 437, 255, -1, 1, 2.356194490192345, 1.4142135623730951
3651, 32, 426, 109, 428, 110, -2, -1, -2.677945044588987, 2.23606797749979
3651, 33, 437, 267, 437, 269, 0, -2, -1.5707963267948966, 2.0
3651, 34, 442, 109, 441, 110, 1, -1, -0.7853981633974483, 1.4142135623730951
3652, 11, 510, 135, 509, 136, 1, -1, -0.7853981633974483, 1.4142135623730951
3652, 12, 462, 112, 462, 114, 0, -2, -1.5707963267948966, 2.0
3652, 20, 568, 207, 569, 209, -1, -2, -2.0344439357957027, 2.23606797749979
3652, 26, 575, 242, 576, 244, -1, -2, -2.0344439357957027, 2.23606797749979
3652, 27, 610, 245, 611, 244, -1, 1, 2.356194490192345, 1.4142135623730951
3652, 28, 541, 226, 542, 225, -1, 1, 2.356194490192345, 1.4142135623730951
3652, 29, 380, 188, 380, 190, 0, -2, -1.5707963267948966, 2.0
3652, 30, 424, 108, 426, 109, -2, -1, -2.677945044588987, 2.23606797749979
3652, 31, 438, 266, 437, 267, 1, -1, -0.7853981633974483, 1.4142135623730951
3653, 10, 512, 134, 510, 135, 2, -1, -0.4636476090008061, 2.23606797749979
3653, 17, 509, 113, 508, 114, 1, -1, -0.7853981633974483, 1.4142135623730951
3653, 25, 540, 227, 541, 226, -1, 1, 2.356194490192345, 1.4142135623730951
3654, 0, 472, 106, 471, 107, 1, -1, -0.7853981633974483, 1.4142135623730951
3654, 4, 625, 301, 626, 300, -1, 1, 2.356194490192345, 1.4142135623730951
3654, 10, 515, 135, 512, 134, 3, 1, 0.3217505543966422, 3.1622776601683795
3654, 11, 463, 111, 462, 112, 1, -1, -0.7853981633974483, 1.4142135623730951
3654, 26, 442, 108, 441, 109, 1, -1, -0.7853981633974483, 1.4142135623730951
3655, 6, 535, 180, 534, 179, 1, 1, 0.7853981633974483, 1.4142135623730951
3655, 8, 623, 246, 624, 245, -1, 1, 2.356194490192345, 1.4142135623730951
3655, 17, 613, 270, 614, 269, -1, 1, 2.356194490192345, 1.4142135623730951
3655, 27, 612, 263, 611, 261, 1, 2, 1.1071487177940904, 2.23606797749979
3655, 30, 571, 171, 569, 170, 2, 1, 0.4636476090008061, 2.23606797749979
3656, 10, 520, 138, 518, 137, 2, 1, 0.4636476090008061, 2.23606797749979
3656, 11, 599, 346, 600, 345, -1, 1, 2.356194490192345, 1.4142135623730951
3656, 13, 466, 113, 465, 114, 1, -1, -0.7853981633974483, 1.4142135623730951
3656, 14, 483, 136, 482, 137, 1, -1, -0.7853981633974483, 1.4142135623730951
3656, 22, 615, 300, 616, 299, -1, 1, 2.356194490192345, 1.4142135623730951
3656, 25, 540, 229, 541, 228, -1, 1, 2.356194490192345, 1.4142135623730951
3656, 26, 613, 265, 612, 263, 1, 2, 1.1071487177940904, 2.23606797749979
3656, 38, 608, 271, 608, 273, 0, -2, -1.5707963267948966, 2.0
3656, 41, 433, 197, 433, 199, 0, -2, -1.5707963267948966, 2.0
3657, 10, 521, 139, 520, 138, 1, 1, 0.7853981633974483, 1.4142135623730951
3657, 13, 467, 112, 466, 113, 1, -1, -0.7853981633974483, 1.4142135623730951
3657, 16, 612, 272, 613, 271, -1, 1, 2.356194490192345, 1.4142135623730951
3657, 22, 614, 301, 615, 300, -1, 1, 2.356194490192345, 1.4142135623730951
3657, 24, 543, 302, 544, 301, -1, 1, 2.356194490192345, 1.4142135623730951
3657, 25, 539, 230, 540, 229, -1, 1, 2.356194490192345, 1.4142135623730951
3657, 26, 612, 267, 613, 265, -1, 2, 2.0344439357957027, 2.23606797749979
3657, 30, 565, 246, 566, 245, -1, 1, 2.356194490192345, 1.4142135623730951
3657, 32, 436, 281, 436, 284, 0, -3, -1.5707963267948966, 3.0
3658, 0, 473, 107, 472, 108, 1, -1, -0.7853981633974483, 1.4142135623730951
3658, 1, 586, 217, 587, 216, -1, 1, 2.356194490192345, 1.4142135623730951
3658, 9, 522, 141, 521, 139, 1, 2, 1.1071487177940904, 2.23606797749979
3658, 13, 484, 134, 483, 135, 1, -1, -0.7853981633974483, 1.4142135623730951
3658, 15, 611, 273, 612, 272, -1, 1, 2.356194490192345, 1.4142135623730951
3658, 16, 581, 190, 580, 189, 1, 1, 0.7853981633974483, 1.4142135623730951
3658, 24, 538, 231, 539, 230, -1, 1, 2.356194490192345, 1.4142135623730951
3658, 25, 611, 269, 612, 267, -1, 2, 2.0344439357957027, 2.23606797749979
3658, 27, 510, 118, 509, 117, 1, 1, 0.7853981633974483, 1.4142135623730951
3658, 38, 433, 194, 433, 196, 0, -2, -1.5707963267948966, 2.0
3658, 39, 596, 190, 595, 189, 1, 1, 0.7853981633974483, 1.4142135623730951
3659, 4, 627, 306, 628, 305, -1, 1, 2.356194490192345, 1.4142135623730951
3659, 6, 524, 146, 522, 147, 2, -1, -0.4636476090008061, 2.23606797749979
3659, 9, 523, 143, 522, 141, 1, 2, 1.1071487177940904, 2.23606797749979
3659, 11, 556, 308, 557, 307, -1, 1, 2.356194490192345, 1.4142135623730951
3659, 12, 468, 111, 467, 112, 1, -1, -0.7853981633974483, 1.4142135623730951
3659, 18, 632, 347, 631, 348, 1, -1, -0.7853981633974483, 1.4142135623730951
3659, 21, 378, 185, 378, 187, 0, -2, -1.5707963267948966, 2.0
3659, 22, 543, 303, 542, 302, 1, 1, 0.7853981633974483, 1.4142135623730951
3659, 25, 579, 238, 578, 239, 1, -1, -0.7853981633974483, 1.4142135623730951
3659, 28, 566, 248, 565, 247, 1, 1, 0.7853981633974483, 1.4142135623730951
3659, 30, 436, 278, 436, 280, 0, -2, -1.5707963267948966, 2.0
3659, 32, 595, 354, 594, 353, 1, 1, 0.7853981633974483, 1.4142135623730951
3659, 35, 449, 125, 447, 126, 2, -1, -0.4636476090008061, 2.23606797749979
3660, 4, 582, 299, 583, 298, -1, 1, 2.356194490192345, 1.4142135623730951
3660, 8, 469, 114, 468, 115, 1, -1, -0.7853981633974483, 1.4142135623730951
3660, 13, 615, 275, 616, 274, -1, 1, 2.356194490192345, 1.4142135623730951
3660, 18, 499, 116, 498, 117, 1, -1, -0.7853981633974483, 1.4142135623730951
3660, 20, 598, 354, 596, 355, 2, -1, -0.4636476090008061, 2.23606797749979
3660, 32, 439, 278, 440, 281, -1, -3, -1.892546881191539, 3.1622776601683795
3660, 34, 571, 236, 573, 238, -2, -2, -2.356194490192345, 2.8284271247461903
3660, 35, 582, 194, 581, 192, 1, 2, 1.1071487177940904, 2.23606797749979
3660, 36, 507, 131, 505, 131, 2, 0, 0.0, 2.0
3660, 39, 459, 259, 459, 261, 0, -2, -1.5707963267948966, 2.0
3660, 41, 417, 233, 418, 235, -1, -2, -2.0344439357957027, 2.23606797749979
3660, 42, 493, 156, 491, 156, 2, 0, 0.0, 2.0
3661, 0, 475, 108, 474, 109, 1, -1, -0.7853981633974483, 1.4142135623730951
3661, 6, 626, 307, 627, 306, -1, 1, 2.356194490192345, 1.4142135623730951
3661, 8, 470, 113, 469, 114, 1, -1, -0.7853981633974483, 1.4142135623730951
3661, 13, 614, 276, 615, 275, -1, 1, 2.356194490192345, 1.4142135623730951
3661, 14, 623, 249, 624, 248, -1, 1, 2.356194490192345, 1.4142135623730951
3661, 21, 437, 110, 435, 111, 2, -1, -0.4636476090008061, 2.23606797749979
3661, 24, 540, 231, 541, 230, -1, 1, 2.356194490192345, 1.4142135623730951
3661, 32, 571, 234, 571, 236, 0, -2, -1.5707963267948966, 2.0
3661, 33, 583, 196, 582, 194, 1, 2, 1.1071487177940904, 2.23606797749979
3661, 39, 496, 156, 493, 156, 3, 0, 0.0, 3.0
3661, 42, 436, 247, 437, 246, -1, 1, 2.356194490192345, 1.4142135623730951
3662, 0, 476, 107, 475, 108, 1, -1, -0.7853981633974483, 1.4142135623730951
3662, 5, 537, 185, 536, 184, 1, 1, 0.7853981633974483, 1.4142135623730951
3662, 7, 602, 346, 601, 347, 1, -1, -0.7853981633974483, 1.4142135623730951
3662, 8, 471, 112, 470, 113, 1, -1, -0.7853981633974483, 1.4142135623730951
3662, 10, 625, 279, 626, 278, -1, 1, 2.356194490192345, 1.4142135623730951
3662, 13, 613, 277, 614, 276, -1, 1, 2.356194490192345, 1.4142135623730951
3662, 17, 500, 115, 499, 116, 1, -1, -0.7853981633974483, 1.4142135623730951
3662, 29, 381, 184, 381, 186, 0, -2, -1.5707963267948966, 2.0
3662, 30, 584, 198, 583, 196, 1, 2, 1.1071487177940904, 2.23606797749979
3663, 3, 466, 228, 469, 230, -3, -2, -2.5535900500422257, 3.605551275463989
3663, 4, 584, 302, 582, 299, 2, 3, 0.982793723247329, 3.605551275463989
3663, 5, 538, 187, 537, 185, 1, 2, 1.1071487177940904, 2.23606797749979
3663, 7, 603, 345, 602, 346, 1, -1, -0.7853981633974483, 1.4142135623730951
3663, 9, 572, 160, 571, 161, 1, -1, -0.7853981633974483, 1.4142135623730951
3663, 12, 450, 187, 450, 189, 0, -2, -1.5707963267948966, 2.0
3663, 14, 622, 250, 623, 249, -1, 1, 2.356194490192345, 1.4142135623730951
3663, 15, 461, 227, 461, 229, 0, -2, -1.5707963267948966, 2.0
3663, 18, 576, 220, 577, 219, -1, 1, 2.356194490192345, 1.4142135623730951
3663, 21, 436, 107, 437, 109, -1, -2, -2.0344439357957027, 2.23606797749979
3663, 23, 616, 306, 617, 305, -1, 1, 2.356194490192345, 1.4142135623730951
3663, 27, 634, 323, 632, 324, 2, -1, -0.4636476090008061, 2.23606797749979
3663, 28, 382, 183, 381, 184, 1, -1, -0.7853981633974483, 1.4142135623730951
3663, 29, 586, 199, 584, 198, 2, 1, 0.4636476090008061, 2.23606797749979
3663, 30, 508, 130, 507, 131, 1, -1, -0.7853981633974483, 1.4142135623730951
3663, 32, 508, 125, 507, 124, 1, 1, 0.7853981633974483, 1.4142135623730951
3663, 34, 498, 155, 496, 156, 2, -1, -0.4636476090008061, 2.23606797749979
3664, 7, 604, 344, 603, 345, 1, -1, -0.7853981633974483, 1.4142135623730951
3664, 9, 574, 161, 572, 160, 2, 1, 0.4636476090008061, 2.23606797749979
3664, 10, 624, 280, 625, 279, -1, 1, 2.356194490192345, 1.4142135623730951
3664, 12, 451, 186, 450, 187, 1, -1, -0.7853981633974483, 1.4142135623730951
3664, 15, 514, 121, 513, 120, 1, 1, 0.7853981633974483, 1.4142135623730951
3664, 16, 504, 116, 501, 115, 3, 1, 0.3217505543966422, 3.1622776601683795
3664, 22, 538, 233, 539, 232, -1, 1, 2.356194490192345, 1.4142135623730951
3664, 25, 635, 322, 634, 323, 1, -1, -0.7853981633974483, 1.4142135623730951
3664, 26, 587, 200, 586, 199, 1, 1, 0.7853981633974483, 1.4142135623730951
3664, 30, 457, 255, 458, 257, -1, -2, -2.0344439357957027, 2.23606797749979
3664, 32, 610, 245, 611, 244, -1, 1, 2.356194490192345, 1.4142135623730951
3665, 0, 478, 109, 477, 110, 1, -1, -0.7853981633974483, 1.4142135623730951
3665, 9, 506, 118, 503, 117, 3, 1, 0.3217505543966422, 3.1622776601683795
3665, 13, 622, 250, 623, 249, -1, 1, 2.356194490192345, 1.4142135623730951
3665, 15, 576, 164, 574, 163, 2, 1, 0.4636476090008061, 2.23606797749979
3665, 17, 624, 324, 622, 324, 2, 0, 0.0, 2.0
3665, 21, 434, 279, 435, 278, -1, 1, 2.356194490192345, 1.4142135623730951
3665, 23, 435, 106, 437, 107, -2, -1, -2.677945044588987, 2.23606797749979
3665, 26, 575, 174, 575, 176, 0, -2, -1.5707963267948966, 2.0
3665, 27, 576, 236, 574, 236, 2, 0, 0.0, 2.0
3665, 29, 581, 339, 580, 340, 1, -1, -0.7853981633974483, 1.4142135623730951
3666, 4, 540, 188, 541, 187, -1, 1, 2.356194490192345, 1.4142135623730951
3666, 5, 534, 156, 533, 155, 1, 1, 0.7853981633974483, 1.4142135623730951
3666, 7, 617, 309, 618, 308, -1, 1, 2.356194490192345, 1.4142135623730951
3666, 9, 507, 120, 506, 118, 1, 2, 1.1071487177940904, 2.23606797749979
3666, 13, 447, 114, 446, 115, 1, -1, -0.7853981633974483, 1.4142135623730951
3666, 14, 577, 165, 576, 164, 1, 1, 0.7853981633974483, 1.4142135623730951
3666, 20, 433, 280, 434, 279, -1, 1, 2.356194490192345, 1.4142135623730951
3666, 22, 433, 105, 435, 106, -2, -1, -2.677945044588987, 2.23606797749979
3666, 26, 492, 140, 488, 139, 4, 1, 0.24497866312686414, 4.123105625617661
3667, 4, 541, 189, 540, 188, 1, 1, 0.7853981633974483, 1.4142135623730951
3667, 8, 579, 225, 580, 224, -1, 1, 2.356194490192345, 1.4142135623730951
3667, 9, 509, 122, 507, 120, 2, 2, 0.7853981633974483, 2.8284271247461903
3667, 12, 620, 251, 621, 250, -1, 1, 2.356194490192345, 1.4142135623730951
3667, 13, 448, 113, 447, 114, 1, -1, -0.7853981633974483, 1.4142135623730951
3667, 14, 578, 166, 577, 165, 1, 1, 0.7853981633974483, 1.4142135623730951
3667, 16, 626, 324, 624, 324, 2, 0, 0.0, 2.0
3667, 20, 431, 281, 433, 280, -2, 1, 2.677945044588987, 2.23606797749979
3667, 22, 432, 103, 433, 105, -1, -2, -2.0344439357957027, 2.23606797749979
3667, 25, 576, 239, 576, 237, 0, 2, 1.5707963267948966, 2.0
3668, 0, 479, 108, 478, 109, 1, -1, -0.7853981633974483, 1.4142135623730951
3668, 12, 449, 112, 448, 113, 1, -1, -0.7853981633974483, 1.4142135623730951
3668, 14, 627, 325, 626, 324, 1, 1, 0.7853981633974483, 1.4142135623730951
3668, 20, 431, 101, 432, 103, -1, -2, -2.0344439357957027, 2.23606797749979
3668, 23, 574, 237, 576, 239, -2, -2, -2.356194490192345, 2.8284271247461903
3668, 26, 588, 249, 587, 247, 1, 2, 1.1071487177940904, 2.23606797749979
3668, 27, 454, 197, 452, 198, 2, -1, -0.4636476090008061, 2.23606797749979
3669, 8, 510, 123, 509, 121, 1, 2, 1.1071487177940904, 2.23606797749979
3669, 9, 526, 150, 525, 148, 1, 2, 1.1071487177940904, 2.23606797749979
3669, 14, 629, 325, 627, 325, 2, 0, 0.0, 2.0
3669, 18, 429, 282, 430, 281, -1, 1, 2.356194490192345, 1.4142135623730951
3669, 22, 575, 240, 574, 237, 1, 3, 1.2490457723982544, 3.1622776601683795
3670, 11, 564, 315, 562, 315, 2, 0, 0.0, 2.0
3670, 16, 478, 117, 477, 118, 1, -1, -0.7853981633974483, 1.4142135623730951
3670, 24, 578, 243, 578, 241, 0, 2, 1.5707963267948966, 2.0
3670, 30, 455, 197, 454, 200, 1, -3, -1.2490457723982544, 3.1622776601683795
3670, 33, 436, 103, 435, 105, 1, -2, -1.1071487177940904, 2.23606797749979
3670, 34, 508, 127, 507, 128, 1, -1, -0.7853981633974483, 1.4142135623730951
3670, 35, 453, 138, 453, 140, 0, -2, -1.5707963267948966, 2.0
3670, 42, 635, 330, 636, 331, -1, -1, -2.356194490192345, 1.4142135623730951
3670, 50, 433, 252, 435, 253, -2, -1, -2.677945044588987, 2.23606797749979
3671, 0, 481, 109, 480, 110, 1, -1, -0.7853981633974483, 1.4142135623730951
3671, 6, 543, 191, 542, 190, 1, 1, 0.7853981633974483, 1.4142135623730951
3671, 21, 578, 245, 578, 243, 0, 2, 1.5707963267948966, 2.0
3671, 27, 457, 194, 455, 197, 2, -3, -0.982793723247329, 3.605551275463989
3671, 30, 438, 103, 436, 103, 2, 0, 0.0, 2.0
3671, 32, 451, 137, 453, 138, -2, -1, -2.677945044588987, 2.23606797749979
3671, 37, 463, 180, 463, 182, 0, -2, -1.5707963267948966, 2.0
3671, 38, 538, 238, 539, 237, -1, 1, 2.356194490192345, 1.4142135623730951
3671, 43, 521, 125, 519, 125, 2, 0, 0.0, 2.0
3671, 47, 433, 247, 433, 252, 0, -5, -1.5707963267948966, 5.0
3672, 0, 482, 108, 481, 109, 1, -1, -0.7853981633974483, 1.4142135623730951
3672, 19, 485, 136, 484, 137, 1, -1, -0.7853981633974483, 1.4142135623730951
3672, 24, 437, 195, 436, 196, 1, -1, -0.7853981633974483, 1.4142135623730951
3672, 32, 449, 136, 451, 137, -2, -1, -2.677945044588987, 2.23606797749979
3672, 33, 569, 279, 570, 278, -1, 1, 2.356194490192345, 1.4142135623730951
3672, 40, 579, 220, 580, 219, -1, 1, 2.356194490192345, 1.4142135623730951
3672, 43, 522, 126, 521, 125, 1, 1, 0.7853981633974483, 1.4142135623730951
3672, 45, 609, 249, 610, 248, -1, 1, 2.356194490192345, 1.4142135623730951
3673, 6, 544, 192, 543, 191, 1, 1, 0.7853981633974483, 1.4142135623730951
3673, 24, 518, 164, 517, 163, 1, 1, 0.7853981633974483, 1.4142135623730951
3673, 29, 442, 103, 438, 103, 4, 0, 0.0, 4.0
3673, 33, 577, 165, 576, 166, 1, -1, -0.7853981633974483, 1.4142135623730951
3673, 34, 464, 177, 463, 179, 1, -2, -1.1071487177940904, 2.23606797749979
3673, 35, 537, 240, 538, 239, -1, 1, 2.356194490192345, 1.4142135623730951
3673, 41, 381, 173, 381, 175, 0, -2, -1.5707963267948966, 2.0
3674, 10, 563, 318, 564, 317, -1, 1, 2.356194490192345, 1.4142135623730951
3674, 13, 481, 116, 480, 117, 1, -1, -0.7853981633974483, 1.4142135623730951
3674, 17, 487, 134, 486, 136, 1, -2, -1.1071487177940904, 2.23606797749979
3674, 24, 614, 246, 615, 245, -1, 1, 2.356194490192345, 1.4142135623730951
3674, 28, 447, 103, 442, 103, 5, 0, 0.0, 5.0
3674, 38, 523, 127, 522, 126, 1, 1, 0.7853981633974483, 1.4142135623730951
3675, 1, 485, 109, 484, 110, 1, -1, -0.7853981633974483, 1.4142135623730951
3675, 4, 545, 193, 544, 192, 1, 1, 0.7853981633974483, 1.4142135623730951
3675, 6, 521, 136, 520, 135, 1, 1, 0.7853981633974483, 1.4142135623730951
3675, 12, 458, 190, 457, 191, 1, -1, -0.7853981633974483, 1.4142135623730951
3675, 22, 607, 199, 606, 198, 1, 1, 0.7853981633974483, 1.4142135623730951
3675, 24, 471, 257, 469, 256, 2, 1, 0.4636476090008061, 2.23606797749979
3675, 25, 539, 243, 540, 242, -1, 1, 2.356194490192345, 1.4142135623730951
3675, 27, 435, 274, 435, 277, 0, -3, -1.5707963267948966, 3.0
3675, 30, 465, 179, 465, 181, 0, -2, -1.5707963267948966, 2.0
3675, 32, 416, 222, 417, 221, -1, 1, 2.356194490192345, 1.4142135623730951
3675, 33, 457, 182, 456, 183, 1, -1, -0.7853981633974483, 1.4142135623730951
3675, 36, 469, 118, 467, 117, 2, 1, 0.4636476090008061, 2.23606797749979
3675, 38, 610, 249, 610, 251, 0, -2, -1.5707963267948966, 2.0
3676, 0, 486, 108, 485, 109, 1, -1, -0.7853981633974483, 1.4142135623730951
3676, 4, 594, 198, 593, 197, 1, 1, 0.7853981633974483, 1.4142135623730951
3676, 5, 522, 137, 521, 136, 1, 1, 0.7853981633974483, 1.4142135623730951
3676, 9, 533, 154, 532, 155, 1, -1, -0.7853981633974483, 1.4142135623730951
3676, 17, 481, 118, 480, 119, 1, -1, -0.7853981633974483, 1.4142135623730951
3676, 22, 538, 244, 539, 243, -1, 1, 2.356194490192345, 1.4142135623730951
3676, 24, 435, 271, 435, 274, 0, -3, -1.5707963267948966, 3.0
3676, 29, 456, 180, 457, 182, -1, -2, -2.0344439357957027, 2.23606797749979
3676, 32, 472, 119, 469, 118, 3, 1, 0.3217505543966422, 3.1622776601683795
3676, 33, 521, 164, 520, 163, 1, 1, 0.7853981633974483, 1.4142135623730951
3677, 0, 487, 107, 486, 108, 1, -1, -0.7853981633974483, 1.4142135623730951
3677, 3, 546, 194, 545, 193, 1, 1, 0.7853981633974483, 1.4142135623730951
3677, 18, 594, 205, 595, 204, -1, 1, 2.356194490192345, 1.4142135623730951
3677, 20, 572, 281, 573, 280, -1, 1, 2.356194490192345, 1.4142135623730951
3677, 21, 537, 245, 538, 244, -1, 1, 2.356194490192345, 1.4142135623730951
3677, 23, 434, 266, 435, 271, -1, -5, -1.7681918866447774, 5.0990195135927845
3677, 28, 457, 178, 456, 180, 1, -2, -1.1071487177940904, 2.23606797749979
3677, 31, 474, 118, 472, 119, 2, -1, -0.4636476090008061, 2.23606797749979
3678, 13, 622, 256, 623, 255, -1, 1, 2.356194490192345, 1.4142135623730951
3678, 19, 608, 202, 607, 201, 1, 1, 0.7853981633974483, 1.4142135623730951
3678, 23, 435, 262, 434, 266, 1, -4, -1.3258176636680326, 4.123105625617661
3678, 27, 457, 176, 457, 178, 0, -2, -1.5707963267948966, 2.0
3678, 30, 474, 116, 474, 118, 0, -2, -1.5707963267948966, 2.0
3679, 5, 521, 140, 522, 139, -1, 1, 2.356194490192345, 1.4142135623730951
3679, 10, 624, 286, 625, 285, -1, 1, 2.356194490192345, 1.4142135623730951
3679, 23, 435, 258, 435, 262, 0, -4, -1.5707963267948966, 4.0
3679, 25, 490, 142, 489, 140, 1, 2, 1.1071487177940904, 2.23606797749979
3679, 26, 465, 175, 464, 177, 1, -2, -1.1071487177940904, 2.23606797749979
3679, 30, 472, 114, 474, 116, -2, -2, -2.356194490192345, 2.8284271247461903
3680, 19, 527, 134, 526, 133, 1, 1, 0.7853981633974483, 1.4142135623730951
3680, 27, 457, 110, 455, 110, 2, 0, 0.0, 2.0
3680, 35, 495, 144, 494, 143, 1, 1, 0.7853981633974483, 1.4142135623730951
3680, 36, 576, 234, 574, 231, 2, 3, 0.982793723247329, 3.605551275463989
3680, 37, 436, 261, 436, 264, 0, -3, -1.5707963267948966, 3.0
3680, 41, 517, 134, 516, 132, 1, 2, 1.1071487177940904, 2.23606797749979
3680, 42, 482, 155, 480, 158, 2, -3, -0.982793723247329, 3.605551275463989
3680, 44, 574, 170, 573, 167, 1, 3, 1.2490457723982544, 3.1622776601683795
3680, 47, 482, 122, 480, 122, 2, 0, 0.0, 2.0
3680, 52, 436, 235, 436, 237, 0, -2, -1.5707963267948966, 2.0
3681, 8, 548, 197, 547, 196, 1, 1, 0.7853981633974483, 1.4142135623730951
3681, 9, 541, 164, 540, 163, 1, 1, 0.7853981633974483, 1.4142135623730951
3681, 13, 437, 277, 438, 276, -1, 1, 2.356194490192345, 1.4142135623730951
3681, 16, 528, 135, 527, 134, 1, 1, 0.7853981633974483, 1.4142135623730951
3681, 30, 577, 235, 576, 234, 1, 1, 0.7853981633974483, 1.4142135623730951
3681, 31, 437, 259, 436, 261, 1, -2, -1.1071487177940904, 2.23606797749979
3681, 34, 518, 135, 517, 134, 1, 1, 0.7853981633974483, 1.4142135623730951
3681, 37, 575, 171, 574, 170, 1, 1, 0.7853981633974483, 1.4142135623730951
3681, 40, 484, 122, 482, 122, 2, 0, 0.0, 2.0
3681, 45, 437, 234, 436, 235, 1, -1, -0.7853981633974483, 1.4142135623730951
3682, 8, 542, 165, 541, 164, 1, 1, 0.7853981633974483, 1.4142135623730951
3682, 12, 435, 278, 437, 277, -2, 1, 2.677945044588987, 2.23606797749979
3682, 15, 529, 136, 528, 135, 1, 1, 0.7853981633974483, 1.4142135623730951
3682, 21, 552, 315, 551, 314, 1, 1, 0.7853981633974483, 1.4142135623730951
3682, 32, 456, 188, 456, 190, 0, -2, -1.5707963267948966, 2.0
3682, 33, 519, 136, 518, 135, 1, 1, 0.7853981633974483, 1.4142135623730951
3682, 36, 576, 173, 575, 171, 1, 2, 1.1071487177940904, 2.23606797749979
3682, 39, 486, 122, 484, 122, 2, 0, 0.0, 2.0
3682, 44, 437, 232, 437, 234, 0, -2, -1.5707963267948966, 2.0
3683, 5, 535, 154, 534, 155, 1, -1, -0.7853981633974483, 1.4142135623730951
3683, 7, 543, 166, 542, 165, 1, 1, 0.7853981633974483, 1.4142135623730951
3683, 18, 435, 248, 436, 247, -1, 1, 2.356194490192345, 1.4142135623730951
3683, 20, 553, 316, 552, 315, 1, 1, 0.7853981633974483, 1.4142135623730951
3683, 27, 498, 145, 497, 144, 1, 1, 0.7853981633974483, 1.4142135623730951
3683, 29, 438, 258, 437, 259, 1, -1, -0.7853981633974483, 1.4142135623730951
3683, 32, 523, 172, 522, 170, 1, 2, 1.1071487177940904, 2.23606797749979
3683, 33, 577, 176, 576, 173, 1, 3, 1.2490457723982544, 3.1622776601683795
3683, 35, 612, 252, 613, 251, -1, 1, 2.356194490192345, 1.4142135623730951
3683, 36, 488, 121, 486, 122, 2, -1, -0.4636476090008061, 2.23606797749979
3684, 10, 564, 324, 563, 323, 1, 1, 0.7853981633974483, 1.4142135623730951
3684, 14, 531, 137, 530, 136, 1, 1, 0.7853981633974483, 1.4142135623730951
3684, 16, 540, 247, 541, 246, -1, 1, 2.356194490192345, 1.4142135623730951
3684, 20, 554, 317, 553, 316, 1, 1, 0.7853981633974483, 1.4142135623730951
3684, 22, 440, 194, 439, 195, 1, -1, -0.7853981633974483, 1.4142135623730951
3684, 32, 524, 173, 523, 172, 1, 1, 0.7853981633974483, 1.4142135623730951
3684, 35, 611, 253, 612, 252, -1, 1, 2.356194490192345, 1.4142135623730951
3684, 36, 489, 120, 488, 121, 1, -1, -0.7853981633974483, 1.4142135623730951
3685, 16, 542, 157, 541, 156, 1, 1, 0.7853981633974483, 1.4142135623730951
3685, 17, 580, 178, 578, 175, 2, 3, 0.982793723247329, 3.605551275463989
3685, 18, 446, 214, 448, 216, -2, -2, -2.356194490192345, 2.8284271247461903
3685, 19, 541, 250, 542, 249, -1, 1, 2.356194490192345, 1.4142135623730951
3685, 20, 499, 149, 498, 148, 1, 1, 0.7853981633974483, 1.4142135623730951
3685, 23, 519, 179, 518, 178, 1, 1, 0.7853981633974483, 1.4142135623730951
3685, 27, 518, 137, 517, 136, 1, 1, 0.7853981633974483, 1.4142135623730951
3685, 34, 488, 122, 487, 123, 1, -1, -0.7853981633974483, 1.4142135623730951
3685, 37, 576, 249, 575, 248, 1, 1, 0.7853981633974483, 1.4142135623730951
3685, 44, 554, 319, 553, 318, 1, 1, 0.7853981633974483, 1.4142135623730951
3685, 45, 612, 254, 613, 253, -1, 1, 2.356194490192345, 1.4142135623730951
3685, 48, 583, 247, 583, 249, 0, -2, -1.5707963267948966, 2.0
3685, 51, 611, 314, 611, 316, 0, -2, -1.5707963267948966, 2.0
3685, 53, 524, 172, 523, 171, 1, 1, 0.7853981633974483, 1.4142135623730951
3686, 11, 565, 324, 564, 323, 1, 1, 0.7853981633974483, 1.4142135623730951
3686, 17, 582, 178, 580, 178, 2, 0, 0.0, 2.0
3686, 19, 540, 251, 541, 250, -1, 1, 2.356194490192345, 1.4142135623730951
3686, 21, 439, 277, 438, 279, 1, -2, -1.1071487177940904, 2.23606797749979
3686, 23, 520, 180, 519, 179, 1, 1, 0.7853981633974483, 1.4142135623730951
3686, 26, 413, 220, 414, 222, -1, -2, -2.0344439357957027, 2.23606797749979
3686, 27, 518, 134, 518, 137, 0, -3, -1.5707963267948966, 3.0
3686, 33, 386, 174, 386, 176, 0, -2, -1.5707963267948966, 2.0
3686, 38, 534, 136, 533, 135, 1, 1, 0.7853981633974483, 1.4142135623730951
3686, 39, 630, 341, 629, 340, 1, 1, 0.7853981633974483, 1.4142135623730951
3686, 47, 444, 108, 442, 107, 2, 1, 0.4636476090008061, 2.23606797749979
3686, 49, 525, 173, 524, 172, 1, 1, 0.7853981633974483, 1.4142135623730951
3687, 0, 495, 111, 493, 111, 2, 0, 0.0, 2.0
3687, 21, 440, 274, 439, 277, 1, -3, -1.2490457723982544, 3.1622776601683795
3687, 28, 611, 277, 610, 275, 1, 2, 1.1071487177940904, 2.23606797749979
3687, 40, 611, 255, 612, 254, -1, 1, 2.356194490192345, 1.4142135623730951
3687, 43, 584, 245, 583, 246, 1, -1, -0.7853981633974483, 1.4142135623730951
3687, 44, 450, 109, 444, 108, 6, 1, 0.16514867741462683, 6.082762530298219
3688, 10, 611, 283, 612, 282, -1, 1, 2.356194490192345, 1.4142135623730951
3688, 11, 566, 325, 565, 324, 1, 1, 0.7853981633974483, 1.4142135623730951
3688, 16, 545, 160, 543, 158, 2, 2, 0.7853981633974483, 2.8284271247461903
3688, 25, 603, 358, 601, 358, 2, 0, 0.0, 2.0
3688, 26, 611, 279, 611, 277, 0, 2, 1.5707963267948966, 2.0
3688, 29, 386, 171, 386, 173, 0, -2, -1.5707963267948966, 2.0
3688, 32, 595, 204, 594, 202, 1, 2, 1.1071487177940904, 2.23606797749979
3688, 33, 535, 139, 534, 137, 1, 2, 1.1071487177940904, 2.23606797749979
3689, 0, 498, 111, 496, 111, 2, 0, 0.0, 2.0
3689, 6, 626, 315, 627, 314, -1, 1, 2.356194490192345, 1.4142135623730951
3689, 7, 459, 130, 458, 131, 1, -1, -0.7853981633974483, 1.4142135623730951
3689, 9, 610, 284, 611, 283, -1, 1, 2.356194490192345, 1.4142135623730951
3689, 15, 545, 162, 545, 160, 0, 2, 1.5707963267948966, 2.0
3689, 17, 539, 254, 540, 253, -1, 1, 2.356194490192345, 1.4142135623730951
3689, 19, 519, 183, 520, 182, -1, 1, 2.356194490192345, 1.4142135623730951
3689, 23, 606, 357, 603, 358, 3, -1, -0.3217505543966422, 3.1622776601683795
3689, 24, 610, 280, 611, 279, -1, 1, 2.356194490192345, 1.4142135623730951
3689, 30, 595, 206, 595, 204, 0, 2, 1.5707963267948966, 2.0
3689, 31, 536, 140, 535, 139, 1, 1, 0.7853981633974483, 1.4142135623730951
3689, 40, 526, 176, 525, 175, 1, 1, 0.7853981633974483, 1.4142135623730951
3690, 8, 544, 164, 543, 162, 1, 2, 1.1071487177940904, 2.23606797749979
3690, 13, 452, 110, 450, 110, 2, 0, 0.0, 2.0
3690, 19, 521, 134, 520, 135, 1, -1, -0.7853981633974483, 1.4142135623730951
3690, 20, 388, 173, 388, 175, 0, -2, -1.5707963267948966, 2.0
3690, 23, 541, 252, 542, 251, -1, 1, 2.356194490192345, 1.4142135623730951
3690, 26, 456, 184, 456, 187, 0, -3, -1.5707963267948966, 3.0
3690, 27, 412, 217, 413, 219, -1, -2, -2.0344439357957027, 2.23606797749979
3690, 30, 528, 149, 527, 150, 1, -1, -0.7853981633974483, 1.4142135623730951
3690, 33, 439, 271, 439, 273, 0, -2, -1.5707963267948966, 2.0
3690, 35, 599, 254, 600, 253, -1, 1, 2.356194490192345, 1.4142135623730951
3690, 36, 528, 144, 527, 143, 1, 1, 0.7853981633974483, 1.4142135623730951
3690, 38, 597, 207, 596, 205, 1, 2, 1.1071487177940904, 2.23606797749979
3690, 41, 579, 342, 577, 342, 2, 0, 0.0, 2.0
3691, 5, 612, 353, 611, 354, 1, -1, -0.7853981633974483, 1.4142135623730951
3691, 7, 624, 263, 624, 260, 0, 3, 1.5707963267948966, 3.0
3691, 9, 551, 202, 550, 201, 1, 1, 0.7853981633974483, 1.4142135623730951
3691, 11, 490, 115, 489, 116, 1, -1, -0.7853981633974483, 1.4142135623730951
3691, 19, 524, 135, 521, 134, 3, 1, 0.3217505543966422, 3.1622776601683795
3691, 22, 535, 141, 534, 140, 1, 1, 0.7853981633974483, 1.4142135623730951
3691, 23, 540, 253, 541, 252, -1, 1, 2.356194490192345, 1.4142135623730951
3691, 26, 455, 182, 456, 184, -1, -2, -2.0344439357957027, 2.23606797749979
3691, 27, 412, 215, 412, 217, 0, -2, -1.5707963267948966, 2.0
3691, 28, 509, 147, 508, 146, 1, 1, 0.7853981633974483, 1.4142135623730951
3691, 35, 527, 145, 528, 144, -1, 1, 2.356194490192345, 1.4142135623730951
3691, 36, 614, 205, 613, 204, 1, 1, 0.7853981633974483, 1.4142135623730951
3691, 37, 598, 209, 597, 207, 1, 2, 1.1071487177940904, 2.23606797749979
3691, 40, 581, 341, 579, 342, 2, -1, -0.4636476090008061, 2.23606797749979
3691, 42, 625, 358, 624, 359, 1, -1, -0.7853981633974483, 1.4142135623730951
3691, 45, 501, 147, 500, 148, 1, -1, -0.7853981633974483, 1.4142135623730951
3691, 46, 609, 258, 610, 257, -1, 1, 2.356194490192345, 1.4142135623730951
3692, 0, 500, 113, 498, 112, 2, 1, 0.4636476090008061, 2.23606797749979
3692, 2, 602, 351, 600, 351, 2, 0, 0.0, 2.0
3692, 5, 613, 352, 612, 353, 1, -1, -0.7853981633974483, 1.4142135623730951
3692, 6, 625, 316, 629, 316, -4, 0, 3.141592653589793, 4.0
3692, 15, 614, 310, 617, 312, -3, -2, -2.5535900500422257, 3.605551275463989
3692, 19, 526, 136, 524, 135, 2, 1, 0.4636476090008061, 2.23606797749979
3692, 22, 536, 142, 535, 141, 1, 1, 0.7853981633974483, 1.4142135623730951
3692, 25, 584, 350, 585, 348, -1, 2, 2.0344439357957027, 2.23606797749979
3692, 27, 412, 212, 412, 215, 0, -3, -1.5707963267948966, 3.0
3692, 35, 615, 206, 614, 205, 1, 1, 0.7853981633974483, 1.4142135623730951
3692, 36, 599, 210, 598, 209, 1, 1, 0.7853981633974483, 1.4142135623730951
3692, 38, 581, 343, 581, 341, 0, 2, 1.5707963267948966, 2.0
3693, 19, 528, 139, 526, 136, 2, 3, 0.982793723247329, 3.605551275463989
3693, 20, 388, 169, 388, 171, 0, -2, -1.5707963267948966, 2.0
3693, 22, 537, 144, 536, 142, 1, 2, 1.1071487177940904, 2.23606797749979
3693, 23, 539, 255, 540, 254, -1, 1, 2.356194490192345, 1.4142135623730951
3693, 27, 412, 209, 412, 212, 0, -3, -1.5707963267948966, 3.0
3693, 28, 510, 149, 509, 148, 1, 1, 0.7853981633974483, 1.4142135623730951
3694, 10, 612, 283, 612, 285, 0, -2, -1.5707963267948966, 2.0
3694, 11, 451, 106, 453, 108, -2, -2, -2.356194490192345, 2.8284271247461903
3694, 19, 538, 145, 537, 144, 1, 1, 0.7853981633974483, 1.4142135623730951
3694, 20, 538, 256, 539, 255, -1, 1, 2.356194490192345, 1.4142135623730951
3694, 22, 580, 350, 583, 350, -3, 0, 3.141592653589793, 3.0
3694, 23, 456, 180, 456, 182, 0, -2, -1.5707963267948966, 2.0
3694, 24, 413, 207, 412, 209, 1, -2, -1.1071487177940904, 2.23606797749979
3694, 34, 459, 177, 459, 179, 0, -2, -1.5707963267948966, 2.0
3694, 35, 578, 344, 581, 343, -3, 1, 2.819842099193151, 3.1622776601683795
3694, 41, 608, 259, 609, 258, -1, 1, 2.356194490192345, 1.4142135623730951
3695, 8, 464, 114, 461, 114, 3, 0, 0.0, 3.0
3695, 12, 586, 174, 583, 173, 3, 1, 0.3217505543966422, 3.1622776601683795
3695, 13, 619, 206, 617, 206, 2, 0, 0.0, 2.0
3695, 21, 608, 353, 611, 351, -3, 2, 2.5535900500422257, 3.605551275463989
3695, 23, 601, 213, 600, 212, 1, 1, 0.7853981633974483, 1.4142135623730951
3695, 24, 635, 337, 634, 338, 1, -1, -0.7853981633974483, 1.4142135623730951
3695, 26, 509, 149, 508, 148, 1, 1, 0.7853981633974483, 1.4142135623730951
3695, 28, 538, 144, 537, 143, 1, 1, 0.7853981633974483, 1.4142135623730951
3695, 29, 436, 272, 437, 271, -1, 1, 2.356194490192345, 1.4142135623730951
3695, 37, 605, 206, 604, 205, 1, 1, 0.7853981633974483, 1.4142135623730951
3695, 38, 479, 117, 482, 118, -3, -1, -2.819842099193151, 3.1622776601683795
3695, 39, 422, 218, 422, 220, 0, -2, -1.5707963267948966, 2.0
3695, 44, 419, 209, 419, 211, 0, -2, -1.5707963267948966, 2.0
3696, 0, 503, 113, 501, 113, 2, 0, 0.0, 2.0
3696, 1, 580, 308, 581, 307, -1, 1, 2.356194490192345, 1.4142135623730951
3696, 11, 507, 156, 506, 155, 1, 1, 0.7853981633974483, 1.4142135623730951
3696, 12, 588, 175, 586, 174, 2, 1, 0.4636476090008061, 2.23606797749979
3696, 22, 554, 175, 553, 174, 1, 1, 0.7853981633974483, 1.4142135623730951
3696, 28, 539, 145, 538, 144, 1, 1, 0.7853981633974483, 1.4142135623730951
3696, 29, 435, 273, 436, 272, -1, 1, 2.356194490192345, 1.4142135623730951
3696, 31, 483, 150, 482, 151, 1, -1, -0.7853981633974483, 1.4142135623730951
3696, 40, 459, 171, 459, 173, 0, -2, -1.5707963267948966, 2.0
3696, 41, 418, 207, 419, 209, -1, -2, -2.0344439357957027, 2.23606797749979
3697, 12, 588, 177, 588, 175, 0, 2, 1.5707963267948966, 2.0
3697, 25, 510, 150, 509, 149, 1, 1, 0.7853981633974483, 1.4142135623730951
3697, 27, 540, 146, 539, 145, 1, 1, 0.7853981633974483, 1.4142135623730951
3697, 28, 434, 274, 435, 273, -1, 1, 2.356194490192345, 1.4142135623730951
3697, 31, 378, 172, 378, 175, 0, -3, -1.5707963267948966, 3.0
3697, 38, 427, 180, 426, 181, 1, -1, -0.7853981633974483, 1.4142135623730951
3698, 8, 467, 113, 466, 114, 1, -1, -0.7853981633974483, 1.4142135623730951
3698, 12, 589, 179, 588, 177, 1, 2, 1.1071487177940904, 2.23606797749979
3698, 18, 391, 167, 390, 168, 1, -1, -0.7853981633974483, 1.4142135623730951
3698, 19, 537, 258, 538, 257, -1, 1, 2.356194490192345, 1.4142135623730951
3698, 27, 541, 147, 540, 146, 1, 1, 0.7853981633974483, 1.4142135623730951
3698, 28, 432, 275, 434, 274, -2, 1, 2.677945044588987, 2.23606797749979
3698, 31, 379, 170, 378, 172, 1, -2, -1.1071487177940904, 2.23606797749979
3698, 40, 455, 157, 454, 158, 1, -1, -0.7853981633974483, 1.4142135623730951
3699, 3, 552, 205, 553, 204, -1, 1, 2.356194490192345, 1.4142135623730951
3699, 10, 547, 169, 546, 168, 1, 1, 0.7853981633974483, 1.4142135623730951
3699, 12, 589, 182, 589, 179, 0, 3, 1.5707963267948966, 3.0
3699, 17, 567, 331, 568, 330, -1, 1, 2.356194490192345, 1.4142135623730951
3699, 22, 602, 215, 601, 214, 1, 1, 0.7853981633974483, 1.4142135623730951
3699, 25, 511, 151, 510, 150, 1, 1, 0.7853981633974483, 1.4142135623730951
3699, 27, 542, 148, 541, 147, 1, 1, 0.7853981633974483, 1.4142135623730951
3699, 29, 555, 328, 554, 327, 1, 1, 0.7853981633974483, 1.4142135623730951
3699, 31, 379, 166, 379, 170, 0, -4, -1.5707963267948966, 4.0
3700, 2, 506, 113, 504, 114, 2, -1, -0.4636476090008061, 2.23606797749979
3700, 6, 554, 208, 553, 207, 1, 1, 0.7853981633974483, 1.4142135623730951
3700, 11, 593, 346, 592, 347, 1, -1, -0.7853981633974483, 1.4142135623730951
3700, 14, 413, 215, 414, 217, -1, -2, -2.0344439357957027, 2.23606797749979
3700, 16, 454, 103, 453, 105, 1, -2, -1.1071487177940904, 2.23606797749979
3700, 20, 557, 330, 556, 329, 1, 1, 0.7853981633974483, 1.4142135623730951
3700, 22, 612, 356, 611, 357, 1, -1, -0.7853981633974483, 1.4142135623730951
3700, 23, 462, 188, 461, 189, 1, -1, -0.7853981633974483, 1.4142135623730951
3700, 32, 485, 138, 484, 139, 1, -1, -0.7853981633974483, 1.4142135623730951
3700, 33, 532, 150, 531, 147, 1, 3, 1.2490457723982544, 3.1622776601683795
3700, 40, 577, 350, 575, 349, 2, 1, 0.4636476090008061, 2.23606797749979
3700, 41, 576, 287, 575, 285, 1, 2, 1.1071487177940904, 2.23606797749979
3700, 46, 524, 144, 523, 142, 1, 2, 1.1071487177940904, 2.23606797749979
3700, 50, 418, 208, 420, 208, -2, 0, 3.141592653589793, 2.0
3700, 51, 432, 275, 434, 275, -2, 0, 3.141592653589793, 2.0
3701, 0, 605, 352, 604, 353, 1, -1, -0.7853981633974483, 1.4142135623730951
3701, 2, 508, 113, 506, 113, 2, 0, 0.0, 2.0
3701, 12, 573, 332, 572, 331, 1, 1, 0.7853981633974483, 1.4142135623730951
3701, 14, 412, 213, 413, 215, -1, -2, -2.0344439357957027, 2.23606797749979
3701, 16, 458, 103, 454, 103, 4, 0, 0.0, 4.0
3701, 23, 462, 186, 462, 188, 0, -2, -1.5707963267948966, 2.0
3701, 26, 538, 260, 539, 259, -1, 1, 2.356194490192345, 1.4142135623730951
3701, 28, 512, 152, 511, 151, 1, 1, 0.7853981633974483, 1.4142135623730951
3701, 31, 486, 137, 485, 138, 1, -1, -0.7853981633974483, 1.4142135623730951
3701, 32, 533, 153, 532, 150, 1, 3, 1.2490457723982544, 3.1622776601683795
3701, 33, 599, 203, 598, 204, 1, -1, -0.7853981633974483, 1.4142135623730951
3701, 34, 391, 167, 391, 169, 0, -2, -1.5707963267948966, 2.0
3701, 37, 532, 187, 531, 186, 1, 1, 0.7853981633974483, 1.4142135623730951
3701, 38, 443, 145, 444, 147, -1, -2, -2.0344439357957027, 2.23606797749979
3701, 39, 580, 350, 577, 350, 3, 0, 0.0, 3.0
3701, 45, 524, 147, 524, 144, 0, 3, 1.5707963267948966, 3.0
3701, 48, 483, 151, 482, 152, 1, -1, -0.7853981633974483, 1.4142135623730951
3701, 50, 431, 272, 432, 275, -1, -3, -1.892546881191539, 3.1622776601683795
3701, 52, 484, 144, 483, 145, 1, -1, -0.7853981633974483, 1.4142135623730951
3702, 1, 510, 113, 508, 113, 2, 0, 0.0, 2.0
3702, 9, 594, 344, 593, 345, 1, -1, -0.7853981633974483, 1.4142135623730951
3702, 12, 412, 210, 412, 213, 0, -3, -1.5707963267948966, 3.0
3702, 14, 463, 103, 458, 103, 5, 0, 0.0, 5.0
3702, 20, 613, 353, 612, 355, 1, -2, -1.1071487177940904, 2.23606797749979
3702, 36, 583, 349, 580, 350, 3, -1, -0.3217505543966422, 3.1622776601683795
3702, 40, 582, 249, 582, 251, 0, -2, -1.5707963267948966, 2.0
3702, 41, 525, 149, 524, 147, 1, 2, 1.1071487177940904, 2.23606797749979
3702, 42, 613, 254, 615, 254, -2, 0, 3.141592653589793, 2.0
3702, 43, 438, 264, 440, 261, -2, 3, 2.158798930342464, 3.605551275463989
3702, 45, 415, 208, 417, 208, -2, 0, 3.141592653589793, 2.0
3702, 46, 435, 271, 431, 272, 4, -1, -0.24497866312686414, 4.123105625617661
3703, 1, 512, 113, 510, 113, 2, 0, 0.0, 2.0
3703, 13, 432, 169, 432, 171, 0, -2, -1.5707963267948966, 2.0
3703, 19, 614, 352, 613, 353, 1, -1, -0.7853981633974483, 1.4142135623730951
3703, 23, 513, 154, 512, 153, 1, 1, 0.7853981633974483, 1.4142135623730951
3703, 24, 610, 261, 611, 260, -1, 1, 2.356194490192345, 1.4142135623730951
3703, 26, 534, 152, 533, 154, 1, -2, -1.1071487177940904, 2.23606797749979
3703, 27, 603, 205, 600, 203, 3, 2, 0.5880026035475675, 3.605551275463989
3703, 38, 527, 149, 525, 149, 2, 0, 0.0, 2.0
3703, 45, 484, 141, 484, 143, 0, -2, -1.5707963267948966, 2.0
3704, 13, 466, 104, 464, 103, 2, 1, 0.4636476090008061, 2.23606797749979
3704, 14, 518, 182, 516, 181, 2, 1, 0.4636476090008061, 2.23606797749979
3704, 18, 616, 350, 614, 352, 2, -2, -0.7853981633974483, 2.8284271247461903
3704, 19, 505, 120, 504, 121, 1, -1, -0.7853981633974483, 1.4142135623730951
3704, 20, 537, 263, 538, 262, -1, 1, 2.356194490192345, 1.4142135623730951
3704, 26, 604, 206, 603, 205, 1, 1, 0.7853981633974483, 1.4142135623730951
3704, 27, 391, 163, 391, 165, 0, -2, -1.5707963267948966, 2.0
3704, 35, 580, 247, 582, 248, -2, -1, -2.677945044588987, 2.23606797749979
3704, 37, 612, 255, 613, 254, -1, 1, 2.356194490192345, 1.4142135623730951
3704, 39, 484, 149, 483, 150, 1, -1, -0.7853981633974483, 1.4142135623730951
3705, 1, 512, 115, 510, 115, 2, 0, 0.0, 2.0
3705, 5, 543, 160, 542, 158, 1, 2, 1.1071487177940904, 2.23606797749979
3705, 8, 459, 175, 460, 177, -1, -2, -2.0344439357957027, 2.23606797749979
3705, 11, 557, 210, 556, 209, 1, 1, 0.7853981633974483, 1.4142135623730951
3705, 13, 541, 264, 542, 263, -1, 1, 2.356194490192345, 1.4142135623730951
3705, 16, 494, 122, 493, 123, 1, -1, -0.7853981633974483, 1.4142135623730951
3705, 21, 464, 110, 465, 112, -1, -2, -2.0344439357957027, 2.23606797749979
3705, 22, 577, 232, 576, 231, 1, 1, 0.7853981633974483, 1.4142135623730951
3705, 24, 617, 349, 614, 350, 3, -1, -0.3217505543966422, 3.1622776601683795
3705, 26, 520, 184, 518, 182, 2, 2, 0.7853981633974483, 2.8284271247461903
3705, 27, 548, 175, 546, 174, 2, 1, 0.4636476090008061, 2.23606797749979
3705, 32, 517, 156, 516, 155, 1, 1, 0.7853981633974483, 1.4142135623730951
3705, 33, 534, 262, 535, 261, -1, 1, 2.356194490192345, 1.4142135623730951
3705, 37, 473, 132, 471, 132, 2, 0, 0.0, 2.0
3705, 39, 535, 151, 534, 150, 1, 1, 0.7853981633974483, 1.4142135623730951
3705, 43, 451, 128, 448, 129, 3, -1, -0.3217505543966422, 3.1622776601683795
3706, 0, 607, 352, 606, 353, 1, -1, -0.7853981633974483, 1.4142135623730951
3706, 5, 626, 292, 628, 292, -2, 0, 3.141592653589793, 2.0
3706, 10, 558, 211, 557, 210, 1, 1, 0.7853981633974483, 1.4142135623730951
3706, 13, 574, 334, 573, 333, 1, 1, 0.7853981633974483, 1.4142135623730951
3706, 15, 494, 120, 494, 122, 0, -2, -1.5707963267948966, 2.0
3706, 16, 615, 287, 614, 286, 1, 1, 0.7853981633974483, 1.4142135623730951
3706, 21, 578, 233, 577, 232, 1, 1, 0.7853981633974483, 1.4142135623730951
3706, 23, 619, 348, 617, 349, 2, -1, -0.4636476090008061, 2.23606797749979
3706, 24, 593, 194, 594, 193, -1, 1, 2.356194490192345, 1.4142135623730951
3706, 25, 522, 187, 520, 184, 2, 3, 0.982793723247329, 3.605551275463989
3706, 26, 550, 178, 548, 175, 2, 3, 0.982793723247329, 3.605551275463989
3706, 31, 533, 263, 534, 262, -1, 1, 2.356194490192345, 1.4142135623730951
3706, 34, 475, 132, 473, 132, 2, 0, 0.0, 2.0
3706, 37, 450, 188, 449, 189, 1, -1, -0.7853981633974483, 1.4142135623730951
3706, 40, 454, 127, 451, 128, 3, -1, -0.3217505543966422, 3.1622776601683795
3707, 11, 540, 267, 541, 265, -1, 2, 2.0344439357957027, 2.23606797749979
3707, 14, 494, 118, 494, 120, 0, -2, -1.5707963267948966, 2.0
3707, 23, 521, 188, 522, 187, -1, 1, 2.356194490192345, 1.4142135623730951
3707, 24, 552, 178, 550, 178, 2, 0, 0.0, 2.0
3707, 26, 555, 183, 554, 180, 1, 3, 1.2490457723982544, 3.1622776601683795
3707, 28, 517, 159, 517, 157, 0, 2, 1.5707963267948966, 2.0
3707, 29, 532, 264, 533, 263, -1, 1, 2.356194490192345, 1.4142135623730951
3707, 31, 478, 132, 475, 132, 3, 0, 0.0, 3.0
3708, 11, 539, 268, 540, 267, -1, 1, 2.356194490192345, 1.4142135623730951
3708, 21, 522, 191, 521, 188, 1, 3, 1.2490457723982544, 3.1622776601683795
3708, 29, 481, 132, 478, 132, 3, 0, 0.0, 3.0
3708, 31, 536, 155, 535, 153, 1, 2, 1.1071487177940904, 2.23606797749979
3708, 34, 457, 129, 454, 128, 3, 1, 0.3217505543966422, 3.1622776601683795
3709, 0, 607, 351, 606, 352, 1, -1, -0.7853981633974483, 1.4142135623730951
3709, 2, 632, 316, 629, 316, 3, 0, 0.0, 3.0
3709, 10, 538, 269, 539, 268, -1, 1, 2.356194490192345, 1.4142135623730951
3709, 17, 577, 232, 578, 234, -1, -2, -2.0344439357957027, 2.23606797749979
3709, 19, 522, 193, 522, 191, 0, 2, 1.5707963267948966, 2.0
3709, 25, 531, 266, 532, 265, -1, 1, 2.356194490192345, 1.4142135623730951
3709, 29, 537, 158, 536, 155, 1, 3, 1.2490457723982544, 3.1622776601683795
3710, 12, 434, 168, 434, 170, 0, -2, -1.5707963267948966, 2.0
3710, 19, 541, 269, 542, 268, -1, 1, 2.356194490192345, 1.4142135623730951
3710, 26, 509, 129, 507, 130, 2, -1, -0.4636476090008061, 2.23606797749979
3710, 29, 551, 156, 550, 155, 1, 1, 0.7853981633974483, 1.4142135623730951
3710, 34, 576, 225, 578, 227, -2, -2, -2.356194490192345, 2.8284271247461903
3710, 40, 542, 158, 541, 157, 1, 1, 0.7853981633974483, 1.4142135623730951
3710, 43, 584, 243, 583, 242, 1, 1, 0.7853981633974483, 1.4142135623730951
3710, 45, 576, 249, 576, 247, 0, 2, 1.5707963267948966, 2.0
3710, 47, 425, 208, 425, 210, 0, -2, -1.5707963267948966, 2.0
3710, 48, 412, 212, 412, 214, 0, -2, -1.5707963267948966, 2.0
3711, 10, 508, 120, 506, 120, 2, 0, 0.0, 2.0
3711, 19, 540, 270, 541, 269, -1, 1, 2.356194490192345, 1.4142135623730951
3711, 22, 559, 187, 558, 186, 1, 1, 0.7853981633974483, 1.4142135623730951
3711, 26, 511, 129, 509, 129, 2, 0, 0.0, 2.0
3711, 34, 575, 223, 576, 225, -1, -2, -2.0344439357957027, 2.23606797749979
3711, 36, 461, 156, 460, 157, 1, -1, -0.7853981633974483, 1.4142135623730951
3711, 41, 450, 185, 450, 187, 0, -2, -1.5707963267948966, 2.0
3711, 43, 585, 242, 584, 243, 1, -1, -0.7853981633974483, 1.4142135623730951
3711, 45, 577, 251, 576, 249, 1, 2, 1.1071487177940904, 2.23606797749979
3711, 46, 425, 206, 425, 208, 0, -2, -1.5707963267948966, 2.0
3711, 47, 413, 210, 412, 212, 1, -2, -1.1071487177940904, 2.23606797749979
3712, 17, 539, 272, 540, 270, -1, 2, 2.0344439357957027, 2.23606797749979
3712, 20, 560, 188, 559, 187, 1, 1, 0.7853981633974483, 1.4142135623730951
3712, 27, 552, 159, 551, 157, 1, 2, 1.1071487177940904, 2.23606797749979
3712, 31, 574, 220, 575, 223, -1, -3, -1.892546881191539, 3.1622776601683795
3712, 41, 579, 253, 577, 251, 2, 2, 0.7853981633974483, 2.8284271247461903
3712, 42, 425, 204, 425, 206, 0, -2, -1.5707963267948966, 2.0
3713, 6, 510, 121, 509, 120, 1, 1, 0.7853981633974483, 1.4142135623730951
3713, 9, 618, 314, 617, 315, 1, -1, -0.7853981633974483, 1.4142135623730951
3713, 11, 612, 263, 612, 266, 0, -3, -1.5707963267948966, 3.0
3713, 14, 538, 274, 539, 272, -1, 2, 2.0344439357957027, 2.23606797749979
3713, 17, 561, 189, 560, 188, 1, 1, 0.7853981633974483, 1.4142135623730951
3713, 21, 513, 128, 512, 129, 1, -1, -0.7853981633974483, 1.4142135623730951
3713, 28, 575, 222, 574, 220, 1, 2, 1.1071487177940904, 2.23606797749979
3713, 33, 612, 236, 613, 235, -1, 1, 2.356194490192345, 1.4142135623730951
3713, 37, 580, 256, 579, 253, 1, 3, 1.2490457723982544, 3.1622776601683795
3713, 38, 425, 202, 425, 204, 0, -2, -1.5707963267948966, 2.0
3714, 0, 518, 117, 517, 116, 1, 1, 0.7853981633974483, 1.4142135623730951
3714, 6, 512, 121, 510, 121, 2, 0, 0.0, 2.0
3714, 13, 537, 275, 538, 274, -1, 1, 2.356194490192345, 1.4142135623730951
3714, 22, 554, 160, 553, 159, 1, 1, 0.7853981633974483, 1.4142135623730951
3714, 35, 581, 258, 580, 256, 1, 2, 1.1071487177940904, 2.23606797749979
3715, 1, 611, 357, 610, 356, 1, 1, 0.7853981633974483, 1.4142135623730951
3715, 3, 597, 235, 598, 234, -1, 1, 2.356194490192345, 1.4142135623730951
3715, 6, 445, 217, 447, 217, -2, 0, 3.141592653589793, 2.0
3715, 16, 561, 189, 560, 188, 1, 1, 0.7853981633974483, 1.4142135623730951
3715, 17, 554, 160, 553, 159, 1, 1, 0.7853981633974483, 1.4142135623730951
3715, 20, 501, 117, 498, 117, 3, 0, 0.0, 3.0
3715, 24, 621, 360, 619, 361, 2, -1, -0.4636476090008061, 2.23606797749979
3715, 30, 561, 179, 560, 178, 1, 1, 0.7853981633974483, 1.4142135623730951
3715, 41, 535, 272, 536, 271, -1, 1, 2.356194490192345, 1.4142135623730951
3715, 43, 583, 257, 581, 257, 2, 0, 0.0, 2.0
3715, 45, 388, 168, 388, 170, 0, -2, -1.5707963267948966, 2.0
3715, 46, 590, 190, 588, 190, 2, 0, 0.0, 2.0
3716, 0, 521, 119, 519, 118, 2, 1, 0.4636476090008061, 2.23606797749979
3716, 8, 626, 355, 625, 356, 1, -1, -0.7853981633974483, 1.4142135623730951
3716, 10, 555, 176, 553, 176, 2, 0, 0.0, 2.0
3716, 11, 511, 121, 509, 121, 2, 0, 0.0, 2.0
3716, 15, 555, 161, 554, 160, 1, 1, 0.7853981633974483, 1.4142135623730951
3716, 17, 504, 118, 501, 117, 3, 1, 0.3217505543966422, 3.1622776601683795
3716, 18, 619, 315, 618, 316, 1, -1, -0.7853981633974483, 1.4142135623730951
3716, 24, 588, 254, 588, 256, 0, -2, -1.5707963267948966, 2.0
3716, 32, 532, 204, 531, 203, 1, 1, 0.7853981633974483, 1.4142135623730951
3716, 40, 391, 168, 388, 168, 3, 0, 0.0, 3.0
3717, 4, 581, 315, 583, 315, -2, 0, 3.141592653589793, 2.0
3717, 7, 627, 354, 626, 355, 1, -1, -0.7853981633974483, 1.4142135623730951
3717, 8, 626, 296, 625, 295, 1, 1, 0.7853981633974483, 1.4142135623730951
3717, 9, 557, 177, 555, 176, 2, 1, 0.4636476090008061, 2.23606797749979
3717, 11, 564, 333, 563, 332, 1, 1, 0.7853981633974483, 1.4142135623730951
3717, 16, 507, 120, 504, 118, 3, 2, 0.5880026035475675, 3.605551275463989
3717, 20, 623, 359, 622, 360, 1, -1, -0.7853981633974483, 1.4142135623730951
3717, 21, 541, 279, 542, 277, -1, 2, 2.0344439357957027, 2.23606797749979
3717, 28, 603, 190, 604, 189, -1, 1, 2.356194490192345, 1.4142135623730951
3717, 30, 531, 205, 532, 204, -1, 1, 2.356194490192345, 1.4142135623730951
3717, 38, 393, 166, 391, 168, 2, -2, -0.7853981633974483, 2.8284271247461903
3717, 39, 606, 287, 605, 288, 1, -1, -0.7853981633974483, 1.4142135623730951
3718, 0, 524, 119, 522, 119, 2, 0, 0.0, 2.0
3718, 7, 628, 353, 627, 354, 1, -1, -0.7853981633974483, 1.4142135623730951
3718, 9, 559, 179, 557, 177, 2, 2, 0.7853981633974483, 2.8284271247461903
3718, 10, 513, 122, 512, 121, 1, 1, 0.7853981633974483, 1.4142135623730951
3718, 15, 509, 122, 507, 120, 2, 2, 0.7853981633974483, 2.8284271247461903
3718, 18, 624, 358, 623, 359, 1, -1, -0.7853981633974483, 1.4142135623730951
3718, 32, 534, 275, 535, 274, -1, 1, 2.356194490192345, 1.4142135623730951
3718, 34, 581, 254, 583, 255, -2, -1, -2.677945044588987, 2.23606797749979
3718, 36, 394, 165, 393, 166, 1, -1, -0.7853981633974483, 1.4142135623730951
3719, 0, 526, 119, 524, 119, 2, 0, 0.0, 2.0
3719, 4, 579, 317, 581, 316, -2, 1, 2.677945044588987, 2.23606797749979
3719, 9, 561, 181, 559, 179, 2, 2, 0.7853981633974483, 2.8284271247461903
3719, 15, 510, 123, 509, 122, 1, 1, 0.7853981633974483, 1.4142135623730951
3719, 24, 489, 148, 488, 149, 1, -1, -0.7853981633974483, 1.4142135623730951
3719, 27, 530, 206, 531, 205, -1, 1, 2.356194490192345, 1.4142135623730951
3719, 28, 440, 113, 439, 114, 1, -1, -0.7853981633974483, 1.4142135623730951
3719, 30, 478, 114, 477, 115, 1, -1, -0.7853981633974483, 1.4142135623730951
3719, 31, 533, 276, 534, 275, -1, 1, 2.356194490192345, 1.4142135623730951
3719, 34, 395, 164, 394, 165, 1, -1, -0.7853981633974483, 1.4142135623730951
3720, 1, 469, 227, 469, 229, 0, -2, -1.5707963267948966, 2.0
3720, 5, 560, 183, 560, 181, 0, 2, 1.5707963267948966, 2.0
3720, 10, 435, 165, 435, 167, 0, -2, -1.5707963267948966, 2.0
3720, 16, 625, 352, 624, 353, 1, -1, -0.7853981633974483, 1.4142135623730951
3720, 17, 516, 170, 515, 169, 1, 1, 0.7853981633974483, 1.4142135623730951
3720, 18, 614, 291, 615, 290, -1, 1, 2.356194490192345, 1.4142135623730951
3720, 20, 414, 204, 414, 206, 0, -2, -1.5707963267948966, 2.0
3720, 22, 512, 125, 513, 127, -1, -2, -2.0344439357957027, 2.23606797749979
3720, 23, 570, 335, 569, 334, 1, 1, 0.7853981633974483, 1.4142135623730951
3720, 25, 547, 168, 546, 167, 1, 1, 0.7853981633974483, 1.4142135623730951
3720, 27, 585, 233, 585, 235, 0, -2, -1.5707963267948966, 2.0
3720, 28, 618, 242, 617, 243, 1, -1, -0.7853981633974483, 1.4142135623730951
3720, 29, 607, 291, 608, 293, -1, -2, -2.0344439357957027, 2.23606797749979
3720, 31, 547, 175, 546, 174, 1, 1, 0.7853981633974483, 1.4142135623730951
3720, 39, 482, 114, 480, 114, 2, 0, 0.0, 2.0
3721, 0, 526, 120, 524, 120, 2, 0, 0.0, 2.0
3721, 5, 560, 185, 560, 183, 0, 2, 1.5707963267948966, 2.0
3721, 13, 475, 112, 473, 113, 2, -1, -0.4636476090008061, 2.23606797749979
3721, 17, 517, 171, 516, 170, 1, 1, 0.7853981633974483, 1.4142135623730951
3721, 18, 613, 292, 614, 291, -1, 1, 2.356194490192345, 1.4142135623730951
3721, 19, 540, 283, 540, 281, 0, 2, 1.5707963267948966, 2.0
3721, 20, 414, 202, 414, 204, 0, -2, -1.5707963267948966, 2.0
3721, 25, 548, 169, 547, 168, 1, 1, 0.7853981633974483, 1.4142135623730951
3721, 27, 606, 289, 607, 291, -1, -2, -2.0344439357957027, 2.23606797749979
3721, 30, 425, 202, 426, 204, -1, -2, -2.0344439357957027, 2.23606797749979
3722, 5, 561, 186, 560, 185, 1, 1, 0.7853981633974483, 1.4142135623730951
3722, 10, 435, 162, 435, 164, 0, -2, -1.5707963267948966, 2.0
3722, 17, 518, 172, 517, 171, 1, 1, 0.7853981633974483, 1.4142135623730951
3722, 18, 612, 293, 613, 292, -1, 1, 2.356194490192345, 1.4142135623730951
3722, 20, 414, 200, 414, 202, 0, -2, -1.5707963267948966, 2.0
3722, 22, 513, 124, 512, 125, 1, -1, -0.7853981633974483, 1.4142135623730951
3722, 24, 611, 217, 611, 219, 0, -2, -1.5707963267948966, 2.0
3722, 33, 555, 164, 554, 163, 1, 1, 0.7853981633974483, 1.4142135623730951
3723, 2, 583, 318, 581, 316, 2, 2, 0.7853981633974483, 2.8284271247461903
3723, 7, 561, 224, 559, 221, 2, 3, 0.982793723247329, 3.605551275463989
3723, 11, 582, 341, 581, 340, 1, 1, 0.7853981633974483, 1.4142135623730951
3723, 13, 542, 160, 541, 159, 1, 1, 0.7853981633974483, 1.4142135623730951
3723, 14, 458, 226, 458, 228, 0, -2, -1.5707963267948966, 2.0
3723, 19, 415, 197, 414, 200, 1, -3, -1.2490457723982544, 3.1622776601683795
3723, 26, 626, 216, 625, 217, 1, -1, -0.7853981633974483, 1.4142135623730951
3723, 32, 485, 113, 484, 114, 1, -1, -0.7853981633974483, 1.4142135623730951
3724, 5, 595, 186, 593, 186, 2, 0, 0.0, 2.0
3724, 7, 560, 225, 561, 224, -1, 1, 2.356194490192345, 1.4142135623730951
3724, 9, 436, 159, 435, 161, 1, -2, -1.1071487177940904, 2.23606797749979
3724, 12, 474, 108, 475, 110, -1, -2, -2.0344439357957027, 2.23606797749979
3724, 13, 544, 161, 542, 160, 2, 1, 0.4636476090008061, 2.23606797749979
3724, 14, 458, 224, 458, 226, 0, -2, -1.5707963267948966, 2.0
3724, 16, 520, 173, 519, 172, 1, 1, 0.7853981633974483, 1.4142135623730951
3724, 18, 539, 286, 540, 285, -1, 1, 2.356194490192345, 1.4142135623730951
3724, 19, 415, 195, 415, 197, 0, -2, -1.5707963267948966, 2.0
3724, 22, 573, 336, 572, 335, 1, 1, 0.7853981633974483, 1.4142135623730951
3724, 24, 547, 172, 548, 171, -1, 1, 2.356194490192345, 1.4142135623730951
3725, 0, 528, 123, 527, 122, 1, 1, 0.7853981633974483, 1.4142135623730951
3725, 7, 486, 120, 484, 120, 2, 0, 0.0, 2.0
3725, 10, 595, 190, 594, 188, 1, 2, 1.1071487177940904, 2.23606797749979
3725, 17, 546, 163, 545, 161, 1, 2, 1.1071487177940904, 2.23606797749979
3725, 18, 543, 285, 542, 284, 1, 1, 0.7853981633974483, 1.4142135623730951
3725, 31, 518, 176, 519, 175, -1, 1, 2.356194490192345, 1.4142135623730951
3725, 34, 465, 153, 464, 154, 1, -1, -0.7853981633974483, 1.4142135623730951
3726, 7, 488, 119, 486, 120, 2, -1, -0.4636476090008061, 2.23606797749979
3726, 9, 596, 191, 595, 190, 1, 1, 0.7853981633974483, 1.4142135623730951
3726, 16, 548, 164, 546, 163, 2, 1, 0.4636476090008061, 2.23606797749979
3726, 18, 599, 263, 600, 262, -1, 1, 2.356194490192345, 1.4142135623730951
3726, 22, 629, 355, 628, 356, 1, -1, -0.7853981633974483, 1.4142135623730951
3726, 33, 466, 152, 465, 153, 1, -1, -0.7853981633974483, 1.4142135623730951
3727, 7, 489, 118, 488, 119, 1, -1, -0.7853981633974483, 1.4142135623730951
3727, 9, 596, 193, 596, 191, 0, 2, 1.5707963267948966, 2.0
3727, 15, 549, 167, 548, 164, 1, 3, 1.2490457723982544, 3.1622776601683795
3727, 16, 544, 287, 543, 286, 1, 1, 0.7853981633974483, 1.4142135623730951
3727, 18, 558, 171, 557, 170, 1, 1, 0.7853981633974483, 1.4142135623730951
3727, 25, 497, 147, 496, 148, 1, -1, -0.7853981633974483, 1.4142135623730951
3727, 26, 462, 235, 461, 236, 1, -1, -0.7853981633974483, 1.4142135623730951
3727, 28, 519, 178, 518, 177, 1, 1, 0.7853981633974483, 1.4142135623730951
3727, 31, 467, 151, 466, 152, 1, -1, -0.7853981633974483, 1.4142135623730951
3728, 0, 532, 124, 530, 123, 2, 1, 0.4636476090008061, 2.23606797749979
3728, 10, 606, 201, 605, 197, 1, 4, 1.3258176636680326, 4.123105625617661
3728, 14, 544, 289, 544, 287, 0, 2, 1.5707963267948966, 2.0
3728, 15, 600, 266, 599, 263, 1, 3, 1.2490457723982544, 3.1622776601683795
3728, 16, 560, 175, 558, 171, 2, 4, 1.1071487177940904, 4.47213595499958
3728, 19, 631, 354, 630, 355, 1, -1, -0.7853981633974483, 1.4142135623730951
3728, 23, 499, 147, 497, 147, 2, 0, 0.0, 2.0
3729, 0, 534, 125, 532, 124, 2, 1, 0.4636476090008061, 2.23606797749979
3729, 12, 549, 170, 549, 167, 0, 3, 1.5707963267948966, 3.0
3729, 13, 545, 291, 544, 289, 1, 2, 1.1071487177940904, 2.23606797749979
3729, 18, 632, 353, 631, 354, 1, -1, -0.7853981633974483, 1.4142135623730951
3730, 0, 467, 225, 468, 227, -1, -2, -2.0344439357957027, 2.23606797749979
3730, 1, 534, 126, 533, 125, 1, 1, 0.7853981633974483, 1.4142135623730951
3730, 7, 487, 118, 487, 120, 0, -2, -1.5707963267948966, 2.0
3730, 9, 527, 133, 526, 132, 1, 1, 0.7853981633974483, 1.4142135623730951
3730, 15, 480, 107, 477, 108, 3, -1, -0.3217505543966422, 3.1622776601683795
3730, 21, 463, 234, 463, 236, 0, -2, -1.5707963267948966, 2.0
3730, 26, 622, 352, 621, 353, 1, -1, -0.7853981633974483, 1.4142135623730951
3730, 28, 631, 355, 630, 356, 1, -1, -0.7853981633974483, 1.4142135623730951
3730, 30, 587, 258, 588, 256, -1, 2, 2.0344439357957027, 2.23606797749979
3730, 37, 494, 149, 493, 150, 1, -1, -0.7853981633974483, 1.4142135623730951
3730, 43, 468, 153, 467, 154, 1, -1, -0.7853981633974483, 1.4142135623730951
3731, 0, 536, 126, 534, 126, 2, 0, 0.0, 2.0
3731, 10, 625, 299, 626, 298, -1, 1, 2.356194490192345, 1.4142135623730951
3731, 11, 547, 291, 546, 289, 1, 2, 1.1071487177940904, 2.23606797749979
3731, 13, 607, 354, 606, 355, 1, -1, -0.7853981633974483, 1.4142135623730951
3731, 19, 462, 232, 463, 234, -1, -2, -2.0344439357957027, 2.23606797749979
3731, 23, 625, 349, 622, 352, 3, -3, -0.7853981633974483, 4.242640687119285
3731, 25, 632, 353, 631, 355, 1, -2, -1.1071487177940904, 2.23606797749979
3731, 27, 586, 260, 587, 258, -1, 2, 2.0344439357957027, 2.23606797749979
3731, 29, 571, 341, 570, 340, 1, 1, 0.7853981633974483, 1.4142135623730951
3731, 32, 606, 199, 607, 198, -1, 1, 2.356194490192345, 1.4142135623730951
3732, 0, 538, 127, 536, 126, 2, 1, 0.4636476090008061, 2.23606797749979
3732, 1, 619, 362, 618, 361, 1, 1, 0.7853981633974483, 1.4142135623730951
3732, 12, 611, 297, 611, 299, 0, -2, -1.5707963267948966, 2.0
3732, 14, 481, 108, 479, 107, 2, 1, 0.4636476090008061, 2.23606797749979
3732, 15, 587, 346, 586, 345, 1, 1, 0.7853981633974483, 1.4142135623730951
3732, 18, 614, 291, 615, 290, -1, 1, 2.356194490192345, 1.4142135623730951
3732, 23, 628, 346, 625, 349, 3, -3, -0.7853981633974483, 4.242640687119285
3732, 25, 633, 352, 632, 353, 1, -1, -0.7853981633974483, 1.4142135623730951
3732, 28, 419, 199, 419, 201, 0, -2, -1.5707963267948966, 2.0
3732, 35, 521, 180, 520, 179, 1, 1, 0.7853981633974483, 1.4142135623730951
3733, 0, 540, 127, 538, 127, 2, 0, 0.0, 2.0
3733, 8, 529, 132, 528, 133, 1, -1, -0.7853981633974483, 1.4142135623730951
3733, 11, 547, 294, 547, 292, 0, 2, 1.5707963267948966, 2.0
3733, 12, 610, 354, 608, 354, 2, 0, 0.0, 2.0
3733, 13, 483, 109, 481, 108, 2, 1, 0.4636476090008061, 2.23606797749979
3733, 18, 550, 167, 549, 168, 1, -1, -0.7853981633974483, 1.4142135623730951
3733, 21, 630, 344, 628, 346, 2, -2, -0.7853981633974483, 2.8284271247461903
3733, 23, 635, 350, 633, 352, 2, -2, -0.7853981633974483, 2.8284271247461903
3733, 26, 572, 342, 571, 341, 1, 1, 0.7853981633974483, 1.4142135623730951
3733, 29, 605, 200, 606, 199, -1, 1, 2.356194490192345, 1.4142135623730951
3733, 30, 495, 147, 494, 148, 1, -1, -0.7853981633974483, 1.4142135623730951
3733, 32, 522, 181, 521, 180, 1, 1, 0.7853981633974483, 1.4142135623730951
3733, 33, 505, 140, 503, 140, 2, 0, 0.0, 2.0
3734, 0, 541, 128, 540, 127, 1, 1, 0.7853981633974483, 1.4142135623730951
3734, 6, 612, 215, 611, 218, 1, -3, -1.2490457723982544, 3.1622776601683795
3734, 10, 548, 296, 547, 294, 1, 2, 1.1071487177940904, 2.23606797749979
3734, 12, 486, 110, 483, 109, 3, 1, 0.3217505543966422, 3.1622776601683795
3734, 21, 626, 220, 625, 221, 1, -1, -0.7853981633974483, 1.4142135623730951
3734, 22, 635, 348, 635, 350, 0, -2, -1.5707963267948966, 2.0
3734, 24, 586, 258, 585, 259, 1, -1, -0.7853981633974483, 1.4142135623730951
3734, 31, 521, 182, 522, 181, -1, 1, 2.356194490192345, 1.4142135623730951
3734, 32, 501, 139, 505, 140, -4, -1, -2.896613990462929, 4.123105625617661
3734, 33, 613, 265, 613, 263, 0, 2, 1.5707963267948966, 2.0
3735, 2, 585, 323, 586, 322, -1, 1, 2.356194490192345, 1.4142135623730951
3735, 16, 596, 356, 597, 355, -1, 1, 2.356194490192345, 1.4142135623730951
3735, 19, 633, 345, 631, 346, 2, -1, -0.4636476090008061, 2.23606797749979
3735, 21, 635, 352, 635, 354, 0, -2, -1.5707963267948966, 2.0
3735, 30, 420, 198, 420, 200, 0, -2, -1.5707963267948966, 2.0
3736, 1, 540, 128, 539, 127, 1, 1, 0.7853981633974483, 1.4142135623730951
3736, 8, 577, 345, 575, 345, 2, 0, 0.0, 2.0
3736, 10, 439, 160, 438, 161, 1, -1, -0.7853981633974483, 1.4142135623730951
3736, 16, 635, 344, 633, 345, 2, -1, -0.4636476090008061, 2.23606797749979
3736, 21, 500, 145, 499, 144, 1, 1, 0.7853981633974483, 1.4142135623730951
3736, 22, 402, 154, 401, 155, 1, -1, -0.7853981633974483, 1.4142135623730951
3736, 25, 547, 298, 547, 296, 0, 2, 1.5707963267948966, 2.0
3737, 3, 600, 236, 603, 237, -3, -1, -2.819842099193151, 3.1622776601683795
3737, 4, 556, 184, 557, 183, -1, 1, 2.356194490192345, 1.4142135623730951
3737, 11, 593, 357, 595, 356, -2, 1, 2.677945044588987, 2.23606797749979
3737, 14, 635, 349, 635, 351, 0, -2, -1.5707963267948966, 2.0
3737, 21, 548, 299, 547, 298, 1, 1, 0.7853981633974483, 1.4142135623730951
3737, 22, 420, 195, 420, 197, 0, -2, -1.5707963267948966, 2.0
3738, 0, 542, 129, 541, 128, 1, 1, 0.7853981633974483, 1.4142135623730951
3738, 11, 591, 357, 593, 357, -2, 0, 3.141592653589793, 2.0
3739, 2, 565, 231, 566, 230, -1, 1, 2.356194490192345, 1.4142135623730951
3739, 7, 440, 156, 439, 158, 1, -2, -1.1071487177940904, 2.23606797749979
3739, 8, 591, 348, 590, 347, 1, 1, 0.7853981633974483, 1.4142135623730951
3739, 10, 589, 358, 591, 357, -2, 1, 2.677945044588987, 2.23606797749979
3739, 17, 404, 150, 402, 152, 2, -2, -0.7853981633974483, 2.8284271247461903
3739, 19, 527, 184, 526, 182, 1, 2, 1.1071487177940904, 2.23606797749979
3739, 20, 549, 301, 548, 300, 1, 1, 0.7853981633974483, 1.4142135623730951
3739, 21, 565, 191, 565, 193, 0, -2, -1.5707963267948966, 2.0
3740, 3, 568, 196, 569, 195, -1, 1, 2.356194490192345, 1.4142135623730951
3740, 13, 440, 156, 440, 160, 0, -4, -1.5707963267948966, 4.0
3740, 16, 635, 322, 638, 322, -3, 0, 3.141592653589793, 3.0
3740, 17, 592, 346, 591, 348, 1, -2, -1.1071487177940904, 2.23606797749979
3740, 31, 635, 356, 638, 356, -3, 0, 3.141592653589793, 3.0
3740, 35, 553, 179, 553, 177, 0, 2, 1.5707963267948966, 2.0
3740, 38, 404, 150, 403, 151, 1, -1, -0.7853981633974483, 1.4142135623730951
3740, 39, 499, 119, 497, 118, 2, 1, 0.4636476090008061, 2.23606797749979
3741, 16, 550, 300, 549, 299, 1, 1, 0.7853981633974483, 1.4142135623730951
3741, 17, 529, 186, 529, 184, 0, 2, 1.5707963267948966, 2.0
3741, 18, 555, 184, 557, 184, -2, 0, 3.141592653589793, 2.0
3741, 21, 523, 128, 522, 129, 1, -1, -0.7853981633974483, 1.4142135623730951
3741, 22, 535, 143, 534, 144, 1, -1, -0.7853981633974483, 1.4142135623730951
3741, 23, 472, 150, 471, 151, 1, -1, -0.7853981633974483, 1.4142135623730951
3741, 29, 552, 180, 553, 179, -1, 1, 2.356194490192345, 1.4142135623730951
3742, 0, 545, 131, 544, 130, 1, 1, 0.7853981633974483, 1.4142135623730951
3742, 8, 536, 133, 535, 132, 1, 1, 0.7853981633974483, 1.4142135623730951
3742, 10, 439, 153, 440, 155, -1, -2, -2.0344439357957027, 2.23606797749979
3742, 15, 551, 302, 550, 300, 1, 2, 1.1071487177940904, 2.23606797749979
3742, 16, 530, 187, 529, 186, 1, 1, 0.7853981633974483, 1.4142135623730951
3742, 20, 524, 127, 523, 128, 1, -1, -0.7853981633974483, 1.4142135623730951
3743, 8, 537, 134, 536, 133, 1, 1, 0.7853981633974483, 1.4142135623730951
3743, 19, 527, 127, 524, 127, 3, 0, 0.0, 3.0
3743, 21, 473, 148, 472, 149, 1, -1, -0.7853981633974483, 1.4142135623730951
3743, 23, 499, 152, 498, 153, 1, -1, -0.7853981633974483, 1.4142135623730951
3743, 30, 405, 147, 404, 148, 1, -1, -0.7853981633974483, 1.4142135623730951
3744, 0, 548, 132, 546, 131, 2, 1, 0.4636476090008061, 2.23606797749979
3744, 12, 595, 348, 594, 347, 1, 1, 0.7853981633974483, 1.4142135623730951
3744, 14, 552, 305, 551, 303, 1, 2, 1.1071487177940904, 2.23606797749979
3744, 18, 530, 128, 527, 127, 3, 1, 0.3217505543966422, 3.1622776601683795
3744, 27, 515, 147, 512, 147, 3, 0, 0.0, 3.0
3745, 0, 547, 133, 546, 132, 1, 1, 0.7853981633974483, 1.4142135623730951
3745, 1, 625, 365, 623, 365, 2, 0, 0.0, 2.0
3745, 4, 603, 238, 602, 239, 1, -1, -0.7853981633974483, 1.4142135623730951
3745, 8, 538, 136, 536, 135, 2, 1, 0.4636476090008061, 2.23606797749979
3745, 18, 551, 180, 549, 178, 2, 2, 0.7853981633974483, 2.8284271247461903
3745, 22, 553, 306, 552, 305, 1, 1, 0.7853981633974483, 1.4142135623730951
3745, 25, 530, 132, 528, 130, 2, 2, 0.7853981633974483, 2.8284271247461903
3745, 38, 593, 203, 593, 200, 0, 3, 1.5707963267948966, 3.0
3745, 41, 512, 148, 513, 145, -1, 3, 1.892546881191539, 3.1622776601683795
3746, 16, 552, 179, 551, 180, 1, -1, -0.7853981633974483, 1.4142135623730951
3746, 20, 553, 308, 553, 306, 0, 2, 1.5707963267948966, 2.0
3746, 23, 532, 133, 530, 132, 2, 1, 0.4636476090008061, 2.23606797749979
3746, 24, 580, 345, 579, 344, 1, 1, 0.7853981633974483, 1.4142135623730951
3746, 29, 505, 152, 502, 151, 3, 1, 0.3217505543966422, 3.1622776601683795
3746, 31, 596, 349, 595, 348, 1, 1, 0.7853981633974483, 1.4142135623730951
3746, 32, 435, 242, 434, 245, 1, -3, -1.2490457723982544, 3.1622776601683795
3746, 34, 594, 205, 593, 203, 1, 2, 1.1071487177940904, 2.23606797749979
3747, 0, 549, 134, 548, 133, 1, 1, 0.7853981633974483, 1.4142135623730951
3747, 1, 626, 366, 625, 365, 1, 1, 0.7853981633974483, 1.4142135623730951
3747, 9, 611, 298, 612, 297, -1, 1, 2.356194490192345, 1.4142135623730951
3747, 21, 534, 136, 532, 133, 2, 3, 0.982793723247329, 3.605551275463989
3747, 32, 595, 207, 594, 205, 1, 2, 1.1071487177940904, 2.23606797749979
3747, 35, 512, 146, 512, 148, 0, -2, -1.5707963267948966, 2.0
3748, 0, 550, 135, 549, 134, 1, 1, 0.7853981633974483, 1.4142135623730951
3748, 15, 554, 311, 553, 309, 1, 2, 1.1071487177940904, 2.23606797749979
3748, 18, 535, 137, 534, 136, 1, 1, 0.7853981633974483, 1.4142135623730951
3748, 22, 539, 227, 539, 225, 0, 2, 1.5707963267948966, 2.0
3748, 28, 610, 267, 611, 266, -1, 1, 2.356194490192345, 1.4142135623730951
3748, 29, 596, 208, 595, 207, 1, 1, 0.7853981633974483, 1.4142135623730951
3749, 0, 551, 136, 550, 135, 1, 1, 0.7853981633974483, 1.4142135623730951
3749, 10, 624, 306, 624, 304, 0, 2, 1.5707963267948966, 2.0
3749, 11, 429, 258, 431, 260, -2, -2, -2.356194490192345, 2.8284271247461903
3749, 18, 582, 344, 580, 344, 2, 0, 0.0, 2.0
3749, 20, 432, 157, 432, 159, 0, -2, -1.5707963267948966, 2.0
3749, 27, 596, 210, 596, 208, 0, 2, 1.5707963267948966, 2.0
3750, 7, 555, 178, 553, 177, 2, 1, 0.4636476090008061, 2.23606797749979
3750, 8, 598, 200, 597, 199, 1, 1, 0.7853981633974483, 1.4142135623730951
3750, 9, 543, 141, 542, 140, 1, 1, 0.7853981633974483, 1.4142135623730951
3750, 10, 613, 300, 614, 299, -1, 1, 2.356194490192345, 1.4142135623730951
3750, 16, 435, 261, 431, 260, 4, 1, 0.24497866312686414, 4.123105625617661
3750, 21, 614, 363, 613, 362, 1, 1, 0.7853981633974483, 1.4142135623730951
3750, 25, 563, 180, 565, 181, -2, -1, -2.677945044588987, 2.23606797749979
3750, 26, 555, 311, 554, 310, 1, 1, 0.7853981633974483, 1.4142135623730951
3750, 27, 554, 186, 553, 189, 1, -3, -1.2490457723982544, 3.1622776601683795
3750, 28, 505, 122, 503, 122, 2, 0, 0.0, 2.0
3750, 29, 608, 202, 610, 204, -2, -2, -2.356194490192345, 2.8284271247461903
3750, 34, 498, 121, 495, 120, 3, 1, 0.3217505543966422, 3.1622776601683795
3750, 35, 592, 214, 590, 214, 2, 0, 0.0, 2.0
3751, 0, 552, 136, 551, 135, 1, 1, 0.7853981633974483, 1.4142135623730951
3751, 3, 569, 239, 568, 238, 1, 1, 0.7853981633974483, 1.4142135623730951
3751, 7, 544, 142, 543, 141, 1, 1, 0.7853981633974483, 1.4142135623730951
3751, 8, 612, 301, 613, 300, -1, 1, 2.356194490192345, 1.4142135623730951
3751, 22, 556, 313, 555, 311, 1, 2, 1.1071487177940904, 2.23606797749979
3751, 26, 603, 362, 604, 361, -1, 1, 2.356194490192345, 1.4142135623730951
3752, 5, 626, 276, 626, 274, 0, 2, 1.5707963267948966, 2.0
3752, 8, 611, 302, 612, 301, -1, 1, 2.356194490192345, 1.4142135623730951
3752, 10, 445, 152, 444, 154, 1, -2, -1.1071487177940904, 2.23606797749979
3752, 15, 420, 190, 420, 192, 0, -2, -1.5707963267948966, 2.0
3752, 25, 601, 363, 603, 362, -2, 1, 2.677945044588987, 2.23606797749979
3752, 29, 500, 120, 499, 121, 1, -1, -0.7853981633974483, 1.4142135623730951
3753, 10, 625, 306, 626, 305, -1, 1, 2.356194490192345, 1.4142135623730951
3753, 14, 420, 187, 420, 190, 0, -3, -1.5707963267948966, 3.0
3753, 22, 509, 122, 507, 122, 2, 0, 0.0, 2.0
3753, 24, 599, 364, 601, 363, -2, 1, 2.677945044588987, 2.23606797749979
3753, 25, 586, 343, 584, 344, 2, -1, -0.4636476090008061, 2.23606797749979
3754, 0, 554, 138, 553, 137, 1, 1, 0.7853981633974483, 1.4142135623730951
3754, 4, 625, 277, 626, 276, -1, 1, 2.356194490192345, 1.4142135623730951
3754, 6, 547, 143, 546, 142, 1, 1, 0.7853981633974483, 1.4142135623730951
3754, 9, 446, 150, 445, 151, 1, -1, -0.7853981633974483, 1.4142135623730951
3754, 13, 421, 185, 420, 187, 1, -2, -1.1071487177940904, 2.23606797749979
3754, 18, 557, 316, 556, 315, 1, 1, 0.7853981633974483, 1.4142135623730951
3754, 22, 597, 365, 599, 364, -2, 1, 2.677945044588987, 2.23606797749979
3754, 23, 588, 343, 586, 343, 2, 0, 0.0, 2.0
3754, 24, 493, 133, 492, 134, 1, -1, -0.7853981633974483, 1.4142135623730951
3755, 0, 629, 370, 628, 369, 1, 1, 0.7853981633974483, 1.4142135623730951
3755, 3, 554, 139, 553, 138, 1, 1, 0.7853981633974483, 1.4142135623730951
3755, 4, 509, 132, 506, 130, 3, 2, 0.5880026035475675, 3.605551275463989
3755, 17, 500, 118, 500, 120, 0, -2, -1.5707963267948966, 2.0
3755, 19, 589, 345, 587, 345, 2, 0, 0.0, 2.0
3755, 32, 401, 154, 397, 156, 4, -2, -0.4636476090008061, 4.47213595499958
3755, 33, 430, 266, 432, 265, -2, 1, 2.677945044588987, 2.23606797749979
3755, 35, 407, 152, 405, 153, 2, -1, -0.4636476090008061, 2.23606797749979
3755, 38, 433, 240, 434, 239, -1, 1, 2.356194490192345, 1.4142135623730951
3756, 3, 555, 140, 554, 139, 1, 1, 0.7853981633974483, 1.4142135623730951
3756, 5, 585, 329, 586, 328, -1, 1, 2.356194490192345, 1.4142135623730951
3756, 9, 624, 310, 625, 309, -1, 1, 2.356194490192345, 1.4142135623730951
3756, 12, 447, 152, 446, 153, 1, -1, -0.7853981633974483, 1.4142135623730951
3756, 20, 558, 316, 557, 314, 1, 2, 1.1071487177940904, 2.23606797749979
3756, 23, 479, 149, 478, 150, 1, -1, -0.7853981633974483, 1.4142135623730951
3756, 28, 402, 152, 401, 154, 1, -2, -1.1071487177940904, 2.23606797749979
3756, 29, 429, 267, 430, 266, -1, 1, 2.356194490192345, 1.4142135623730951
3756, 31, 408, 151, 407, 152, 1, -1, -0.7853981633974483, 1.4142135623730951
3756, 32, 579, 304, 578, 302, 1, 2, 1.1071487177940904, 2.23606797749979
3756, 34, 432, 241, 433, 240, -1, 1, 2.356194490192345, 1.4142135623730951
3756, 36, 467, 130, 466, 131, 1, -1, -0.7853981633974483, 1.4142135623730951
3757, 15, 591, 344, 590, 345, 1, -1, -0.7853981633974483, 1.4142135623730951
3757, 22, 480, 148, 479, 149, 1, -1, -0.7853981633974483, 1.4142135623730951
3757, 28, 428, 268, 429, 267, -1, 1, 2.356194490192345, 1.4142135623730951
3757, 29, 409, 150, 408, 151, 1, -1, -0.7853981633974483, 1.4142135623730951
3757, 32, 430, 242, 432, 241, -2, 1, 2.677945044588987, 2.23606797749979
3758, 3, 557, 141, 556, 140, 1, 1, 0.7853981633974483, 1.4142135623730951
3758, 4, 512, 131, 511, 132, 1, -1, -0.7853981633974483, 1.4142135623730951
3758, 6, 456, 171, 456, 173, 0, -2, -1.5707963267948966, 2.0
3758, 19, 559, 317, 558, 316, 1, 1, 0.7853981633974483, 1.4142135623730951
3758, 27, 404, 150, 403, 152, 1, -2, -1.1071487177940904, 2.23606797749979
3758, 28, 426, 269, 428, 268, -2, 1, 2.677945044588987, 2.23606797749979
3758, 35, 570, 280, 571, 279, -1, 1, 2.356194490192345, 1.4142135623730951
3759, 3, 558, 142, 557, 141, 1, 1, 0.7853981633974483, 1.4142135623730951
3759, 8, 547, 147, 546, 146, 1, 1, 0.7853981633974483, 1.4142135623730951
3759, 9, 623, 311, 624, 310, -1, 1, 2.356194490192345, 1.4142135623730951
3759, 14, 604, 349, 603, 350, 1, -1, -0.7853981633974483, 1.4142135623730951
3759, 15, 593, 343, 592, 344, 1, -1, -0.7853981633974483, 1.4142135623730951
3759, 18, 560, 318, 559, 317, 1, 1, 0.7853981633974483, 1.4142135623730951
3759, 26, 406, 148, 404, 150, 2, -2, -0.7853981633974483, 2.8284271247461903
3759, 31, 427, 242, 429, 242, -2, 0, 3.141592653589793, 2.0
3759, 32, 469, 127, 468, 129, 1, -2, -1.1071487177940904, 2.23606797749979
3760, 0, 633, 369, 631, 370, 2, -1, -0.4636476090008061, 2.23606797749979
3760, 1, 558, 142, 556, 142, 2, 0, 0.0, 2.0
3760, 13, 506, 117, 503, 117, 3, 0, 0.0, 3.0
3760, 16, 635, 371, 638, 371, -3, 0, 3.141592653589793, 3.0
3760, 29, 532, 204, 531, 203, 1, 1, 0.7853981633974483, 1.4142135623730951
3760, 44, 458, 172, 458, 174, 0, -2, -1.5707963267948966, 2.0
3760, 46, 431, 136, 430, 137, 1, -1, -0.7853981633974483, 1.4142135623730951
3761, 1, 559, 143, 558, 142, 1, 1, 0.7853981633974483, 1.4142135623730951
3761, 12, 510, 119, 506, 117, 4, 2, 0.4636476090008061, 4.47213595499958
3761, 20, 449, 149, 448, 151, 1, -2, -1.1071487177940904, 2.23606797749979
3761, 25, 560, 320, 559, 319, 1, 1, 0.7853981633974483, 1.4142135623730951
3761, 33, 530, 173, 529, 169, 1, 4, 1.3258176636680326, 4.123105625617661
3761, 35, 586, 268, 587, 270, -1, -2, -2.0344439357957027, 2.23606797749979
3761, 41, 432, 135, 431, 136, 1, -1, -0.7853981633974483, 1.4142135623730951
3762, 1, 560, 144, 559, 143, 1, 1, 0.7853981633974483, 1.4142135623730951
3762, 8, 612, 364, 614, 364, -2, 0, 3.141592653589793, 2.0
3762, 11, 512, 120, 510, 119, 2, 1, 0.4636476090008061, 2.23606797749979
3762, 24, 614, 302, 615, 301, -1, 1, 2.356194490192345, 1.4142135623730951
3762, 29, 616, 270, 617, 269, -1, 1, 2.356194490192345, 1.4142135623730951
3763, 8, 611, 365, 612, 364, -1, 1, 2.356194490192345, 1.4142135623730951
3763, 11, 514, 122, 512, 120, 2, 2, 0.7853981633974483, 2.8284271247461903
3763, 23, 561, 322, 560, 321, 1, 1, 0.7853981633974483, 1.4142135623730951
3763, 24, 613, 303, 614, 302, -1, 1, 2.356194490192345, 1.4142135623730951
3763, 26, 512, 153, 510, 153, 2, 0, 0.0, 2.0
3763, 29, 531, 175, 530, 174, 1, 1, 0.7853981633974483, 1.4142135623730951
3763, 35, 474, 112, 473, 113, 1, -1, -0.7853981633974483, 1.4142135623730951
3764, 1, 562, 145, 561, 144, 1, 1, 0.7853981633974483, 1.4142135623730951
3764, 11, 515, 124, 514, 122, 1, 2, 1.1071487177940904, 2.23606797749979
3764, 22, 612, 304, 613, 303, -1, 1, 2.356194490192345, 1.4142135623730951
3764, 23, 531, 207, 532, 206, -1, 1, 2.356194490192345, 1.4142135623730951
3764, 33, 475, 111, 474, 112, 1, -1, -0.7853981633974483, 1.4142135623730951
3765, 13, 452, 148, 451, 150, 1, -2, -1.1071487177940904, 2.23606797749979
3765, 14, 563, 322, 562, 321, 1, 1, 0.7853981633974483, 1.4142135623730951
3765, 17, 431, 258, 431, 261, 0, -3, -1.5707963267948966, 3.0
3765, 18, 547, 153, 545, 153, 2, 0, 0.0, 2.0
3765, 21, 422, 189, 422, 191, 0, -2, -1.5707963267948966, 2.0
3765, 25, 627, 224, 629, 224, -2, 0, 3.141592653589793, 2.0
3765, 31, 621, 365, 620, 366, 1, -1, -0.7853981633974483, 1.4142135623730951
3765, 34, 426, 187, 429, 183, -3, 4, 2.214297435588181, 5.0
3765, 35, 432, 232, 432, 235, 0, -3, -1.5707963267948966, 3.0
3765, 37, 462, 181, 462, 183, 0, -2, -1.5707963267948966, 2.0
3765, 44, 528, 180, 527, 177, 1, 3, 1.2490457723982544, 3.1622776601683795
3766, 2, 605, 241, 603, 242, 2, -1, -0.4636476090008061, 2.23606797749979
3766, 16, 430, 251, 431, 258, -1, -7, -1.7126933813990606, 7.0710678118654755
3766, 27, 582, 239, 580, 240, 2, -1, -0.4636476090008061, 2.23606797749979
3766, 28, 490, 132, 489, 133, 1, -1, -0.7853981633974483, 1.4142135623730951
3766, 30, 431, 228, 432, 232, -1, -4, -1.8157749899217608, 4.123105625617661
3766, 31, 475, 111, 474, 112, 1, -1, -0.7853981633974483, 1.4142135623730951
3766, 32, 462, 178, 462, 181, 0, -3, -1.5707963267948966, 3.0
3766, 33, 547, 234, 548, 233, -1, 1, 2.356194490192345, 1.4142135623730951
3766, 35, 484, 149, 483, 150, 1, -1, -0.7853981633974483, 1.4142135623730951
3766, 37, 610, 367, 612, 365, -2, 2, 2.356194490192345, 2.8284271247461903
3766, 39, 528, 183, 528, 180, 0, 3, 1.5707963267948966, 3.0
3767, 0, 563, 147, 562, 146, 1, 1, 0.7853981633974483, 1.4142135623730951
3767, 12, 453, 146, 452, 147, 1, -1, -0.7853981633974483, 1.4142135623730951
3767, 16, 430, 246, 430, 251, 0, -5, -1.5707963267948966, 5.0
3767, 24, 412, 142, 411, 143, 1, -1, -0.7853981633974483, 1.4142135623730951
3767, 26, 491, 131, 490, 132, 1, -1, -0.7853981633974483, 1.4142135623730951
3767, 28, 432, 224, 431, 228, 1, -4, -1.3258176636680326, 4.123105625617661
3767, 29, 476, 110, 475, 111, 1, -1, -0.7853981633974483, 1.4142135623730951
3767, 31, 443, 154, 442, 155, 1, -1, -0.7853981633974483, 1.4142135623730951
3767, 32, 485, 148, 484, 149, 1, -1, -0.7853981633974483, 1.4142135623730951
3767, 33, 608, 367, 610, 367, -2, 0, 3.141592653589793, 2.0
3768, 2, 591, 331, 590, 330, 1, 1, 0.7853981633974483, 1.4142135623730951
3768, 11, 565, 325, 563, 324, 2, 1, 0.4636476090008061, 2.23606797749979
3768, 14, 430, 241, 430, 246, 0, -5, -1.5707963267948966, 5.0
3768, 24, 492, 130, 491, 131, 1, -1, -0.7853981633974483, 1.4142135623730951
3768, 26, 432, 222, 432, 224, 0, -2, -1.5707963267948966, 2.0
3768, 28, 547, 236, 547, 234, 0, 2, 1.5707963267948966, 2.0
3768, 29, 444, 153, 443, 154, 1, -1, -0.7853981633974483, 1.4142135623730951
3768, 31, 606, 367, 608, 367, -2, 0, 3.141592653589793, 2.0
3768, 32, 435, 131, 434, 132, 1, -1, -0.7853981633974483, 1.4142135623730951
3768, 33, 529, 184, 528, 183, 1, 1, 0.7853981633974483, 1.4142135623730951
3769, 12, 429, 244, 430, 241, -1, 3, 1.892546881191539, 3.1622776601683795
3769, 22, 495, 130, 492, 130, 3, 0, 0.0, 3.0
3769, 23, 433, 221, 432, 222, 1, -1, -0.7853981633974483, 1.4142135623730951
3769, 24, 478, 109, 477, 110, 1, -1, -0.7853981633974483, 1.4142135623730951
3769, 26, 444, 151, 444, 153, 0, -2, -1.5707963267948966, 2.0
3769, 27, 486, 147, 485, 148, 1, -1, -0.7853981633974483, 1.4142135623730951
3769, 28, 605, 368, 606, 367, -1, 1, 2.356194490192345, 1.4142135623730951
3770, 3, 635, 373, 638, 373, -3, 0, 3.141592653589793, 3.0
3770, 8, 614, 311, 614, 309, 0, 2, 1.5707963267948966, 2.0
3770, 10, 447, 155, 446, 156, 1, -1, -0.7853981633974483, 1.4142135623730951
3770, 12, 625, 284, 626, 283, -1, 1, 2.356194490192345, 1.4142135623730951
3770, 20, 470, 167, 470, 171, 0, -4, -1.5707963267948966, 4.0
3770, 27, 537, 212, 536, 211, 1, 1, 0.7853981633974483, 1.4142135623730951
3770, 31, 434, 224, 434, 226, 0, -2, -1.5707963267948966, 2.0
3770, 32, 493, 133, 492, 132, 1, 1, 0.7853981633974483, 1.4142135623730951
3770, 33, 554, 161, 553, 162, 1, -1, -0.7853981633974483, 1.4142135623730951
3770, 36, 566, 194, 564, 195, 2, -1, -0.4636476090008061, 2.23606797749979
3770, 37, 487, 149, 486, 150, 1, -1, -0.7853981633974483, 1.4142135623730951
3770, 45, 536, 230, 537, 228, -1, 2, 2.0344439357957027, 2.23606797749979
3770, 49, 534, 175, 533, 174, 1, 1, 0.7853981633974483, 1.4142135623730951
3770, 50, 438, 132, 437, 133, 1, -1, -0.7853981633974483, 1.4142135623730951
3770, 53, 629, 317, 627, 314, 2, 3, 0.982793723247329, 3.605551275463989
3771, 9, 448, 154, 447, 155, 1, -1, -0.7853981633974483, 1.4142135623730951
3771, 13, 554, 150, 553, 149, 1, 1, 0.7853981633974483, 1.4142135623730951
3771, 29, 494, 134, 493, 133, 1, 1, 0.7853981633974483, 1.4142135623730951
3771, 32, 567, 192, 566, 194, 1, -2, -1.1071487177940904, 2.23606797749979
3771, 33, 488, 148, 487, 149, 1, -1, -0.7853981633974483, 1.4142135623730951
3771, 37, 483, 109, 481, 109, 2, 0, 0.0, 2.0
3771, 40, 536, 232, 536, 230, 0, 2, 1.5707963267948966, 2.0
3771, 44, 534, 177, 534, 175, 0, 2, 1.5707963267948966, 2.0
3771, 45, 439, 131, 438, 132, 1, -1, -0.7853981633974483, 1.4142135623730951
3772, 9, 449, 153, 448, 154, 1, -1, -0.7853981633974483, 1.4142135623730951
3772, 15, 597, 351, 596, 352, 1, -1, -0.7853981633974483, 1.4142135623730951
3772, 29, 496, 135, 494, 134, 2, 1, 0.4636476090008061, 2.23606797749979
3772, 32, 567, 190, 567, 192, 0, -2, -1.5707963267948966, 2.0
3772, 34, 588, 246, 588, 248, 0, -2, -1.5707963267948966, 2.0
3772, 35, 547, 146, 544, 146, 3, 0, 0.0, 3.0
3772, 40, 536, 234, 536, 232, 0, 2, 1.5707963267948966, 2.0
3772, 43, 531, 172, 529, 169, 2, 3, 0.982793723247329, 3.605551275463989
3772, 44, 534, 179, 534, 177, 0, 2, 1.5707963267948966, 2.0
3773, 12, 555, 152, 554, 151, 1, 1, 0.7853981633974483, 1.4142135623730951
3773, 13, 417, 138, 416, 139, 1, -1, -0.7853981633974483, 1.4142135623730951
3773, 28, 497, 136, 496, 135, 1, 1, 0.7853981633974483, 1.4142135623730951
3773, 30, 565, 189, 567, 190, -2, -1, -2.677945044588987, 2.23606797749979
3773, 31, 587, 244, 588, 246, -1, -2, -2.0344439357957027, 2.23606797749979
3773, 32, 548, 147, 547, 146, 1, 1, 0.7853981633974483, 1.4142135623730951
3773, 33, 485, 108, 484, 109, 1, -1, -0.7853981633974483, 1.4142135623730951
3773, 36, 535, 236, 536, 234, -1, 2, 2.0344439357957027, 2.23606797749979
3773, 38, 533, 174, 531, 172, 2, 2, 0.7853981633974483, 2.8284271247461903
3773, 39, 535, 181, 534, 179, 1, 2, 1.1071487177940904, 2.23606797749979
3773, 40, 440, 129, 439, 130, 1, -1, -0.7853981633974483, 1.4142135623730951
3774, 0, 566, 152, 565, 151, 1, 1, 0.7853981633974483, 1.4142135623730951
3774, 4, 571, 248, 572, 247, -1, 1, 2.356194490192345, 1.4142135623730951
3774, 7, 449, 150, 449, 152, 0, -2, -1.5707963267948966, 2.0
3774, 11, 556, 153, 555, 152, 1, 1, 0.7853981633974483, 1.4142135623730951
3774, 12, 418, 136, 417, 138, 1, -2, -1.1071487177940904, 2.23606797749979
3774, 18, 430, 262, 429, 263, 1, -1, -0.7853981633974483, 1.4142135623730951
3774, 19, 612, 221, 613, 220, -1, 1, 2.356194490192345, 1.4142135623730951
3774, 26, 434, 225, 435, 224, -1, 1, 2.356194490192345, 1.4142135623730951
3774, 29, 564, 187, 565, 189, -1, -2, -2.0344439357957027, 2.23606797749979
3774, 30, 551, 148, 548, 147, 3, 1, 0.3217505543966422, 3.1622776601683795
3774, 35, 534, 177, 533, 174, 1, 3, 1.2490457723982544, 3.1622776601683795
3775, 2, 603, 244, 604, 243, -1, 1, 2.356194490192345, 1.4142135623730951
3775, 7, 564, 190, 565, 192, -1, -2, -2.0344439357957027, 2.23606797749979
3775, 8, 556, 154, 555, 153, 1, 1, 0.7853981633974483, 1.4142135623730951
3775, 10, 457, 146, 456, 147, 1, -1, -0.7853981633974483, 1.4142135623730951
3775, 13, 635, 377, 638, 376, -3, 1, 2.819842099193151, 3.1622776601683795
3775, 21, 533, 177, 532, 174, 1, 3, 1.2490457723982544, 3.1622776601683795
3775, 23, 621, 255, 622, 254, -1, 1, 2.356194490192345, 1.4142135623730951
3775, 24, 551, 151, 549, 149, 2, 2, 0.7853981633974483, 2.8284271247461903
3775, 27, 567, 181, 564, 181, 3, 0, 0.0, 3.0
3775, 39, 609, 318, 608, 316, 1, 2, 1.1071487177940904, 2.23606797749979
3775, 44, 434, 264, 433, 266, 1, -2, -1.1071487177940904, 2.23606797749979
3776, 1, 567, 153, 566, 152, 1, 1, 0.7853981633974483, 1.4142135623730951
3776, 6, 563, 188, 564, 190, -1, -2, -2.0344439357957027, 2.23606797749979
3776, 7, 557, 155, 556, 154, 1, 1, 0.7853981633974483, 1.4142135623730951
3776, 9, 458, 145, 457, 146, 1, -1, -0.7853981633974483, 1.4142135623730951
3776, 10, 465, 161, 465, 163, 0, -2, -1.5707963267948966, 2.0
3776, 15, 595, 349, 594, 350, 1, -1, -0.7853981633974483, 1.4142135623730951
3776, 20, 534, 179, 533, 177, 1, 2, 1.1071487177940904, 2.23606797749979
3776, 23, 554, 154, 551, 151, 3, 3, 0.7853981633974483, 4.242640687119285
3776, 26, 604, 276, 605, 275, -1, 1, 2.356194490192345, 1.4142135623730951
3776, 31, 631, 371, 630, 370, 1, 1, 0.7853981633974483, 1.4142135623730951
3776, 34, 543, 213, 542, 212, 1, 1, 0.7853981633974483, 1.4142135623730951
3776, 37, 490, 147, 489, 148, 1, -1, -0.7853981633974483, 1.4142135623730951
3776, 38, 485, 109, 484, 110, 1, -1, -0.7853981633974483, 1.4142135623730951
3776, 41, 434, 261, 434, 264, 0, -3, -1.5707963267948966, 3.0
3776, 42, 434, 250, 435, 249, -1, 1, 2.356194490192345, 1.4142135623730951
3777, 15, 611, 278, 612, 277, -1, 1, 2.356194490192345, 1.4142135623730951
3777, 16, 591, 243, 592, 241, -1, 2, 2.0344439357957027, 2.23606797749979
3777, 19, 535, 180, 534, 179, 1, 1, 0.7853981633974483, 1.4142135623730951
3777, 22, 555, 155, 554, 154, 1, 1, 0.7853981633974483, 1.4142135623730951
3777, 31, 550, 185, 549, 184, 1, 1, 0.7853981633974483, 1.4142135623730951
3778, 1, 569, 156, 567, 154, 2, 2, 0.7853981633974483, 2.8284271247461903
3778, 4, 559, 156, 558, 155, 1, 1, 0.7853981633974483, 1.4142135623730951
3778, 6, 459, 143, 458, 144, 1, -1, -0.7853981633974483, 1.4142135623730951
3778, 11, 594, 350, 595, 349, -1, 1, 2.356194490192345, 1.4142135623730951
3778, 19, 556, 156, 555, 155, 1, 1, 0.7853981633974483, 1.4142135623730951
3778, 23, 418, 139, 417, 140, 1, -1, -0.7853981633974483, 1.4142135623730951
3778, 27, 633, 370, 632, 371, 1, -1, -0.7853981633974483, 1.4142135623730951
3778, 30, 544, 215, 543, 214, 1, 1, 0.7853981633974483, 1.4142135623730951
3778, 32, 610, 316, 610, 318, 0, -2, -1.5707963267948966, 2.0
3778, 34, 487, 108, 486, 109, 1, -1, -0.7853981633974483, 1.4142135623730951
3778, 35, 457, 168, 458, 170, -1, -2, -2.0344439357957027, 2.23606797749979
3778, 37, 434, 257, 434, 260, 0, -3, -1.5707963267948966, 3.0
3778, 38, 432, 252, 433, 250, -1, 2, 2.0344439357957027, 2.23606797749979
3779, 2, 602, 246, 603, 245, -1, 1, 2.356194490192345, 1.4142135623730951
3779, 7, 624, 288, 625, 287, -1, 1, 2.356194490192345, 1.4142135623730951
3779, 12, 609, 279, 610, 278, -1, 1, 2.356194490192345, 1.4142135623730951
3779, 34, 456, 166, 457, 168, -1, -2, -2.0344439357957027, 2.23606797749979
3779, 35, 526, 140, 524, 139, 2, 1, 0.4636476090008061, 2.23606797749979
3779, 37, 431, 253, 432, 252, -1, 1, 2.356194490192345, 1.4142135623730951
3780, 4, 522, 137, 521, 136, 1, 1, 0.7853981633974483, 1.4142135623730951
3780, 6, 459, 145, 458, 146, 1, -1, -0.7853981633974483, 1.4142135623730951
3780, 13, 613, 208, 612, 207, 1, 1, 0.7853981633974483, 1.4142135623730951
3780, 18, 462, 191, 462, 193, 0, -2, -1.5707963267948966, 2.0
3780, 25, 618, 372, 619, 371, -1, 1, 2.356194490192345, 1.4142135623730951
3780, 36, 597, 205, 598, 207, -1, -2, -2.0344439357957027, 2.23606797749979
3781, 24, 617, 374, 618, 372, -1, 2, 2.0344439357957027, 2.23606797749979
3783, 1, 571, 252, 570, 250, 1, 2, 1.1071487177940904, 2.23606797749979
3783, 2, 599, 335, 595, 334, 4, 1, 0.24497866312686414, 4.123105625617661
3783, 3, 522, 136, 523, 138, -1, -2, -2.0344439357957027, 2.23606797749979
3783, 10, 573, 192, 572, 191, 1, 1, 0.7853981633974483, 1.4142135623730951
3783, 12, 626, 289, 627, 288, -1, 1, 2.356194490192345, 1.4142135623730951
3783, 16, 461, 188, 461, 190, 0, -2, -1.5707963267948966, 2.0
3783, 18, 449, 145, 448, 147, 1, -2, -1.1071487177940904, 2.23606797749979
3783, 25, 430, 234, 431, 233, -1, 1, 2.356194490192345, 1.4142135623730951
3783, 31, 572, 293, 573, 292, -1, 1, 2.356194490192345, 1.4142135623730951
3784, 8, 558, 185, 559, 184, -1, 1, 2.356194490192345, 1.4142135623730951
3784, 10, 572, 193, 573, 192, -1, 1, 2.356194490192345, 1.4142135623730951
3784, 17, 450, 143, 449, 145, 1, -2, -1.1071487177940904, 2.23606797749979
3784, 22, 617, 376, 616, 375, 1, 1, 0.7853981633974483, 1.4142135623730951
3784, 23, 429, 236, 430, 234, -1, 2, 2.0344439357957027, 2.23606797749979
3784, 28, 600, 349, 599, 350, 1, -1, -0.7853981633974483, 1.4142135623730951
3785, 9, 622, 376, 619, 375, 3, 1, 0.3217505543966422, 3.1622776601683795
3785, 10, 532, 149, 530, 148, 2, 1, 0.4636476090008061, 2.23606797749979
3785, 13, 553, 178, 551, 177, 2, 1, 0.4636476090008061, 2.23606797749979
3785, 14, 461, 144, 460, 145, 1, -1, -0.7853981633974483, 1.4142135623730951
3785, 16, 598, 201, 597, 200, 1, 1, 0.7853981633974483, 1.4142135623730951
3785, 18, 616, 260, 617, 259, -1, 1, 2.356194490192345, 1.4142135623730951
3785, 22, 459, 166, 458, 168, 1, -2, -1.1071487177940904, 2.23606797749979
3785, 24, 451, 147, 450, 149, 1, -2, -1.1071487177940904, 2.23606797749979
3785, 26, 535, 190, 536, 189, -1, 1, 2.356194490192345, 1.4142135623730951
3785, 27, 429, 260, 430, 259, -1, 1, 2.356194490192345, 1.4142135623730951
3785, 36, 429, 235, 430, 234, -1, 1, 2.356194490192345, 1.4142135623730951
3786, 3, 597, 338, 596, 337, 1, 1, 0.7853981633974483, 1.4142135623730951
3786, 9, 624, 376, 622, 376, 2, 0, 0.0, 2.0
3786, 10, 534, 149, 532, 149, 2, 0, 0.0, 2.0
3786, 13, 554, 180, 553, 178, 1, 2, 1.1071487177940904, 2.23606797749979
3786, 16, 599, 202, 598, 201, 1, 1, 0.7853981633974483, 1.4142135623730951
3786, 24, 452, 145, 451, 147, 1, -2, -1.1071487177940904, 2.23606797749979
3786, 26, 534, 191, 535, 190, -1, 1, 2.356194490192345, 1.4142135623730951
3786, 27, 427, 261, 429, 260, -2, 1, 2.677945044588987, 2.23606797749979
3786, 33, 541, 217, 540, 216, 1, 1, 0.7853981633974483, 1.4142135623730951
3786, 36, 428, 236, 429, 235, -1, 1, 2.356194490192345, 1.4142135623730951
3787, 0, 575, 158, 574, 157, 1, 1, 0.7853981633974483, 1.4142135623730951
3787, 6, 610, 228, 611, 227, -1, 1, 2.356194490192345, 1.4142135623730951
3787, 8, 527, 132, 526, 133, 1, -1, -0.7853981633974483, 1.4142135623730951
3787, 9, 627, 375, 624, 376, 3, -1, -0.3217505543966422, 3.1622776601683795
3787, 10, 535, 150, 534, 149, 1, 1, 0.7853981633974483, 1.4142135623730951
3787, 16, 599, 204, 599, 202, 0, 2, 1.5707963267948966, 2.0
3787, 24, 453, 144, 452, 145, 1, -1, -0.7853981633974483, 1.4142135623730951
3787, 26, 533, 192, 534, 191, -1, 1, 2.356194490192345, 1.4142135623730951
3787, 28, 418, 183, 418, 185, 0, -2, -1.5707963267948966, 2.0
3787, 34, 495, 145, 494, 146, 1, -1, -0.7853981633974483, 1.4142135623730951
3787, 35, 426, 237, 428, 236, -2, 1, 2.677945044588987, 2.23606797749979
3788, 5, 610, 230, 610, 228, 0, 2, 1.5707963267948966, 2.0
3788, 6, 623, 290, 624, 289, -1, 1, 2.356194490192345, 1.4142135623730951
3788, 7, 528, 131, 527, 132, 1, -1, -0.7853981633974483, 1.4142135623730951
3788, 8, 628, 374, 627, 375, 1, -1, -0.7853981633974483, 1.4142135623730951
3788, 12, 462, 141, 461, 142, 1, -1, -0.7853981633974483, 1.4142135623730951
3788, 13, 607, 212, 607, 209, 0, 3, 1.5707963267948966, 3.0
3788, 16, 603, 286, 602, 282, 1, 4, 1.3258176636680326, 4.123105625617661
3788, 18, 563, 190, 562, 186, 1, 4, 1.3258176636680326, 4.123105625617661
3788, 20, 454, 143, 453, 144, 1, -1, -0.7853981633974483, 1.4142135623730951
3788, 22, 532, 193, 533, 192, -1, 1, 2.356194490192345, 1.4142135623730951
3788, 23, 419, 181, 418, 183, 1, -2, -1.1071487177940904, 2.23606797749979
3788, 26, 472, 158, 471, 159, 1, -1, -0.7853981633974483, 1.4142135623730951
3789, 0, 577, 159, 576, 158, 1, 1, 0.7853981633974483, 1.4142135623730951
3789, 5, 609, 231, 610, 230, -1, 1, 2.356194490192345, 1.4142135623730951
3789, 7, 530, 132, 528, 131, 2, 1, 0.4636476090008061, 2.23606797749979
3789, 8, 630, 373, 628, 374, 2, -1, -0.4636476090008061, 2.23606797749979
3789, 14, 620, 354, 619, 355, 1, -1, -0.7853981633974483, 1.4142135623730951
3789, 17, 510, 171, 511, 170, -1, 1, 2.356194490192345, 1.4142135623730951
3789, 20, 455, 142, 454, 143, 1, -1, -0.7853981633974483, 1.4142135623730951
3789, 23, 419, 179, 419, 181, 0, -2, -1.5707963267948966, 2.0
3789, 25, 542, 221, 541, 219, 1, 2, 1.1071487177940904, 2.23606797749979
3790, 14, 511, 172, 512, 171, -1, 1, 2.356194490192345, 1.4142135623730951
3790, 16, 540, 221, 539, 219, 1, 2, 1.1071487177940904, 2.23606797749979
3790, 21, 532, 136, 529, 134, 3, 2, 0.5880026035475675, 3.605551275463989
3790, 24, 558, 162, 554, 160, 4, 2, 0.4636476090008061, 4.47213595499958
3790, 25, 553, 184, 553, 182, 0, 2, 1.5707963267948966, 2.0
3790, 28, 520, 141, 519, 140, 1, 1, 0.7853981633974483, 1.4142135623730951
3791, 6, 458, 219, 459, 221, -1, -2, -2.0344439357957027, 2.23606797749979
3791, 7, 621, 357, 620, 358, 1, -1, -0.7853981633974483, 1.4142135623730951
3791, 13, 510, 174, 511, 172, -1, 2, 2.0344439357957027, 2.23606797749979
3791, 15, 541, 222, 540, 221, 1, 1, 0.7853981633974483, 1.4142135623730951
3791, 20, 533, 137, 532, 136, 1, 1, 0.7853981633974483, 1.4142135623730951
3791, 23, 560, 161, 558, 162, 2, -1, -0.4636476090008061, 2.23606797749979
3791, 31, 635, 372, 635, 374, 0, -2, -1.5707963267948966, 2.0
3792, 1, 578, 161, 577, 160, 1, 1, 0.7853981633974483, 1.4142135623730951
3792, 3, 534, 146, 534, 148, 0, -2, -1.5707963267948966, 2.0
3792, 12, 510, 176, 510, 174, 0, 2, 1.5707963267948966, 2.0
3792, 14, 542, 225, 541, 222, 1, 3, 1.2490457723982544, 3.1622776601683795
3792, 19, 535, 139, 533, 137, 2, 2, 0.7853981633974483, 2.8284271247461903
3792, 22, 560, 159, 560, 161, 0, -2, -1.5707963267948966, 2.0
3792, 30, 635, 369, 635, 372, 0, -3, -1.5707963267948966, 3.0
3792, 31, 473, 158, 472, 159, 1, -1, -0.7853981633974483, 1.4142135623730951
3793, 14, 543, 227, 542, 225, 1, 2, 1.1071487177940904, 2.23606797749979
3793, 19, 537, 141, 535, 139, 2, 2, 0.7853981633974483, 2.8284271247461903
3793, 28, 633, 369, 635, 369, -2, 0, 3.141592653589793, 2.0
3794, 2, 602, 247, 603, 246, -1, 1, 2.356194490192345, 1.4142135623730951
3794, 13, 544, 229, 543, 227, 1, 2, 1.1071487177940904, 2.23606797749979
3794, 18, 539, 144, 537, 141, 2, 3, 0.982793723247329, 3.605551275463989
3794, 23, 521, 145, 520, 144, 1, 1, 0.7853981633974483, 1.4142135623730951
3794, 25, 462, 170, 461, 171, 1, -1, -0.7853981633974483, 1.4142135623730951
3795, 5, 604, 250, 606, 250, -2, 0, 3.141592653589793, 2.0
3795, 14, 545, 228, 544, 227, 1, 1, 0.7853981633974483, 1.4142135623730951
3795, 16, 595, 205, 594, 206, 1, -1, -0.7853981633974483, 1.4142135623730951
3795, 19, 565, 174, 563, 173, 2, 1, 0.4636476090008061, 2.23606797749979
3795, 25, 574, 202, 574, 200, 0, 2, 1.5707963267948966, 2.0
3795, 26, 430, 228, 430, 230, 0, -2, -1.5707963267948966, 2.0
3795, 29, 572, 339, 571, 338, 1, 1, 0.7853981633974483, 1.4142135623730951
3795, 33, 422, 178, 423, 180, -1, -2, -2.0344439357957027, 2.23606797749979
3795, 35, 452, 127, 451, 128, 1, -1, -0.7853981633974483, 1.4142135623730951
3795, 38, 588, 257, 587, 255, 1, 2, 1.1071487177940904, 2.23606797749979
3795, 39, 626, 372, 627, 371, -1, 1, 2.356194490192345, 1.4142135623730951
3795, 40, 502, 119, 501, 118, 1, 1, 0.7853981633974483, 1.4142135623730951
3795, 45, 585, 241, 586, 243, -1, -2, -2.0344439357957027, 2.23606797749979
3795, 47, 538, 222, 537, 219, 1, 3, 1.2490457723982544, 3.1622776601683795
3796, 9, 623, 356, 622, 357, 1, -1, -0.7853981633974483, 1.4142135623730951
3796, 13, 546, 229, 545, 228, 1, 1, 0.7853981633974483, 1.4142135623730951
3796, 17, 567, 175, 565, 174, 2, 1, 0.4636476090008061, 2.23606797749979
3796, 19, 466, 139, 465, 141, 1, -2, -1.1071487177940904, 2.23606797749979
3796, 24, 430, 225, 430, 228, 0, -3, -1.5707963267948966, 3.0
3796, 32, 453, 126, 452, 127, 1, -1, -0.7853981633974483, 1.4142135623730951
3796, 36, 624, 373, 626, 372, -2, 1, 2.677945044588987, 2.23606797749979
3796, 42, 584, 239, 585, 241, -1, -2, -2.0344439357957027, 2.23606797749979
3796, 44, 540, 224, 538, 222, 2, 2, 0.7853981633974483, 2.8284271247461903
3797, 16, 568, 174, 567, 175, 1, -1, -0.7853981633974483, 1.4142135623730951
3797, 23, 430, 220, 430, 225, 0, -5, -1.5707963267948966, 5.0
3797, 34, 623, 374, 624, 373, -1, 1, 2.356194490192345, 1.4142135623730951
3797, 40, 583, 237, 584, 239, -1, -2, -2.0344439357957027, 2.23606797749979
3797, 42, 541, 225, 540, 224, 1, 1, 0.7853981633974483, 1.4142135623730951
3798, 7, 508, 142, 507, 143, 1, -1, -0.7853981633974483, 1.4142135623730951
3798, 20, 430, 216, 430, 220, 0, -4, -1.5707963267948966, 4.0
3798, 26, 454, 124, 453, 125, 1, -1, -0.7853981633974483, 1.4142135623730951
3798, 30, 506, 119, 504, 119, 2, 0, 0.0, 2.0
3798, 32, 498, 145, 497, 146, 1, -1, -0.7853981633974483, 1.4142135623730951
3798, 36, 512, 182, 512, 180, 0, 2, 1.5707963267948966, 2.0
3798, 37, 542, 224, 541, 225, 1, -1, -0.7853981633974483, 1.4142135623730951
3799, 2, 558, 198, 559, 197, -1, 1, 2.356194490192345, 1.4142135623730951
3799, 7, 510, 142, 508, 142, 2, 0, 0.0, 2.0
3799, 8, 571, 164, 570, 163, 1, 1, 0.7853981633974483, 1.4142135623730951
3799, 10, 597, 206, 596, 205, 1, 1, 0.7853981633974483, 1.4142135623730951
3799, 14, 608, 353, 607, 354, 1, -1, -0.7853981633974483, 1.4142135623730951
3799, 19, 429, 214, 430, 216, -1, -2, -2.0344439357957027, 2.23606797749979
3799, 23, 625, 236, 626, 235, -1, 1, 2.356194490192345, 1.4142135623730951
3799, 28, 507, 118, 506, 119, 1, -1, -0.7853981633974483, 1.4142135623730951
3799, 34, 512, 184, 512, 182, 0, 2, 1.5707963267948966, 2.0
3799, 35, 541, 225, 542, 224, -1, 1, 2.356194490192345, 1.4142135623730951
3800, 14, 573, 341, 572, 340, 1, 1, 0.7853981633974483, 1.4142135623730951
3800, 16, 567, 173, 567, 175, 0, -2, -1.5707963267948966, 2.0
3800, 17, 430, 131, 429, 132, 1, -1, -0.7853981633974483, 1.4142135623730951
3800, 18, 465, 186, 465, 188, 0, -2, -1.5707963267948966, 2.0
3800, 19, 571, 203, 570, 200, 1, 3, 1.2490457723982544, 3.1622776601683795
3800, 25, 547, 231, 548, 230, -1, 1, 2.356194490192345, 1.4142135623730951
3800, 29, 512, 143, 509, 142, 3, 1, 0.3217505543966422, 3.1622776601683795
3800, 32, 538, 245, 536, 242, 2, 3, 0.982793723247329, 3.605551275463989
3800, 42, 525, 147, 524, 146, 1, 1, 0.7853981633974483, 1.4142135623730951
3800, 45, 588, 254, 589, 256, -1, -2, -2.0344439357957027, 2.23606797749979
3801, 0, 468, 215, 468, 217, 0, -2, -1.5707963267948966, 2.0
3801, 2, 603, 251, 604, 250, -1, 1, 2.356194490192345, 1.4142135623730951
3801, 3, 615, 240, 616, 239, -1, 1, 2.356194490192345, 1.4142135623730951
3801, 25, 514, 144, 512, 143, 2, 1, 0.4636476090008061, 2.23606797749979
3801, 28, 539, 248, 538, 245, 1, 3, 1.2490457723982544, 3.1622776601683795
3801, 31, 564, 160, 560, 159, 4, 1, 0.24497866312686414, 4.123105625617661
3801, 36, 526, 148, 525, 147, 1, 1, 0.7853981633974483, 1.4142135623730951
3801, 39, 587, 252, 588, 254, -1, -2, -2.0344439357957027, 2.23606797749979
3802, 0, 581, 165, 580, 164, 1, 1, 0.7853981633974483, 1.4142135623730951
3802, 5, 569, 166, 568, 165, 1, 1, 0.7853981633974483, 1.4142135623730951
3802, 13, 573, 202, 572, 203, 1, -1, -0.7853981633974483, 1.4142135623730951
3802, 16, 613, 232, 614, 231, -1, 1, 2.356194490192345, 1.4142135623730951
3802, 17, 468, 137, 467, 138, 1, -1, -0.7853981633974483, 1.4142135623730951
3802, 22, 516, 146, 514, 144, 2, 2, 0.7853981633974483, 2.8284271247461903
3802, 28, 567, 163, 564, 160, 3, 3, 0.7853981633974483, 4.242640687119285
3802, 29, 534, 195, 532, 192, 2, 3, 0.982793723247329, 3.605551275463989
3802, 33, 459, 145, 458, 146, 1, -1, -0.7853981633974483, 1.4142135623730951
3802, 34, 514, 115, 512, 115, 2, 0, 0.0, 2.0
3802, 35, 587, 250, 587, 252, 0, -2, -1.5707963267948966, 2.0
3803, 13, 611, 356, 610, 357, 1, -1, -0.7853981633974483, 1.4142135623730951
3803, 20, 517, 147, 516, 146, 1, 1, 0.7853981633974483, 1.4142135623730951
3803, 22, 430, 236, 431, 235, -1, 1, 2.356194490192345, 1.4142135623730951
3803, 23, 539, 250, 539, 248, 0, 2, 1.5707963267948966, 2.0
3803, 26, 568, 164, 567, 163, 1, 1, 0.7853981633974483, 1.4142135623730951
3803, 27, 535, 199, 534, 195, 1, 4, 1.3258176636680326, 4.123105625617661
3803, 33, 585, 247, 587, 250, -2, -3, -2.158798930342464, 3.605551275463989
3804, 0, 582, 166, 581, 165, 1, 1, 0.7853981633974483, 1.4142135623730951
3804, 23, 569, 166, 568, 164, 1, 2, 1.1071487177940904, 2.23606797749979
3804, 24, 535, 201, 535, 199, 0, 2, 1.5707963267948966, 2.0
3804, 28, 460, 143, 459, 144, 1, -1, -0.7853981633974483, 1.4142135623730951
3804, 30, 585, 245, 585, 247, 0, -2, -1.5707963267948966, 2.0
3805, 7, 635, 366, 635, 368, 0, -2, -1.5707963267948966, 2.0
3805, 14, 541, 160, 542, 157, -1, 3, 1.892546881191539, 3.1622776601683795
3805, 19, 553, 194, 551, 192, 2, 2, 0.7853981633974483, 2.8284271247461903
3805, 20, 570, 167, 569, 165, 1, 2, 1.1071487177940904, 2.23606797749979
3805, 27, 536, 203, 535, 201, 1, 2, 1.1071487177940904, 2.23606797749979
3805, 30, 454, 121, 453, 123, 1, -2, -1.1071487177940904, 2.23606797749979
3805, 36, 468, 241, 468, 243, 0, -2, -1.5707963267948966, 2.0
3805, 40, 433, 234, 432, 237, 1, -3, -1.2490457723982544, 3.1622776601683795
3805, 41, 433, 258, 432, 260, 1, -2, -1.1071487177940904, 2.23606797749979
3805, 42, 578, 214, 577, 213, 1, 1, 0.7853981633974483, 1.4142135623730951
3805, 47, 456, 243, 455, 245, 1, -2, -1.1071487177940904, 2.23606797749979
3806, 2, 467, 213, 468, 215, -1, -2, -2.0344439357957027, 2.23606797749979
3806, 6, 635, 363, 635, 366, 0, -3, -1.5707963267948966, 3.0
3806, 13, 541, 162, 541, 160, 0, 2, 1.5707963267948966, 2.0
3806, 17, 419, 128, 418, 129, 1, -1, -0.7853981633974483, 1.4142135623730951
3806, 18, 554, 195, 553, 194, 1, 1, 0.7853981633974483, 1.4142135623730951
3806, 19, 571, 169, 570, 167, 1, 2, 1.1071487177940904, 2.23606797749979
3806, 26, 536, 205, 536, 203, 0, 2, 1.5707963267948966, 2.0
3806, 27, 432, 128, 432, 130, 0, -2, -1.5707963267948966, 2.0
3806, 39, 434, 232, 433, 234, 1, -2, -1.1071487177940904, 2.23606797749979
3806, 40, 434, 254, 433, 258, 1, -4, -1.3258176636680326, 4.123105625617661
3806, 43, 516, 118, 515, 117, 1, 1, 0.7853981633974483, 1.4142135623730951
3806, 45, 457, 241, 456, 243, 1, -2, -1.1071487177940904, 2.23606797749979
3807, 0, 585, 169, 584, 168, 1, 1, 0.7853981633974483, 1.4142135623730951
3807, 6, 635, 361, 635, 363, 0, -2, -1.5707963267948966, 2.0
3807, 16, 421, 127, 419, 128, 2, -1, -0.4636476090008061, 2.23606797749979
3807, 21, 462, 143, 461, 144, 1, -1, -0.7853981633974483, 1.4142135623730951
3807, 24, 630, 240, 628, 240, 2, 0, 0.0, 2.0
3807, 26, 433, 127, 432, 128, 1, -1, -0.7853981633974483, 1.4142135623730951
3807, 28, 456, 119, 454, 121, 2, -2, -0.7853981633974483, 2.8284271247461903
3807, 30, 528, 152, 527, 151, 1, 1, 0.7853981633974483, 1.4142135623730951
3807, 34, 429, 178, 429, 180, 0, -2, -1.5707963267948966, 2.0
3807, 37, 434, 230, 434, 232, 0, -2, -1.5707963267948966, 2.0
3807, 38, 434, 252, 434, 254, 0, -2, -1.5707963267948966, 2.0
3807, 43, 457, 239, 457, 241, 0, -2, -1.5707963267948966, 2.0
3807, 45, 426, 130, 425, 131, 1, -1, -0.7853981633974483, 1.4142135623730951
3808, 35, 434, 227, 434, 230, 0, -3, -1.5707963267948966, 3.0
3808, 36, 434, 250, 434, 252, 0, -2, -1.5707963267948966, 2.0
3808, 41, 457, 237, 457, 239, 0, -2, -1.5707963267948966, 2.0
3808, 46, 546, 221, 545, 222, 1, -1, -0.7853981633974483, 1.4142135623730951
3809, 8, 570, 197, 571, 196, -1, 1, 2.356194490192345, 1.4142135623730951
3809, 9, 470, 136, 469, 137, 1, -1, -0.7853981633974483, 1.4142135623730951
3809, 11, 547, 233, 549, 233, -2, 0, 3.141592653589793, 2.0
3809, 15, 421, 123, 421, 126, 0, -3, -1.5707963267948966, 3.0
3809, 19, 462, 140, 462, 142, 0, -2, -1.5707963267948966, 2.0
3809, 24, 434, 125, 433, 126, 1, -1, -0.7853981633974483, 1.4142135623730951
3809, 26, 457, 117, 456, 118, 1, -1, -0.7853981633974483, 1.4142135623730951
3809, 28, 529, 154, 528, 153, 1, 1, 0.7853981633974483, 1.4142135623730951
3809, 37, 512, 175, 512, 173, 0, 2, 1.5707963267948966, 2.0
3809, 40, 457, 235, 457, 237, 0, -2, -1.5707963267948966, 2.0
3809, 42, 426, 127, 426, 129, 0, -2, -1.5707963267948966, 2.0
3809, 45, 547, 222, 546, 221, 1, 1, 0.7853981633974483, 1.4142135623730951
3810, 13, 542, 158, 540, 156, 2, 2, 0.7853981633974483, 2.8284271247461903
3810, 18, 546, 263, 547, 262, -1, 1, 2.356194490192345, 1.4142135623730951
3810, 22, 531, 182, 532, 181, -1, 1, 2.356194490192345, 1.4142135623730951
3810, 36, 562, 201, 563, 200, -1, 1, 2.356194490192345, 1.4142135623730951
3810, 38, 558, 207, 557, 205, 1, 2, 1.1071487177940904, 2.23606797749979
3811, 3, 611, 340, 610, 341, 1, -1, -0.7853981633974483, 1.4142135623730951
3811, 7, 633, 356, 632, 359, 1, -3, -1.2490457723982544, 3.1622776601683795
3811, 12, 543, 157, 542, 158, 1, -1, -0.7853981633974483, 1.4142135623730951
3811, 14, 472, 135, 471, 138, 1, -3, -1.2490457723982544, 3.1622776601683795
3811, 15, 545, 264, 546, 263, -1, 1, 2.356194490192345, 1.4142135623730951
3811, 19, 533, 185, 531, 182, 2, 3, 0.982793723247329, 3.605551275463989
3811, 21, 434, 127, 433, 128, 1, -1, -0.7853981633974483, 1.4142135623730951
3811, 27, 465, 159, 465, 161, 0, -2, -1.5707963267948966, 2.0
3811, 35, 517, 186, 519, 187, -2, -1, -2.677945044588987, 2.23606797749979
3811, 36, 590, 294, 589, 293, 1, 1, 0.7853981633974483, 1.4142135623730951
3812, 5, 567, 199, 568, 198, -1, 1, 2.356194490192345, 1.4142135623730951
3812, 13, 544, 265, 545, 264, -1, 1, 2.356194490192345, 1.4142135623730951
3812, 19, 438, 126, 434, 127, 4, -1, -0.24497866312686414, 4.123105625617661
3812, 25, 465, 157, 465, 159, 0, -2, -1.5707963267948966, 2.0
3812, 28, 589, 321, 588, 320, 1, 1, 0.7853981633974483, 1.4142135623730951
3812, 29, 556, 235, 555, 232, 1, 3, 1.2490457723982544, 3.1622776601683795
3812, 31, 517, 123, 515, 122, 2, 1, 0.4636476090008061, 2.23606797749979
3813, 0, 587, 171, 586, 170, 1, 1, 0.7853981633974483, 1.4142135623730951
3813, 6, 611, 239, 612, 238, -1, 1, 2.356194490192345, 1.4142135623730951
3813, 9, 581, 201, 580, 200, 1, 1, 0.7853981633974483, 1.4142135623730951
3813, 28, 555, 236, 556, 235, -1, 1, 2.356194490192345, 1.4142135623730951
3814, 6, 610, 240, 611, 239, -1, 1, 2.356194490192345, 1.4142135623730951
3814, 10, 613, 218, 614, 217, -1, 1, 2.356194490192345, 1.4142135623730951
3814, 14, 581, 346, 580, 345, 1, 1, 0.7853981633974483, 1.4142135623730951
3815, 0, 467, 211, 468, 213, -1, -2, -2.0344439357957027, 2.23606797749979
3815, 1, 589, 173, 588, 172, 1, 1, 0.7853981633974483, 1.4142135623730951
3815, 5, 549, 171, 547, 170, 2, 1, 0.4636476090008061, 2.23606797749979
3815, 6, 446, 194, 446, 196, 0, -2, -1.5707963267948966, 2.0
3815, 7, 635, 358, 638, 358, -3, 0, 3.141592653589793, 3.0
3815, 8, 581, 204, 581, 202, 0, 2, 1.5707963267948966, 2.0
3815, 20, 567, 201, 568, 200, -1, 1, 2.356194490192345, 1.4142135623730951
3815, 21, 418, 176, 418, 178, 0, -2, -1.5707963267948966, 2.0
3815, 28, 556, 192, 555, 191, 1, 1, 0.7853981633974483, 1.4142135623730951
3815, 30, 428, 254, 430, 252, -2, 2, 2.356194490192345, 2.8284271247461903
3815, 31, 463, 140, 463, 142, 0, -2, -1.5707963267948966, 2.0
3815, 33, 563, 169, 561, 166, 2, 3, 0.982793723247329, 3.605551275463989
3815, 36, 422, 182, 424, 184, -2, -2, -2.356194490192345, 2.8284271247461903
3816, 1, 590, 174, 589, 173, 1, 1, 0.7853981633974483, 1.4142135623730951
3816, 5, 550, 172, 549, 171, 1, 1, 0.7853981633974483, 1.4142135623730951
3816, 21, 418, 174, 418, 176, 0, -2, -1.5707963267948966, 2.0
3816, 24, 455, 159, 454, 160, 1, -1, -0.7853981633974483, 1.4142135623730951
3816, 28, 558, 194, 556, 192, 2, 2, 0.7853981633974483, 2.8284271247461903
3816, 29, 463, 218, 463, 220, 0, -2, -1.5707963267948966, 2.0
3816, 30, 427, 255, 428, 254, -1, 1, 2.356194490192345, 1.4142135623730951
3816, 32, 430, 176, 430, 178, 0, -2, -1.5707963267948966, 2.0
3816, 33, 563, 171, 563, 169, 0, 2, 1.5707963267948966, 2.0
3816, 36, 423, 181, 422, 182, 1, -1, -0.7853981633974483, 1.4142135623730951
3817, 0, 466, 208, 467, 210, -1, -2, -2.0344439357957027, 2.23606797749979
3817, 17, 468, 156, 467, 157, 1, -1, -0.7853981633974483, 1.4142135623730951
3817, 18, 566, 203, 567, 202, -1, 1, 2.356194490192345, 1.4142135623730951
3817, 19, 419, 171, 418, 174, 1, -3, -1.2490457723982544, 3.1622776601683795
3817, 25, 620, 353, 619, 354, 1, -1, -0.7853981633974483, 1.4142135623730951
3817, 26, 559, 195, 558, 194, 1, 1, 0.7853981633974483, 1.4142135623730951
3817, 27, 425, 257, 427, 255, -2, 2, 2.356194490192345, 2.8284271247461903
3817, 30, 564, 173, 563, 171, 1, 2, 1.1071487177940904, 2.23606797749979
3817, 33, 422, 179, 423, 181, -1, -2, -2.0344439357957027, 2.23606797749979
3817, 35, 534, 215, 535, 214, -1, 1, 2.356194490192345, 1.4142135623730951
3818, 0, 466, 206, 466, 208, 0, -2, -1.5707963267948966, 2.0
3818, 1, 592, 175, 591, 174, 1, 1, 0.7853981633974483, 1.4142135623730951
3818, 8, 602, 215, 602, 213, 0, 2, 1.5707963267948966, 2.0
3818, 17, 565, 204, 566, 203, -1, 1, 2.356194490192345, 1.4142135623730951
3818, 18, 421, 168, 419, 171, 2, -3, -0.982793723247329, 3.605551275463989
3818, 25, 559, 197, 559, 195, 0, 2, 1.5707963267948966, 2.0
3818, 28, 565, 176, 564, 173, 1, 3, 1.2490457723982544, 3.1622776601683795
3819, 7, 602, 217, 602, 215, 0, 2, 1.5707963267948966, 2.0
3819, 14, 475, 135, 474, 136, 1, -1, -0.7853981633974483, 1.4142135623730951
3819, 16, 564, 205, 565, 204, -1, 1, 2.356194490192345, 1.4142135623730951
3819, 17, 420, 166, 421, 168, -1, -2, -2.0344439357957027, 2.23606797749979
3819, 24, 559, 199, 559, 197, 0, 2, 1.5707963267948966, 2.0
3819, 25, 464, 136, 463, 137, 1, -1, -0.7853981633974483, 1.4142135623730951
3819, 26, 567, 178, 565, 176, 2, 2, 0.7853981633974483, 2.8284271247461903
3820, 2, 461, 208, 462, 210, -1, -2, -2.0344439357957027, 2.23606797749979
3820, 6, 548, 158, 546, 156, 2, 2, 0.7853981633974483, 2.8284271247461903
3820, 10, 572, 178, 570, 177, 2, 1, 0.4636476090008061, 2.23606797749979
3820, 18, 628, 245, 629, 244, -1, 1, 2.356194490192345, 1.4142135623730951
3820, 27, 623, 352, 621, 354, 2, -2, -0.7853981633974483, 2.8284271247461903
3820, 30, 585, 255, 584, 253, 1, 2, 1.1071487177940904, 2.23606797749979
3820, 32, 523, 130, 522, 129, 1, 1, 0.7853981633974483, 1.4142135623730951
3820, 34, 422, 170, 422, 172, 0, -2, -1.5707963267948966, 2.0
3820, 37, 435, 215, 437, 215, -2, 0, 3.141592653589793, 2.0
3820, 38, 458, 118, 456, 119, 2, -1, -0.4636476090008061, 2.23606797749979
3820, 39, 458, 234, 458, 236, 0, -2, -1.5707963267948966, 2.0
3820, 43, 535, 262, 534, 261, 1, 1, 0.7853981633974483, 1.4142135623730951
3820, 44, 531, 213, 530, 212, 1, 1, 0.7853981633974483, 1.4142135623730951
3821, 3, 616, 341, 615, 342, 1, -1, -0.7853981633974483, 1.4142135623730951
3821, 5, 550, 160, 548, 158, 2, 2, 0.7853981633974483, 2.8284271247461903
3821, 9, 574, 177, 572, 178, 2, -1, -0.4636476090008061, 2.23606797749979
3821, 10, 466, 137, 465, 139, 1, -2, -1.1071487177940904, 2.23606797749979
3821, 12, 477, 135, 476, 136, 1, -1, -0.7853981633974483, 1.4142135623730951
3821, 19, 591, 253, 592, 255, -1, -2, -2.0344439357957027, 2.23606797749979
3821, 20, 583, 349, 582, 348, 1, 1, 0.7853981633974483, 1.4142135623730951
3821, 23, 430, 173, 431, 175, -1, -2, -2.0344439357957027, 2.23606797749979
3821, 24, 624, 351, 623, 352, 1, -1, -0.7853981633974483, 1.4142135623730951
3821, 34, 433, 215, 435, 215, -2, 0, 3.141592653589793, 2.0
3821, 35, 458, 116, 458, 118, 0, -2, -1.5707963267948966, 2.0
3821, 36, 457, 230, 458, 234, -1, -4, -1.8157749899217608, 4.123105625617661
3821, 40, 532, 214, 531, 213, 1, 1, 0.7853981633974483, 1.4142135623730951
3821, 44, 422, 177, 422, 179, 0, -2, -1.5707963267948966, 2.0
3822, 4, 551, 163, 550, 160, 1, 3, 1.2490457723982544, 3.1622776601683795
3822, 8, 467, 136, 466, 137, 1, -1, -0.7853981633974483, 1.4142135623730951
3822, 16, 591, 251, 591, 253, 0, -2, -1.5707963267948966, 2.0
3822, 19, 502, 125, 501, 126, 1, -1, -0.7853981633974483, 1.4142135623730951
3822, 21, 626, 349, 624, 351, 2, -2, -0.7853981633974483, 2.8284271247461903
3822, 24, 433, 241, 435, 241, -2, 0, 3.141592653589793, 2.0
3822, 25, 525, 131, 524, 130, 1, 1, 0.7853981633974483, 1.4142135623730951
3822, 27, 422, 167, 422, 169, 0, -2, -1.5707963267948966, 2.0
3822, 29, 538, 162, 537, 161, 1, 1, 0.7853981633974483, 1.4142135623730951
3822, 30, 458, 114, 458, 116, 0, -2, -1.5707963267948966, 2.0
3822, 31, 456, 227, 457, 230, -1, -3, -1.892546881191539, 3.1622776601683795
3823, 4, 552, 167, 551, 163, 1, 4, 1.3258176636680326, 4.123105625617661
3823, 7, 468, 135, 467, 136, 1, -1, -0.7853981633974483, 1.4142135623730951
3823, 20, 457, 155, 456, 156, 1, -1, -0.7853981633974483, 1.4142135623730951
3823, 22, 526, 132, 525, 131, 1, 1, 0.7853981633974483, 1.4142135623730951
3823, 24, 423, 166, 422, 167, 1, -1, -0.7853981633974483, 1.4142135623730951
3823, 27, 457, 112, 458, 114, -1, -2, -2.0344439357957027, 2.23606797749979
3823, 28, 455, 225, 456, 227, -1, -2, -2.0344439357957027, 2.23606797749979
3824, 2, 617, 340, 616, 341, 1, -1, -0.7853981633974483, 1.4142135623730951
3824, 3, 603, 260, 604, 259, -1, 1, 2.356194490192345, 1.4142135623730951
3824, 7, 469, 134, 468, 135, 1, -1, -0.7853981633974483, 1.4142135623730951
3824, 10, 621, 324, 620, 323, 1, 1, 0.7853981633974483, 1.4142135623730951
3824, 14, 589, 248, 591, 250, -2, -2, -2.356194490192345, 2.8284271247461903
3824, 15, 585, 350, 584, 349, 1, 1, 0.7853981633974483, 1.4142135623730951
3824, 19, 627, 346, 626, 348, 1, -2, -1.1071487177940904, 2.23606797749979
3824, 24, 423, 164, 423, 166, 0, -2, -1.5707963267948966, 2.0
3824, 27, 456, 110, 457, 112, -1, -2, -2.0344439357957027, 2.23606797749979
3825, 16, 430, 218, 430, 221, 0, -3, -1.5707963267948966, 3.0
3825, 17, 431, 244, 431, 246, 0, -2, -1.5707963267948966, 2.0
3825, 26, 533, 130, 532, 129, 1, 1, 0.7853981633974483, 1.4142135623730951
3825, 28, 458, 238, 459, 240, -1, -2, -2.0344439357957027, 2.23606797749979
3825, 30, 589, 267, 588, 266, 1, 1, 0.7853981633974483, 1.4142135623730951
3825, 31, 627, 347, 626, 348, 1, -1, -0.7853981633974483, 1.4142135623730951
3826, 10, 562, 213, 563, 212, -1, 1, 2.356194490192345, 1.4142135623730951
3826, 14, 593, 297, 594, 296, -1, 1, 2.356194490192345, 1.4142135623730951
3826, 16, 431, 213, 430, 218, 1, -5, -1.373400766945016, 5.0990195135927845
3826, 17, 431, 240, 431, 244, 0, -4, -1.5707963267948966, 4.0
3826, 26, 534, 131, 533, 130, 1, 1, 0.7853981633974483, 1.4142135623730951
3827, 1, 577, 263, 576, 262, 1, 1, 0.7853981633974483, 1.4142135623730951
3827, 2, 619, 344, 618, 343, 1, 1, 0.7853981633974483, 1.4142135623730951
3827, 12, 443, 189, 444, 191, -1, -2, -2.0344439357957027, 2.23606797749979
3827, 15, 431, 210, 431, 213, 0, -3, -1.5707963267948966, 3.0
3827, 16, 432, 237, 431, 240, 1, -3, -1.2490457723982544, 3.1622776601683795
3827, 18, 568, 209, 569, 208, -1, 1, 2.356194490192345, 1.4142135623730951
3827, 19, 480, 132, 479, 134, 1, -2, -1.1071487177940904, 2.23606797749979
3827, 25, 536, 131, 534, 131, 2, 0, 0.0, 2.0
3827, 27, 589, 350, 588, 349, 1, 1, 0.7853981633974483, 1.4142135623730951
3827, 31, 467, 114, 466, 115, 1, -1, -0.7853981633974483, 1.4142135623730951
3828, 15, 432, 206, 431, 210, 1, -4, -1.3258176636680326, 4.123105625617661
3828, 16, 433, 234, 432, 237, 1, -3, -1.2490457723982544, 3.1622776601683795
3828, 25, 537, 133, 536, 131, 1, 2, 1.1071487177940904, 2.23606797749979
3828, 30, 556, 208, 556, 205, 0, 3, 1.5707963267948966, 3.0
3828, 31, 468, 113, 467, 114, 1, -1, -0.7853981633974483, 1.4142135623730951
3829, 0, 595, 181, 594, 180, 1, 1, 0.7853981633974483, 1.4142135623730951
3829, 14, 432, 204, 432, 206, 0, -2, -1.5707963267948966, 2.0
3829, 15, 434, 232, 433, 234, 1, -2, -1.1071487177940904, 2.23606797749979
3829, 19, 523, 161, 522, 160, 1, 1, 0.7853981633974483, 1.4142135623730951
3829, 27, 630, 345, 629, 346, 1, -1, -0.7853981633974483, 1.4142135623730951
3829, 28, 556, 210, 556, 208, 0, 2, 1.5707963267948966, 2.0
3829, 29, 469, 112, 468, 113, 1, -1, -0.7853981633974483, 1.4142135623730951
3830, 11, 482, 134, 481, 135, 1, -1, -0.7853981633974483, 1.4142135623730951
3830, 14, 577, 176, 575, 174, 2, 2, 0.7853981633974483, 2.8284271247461903
3830, 16, 634, 350, 632, 351, 2, -1, -0.4636476090008061, 2.23606797749979
3830, 19, 580, 188, 581, 190, -1, -2, -2.0344439357957027, 2.23606797749979
3830, 22, 619, 325, 616, 324, 3, 1, 0.3217505543966422, 3.1622776601683795
3830, 24, 439, 126, 437, 127, 2, -1, -0.4636476090008061, 2.23606797749979
3830, 29, 587, 250, 585, 249, 2, 1, 0.4636476090008061, 2.23606797749979
3830, 30, 533, 134, 531, 133, 2, 1, 0.4636476090008061, 2.23606797749979
3830, 32, 587, 263, 588, 265, -1, -2, -2.0344439357957027, 2.23606797749979
3830, 34, 427, 174, 427, 176, 0, -2, -1.5707963267948966, 2.0
3830, 40, 432, 169, 432, 171, 0, -2, -1.5707963267948966, 2.0
3830, 41, 536, 260, 535, 259, 1, 1, 0.7853981633974483, 1.4142135623730951
3830, 42, 432, 252, 433, 251, -1, 1, 2.356194490192345, 1.4142135623730951
3830, 43, 526, 161, 524, 161, 2, 0, 0.0, 2.0
3831, 0, 468, 205, 468, 207, 0, -2, -1.5707963267948966, 2.0
3831, 5, 603, 260, 604, 259, -1, 1, 2.356194490192345, 1.4142135623730951
3831, 9, 583, 182, 582, 181, 1, 1, 0.7853981633974483, 1.4142135623730951
3831, 13, 580, 178, 577, 176, 3, 2, 0.5880026035475675, 3.605551275463989
3831, 15, 635, 349, 634, 350, 1, -1, -0.7853981633974483, 1.4142135623730951
3831, 21, 621, 325, 619, 325, 2, 0, 0.0, 2.0
3831, 23, 440, 125, 439, 126, 1, -1, -0.7853981633974483, 1.4142135623730951
3831, 25, 466, 227, 467, 232, -1, -5, -1.7681918866447774, 5.0990195135927845
3831, 28, 588, 252, 587, 250, 1, 2, 1.1071487177940904, 2.23606797749979
3831, 31, 587, 261, 587, 263, 0, -2, -1.5707963267948966, 2.0
3831, 33, 426, 172, 427, 174, -1, -2, -2.0344439357957027, 2.23606797749979
3831, 34, 461, 155, 460, 156, 1, -1, -0.7853981633974483, 1.4142135623730951
3831, 38, 434, 165, 432, 169, 2, -4, -1.1071487177940904, 4.47213595499958
3831, 39, 538, 261, 536, 260, 2, 1, 0.4636476090008061, 2.23606797749979
3831, 40, 431, 253, 432, 252, -1, 1, 2.356194490192345, 1.4142135623730951
3831, 41, 528, 162, 526, 161, 2, 1, 0.4636476090008061, 2.23606797749979
3832, 7, 483, 132, 482, 133, 1, -1, -0.7853981633974483, 1.4142135623730951
3832, 10, 582, 181, 580, 178, 2, 3, 0.982793723247329, 3.605551275463989
3832, 13, 515, 158, 514, 157, 1, 1, 0.7853981633974483, 1.4142135623730951
3832, 16, 623, 326, 621, 325, 2, 1, 0.4636476090008061, 2.23606797749979
3832, 18, 441, 124, 440, 125, 1, -1, -0.7853981633974483, 1.4142135623730951
3832, 19, 591, 352, 590, 351, 1, 1, 0.7853981633974483, 1.4142135623730951
3832, 22, 589, 254, 588, 252, 1, 2, 1.1071487177940904, 2.23606797749979
3832, 25, 586, 259, 587, 261, -1, -2, -2.0344439357957027, 2.23606797749979
3832, 27, 427, 171, 426, 172, 1, -1, -0.7853981633974483, 1.4142135623730951
3832, 29, 588, 298, 589, 297, -1, 1, 2.356194490192345, 1.4142135623730951
3832, 30, 602, 299, 603, 298, -1, 1, 2.356194490192345, 1.4142135623730951
3832, 33, 540, 264, 538, 261, 2, 3, 0.982793723247329, 3.605551275463989
3832, 35, 530, 164, 528, 162, 2, 2, 0.7853981633974483, 2.8284271247461903
3833, 7, 484, 131, 483, 132, 1, -1, -0.7853981633974483, 1.4142135623730951
3833, 8, 616, 241, 615, 242, 1, -1, -0.7853981633974483, 1.4142135623730951
3833, 10, 583, 183, 582, 181, 1, 2, 1.1071487177940904, 2.23606797749979
3833, 19, 593, 352, 591, 352, 2, 0, 0.0, 2.0
3833, 21, 603, 215, 601, 213, 2, 2, 0.7853981633974483, 2.8284271247461903
3833, 22, 589, 257, 589, 254, 0, 3, 1.5707963267948966, 3.0
3833, 23, 535, 136, 534, 135, 1, 1, 0.7853981633974483, 1.4142135623730951
3833, 25, 583, 257, 586, 259, -3, -2, -2.5535900500422257, 3.605551275463989
3833, 26, 427, 169, 427, 171, 0, -2, -1.5707963267948966, 2.0
3833, 29, 577, 213, 576, 211, 1, 2, 1.1071487177940904, 2.23606797749979
3833, 31, 539, 265, 540, 264, -1, 1, 2.356194490192345, 1.4142135623730951
3834, 16, 626, 326, 624, 326, 2, 0, 0.0, 2.0
3834, 18, 441, 121, 441, 123, 0, -2, -1.5707963267948966, 2.0
3834, 23, 536, 137, 535, 136, 1, 1, 0.7853981633974483, 1.4142135623730951
3834, 25, 583, 255, 583, 257, 0, -2, -1.5707963267948966, 2.0
3834, 30, 434, 161, 434, 163, 0, -2, -1.5707963267948966, 2.0
3834, 31, 540, 266, 539, 265, 1, 1, 0.7853981633974483, 1.4142135623730951
3834, 32, 432, 251, 431, 253, 1, -2, -1.1071487177940904, 2.23606797749979
3835, 0, 589, 212, 588, 213, 1, -1, -0.7853981633974483, 1.4142135623730951
3835, 2, 598, 185, 597, 184, 1, 1, 0.7853981633974483, 1.4142135623730951
3835, 6, 488, 131, 487, 132, 1, -1, -0.7853981633974483, 1.4142135623730951
3835, 9, 557, 181, 558, 180, -1, 1, 2.356194490192345, 1.4142135623730951
3835, 12, 550, 173, 549, 170, 1, 3, 1.2490457723982544, 3.1622776601683795
3835, 13, 447, 119, 446, 121, 1, -2, -1.1071487177940904, 2.23606797749979
3835, 16, 591, 259, 592, 258, -1, 1, 2.356194490192345, 1.4142135623730951
3835, 17, 558, 212, 556, 211, 2, 1, 0.4636476090008061, 2.23606797749979
3835, 25, 594, 354, 593, 353, 1, 1, 0.7853981633974483, 1.4142135623730951
3835, 30, 474, 113, 473, 114, 1, -1, -0.7853981633974483, 1.4142135623730951
3835, 34, 456, 207, 456, 210, 0, -3, -1.5707963267948966, 3.0
3835, 36, 422, 168, 422, 170, 0, -2, -1.5707963267948966, 2.0
3835, 44, 537, 223, 538, 222, -1, 1, 2.356194490192345, 1.4142135623730951
3835, 45, 527, 204, 526, 203, 1, 1, 0.7853981633974483, 1.4142135623730951
3835, 51, 531, 170, 530, 167, 1, 3, 1.2490457723982544, 3.1622776601683795
3835, 56, 435, 248, 433, 252, 2, -4, -1.1071487177940904, 4.47213595499958
3836, 3, 603, 262, 604, 261, -1, 1, 2.356194490192345, 1.4142135623730951
3836, 7, 589, 189, 588, 188, 1, 1, 0.7853981633974483, 1.4142135623730951
3836, 12, 448, 118, 447, 119, 1, -1, -0.7853981633974483, 1.4142135623730951
3836, 22, 536, 138, 535, 137, 1, 1, 0.7853981633974483, 1.4142135623730951
3836, 27, 434, 238, 435, 237, -1, 1, 2.356194490192345, 1.4142135623730951
3836, 32, 455, 205, 456, 207, -1, -2, -2.0344439357957027, 2.23606797749979
3836, 34, 423, 167, 422, 168, 1, -1, -0.7853981633974483, 1.4142135623730951
3836, 37, 481, 131, 480, 132, 1, -1, -0.7853981633974483, 1.4142135623730951
3836, 40, 434, 213, 435, 212, -1, 1, 2.356194490192345, 1.4142135623730951
3836, 43, 553, 275, 554, 274, -1, 1, 2.356194490192345, 1.4142135623730951
3836, 46, 540, 174, 540, 172, 0, 2, 1.5707963267948966, 2.0
3836, 47, 435, 165, 434, 167, 1, -2, -1.1071487177940904, 2.23606797749979
3836, 48, 531, 172, 531, 170, 0, 2, 1.5707963267948966, 2.0
3836, 50, 536, 200, 537, 199, -1, 1, 2.356194490192345, 1.4142135623730951
3836, 53, 435, 246, 435, 248, 0, -2, -1.5707963267948966, 2.0
3837, 0, 590, 210, 589, 211, 1, -1, -0.7853981633974483, 1.4142135623730951
3837, 3, 601, 262, 603, 262, -2, 0, 3.141592653589793, 2.0
3837, 5, 489, 129, 488, 130, 1, -1, -0.7853981633974483, 1.4142135623730951
3837, 8, 556, 183, 556, 181, 0, 2, 1.5707963267948966, 2.0
3837, 9, 631, 327, 630, 328, 1, -1, -0.7853981633974483, 1.4142135623730951
3837, 10, 601, 300, 602, 299, -1, 1, 2.356194490192345, 1.4142135623730951
3837, 11, 550, 176, 550, 174, 0, 2, 1.5707963267948966, 2.0
3837, 20, 557, 244, 558, 243, -1, 1, 2.356194490192345, 1.4142135623730951
3837, 21, 537, 139, 536, 138, 1, 1, 0.7853981633974483, 1.4142135623730951
3837, 23, 596, 353, 595, 354, 1, -1, -0.7853981633974483, 1.4142135623730951
3837, 26, 433, 239, 434, 238, -1, 1, 2.356194490192345, 1.4142135623730951
3837, 27, 475, 112, 474, 113, 1, -1, -0.7853981633974483, 1.4142135623730951
3837, 28, 578, 181, 580, 183, -2, -2, -2.356194490192345, 2.8284271247461903
3837, 33, 422, 165, 423, 167, -1, -2, -2.0344439357957027, 2.23606797749979
3837, 40, 536, 225, 537, 224, -1, 1, 2.356194490192345, 1.4142135623730951
3837, 51, 434, 244, 435, 246, -1, -2, -2.0344439357957027, 2.23606797749979
3838, 0, 591, 209, 590, 210, 1, -1, -0.7853981633974483, 1.4142135623730951
3838, 11, 551, 179, 550, 176, 1, 3, 1.2490457723982544, 3.1622776601683795
3838, 12, 449, 116, 448, 117, 1, -1, -0.7853981633974483, 1.4142135623730951
3838, 18, 572, 214, 573, 213, -1, 1, 2.356194490192345, 1.4142135623730951
3838, 21, 538, 140, 537, 139, 1, 1, 0.7853981633974483, 1.4142135623730951
3838, 23, 597, 354, 596, 353, 1, 1, 0.7853981633974483, 1.4142135623730951
3838, 25, 432, 240, 433, 239, -1, 1, 2.356194490192345, 1.4142135623730951
3838, 29, 455, 201, 455, 204, 0, -3, -1.5707963267948966, 3.0
3838, 32, 462, 150, 461, 151, 1, -1, -0.7853981633974483, 1.4142135623730951
3838, 34, 482, 129, 481, 130, 1, -1, -0.7853981633974483, 1.4142135623730951
3838, 38, 535, 226, 536, 225, -1, 1, 2.356194490192345, 1.4142135623730951
3838, 40, 552, 276, 553, 275, -1, 1, 2.356194490192345, 1.4142135623730951
3838, 41, 577, 218, 578, 217, -1, 1, 2.356194490192345, 1.4142135623730951
3838, 48, 475, 136, 474, 137, 1, -1, -0.7853981633974483, 1.4142135623730951
3839, 5, 490, 127, 489, 128, 1, -1, -0.7853981633974483, 1.4142135623730951
3839, 8, 556, 185, 556, 183, 0, 2, 1.5707963267948966, 2.0
3839, 11, 551, 182, 551, 179, 0, 3, 1.5707963267948966, 3.0
3839, 18, 571, 215, 572, 214, -1, 1, 2.356194490192345, 1.4142135623730951
3839, 21, 539, 141, 538, 140, 1, 1, 0.7853981633974483, 1.4142135623730951
3839, 24, 430, 240, 432, 240, -2, 0, 3.141592653589793, 2.0
3839, 25, 478, 112, 476, 112, 2, 0, 0.0, 2.0
3839, 28, 456, 200, 455, 201, 1, -1, -0.7853981633974483, 1.4142135623730951
3839, 37, 534, 227, 535, 226, -1, 1, 2.356194490192345, 1.4142135623730951
3839, 42, 541, 176, 540, 175, 1, 1, 0.7853981633974483, 1.4142135623730951
3839, 47, 476, 135, 475, 136, 1, -1, -0.7853981633974483, 1.4142135623730951
3840, 7, 555, 182, 554, 181, 1, 1, 0.7853981633974483, 1.4142135623730951
3840, 21, 437, 165, 436, 166, 1, -1, -0.7853981633974483, 1.4142135623730951
3840, 32, 538, 180, 537, 179, 1, 1, 0.7853981633974483, 1.4142135623730951
3840, 37, 539, 145, 538, 143, 1, 2, 1.1071487177940904, 2.23606797749979
3841, 7, 556, 184, 555, 182, 1, 2, 1.1071487177940904, 2.23606797749979
3841, 8, 491, 130, 490, 131, 1, -1, -0.7853981633974483, 1.4142135623730951
3841, 12, 583, 205, 583, 207, 0, -2, -1.5707963267948966, 2.0
3841, 13, 450, 122, 449, 123, 1, -1, -0.7853981633974483, 1.4142135623730951
3841, 16, 571, 217, 572, 216, -1, 1, 2.356194490192345, 1.4142135623730951
3841, 20, 437, 163, 437, 165, 0, -2, -1.5707963267948966, 2.0
3841, 21, 634, 324, 633, 325, 1, -1, -0.7853981633974483, 1.4142135623730951
3841, 24, 474, 151, 474, 153, 0, -2, -1.5707963267948966, 2.0
3841, 29, 598, 355, 597, 356, 1, -1, -0.7853981633974483, 1.4142135623730951
3841, 35, 540, 146, 539, 145, 1, 1, 0.7853981633974483, 1.4142135623730951
3842, 7, 556, 187, 556, 184, 0, 3, 1.5707963267948966, 3.0
3842, 11, 584, 204, 583, 205, 1, -1, -0.7853981633974483, 1.4142135623730951
3842, 12, 451, 121, 450, 122, 1, -1, -0.7853981633974483, 1.4142135623730951
3842, 18, 438, 162, 437, 163, 1, -1, -0.7853981633974483, 1.4142135623730951
3842, 19, 635, 323, 634, 324, 1, -1, -0.7853981633974483, 1.4142135623730951
3842, 20, 429, 217, 431, 217, -2, 0, 3.141592653589793, 2.0
3842, 21, 474, 149, 474, 151, 0, -2, -1.5707963267948966, 2.0
3842, 31, 517, 165, 516, 163, 1, 2, 1.1071487177940904, 2.23606797749979
3842, 32, 541, 147, 540, 146, 1, 1, 0.7853981633974483, 1.4142135623730951
3843, 1, 579, 268, 578, 266, 1, 2, 1.1071487177940904, 2.23606797749979
3843, 3, 601, 189, 600, 188, 1, 1, 0.7853981633974483, 1.4142135623730951
3843, 5, 626, 346, 623, 346, 3, 0, 0.0, 3.0
3843, 7, 558, 189, 556, 187, 2, 2, 0.7853981633974483, 2.8284271247461903
3843, 8, 492, 128, 491, 129, 1, -1, -0.7853981633974483, 1.4142135623730951
3843, 11, 586, 205, 584, 204, 2, 1, 0.4636476090008061, 2.23606797749979
3843, 16, 430, 244, 431, 243, -1, 1, 2.356194490192345, 1.4142135623730951
3843, 18, 438, 160, 438, 162, 0, -2, -1.5707963267948966, 2.0
3843, 30, 518, 166, 517, 165, 1, 1, 0.7853981633974483, 1.4142135623730951
3843, 31, 542, 149, 541, 147, 1, 2, 1.1071487177940904, 2.23606797749979
3844, 1, 601, 263, 602, 262, -1, 1, 2.356194490192345, 1.4142135623730951
3844, 5, 559, 190, 558, 189, 1, 1, 0.7853981633974483, 1.4142135623730951
3844, 6, 493, 127, 492, 128, 1, -1, -0.7853981633974483, 1.4142135623730951
3844, 9, 587, 206, 586, 205, 1, 1, 0.7853981633974483, 1.4142135623730951
3844, 27, 542, 151, 542, 149, 0, 2, 1.5707963267948966, 2.0
3845, 0, 467, 200, 468, 203, -1, -3, -1.892546881191539, 3.1622776601683795
3845, 6, 627, 349, 626, 348, 1, 1, 0.7853981633974483, 1.4142135623730951
3845, 11, 561, 210, 559, 209, 2, 1, 0.4636476090008061, 2.23606797749979
3845, 16, 601, 306, 602, 305, -1, 1, 2.356194490192345, 1.4142135623730951
3845, 18, 453, 117, 452, 118, 1, -1, -0.7853981633974483, 1.4142135623730951
3846, 3, 602, 264, 603, 263, -1, 1, 2.356194490192345, 1.4142135623730951
3846, 10, 563, 213, 561, 210, 2, 3, 0.982793723247329, 3.605551275463989
3846, 13, 424, 159, 423, 160, 1, -1, -0.7853981633974483, 1.4142135623730951
3846, 14, 492, 129, 491, 130, 1, -1, -0.7853981633974483, 1.4142135623730951
3846, 17, 454, 116, 453, 117, 1, -1, -0.7853981633974483, 1.4142135623730951
3846, 21, 571, 220, 572, 219, -1, 1, 2.356194490192345, 1.4142135623730951
3847, 1, 604, 191, 603, 190, 1, 1, 0.7853981633974483, 1.4142135623730951
3847, 10, 564, 215, 563, 213, 1, 2, 1.1071487177940904, 2.23606797749979
3847, 16, 455, 115, 454, 116, 1, -1, -0.7853981633974483, 1.4142135623730951
3848, 0, 466, 197, 466, 199, 0, -2, -1.5707963267948966, 2.0
3848, 6, 621, 230, 621, 227, 0, 3, 1.5707963267948966, 3.0
3848, 9, 589, 213, 590, 212, -1, 1, 2.356194490192345, 1.4142135623730951
3848, 13, 603, 312, 601, 308, 2, 4, 1.1071487177940904, 4.47213595499958
3848, 19, 572, 224, 571, 220, 1, 4, 1.3258176636680326, 4.123105625617661
3849, 8, 588, 214, 589, 213, -1, 1, 2.356194490192345, 1.4142135623730951
3849, 11, 494, 127, 493, 128, 1, -1, -0.7853981633974483, 1.4142135623730951
3849, 14, 457, 114, 456, 115, 1, -1, -0.7853981633974483, 1.4142135623730951
3850, 8, 482, 154, 481, 155, 1, -1, -0.7853981633974483, 1.4142135623730951
3850, 9, 494, 129, 493, 130, 1, -1, -0.7853981633974483, 1.4142135623730951
3850, 10, 489, 137, 488, 138, 1, -1, -0.7853981633974483, 1.4142135623730951
3850, 14, 586, 193, 583, 194, 3, -1, -0.3217505543966422, 3.1622776601683795
3850, 18, 562, 217, 563, 214, -1, 3, 1.892546881191539, 3.1622776601683795
3850, 22, 437, 161, 438, 163, -1, -2, -2.0344439357957027, 2.23606797749979
3850, 25, 549, 150, 548, 148, 1, 2, 1.1071487177940904, 2.23606797749979
3850, 28, 446, 116, 445, 117, 1, -1, -0.7853981633974483, 1.4142135623730951
3850, 29, 427, 157, 427, 159, 0, -2, -1.5707963267948966, 2.0
3850, 41, 550, 240, 549, 238, 1, 2, 1.1071487177940904, 2.23606797749979
3851, 6, 561, 182, 559, 179, 2, 3, 0.982793723247329, 3.605551275463989
3851, 12, 587, 214, 588, 216, -1, -2, -2.0344439357957027, 2.23606797749979
3851, 13, 586, 191, 586, 193, 0, -2, -1.5707963267948966, 2.0
3851, 24, 550, 151, 549, 150, 1, 1, 0.7853981633974483, 1.4142135623730951
3851, 26, 455, 116, 454, 117, 1, -1, -0.7853981633974483, 1.4142135623730951
3851, 31, 551, 181, 550, 180, 1, 1, 0.7853981633974483, 1.4142135623730951
3851, 34, 524, 136, 523, 135, 1, 1, 0.7853981633974483, 1.4142135623730951
3851, 37, 435, 234, 437, 233, -2, 1, 2.677945044588987, 2.23606797749979
3851, 40, 550, 242, 550, 240, 0, 2, 1.5707963267948966, 2.0
3851, 41, 432, 212, 433, 214, -1, -2, -2.0344439357957027, 2.23606797749979
3851, 43, 572, 222, 573, 221, -1, 1, 2.356194490192345, 1.4142135623730951
3852, 5, 562, 185, 561, 182, 1, 3, 1.2490457723982544, 3.1622776601683795
3852, 7, 495, 127, 494, 128, 1, -1, -0.7853981633974483, 1.4142135623730951
3852, 19, 436, 158, 437, 160, -1, -2, -2.0344439357957027, 2.23606797749979
3852, 21, 551, 152, 550, 151, 1, 1, 0.7853981633974483, 1.4142135623730951
3852, 23, 449, 115, 447, 116, 2, -1, -0.4636476090008061, 2.23606797749979
3852, 24, 429, 154, 427, 156, 2, -2, -0.7853981633974483, 2.8284271247461903
3852, 36, 431, 210, 432, 212, -1, -2, -2.0344439357957027, 2.23606797749979
3853, 1, 603, 268, 604, 267, -1, 1, 2.356194490192345, 1.4142135623730951
3853, 3, 563, 188, 562, 185, 1, 3, 1.2490457723982544, 3.1622776601683795
3853, 8, 586, 211, 587, 213, -1, -2, -2.0344439357957027, 2.23606797749979
3853, 13, 483, 129, 482, 130, 1, -1, -0.7853981633974483, 1.4142135623730951
3853, 17, 552, 153, 551, 152, 1, 1, 0.7853981633974483, 1.4142135623730951
3853, 18, 457, 115, 456, 116, 1, -1, -0.7853981633974483, 1.4142135623730951
3853, 20, 431, 151, 429, 154, 2, -3, -0.982793723247329, 3.605551275463989
3853, 23, 552, 182, 551, 181, 1, 1, 0.7853981633974483, 1.4142135623730951
3853, 26, 526, 137, 525, 136, 1, 1, 0.7853981633974483, 1.4142135623730951
3853, 30, 510, 171, 511, 170, -1, 1, 2.356194490192345, 1.4142135623730951
3853, 31, 549, 243, 550, 242, -1, 1, 2.356194490192345, 1.4142135623730951
3853, 33, 571, 223, 572, 222, -1, 1, 2.356194490192345, 1.4142135623730951
3854, 4, 484, 152, 483, 153, 1, -1, -0.7853981633974483, 1.4142135623730951
3854, 5, 496, 125, 495, 126, 1, -1, -0.7853981633974483, 1.4142135623730951
3854, 6, 490, 134, 489, 135, 1, -1, -0.7853981633974483, 1.4142135623730951
3854, 7, 585, 209, 586, 211, -1, -2, -2.0344439357957027, 2.23606797749979
3854, 9, 463, 172, 464, 174, -1, -2, -2.0344439357957027, 2.23606797749979
3854, 12, 484, 128, 483, 129, 1, -1, -0.7853981633974483, 1.4142135623730951
3854, 13, 599, 334, 598, 333, 1, 1, 0.7853981633974483, 1.4142135623730951
3854, 14, 437, 156, 436, 157, 1, -1, -0.7853981633974483, 1.4142135623730951
3854, 16, 458, 114, 457, 115, 1, -1, -0.7853981633974483, 1.4142135623730951
3854, 17, 450, 113, 449, 114, 1, -1, -0.7853981633974483, 1.4142135623730951
3854, 18, 433, 149, 431, 151, 2, -2, -0.7853981633974483, 2.8284271247461903
3854, 20, 577, 323, 578, 321, -1, 2, 2.0344439357957027, 2.23606797749979
3854, 23, 541, 206, 542, 205, -1, 1, 2.356194490192345, 1.4142135623730951
3854, 28, 509, 172, 510, 171, -1, 1, 2.356194490192345, 1.4142135623730951
3855, 10, 431, 234, 431, 239, 0, -5, -1.5707963267948966, 5.0
3855, 13, 431, 210, 431, 213, 0, -3, -1.5707963267948966, 3.0
3855, 18, 486, 129, 485, 131, 1, -2, -1.1071487177940904, 2.23606797749979
3855, 19, 526, 139, 525, 138, 1, 1, 0.7853981633974483, 1.4142135623730951
3855, 22, 553, 153, 552, 152, 1, 1, 0.7853981633974483, 1.4142135623730951
3855, 24, 486, 154, 485, 155, 1, -1, -0.7853981633974483, 1.4142135623730951
3855, 35, 584, 188, 585, 190, -1, -2, -2.0344439357957027, 2.23606797749979
3855, 36, 512, 173, 512, 171, 0, 2, 1.5707963267948966, 2.0
3855, 37, 435, 152, 435, 154, 0, -2, -1.5707963267948966, 2.0
3855, 38, 583, 259, 584, 261, -1, -2, -2.0344439357957027, 2.23606797749979
3855, 42, 538, 191, 537, 190, 1, 1, 0.7853981633974483, 1.4142135623730951
3856, 7, 497, 128, 496, 129, 1, -1, -0.7853981633974483, 1.4142135623730951
3856, 8, 432, 230, 431, 234, 1, -4, -1.3258176636680326, 4.123105625617661
3856, 11, 431, 206, 431, 210, 0, -4, -1.5707963267948966, 4.0
3856, 17, 527, 140, 526, 139, 1, 1, 0.7853981633974483, 1.4142135623730951
3856, 20, 554, 154, 553, 153, 1, 1, 0.7853981633974483, 1.4142135623730951
3856, 23, 472, 149, 471, 150, 1, -1, -0.7853981633974483, 1.4142135623730951
3856, 32, 512, 175, 512, 173, 0, 2, 1.5707963267948966, 2.0
3856, 33, 436, 151, 435, 152, 1, -1, -0.7853981633974483, 1.4142135623730951
3856, 34, 582, 257, 583, 259, -1, -2, -2.0344439357957027, 2.23606797749979
3856, 38, 539, 192, 538, 191, 1, 1, 0.7853981633974483, 1.4142135623730951
3856, 42, 547, 207, 546, 206, 1, 1, 0.7853981633974483, 1.4142135623730951
3857, 1, 603, 270, 604, 269, -1, 1, 2.356194490192345, 1.4142135623730951
3857, 7, 432, 227, 432, 230, 0, -3, -1.5707963267948966, 3.0
3857, 10, 431, 203, 431, 206, 0, -3, -1.5707963267948966, 3.0
3857, 15, 489, 128, 487, 129, 2, -1, -0.4636476090008061, 2.23606797749979
3857, 16, 528, 141, 527, 140, 1, 1, 0.7853981633974483, 1.4142135623730951
3857, 18, 595, 193, 594, 192, 1, 1, 0.7853981633974483, 1.4142135623730951
3857, 19, 556, 155, 554, 154, 2, 1, 0.4636476090008061, 2.23606797749979
3857, 20, 522, 174, 521, 172, 1, 2, 1.1071487177940904, 2.23606797749979
3857, 22, 473, 148, 472, 149, 1, -1, -0.7853981633974483, 1.4142135623730951
3857, 29, 583, 185, 584, 187, -1, -2, -2.0344439357957027, 2.23606797749979
3857, 30, 512, 177, 512, 175, 0, 2, 1.5707963267948966, 2.0
3857, 31, 437, 149, 436, 151, 1, -2, -1.1071487177940904, 2.23606797749979
3857, 35, 540, 193, 539, 192, 1, 1, 0.7853981633974483, 1.4142135623730951
3857, 40, 634, 329, 632, 329, 2, 0, 0.0, 2.0
3858, 2, 607, 192, 606, 193, 1, -1, -0.7853981633974483, 1.4142135623730951
3858, 6, 498, 126, 497, 127, 1, -1, -0.7853981633974483, 1.4142135623730951
3858, 7, 433, 221, 432, 227, 1, -6, -1.4056476493802699, 6.082762530298219
3858, 8, 490, 132, 490, 134, 0, -2, -1.5707963267948966, 2.0
3858, 10, 432, 198, 431, 203, 1, -5, -1.373400766945016, 5.0990195135927845
3858, 22, 474, 147, 473, 148, 1, -1, -0.7853981633974483, 1.4142135623730951
3858, 24, 500, 150, 499, 151, 1, -1, -0.7853981633974483, 1.4142135623730951
3858, 28, 585, 186, 583, 185, 2, 1, 0.4636476090008061, 2.23606797749979
3858, 29, 512, 180, 512, 177, 0, 3, 1.5707963267948966, 3.0
3858, 36, 452, 115, 451, 116, 1, -1, -0.7853981633974483, 1.4142135623730951
3858, 38, 548, 208, 547, 207, 1, 1, 0.7853981633974483, 1.4142135623730951
3859, 1, 602, 270, 603, 269, -1, 1, 2.356194490192345, 1.4142135623730951
3859, 6, 499, 125, 498, 126, 1, -1, -0.7853981633974483, 1.4142135623730951
3859, 7, 431, 222, 433, 221, -2, 1, 2.677945044588987, 2.23606797749979
3859, 16, 530, 142, 529, 141, 1, 1, 0.7853981633974483, 1.4142135623730951
3859, 20, 523, 176, 522, 175, 1, 1, 0.7853981633974483, 1.4142135623730951
3859, 22, 475, 145, 474, 147, 1, -2, -1.1071487177940904, 2.23606797749979
3859, 27, 579, 325, 580, 324, -1, 1, 2.356194490192345, 1.4142135623730951
3859, 28, 587, 186, 585, 186, 2, 0, 0.0, 2.0
3859, 30, 438, 147, 437, 148, 1, -1, -0.7853981633974483, 1.4142135623730951
3859, 38, 549, 209, 548, 208, 1, 1, 0.7853981633974483, 1.4142135623730951
3860, 8, 501, 128, 500, 129, 1, -1, -0.7853981633974483, 1.4142135623730951
3860, 9, 591, 189, 588, 188, 3, 1, 0.3217505543966422, 3.1622776601683795
3860, 11, 565, 232, 567, 232, -2, 0, 3.141592653589793, 2.0
3860, 16, 612, 231, 612, 233, 0, -2, -1.5707963267948966, 2.0
3860, 20, 591, 200, 592, 202, -1, -2, -2.0344439357957027, 2.23606797749979
3860, 21, 488, 112, 487, 113, 1, -1, -0.7853981633974483, 1.4142135623730951
3860, 22, 433, 245, 434, 244, -1, 1, 2.356194490192345, 1.4142135623730951
3860, 27, 475, 148, 474, 149, 1, -1, -0.7853981633974483, 1.4142135623730951
3860, 33, 554, 157, 553, 156, 1, 1, 0.7853981633974483, 1.4142135623730951
3860, 34, 586, 261, 584, 259, 2, 2, 0.7853981633974483, 2.8284271247461903
3860, 38, 549, 248, 550, 247, -1, 1, 2.356194490192345, 1.4142135623730951
3860, 41, 435, 199, 435, 201, 0, -2, -1.5707963267948966, 2.0
3860, 43, 444, 140, 443, 141, 1, -1, -0.7853981633974483, 1.4142135623730951
3860, 44, 481, 158, 479, 158, 2, 0, 0.0, 2.0
3860, 46, 465, 116, 464, 117, 1, -1, -0.7853981633974483, 1.4142135623730951
3860, 48, 584, 214, 583, 212, 1, 2, 1.1071487177940904, 2.23606797749979
3861, 2, 602, 272, 603, 271, -1, 1, 2.356194490192345, 1.4142135623730951
3861, 3, 635, 350, 634, 351, 1, -1, -0.7853981633974483, 1.4142135623730951
3861, 7, 502, 127, 501, 128, 1, -1, -0.7853981633974483, 1.4142135623730951
3861, 8, 594, 190, 591, 189, 3, 1, 0.3217505543966422, 3.1622776601683795
3861, 18, 591, 198, 591, 200, 0, -2, -1.5707963267948966, 2.0
3861, 19, 432, 246, 433, 245, -1, 1, 2.356194490192345, 1.4142135623730951
3861, 21, 530, 141, 529, 140, 1, 1, 0.7853981633974483, 1.4142135623730951
3861, 23, 476, 147, 475, 148, 1, -1, -0.7853981633974483, 1.4142135623730951
3861, 30, 587, 263, 586, 261, 1, 2, 1.1071487177940904, 2.23606797749979
3861, 31, 453, 116, 452, 117, 1, -1, -0.7853981633974483, 1.4142135623730951
3861, 34, 568, 198, 569, 197, -1, 1, 2.356194490192345, 1.4142135623730951
3861, 35, 609, 272, 610, 271, -1, 1, 2.356194490192345, 1.4142135623730951
3861, 39, 483, 157, 481, 158, 2, -1, -0.4636476090008061, 2.23606797749979
3861, 43, 584, 216, 584, 214, 0, 2, 1.5707963267948966, 2.0
3862, 7, 503, 126, 502, 127, 1, -1, -0.7853981633974483, 1.4142135623730951
3862, 8, 595, 192, 594, 190, 1, 2, 1.1071487177940904, 2.23606797749979
3862, 18, 590, 196, 591, 198, -1, -2, -2.0344439357957027, 2.23606797749979
3862, 27, 610, 363, 609, 362, 1, 1, 0.7853981633974483, 1.4142135623730951
3862, 30, 588, 266, 587, 263, 1, 3, 1.2490457723982544, 3.1622776601683795
3862, 38, 485, 157, 483, 157, 2, 0, 0.0, 2.0
3862, 40, 467, 115, 466, 116, 1, -1, -0.7853981633974483, 1.4142135623730951
3862, 42, 586, 219, 584, 216, 2, 3, 0.982793723247329, 3.605551275463989
3863, 1, 561, 190, 560, 188, 1, 2, 1.1071487177940904, 2.23606797749979
3863, 7, 504, 125, 503, 126, 1, -1, -0.7853981633974483, 1.4142135623730951
3863, 8, 595, 194, 595, 192, 0, 2, 1.5707963267948966, 2.0
3863, 9, 591, 269, 592, 268, -1, 1, 2.356194490192345, 1.4142135623730951
3863, 17, 589, 194, 590, 196, -1, -2, -2.0344439357957027, 2.23606797749979
3863, 20, 532, 142, 531, 141, 1, 1, 0.7853981633974483, 1.4142135623730951
3863, 22, 477, 145, 476, 146, 1, -1, -0.7853981633974483, 1.4142135623730951
3863, 23, 436, 158, 435, 159, 1, -1, -0.7853981633974483, 1.4142135623730951
3863, 29, 456, 117, 454, 116, 2, 1, 0.4636476090008061, 2.23606797749979
3863, 31, 549, 252, 549, 250, 0, 2, 1.5707963267948966, 2.0
3863, 32, 566, 201, 568, 199, -2, 2, 2.356194490192345, 2.8284271247461903
3863, 35, 445, 137, 444, 138, 1, -1, -0.7853981633974483, 1.4142135623730951
3863, 36, 487, 156, 485, 157, 2, -1, -0.4636476090008061, 2.23606797749979
3863, 38, 468, 114, 467, 115, 1, -1, -0.7853981633974483, 1.4142135623730951
3863, 40, 586, 222, 586, 219, 0, 3, 1.5707963267948966, 3.0
3864, 0, 610, 196, 609, 195, 1, 1, 0.7853981633974483, 1.4142135623730951
3864, 1, 561, 193, 561, 190, 0, 3, 1.5707963267948966, 3.0
3864, 2, 602, 274, 602, 272, 0, 2, 1.5707963267948966, 2.0
3864, 6, 505, 124, 504, 125, 1, -1, -0.7853981633974483, 1.4142135623730951
3864, 7, 594, 195, 595, 194, -1, 1, 2.356194490192345, 1.4142135623730951
3864, 16, 586, 191, 589, 194, -3, -3, -2.356194490192345, 4.242640687119285
3864, 17, 432, 244, 432, 246, 0, -2, -1.5707963267948966, 2.0
3864, 19, 533, 143, 532, 142, 1, 1, 0.7853981633974483, 1.4142135623730951
3864, 25, 556, 160, 555, 159, 1, 1, 0.7853981633974483, 1.4142135623730951
3864, 27, 458, 117, 456, 117, 2, 0, 0.0, 2.0
3864, 28, 549, 254, 549, 252, 0, 2, 1.5707963267948966, 2.0
3864, 29, 564, 203, 566, 201, -2, 2, 2.356194490192345, 2.8284271247461903
3864, 35, 469, 113, 468, 114, 1, -1, -0.7853981633974483, 1.4142135623730951
3864, 37, 587, 224, 586, 222, 1, 2, 1.1071487177940904, 2.23606797749979
3865, 0, 491, 154, 490, 155, 1, -1, -0.7853981633974483, 1.4142135623730951
3865, 7, 504, 127, 503, 128, 1, -1, -0.7853981633974483, 1.4142135623730951
3865, 12, 550, 255, 550, 253, 0, 2, 1.5707963267948966, 2.0
3865, 14, 461, 120, 459, 120, 2, 0, 0.0, 2.0
3865, 17, 463, 173, 464, 175, -1, -2, -2.0344439357957027, 2.23606797749979
3865, 25, 586, 310, 584, 307, 2, 3, 0.982793723247329, 3.605551275463989
3865, 28, 435, 243, 434, 245, 1, -2, -1.1071487177940904, 2.23606797749979
3866, 12, 551, 257, 550, 255, 1, 2, 1.1071487177940904, 2.23606797749979
3866, 14, 463, 120, 461, 120, 2, 0, 0.0, 2.0
3866, 25, 588, 313, 586, 310, 2, 3, 0.982793723247329, 3.605551275463989
3866, 27, 558, 162, 556, 161, 2, 1, 0.4636476090008061, 2.23606797749979
3866, 28, 436, 239, 435, 243, 1, -4, -1.3258176636680326, 4.123105625617661
3867, 6, 505, 126, 504, 127, 1, -1, -0.7853981633974483, 1.4142135623730951
3867, 7, 624, 225, 628, 227, -4, -2, -2.677945044588987, 4.47213595499958
3867, 11, 552, 258, 551, 257, 1, 1, 0.7853981633974483, 1.4142135623730951
3867, 13, 466, 120, 463, 120, 3, 0, 0.0, 3.0
3867, 16, 534, 146, 533, 145, 1, 1, 0.7853981633974483, 1.4142135623730951
3867, 23, 589, 314, 588, 313, 1, 1, 0.7853981633974483, 1.4142135623730951
3868, 2, 594, 215, 593, 216, 1, -1, -0.7853981633974483, 1.4142135623730951
3868, 12, 467, 119, 466, 120, 1, -1, -0.7853981633974483, 1.4142135623730951
3868, 15, 535, 147, 534, 146, 1, 1, 0.7853981633974483, 1.4142135623730951
3868, 17, 613, 363, 612, 362, 1, 1, 0.7853981633974483, 1.4142135623730951
3868, 19, 606, 337, 605, 336, 1, 1, 0.7853981633974483, 1.4142135623730951
3868, 24, 559, 164, 558, 163, 1, 1, 0.7853981633974483, 1.4142135623730951
3869, 14, 480, 145, 479, 146, 1, -1, -0.7853981633974483, 1.4142135623730951
3869, 17, 609, 338, 606, 337, 3, 1, 0.3217505543966422, 3.1622776601683795
3869, 20, 525, 183, 524, 182, 1, 1, 0.7853981633974483, 1.4142135623730951
3869, 21, 559, 166, 559, 164, 0, 2, 1.5707963267948966, 2.0
3870, 2, 578, 275, 579, 274, -1, 1, 2.356194490192345, 1.4142135623730951
3870, 11, 565, 202, 564, 201, 1, 1, 0.7853981633974483, 1.4142135623730951
3870, 15, 469, 119, 468, 120, 1, -1, -0.7853981633974483, 1.4142135623730951
3870, 19, 564, 237, 563, 236, 1, 1, 0.7853981633974483, 1.4142135623730951
3870, 20, 481, 146, 480, 147, 1, -1, -0.7853981633974483, 1.4142135623730951
3871, 13, 470, 118, 469, 119, 1, -1, -0.7853981633974483, 1.4142135623730951
3871, 14, 446, 154, 444, 155, 2, -1, -0.4636476090008061, 2.23606797749979
3871, 16, 574, 233, 575, 232, -1, 1, 2.356194490192345, 1.4142135623730951
3871, 18, 482, 145, 481, 146, 1, -1, -0.7853981633974483, 1.4142135623730951
3871, 20, 432, 237, 433, 236, -1, 1, 2.356194490192345, 1.4142135623730951
3871, 21, 562, 168, 561, 167, 1, 1, 0.7853981633974483, 1.4142135623730951
3872, 10, 494, 150, 493, 151, 1, -1, -0.7853981633974483, 1.4142135623730951
3872, 19, 593, 271, 594, 270, -1, 1, 2.356194490192345, 1.4142135623730951
3872, 20, 430, 238, 432, 237, -2, 1, 2.677945044588987, 2.23606797749979
3872, 21, 563, 169, 562, 168, 1, 1, 0.7853981633974483, 1.4142135623730951
3873, 2, 624, 302, 624, 300, 0, 2, 1.5707963267948966, 2.0
3873, 12, 471, 117, 470, 118, 1, -1, -0.7853981633974483, 1.4142135623730951
3873, 13, 447, 153, 446, 154, 1, -1, -0.7853981633974483, 1.4142135623730951
3874, 8, 565, 203, 565, 205, 0, -2, -1.5707963267948966, 2.0
3874, 9, 498, 149, 494, 149, 4, 0, 0.0, 4.0
3874, 18, 428, 240, 430, 238, -2, 2, 2.356194490192345, 2.8284271247461903
3874, 19, 564, 171, 563, 170, 1, 1, 0.7853981633974483, 1.4142135623730951
3875, 10, 570, 213, 569, 212, 1, 1, 0.7853981633974483, 1.4142135623730951
3875, 12, 593, 214, 591, 213, 2, 1, 0.4636476090008061, 2.23606797749979
3875, 13, 473, 119, 472, 120, 1, -1, -0.7853981633974483, 1.4142135623730951
3875, 19, 437, 149, 436, 150, 1, -1, -0.7853981633974483, 1.4142135623730951
3875, 21, 539, 151, 538, 150, 1, 1, 0.7853981633974483, 1.4142135623730951
3875, 24, 562, 224, 561, 223, 1, 1, 0.7853981633974483, 1.4142135623730951
3875, 30, 485, 146, 484, 147, 1, -1, -0.7853981633974483, 1.4142135623730951
3875, 32, 430, 239, 431, 238, -1, 1, 2.356194490192345, 1.4142135623730951
3875, 33, 493, 132, 490, 131, 3, 1, 0.3217505543966422, 3.1622776601683795
3876, 11, 594, 216, 593, 214, 1, 2, 1.1071487177940904, 2.23606797749979
3876, 22, 591, 226, 593, 227, -2, -1, -2.677945044588987, 2.23606797749979
3876, 23, 564, 225, 562, 224, 2, 1, 0.4636476090008061, 2.23606797749979
3876, 28, 486, 145, 485, 146, 1, -1, -0.7853981633974483, 1.4142135623730951
3876, 30, 428, 240, 430, 239, -2, 1, 2.677945044588987, 2.23606797749979
3876, 31, 496, 133, 493, 132, 3, 1, 0.3217505543966422, 3.1622776601683795
3877, 11, 593, 217, 594, 216, -1, 1, 2.356194490192345, 1.4142135623730951
3877, 19, 501, 153, 499, 152, 2, 1, 0.4636476090008061, 2.23606797749979
3877, 23, 566, 227, 564, 225, 2, 2, 0.7853981633974483, 2.8284271247461903
3877, 29, 564, 172, 563, 171, 1, 1, 0.7853981633974483, 1.4142135623730951
3878, 10, 621, 305, 622, 304, -1, 1, 2.356194490192345, 1.4142135623730951
3878, 11, 593, 219, 593, 217, 0, 2, 1.5707963267948966, 2.0
3878, 12, 475, 118, 474, 119, 1, -1, -0.7853981633974483, 1.4142135623730951
3878, 18, 438, 146, 437, 147, 1, -1, -0.7853981633974483, 1.4142135623730951
3878, 19, 502, 155, 501, 153, 1, 2, 1.1071487177940904, 2.23606797749979
3878, 20, 542, 153, 540, 152, 2, 1, 0.4636476090008061, 2.23606797749979
3878, 21, 466, 165, 466, 167, 0, -2, -1.5707963267948966, 2.0
3878, 25, 441, 153, 440, 154, 1, -1, -0.7853981633974483, 1.4142135623730951
3878, 28, 488, 144, 487, 145, 1, -1, -0.7853981633974483, 1.4142135623730951
3878, 29, 565, 173, 564, 172, 1, 1, 0.7853981633974483, 1.4142135623730951
3878, 30, 427, 238, 427, 240, 0, -2, -1.5707963267948966, 2.0
3878, 31, 499, 133, 497, 133, 2, 0, 0.0, 2.0
3879, 0, 575, 275, 576, 274, -1, 1, 2.356194490192345, 1.4142135623730951
3879, 5, 569, 197, 568, 196, 1, 1, 0.7853981633974483, 1.4142135623730951
3879, 11, 592, 220, 593, 219, -1, 1, 2.356194490192345, 1.4142135623730951
3879, 15, 591, 222, 592, 221, -1, 1, 2.356194490192345, 1.4142135623730951
3879, 18, 440, 144, 438, 146, 2, -2, -0.7853981633974483, 2.8284271247461903
3879, 19, 503, 157, 502, 155, 1, 2, 1.1071487177940904, 2.23606797749979
3879, 21, 567, 230, 566, 228, 1, 2, 1.1071487177940904, 2.23606797749979
3879, 22, 501, 132, 500, 133, 1, -1, -0.7853981633974483, 1.4142135623730951
3879, 23, 441, 151, 441, 153, 0, -2, -1.5707963267948966, 2.0
3879, 27, 566, 174, 565, 173, 1, 1, 0.7853981633974483, 1.4142135623730951
3879, 28, 426, 234, 427, 238, -1, -4, -1.8157749899217608, 4.123105625617661
3879, 29, 501, 132, 499, 133, 2, -1, -0.4636476090008061, 2.23606797749979
3880, 0, 467, 194, 467, 196, 0, -2, -1.5707963267948966, 2.0
3880, 6, 569, 210, 570, 212, -1, -2, -2.0344439357957027, 2.23606797749979
3880, 11, 571, 201, 569, 198, 2, 3, 0.982793723247329, 3.605551275463989
3880, 16, 476, 119, 475, 120, 1, -1, -0.7853981633974483, 1.4142135623730951
3880, 20, 596, 195, 597, 198, -1, -3, -1.892546881191539, 3.1622776601683795
3880, 27, 465, 166, 465, 168, 0, -2, -1.5707963267948966, 2.0
3880, 31, 458, 224, 459, 226, -1, -2, -2.0344439357957027, 2.23606797749979
3881, 1, 515, 130, 513, 131, 2, -1, -0.4636476090008061, 2.23606797749979
3881, 5, 568, 208, 569, 210, -1, -2, -2.0344439357957027, 2.23606797749979
3881, 7, 606, 229, 607, 228, -1, 1, 2.356194490192345, 1.4142135623730951
3881, 8, 573, 203, 571, 201, 2, 2, 0.7853981633974483, 2.8284271247461903
3881, 10, 458, 194, 459, 196, -1, -2, -2.0344439357957027, 2.23606797749979
3881, 13, 478, 118, 476, 119, 2, -1, -0.4636476090008061, 2.23606797749979
3881, 17, 595, 193, 596, 195, -1, -2, -2.0344439357957027, 2.23606797749979
3881, 23, 576, 239, 577, 238, -1, 1, 2.356194490192345, 1.4142135623730951
3882, 4, 566, 207, 568, 208, -2, -1, -2.677945044588987, 2.23606797749979
3882, 7, 574, 206, 573, 203, 1, 3, 1.2490457723982544, 3.1622776601683795
3882, 11, 507, 135, 506, 136, 1, -1, -0.7853981633974483, 1.4142135623730951
3882, 15, 595, 191, 595, 193, 0, -2, -1.5707963267948966, 2.0
3882, 26, 615, 295, 616, 294, -1, 1, 2.356194490192345, 1.4142135623730951
3883, 13, 607, 196, 606, 197, 1, -1, -0.7853981633974483, 1.4142135623730951
3883, 15, 595, 189, 595, 191, 0, -2, -1.5707963267948966, 2.0
3883, 20, 575, 240, 576, 239, -1, 1, 2.356194490192345, 1.4142135623730951
3883, 26, 555, 223, 556, 222, -1, 1, 2.356194490192345, 1.4142135623730951
3884, 10, 508, 134, 507, 135, 1, -1, -0.7853981633974483, 1.4142135623730951
3884, 11, 481, 117, 480, 118, 1, -1, -0.7853981633974483, 1.4142135623730951
3884, 14, 594, 187, 595, 189, -1, -2, -2.0344439357957027, 2.23606797749979
3884, 17, 569, 176, 568, 175, 1, 1, 0.7853981633974483, 1.4142135623730951
3885, 7, 518, 133, 517, 132, 1, 1, 0.7853981633974483, 1.4142135623730951
3885, 12, 432, 224, 431, 229, 1, -5, -1.373400766945016, 5.0990195135927845
3885, 19, 432, 201, 432, 203, 0, -2, -1.5707963267948966, 2.0
3885, 23, 492, 146, 491, 147, 1, -1, -0.7853981633974483, 1.4142135623730951
3885, 24, 509, 142, 507, 142, 2, 0, 0.0, 2.0
3886, 11, 433, 220, 432, 224, 1, -4, -1.3258176636680326, 4.123105625617661
3886, 18, 433, 197, 432, 201, 1, -4, -1.3258176636680326, 4.123105625617661
3886, 21, 503, 132, 503, 134, 0, -2, -1.5707963267948966, 2.0
3886, 22, 493, 145, 492, 146, 1, -1, -0.7853981633974483, 1.4142135623730951
3886, 23, 511, 142, 509, 142, 2, 0, 0.0, 2.0
3886, 26, 485, 116, 481, 115, 4, 1, 0.24497866312686414, 4.123105625617661
3886, 28, 561, 263, 560, 260, 1, 3, 1.2490457723982544, 3.1622776601683795
3887, 0, 467, 192, 467, 194, 0, -2, -1.5707963267948966, 2.0
3887, 11, 433, 217, 433, 220, 0, -3, -1.5707963267948966, 3.0
3887, 17, 590, 337, 589, 336, 1, 1, 0.7853981633974483, 1.4142135623730951
3887, 18, 434, 194, 433, 197, 1, -3, -1.2490457723982544, 3.1622776601683795
3887, 22, 495, 144, 493, 145, 2, -1, -0.4636476090008061, 2.23606797749979
3887, 27, 545, 160, 544, 159, 1, 1, 0.7853981633974483, 1.4142135623730951
3887, 28, 560, 264, 561, 263, -1, 1, 2.356194490192345, 1.4142135623730951
3888, 1, 511, 169, 512, 168, -1, 1, 2.356194490192345, 1.4142135623730951
3888, 3, 592, 227, 593, 226, -1, 1, 2.356194490192345, 1.4142135623730951
3888, 11, 434, 214, 433, 217, 1, -3, -1.2490457723982544, 3.1622776601683795
3888, 18, 435, 192, 434, 194, 1, -2, -1.1071487177940904, 2.23606797749979
3888, 22, 496, 143, 495, 144, 1, -1, -0.7853981633974483, 1.4142135623730951
3888, 26, 487, 117, 486, 116, 1, 1, 0.7853981633974483, 1.4142135623730951
3888, 27, 546, 161, 545, 160, 1, 1, 0.7853981633974483, 1.4142135623730951
3889, 3, 591, 228, 592, 227, -1, 1, 2.356194490192345, 1.4142135623730951
3889, 11, 434, 212, 434, 214, 0, -2, -1.5707963267948966, 2.0
3889, 18, 436, 190, 435, 192, 1, -2, -1.1071487177940904, 2.23606797749979
3889, 19, 467, 158, 467, 160, 0, -2, -1.5707963267948966, 2.0
3889, 22, 497, 142, 496, 143, 1, -1, -0.7853981633974483, 1.4142135623730951
3889, 24, 532, 197, 531, 196, 1, 1, 0.7853981633974483, 1.4142135623730951
3889, 27, 547, 162, 546, 161, 1, 1, 0.7853981633974483, 1.4142135623730951
3889, 29, 579, 240, 578, 239, 1, 1, 0.7853981633974483, 1.4142135623730951
3890, 12, 468, 160, 467, 162, 1, -2, -1.1071487177940904, 2.23606797749979
3890, 24, 445, 151, 445, 153, 0, -2, -1.5707963267948966, 2.0
3890, 34, 511, 109, 511, 111, 0, -2, -1.5707963267948966, 2.0
3890, 36, 555, 226, 554, 225, 1, 1, 0.7853981633974483, 1.4142135623730951
3890, 37, 549, 162, 548, 161, 1, 1, 0.7853981633974483, 1.4142135623730951
3890, 38, 455, 136, 454, 137, 1, -1, -0.7853981633974483, 1.4142135623730951
3890, 42, 578, 220, 579, 219, -1, 1, 2.356194490192345, 1.4142135623730951
3890, 43, 565, 240, 566, 237, -1, 3, 1.892546881191539, 3.1622776601683795
3891, 6, 511, 172, 512, 171, -1, 1, 2.356194490192345, 1.4142135623730951
3891, 10, 512, 136, 511, 135, 1, 1, 0.7853981633974483, 1.4142135623730951
3891, 14, 535, 199, 534, 198, 1, 1, 0.7853981633974483, 1.4142135623730951
3891, 20, 574, 180, 573, 179, 1, 1, 0.7853981633974483, 1.4142135623730951
3891, 22, 586, 218, 587, 217, -1, 1, 2.356194490192345, 1.4142135623730951
3891, 35, 550, 163, 549, 162, 1, 1, 0.7853981633974483, 1.4142135623730951
3891, 36, 456, 135, 455, 136, 1, -1, -0.7853981633974483, 1.4142135623730951
3891, 41, 564, 241, 565, 240, -1, 1, 2.356194490192345, 1.4142135623730951
3892, 5, 510, 173, 511, 172, -1, 1, 2.356194490192345, 1.4142135623730951
3892, 9, 514, 136, 512, 136, 2, 0, 0.0, 2.0
3892, 10, 468, 157, 468, 159, 0, -2, -1.5707963267948966, 2.0
3892, 15, 499, 145, 498, 146, 1, -1, -0.7853981633974483, 1.4142135623730951
3892, 20, 585, 220, 586, 218, -1, 2, 2.0344439357957027, 2.23606797749979
3892, 23, 478, 112, 477, 114, 1, -2, -1.1071487177940904, 2.23606797749979
3892, 26, 630, 364, 629, 365, 1, -1, -0.7853981633974483, 1.4142135623730951
3893, 2, 524, 134, 523, 135, 1, -1, -0.7853981633974483, 1.4142135623730951
3893, 4, 570, 209, 571, 207, -1, 2, 2.0344439357957027, 2.23606797749979
3893, 10, 469, 155, 468, 157, 1, -2, -1.1071487177940904, 2.23606797749979
3893, 18, 575, 182, 574, 181, 1, 1, 0.7853981633974483, 1.4142135623730951
3893, 20, 584, 221, 585, 220, -1, 1, 2.356194490192345, 1.4142135623730951
3893, 25, 435, 233, 433, 235, 2, -2, -0.7853981633974483, 2.8284271247461903
3893, 31, 551, 165, 550, 164, 1, 1, 0.7853981633974483, 1.4142135623730951
3894, 2, 525, 136, 524, 134, 1, 2, 1.1071487177940904, 2.23606797749979
3894, 4, 569, 211, 570, 209, -1, 2, 2.0344439357957027, 2.23606797749979
3894, 7, 512, 142, 510, 144, 2, -2, -0.7853981633974483, 2.8284271247461903
3894, 10, 470, 154, 469, 155, 1, -1, -0.7853981633974483, 1.4142135623730951
3894, 23, 480, 111, 479, 112, 1, -1, -0.7853981633974483, 1.4142135623730951
3894, 25, 435, 231, 435, 233, 0, -2, -1.5707963267948966, 2.0
3894, 32, 458, 135, 457, 136, 1, -1, -0.7853981633974483, 1.4142135623730951
3894, 34, 560, 296, 559, 295, 1, 1, 0.7853981633974483, 1.4142135623730951
3895, 0, 580, 284, 581, 283, -1, 1, 2.356194490192345, 1.4142135623730951
3895, 13, 469, 157, 469, 159, 0, -2, -1.5707963267948966, 2.0
3895, 17, 553, 199, 551, 197, 2, 2, 0.7853981633974483, 2.8284271247461903
3895, 19, 587, 227, 587, 224, 0, 3, 1.5707963267948966, 3.0
3895, 20, 500, 145, 499, 146, 1, -1, -0.7853981633974483, 1.4142135623730951
3895, 22, 600, 321, 598, 320, 2, 1, 0.4636476090008061, 2.23606797749979
3895, 23, 512, 143, 514, 143, -2, 0, 3.141592653589793, 2.0
3895, 25, 563, 241, 562, 239, 1, 2, 1.1071487177940904, 2.23606797749979
3895, 29, 466, 213, 468, 218, -2, -5, -1.9513027039072615, 5.385164807134504
3895, 32, 435, 221, 436, 220, -1, 1, 2.356194490192345, 1.4142135623730951
3895, 35, 435, 196, 436, 194, -1, 2, 2.0344439357957027, 2.23606797749979
3895, 37, 435, 229, 434, 233, 1, -4, -1.3258176636680326, 4.123105625617661
3895, 39, 522, 166, 521, 165, 1, 1, 0.7853981633974483, 1.4142135623730951
3895, 41, 435, 205, 434, 208, 1, -3, -1.2490457723982544, 3.1622776601683795
3896, 3, 525, 139, 524, 138, 1, 1, 0.7853981633974483, 1.4142135623730951
3896, 4, 569, 213, 568, 210, 1, 3, 1.2490457723982544, 3.1622776601683795
3896, 9, 512, 176, 512, 174, 0, 2, 1.5707963267948966, 2.0
3896, 14, 606, 231, 606, 229, 0, 2, 1.5707963267948966, 2.0
3896, 19, 587, 229, 587, 227, 0, 2, 1.5707963267948966, 2.0
3896, 22, 602, 322, 600, 321, 2, 1, 0.4636476090008061, 2.23606797749979
3896, 38, 522, 168, 522, 166, 0, 2, 1.5707963267948966, 2.0
3896, 40, 435, 203, 435, 205, 0, -2, -1.5707963267948966, 2.0
3897, 13, 470, 154, 469, 156, 1, -2, -1.1071487177940904, 2.23606797749979
3897, 14, 605, 232, 606, 231, -1, 1, 2.356194490192345, 1.4142135623730951
3897, 17, 553, 202, 553, 200, 0, 2, 1.5707963267948966, 2.0
3897, 19, 587, 232, 587, 229, 0, 3, 1.5707963267948966, 3.0
3897, 20, 501, 144, 500, 145, 1, -1, -0.7853981633974483, 1.4142135623730951
3897, 22, 604, 322, 602, 322, 2, 0, 0.0, 2.0
3897, 27, 521, 111, 520, 110, 1, 1, 0.7853981633974483, 1.4142135623730951
3897, 35, 467, 136, 466, 137, 1, -1, -0.7853981633974483, 1.4142135623730951
3897, 39, 434, 201, 435, 203, -1, -2, -2.0344439357957027, 2.23606797749979
3897, 40, 445, 148, 446, 150, -1, -2, -2.0344439357957027, 2.23606797749979
3898, 0, 578, 285, 579, 284, -1, 1, 2.356194490192345, 1.4142135623730951
3898, 3, 527, 140, 526, 139, 1, 1, 0.7853981633974483, 1.4142135623730951
3898, 4, 569, 216, 569, 214, 0, 2, 1.5707963267948966, 2.0
3898, 9, 511, 177, 512, 176, -1, 1, 2.356194490192345, 1.4142135623730951
3898, 11, 598, 341, 597, 340, 1, 1, 0.7853981633974483, 1.4142135623730951
3898, 13, 470, 152, 470, 154, 0, -2, -1.5707963267948966, 2.0
3898, 15, 480, 117, 479, 116, 1, 1, 0.7853981633974483, 1.4142135623730951
3898, 16, 553, 204, 553, 202, 0, 2, 1.5707963267948966, 2.0
3898, 18, 587, 236, 587, 232, 0, 4, 1.5707963267948966, 4.0
3898, 20, 635, 364, 634, 365, 1, -1, -0.7853981633974483, 1.4142135623730951
3898, 26, 523, 111, 521, 111, 2, 0, 0.0, 2.0
3898, 34, 468, 135, 467, 136, 1, -1, -0.7853981633974483, 1.4142135623730951
3898, 36, 522, 170, 522, 168, 0, 2, 1.5707963267948966, 2.0
3899, 3, 569, 219, 569, 216, 0, 3, 1.5707963267948966, 3.0
3899, 4, 601, 283, 602, 282, -1, 1, 2.356194490192345, 1.4142135623730951
3899, 15, 553, 206, 553, 204, 0, 2, 1.5707963267948966, 2.0
3899, 16, 588, 238, 587, 236, 1, 2, 1.1071487177940904, 2.23606797749979
3899, 25, 559, 230, 560, 229, -1, 1, 2.356194490192345, 1.4142135623730951
3900, 1, 528, 141, 527, 140, 1, 1, 0.7853981633974483, 1.4142135623730951
3900, 13, 572, 219, 572, 217, 0, 2, 1.5707963267948966, 2.0
3900, 15, 485, 121, 483, 120, 2, 1, 0.4636476090008061, 2.23606797749979
3900, 16, 513, 183, 512, 181, 1, 2, 1.1071487177940904, 2.23606797749979
3900, 17, 579, 243, 580, 242, -1, 1, 2.356194490192345, 1.4142135623730951
3900, 18, 551, 263, 552, 262, -1, 1, 2.356194490192345, 1.4142135623730951
3900, 21, 635, 365, 636, 366, -1, -1, -2.356194490192345, 1.4142135623730951
3900, 28, 569, 253, 568, 252, 1, 1, 0.7853981633974483, 1.4142135623730951
3900, 30, 462, 196, 462, 198, 0, -2, -1.5707963267948966, 2.0
3900, 34, 581, 188, 580, 186, 1, 2, 1.1071487177940904, 2.23606797749979
3901, 1, 530, 141, 528, 141, 2, 0, 0.0, 2.0
3901, 8, 471, 154, 470, 155, 1, -1, -0.7853981633974483, 1.4142135623730951
3901, 12, 572, 221, 572, 219, 0, 2, 1.5707963267948966, 2.0
3901, 14, 488, 122, 485, 121, 3, 1, 0.3217505543966422, 3.1622776601683795
3901, 15, 514, 184, 513, 183, 1, 1, 0.7853981633974483, 1.4142135623730951
3901, 17, 552, 264, 551, 263, 1, 1, 0.7853981633974483, 1.4142135623730951
3901, 28, 431, 200, 433, 199, -2, 1, 2.677945044588987, 2.23606797749979
3901, 35, 535, 205, 535, 203, 0, 2, 1.5707963267948966, 2.0
3902, 0, 510, 175, 511, 174, -1, 1, 2.356194490192345, 1.4142135623730951
3902, 1, 531, 142, 530, 141, 1, 1, 0.7853981633974483, 1.4142135623730951
3902, 8, 472, 153, 471, 154, 1, -1, -0.7853981633974483, 1.4142135623730951
3902, 11, 608, 231, 609, 230, -1, 1, 2.356194490192345, 1.4142135623730951
3902, 12, 573, 223, 572, 221, 1, 2, 1.1071487177940904, 2.23606797749979
3902, 13, 591, 234, 592, 233, -1, 1, 2.356194490192345, 1.4142135623730951
3902, 14, 490, 123, 488, 122, 2, 1, 0.4636476090008061, 2.23606797749979
3902, 17, 552, 266, 552, 264, 0, 2, 1.5707963267948966, 2.0
3902, 29, 461, 193, 462, 195, -1, -2, -2.0344439357957027, 2.23606797749979
3902, 33, 582, 190, 581, 189, 1, 1, 0.7853981633974483, 1.4142135623730951
3902, 35, 534, 206, 535, 205, -1, 1, 2.356194490192345, 1.4142135623730951
3902, 36, 611, 256, 610, 254, 1, 2, 1.1071487177940904, 2.23606797749979
3903, 1, 532, 143, 531, 142, 1, 1, 0.7853981633974483, 1.4142135623730951
3903, 2, 446, 165, 445, 168, 1, -3, -1.2490457723982544, 3.1622776601683795
3903, 4, 581, 291, 579, 287, 2, 4, 1.1071487177940904, 4.47213595499958
3903, 11, 574, 224, 573, 223, 1, 1, 0.7853981633974483, 1.4142135623730951
3903, 13, 492, 124, 490, 123, 2, 1, 0.4636476090008061, 2.23606797749979
3903, 14, 515, 186, 514, 185, 1, 1, 0.7853981633974483, 1.4142135623730951
3903, 15, 577, 244, 578, 243, -1, 1, 2.356194490192345, 1.4142135623730951
3903, 16, 553, 268, 552, 266, 1, 2, 1.1071487177940904, 2.23606797749979
3903, 17, 620, 279, 622, 281, -2, -2, -2.356194490192345, 2.8284271247461903
3903, 24, 629, 341, 628, 342, 1, -1, -0.7853981633974483, 1.4142135623730951
3903, 26, 428, 201, 430, 200, -2, 1, 2.677945044588987, 2.23606797749979
3903, 27, 460, 191, 461, 193, -1, -2, -2.0344439357957027, 2.23606797749979
3903, 32, 471, 137, 470, 138, 1, -1, -0.7853981633974483, 1.4142135623730951
3903, 33, 535, 207, 534, 206, 1, 1, 0.7853981633974483, 1.4142135623730951
3904, 3, 603, 286, 604, 285, -1, 1, 2.356194490192345, 1.4142135623730951
3904, 7, 473, 151, 472, 152, 1, -1, -0.7853981633974483, 1.4142135623730951
3904, 16, 554, 269, 553, 268, 1, 1, 0.7853981633974483, 1.4142135623730951
3904, 25, 426, 202, 428, 201, -2, 1, 2.677945044588987, 2.23606797749979
3904, 30, 583, 191, 582, 190, 1, 1, 0.7853981633974483, 1.4142135623730951
3905, 5, 533, 145, 532, 144, 1, 1, 0.7853981633974483, 1.4142135623730951
3905, 6, 574, 209, 574, 211, 0, -2, -1.5707963267948966, 2.0
3905, 7, 593, 230, 594, 229, -1, 1, 2.356194490192345, 1.4142135623730951
3905, 9, 493, 124, 491, 124, 2, 0, 0.0, 2.0
3905, 11, 565, 236, 564, 235, 1, 1, 0.7853981633974483, 1.4142135623730951
3905, 12, 515, 181, 516, 180, -1, 1, 2.356194490192345, 1.4142135623730951
3905, 17, 629, 341, 628, 342, 1, -1, -0.7853981633974483, 1.4142135623730951
3905, 19, 603, 205, 602, 203, 1, 2, 1.1071487177940904, 2.23606797749979
3905, 24, 556, 270, 555, 269, 1, 1, 0.7853981633974483, 1.4142135623730951
3905, 28, 524, 123, 524, 125, 0, -2, -1.5707963267948966, 2.0
3905, 29, 583, 282, 583, 279, 0, 3, 1.5707963267948966, 3.0
3905, 33, 530, 269, 531, 268, -1, 1, 2.356194490192345, 1.4142135623730951
3905, 38, 551, 263, 550, 261, 1, 2, 1.1071487177940904, 2.23606797749979
3905, 39, 519, 109, 517, 109, 2, 0, 0.0, 2.0
3905, 40, 558, 174, 557, 173, 1, 1, 0.7853981633974483, 1.4142135623730951
3905, 41, 428, 229, 430, 229, -2, 0, 3.141592653589793, 2.0
3905, 43, 527, 116, 526, 115, 1, 1, 0.7853981633974483, 1.4142135623730951
3906, 10, 567, 237, 565, 236, 2, 1, 0.4636476090008061, 2.23606797749979
3906, 13, 475, 153, 474, 154, 1, -1, -0.7853981633974483, 1.4142135623730951
3906, 16, 630, 340, 629, 341, 1, -1, -0.7853981633974483, 1.4142135623730951
3906, 18, 604, 207, 603, 205, 1, 2, 1.1071487177940904, 2.23606797749979
3906, 23, 557, 271, 556, 270, 1, 1, 0.7853981633974483, 1.4142135623730951
3906, 26, 582, 192, 581, 191, 1, 1, 0.7853981633974483, 1.4142135623730951
3906, 28, 583, 284, 583, 282, 0, 2, 1.5707963267948966, 2.0
3906, 36, 552, 264, 551, 263, 1, 1, 0.7853981633974483, 1.4142135623730951
3906, 37, 522, 110, 519, 109, 3, 1, 0.3217505543966422, 3.1622776601683795
3906, 41, 528, 117, 527, 116, 1, 1, 0.7853981633974483, 1.4142135623730951
3907, 0, 512, 172, 511, 171, 1, 1, 0.7853981633974483, 1.4142135623730951
3907, 4, 535, 146, 534, 145, 1, 1, 0.7853981633974483, 1.4142135623730951
3907, 6, 591, 231, 592, 230, -1, 1, 2.356194490192345, 1.4142135623730951
3907, 8, 496, 123, 494, 124, 2, -1, -0.4636476090008061, 2.23606797749979
3907, 10, 569, 239, 567, 237, 2, 2, 0.7853981633974483, 2.8284271247461903
3907, 20, 557, 217, 559, 217, -2, 0, 3.141592653589793, 2.0
3907, 26, 524, 120, 524, 122, 0, -2, -1.5707963267948966, 2.0
3907, 27, 584, 287, 583, 284, 1, 3, 1.2490457723982544, 3.1622776601683795
3907, 35, 553, 265, 552, 264, 1, 1, 0.7853981633974483, 1.4142135623730951
3907, 36, 525, 111, 522, 110, 3, 1, 0.3217505543966422, 3.1622776601683795
3907, 38, 424, 228, 427, 229, -3, -1, -2.819842099193151, 3.1622776601683795
3907, 40, 530, 118, 528, 117, 2, 1, 0.4636476090008061, 2.23606797749979
3908, 0, 513, 174, 512, 172, 1, 2, 1.1071487177940904, 2.23606797749979
3908, 4, 536, 147, 535, 146, 1, 1, 0.7853981633974483, 1.4142135623730951
3908, 8, 497, 122, 496, 123, 1, -1, -0.7853981633974483, 1.4142135623730951
3908, 10, 569, 241, 569, 239, 0, 2, 1.5707963267948966, 2.0
3908, 11, 513, 183, 514, 182, -1, 1, 2.356194490192345, 1.4142135623730951
3908, 16, 632, 339, 631, 340, 1, -1, -0.7853981633974483, 1.4142135623730951
3908, 21, 576, 245, 577, 244, -1, 1, 2.356194490192345, 1.4142135623730951
3908, 28, 536, 211, 537, 210, -1, 1, 2.356194490192345, 1.4142135623730951
3908, 32, 446, 143, 446, 145, 0, -2, -1.5707963267948966, 2.0
3908, 34, 554, 266, 553, 265, 1, 1, 0.7853981633974483, 1.4142135623730951
3908, 35, 526, 112, 525, 111, 1, 1, 0.7853981633974483, 1.4142135623730951
3908, 36, 560, 176, 559, 175, 1, 1, 0.7853981633974483, 1.4142135623730951
3908, 37, 424, 224, 424, 228, 0, -4, -1.5707963267948966, 4.0
3908, 39, 532, 120, 530, 118, 2, 2, 0.7853981633974483, 2.8284271247461903
3909, 0, 514, 176, 513, 174, 1, 2, 1.1071487177940904, 2.23606797749979
3909, 9, 567, 240, 569, 241, -2, -1, -2.677945044588987, 2.23606797749979
3909, 14, 604, 345, 603, 344, 1, 1, 0.7853981633974483, 1.4142135623730951
3909, 15, 633, 338, 632, 339, 1, -1, -0.7853981633974483, 1.4142135623730951
3909, 17, 603, 204, 605, 206, -2, -2, -2.356194490192345, 2.8284271247461903
3909, 20, 576, 247, 576, 245, 0, 2, 1.5707963267948966, 2.0
3909, 30, 629, 327, 627, 327, 2, 0, 0.0, 2.0
3909, 31, 446, 141, 446, 143, 0, -2, -1.5707963267948966, 2.0
3909, 34, 528, 114, 526, 112, 2, 2, 0.7853981633974483, 2.8284271247461903
3909, 35, 561, 177, 560, 176, 1, 1, 0.7853981633974483, 1.4142135623730951
3910, 0, 466, 182, 467, 184, -1, -2, -2.0344439357957027, 2.23606797749979
3910, 3, 536, 147, 535, 146, 1, 1, 0.7853981633974483, 1.4142135623730951
3910, 5, 591, 232, 592, 231, -1, 1, 2.356194490192345, 1.4142135623730951
3910, 7, 516, 178, 516, 175, 0, 3, 1.5707963267948966, 3.0
3910, 15, 537, 211, 538, 210, -1, 1, 2.356194490192345, 1.4142135623730951
3910, 16, 456, 143, 458, 144, -2, -1, -2.677945044588987, 2.23606797749979
3910, 19, 634, 341, 633, 342, 1, -1, -0.7853981633974483, 1.4142135623730951
3910, 21, 569, 242, 569, 240, 0, 2, 1.5707963267948966, 2.0
3910, 23, 605, 346, 604, 345, 1, 1, 0.7853981633974483, 1.4142135623730951
3910, 26, 606, 217, 605, 215, 1, 2, 1.1071487177940904, 2.23606797749979
3910, 30, 572, 211, 571, 209, 1, 2, 1.1071487177940904, 2.23606797749979
3910, 35, 522, 149, 522, 147, 0, 2, 1.5707963267948966, 2.0
3911, 2, 537, 148, 536, 147, 1, 1, 0.7853981633974483, 1.4142135623730951
3911, 6, 517, 179, 516, 178, 1, 1, 0.7853981633974483, 1.4142135623730951
3911, 9, 500, 126, 498, 126, 2, 0, 0.0, 2.0
3911, 12, 478, 154, 477, 155, 1, -1, -0.7853981633974483, 1.4142135623730951
3911, 17, 635, 340, 634, 341, 1, -1, -0.7853981633974483, 1.4142135623730951
3911, 22, 493, 120, 492, 121, 1, -1, -0.7853981633974483, 1.4142135623730951
3911, 24, 608, 217, 606, 217, 2, 0, 0.0, 2.0
3911, 28, 573, 213, 572, 211, 1, 2, 1.1071487177940904, 2.23606797749979
3911, 32, 524, 151, 522, 149, 2, 2, 0.7853981633974483, 2.8284271247461903
3912, 2, 538, 149, 537, 148, 1, 1, 0.7853981633974483, 1.4142135623730951
3912, 17, 449, 141, 449, 143, 0, -2, -1.5707963267948966, 2.0
3912, 18, 568, 245, 569, 243, -1, 2, 2.0344439357957027, 2.23606797749979
3912, 27, 574, 214, 573, 213, 1, 1, 0.7853981633974483, 1.4142135623730951
3912, 28, 633, 325, 632, 326, 1, -1, -0.7853981633974483, 1.4142135623730951
3912, 29, 529, 152, 528, 151, 1, 1, 0.7853981633974483, 1.4142135623730951
3912, 31, 525, 152, 524, 151, 1, 1, 0.7853981633974483, 1.4142135623730951
3913, 2, 539, 150, 538, 149, 1, 1, 0.7853981633974483, 1.4142135623730951
3913, 12, 479, 153, 478, 154, 1, -1, -0.7853981633974483, 1.4142135623730951
3913, 14, 537, 213, 537, 211, 0, 2, 1.5707963267948966, 2.0
3913, 17, 450, 138, 449, 141, 1, -3, -1.2490457723982544, 3.1622776601683795
3913, 20, 608, 347, 607, 346, 1, 1, 0.7853981633974483, 1.4142135623730951
3913, 27, 573, 215, 574, 214, -1, 1, 2.356194490192345, 1.4142135623730951
3913, 29, 530, 154, 529, 152, 1, 2, 1.1071487177940904, 2.23606797749979
3913, 31, 526, 153, 525, 152, 1, 1, 0.7853981633974483, 1.4142135623730951
3913, 32, 562, 179, 561, 178, 1, 1, 0.7853981633974483, 1.4142135623730951
3914, 4, 590, 230, 591, 232, -1, -2, -2.0344439357957027, 2.23606797749979
3914, 20, 494, 118, 493, 119, 1, -1, -0.7853981633974483, 1.4142135623730951
3914, 22, 608, 216, 607, 217, 1, -1, -0.7853981633974483, 1.4142135623730951
3914, 28, 531, 155, 530, 154, 1, 1, 0.7853981633974483, 1.4142135623730951
3915, 5, 540, 150, 539, 149, 1, 1, 0.7853981633974483, 1.4142135623730951
3915, 16, 433, 218, 432, 220, 1, -2, -1.1071487177940904, 2.23606797749979
3915, 17, 479, 153, 478, 154, 1, -1, -0.7853981633974483, 1.4142135623730951
3915, 29, 457, 211, 458, 213, -1, -2, -2.0344439357957027, 2.23606797749979
3915, 32, 548, 305, 547, 303, 1, 2, 1.1071487177940904, 2.23606797749979
3915, 42, 429, 150, 429, 152, 0, -2, -1.5707963267948966, 2.0
3915, 45, 554, 188, 553, 187, 1, 1, 0.7853981633974483, 1.4142135623730951
3916, 0, 466, 179, 467, 181, -1, -2, -2.0344439357957027, 2.23606797749979
3916, 1, 581, 294, 582, 293, -1, 1, 2.356194490192345, 1.4142135623730951
3916, 5, 541, 151, 540, 150, 1, 1, 0.7853981633974483, 1.4142135623730951
3916, 12, 524, 153, 522, 153, 2, 0, 0.0, 2.0
3916, 13, 534, 124, 533, 123, 1, 1, 0.7853981633974483, 1.4142135623730951
3916, 15, 434, 215, 433, 218, 1, -3, -1.2490457723982544, 3.1622776601683795
3916, 26, 510, 154, 508, 154, 2, 0, 0.0, 2.0
3916, 28, 450, 134, 449, 135, 1, -1, -0.7853981633974483, 1.4142135623730951
3916, 29, 549, 306, 548, 305, 1, 1, 0.7853981633974483, 1.4142135623730951
3916, 34, 586, 276, 585, 275, 1, 1, 0.7853981633974483, 1.4142135623730951
3916, 36, 555, 239, 556, 238, -1, 1, 2.356194490192345, 1.4142135623730951
3916, 38, 429, 148, 429, 150, 0, -2, -1.5707963267948966, 2.0
3916, 41, 553, 189, 554, 188, -1, 1, 2.356194490192345, 1.4142135623730951
3917, 5, 542, 152, 541, 151, 1, 1, 0.7853981633974483, 1.4142135623730951
3917, 14, 435, 214, 434, 215, 1, -1, -0.7853981633974483, 1.4142135623730951
3917, 17, 539, 217, 538, 216, 1, 1, 0.7853981633974483, 1.4142135623730951
3917, 24, 457, 208, 457, 210, 0, -2, -1.5707963267948966, 2.0
3917, 30, 588, 279, 586, 276, 2, 3, 0.982793723247329, 3.605551275463989
3917, 34, 429, 146, 429, 148, 0, -2, -1.5707963267948966, 2.0
3917, 36, 493, 117, 492, 118, 1, -1, -0.7853981633974483, 1.4142135623730951
3917, 39, 429, 141, 429, 143, 0, -2, -1.5707963267948966, 2.0
3918, 0, 580, 296, 581, 295, -1, 1, 2.356194490192345, 1.4142135623730951
3918, 14, 480, 150, 479, 151, 1, -1, -0.7853981633974483, 1.4142135623730951
3918, 21, 612, 209, 613, 208, -1, 1, 2.356194490192345, 1.4142135623730951
3918, 22, 512, 155, 511, 154, 1, 1, 0.7853981633974483, 1.4142135623730951
3918, 29, 589, 281, 588, 279, 1, 2, 1.1071487177940904, 2.23606797749979
3918, 32, 429, 144, 429, 146, 0, -2, -1.5707963267948966, 2.0
3918, 36, 605, 322, 604, 321, 1, 1, 0.7853981633974483, 1.4142135623730951
3919, 4, 543, 154, 542, 153, 1, 1, 0.7853981633974483, 1.4142135623730951
3919, 6, 507, 127, 505, 127, 2, 0, 0.0, 2.0
3919, 11, 533, 127, 534, 126, -1, 1, 2.356194490192345, 1.4142135623730951
3919, 12, 515, 184, 516, 183, -1, 1, 2.356194490192345, 1.4142135623730951
3919, 18, 635, 336, 635, 338, 0, -2, -1.5707963267948966, 2.0
3919, 23, 459, 201, 457, 207, 2, -6, -1.2490457723982544, 6.324555320336759
3919, 24, 450, 133, 449, 134, 1, -1, -0.7853981633974483, 1.4142135623730951
3919, 29, 590, 283, 589, 281, 1, 2, 1.1071487177940904, 2.23606797749979
3919, 32, 430, 143, 429, 144, 1, -1, -0.7853981633974483, 1.4142135623730951
3919, 34, 496, 116, 494, 117, 2, -1, -0.4636476090008061, 2.23606797749979
3919, 35, 551, 190, 553, 190, -2, 0, 3.141592653589793, 2.0
3919, 37, 429, 138, 429, 140, 0, -2, -1.5707963267948966, 2.0
3920, 0, 468, 178, 468, 180, 0, -2, -1.5707963267948966, 2.0
3920, 6, 534, 163, 532, 162, 2, 1, 0.4636476090008061, 2.23606797749979
3920, 8, 480, 151, 480, 153, 0, -2, -1.5707963267948966, 2.0
3920, 9, 523, 195, 524, 194, -1, 1, 2.356194490192345, 1.4142135623730951
3920, 16, 516, 156, 515, 155, 1, 1, 0.7853981633974483, 1.4142135623730951
3921, 0, 543, 156, 542, 155, 1, 1, 0.7853981633974483, 1.4142135623730951
3921, 4, 535, 164, 534, 163, 1, 1, 0.7853981633974483, 1.4142135623730951
3921, 6, 481, 150, 480, 151, 1, -1, -0.7853981633974483, 1.4142135623730951
3921, 12, 616, 212, 615, 211, 1, 1, 0.7853981633974483, 1.4142135623730951
3922, 0, 544, 157, 543, 156, 1, 1, 0.7853981633974483, 1.4142135623730951
3922, 2, 582, 297, 583, 296, -1, 1, 2.356194490192345, 1.4142135623730951
3922, 3, 604, 293, 605, 292, -1, 1, 2.356194490192345, 1.4142135623730951
3922, 21, 513, 185, 512, 183, 1, 2, 1.1071487177940904, 2.23606797749979
3923, 6, 521, 197, 521, 195, 0, 2, 1.5707963267948966, 2.0
3923, 12, 539, 129, 538, 128, 1, 1, 0.7853981633974483, 1.4142135623730951
3923, 13, 517, 158, 516, 157, 1, 1, 0.7853981633974483, 1.4142135623730951
3923, 17, 539, 221, 539, 219, 0, 2, 1.5707963267948966, 2.0
3923, 20, 513, 187, 513, 185, 0, 2, 1.5707963267948966, 2.0
3924, 0, 545, 159, 544, 158, 1, 1, 0.7853981633974483, 1.4142135623730951
3924, 20, 513, 189, 513, 187, 0, 2, 1.5707963267948966, 2.0
3925, 5, 546, 159, 545, 158, 1, 1, 0.7853981633974483, 1.4142135623730951
3925, 7, 536, 166, 535, 165, 1, 1, 0.7853981633974483, 1.4142135623730951
3925, 9, 536, 157, 535, 156, 1, 1, 0.7853981633974483, 1.4142135623730951
3925, 18, 584, 233, 585, 231, -1, 2, 2.0344439357957027, 2.23606797749979
3925, 24, 534, 129, 532, 127, 2, 2, 0.7853981633974483, 2.8284271247461903
3925, 27, 555, 211, 553, 211, 2, 0, 0.0, 2.0
3925, 31, 594, 202, 593, 199, 1, 3, 1.2490457723982544, 3.1622776601683795
3925, 33, 531, 280, 529, 278, 2, 2, 0.7853981633974483, 2.8284271247461903
3926, 5, 547, 160, 546, 159, 1, 1, 0.7853981633974483, 1.4142135623730951
3926, 6, 451, 158, 450, 160, 1, -2, -1.1071487177940904, 2.23606797749979
3926, 9, 538, 158, 536, 157, 2, 1, 0.4636476090008061, 2.23606797749979
3926, 14, 619, 351, 617, 352, 2, -1, -0.4636476090008061, 2.23606797749979
3926, 18, 584, 236, 584, 233, 0, 3, 1.5707963267948966, 3.0
3926, 24, 568, 188, 567, 187, 1, 1, 0.7853981633974483, 1.4142135623730951
3926, 26, 557, 214, 555, 211, 2, 3, 0.982793723247329, 3.605551275463989
3926, 27, 485, 139, 484, 140, 1, -1, -0.7853981633974483, 1.4142135623730951
3926, 29, 460, 207, 461, 209, -1, -2, -2.0344439357957027, 2.23606797749979
3926, 31, 532, 281, 531, 280, 1, 1, 0.7853981633974483, 1.4142135623730951
3927, 1, 582, 302, 583, 301, -1, 1, 2.356194490192345, 1.4142135623730951
3927, 5, 548, 161, 547, 160, 1, 1, 0.7853981633974483, 1.4142135623730951
3927, 9, 539, 160, 538, 158, 1, 2, 1.1071487177940904, 2.23606797749979
3927, 16, 584, 239, 584, 236, 0, 3, 1.5707963267948966, 3.0
3927, 24, 558, 216, 557, 214, 1, 2, 1.1071487177940904, 2.23606797749979
3927, 25, 486, 138, 485, 139, 1, -1, -0.7853981633974483, 1.4142135623730951
3927, 29, 533, 282, 532, 281, 1, 1, 0.7853981633974483, 1.4142135623730951
3928, 5, 549, 162, 548, 161, 1, 1, 0.7853981633974483, 1.4142135623730951
3928, 6, 450, 156, 450, 158, 0, -2, -1.5707963267948966, 2.0
3928, 12, 622, 350, 620, 351, 2, -1, -0.4636476090008061, 2.23606797749979
3928, 15, 584, 242, 584, 239, 0, 3, 1.5707963267948966, 3.0
3928, 19, 614, 209, 616, 209, -2, 0, 3.141592653589793, 2.0
3928, 23, 558, 218, 558, 216, 0, 2, 1.5707963267948966, 2.0
3928, 24, 487, 137, 486, 138, 1, -1, -0.7853981633974483, 1.4142135623730951
3929, 1, 601, 293, 602, 292, -1, 1, 2.356194490192345, 1.4142135623730951
3929, 4, 550, 163, 549, 162, 1, 1, 0.7853981633974483, 1.4142135623730951
3929, 8, 540, 162, 539, 161, 1, 1, 0.7853981633974483, 1.4142135623730951
3929, 11, 624, 350, 622, 350, 2, 0, 0.0, 2.0
3929, 14, 585, 245, 584, 242, 1, 3, 1.2490457723982544, 3.1622776601683795
3929, 22, 558, 221, 558, 218, 0, 3, 1.5707963267948966, 3.0
3930, 4, 550, 162, 549, 161, 1, 1, 0.7853981633974483, 1.4142135623730951
3930, 14, 508, 157, 506, 157, 2, 0, 0.0, 2.0
3930, 15, 540, 223, 541, 222, -1, 1, 2.356194490192345, 1.4142135623730951
3930, 16, 523, 200, 521, 199, 2, 1, 0.4636476090008061, 2.23606797749979
3930, 21, 468, 201, 468, 203, 0, -2, -1.5707963267948966, 2.0
3930, 26, 461, 187, 460, 189, 1, -2, -1.1071487177940904, 2.23606797749979
3930, 28, 568, 259, 567, 258, 1, 1, 0.7853981633974483, 1.4142135623730951
3930, 33, 462, 129, 461, 130, 1, -1, -0.7853981633974483, 1.4142135623730951
3931, 2, 603, 294, 604, 293, -1, 1, 2.356194490192345, 1.4142135623730951
3931, 9, 485, 148, 484, 149, 1, -1, -0.7853981633974483, 1.4142135623730951
3931, 12, 518, 131, 517, 130, 1, 1, 0.7853981633974483, 1.4142135623730951
3931, 13, 510, 157, 508, 157, 2, 0, 0.0, 2.0
3931, 14, 539, 224, 540, 223, -1, 1, 2.356194490192345, 1.4142135623730951
3931, 15, 524, 201, 523, 200, 1, 1, 0.7853981633974483, 1.4142135623730951
3931, 19, 520, 164, 519, 163, 1, 1, 0.7853981633974483, 1.4142135623730951
3931, 24, 461, 184, 461, 187, 0, -3, -1.5707963267948966, 3.0
3932, 3, 551, 164, 550, 163, 1, 1, 0.7853981633974483, 1.4142135623730951
3932, 5, 453, 155, 452, 157, 1, -2, -1.1071487177940904, 2.23606797749979
3932, 10, 430, 217, 431, 216, -1, 1, 2.356194490192345, 1.4142135623730951
3932, 22, 571, 195, 570, 192, 1, 3, 1.2490457723982544, 3.1622776601683795
3933, 3, 553, 166, 551, 164, 2, 2, 0.7853981633974483, 2.8284271247461903
3933, 9, 429, 218, 430, 217, -1, 1, 2.356194490192345, 1.4142135623730951
3933, 11, 520, 132, 519, 131, 1, 1, 0.7853981633974483, 1.4142135623730951
3933, 13, 525, 203, 524, 202, 1, 1, 0.7853981633974483, 1.4142135623730951
3933, 20, 596, 202, 595, 203, 1, -1, -0.7853981633974483, 1.4142135623730951
3933, 21, 572, 196, 571, 195, 1, 1, 0.7853981633974483, 1.4142135623730951
3934, 0, 586, 308, 585, 307, 1, 1, 0.7853981633974483, 1.4142135623730951
3934, 3, 554, 167, 553, 166, 1, 1, 0.7853981633974483, 1.4142135623730951
3934, 11, 521, 133, 520, 132, 1, 1, 0.7853981633974483, 1.4142135623730951
3935, 0, 585, 308, 586, 307, -1, 1, 2.356194490192345, 1.4142135623730951
3935, 1, 468, 170, 468, 172, 0, -2, -1.5707963267948966, 2.0
3935, 2, 554, 166, 553, 165, 1, 1, 0.7853981633974483, 1.4142135623730951
3935, 7, 573, 215, 574, 217, -1, -2, -2.0344439357957027, 2.23606797749979
3935, 9, 466, 138, 465, 139, 1, -1, -0.7853981633974483, 1.4142135623730951
3935, 15, 460, 173, 460, 175, 0, -2, -1.5707963267948966, 2.0
3935, 17, 460, 136, 458, 138, 2, -2, -0.7853981633974483, 2.8284271247461903
3935, 23, 562, 231, 563, 230, -1, 1, 2.356194490192345, 1.4142135623730951
3935, 33, 583, 294, 583, 291, 0, 3, 1.5707963267948966, 3.0
3935, 34, 512, 132, 511, 131, 1, 1, 0.7853981633974483, 1.4142135623730951
3935, 36, 544, 142, 544, 144, 0, -2, -1.5707963267948966, 2.0
3935, 38, 465, 180, 467, 181, -2, -1, -2.677945044588987, 2.23606797749979
3935, 39, 569, 261, 570, 263, -1, -2, -2.0344439357957027, 2.23606797749979
3935, 44, 556, 202, 555, 200, 1, 2, 1.1071487177940904, 2.23606797749979
3935, 45, 548, 134, 546, 132, 2, 2, 0.7853981633974483, 2.8284271247461903
3935, 51, 535, 279, 533, 277, 2, 2, 0.7853981633974483, 2.8284271247461903
3936, 7, 572, 213, 573, 215, -1, -2, -2.0344439357957027, 2.23606797749979
3936, 8, 628, 354, 627, 353, 1, 1, 0.7853981633974483, 1.4142135623730951
3936, 16, 459, 134, 460, 136, -1, -2, -2.0344439357957027, 2.23606797749979
3936, 20, 570, 325, 569, 324, 1, 1, 0.7853981633974483, 1.4142135623730951
3936, 32, 585, 297, 583, 294, 2, 3, 0.982793723247329, 3.605551275463989
3936, 33, 513, 134, 512, 132, 1, 2, 1.1071487177940904, 2.23606797749979
3936, 39, 557, 203, 556, 202, 1, 1, 0.7853981633974483, 1.4142135623730951
3936, 40, 548, 136, 548, 134, 0, 2, 1.5707963267948966, 2.0
3936, 44, 506, 129, 505, 128, 1, 1, 0.7853981633974483, 1.4142135623730951
3936, 46, 538, 281, 535, 279, 3, 2, 0.5880026035475675, 3.605551275463989
3936, 48, 545, 129, 542, 127, 3, 2, 0.5880026035475675, 3.605551275463989
3936, 51, 436, 140, 436, 142, 0, -2, -1.5707963267948966, 2.0
3937, 0, 584, 310, 585, 309, -1, 1, 2.356194490192345, 1.4142135623730951
3937, 2, 555, 168, 554, 167, 1, 1, 0.7853981633974483, 1.4142135623730951
3937, 5, 454, 153, 453, 155, 1, -2, -1.1071487177940904, 2.23606797749979
3937, 7, 573, 211, 572, 213, 1, -2, -1.1071487177940904, 2.23606797749979
3937, 15, 461, 134, 459, 134, 2, 0, 0.0, 2.0
3937, 20, 561, 232, 562, 231, -1, 1, 2.356194490192345, 1.4142135623730951
3937, 29, 586, 300, 585, 297, 1, 3, 1.2490457723982544, 3.1622776601683795
3937, 30, 514, 136, 513, 134, 1, 2, 1.1071487177940904, 2.23606797749979
3937, 32, 545, 140, 544, 141, 1, -1, -0.7853981633974483, 1.4142135623730951
3937, 37, 550, 139, 548, 136, 2, 3, 0.982793723247329, 3.605551275463989
3937, 40, 574, 278, 573, 277, 1, 1, 0.7853981633974483, 1.4142135623730951
3937, 41, 507, 130, 506, 129, 1, 1, 0.7853981633974483, 1.4142135623730951
3937, 43, 540, 283, 538, 281, 2, 2, 0.7853981633974483, 2.8284271247461903
3937, 45, 546, 131, 545, 129, 1, 2, 1.1071487177940904, 2.23606797749979
3937, 46, 545, 249, 546, 248, -1, 1, 2.356194490192345, 1.4142135623730951
3938, 1, 467, 167, 467, 169, 0, -2, -1.5707963267948966, 2.0
3938, 2, 556, 169, 555, 168, 1, 1, 0.7853981633974483, 1.4142135623730951
3938, 6, 575, 212, 573, 211, 2, 1, 0.4636476090008061, 2.23606797749979
3938, 7, 630, 353, 629, 354, 1, -1, -0.7853981633974483, 1.4142135623730951
3938, 8, 467, 136, 466, 137, 1, -1, -0.7853981633974483, 1.4142135623730951
3938, 16, 524, 169, 523, 168, 1, 1, 0.7853981633974483, 1.4142135623730951
3938, 28, 586, 302, 586, 300, 0, 2, 1.5707963267948966, 2.0
3938, 29, 516, 138, 514, 136, 2, 2, 0.7853981633974483, 2.8284271247461903
3938, 34, 562, 282, 561, 280, 1, 2, 1.1071487177940904, 2.23606797749979
3938, 36, 552, 141, 550, 139, 2, 2, 0.7853981633974483, 2.8284271247461903
3938, 37, 491, 140, 490, 141, 1, -1, -0.7853981633974483, 1.4142135623730951
3938, 38, 600, 340, 596, 340, 4, 0, 0.0, 4.0
3938, 40, 509, 130, 507, 130, 2, 0, 0.0, 2.0
3938, 42, 541, 286, 540, 283, 1, 3, 1.2490457723982544, 3.1622776601683795
3938, 44, 548, 133, 546, 131, 2, 2, 0.7853981633974483, 2.8284271247461903
3938, 46, 438, 137, 436, 139, 2, -2, -0.7853981633974483, 2.8284271247461903
3939, 6, 577, 214, 575, 212, 2, 2, 0.7853981633974483, 2.8284271247461903
3939, 11, 557, 250, 558, 249, -1, 1, 2.356194490192345, 1.4142135623730951
3939, 12, 487, 146, 486, 147, 1, -1, -0.7853981633974483, 1.4142135623730951
3939, 13, 528, 194, 526, 192, 2, 2, 0.7853981633974483, 2.8284271247461903
3939, 17, 571, 327, 570, 326, 1, 1, 0.7853981633974483, 1.4142135623730951
3939, 19, 559, 233, 560, 232, -1, 1, 2.356194490192345, 1.4142135623730951
3939, 22, 541, 227, 542, 226, -1, 1, 2.356194490192345, 1.4142135623730951
3939, 27, 517, 139, 516, 138, 1, 1, 0.7853981633974483, 1.4142135623730951
3939, 34, 553, 142, 552, 141, 1, 1, 0.7853981633974483, 1.4142135623730951
3939, 38, 511, 132, 509, 130, 2, 2, 0.7853981633974483, 2.8284271247461903
3939, 40, 541, 288, 541, 286, 0, 2, 1.5707963267948966, 2.0
3939, 42, 549, 135, 548, 133, 1, 2, 1.1071487177940904, 2.23606797749979
3940, 1, 576, 227, 577, 229, -1, -2, -2.0344439357957027, 2.23606797749979
3940, 2, 586, 311, 587, 310, -1, 1, 2.356194490192345, 1.4142135623730951
3940, 7, 520, 138, 519, 137, 1, 1, 0.7853981633974483, 1.4142135623730951
3940, 10, 528, 195, 528, 193, 0, 2, 1.5707963267948966, 2.0
3940, 17, 562, 284, 561, 283, 1, 1, 0.7853981633974483, 1.4142135623730951
3940, 20, 599, 205, 598, 206, 1, -1, -0.7853981633974483, 1.4142135623730951
3940, 23, 578, 219, 576, 216, 2, 3, 0.982793723247329, 3.605551275463989
3940, 26, 470, 135, 471, 137, -1, -2, -2.0344439357957027, 2.23606797749979
3940, 33, 591, 302, 589, 301, 2, 1, 0.4636476090008061, 2.23606797749979
3940, 34, 554, 141, 552, 138, 2, 3, 0.982793723247329, 3.605551275463989
3940, 35, 461, 128, 460, 129, 1, -1, -0.7853981633974483, 1.4142135623730951
3941, 2, 454, 152, 455, 154, -1, -2, -2.0344439357957027, 2.23606797749979
3941, 3, 604, 299, 605, 298, -1, 1, 2.356194490192345, 1.4142135623730951
3941, 5, 633, 354, 631, 354, 2, 0, 0.0, 2.0
3941, 8, 591, 238, 592, 236, -1, 2, 2.0344439357957027, 2.23606797749979
3941, 9, 528, 197, 528, 195, 0, 2, 1.5707963267948966, 2.0
3941, 15, 563, 285, 562, 284, 1, 1, 0.7853981633974483, 1.4142135623730951
3941, 17, 540, 229, 541, 228, -1, 1, 2.356194490192345, 1.4142135623730951
3941, 20, 579, 221, 578, 219, 1, 2, 1.1071487177940904, 2.23606797749979
3941, 28, 556, 142, 554, 141, 2, 1, 0.4636476090008061, 2.23606797749979
3941, 30, 573, 328, 572, 327, 1, 1, 0.7853981633974483, 1.4142135623730951
3941, 33, 600, 342, 599, 341, 1, 1, 0.7853981633974483, 1.4142135623730951
3942, 4, 558, 171, 557, 170, 1, 1, 0.7853981633974483, 1.4142135623730951
3942, 5, 635, 355, 633, 354, 2, 1, 0.4636476090008061, 2.23606797749979
3942, 8, 590, 239, 591, 238, -1, 1, 2.356194490192345, 1.4142135623730951
3942, 20, 578, 224, 579, 221, -1, 3, 1.892546881191539, 3.1622776601683795
3942, 27, 557, 144, 556, 142, 1, 2, 1.1071487177940904, 2.23606797749979
3942, 28, 464, 126, 462, 128, 2, -2, -0.7853981633974483, 2.8284271247461903
3943, 6, 522, 139, 521, 138, 1, 1, 0.7853981633974483, 1.4142135623730951
3943, 8, 589, 240, 590, 239, -1, 1, 2.356194490192345, 1.4142135623730951
3943, 9, 529, 199, 528, 198, 1, 1, 0.7853981633974483, 1.4142135623730951
3943, 11, 613, 300, 614, 299, -1, 1, 2.356194490192345, 1.4142135623730951
3943, 19, 462, 133, 462, 135, 0, -2, -1.5707963267948966, 2.0
3943, 21, 565, 253, 566, 255, -1, -2, -2.0344439357957027, 2.23606797749979
3943, 31, 539, 253, 542, 255, -3, -2, -2.5535900500422257, 3.605551275463989
3944, 1, 586, 314, 586, 312, 0, 2, 1.5707963267948966, 2.0
3944, 2, 454, 148, 454, 150, 0, -2, -1.5707963267948966, 2.0
3944, 9, 528, 200, 529, 199, -1, 1, 2.356194490192345, 1.4142135623730951
3944, 16, 539, 170, 538, 168, 1, 2, 1.1071487177940904, 2.23606797749979
3944, 21, 563, 251, 565, 253, -2, -2, -2.356194490192345, 2.8284271247461903
3944, 27, 559, 145, 558, 144, 1, 1, 0.7853981633974483, 1.4142135623730951
3944, 28, 465, 125, 464, 126, 1, -1, -0.7853981633974483, 1.4142135623730951
3944, 31, 537, 252, 539, 253, -2, -1, -2.677945044588987, 2.23606797749979
3945, 2, 604, 300, 605, 299, -1, 1, 2.356194490192345, 1.4142135623730951
3945, 12, 523, 143, 522, 142, 1, 1, 0.7853981633974483, 1.4142135623730951
3945, 13, 526, 176, 526, 174, 0, 2, 1.5707963267948966, 2.0
3945, 16, 557, 146, 556, 145, 1, 1, 0.7853981633974483, 1.4142135623730951
3945, 25, 554, 322, 553, 321, 1, 1, 0.7853981633974483, 1.4142135623730951
3945, 26, 460, 137, 456, 138, 4, -1, -0.24497866312686414, 4.123105625617661
3945, 27, 554, 232, 552, 228, 2, 4, 1.1071487177940904, 4.47213595499958
3945, 32, 547, 176, 546, 174, 1, 2, 1.1071487177940904, 2.23606797749979
3945, 36, 467, 128, 465, 128, 2, 0, 0.0, 2.0
3945, 37, 461, 204, 462, 206, -1, -2, -2.0344439357957027, 2.23606797749979
3946, 0, 468, 169, 468, 171, 0, -2, -1.5707963267948966, 2.0
3946, 1, 456, 150, 456, 152, 0, -2, -1.5707963267948966, 2.0
3946, 3, 588, 315, 587, 314, 1, 1, 0.7853981633974483, 1.4142135623730951
3946, 4, 560, 175, 559, 174, 1, 1, 0.7853981633974483, 1.4142135623730951
3946, 6, 558, 258, 559, 257, -1, 1, 2.356194490192345, 1.4142135623730951
3946, 17, 433, 213, 435, 213, -2, 0, 3.141592653589793, 2.0
3946, 22, 556, 323, 554, 322, 2, 1, 0.4636476090008061, 2.23606797749979
3946, 23, 461, 136, 460, 137, 1, -1, -0.7853981633974483, 1.4142135623730951
3946, 24, 554, 234, 554, 232, 0, 2, 1.5707963267948966, 2.0
3946, 25, 587, 288, 585, 287, 2, 1, 0.4636476090008061, 2.23606797749979
3946, 29, 548, 177, 547, 176, 1, 1, 0.7853981633974483, 1.4142135623730951
3947, 1, 456, 148, 456, 150, 0, -2, -1.5707963267948966, 2.0
3947, 12, 527, 178, 526, 177, 1, 1, 0.7853981633974483, 1.4142135623730951
3947, 16, 489, 148, 488, 149, 1, -1, -0.7853981633974483, 1.4142135623730951
3947, 22, 556, 325, 556, 323, 0, 2, 1.5707963267948966, 2.0
3947, 25, 590, 290, 587, 288, 3, 2, 0.5880026035475675, 3.605551275463989
3948, 3, 589, 317, 588, 316, 1, 1, 0.7853981633974483, 1.4142135623730951
3948, 6, 557, 259, 558, 258, -1, 1, 2.356194490192345, 1.4142135623730951
3948, 11, 524, 145, 523, 144, 1, 1, 0.7853981633974483, 1.4142135623730951
3948, 12, 528, 179, 527, 178, 1, 1, 0.7853981633974483, 1.4142135623730951
3948, 25, 591, 292, 590, 290, 1, 2, 1.1071487177940904, 2.23606797749979
3948, 31, 465, 132, 464, 133, 1, -1, -0.7853981633974483, 1.4142135623730951
3948, 33, 468, 127, 467, 128, 1, -1, -0.7853981633974483, 1.4142135623730951
3949, 1, 456, 145, 456, 147, 0, -2, -1.5707963267948966, 2.0
3949, 11, 525, 146, 524, 145, 1, 1, 0.7853981633974483, 1.4142135623730951
3949, 21, 460, 132, 461, 134, -1, -2, -2.0344439357957027, 2.23606797749979
3949, 23, 593, 295, 591, 292, 2, 3, 0.982793723247329, 3.605551275463989
3949, 28, 464, 130, 465, 132, -1, -2, -2.0344439357957027, 2.23606797749979
3950, 1, 590, 318, 589, 317, 1, 1, 0.7853981633974483, 1.4142135623730951
3950, 3, 562, 178, 561, 177, 1, 1, 0.7853981633974483, 1.4142135623730951
3950, 6, 530, 180, 529, 179, 1, 1, 0.7853981633974483, 1.4142135623730951
3950, 11, 492, 148, 491, 149, 1, -1, -0.7853981633974483, 1.4142135623730951
3950, 13, 526, 146, 525, 145, 1, 1, 0.7853981633974483, 1.4142135623730951
3950, 16, 548, 182, 547, 180, 1, 2, 1.1071487177940904, 2.23606797749979
3950, 26, 559, 148, 558, 147, 1, 1, 0.7853981633974483, 1.4142135623730951
3950, 28, 559, 260, 560, 259, -1, 1, 2.356194490192345, 1.4142135623730951
3950, 29, 515, 181, 514, 180, 1, 1, 0.7853981633974483, 1.4142135623730951
3950, 38, 456, 174, 457, 177, -1, -3, -1.892546881191539, 3.1622776601683795
3950, 42, 567, 260, 568, 259, -1, 1, 2.356194490192345, 1.4142135623730951
3950, 46, 441, 136, 441, 138, 0, -2, -1.5707963267948966, 2.0
3950, 47, 433, 137, 433, 139, 0, -2, -1.5707963267948966, 2.0
3951, 0, 458, 147, 458, 149, 0, -2, -1.5707963267948966, 2.0
3951, 2, 468, 167, 469, 169, -1, -2, -2.0344439357957027, 2.23606797749979
3951, 5, 605, 302, 606, 301, -1, 1, 2.356194490192345, 1.4142135623730951
3951, 13, 527, 147, 526, 146, 1, 1, 0.7853981633974483, 1.4142135623730951
3951, 15, 591, 296, 592, 299, -1, -3, -1.892546881191539, 3.1622776601683795
3951, 16, 549, 183, 548, 182, 1, 1, 0.7853981633974483, 1.4142135623730951
3951, 19, 503, 145, 502, 144, 1, 1, 0.7853981633974483, 1.4142135623730951
3951, 21, 590, 251, 591, 253, -1, -2, -2.0344439357957027, 2.23606797749979
3951, 27, 558, 261, 559, 260, -1, 1, 2.356194490192345, 1.4142135623730951
3951, 34, 476, 124, 475, 125, 1, -1, -0.7853981633974483, 1.4142135623730951
3951, 35, 498, 138, 496, 139, 2, -1, -0.4636476090008061, 2.23606797749979
3951, 36, 586, 292, 587, 294, -1, -2, -2.0344439357957027, 2.23606797749979
3951, 41, 566, 261, 567, 260, -1, 1, 2.356194490192345, 1.4142135623730951
3951, 42, 460, 131, 462, 132, -2, -1, -2.677945044588987, 2.23606797749979
3951, 44, 441, 134, 441, 136, 0, -2, -1.5707963267948966, 2.0
3951, 45, 434, 136, 433, 137, 1, -1, -0.7853981633974483, 1.4142135623730951
3952, 3, 564, 179, 562, 179, 2, 0, 0.0, 2.0
3952, 10, 528, 148, 527, 147, 1, 1, 0.7853981633974483, 1.4142135623730951
3952, 12, 568, 293, 567, 292, 1, 1, 0.7853981633974483, 1.4142135623730951
3952, 16, 529, 208, 529, 206, 0, 2, 1.5707963267948966, 2.0
3952, 27, 477, 123, 476, 124, 1, -1, -0.7853981633974483, 1.4142135623730951
3952, 29, 584, 290, 586, 292, -2, -2, -2.356194490192345, 2.8284271247461903
3952, 34, 565, 262, 566, 261, -1, 1, 2.356194490192345, 1.4142135623730951
3952, 35, 458, 130, 460, 131, -2, -1, -2.677945044588987, 2.23606797749979
3952, 37, 442, 133, 441, 134, 1, -1, -0.7853981633974483, 1.4142135623730951
3953, 8, 529, 149, 528, 148, 1, 1, 0.7853981633974483, 1.4142135623730951
3953, 14, 529, 211, 529, 208, 0, 3, 1.5707963267948966, 3.0
3953, 19, 513, 181, 515, 182, -2, -1, -2.677945044588987, 2.23606797749979
3953, 26, 500, 139, 499, 138, 1, 1, 0.7853981633974483, 1.4142135623730951
3953, 27, 583, 288, 584, 290, -1, -2, -2.0344439357957027, 2.23606797749979
3954, 0, 458, 143, 458, 145, 0, -2, -1.5707963267948966, 2.0
3954, 1, 592, 320, 591, 319, 1, 1, 0.7853981633974483, 1.4142135623730951
3954, 2, 565, 181, 564, 180, 1, 1, 0.7853981633974483, 1.4142135623730951
3954, 7, 530, 150, 529, 149, 1, 1, 0.7853981633974483, 1.4142135623730951
3954, 13, 529, 213, 529, 211, 0, 2, 1.5707963267948966, 2.0
3954, 17, 556, 262, 557, 261, -1, 1, 2.356194490192345, 1.4142135623730951
3954, 32, 443, 130, 442, 132, 1, -2, -1.1071487177940904, 2.23606797749979
3955, 2, 461, 146, 460, 147, 1, -1, -0.7853981633974483, 1.4142135623730951
3955, 9, 492, 150, 491, 151, 1, -1, -0.7853981633974483, 1.4142135623730951
3955, 10, 553, 189, 551, 187, 2, 2, 0.7853981633974483, 2.8284271247461903
3955, 24, 525, 206, 525, 203, 0, 3, 1.5707963267948966, 3.0
3956, 8, 560, 263, 559, 262, 1, 1, 0.7853981633974483, 1.4142135623730951
3956, 10, 554, 190, 553, 189, 1, 1, 0.7853981633974483, 1.4142135623730951
3956, 21, 526, 208, 525, 206, 1, 2, 1.1071487177940904, 2.23606797749979
3957, 0, 595, 323, 594, 322, 1, 1, 0.7853981633974483, 1.4142135623730951
3957, 8, 555, 191, 554, 190, 1, 1, 0.7853981633974483, 1.4142135623730951
3957, 10, 598, 214, 599, 213, -1, 1, 2.356194490192345, 1.4142135623730951
3957, 19, 528, 210, 526, 208, 2, 2, 0.7853981633974483, 2.8284271247461903
3958, 1, 461, 142, 461, 144, 0, -2, -1.5707963267948966, 2.0
3958, 19, 530, 212, 528, 210, 2, 2, 0.7853981633974483, 2.8284271247461903
3959, 3, 536, 214, 535, 212, 1, 2, 1.1071487177940904, 2.23606797749979
3959, 8, 572, 295, 573, 293, -1, 2, 2.0344439357957027, 2.23606797749979
3959, 13, 603, 250, 602, 247, 1, 3, 1.2490457723982544, 3.1622776601683795
3959, 17, 531, 214, 530, 212, 1, 2, 1.1071487177940904, 2.23606797749979
3960, 0, 468, 164, 468, 166, 0, -2, -1.5707963267948966, 2.0
3960, 3, 462, 145, 461, 147, 1, -2, -1.1071487177940904, 2.23606797749979
3960, 15, 460, 169, 461, 171, -1, -2, -2.0344439357957027, 2.23606797749979
3960, 24, 464, 127, 462, 129, 2, -2, -0.7853981633974483, 2.8284271247461903
3960, 30, 570, 273, 569, 272, 1, 1, 0.7853981633974483, 1.4142135623730951
3961, 9, 558, 184, 557, 183, 1, 1, 0.7853981633974483, 1.4142135623730951
3961, 13, 460, 167, 460, 169, 0, -2, -1.5707963267948966, 2.0
3961, 14, 564, 256, 566, 257, -2, -1, -2.677945044588987, 2.23606797749979
3961, 19, 537, 149, 536, 148, 1, 1, 0.7853981633974483, 1.4142135623730951
3961, 22, 466, 126, 464, 127, 2, -1, -0.4636476090008061, 2.23606797749979
3961, 24, 431, 209, 433, 208, -2, 1, 2.677945044588987, 2.23606797749979
3961, 25, 542, 241, 542, 239, 0, 2, 1.5707963267948966, 2.0
3962, 1, 568, 187, 567, 186, 1, 1, 0.7853981633974483, 1.4142135623730951
3962, 2, 463, 143, 462, 144, 1, -1, -0.7853981633974483, 1.4142135623730951
3962, 5, 589, 241, 589, 243, 0, -2, -1.5707963267948966, 2.0
3962, 13, 459, 164, 460, 167, -1, -3, -1.892546881191539, 3.1622776601683795
3962, 14, 563, 254, 564, 256, -1, -2, -2.0344439357957027, 2.23606797749979
3962, 18, 533, 188, 532, 187, 1, 1, 0.7853981633974483, 1.4142135623730951
3962, 22, 469, 126, 466, 126, 3, 0, 0.0, 3.0
3962, 23, 562, 153, 561, 152, 1, 1, 0.7853981633974483, 1.4142135623730951
3962, 24, 429, 210, 431, 209, -2, 1, 2.677945044588987, 2.23606797749979
3962, 27, 549, 311, 550, 310, -1, 1, 2.356194490192345, 1.4142135623730951
3963, 2, 465, 141, 463, 143, 2, -2, -0.7853981633974483, 2.8284271247461903
3963, 4, 599, 326, 596, 324, 3, 2, 0.5880026035475675, 3.605551275463989
3963, 5, 590, 240, 589, 241, 1, -1, -0.7853981633974483, 1.4142135623730951
3963, 9, 560, 185, 559, 184, 1, 1, 0.7853981633974483, 1.4142135623730951
3963, 10, 499, 148, 497, 149, 2, -1, -0.4636476090008061, 2.23606797749979
3963, 13, 459, 162, 459, 164, 0, -2, -1.5707963267948966, 2.0
3963, 19, 538, 151, 537, 150, 1, 1, 0.7853981633974483, 1.4142135623730951
3963, 22, 471, 126, 469, 126, 2, 0, 0.0, 2.0
3963, 27, 550, 312, 549, 311, 1, 1, 0.7853981633974483, 1.4142135623730951
3964, 2, 466, 140, 465, 141, 1, -1, -0.7853981633974483, 1.4142135623730951
3964, 4, 600, 327, 599, 326, 1, 1, 0.7853981633974483, 1.4142135623730951
3964, 18, 539, 152, 538, 151, 1, 1, 0.7853981633974483, 1.4142135623730951
3964, 21, 473, 125, 471, 126, 2, -1, -0.4636476090008061, 2.23606797749979
3964, 22, 563, 156, 562, 154, 1, 2, 1.1071487177940904, 2.23606797749979
3964, 23, 427, 211, 429, 210, -2, 1, 2.677945044588987, 2.23606797749979
3964, 26, 552, 313, 550, 312, 2, 1, 0.4636476090008061, 2.23606797749979
3965, 7, 538, 219, 537, 218, 1, 1, 0.7853981633974483, 1.4142135623730951
3965, 11, 580, 268, 581, 267, -1, 1, 2.356194490192345, 1.4142135623730951
3965, 23, 510, 149, 509, 148, 1, 1, 0.7853981633974483, 1.4142135623730951
3965, 29, 560, 163, 562, 163, -2, 0, 3.141592653589793, 2.0
3965, 31, 559, 151, 560, 149, -1, 2, 2.0344439357957027, 2.23606797749979
3965, 32, 566, 159, 564, 156, 2, 3, 0.982793723247329, 3.605551275463989
3965, 34, 588, 295, 588, 297, 0, -2, -1.5707963267948966, 2.0
3965, 36, 479, 130, 479, 132, 0, -2, -1.5707963267948966, 2.0
3965, 38, 559, 270, 560, 269, -1, 1, 2.356194490192345, 1.4142135623730951
3965, 43, 553, 312, 552, 310, 1, 2, 1.1071487177940904, 2.23606797749979
3965, 46, 598, 346, 597, 347, 1, -1, -0.7853981633974483, 1.4142135623730951
3966, 0, 600, 328, 599, 327, 1, 1, 0.7853981633974483, 1.4142135623730951
3966, 2, 570, 188, 569, 187, 1, 1, 0.7853981633974483, 1.4142135623730951
3966, 6, 539, 220, 538, 219, 1, 1, 0.7853981633974483, 1.4142135623730951
3966, 18, 511, 150, 510, 149, 1, 1, 0.7853981633974483, 1.4142135623730951
3966, 21, 475, 129, 473, 128, 2, 1, 0.4636476090008061, 2.23606797749979
3966, 28, 569, 270, 571, 270, -2, 0, 3.141592653589793, 2.0
3966, 29, 587, 293, 588, 295, -1, -2, -2.0344439357957027, 2.23606797749979
3966, 32, 488, 121, 487, 122, 1, -1, -0.7853981633974483, 1.4142135623730951
3966, 37, 566, 257, 565, 255, 1, 2, 1.1071487177940904, 2.23606797749979
3967, 1, 464, 141, 463, 142, 1, -1, -0.7853981633974483, 1.4142135623730951
3967, 10, 611, 258, 612, 257, -1, 1, 2.356194490192345, 1.4142135623730951
3967, 20, 477, 129, 475, 129, 2, 0, 0.0, 2.0
3967, 23, 562, 167, 560, 164, 2, 3, 0.982793723247329, 3.605551275463989
3967, 24, 542, 157, 541, 156, 1, 1, 0.7853981633974483, 1.4142135623730951
3967, 27, 567, 269, 569, 270, -2, -1, -2.677945044588987, 2.23606797749979
3967, 28, 584, 290, 587, 293, -3, -3, -2.356194490192345, 4.242640687119285
3967, 33, 505, 142, 503, 142, 2, 0, 0.0, 2.0
3967, 36, 567, 259, 566, 257, 1, 2, 1.1071487177940904, 2.23606797749979
3968, 0, 602, 329, 600, 328, 2, 1, 0.4636476090008061, 2.23606797749979
3968, 1, 465, 140, 464, 141, 1, -1, -0.7853981633974483, 1.4142135623730951
3968, 8, 578, 269, 579, 268, -1, 1, 2.356194490192345, 1.4142135623730951
3968, 17, 513, 150, 511, 150, 2, 0, 0.0, 2.0
3968, 20, 479, 128, 477, 129, 2, -1, -0.4636476090008061, 2.23606797749979
3968, 23, 563, 169, 562, 167, 1, 2, 1.1071487177940904, 2.23606797749979
3968, 24, 543, 158, 542, 157, 1, 1, 0.7853981633974483, 1.4142135623730951
3968, 25, 559, 147, 559, 149, 0, -2, -1.5707963267948966, 2.0
3968, 28, 581, 288, 584, 290, -3, -2, -2.5535900500422257, 3.605551275463989
3968, 30, 483, 129, 481, 130, 2, -1, -0.4636476090008061, 2.23606797749979
3968, 31, 490, 120, 489, 121, 1, -1, -0.7853981633974483, 1.4142135623730951
3968, 36, 568, 261, 567, 259, 1, 2, 1.1071487177940904, 2.23606797749979
3968, 39, 601, 345, 599, 346, 2, -1, -0.4636476090008061, 2.23606797749979
3969, 1, 466, 139, 465, 140, 1, -1, -0.7853981633974483, 1.4142135623730951
3969, 8, 579, 271, 578, 269, 1, 2, 1.1071487177940904, 2.23606797749979
3969, 10, 609, 259, 610, 258, -1, 1, 2.356194490192345, 1.4142135623730951
3969, 16, 586, 254, 588, 256, -2, -2, -2.356194490192345, 2.8284271247461903
3969, 23, 564, 170, 563, 169, 1, 1, 0.7853981633974483, 1.4142135623730951
3969, 24, 544, 159, 543, 158, 1, 1, 0.7853981633974483, 1.4142135623730951
3969, 25, 566, 160, 565, 159, 1, 1, 0.7853981633974483, 1.4142135623730951
3969, 30, 557, 273, 558, 272, -1, 1, 2.356194490192345, 1.4142135623730951
3969, 31, 506, 144, 505, 143, 1, 1, 0.7853981633974483, 1.4142135623730951
3969, 34, 566, 260, 568, 261, -2, -1, -2.677945044588987, 2.23606797749979
3970, 10, 535, 207, 533, 207, 2, 0, 0.0, 2.0
3970, 16, 588, 241, 586, 239, 2, 2, 0.7853981633974483, 2.8284271247461903
3970, 21, 482, 130, 481, 131, 1, -1, -0.7853981633974483, 1.4142135623730951
3970, 24, 588, 253, 590, 254, -2, -1, -2.677945044588987, 2.23606797749979
3970, 35, 610, 258, 610, 256, 0, 2, 1.5707963267948966, 2.0
3970, 36, 533, 153, 532, 152, 1, 1, 0.7853981633974483, 1.4142135623730951
3971, 0, 469, 141, 468, 142, 1, -1, -0.7853981633974483, 1.4142135623730951
3971, 8, 536, 209, 535, 207, 1, 2, 1.1071487177940904, 2.23606797749979
3971, 14, 589, 243, 588, 241, 1, 2, 1.1071487177940904, 2.23606797749979
3971, 17, 483, 129, 482, 130, 1, -1, -0.7853981633974483, 1.4142135623730951
3971, 27, 495, 151, 494, 152, 1, -1, -0.7853981633974483, 1.4142135623730951
3971, 30, 609, 260, 610, 258, -1, 2, 2.0344439357957027, 2.23606797749979
3972, 8, 538, 211, 536, 209, 2, 2, 0.7853981633974483, 2.8284271247461903
3972, 14, 589, 245, 589, 243, 0, 2, 1.5707963267948966, 2.0
3972, 17, 484, 128, 483, 129, 1, -1, -0.7853981633974483, 1.4142135623730951
3972, 25, 558, 275, 559, 274, -1, 1, 2.356194490192345, 1.4142135623730951
3972, 29, 609, 262, 609, 260, 0, 2, 1.5707963267948966, 2.0
3972, 30, 534, 155, 533, 154, 1, 1, 0.7853981633974483, 1.4142135623730951
3973, 7, 539, 213, 538, 211, 1, 2, 1.1071487177940904, 2.23606797749979
3973, 13, 588, 246, 589, 245, -1, 1, 2.356194490192345, 1.4142135623730951
3973, 28, 608, 263, 609, 262, -1, 1, 2.356194490192345, 1.4142135623730951
3973, 29, 535, 158, 534, 155, 1, 3, 1.2490457723982544, 3.1622776601683795
3974, 6, 574, 190, 573, 189, 1, 1, 0.7853981633974483, 1.4142135623730951
3974, 12, 614, 308, 615, 307, -1, 1, 2.356194490192345, 1.4142135623730951
3974, 16, 486, 127, 485, 128, 1, -1, -0.7853981633974483, 1.4142135623730951
3974, 21, 543, 277, 544, 276, -1, 1, 2.356194490192345, 1.4142135623730951
3974, 28, 609, 265, 608, 263, 1, 2, 1.1071487177940904, 2.23606797749979
3974, 29, 536, 161, 535, 158, 1, 3, 1.2490457723982544, 3.1622776601683795
3975, 4, 471, 140, 470, 141, 1, -1, -0.7853981633974483, 1.4142135623730951
3975, 20, 568, 160, 567, 158, 1, 2, 1.1071487177940904, 2.23606797749979
3975, 21, 567, 299, 567, 297, 0, 2, 1.5707963267948966, 2.0
3975, 30, 562, 340, 559, 339, 3, 1, 0.3217505543966422, 3.1622776601683795
3976, 0, 468, 162, 469, 164, -1, -2, -2.0344439357957027, 2.23606797749979
3976, 3, 629, 211, 628, 212, 1, -1, -0.7853981633974483, 1.4142135623730951
3976, 4, 472, 138, 471, 140, 1, -2, -1.1071487177940904, 2.23606797749979
3976, 19, 569, 162, 568, 160, 1, 2, 1.1071487177940904, 2.23606797749979
3976, 26, 580, 297, 581, 296, -1, 1, 2.356194490192345, 1.4142135623730951
3976, 28, 564, 341, 562, 340, 2, 1, 0.4636476090008061, 2.23606797749979
3977, 3, 473, 137, 472, 138, 1, -1, -0.7853981633974483, 1.4142135623730951
3977, 14, 538, 197, 537, 196, 1, 1, 0.7853981633974483, 1.4142135623730951
3977, 17, 571, 164, 569, 162, 2, 2, 0.7853981633974483, 2.8284271247461903
3977, 19, 487, 130, 486, 131, 1, -1, -0.7853981633974483, 1.4142135623730951
3977, 25, 566, 342, 564, 341, 2, 1, 0.4636476090008061, 2.23606797749979
3978, 2, 474, 136, 473, 137, 1, -1, -0.7853981633974483, 1.4142135623730951
3978, 6, 625, 236, 625, 234, 0, 2, 1.5707963267948966, 2.0
3978, 11, 542, 166, 541, 165, 1, 1, 0.7853981633974483, 1.4142135623730951
3978, 15, 546, 249, 545, 248, 1, 1, 0.7853981633974483, 1.4142135623730951
3978, 16, 572, 166, 571, 164, 1, 2, 1.1071487177940904, 2.23606797749979
3978, 17, 568, 302, 567, 301, 1, 1, 0.7853981633974483, 1.4142135623730951
3978, 24, 569, 342, 566, 342, 3, 0, 0.0, 3.0
3979, 2, 475, 134, 474, 136, 1, -2, -1.1071487177940904, 2.23606797749979
3979, 3, 491, 131, 490, 132, 1, -1, -0.7853981633974483, 1.4142135623730951
3979, 14, 519, 156, 518, 155, 1, 1, 0.7853981633974483, 1.4142135623730951
3979, 16, 575, 166, 572, 166, 3, 0, 0.0, 3.0
3980, 6, 574, 228, 572, 229, 2, -1, -0.4636476090008061, 2.23606797749979
3980, 20, 542, 169, 541, 168, 1, 1, 0.7853981633974483, 1.4142135623730951
3980, 21, 484, 133, 481, 133, 3, 0, 0.0, 3.0
3980, 26, 578, 173, 576, 171, 2, 2, 0.7853981633974483, 2.8284271247461903
3980, 32, 530, 248, 530, 246, 0, 2, 1.5707963267948966, 2.0
3980, 39, 565, 297, 564, 296, 1, 1, 0.7853981633974483, 1.4142135623730951
3981, 1, 474, 137, 473, 138, 1, -1, -0.7853981633974483, 1.4142135623730951
3981, 5, 612, 260, 613, 259, -1, 1, 2.356194490192345, 1.4142135623730951
3981, 6, 572, 228, 574, 228, -2, 0, 3.141592653589793, 2.0
3981, 9, 458, 164, 457, 165, 1, -1, -0.7853981633974483, 1.4142135623730951
3981, 16, 516, 151, 514, 150, 2, 1, 0.4636476090008061, 2.23606797749979
3981, 21, 486, 132, 484, 133, 2, -1, -0.4636476090008061, 2.23606797749979
3981, 26, 579, 174, 578, 173, 1, 1, 0.7853981633974483, 1.4142135623730951
3981, 31, 558, 281, 559, 280, -1, 1, 2.356194490192345, 1.4142135623730951
3981, 33, 602, 215, 601, 214, 1, 1, 0.7853981633974483, 1.4142135623730951
3981, 39, 566, 298, 565, 297, 1, 1, 0.7853981633974483, 1.4142135623730951
3981, 40, 575, 243, 577, 244, -2, -1, -2.677945044588987, 2.23606797749979
3982, 5, 611, 261, 612, 260, -1, 1, 2.356194490192345, 1.4142135623730951
3982, 6, 570, 228, 572, 228, -2, 0, 3.141592653589793, 2.0
3982, 9, 458, 162, 458, 164, 0, -2, -1.5707963267948966, 2.0
3982, 11, 546, 228, 547, 227, -1, 1, 2.356194490192345, 1.4142135623730951
3982, 16, 517, 152, 516, 151, 1, 1, 0.7853981633974483, 1.4142135623730951
3982, 26, 581, 176, 579, 174, 2, 2, 0.7853981633974483, 2.8284271247461903
3982, 31, 557, 282, 558, 281, -1, 1, 2.356194490192345, 1.4142135623730951
3982, 33, 601, 216, 602, 215, -1, 1, 2.356194490192345, 1.4142135623730951
3982, 34, 435, 205, 434, 206, 1, -1, -0.7853981633974483, 1.4142135623730951
3982, 35, 586, 249, 587, 248, -1, 1, 2.356194490192345, 1.4142135623730951
3982, 40, 576, 244, 575, 243, 1, 1, 0.7853981633974483, 1.4142135623730951
3983, 1, 475, 135, 474, 136, 1, -1, -0.7853981633974483, 1.4142135623730951
3983, 4, 610, 262, 611, 261, -1, 1, 2.356194490192345, 1.4142135623730951
3983, 5, 568, 228, 570, 228, -2, 0, 3.141592653589793, 2.0
3983, 10, 545, 229, 546, 228, -1, 1, 2.356194490192345, 1.4142135623730951
3983, 15, 518, 153, 517, 152, 1, 1, 0.7853981633974483, 1.4142135623730951
3983, 19, 544, 171, 543, 170, 1, 1, 0.7853981633974483, 1.4142135623730951
3983, 33, 435, 203, 435, 205, 0, -2, -1.5707963267948966, 2.0
3983, 34, 585, 250, 586, 249, -1, 1, 2.356194490192345, 1.4142135623730951
3983, 37, 601, 281, 603, 282, -2, -1, -2.677945044588987, 2.23606797749979
3984, 1, 476, 134, 475, 135, 1, -1, -0.7853981633974483, 1.4142135623730951
3984, 4, 609, 263, 610, 262, -1, 1, 2.356194490192345, 1.4142135623730951
3984, 5, 567, 229, 568, 228, -1, 1, 2.356194490192345, 1.4142135623730951
3984, 14, 568, 303, 570, 303, -2, 0, 3.141592653589793, 2.0
3984, 17, 543, 172, 544, 171, -1, 1, 2.356194490192345, 1.4142135623730951
3984, 22, 583, 177, 582, 176, 1, 1, 0.7853981633974483, 1.4142135623730951
3984, 28, 599, 217, 600, 216, -1, 1, 2.356194490192345, 1.4142135623730951
3984, 29, 435, 200, 435, 203, 0, -3, -1.5707963267948966, 3.0
3984, 30, 584, 251, 585, 250, -1, 1, 2.356194490192345, 1.4142135623730951
3985, 0, 470, 161, 470, 163, 0, -2, -1.5707963267948966, 2.0
3985, 1, 478, 137, 477, 138, 1, -1, -0.7853981633974483, 1.4142135623730951
3985, 12, 541, 225, 541, 223, 0, 2, 1.5707963267948966, 2.0
3985, 19, 578, 234, 580, 236, -2, -2, -2.356194490192345, 2.8284271247461903
3985, 25, 563, 271, 562, 268, 1, 3, 1.2490457723982544, 3.1622776601683795
3985, 30, 534, 217, 532, 216, 2, 1, 0.4636476090008061, 2.23606797749979
3986, 11, 616, 294, 617, 293, -1, 1, 2.356194490192345, 1.4142135623730951
3986, 16, 546, 253, 547, 252, -1, 1, 2.356194490192345, 1.4142135623730951
3986, 18, 520, 159, 519, 158, 1, 1, 0.7853981633974483, 1.4142135623730951
3986, 19, 595, 349, 594, 348, 1, 1, 0.7853981633974483, 1.4142135623730951
3986, 23, 564, 272, 563, 271, 1, 1, 0.7853981633974483, 1.4142135623730951
3986, 27, 534, 219, 534, 217, 0, 2, 1.5707963267948966, 2.0
3987, 0, 479, 136, 478, 137, 1, -1, -0.7853981633974483, 1.4142135623730951
3987, 17, 521, 160, 520, 159, 1, 1, 0.7853981633974483, 1.4142135623730951
3987, 20, 499, 135, 498, 136, 1, -1, -0.7853981633974483, 1.4142135623730951
3987, 22, 566, 272, 564, 272, 2, 0, 0.0, 2.0
3987, 24, 460, 161, 460, 163, 0, -2, -1.5707963267948966, 2.0
3987, 26, 535, 221, 534, 219, 1, 2, 1.1071487177940904, 2.23606797749979
3988, 7, 546, 178, 545, 177, 1, 1, 0.7853981633974483, 1.4142135623730951
3988, 12, 625, 267, 626, 266, -1, 1, 2.356194490192345, 1.4142135623730951
3988, 15, 579, 236, 578, 234, 1, 2, 1.1071487177940904, 2.23606797749979
3988, 18, 581, 277, 582, 276, -1, 1, 2.356194490192345, 1.4142135623730951
3988, 25, 537, 223, 535, 221, 2, 2, 0.7853981633974483, 2.8284271247461903
3989, 0, 480, 134, 479, 135, 1, -1, -0.7853981633974483, 1.4142135623730951
3989, 11, 630, 322, 629, 321, 1, 1, 0.7853981633974483, 1.4142135623730951
3989, 19, 501, 134, 500, 135, 1, -1, -0.7853981633974483, 1.4142135623730951
3989, 22, 562, 189, 562, 191, 0, -2, -1.5707963267948966, 2.0
3989, 23, 459, 159, 459, 161, 0, -2, -1.5707963267948966, 2.0
3989, 25, 538, 227, 537, 223, 1, 4, 1.3258176636680326, 4.123105625617661
3990, 0, 469, 158, 470, 160, -1, -2, -2.0344439357957027, 2.23606797749979
3990, 1, 483, 137, 480, 138, 3, -1, -0.3217505543966422, 3.1622776601683795
3990, 7, 575, 236, 575, 233, 0, 3, 1.5707963267948966, 3.0
3990, 13, 568, 201, 566, 200, 2, 1, 0.4636476090008061, 2.23606797749979
3990, 17, 547, 256, 548, 255, -1, 1, 2.356194490192345, 1.4142135623730951
3990, 20, 547, 177, 546, 176, 1, 1, 0.7853981633974483, 1.4142135623730951
3990, 26, 487, 126, 487, 128, 0, -2, -1.5707963267948966, 2.0
3990, 30, 437, 186, 437, 188, 0, -2, -1.5707963267948966, 2.0
3990, 34, 578, 279, 579, 278, -1, 1, 2.356194490192345, 1.4142135623730951
3990, 35, 460, 175, 460, 177, 0, -2, -1.5707963267948966, 2.0
3991, 0, 470, 156, 469, 158, 1, -2, -1.1071487177940904, 2.23606797749979
3991, 7, 576, 239, 575, 236, 1, 3, 1.2490457723982544, 3.1622776601683795
3991, 8, 615, 270, 616, 269, -1, 1, 2.356194490192345, 1.4142135623730951
3991, 10, 543, 225, 541, 225, 2, 0, 0.0, 2.0
3991, 12, 563, 273, 565, 274, -2, -1, -2.677945044588987, 2.23606797749979
3991, 15, 581, 253, 580, 252, 1, 1, 0.7853981633974483, 1.4142135623730951
3991, 20, 546, 178, 547, 177, -1, 1, 2.356194490192345, 1.4142135623730951
3991, 26, 490, 125, 487, 126, 3, -1, -0.3217505543966422, 3.1622776601683795
3991, 27, 432, 195, 434, 194, -2, 1, 2.677945044588987, 2.23606797749979
3991, 30, 437, 184, 437, 186, 0, -2, -1.5707963267948966, 2.0
3991, 33, 510, 125, 508, 125, 2, 0, 0.0, 2.0
3991, 34, 577, 280, 578, 279, -1, 1, 2.356194490192345, 1.4142135623730951
3991, 35, 461, 170, 460, 175, 1, -5, -1.373400766945016, 5.0990195135927845
3991, 36, 594, 348, 593, 349, 1, -1, -0.7853981633974483, 1.4142135623730951
3992, 0, 471, 155, 470, 156, 1, -1, -0.7853981633974483, 1.4142135623730951
3992, 7, 576, 242, 576, 239, 0, 3, 1.5707963267948966, 3.0
3992, 11, 562, 271, 563, 273, -1, -2, -2.0344439357957027, 2.23606797749979
3992, 15, 524, 162, 523, 161, 1, 1, 0.7853981633974483, 1.4142135623730951
3992, 19, 547, 179, 546, 178, 1, 1, 0.7853981633974483, 1.4142135623730951
3992, 23, 542, 165, 541, 166, 1, -1, -0.7853981633974483, 1.4142135623730951
3992, 25, 492, 125, 490, 125, 2, 0, 0.0, 2.0
3992, 29, 437, 181, 437, 184, 0, -3, -1.5707963267948966, 3.0
3992, 30, 598, 305, 597, 306, 1, -1, -0.7853981633974483, 1.4142135623730951
3992, 35, 567, 297, 566, 296, 1, 1, 0.7853981633974483, 1.4142135623730951
3993, 0, 484, 136, 483, 137, 1, -1, -0.7853981633974483, 1.4142135623730951
3993, 10, 561, 269, 562, 271, -1, -2, -2.0344439357957027, 2.23606797749979
3993, 15, 548, 257, 547, 256, 1, 1, 0.7853981633974483, 1.4142135623730951
3993, 22, 544, 167, 542, 165, 2, 2, 0.7853981633974483, 2.8284271247461903
3993, 24, 495, 126, 492, 125, 3, 1, 0.3217505543966422, 3.1622776601683795
3993, 28, 436, 179, 437, 181, -1, -2, -2.0344439357957027, 2.23606797749979
3993, 34, 569, 296, 567, 297, 2, -1, -0.4636476090008061, 2.23606797749979
3994, 6, 577, 243, 576, 242, 1, 1, 0.7853981633974483, 1.4142135623730951
3994, 13, 526, 163, 525, 162, 1, 1, 0.7853981633974483, 1.4142135623730951
3994, 17, 546, 181, 547, 180, -1, 1, 2.356194490192345, 1.4142135623730951
3994, 20, 545, 169, 544, 167, 1, 2, 1.1071487177940904, 2.23606797749979
3994, 22, 497, 127, 495, 126, 2, 1, 0.4636476090008061, 2.23606797749979
3994, 26, 436, 176, 436, 179, 0, -3, -1.5707963267948966, 3.0
3994, 27, 598, 306, 599, 305, -1, 1, 2.356194490192345, 1.4142135623730951
3995, 6, 608, 314, 609, 313, -1, 1, 2.356194490192345, 1.4142135623730951
3995, 8, 585, 248, 586, 250, -1, -2, -2.0344439357957027, 2.23606797749979
3995, 12, 605, 258, 606, 257, -1, 1, 2.356194490192345, 1.4142135623730951
3995, 14, 546, 238, 545, 237, 1, 1, 0.7853981633974483, 1.4142135623730951
3995, 20, 526, 165, 525, 164, 1, 1, 0.7853981633974483, 1.4142135623730951
3995, 23, 498, 131, 497, 130, 1, 1, 0.7853981633974483, 1.4142135623730951
3995, 31, 581, 182, 580, 181, 1, 1, 0.7853981633974483, 1.4142135623730951
3995, 34, 610, 263, 611, 262, -1, 1, 2.356194490192345, 1.4142135623730951
3995, 42, 635, 355, 638, 355, -3, 0, 3.141592653589793, 3.0
3995, 44, 597, 353, 596, 352, 1, 1, 0.7853981633974483, 1.4142135623730951
3995, 45, 436, 192, 437, 194, -1, -2, -2.0344439357957027, 2.23606797749979
3996, 1, 629, 212, 627, 213, 2, -1, -0.4636476090008061, 2.23606797749979
3996, 2, 484, 136, 483, 137, 1, -1, -0.7853981633974483, 1.4142135623730951
3996, 8, 585, 246, 585, 248, 0, -2, -1.5707963267948966, 2.0
3996, 18, 618, 213, 617, 214, 1, -1, -0.7853981633974483, 1.4142135623730951
3996, 28, 549, 183, 550, 182, -1, 1, 2.356194490192345, 1.4142135623730951
3996, 31, 582, 183, 581, 182, 1, 1, 0.7853981633974483, 1.4142135623730951
3996, 32, 559, 250, 561, 252, -2, -2, -2.356194490192345, 2.8284271247461903
3996, 33, 608, 213, 606, 213, 2, 0, 0.0, 2.0
3996, 34, 609, 265, 610, 263, -1, 2, 2.0344439357957027, 2.23606797749979
3997, 7, 584, 244, 585, 246, -1, -2, -2.0344439357957027, 2.23606797749979
3997, 15, 611, 234, 610, 232, 1, 2, 1.1071487177940904, 2.23606797749979
3997, 19, 502, 134, 501, 135, 1, -1, -0.7853981633974483, 1.4142135623730951
3997, 20, 501, 132, 499, 131, 2, 1, 0.4636476090008061, 2.23606797749979
3997, 24, 515, 165, 514, 164, 1, 1, 0.7853981633974483, 1.4142135623730951
3997, 27, 584, 184, 582, 183, 2, 1, 0.4636476090008061, 2.23606797749979
3997, 28, 608, 211, 608, 213, 0, -2, -1.5707963267948966, 2.0
3997, 29, 608, 268, 609, 265, -1, 3, 1.892546881191539, 3.1622776601683795
3998, 1, 485, 135, 484, 136, 1, -1, -0.7853981633974483, 1.4142135623730951
3998, 15, 612, 235, 611, 234, 1, 1, 0.7853981633974483, 1.4142135623730951
3998, 25, 550, 184, 549, 183, 1, 1, 0.7853981633974483, 1.4142135623730951
3998, 27, 585, 185, 584, 184, 1, 1, 0.7853981633974483, 1.4142135623730951
3998, 28, 607, 209, 608, 211, -1, -2, -2.0344439357957027, 2.23606797749979
3998, 29, 607, 271, 608, 268, -1, 3, 1.892546881191539, 3.1622776601683795
3998, 31, 514, 126, 513, 127, 1, -1, -0.7853981633974483, 1.4142135623730951
3999, 1, 486, 134, 485, 135, 1, -1, -0.7853981633974483, 1.4142135623730951
3999, 5, 606, 314, 607, 313, -1, 1, 2.356194490192345, 1.4142135623730951
3999, 7, 585, 242, 584, 243, 1, -1, -0.7853981633974483, 1.4142135623730951
3999, 25, 551, 185, 550, 184, 1, 1, 0.7853981633974483, 1.4142135623730951
3999, 27, 587, 185, 585, 185, 2, 0, 0.0, 2.0
3999, 30, 515, 127, 514, 126, 1, 1, 0.7853981633974483, 1.4142135623730951
3999, 33, 554, 296, 555, 295, -1, 1, 2.356194490192345, 1.4142135623730951
