frame,i,x1,y1,x2,y2,x,y,angle,size
11, 4, 100, 298, 102, 296, -2, 2, 2.356194490192345, 2.8284271247461903
12, 1, 75, 142, 77, 141, -2, 1, 2.677945044588987, 2.23606797749979
12, 4, 99, 296, 100, 298, -1, -2, -2.0344439357957027, 2.23606797749979
12, 30, 35, 347, 34, 348, 1, -1, -0.7853981633974483, 1.4142135623730951
14, 12, 79, 195, 79, 197, 0, -2, -1.5707963267948966, 2.0
15, 5, 98, 292, 99, 294, -1, -2, -2.0344439357957027, 2.23606797749979
15, 8, 89, 145, 88, 146, 1, -1, -0.7853981633974483, 1.4142135623730951
15, 40, 88, 140, 87, 139, 1, 1, 0.7853981633974483, 1.4142135623730951
16, 4, 96, 290, 98, 292, -2, -2, -2.356194490192345, 2.8284271247461903
16, 24, 21, 188, 20, 189, 1, -1, -0.7853981633974483, 1.4142135623730951
16, 33, 89, 141, 88, 140, 1, 1, 0.7853981633974483, 1.4142135623730951
17, 4, 95, 288, 96, 290, -1, -2, -2.0344439357957027, 2.23606797749979
18, 4, 94, 286, 95, 288, -1, -2, -2.0344439357957027, 2.23606797749979
18, 7, 89, 146, 90, 145, -1, 1, 2.356194490192345, 1.4142135623730951
18, 24, 87, 142, 89, 141, -2, 1, 2.677945044588987, 2.23606797749979
19, 6, 88, 147, 89, 146, -1, 1, 2.356194490192345, 1.4142135623730951
20, 13, 98, 289, 97, 290, 1, -1, -0.7853981633974483, 1.4142135623730951
20, 36, 102, 298, 101, 300, 1, -2, -1.1071487177940904, 2.23606797749979
20, 47, 6, 271, 8, 273, -2, -2, -2.356194490192345, 2.8284271247461903
21, 9, 99, 290, 98, 289, 1, 1, 0.7853981633974483, 1.4142135623730951
21, 25, 105, 299, 102, 298, 3, 1, 0.3217505543966422, 3.1622776601683795
21, 34, 3, 268, 6, 271, -3, -3, -2.356194490192345, 4.242640687119285
22, 2, 79, 145, 78, 144, 1, 1, 0.7853981633974483, 1.4142135623730951
22, 7, 101, 292, 99, 290, 2, 2, 0.7853981633974483, 2.8284271247461903
22, 22, 106, 298, 105, 299, 1, -1, -0.7853981633974483, 1.4142135623730951
22, 29, 2, 266, 3, 268, -1, -2, -2.0344439357957027, 2.23606797749979
23, 7, 102, 293, 101, 292, 1, 1, 0.7853981633974483, 1.4142135623730951
24, 7, 103, 295, 102, 293, 1, 2, 1.1071487177940904, 2.23606797749979
24, 20, 128, 106, 129, 105, -1, 1, 2.356194490192345, 1.4142135623730951
25, 9, 101, 296, 100, 295, 1, 1, 0.7853981633974483, 1.4142135623730951
25, 32, 143, 184, 145, 185, -2, -1, -2.677945044588987, 2.23606797749979
25, 41, 135, 186, 134, 187, 1, -1, -0.7853981633974483, 1.4142135623730951
26, 8, 103, 296, 101, 296, 2, 0, 0.0, 2.0
26, 26, 141, 183, 143, 184, -2, -1, -2.677945044588987, 2.23606797749979
26, 33, 135, 184, 135, 186, 0, -2, -1.5707963267948966, 2.0
27, 8, 106, 298, 103, 296, 3, 2, 0.5880026035475675, 3.605551275463989
27, 28, 134, 182, 135, 184, -1, -2, -2.0344439357957027, 2.23606797749979
28, 6, 107, 300, 106, 298, 1, 2, 1.1071487177940904, 2.23606797749979
28, 23, 133, 180, 134, 182, -1, -2, -2.0344439357957027, 2.23606797749979
29, 5, 106, 301, 107, 300, -1, 1, 2.356194490192345, 1.4142135623730951
29, 18, 130, 179, 133, 180, -3, -1, -2.819842099193151, 3.1622776601683795
31, 14, 102, 301, 103, 300, -1, 1, 2.356194490192345, 1.4142135623730951
38, 14, 18, 245, 19, 244, -1, 1, 2.356194490192345, 1.4142135623730951
70, 15, 23, 167, 24, 170, -1, -3, -1.892546881191539, 3.1622776601683795
70, 20, 69, 242, 71, 243, -2, -1, -2.677945044588987, 2.23606797749979
72, 11, 24, 166, 23, 167, 1, -1, -0.7853981633974483, 1.4142135623730951
74, 0, 72, 143, 75, 149, -3, -6, -2.0344439357957027, 6.708203932499369
74, 1, 31, 218, 34, 217, -3, 1, 2.819842099193151, 3.1622776601683795
74, 2, 104, 297, 108, 301, -4, -4, -2.356194490192345, 5.656854249492381
74, 3, 16, 241, 18, 244, -2, -3, -2.158798930342464, 3.605551275463989
74, 4, 148, 210, 151, 210, -3, 0, 3.141592653589793, 3.0
74, 5, 89, 148, 91, 151, -2, -3, -2.158798930342464, 3.605551275463989
74, 6, 218, 313, 220, 312, -2, 1, 2.677945044588987, 2.23606797749979
74, 7, 77, 65, 77, 68, 0, -3, -1.5707963267948966, 3.0
74, 8, 181, 109, 179, 110, 2, -1, -0.4636476090008061, 2.23606797749979
74, 10, 94, 196, 95, 198, -1, -2, -2.0344439357957027, 2.23606797749979
74, 11, 5, 112, 8, 113, -3, -1, -2.819842099193151, 3.1622776601683795
74, 12, 113, 211, 115, 214, -2, -3, -2.158798930342464, 3.605551275463989
74, 13, 156, 297, 158, 300, -2, -3, -2.158798930342464, 3.605551275463989
74, 14, 3, 198, 5, 200, -2, -2, -2.356194490192345, 2.8284271247461903
74, 15, 150, 404, 152, 403, -2, 1, 2.677945044588987, 2.23606797749979
74, 16, 44, 270, 46, 269, -2, 1, 2.677945044588987, 2.23606797749979
74, 17, 176, 173, 171, 174, 5, -1, -0.19739555984988075, 5.0990195135927845
74, 18, 17, 90, 20, 88, -3, 2, 2.5535900500422257, 3.605551275463989
74, 19, 27, 293, 26, 292, 1, 1, 0.7853981633974483, 1.4142135623730951
74, 20, 123, 152, 125, 156, -2, -4, -2.0344439357957027, 4.47213595499958
74, 21, 57, 281, 60, 284, -3, -3, -2.356194490192345, 4.242640687119285
74, 22, 35, 310, 38, 313, -3, -3, -2.356194490192345, 4.242640687119285
75, 0, 57, 244, 53, 245, 4, -1, -0.24497866312686414, 4.123105625617661
75, 1, 219, 364, 217, 367, 2, -3, -0.982793723247329, 3.605551275463989
75, 2, 61, 112, 60, 109, 1, 3, 1.2490457723982544, 3.1622776601683795
75, 3, 89, 68, 85, 66, 4, 2, 0.4636476090008061, 4.47213595499958
75, 4, 173, 113, 176, 113, -3, 0, 3.141592653589793, 3.0
75, 5, 66, 186, 68, 185, -2, 1, 2.677945044588987, 2.23606797749979
75, 6, 35, 220, 31, 221, 4, -1, -0.24497866312686414, 4.123105625617661
75, 7, 20, 240, 19, 239, 1, 1, 0.7853981633974483, 1.4142135623730951
75, 8, 126, 157, 125, 154, 1, 3, 1.2490457723982544, 3.1622776601683795
75, 9, 81, 148, 77, 147, 4, 1, 0.24497866312686414, 4.123105625617661
75, 10, 158, 69, 157, 67, 1, 2, 1.1071487177940904, 2.23606797749979
75, 12, 152, 213, 146, 213, 6, 0, 0.0, 6.0
75, 14, 94, 198, 93, 197, 1, 1, 0.7853981633974483, 1.4142135623730951
75, 15, 151, 409, 149, 411, 2, -2, -0.7853981633974483, 2.8284271247461903
75, 17, 104, 305, 106, 302, -2, 3, 2.158798930342464, 3.605551275463989
75, 18, 8, 120, 5, 115, 3, 5, 1.0303768265243125, 5.830951894845301
75, 19, 194, 285, 194, 283, 0, 2, 1.5707963267948966, 2.0
75, 20, 90, 154, 90, 152, 0, 2, 1.5707963267948966, 2.0
75, 21, 44, 266, 43, 264, 1, 2, 1.1071487177940904, 2.23606797749979
75, 22, 21, 189, 20, 187, 1, 2, 1.1071487177940904, 2.23606797749979
75, 23, 224, 229, 227, 228, -3, 1, 2.819842099193151, 3.1622776601683795
75, 24, 191, 201, 188, 198, 3, 3, 0.7853981633974483, 4.242640687119285
75, 25, 65, 246, 67, 246, -2, 0, 3.141592653589793, 2.0
75, 26, 115, 214, 111, 212, 4, 2, 0.4636476090008061, 4.47213595499958
75, 28, 132, 183, 131, 181, 1, 2, 1.1071487177940904, 2.23606797749979
75, 29, 163, 303, 163, 301, 0, 2, 1.5707963267948966, 2.0
75, 31, 119, 69, 118, 68, 1, 1, 0.7853981633974483, 1.4142135623730951
75, 33, 109, 151, 111, 152, -2, -1, -2.677945044588987, 2.23606797749979
75, 34, 221, 315, 220, 316, 1, -1, -0.7853981633974483, 1.4142135623730951
75, 35, 89, 399, 88, 398, 1, 1, 0.7853981633974483, 1.4142135623730951
75, 36, 52, 95, 56, 95, -4, 0, 3.141592653589793, 4.0
76, 20, 224, 226, 224, 229, 0, -3, -1.5707963267948966, 3.0
76, 30, 224, 313, 221, 315, 3, -2, -0.5880026035475675, 3.605551275463989
77, 1, 218, 361, 219, 363, -1, -2, -2.0344439357957027, 2.23606797749979
77, 6, 21, 238, 20, 240, 1, -2, -1.1071487177940904, 2.23606797749979
77, 13, 152, 405, 151, 408, 1, -3, -1.2490457723982544, 3.1622776601683795
77, 14, 21, 245, 19, 247, 2, -2, -0.7853981633974483, 2.8284271247461903
77, 15, 100, 301, 103, 305, -3, -4, -2.214297435588181, 5.0
77, 17, 193, 283, 193, 285, 0, -2, -1.5707963267948966, 2.0
77, 24, 78, 197, 77, 198, 1, -1, -0.7853981633974483, 1.4142135623730951
77, 30, 88, 396, 89, 398, -1, -2, -2.0344439357957027, 2.23606797749979
78, 0, 58, 243, 57, 242, 1, 1, 0.7853981633974483, 1.4142135623730951
78, 8, 80, 149, 81, 148, -1, 1, 2.356194490192345, 1.4142135623730951
78, 16, 10, 117, 8, 119, 2, -2, -0.7853981633974483, 2.8284271247461903
78, 17, 190, 281, 193, 283, -3, -2, -2.5535900500422257, 3.605551275463989
78, 24, 129, 180, 132, 181, -3, -1, -2.819842099193151, 3.1622776601683795
78, 25, 161, 300, 163, 301, -2, -1, -2.677945044588987, 2.23606797749979
78, 26, 122, 69, 119, 69, 3, 0, 0.0, 3.0
78, 27, 111, 150, 109, 150, 2, 0, 0.0, 2.0
78, 28, 83, 397, 88, 396, -5, 1, 2.9441970937399127, 5.0990195135927845
79, 0, 59, 241, 58, 243, 1, -2, -1.1071487177940904, 2.23606797749979
79, 14, 101, 300, 99, 301, 2, -1, -0.4636476090008061, 2.23606797749979
79, 17, 18, 186, 20, 187, -2, -1, -2.677945044588987, 2.23606797749979
79, 23, 162, 299, 161, 300, 1, -1, -0.7853981633974483, 1.4142135623730951
80, 17, 97, 307, 96, 308, 1, -1, -0.7853981633974483, 1.4142135623730951
80, 20, 118, 213, 117, 214, 1, -1, -0.7853981633974483, 1.4142135623730951
80, 33, 171, 363, 170, 365, 1, -2, -1.1071487177940904, 2.23606797749979
80, 34, 167, 301, 169, 301, -2, 0, 3.141592653589793, 2.0
80, 35, 222, 228, 220, 229, 2, -1, -0.4636476090008061, 2.23606797749979
80, 37, 94, 232, 93, 233, 1, -1, -0.7853981633974483, 1.4142135623730951
80, 53, 65, 280, 64, 281, 1, -1, -0.7853981633974483, 1.4142135623730951
80, 54, 109, 237, 111, 237, -2, 0, 3.141592653589793, 2.0
81, 1, 59, 242, 58, 243, 1, -1, -0.7853981633974483, 1.4142135623730951
81, 16, 28, 350, 27, 351, 1, -1, -0.7853981633974483, 1.4142135623730951
81, 25, 215, 308, 214, 309, 1, -1, -0.7853981633974483, 1.4142135623730951
81, 34, 165, 302, 167, 301, -2, 1, 2.677945044588987, 2.23606797749979
81, 35, 224, 227, 222, 228, 2, -1, -0.4636476090008061, 2.23606797749979
81, 45, 144, 327, 146, 327, -2, 0, 3.141592653589793, 2.0
81, 53, 107, 236, 109, 237, -2, -1, -2.677945044588987, 2.23606797749979
81, 55, 103, 268, 102, 269, 1, -1, -0.7853981633974483, 1.4142135623730951
82, 6, 153, 211, 152, 212, 1, -1, -0.7853981633974483, 1.4142135623730951
82, 10, 63, 113, 62, 112, 1, 1, 0.7853981633974483, 1.4142135623730951
82, 13, 224, 306, 223, 308, 1, -2, -1.1071487177940904, 2.23606797749979
82, 17, 98, 305, 97, 306, 1, -1, -0.7853981633974483, 1.4142135623730951
82, 19, 190, 287, 189, 288, 1, -1, -0.7853981633974483, 1.4142135623730951
82, 25, 216, 307, 215, 308, 1, -1, -0.7853981633974483, 1.4142135623730951
82, 26, 192, 202, 193, 201, -1, 1, 2.356194490192345, 1.4142135623730951
82, 34, 226, 227, 224, 227, 2, 0, 0.0, 2.0
82, 42, 10, 296, 9, 297, 1, -1, -0.7853981633974483, 1.4142135623730951
82, 45, 45, 308, 44, 309, 1, -1, -0.7853981633974483, 1.4142135623730951
82, 54, 104, 267, 103, 268, 1, -1, -0.7853981633974483, 1.4142135623730951
83, 1, 60, 241, 59, 242, 1, -1, -0.7853981633974483, 1.4142135623730951
83, 9, 70, 185, 69, 184, 1, 1, 0.7853981633974483, 1.4142135623730951
83, 13, 225, 305, 224, 306, 1, -1, -0.7853981633974483, 1.4142135623730951
83, 14, 154, 403, 154, 405, 0, -2, -1.5707963267948966, 2.0
83, 16, 29, 348, 28, 349, 1, -1, -0.7853981633974483, 1.4142135623730951
83, 18, 232, 228, 230, 228, 2, 0, 0.0, 2.0
83, 25, 217, 306, 216, 307, 1, -1, -0.7853981633974483, 1.4142135623730951
83, 27, 194, 329, 193, 330, 1, -1, -0.7853981633974483, 1.4142135623730951
83, 32, 172, 360, 171, 362, 1, -2, -1.1071487177940904, 2.23606797749979
83, 33, 165, 301, 164, 302, 1, -1, -0.7853981633974483, 1.4142135623730951
83, 34, 228, 227, 226, 227, 2, 0, 0.0, 2.0
83, 38, 72, 186, 74, 187, -2, -1, -2.677945044588987, 2.23606797749979
83, 40, 168, 240, 167, 241, 1, -1, -0.7853981633974483, 1.4142135623730951
83, 44, 141, 327, 143, 327, -2, 0, 3.141592653589793, 2.0
84, 6, 155, 209, 153, 210, 2, -1, -0.4636476090008061, 2.23606797749979
84, 7, 127, 156, 126, 155, 1, 1, 0.7853981633974483, 1.4142135623730951
84, 13, 226, 304, 225, 305, 1, -1, -0.7853981633974483, 1.4142135623730951
84, 19, 191, 285, 190, 286, 1, -1, -0.7853981633974483, 1.4142135623730951
84, 25, 218, 304, 217, 306, 1, -2, -1.1071487177940904, 2.23606797749979
84, 34, 116, 152, 115, 153, 1, -1, -0.7853981633974483, 1.4142135623730951
84, 35, 95, 230, 94, 231, 1, -1, -0.7853981633974483, 1.4142135623730951
84, 41, 11, 294, 10, 295, 1, -1, -0.7853981633974483, 1.4142135623730951
84, 49, 66, 276, 65, 277, 1, -1, -0.7853981633974483, 1.4142135623730951
84, 51, 105, 265, 104, 266, 1, -1, -0.7853981633974483, 1.4142135623730951
84, 52, 116, 377, 115, 378, 1, -1, -0.7853981633974483, 1.4142135623730951
85, 1, 40, 220, 39, 221, 1, -1, -0.7853981633974483, 1.4142135623730951
85, 10, 48, 217, 47, 218, 1, -1, -0.7853981633974483, 1.4142135623730951
85, 14, 100, 307, 99, 308, 1, -1, -0.7853981633974483, 1.4142135623730951
85, 17, 218, 307, 217, 308, 1, -1, -0.7853981633974483, 1.4142135623730951
85, 25, 116, 119, 117, 118, -1, 1, 2.356194490192345, 1.4142135623730951
85, 29, 224, 311, 223, 313, 1, -2, -1.1071487177940904, 2.23606797749979
85, 45, 113, 300, 112, 301, 1, -1, -0.7853981633974483, 1.4142135623730951
85, 46, 108, 234, 106, 234, 2, 0, 0.0, 2.0
85, 49, 105, 268, 104, 269, 1, -1, -0.7853981633974483, 1.4142135623730951
85, 52, 177, 352, 176, 354, 1, -2, -1.1071487177940904, 2.23606797749979
85, 53, 12, 297, 11, 298, 1, -1, -0.7853981633974483, 1.4142135623730951
85, 56, 59, 95, 58, 94, 1, 1, 0.7853981633974483, 1.4142135623730951
85, 66, 166, 298, 165, 299, 1, -1, -0.7853981633974483, 1.4142135623730951
85, 68, 108, 382, 107, 383, 1, -1, -0.7853981633974483, 1.4142135623730951
85, 73, 9, 366, 7, 367, 2, -1, -0.4636476090008061, 2.23606797749979
85, 74, 165, 390, 163, 393, 2, -3, -0.982793723247329, 3.605551275463989
86, 10, 49, 216, 48, 217, 1, -1, -0.7853981633974483, 1.4142135623730951
86, 11, 157, 213, 156, 214, 1, -1, -0.7853981633974483, 1.4142135623730951
86, 14, 101, 306, 100, 307, 1, -1, -0.7853981633974483, 1.4142135623730951
86, 15, 156, 403, 155, 405, 1, -2, -1.1071487177940904, 2.23606797749979
86, 16, 86, 193, 85, 194, 1, -1, -0.7853981633974483, 1.4142135623730951
86, 17, 219, 305, 218, 307, 1, -2, -1.1071487177940904, 2.23606797749979
86, 20, 222, 359, 222, 361, 0, -2, -1.5707963267948966, 2.0
86, 23, 197, 281, 196, 282, 1, -1, -0.7853981633974483, 1.4142135623730951
86, 28, 225, 309, 224, 311, 1, -2, -1.1071487177940904, 2.23606797749979
86, 40, 38, 266, 37, 267, 1, -1, -0.7853981633974483, 1.4142135623730951
86, 43, 115, 298, 113, 300, 2, -2, -0.7853981633974483, 2.8284271247461903
86, 46, 172, 358, 172, 360, 0, -2, -1.5707963267948966, 2.0
86, 49, 134, 165, 133, 164, 1, 1, 0.7853981633974483, 1.4142135623730951
86, 50, 180, 346, 177, 352, 3, -6, -1.1071487177940904, 6.708203932499369
86, 51, 13, 296, 12, 297, 1, -1, -0.7853981633974483, 1.4142135623730951
86, 53, 190, 282, 189, 283, 1, -1, -0.7853981633974483, 1.4142135623730951
86, 56, 90, 396, 89, 397, 1, -1, -0.7853981633974483, 1.4142135623730951
86, 60, 47, 308, 46, 309, 1, -1, -0.7853981633974483, 1.4142135623730951
86, 63, 168, 296, 166, 298, 2, -2, -0.7853981633974483, 2.8284271247461903
86, 67, 27, 167, 29, 169, -2, -2, -2.356194490192345, 2.8284271247461903
86, 68, 68, 278, 67, 279, 1, -1, -0.7853981633974483, 1.4142135623730951
86, 69, 169, 73, 168, 72, 1, 1, 0.7853981633974483, 1.4142135623730951
86, 70, 10, 365, 9, 366, 1, -1, -0.7853981633974483, 1.4142135623730951
86, 71, 167, 386, 165, 390, 2, -4, -1.1071487177940904, 4.47213595499958
87, 0, 61, 243, 60, 244, 1, -1, -0.7853981633974483, 1.4142135623730951
87, 1, 41, 219, 40, 220, 1, -1, -0.7853981633974483, 1.4142135623730951
87, 2, 8, 161, 7, 162, 1, -1, -0.7853981633974483, 1.4142135623730951
87, 10, 50, 215, 49, 216, 1, -1, -0.7853981633974483, 1.4142135623730951
87, 13, 96, 200, 95, 201, 1, -1, -0.7853981633974483, 1.4142135623730951
87, 15, 156, 401, 156, 403, 0, -2, -1.5707963267948966, 2.0
87, 17, 219, 303, 219, 305, 0, -2, -1.5707963267948966, 2.0
87, 18, 233, 232, 232, 233, 1, -1, -0.7853981633974483, 1.4142135623730951
87, 20, 223, 357, 222, 359, 1, -2, -1.1071487177940904, 2.23606797749979
87, 21, 30, 348, 29, 349, 1, -1, -0.7853981633974483, 1.4142135623730951
87, 24, 102, 205, 101, 206, 1, -1, -0.7853981633974483, 1.4142135623730951
87, 31, 121, 214, 120, 215, 1, -1, -0.7853981633974483, 1.4142135623730951
87, 34, 141, 113, 140, 112, 1, 1, 0.7853981633974483, 1.4142135623730951
87, 40, 39, 265, 38, 266, 1, -1, -0.7853981633974483, 1.4142135623730951
87, 42, 119, 296, 115, 298, 4, -2, -0.4636476090008061, 4.47213595499958
87, 49, 183, 342, 180, 346, 3, -4, -0.9272952180016122, 5.0
87, 53, 56, 94, 58, 95, -2, -1, -2.677945044588987, 2.23606797749979
87, 62, 170, 294, 168, 296, 2, -2, -0.7853981633974483, 2.8284271247461903
87, 64, 109, 380, 108, 381, 1, -1, -0.7853981633974483, 1.4142135623730951
87, 65, 157, 301, 156, 303, 1, -2, -1.1071487177940904, 2.23606797749979
87, 67, 69, 277, 68, 278, 1, -1, -0.7853981633974483, 1.4142135623730951
87, 68, 170, 74, 169, 73, 1, 1, 0.7853981633974483, 1.4142135623730951
87, 70, 170, 383, 167, 386, 3, -3, -0.7853981633974483, 4.242640687119285
88, 1, 42, 218, 41, 219, 1, -1, -0.7853981633974483, 1.4142135623730951
88, 11, 159, 211, 157, 212, 2, -1, -0.4636476090008061, 2.23606797749979
88, 14, 102, 304, 101, 305, 1, -1, -0.7853981633974483, 1.4142135623730951
88, 15, 157, 400, 156, 401, 1, -1, -0.7853981633974483, 1.4142135623730951
88, 17, 219, 301, 219, 303, 0, -2, -1.5707963267948966, 2.0
88, 20, 223, 355, 223, 357, 0, -2, -1.5707963267948966, 2.0
88, 23, 198, 280, 197, 281, 1, -1, -0.7853981633974483, 1.4142135623730951
88, 24, 104, 204, 102, 205, 2, -1, -0.4636476090008061, 2.23606797749979
88, 31, 122, 213, 121, 214, 1, -1, -0.7853981633974483, 1.4142135623730951
88, 33, 78, 244, 77, 245, 1, -1, -0.7853981633974483, 1.4142135623730951
88, 35, 48, 270, 48, 272, 0, -2, -1.5707963267948966, 2.0
88, 37, 77, 405, 76, 406, 1, -1, -0.7853981633974483, 1.4142135623730951
88, 40, 40, 264, 39, 265, 1, -1, -0.7853981633974483, 1.4142135623730951
88, 42, 122, 295, 119, 296, 3, -1, -0.3217505543966422, 3.1622776601683795
88, 43, 109, 235, 110, 234, -1, 1, 2.356194490192345, 1.4142135623730951
88, 45, 173, 355, 172, 357, 1, -2, -1.1071487177940904, 2.23606797749979
88, 46, 107, 267, 106, 268, 1, -1, -0.7853981633974483, 1.4142135623730951
88, 47, 30, 245, 29, 247, 1, -2, -1.1071487177940904, 2.23606797749979
88, 49, 183, 339, 183, 342, 0, -3, -1.5707963267948966, 3.0
88, 53, 54, 94, 56, 94, -2, 0, 3.141592653589793, 2.0
88, 58, 44, 92, 43, 91, 1, 1, 0.7853981633974483, 1.4142135623730951
88, 59, 48, 306, 47, 307, 1, -1, -0.7853981633974483, 1.4142135623730951
88, 60, 97, 231, 96, 232, 1, -1, -0.7853981633974483, 1.4142135623730951
88, 62, 173, 292, 170, 294, 3, -2, -0.5880026035475675, 3.605551275463989
88, 64, 110, 378, 109, 380, 1, -2, -1.1071487177940904, 2.23606797749979
88, 66, 25, 166, 27, 167, -2, -1, -2.677945044588987, 2.23606797749979
88, 69, 12, 363, 10, 364, 2, -1, -0.4636476090008061, 2.23606797749979
88, 70, 172, 381, 170, 383, 2, -2, -0.7853981633974483, 2.8284271247461903
89, 0, 62, 242, 61, 243, 1, -1, -0.7853981633974483, 1.4142135623730951
89, 1, 43, 217, 42, 218, 1, -1, -0.7853981633974483, 1.4142135623730951
89, 5, 11, 203, 10, 204, 1, -1, -0.7853981633974483, 1.4142135623730951
89, 8, 97, 156, 96, 155, 1, 1, 0.7853981633974483, 1.4142135623730951
89, 10, 52, 214, 51, 215, 1, -1, -0.7853981633974483, 1.4142135623730951
89, 13, 98, 199, 97, 200, 1, -1, -0.7853981633974483, 1.4142135623730951
89, 14, 103, 303, 102, 304, 1, -1, -0.7853981633974483, 1.4142135623730951
89, 15, 158, 398, 157, 400, 1, -2, -1.1071487177940904, 2.23606797749979
89, 17, 220, 299, 219, 301, 1, -2, -1.1071487177940904, 2.23606797749979
89, 18, 235, 231, 234, 232, 1, -1, -0.7853981633974483, 1.4142135623730951
89, 20, 224, 353, 223, 355, 1, -2, -1.1071487177940904, 2.23606797749979
89, 21, 31, 346, 30, 347, 1, -1, -0.7853981633974483, 1.4142135623730951
89, 23, 199, 279, 198, 280, 1, -1, -0.7853981633974483, 1.4142135623730951
89, 26, 198, 203, 196, 203, 2, 0, 0.0, 2.0
89, 28, 226, 305, 225, 307, 1, -2, -1.1071487177940904, 2.23606797749979
89, 29, 49, 191, 52, 191, -3, 0, 3.141592653589793, 3.0
89, 31, 124, 213, 122, 213, 2, 0, 0.0, 2.0
89, 35, 49, 269, 48, 270, 1, -1, -0.7853981633974483, 1.4142135623730951
89, 37, 78, 403, 77, 405, 1, -2, -1.1071487177940904, 2.23606797749979
89, 39, 153, 188, 152, 187, 1, 1, 0.7853981633974483, 1.4142135623730951
89, 40, 41, 263, 40, 264, 1, -1, -0.7853981633974483, 1.4142135623730951
89, 42, 125, 294, 122, 295, 3, -1, -0.3217505543966422, 3.1622776601683795
89, 46, 108, 266, 107, 267, 1, -1, -0.7853981633974483, 1.4142135623730951
89, 48, 136, 164, 134, 165, 2, -1, -0.4636476090008061, 2.23606797749979
89, 50, 15, 294, 14, 295, 1, -1, -0.7853981633974483, 1.4142135623730951
89, 59, 49, 305, 48, 306, 1, -1, -0.7853981633974483, 1.4142135623730951
89, 60, 98, 230, 97, 231, 1, -1, -0.7853981633974483, 1.4142135623730951
89, 64, 111, 377, 110, 378, 1, -1, -0.7853981633974483, 1.4142135623730951
89, 65, 158, 299, 157, 300, 1, -1, -0.7853981633974483, 1.4142135623730951
89, 67, 70, 275, 69, 276, 1, -1, -0.7853981633974483, 1.4142135623730951
89, 69, 13, 362, 12, 363, 1, -1, -0.7853981633974483, 1.4142135623730951
89, 70, 173, 380, 172, 381, 1, -1, -0.7853981633974483, 1.4142135623730951
90, 2, 44, 219, 43, 220, 1, -1, -0.7853981633974483, 1.4142135623730951
90, 6, 29, 241, 28, 242, 1, -1, -0.7853981633974483, 1.4142135623730951
90, 7, 160, 213, 159, 214, 1, -1, -0.7853981633974483, 1.4142135623730951
90, 9, 227, 303, 226, 305, 1, -2, -1.1071487177940904, 2.23606797749979
90, 15, 159, 401, 158, 403, 1, -2, -1.1071487177940904, 2.23606797749979
90, 16, 33, 348, 31, 349, 2, -1, -0.4636476090008061, 2.23606797749979
90, 17, 20, 398, 19, 399, 1, -1, -0.7853981633974483, 1.4142135623730951
90, 18, 103, 301, 102, 302, 1, -1, -0.7853981633974483, 1.4142135623730951
90, 19, 225, 357, 225, 359, 0, -2, -1.5707963267948966, 2.0
90, 20, 104, 238, 103, 239, 1, -1, -0.7853981633974483, 1.4142135623730951
90, 21, 179, 247, 178, 248, 1, -1, -0.7853981633974483, 1.4142135623730951
90, 23, 105, 204, 104, 205, 1, -1, -0.7853981633974483, 1.4142135623730951
90, 24, 177, 358, 176, 360, 1, -2, -1.1071487177940904, 2.23606797749979
90, 25, 80, 404, 79, 405, 1, -1, -0.7853981633974483, 1.4142135623730951
90, 28, 55, 269, 54, 270, 1, -1, -0.7853981633974483, 1.4142135623730951
90, 31, 203, 327, 202, 329, 1, -2, -1.1071487177940904, 2.23606797749979
90, 36, 90, 278, 89, 279, 1, -1, -0.7853981633974483, 1.4142135623730951
90, 37, 87, 192, 87, 194, 0, -2, -1.5707963267948966, 2.0
90, 45, 36, 245, 35, 246, 1, -1, -0.7853981633974483, 1.4142135623730951
90, 46, 50, 308, 49, 309, 1, -1, -0.7853981633974483, 1.4142135623730951
90, 47, 47, 269, 46, 270, 1, -1, -0.7853981633974483, 1.4142135623730951
90, 49, 74, 189, 73, 190, 1, -1, -0.7853981633974483, 1.4142135623730951
90, 50, 7, 232, 6, 233, 1, -1, -0.7853981633974483, 1.4142135623730951
90, 51, 70, 306, 69, 307, 1, -1, -0.7853981633974483, 1.4142135623730951
90, 52, 110, 266, 109, 267, 1, -1, -0.7853981633974483, 1.4142135623730951
90, 53, 156, 269, 155, 270, 1, -1, -0.7853981633974483, 1.4142135623730951
90, 55, 72, 278, 71, 279, 1, -1, -0.7853981633974483, 1.4142135623730951
90, 56, 237, 299, 235, 301, 2, -2, -0.7853981633974483, 2.8284271247461903
90, 57, 196, 328, 195, 329, 1, -1, -0.7853981633974483, 1.4142135623730951
90, 60, 16, 296, 15, 297, 1, -1, -0.7853981633974483, 1.4142135623730951
91, 2, 45, 218, 44, 219, 1, -1, -0.7853981633974483, 1.4142135623730951
91, 6, 30, 240, 29, 241, 1, -1, -0.7853981633974483, 1.4142135623730951
91, 7, 161, 212, 160, 213, 1, -1, -0.7853981633974483, 1.4142135623730951
91, 9, 228, 302, 227, 303, 1, -1, -0.7853981633974483, 1.4142135623730951
91, 15, 159, 399, 159, 401, 0, -2, -1.5707963267948966, 2.0
91, 16, 34, 347, 33, 348, 1, -1, -0.7853981633974483, 1.4142135623730951
91, 17, 21, 397, 20, 398, 1, -1, -0.7853981633974483, 1.4142135623730951
91, 19, 226, 355, 225, 357, 1, -2, -1.1071487177940904, 2.23606797749979
91, 21, 180, 246, 179, 247, 1, -1, -0.7853981633974483, 1.4142135623730951
91, 22, 184, 180, 182, 180, 2, 0, 0.0, 2.0
91, 23, 106, 203, 105, 204, 1, -1, -0.7853981633974483, 1.4142135623730951
91, 24, 178, 357, 177, 358, 1, -1, -0.7853981633974483, 1.4142135623730951
91, 29, 164, 299, 163, 300, 1, -1, -0.7853981633974483, 1.4142135623730951
91, 32, 109, 345, 108, 346, 1, -1, -0.7853981633974483, 1.4142135623730951
91, 33, 6, 148, 8, 149, -2, -1, -2.677945044588987, 2.23606797749979
91, 34, 193, 281, 192, 282, 1, -1, -0.7853981633974483, 1.4142135623730951
91, 42, 30, 190, 29, 191, 1, -1, -0.7853981633974483, 1.4142135623730951
91, 43, 37, 244, 36, 245, 1, -1, -0.7853981633974483, 1.4142135623730951
91, 44, 51, 307, 50, 308, 1, -1, -0.7853981633974483, 1.4142135623730951
91, 45, 48, 268, 47, 269, 1, -1, -0.7853981633974483, 1.4142135623730951
91, 51, 157, 268, 156, 269, 1, -1, -0.7853981633974483, 1.4142135623730951
91, 53, 73, 277, 72, 278, 1, -1, -0.7853981633974483, 1.4142135623730951
91, 54, 238, 296, 237, 299, 1, -3, -1.2490457723982544, 3.1622776601683795
91, 58, 17, 295, 16, 296, 1, -1, -0.7853981633974483, 1.4142135623730951
92, 2, 46, 217, 45, 218, 1, -1, -0.7853981633974483, 1.4142135623730951
92, 4, 88, 76, 87, 75, 1, 1, 0.7853981633974483, 1.4142135623730951
92, 7, 162, 211, 161, 212, 1, -1, -0.7853981633974483, 1.4142135623730951
92, 8, 68, 116, 67, 115, 1, 1, 0.7853981633974483, 1.4142135623730951
92, 9, 229, 300, 228, 302, 1, -2, -1.1071487177940904, 2.23606797749979
92, 15, 159, 397, 159, 399, 0, -2, -1.5707963267948966, 2.0
92, 16, 36, 346, 34, 347, 2, -1, -0.4636476090008061, 2.23606797749979
92, 17, 22, 396, 21, 397, 1, -1, -0.7853981633974483, 1.4142135623730951
92, 19, 226, 353, 226, 355, 0, -2, -1.5707963267948966, 2.0
92, 20, 105, 237, 104, 238, 1, -1, -0.7853981633974483, 1.4142135623730951
92, 21, 181, 245, 180, 246, 1, -1, -0.7853981633974483, 1.4142135623730951
92, 24, 179, 355, 178, 357, 1, -2, -1.1071487177940904, 2.23606797749979
92, 25, 81, 402, 80, 403, 1, -1, -0.7853981633974483, 1.4142135623730951
92, 26, 45, 150, 44, 149, 1, 1, 0.7853981633974483, 1.4142135623730951
92, 29, 165, 298, 164, 299, 1, -1, -0.7853981633974483, 1.4142135623730951
92, 31, 204, 325, 203, 327, 1, -2, -1.1071487177940904, 2.23606797749979
92, 33, 194, 280, 193, 281, 1, -1, -0.7853981633974483, 1.4142135623730951
92, 38, 114, 378, 113, 379, 1, -1, -0.7853981633974483, 1.4142135623730951
92, 41, 52, 306, 51, 307, 1, -1, -0.7853981633974483, 1.4142135623730951
92, 42, 49, 267, 48, 268, 1, -1, -0.7853981633974483, 1.4142135623730951
92, 43, 150, 263, 149, 264, 1, -1, -0.7853981633974483, 1.4142135623730951
92, 46, 68, 305, 70, 305, -2, 0, 3.141592653589793, 2.0
92, 47, 112, 265, 111, 266, 1, -1, -0.7853981633974483, 1.4142135623730951
92, 49, 74, 276, 73, 277, 1, -1, -0.7853981633974483, 1.4142135623730951
92, 50, 239, 293, 238, 296, 1, -3, -1.2490457723982544, 3.1622776601683795
92, 51, 197, 326, 196, 327, 1, -1, -0.7853981633974483, 1.4142135623730951
92, 52, 144, 115, 143, 114, 1, 1, 0.7853981633974483, 1.4142135623730951
92, 54, 18, 294, 17, 295, 1, -1, -0.7853981633974483, 1.4142135623730951
93, 2, 47, 216, 46, 217, 1, -1, -0.7853981633974483, 1.4142135623730951
93, 6, 33, 240, 31, 240, 2, 0, 0.0, 2.0
93, 7, 163, 210, 162, 211, 1, -1, -0.7853981633974483, 1.4142135623730951
93, 9, 230, 298, 229, 300, 1, -2, -1.1071487177940904, 2.23606797749979
93, 14, 18, 122, 17, 121, 1, 1, 0.7853981633974483, 1.4142135623730951
93, 15, 160, 395, 159, 397, 1, -2, -1.1071487177940904, 2.23606797749979
93, 16, 37, 345, 36, 346, 1, -1, -0.7853981633974483, 1.4142135623730951
93, 17, 23, 394, 22, 396, 1, -2, -1.1071487177940904, 2.23606797749979
93, 18, 105, 299, 104, 300, 1, -1, -0.7853981633974483, 1.4142135623730951
93, 19, 227, 351, 226, 353, 1, -2, -1.1071487177940904, 2.23606797749979
93, 20, 107, 237, 105, 237, 2, 0, 0.0, 2.0
93, 22, 186, 181, 185, 180, 1, 1, 0.7853981633974483, 1.4142135623730951
93, 23, 109, 203, 107, 203, 2, 0, 0.0, 2.0
93, 24, 180, 353, 179, 355, 1, -2, -1.1071487177940904, 2.23606797749979
93, 31, 110, 343, 109, 344, 1, -1, -0.7853981633974483, 1.4142135623730951
93, 32, 195, 279, 194, 280, 1, -1, -0.7853981633974483, 1.4142135623730951
93, 33, 19, 164, 18, 165, 1, -1, -0.7853981633974483, 1.4142135623730951
93, 36, 144, 185, 143, 186, 1, -1, -0.7853981633974483, 1.4142135623730951
93, 37, 115, 377, 114, 378, 1, -1, -0.7853981633974483, 1.4142135623730951
93, 39, 31, 189, 30, 190, 1, -1, -0.7853981633974483, 1.4142135623730951
93, 40, 53, 305, 52, 306, 1, -1, -0.7853981633974483, 1.4142135623730951
93, 41, 50, 266, 49, 267, 1, -1, -0.7853981633974483, 1.4142135623730951
93, 42, 151, 262, 150, 263, 1, -1, -0.7853981633974483, 1.4142135623730951
93, 47, 158, 267, 157, 268, 1, -1, -0.7853981633974483, 1.4142135623730951
93, 48, 76, 275, 74, 276, 2, -1, -0.4636476090008061, 2.23606797749979
93, 49, 239, 291, 239, 293, 0, -2, -1.5707963267948966, 2.0
93, 50, 198, 325, 197, 326, 1, -1, -0.7853981633974483, 1.4142135623730951
93, 53, 19, 293, 18, 294, 1, -1, -0.7853981633974483, 1.4142135623730951
94, 2, 48, 215, 47, 216, 1, -1, -0.7853981633974483, 1.4142135623730951
94, 15, 161, 393, 160, 395, 1, -2, -1.1071487177940904, 2.23606797749979
94, 16, 38, 344, 37, 345, 1, -1, -0.7853981633974483, 1.4142135623730951
94, 18, 107, 298, 105, 299, 2, -1, -0.4636476090008061, 2.23606797749979
94, 19, 228, 349, 227, 351, 1, -2, -1.1071487177940904, 2.23606797749979
94, 20, 109, 236, 107, 237, 2, -1, -0.4636476090008061, 2.23606797749979
94, 22, 187, 182, 186, 181, 1, 1, 0.7853981633974483, 1.4142135623730951
94, 23, 111, 203, 109, 203, 2, 0, 0.0, 2.0
94, 24, 181, 351, 180, 353, 1, -2, -1.1071487177940904, 2.23606797749979
94, 25, 82, 399, 81, 401, 1, -2, -1.1071487177940904, 2.23606797749979
94, 29, 167, 295, 165, 297, 2, -2, -0.7853981633974483, 2.8284271247461903
94, 31, 111, 342, 110, 343, 1, -1, -0.7853981633974483, 1.4142135623730951
94, 32, 196, 277, 195, 279, 1, -2, -1.1071487177940904, 2.23606797749979
94, 34, 203, 203, 201, 202, 2, 1, 0.4636476090008061, 2.23606797749979
94, 37, 116, 376, 115, 377, 1, -1, -0.7853981633974483, 1.4142135623730951
94, 38, 102, 232, 101, 233, 1, -1, -0.7853981633974483, 1.4142135623730951
94, 40, 54, 304, 53, 305, 1, -1, -0.7853981633974483, 1.4142135623730951
94, 42, 152, 261, 151, 262, 1, -1, -0.7853981633974483, 1.4142135623730951
94, 43, 78, 188, 77, 189, 1, -1, -0.7853981633974483, 1.4142135623730951
94, 44, 11, 231, 10, 232, 1, -1, -0.7853981633974483, 1.4142135623730951
94, 47, 159, 266, 158, 267, 1, -1, -0.7853981633974483, 1.4142135623730951
94, 48, 77, 274, 76, 275, 1, -1, -0.7853981633974483, 1.4142135623730951
94, 49, 238, 289, 239, 291, -1, -2, -2.0344439357957027, 2.23606797749979
94, 50, 199, 323, 198, 325, 1, -2, -1.1071487177940904, 2.23606797749979
94, 51, 145, 117, 144, 116, 1, 1, 0.7853981633974483, 1.4142135623730951
94, 53, 20, 292, 19, 293, 1, -1, -0.7853981633974483, 1.4142135623730951
95, 2, 48, 218, 47, 219, 1, -1, -0.7853981633974483, 1.4142135623730951
95, 4, 67, 243, 66, 244, 1, -1, -0.7853981633974483, 1.4142135623730951
95, 6, 5, 201, 4, 202, 1, -1, -0.7853981633974483, 1.4142135623730951
95, 8, 91, 78, 90, 77, 1, 1, 0.7853981633974483, 1.4142135623730951
95, 9, 134, 162, 133, 161, 1, 1, 0.7853981633974483, 1.4142135623730951
95, 11, 79, 185, 78, 186, 1, -1, -0.7853981633974483, 1.4142135623730951
95, 12, 231, 300, 230, 302, 1, -2, -1.1071487177940904, 2.23606797749979
95, 14, 202, 281, 200, 282, 2, -1, -0.4636476090008061, 2.23606797749979
95, 15, 163, 398, 162, 400, 1, -2, -1.1071487177940904, 2.23606797749979
95, 18, 129, 217, 127, 217, 2, 0, 0.0, 2.0
95, 19, 229, 350, 229, 353, 0, -3, -1.5707963267948966, 3.0
95, 20, 40, 350, 39, 351, 1, -1, -0.7853981633974483, 1.4142135623730951
95, 21, 197, 285, 194, 287, 3, -2, -0.5880026035475675, 3.605551275463989
95, 24, 32, 190, 31, 191, 1, -1, -0.7853981633974483, 1.4142135623730951
95, 25, 13, 232, 11, 234, 2, -2, -0.7853981633974483, 2.8284271247461903
95, 26, 203, 207, 202, 208, 1, -1, -0.7853981633974483, 1.4142135623730951
95, 27, 58, 219, 57, 220, 1, -1, -0.7853981633974483, 1.4142135623730951
95, 28, 83, 403, 82, 405, 1, -2, -1.1071487177940904, 2.23606797749979
95, 29, 179, 357, 178, 358, 1, -1, -0.7853981633974483, 1.4142135623730951
95, 30, 54, 268, 53, 269, 1, -1, -0.7853981633974483, 1.4142135623730951
95, 31, 144, 186, 143, 187, 1, -1, -0.7853981633974483, 1.4142135623730951
95, 32, 108, 300, 106, 301, 2, -1, -0.4636476090008061, 2.23606797749979
95, 33, 96, 201, 94, 201, 2, 0, 0.0, 2.0
95, 35, 167, 304, 165, 305, 2, -1, -0.4636476090008061, 2.23606797749979
95, 36, 19, 202, 18, 203, 1, -1, -0.7853981633974483, 1.4142135623730951
95, 38, 45, 342, 43, 343, 2, -1, -0.4636476090008061, 2.23606797749979
95, 39, 142, 117, 141, 116, 1, 1, 0.7853981633974483, 1.4142135623730951
95, 42, 115, 379, 114, 380, 1, -1, -0.7853981633974483, 1.4142135623730951
95, 44, 225, 177, 223, 177, 2, 0, 0.0, 2.0
95, 45, 235, 233, 232, 234, 3, -1, -0.3217505543966422, 3.1622776601683795
95, 50, 125, 378, 124, 379, 1, -1, -0.7853981633974483, 1.4142135623730951
96, 4, 68, 242, 67, 243, 1, -1, -0.7853981633974483, 1.4142135623730951
96, 10, 187, 121, 186, 120, 1, 1, 0.7853981633974483, 1.4142135623730951
96, 12, 232, 298, 231, 300, 1, -2, -1.1071487177940904, 2.23606797749979
96, 14, 203, 280, 202, 281, 1, -1, -0.7853981633974483, 1.4142135623730951
96, 15, 164, 396, 163, 398, 1, -2, -1.1071487177940904, 2.23606797749979
96, 19, 230, 348, 229, 350, 1, -2, -1.1071487177940904, 2.23606797749979
96, 20, 41, 349, 40, 350, 1, -1, -0.7853981633974483, 1.4142135623730951
96, 21, 199, 284, 197, 285, 2, -1, -0.4636476090008061, 2.23606797749979
96, 25, 14, 231, 13, 232, 1, -1, -0.7853981633974483, 1.4142135623730951
96, 28, 83, 401, 83, 403, 0, -2, -1.5707963267948966, 2.0
96, 29, 179, 355, 179, 357, 0, -2, -1.5707963267948966, 2.0
96, 32, 110, 298, 108, 300, 2, -2, -0.7853981633974483, 2.8284271247461903
96, 33, 98, 201, 96, 201, 2, 0, 0.0, 2.0
96, 35, 168, 302, 167, 304, 1, -2, -1.1071487177940904, 2.23606797749979
96, 38, 46, 341, 45, 342, 1, -1, -0.7853981633974483, 1.4142135623730951
96, 41, 244, 226, 245, 229, -1, -3, -1.892546881191539, 3.1622776601683795
96, 42, 116, 378, 115, 379, 1, -1, -0.7853981633974483, 1.4142135623730951
96, 44, 226, 178, 225, 177, 1, 1, 0.7853981633974483, 1.4142135623730951
96, 45, 237, 231, 235, 233, 2, -2, -0.7853981633974483, 2.8284271247461903
96, 46, 63, 301, 62, 302, 1, -1, -0.7853981633974483, 1.4142135623730951
96, 48, 116, 234, 118, 234, -2, 0, 3.141592653589793, 2.0
96, 49, 125, 376, 125, 378, 0, -2, -1.5707963267948966, 2.0
97, 7, 166, 213, 165, 214, 1, -1, -0.7853981633974483, 1.4142135623730951
97, 8, 92, 79, 91, 78, 1, 1, 0.7853981633974483, 1.4142135623730951
97, 10, 188, 122, 187, 121, 1, 1, 0.7853981633974483, 1.4142135623730951
97, 12, 233, 296, 232, 298, 1, -2, -1.1071487177940904, 2.23606797749979
97, 13, 73, 118, 71, 117, 2, 1, 0.4636476090008061, 2.23606797749979
97, 14, 205, 279, 203, 280, 2, -1, -0.4636476090008061, 2.23606797749979
97, 15, 165, 394, 164, 396, 1, -2, -1.1071487177940904, 2.23606797749979
97, 16, 22, 123, 20, 123, 2, 0, 0.0, 2.0
97, 17, 24, 396, 23, 397, 1, -1, -0.7853981633974483, 1.4142135623730951
97, 19, 230, 346, 230, 348, 0, -2, -1.5707963267948966, 2.0
97, 20, 42, 348, 41, 349, 1, -1, -0.7853981633974483, 1.4142135623730951
97, 21, 200, 283, 199, 284, 1, -1, -0.7853981633974483, 1.4142135623730951
97, 22, 49, 151, 48, 150, 1, 1, 0.7853981633974483, 1.4142135623730951
97, 25, 15, 230, 14, 231, 1, -1, -0.7853981633974483, 1.4142135623730951
97, 27, 60, 218, 59, 219, 1, -1, -0.7853981633974483, 1.4142135623730951
97, 28, 84, 400, 83, 401, 1, -1, -0.7853981633974483, 1.4142135623730951
97, 29, 179, 353, 179, 355, 0, -2, -1.5707963267948966, 2.0
97, 30, 57, 267, 55, 268, 2, -1, -0.4636476090008061, 2.23606797749979
97, 35, 168, 300, 168, 302, 0, -2, -1.5707963267948966, 2.0
97, 39, 144, 118, 143, 117, 1, 1, 0.7853981633974483, 1.4142135623730951
97, 41, 248, 226, 244, 226, 4, 0, 0.0, 4.0
97, 42, 117, 377, 116, 378, 1, -1, -0.7853981633974483, 1.4142135623730951
97, 45, 239, 231, 237, 231, 2, 0, 0.0, 2.0
97, 46, 64, 300, 63, 301, 1, -1, -0.7853981633974483, 1.4142135623730951
97, 47, 184, 246, 183, 247, 1, -1, -0.7853981633974483, 1.4142135623730951
97, 49, 126, 374, 125, 376, 1, -2, -1.1071487177940904, 2.23606797749979
98, 2, 51, 217, 50, 218, 1, -1, -0.7853981633974483, 1.4142135623730951
98, 5, 92, 154, 91, 153, 1, 1, 0.7853981633974483, 1.4142135623730951
98, 7, 168, 212, 166, 213, 2, -1, -0.4636476090008061, 2.23606797749979
98, 8, 93, 80, 92, 79, 1, 1, 0.7853981633974483, 1.4142135623730951
98, 9, 136, 163, 135, 162, 1, 1, 0.7853981633974483, 1.4142135623730951
98, 11, 83, 185, 81, 185, 2, 0, 0.0, 2.0
98, 12, 234, 294, 233, 296, 1, -2, -1.1071487177940904, 2.23606797749979
98, 14, 206, 278, 205, 279, 1, -1, -0.7853981633974483, 1.4142135623730951
98, 15, 166, 392, 165, 394, 1, -2, -1.1071487177940904, 2.23606797749979
98, 16, 24, 123, 22, 123, 2, 0, 0.0, 2.0
98, 17, 25, 395, 24, 396, 1, -1, -0.7853981633974483, 1.4142135623730951
98, 19, 231, 343, 230, 346, 1, -3, -1.2490457723982544, 3.1622776601683795
98, 20, 44, 346, 42, 348, 2, -2, -0.7853981633974483, 2.8284271247461903
98, 21, 201, 282, 200, 283, 1, -1, -0.7853981633974483, 1.4142135623730951
98, 25, 16, 229, 15, 230, 1, -1, -0.7853981633974483, 1.4142135623730951
98, 30, 58, 265, 57, 267, 1, -2, -1.1071487177940904, 2.23606797749979
98, 32, 111, 297, 110, 298, 1, -1, -0.7853981633974483, 1.4142135623730951
98, 33, 101, 201, 99, 201, 2, 0, 0.0, 2.0
98, 39, 145, 119, 144, 118, 1, 1, 0.7853981633974483, 1.4142135623730951
98, 41, 250, 226, 248, 226, 2, 0, 0.0, 2.0
98, 45, 240, 230, 239, 231, 1, -1, -0.7853981633974483, 1.4142135623730951
98, 46, 65, 299, 64, 300, 1, -1, -0.7853981633974483, 1.4142135623730951
98, 47, 186, 245, 184, 246, 2, -1, -0.4636476090008061, 2.23606797749979
99, 0, 112, 202, 110, 202, 2, 0, 0.0, 2.0
99, 2, 52, 216, 51, 217, 1, -1, -0.7853981633974483, 1.4142135623730951
99, 9, 138, 163, 136, 163, 2, 0, 0.0, 2.0
99, 12, 235, 293, 234, 294, 1, -1, -0.7853981633974483, 1.4142135623730951
99, 13, 76, 119, 74, 118, 2, 1, 0.4636476090008061, 2.23606797749979
99, 14, 208, 278, 206, 278, 2, 0, 0.0, 2.0
99, 15, 167, 390, 166, 392, 1, -2, -1.1071487177940904, 2.23606797749979
99, 16, 26, 123, 24, 123, 2, 0, 0.0, 2.0
99, 19, 232, 342, 231, 343, 1, -1, -0.7853981633974483, 1.4142135623730951
99, 20, 45, 345, 44, 346, 1, -1, -0.7853981633974483, 1.4142135623730951
99, 21, 202, 281, 201, 282, 1, -1, -0.7853981633974483, 1.4142135623730951
99, 26, 206, 206, 205, 207, 1, -1, -0.7853981633974483, 1.4142135623730951
99, 30, 59, 264, 58, 265, 1, -1, -0.7853981633974483, 1.4142135623730951
99, 31, 146, 185, 145, 186, 1, -1, -0.7853981633974483, 1.4142135623730951
99, 32, 112, 295, 111, 297, 1, -2, -1.1071487177940904, 2.23606797749979
99, 33, 103, 201, 101, 201, 2, 0, 0.0, 2.0
99, 35, 168, 298, 167, 300, 1, -2, -1.1071487177940904, 2.23606797749979
99, 38, 146, 120, 145, 119, 1, 1, 0.7853981633974483, 1.4142135623730951
99, 39, 128, 161, 126, 160, 2, 1, 0.4636476090008061, 2.23606797749979
99, 40, 251, 227, 250, 226, 1, 1, 0.7853981633974483, 1.4142135623730951
99, 41, 117, 374, 117, 376, 0, -2, -1.5707963267948966, 2.0
99, 43, 230, 177, 228, 178, 2, -1, -0.4636476090008061, 2.23606797749979
99, 46, 187, 243, 186, 245, 1, -2, -1.1071487177940904, 2.23606797749979
99, 48, 126, 370, 126, 373, 0, -3, -1.5707963267948966, 3.0
100, 1, 71, 244, 70, 245, 1, -1, -0.7853981633974483, 1.4142135623730951
100, 4, 37, 244, 35, 245, 2, -1, -0.4636476090008061, 2.23606797749979
100, 8, 113, 203, 111, 203, 2, 0, 0.0, 2.0
100, 10, 86, 187, 84, 187, 2, 0, 0.0, 2.0
100, 11, 236, 299, 234, 301, 2, -2, -0.7853981633974483, 2.8284271247461903
100, 15, 75, 120, 74, 119, 1, 1, 0.7853981633974483, 1.4142135623730951
100, 17, 233, 345, 232, 348, 1, -3, -1.2490457723982544, 3.1622776601683795
100, 18, 166, 393, 164, 395, 2, -2, -0.7853981633974483, 2.8284271247461903
100, 20, 187, 346, 187, 348, 0, -2, -1.5707963267948966, 2.0
100, 22, 178, 297, 177, 298, 1, -1, -0.7853981633974483, 1.4142135623730951
100, 23, 101, 202, 99, 202, 2, 0, 0.0, 2.0
100, 26, 58, 197, 57, 198, 1, -1, -0.7853981633974483, 1.4142135623730951
100, 28, 80, 244, 79, 245, 1, -1, -0.7853981633974483, 1.4142135623730951
100, 31, 120, 237, 119, 238, 1, -1, -0.7853981633974483, 1.4142135623730951
100, 33, 193, 184, 191, 184, 2, 0, 0.0, 2.0
100, 34, 27, 396, 26, 397, 1, -1, -0.7853981633974483, 1.4142135623730951
100, 37, 124, 298, 123, 299, 1, -1, -0.7853981633974483, 1.4142135623730951
100, 38, 60, 307, 59, 308, 1, -1, -0.7853981633974483, 1.4142135623730951
100, 40, 42, 238, 39, 239, 3, -1, -0.3217505543966422, 3.1622776601683795
100, 42, 115, 339, 114, 340, 1, -1, -0.7853981633974483, 1.4142135623730951
100, 45, 119, 376, 118, 377, 1, -1, -0.7853981633974483, 1.4142135623730951
100, 46, 85, 401, 85, 403, 0, -2, -1.5707963267948966, 2.0
100, 47, 252, 229, 253, 228, -1, 1, 2.356194490192345, 1.4142135623730951
100, 49, 207, 208, 205, 208, 2, 0, 0.0, 2.0
100, 51, 107, 233, 106, 234, 1, -1, -0.7853981633974483, 1.4142135623730951
100, 52, 186, 245, 185, 246, 1, -1, -0.7853981633974483, 1.4142135623730951
100, 53, 240, 235, 237, 233, 3, 2, 0.5880026035475675, 3.605551275463989
100, 55, 161, 196, 159, 196, 2, 0, 0.0, 2.0
100, 56, 35, 191, 34, 192, 1, -1, -0.7853981633974483, 1.4142135623730951
100, 62, 16, 84, 15, 83, 1, 1, 0.7853981633974483, 1.4142135623730951
100, 63, 13, 232, 12, 233, 1, -1, -0.7853981633974483, 1.4142135623730951
101, 0, 95, 81, 94, 80, 1, 1, 0.7853981633974483, 1.4142135623730951
101, 1, 72, 243, 71, 244, 1, -1, -0.7853981633974483, 1.4142135623730951
101, 4, 38, 243, 37, 244, 1, -1, -0.7853981633974483, 1.4142135623730951
101, 8, 115, 203, 113, 203, 2, 0, 0.0, 2.0
101, 11, 237, 297, 236, 299, 1, -2, -1.1071487177940904, 2.23606797749979
101, 12, 192, 122, 191, 121, 1, 1, 0.7853981633974483, 1.4142135623730951
101, 13, 63, 220, 62, 221, 1, -1, -0.7853981633974483, 1.4142135623730951
101, 17, 234, 343, 233, 345, 1, -2, -1.1071487177940904, 2.23606797749979
101, 18, 167, 391, 166, 393, 1, -2, -1.1071487177940904, 2.23606797749979
101, 19, 40, 343, 39, 344, 1, -1, -0.7853981633974483, 1.4142135623730951
101, 20, 102, 159, 101, 158, 1, 1, 0.7853981633974483, 1.4142135623730951
101, 21, 176, 296, 178, 297, -2, -1, -2.677945044588987, 2.23606797749979
101, 22, 103, 202, 101, 202, 2, 0, 0.0, 2.0
101, 23, 210, 280, 209, 281, 1, -1, -0.7853981633974483, 1.4142135623730951
101, 24, 224, 171, 223, 170, 1, 1, 0.7853981633974483, 1.4142135623730951
101, 25, 55, 198, 58, 197, -3, 1, 2.819842099193151, 3.1622776601683795
101, 29, 134, 217, 132, 217, 2, 0, 0.0, 2.0
101, 30, 56, 266, 54, 267, 2, -1, -0.4636476090008061, 2.23606797749979
101, 31, 195, 184, 193, 184, 2, 0, 0.0, 2.0
101, 32, 28, 395, 27, 396, 1, -1, -0.7853981633974483, 1.4142135623730951
101, 34, 10, 152, 14, 154, -4, -2, -2.677945044588987, 4.47213595499958
101, 35, 125, 297, 124, 298, 1, -1, -0.7853981633974483, 1.4142135623730951
101, 36, 61, 306, 60, 307, 1, -1, -0.7853981633974483, 1.4142135623730951
101, 37, 68, 266, 66, 267, 2, -1, -0.4636476090008061, 2.23606797749979
101, 40, 116, 338, 115, 339, 1, -1, -0.7853981633974483, 1.4142135623730951
101, 43, 119, 374, 119, 376, 0, -2, -1.5707963267948966, 2.0
101, 47, 208, 209, 207, 208, 1, 1, 0.7853981633974483, 1.4142135623730951
101, 49, 108, 232, 107, 233, 1, -1, -0.7853981633974483, 1.4142135623730951
101, 50, 188, 243, 186, 245, 2, -2, -0.7853981633974483, 2.8284271247461903
101, 51, 245, 235, 240, 235, 5, 0, 0.0, 5.0
101, 53, 158, 193, 161, 196, -3, -3, -2.356194490192345, 4.242640687119285
101, 54, 40, 191, 35, 191, 5, 0, 0.0, 5.0
101, 59, 91, 273, 90, 274, 1, -1, -0.7853981633974483, 1.4142135623730951
101, 61, 14, 231, 13, 232, 1, -1, -0.7853981633974483, 1.4142135623730951
102, 1, 73, 242, 72, 243, 1, -1, -0.7853981633974483, 1.4142135623730951
102, 3, 19, 165, 17, 165, 2, 0, 0.0, 2.0
102, 6, 10, 202, 9, 203, 1, -1, -0.7853981633974483, 1.4142135623730951
102, 9, 142, 162, 141, 161, 1, 1, 0.7853981633974483, 1.4142135623730951
102, 11, 238, 296, 237, 297, 1, -1, -0.7853981633974483, 1.4142135623730951
102, 12, 193, 123, 192, 122, 1, 1, 0.7853981633974483, 1.4142135623730951
102, 17, 236, 340, 234, 343, 2, -3, -0.982793723247329, 3.605551275463989
102, 18, 168, 389, 167, 391, 1, -2, -1.1071487177940904, 2.23606797749979
102, 19, 41, 342, 40, 343, 1, -1, -0.7853981633974483, 1.4142135623730951
102, 22, 105, 202, 103, 202, 2, 0, 0.0, 2.0
102, 25, 57, 198, 55, 198, 2, 0, 0.0, 2.0
102, 26, 53, 154, 52, 153, 1, 1, 0.7853981633974483, 1.4142135623730951
102, 27, 82, 243, 81, 244, 1, -1, -0.7853981633974483, 1.4142135623730951
102, 30, 57, 265, 56, 266, 1, -1, -0.7853981633974483, 1.4142135623730951
102, 31, 197, 184, 195, 184, 2, 0, 0.0, 2.0
102, 32, 29, 394, 28, 395, 1, -1, -0.7853981633974483, 1.4142135623730951
102, 35, 125, 295, 125, 297, 0, -2, -1.5707963267948966, 2.0
102, 36, 62, 305, 61, 306, 1, -1, -0.7853981633974483, 1.4142135623730951
102, 37, 69, 265, 68, 266, 1, -1, -0.7853981633974483, 1.4142135623730951
102, 38, 45, 237, 43, 238, 2, -1, -0.4636476090008061, 2.23606797749979
102, 40, 116, 336, 116, 338, 0, -2, -1.5707963267948966, 2.0
102, 43, 120, 373, 119, 374, 1, -1, -0.7853981633974483, 1.4142135623730951
102, 44, 86, 398, 85, 400, 1, -2, -1.1071487177940904, 2.23606797749979
102, 47, 210, 209, 208, 209, 2, 0, 0.0, 2.0
102, 49, 110, 232, 108, 232, 2, 0, 0.0, 2.0
102, 50, 189, 242, 188, 243, 1, -1, -0.7853981633974483, 1.4142135623730951
102, 51, 248, 234, 245, 235, 3, -1, -0.3217505543966422, 3.1622776601683795
102, 52, 163, 265, 162, 266, 1, -1, -0.7853981633974483, 1.4142135623730951
102, 56, 122, 265, 121, 266, 1, -1, -0.7853981633974483, 1.4142135623730951
102, 60, 15, 230, 14, 231, 1, -1, -0.7853981633974483, 1.4142135623730951
103, 2, 56, 220, 54, 220, 2, 0, 0.0, 2.0
103, 5, 96, 155, 94, 155, 2, 0, 0.0, 2.0
103, 6, 11, 203, 10, 202, 1, 1, 0.7853981633974483, 1.4142135623730951
103, 8, 118, 203, 116, 203, 2, 0, 0.0, 2.0
103, 11, 239, 294, 238, 296, 1, -2, -1.1071487177940904, 2.23606797749979
103, 15, 78, 121, 77, 120, 1, 1, 0.7853981633974483, 1.4142135623730951
103, 17, 236, 338, 236, 340, 0, -2, -1.5707963267948966, 2.0
103, 18, 169, 387, 168, 389, 1, -2, -1.1071487177940904, 2.23606797749979
103, 19, 43, 340, 41, 342, 2, -2, -0.7853981633974483, 2.8284271247461903
103, 22, 107, 202, 105, 202, 2, 0, 0.0, 2.0
103, 23, 210, 277, 210, 279, 0, -2, -1.5707963267948966, 2.0
103, 24, 225, 173, 224, 172, 1, 1, 0.7853981633974483, 1.4142135623730951
103, 28, 238, 290, 238, 292, 0, -2, -1.5707963267948966, 2.0
103, 30, 58, 264, 57, 265, 1, -1, -0.7853981633974483, 1.4142135623730951
103, 32, 30, 393, 29, 394, 1, -1, -0.7853981633974483, 1.4142135623730951
103, 36, 63, 304, 62, 305, 1, -1, -0.7853981633974483, 1.4142135623730951
103, 37, 70, 264, 69, 265, 1, -1, -0.7853981633974483, 1.4142135623730951
103, 40, 117, 335, 116, 336, 1, -1, -0.7853981633974483, 1.4142135623730951
103, 44, 87, 397, 86, 398, 1, -1, -0.7853981633974483, 1.4142135623730951
103, 47, 211, 210, 210, 209, 1, 1, 0.7853981633974483, 1.4142135623730951
103, 48, 48, 338, 47, 339, 1, -1, -0.7853981633974483, 1.4142135623730951
103, 49, 111, 231, 110, 232, 1, -1, -0.7853981633974483, 1.4142135623730951
103, 50, 190, 241, 189, 242, 1, -1, -0.7853981633974483, 1.4142135623730951
103, 51, 249, 233, 248, 234, 1, -1, -0.7853981633974483, 1.4142135623730951
103, 52, 164, 264, 163, 265, 1, -1, -0.7853981633974483, 1.4142135623730951
103, 53, 159, 191, 158, 192, 1, -1, -0.7853981633974483, 1.4142135623730951
103, 56, 123, 264, 122, 265, 1, -1, -0.7853981633974483, 1.4142135623730951
103, 58, 94, 272, 92, 273, 2, -1, -0.4636476090008061, 2.23606797749979
104, 0, 96, 83, 95, 82, 1, 1, 0.7853981633974483, 1.4142135623730951
104, 3, 21, 164, 20, 165, 1, -1, -0.7853981633974483, 1.4142135623730951
104, 4, 42, 243, 40, 243, 2, 0, 0.0, 2.0
104, 5, 97, 156, 96, 155, 1, 1, 0.7853981633974483, 1.4142135623730951
104, 6, 13, 203, 11, 203, 2, 0, 0.0, 2.0
104, 7, 174, 213, 172, 213, 2, 0, 0.0, 2.0
104, 8, 120, 203, 118, 203, 2, 0, 0.0, 2.0
104, 9, 144, 163, 143, 162, 1, 1, 0.7853981633974483, 1.4142135623730951
104, 11, 240, 292, 239, 294, 1, -2, -1.1071487177940904, 2.23606797749979
104, 12, 194, 125, 193, 124, 1, 1, 0.7853981633974483, 1.4142135623730951
104, 14, 29, 125, 27, 125, 2, 0, 0.0, 2.0
104, 16, 25, 205, 23, 205, 2, 0, 0.0, 2.0
104, 17, 237, 335, 236, 338, 1, -3, -1.2490457723982544, 3.1622776601683795
104, 18, 170, 386, 169, 387, 1, -1, -0.7853981633974483, 1.4142135623730951
104, 19, 44, 339, 43, 340, 1, -1, -0.7853981633974483, 1.4142135623730951
104, 21, 177, 292, 176, 294, 1, -2, -1.1071487177940904, 2.23606797749979
104, 23, 211, 276, 210, 277, 1, -1, -0.7853981633974483, 1.4142135623730951
104, 24, 226, 175, 225, 173, 1, 2, 1.1071487177940904, 2.23606797749979
104, 25, 61, 198, 58, 198, 3, 0, 0.0, 3.0
104, 26, 55, 155, 54, 154, 1, 1, 0.7853981633974483, 1.4142135623730951
104, 27, 84, 242, 83, 243, 1, -1, -0.7853981633974483, 1.4142135623730951
104, 28, 239, 288, 238, 290, 1, -2, -1.1071487177940904, 2.23606797749979
104, 29, 138, 217, 136, 217, 2, 0, 0.0, 2.0
104, 30, 59, 263, 58, 264, 1, -1, -0.7853981633974483, 1.4142135623730951
104, 31, 200, 184, 198, 184, 2, 0, 0.0, 2.0
104, 32, 31, 392, 30, 393, 1, -1, -0.7853981633974483, 1.4142135623730951
104, 37, 72, 264, 70, 264, 2, 0, 0.0, 2.0
104, 38, 49, 239, 46, 237, 3, 2, 0.5880026035475675, 3.605551275463989
104, 40, 118, 334, 117, 335, 1, -1, -0.7853981633974483, 1.4142135623730951
104, 41, 131, 163, 130, 162, 1, 1, 0.7853981633974483, 1.4142135623730951
104, 44, 88, 396, 87, 397, 1, -1, -0.7853981633974483, 1.4142135623730951
104, 48, 50, 337, 48, 338, 2, -1, -0.4636476090008061, 2.23606797749979
104, 50, 192, 240, 190, 241, 2, -1, -0.4636476090008061, 2.23606797749979
104, 51, 251, 232, 249, 233, 2, -1, -0.4636476090008061, 2.23606797749979
104, 52, 165, 263, 164, 264, 1, -1, -0.7853981633974483, 1.4142135623730951
104, 54, 43, 190, 42, 191, 1, -1, -0.7853981633974483, 1.4142135623730951
104, 55, 97, 390, 96, 391, 1, -1, -0.7853981633974483, 1.4142135623730951
104, 56, 124, 263, 123, 264, 1, -1, -0.7853981633974483, 1.4142135623730951
104, 58, 96, 272, 94, 272, 2, 0, 0.0, 2.0
105, 1, 75, 244, 74, 245, 1, -1, -0.7853981633974483, 1.4142135623730951
105, 3, 57, 220, 55, 220, 2, 0, 0.0, 2.0
105, 4, 174, 214, 172, 214, 2, 0, 0.0, 2.0
105, 6, 67, 222, 65, 223, 2, -1, -0.4636476090008061, 2.23606797749979
105, 7, 14, 205, 12, 205, 2, 0, 0.0, 2.0
105, 8, 42, 239, 41, 240, 1, -1, -0.7853981633974483, 1.4142135623730951
105, 12, 180, 218, 178, 218, 2, 0, 0.0, 2.0
105, 13, 118, 200, 117, 201, 1, -1, -0.7853981633974483, 1.4142135623730951
105, 15, 170, 391, 169, 393, 1, -2, -1.1071487177940904, 2.23606797749979
105, 16, 119, 336, 118, 338, 1, -2, -1.1071487177940904, 2.23606797749979
105, 17, 79, 121, 78, 120, 1, 1, 0.7853981633974483, 1.4142135623730951
105, 19, 243, 292, 241, 294, 2, -2, -0.7853981633974483, 2.8284271247461903
105, 21, 187, 346, 186, 348, 1, -2, -1.1071487177940904, 2.23606797749979
105, 22, 31, 290, 29, 291, 2, -1, -0.4636476090008061, 2.23606797749979
105, 23, 236, 342, 235, 343, 1, -1, -0.7853981633974483, 1.4142135623730951
105, 24, 48, 346, 47, 348, 1, -2, -1.1071487177940904, 2.23606797749979
105, 25, 118, 300, 117, 301, 1, -1, -0.7853981633974483, 1.4142135623730951
105, 26, 88, 400, 87, 401, 1, -1, -0.7853981633974483, 1.4142135623730951
105, 27, 234, 294, 232, 296, 2, -2, -0.7853981633974483, 2.8284271247461903
105, 28, 43, 192, 41, 192, 2, 0, 0.0, 2.0
105, 29, 211, 210, 210, 209, 1, 1, 0.7853981633974483, 1.4142135623730951
105, 32, 57, 149, 55, 149, 2, 0, 0.0, 2.0
105, 33, 32, 393, 31, 395, 1, -2, -1.1071487177940904, 2.23606797749979
105, 34, 7, 368, 6, 369, 1, -1, -0.7853981633974483, 1.4142135623730951
105, 35, 172, 293, 171, 294, 1, -1, -0.7853981633974483, 1.4142135623730951
105, 37, 83, 242, 82, 243, 1, -1, -0.7853981633974483, 1.4142135623730951
105, 38, 258, 233, 255, 234, 3, -1, -0.3217505543966422, 3.1622776601683795
105, 39, 61, 199, 59, 199, 2, 0, 0.0, 2.0
105, 40, 118, 237, 117, 238, 1, -1, -0.7853981633974483, 1.4142135623730951
105, 41, 123, 264, 122, 265, 1, -1, -0.7853981633974483, 1.4142135623730951
105, 44, 195, 124, 194, 123, 1, 1, 0.7853981633974483, 1.4142135623730951
105, 46, 59, 265, 58, 266, 1, -1, -0.7853981633974483, 1.4142135623730951
105, 47, 106, 203, 104, 202, 2, 1, 0.4636476090008061, 2.23606797749979
105, 48, 206, 282, 205, 283, 1, -1, -0.7853981633974483, 1.4142135623730951
105, 49, 186, 245, 185, 246, 1, -1, -0.7853981633974483, 1.4142135623730951
105, 52, 63, 306, 62, 307, 1, -1, -0.7853981633974483, 1.4142135623730951
105, 53, 165, 197, 163, 196, 2, 1, 0.4636476090008061, 2.23606797749979
105, 54, 188, 290, 188, 292, 0, -2, -1.5707963267948966, 2.0
105, 55, 155, 192, 153, 192, 2, 0, 0.0, 2.0
105, 60, 112, 232, 111, 233, 1, -1, -0.7853981633974483, 1.4142135623730951
105, 61, 173, 152, 172, 151, 1, 1, 0.7853981633974483, 1.4142135623730951
105, 62, 68, 267, 67, 268, 1, -1, -0.7853981633974483, 1.4142135623730951
105, 64, 126, 376, 125, 377, 1, -1, -0.7853981633974483, 1.4142135623730951
105, 65, 222, 252, 220, 253, 2, -1, -0.4636476090008061, 2.23606797749979
105, 67, 123, 369, 122, 370, 1, -1, -0.7853981633974483, 1.4142135623730951
105, 68, 187, 163, 185, 163, 2, 0, 0.0, 2.0
106, 1, 77, 243, 75, 244, 2, -1, -0.4636476090008061, 2.23606797749979
106, 3, 59, 220, 57, 220, 2, 0, 0.0, 2.0
106, 5, 98, 159, 97, 158, 1, 1, 0.7853981633974483, 1.4142135623730951
106, 6, 68, 221, 67, 222, 1, -1, -0.7853981633974483, 1.4142135623730951
106, 9, 29, 206, 28, 207, 1, -1, -0.7853981633974483, 1.4142135623730951
106, 10, 105, 163, 103, 163, 2, 0, 0.0, 2.0
106, 12, 182, 218, 180, 218, 2, 0, 0.0, 2.0
106, 13, 120, 200, 118, 200, 2, 0, 0.0, 2.0
106, 15, 172, 389, 170, 391, 2, -2, -0.7853981633974483, 2.8284271247461903
106, 16, 120, 335, 119, 336, 1, -1, -0.7853981633974483, 1.4142135623730951
106, 18, 31, 126, 29, 126, 2, 0, 0.0, 2.0
106, 19, 244, 290, 243, 292, 1, -2, -1.1071487177940904, 2.23606797749979
106, 20, 57, 156, 55, 156, 2, 0, 0.0, 2.0
106, 21, 188, 344, 187, 346, 1, -2, -1.1071487177940904, 2.23606797749979
106, 22, 32, 289, 31, 290, 1, -1, -0.7853981633974483, 1.4142135623730951
106, 23, 237, 340, 236, 342, 1, -2, -1.1071487177940904, 2.23606797749979
106, 24, 50, 345, 48, 346, 2, -1, -0.4636476090008061, 2.23606797749979
106, 25, 121, 298, 118, 300, 3, -2, -0.5880026035475675, 3.605551275463989
106, 26, 89, 399, 88, 400, 1, -1, -0.7853981633974483, 1.4142135623730951
106, 27, 235, 292, 234, 294, 1, -2, -1.1071487177940904, 2.23606797749979
106, 29, 213, 210, 211, 210, 2, 0, 0.0, 2.0
106, 33, 33, 392, 32, 393, 1, -1, -0.7853981633974483, 1.4142135623730951
106, 34, 9, 367, 7, 368, 2, -1, -0.4636476090008061, 2.23606797749979
106, 35, 173, 292, 172, 293, 1, -1, -0.7853981633974483, 1.4142135623730951
106, 37, 84, 241, 83, 242, 1, -1, -0.7853981633974483, 1.4142135623730951
106, 38, 259, 231, 258, 233, 1, -2, -1.1071487177940904, 2.23606797749979
106, 39, 63, 199, 61, 199, 2, 0, 0.0, 2.0
106, 40, 119, 236, 118, 237, 1, -1, -0.7853981633974483, 1.4142135623730951
106, 41, 124, 263, 123, 264, 1, -1, -0.7853981633974483, 1.4142135623730951
106, 44, 196, 125, 195, 124, 1, 1, 0.7853981633974483, 1.4142135623730951
106, 46, 60, 264, 59, 265, 1, -1, -0.7853981633974483, 1.4142135623730951
106, 48, 207, 281, 206, 282, 1, -1, -0.7853981633974483, 1.4142135623730951
106, 52, 64, 305, 63, 306, 1, -1, -0.7853981633974483, 1.4142135623730951
106, 53, 167, 197, 165, 197, 2, 0, 0.0, 2.0
106, 54, 188, 288, 188, 290, 0, -2, -1.5707963267948966, 2.0
106, 58, 152, 127, 148, 125, 4, 2, 0.4636476090008061, 4.47213595499958
106, 59, 209, 318, 209, 321, 0, -3, -1.5707963267948966, 3.0
106, 64, 126, 373, 126, 376, 0, -3, -1.5707963267948966, 3.0
106, 66, 216, 98, 213, 95, 3, 3, 0.7853981633974483, 4.242640687119285
107, 0, 24, 166, 22, 166, 2, 0, 0.0, 2.0
107, 1, 78, 242, 77, 243, 1, -1, -0.7853981633974483, 1.4142135623730951
107, 2, 99, 83, 98, 82, 1, 1, 0.7853981633974483, 1.4142135623730951
107, 6, 69, 220, 68, 221, 1, -1, -0.7853981633974483, 1.4142135623730951
107, 12, 184, 217, 182, 218, 2, -1, -0.4636476090008061, 2.23606797749979
107, 15, 173, 387, 172, 389, 1, -2, -1.1071487177940904, 2.23606797749979
107, 16, 121, 333, 120, 335, 1, -2, -1.1071487177940904, 2.23606797749979
107, 17, 81, 122, 80, 121, 1, 1, 0.7853981633974483, 1.4142135623730951
107, 19, 245, 288, 244, 290, 1, -2, -1.1071487177940904, 2.23606797749979
107, 21, 189, 342, 188, 344, 1, -2, -1.1071487177940904, 2.23606797749979
107, 22, 33, 288, 32, 289, 1, -1, -0.7853981633974483, 1.4142135623730951
107, 23, 238, 338, 237, 340, 1, -2, -1.1071487177940904, 2.23606797749979
107, 24, 51, 343, 50, 345, 1, -2, -1.1071487177940904, 2.23606797749979
107, 25, 123, 297, 121, 298, 2, -1, -0.4636476090008061, 2.23606797749979
107, 27, 238, 289, 235, 292, 3, -3, -0.7853981633974483, 4.242640687119285
107, 28, 46, 192, 44, 192, 2, 0, 0.0, 2.0
107, 31, 140, 218, 138, 218, 2, 0, 0.0, 2.0
107, 33, 34, 391, 33, 392, 1, -1, -0.7853981633974483, 1.4142135623730951
107, 34, 10, 366, 9, 367, 1, -1, -0.7853981633974483, 1.4142135623730951
107, 35, 174, 291, 173, 292, 1, -1, -0.7853981633974483, 1.4142135623730951
107, 38, 261, 230, 259, 231, 2, -1, -0.4636476090008061, 2.23606797749979
107, 39, 64, 198, 63, 199, 1, -1, -0.7853981633974483, 1.4142135623730951
107, 41, 125, 262, 124, 263, 1, -1, -0.7853981633974483, 1.4142135623730951
107, 42, 134, 165, 132, 164, 2, 1, 0.4636476090008061, 2.23606797749979
107, 44, 197, 126, 196, 125, 1, 1, 0.7853981633974483, 1.4142135623730951
107, 46, 61, 263, 60, 264, 1, -1, -0.7853981633974483, 1.4142135623730951
107, 47, 109, 202, 107, 203, 2, -1, -0.4636476090008061, 2.23606797749979
107, 48, 208, 280, 207, 281, 1, -1, -0.7853981633974483, 1.4142135623730951
107, 52, 65, 304, 64, 305, 1, -1, -0.7853981633974483, 1.4142135623730951
107, 54, 158, 192, 156, 192, 2, 0, 0.0, 2.0
107, 57, 153, 128, 152, 127, 1, 1, 0.7853981633974483, 1.4142135623730951
107, 58, 210, 317, 209, 318, 1, -1, -0.7853981633974483, 1.4142135623730951
107, 60, 175, 153, 174, 152, 1, 1, 0.7853981633974483, 1.4142135623730951
107, 61, 69, 265, 68, 266, 1, -1, -0.7853981633974483, 1.4142135623730951
107, 62, 96, 334, 95, 335, 1, -1, -0.7853981633974483, 1.4142135623730951
107, 63, 126, 371, 126, 373, 0, -2, -1.5707963267948966, 2.0
107, 64, 225, 251, 223, 252, 2, -1, -0.4636476090008061, 2.23606797749979
107, 65, 216, 100, 216, 98, 0, 2, 1.5707963267948966, 2.0
107, 66, 124, 367, 123, 368, 1, -1, -0.7853981633974483, 1.4142135623730951
107, 67, 189, 162, 188, 163, 1, -1, -0.7853981633974483, 1.4142135623730951
108, 0, 25, 165, 24, 166, 1, -1, -0.7853981633974483, 1.4142135623730951
108, 1, 80, 241, 78, 242, 2, -1, -0.4636476090008061, 2.23606797749979
108, 2, 101, 84, 99, 83, 2, 1, 0.4636476090008061, 2.23606797749979
108, 3, 62, 220, 60, 220, 2, 0, 0.0, 2.0
108, 4, 178, 214, 176, 214, 2, 0, 0.0, 2.0
108, 5, 100, 160, 99, 159, 1, 1, 0.7853981633974483, 1.4142135623730951
108, 8, 45, 238, 44, 239, 1, -1, -0.7853981633974483, 1.4142135623730951
108, 12, 185, 216, 184, 217, 1, -1, -0.7853981633974483, 1.4142135623730951
108, 13, 123, 200, 121, 200, 2, 0, 0.0, 2.0
108, 14, 93, 189, 91, 189, 2, 0, 0.0, 2.0
108, 15, 174, 385, 173, 387, 1, -2, -1.1071487177940904, 2.23606797749979
108, 17, 82, 123, 81, 122, 1, 1, 0.7853981633974483, 1.4142135623730951
108, 18, 33, 127, 32, 126, 1, 1, 0.7853981633974483, 1.4142135623730951
108, 19, 246, 286, 245, 288, 1, -2, -1.1071487177940904, 2.23606797749979
108, 21, 191, 339, 189, 342, 2, -3, -0.982793723247329, 3.605551275463989
108, 22, 34, 287, 33, 288, 1, -1, -0.7853981633974483, 1.4142135623730951
108, 23, 238, 336, 238, 338, 0, -2, -1.5707963267948966, 2.0
108, 24, 52, 342, 51, 343, 1, -1, -0.7853981633974483, 1.4142135623730951
108, 25, 125, 296, 123, 297, 2, -1, -0.4636476090008061, 2.23606797749979
108, 26, 90, 396, 89, 398, 1, -2, -1.1071487177940904, 2.23606797749979
108, 27, 239, 287, 238, 289, 1, -2, -1.1071487177940904, 2.23606797749979
108, 28, 47, 191, 46, 192, 1, -1, -0.7853981633974483, 1.4142135623730951
108, 29, 216, 210, 214, 210, 2, 0, 0.0, 2.0
108, 31, 142, 218, 140, 218, 2, 0, 0.0, 2.0
108, 32, 61, 149, 59, 149, 2, 0, 0.0, 2.0
108, 33, 35, 390, 34, 391, 1, -1, -0.7853981633974483, 1.4142135623730951
108, 34, 12, 364, 10, 366, 2, -2, -0.7853981633974483, 2.8284271247461903
108, 35, 175, 289, 174, 291, 1, -2, -1.1071487177940904, 2.23606797749979
108, 37, 86, 240, 85, 241, 1, -1, -0.7853981633974483, 1.4142135623730951
108, 38, 263, 230, 261, 230, 2, 0, 0.0, 2.0
108, 39, 65, 197, 64, 198, 1, -1, -0.7853981633974483, 1.4142135623730951
108, 40, 122, 236, 120, 236, 2, 0, 0.0, 2.0
108, 41, 126, 261, 125, 262, 1, -1, -0.7853981633974483, 1.4142135623730951
108, 45, 9, 229, 7, 229, 2, 0, 0.0, 2.0
108, 47, 111, 201, 109, 202, 2, -1, -0.4636476090008061, 2.23606797749979
108, 48, 209, 278, 208, 280, 1, -2, -1.1071487177940904, 2.23606797749979
108, 50, 76, 371, 75, 373, 1, -2, -1.1071487177940904, 2.23606797749979
108, 53, 169, 196, 168, 197, 1, -1, -0.7853981633974483, 1.4142135623730951
108, 55, 57, 98, 56, 97, 1, 1, 0.7853981633974483, 1.4142135623730951
108, 57, 154, 129, 153, 128, 1, 1, 0.7853981633974483, 1.4142135623730951
108, 59, 116, 231, 114, 232, 2, -1, -0.4636476090008061, 2.23606797749979
108, 60, 176, 154, 175, 153, 1, 1, 0.7853981633974483, 1.4142135623730951
108, 62, 97, 333, 96, 334, 1, -1, -0.7853981633974483, 1.4142135623730951
108, 63, 126, 369, 126, 371, 0, -2, -1.5707963267948966, 2.0
108, 64, 227, 251, 225, 251, 2, 0, 0.0, 2.0
109, 0, 27, 165, 25, 165, 2, 0, 0.0, 2.0
109, 1, 82, 240, 80, 241, 2, -1, -0.4636476090008061, 2.23606797749979
109, 3, 63, 219, 62, 220, 1, -1, -0.7853981633974483, 1.4142135623730951
109, 4, 180, 214, 178, 214, 2, 0, 0.0, 2.0
109, 7, 19, 205, 17, 205, 2, 0, 0.0, 2.0
109, 8, 46, 237, 45, 238, 1, -1, -0.7853981633974483, 1.4142135623730951
109, 12, 186, 215, 185, 216, 1, -1, -0.7853981633974483, 1.4142135623730951
109, 15, 175, 382, 174, 385, 1, -3, -1.2490457723982544, 3.1622776601683795
109, 18, 35, 127, 33, 127, 2, 0, 0.0, 2.0
109, 20, 60, 157, 59, 156, 1, 1, 0.7853981633974483, 1.4142135623730951
109, 21, 192, 337, 191, 339, 1, -2, -1.1071487177940904, 2.23606797749979
109, 22, 35, 286, 34, 287, 1, -1, -0.7853981633974483, 1.4142135623730951
109, 23, 239, 334, 238, 336, 1, -2, -1.1071487177940904, 2.23606797749979
109, 24, 54, 340, 52, 342, 2, -2, -0.7853981633974483, 2.8284271247461903
109, 25, 127, 295, 125, 296, 2, -1, -0.4636476090008061, 2.23606797749979
109, 26, 91, 395, 90, 396, 1, -1, -0.7853981633974483, 1.4142135623730951
109, 27, 239, 284, 239, 287, 0, -3, -1.5707963267948966, 3.0
109, 33, 36, 389, 35, 390, 1, -1, -0.7853981633974483, 1.4142135623730951
109, 34, 14, 362, 12, 364, 2, -2, -0.7853981633974483, 2.8284271247461903
109, 35, 176, 288, 175, 289, 1, -1, -0.7853981633974483, 1.4142135623730951
109, 37, 87, 239, 86, 240, 1, -1, -0.7853981633974483, 1.4142135623730951
109, 39, 124, 236, 122, 236, 2, 0, 0.0, 2.0
109, 41, 136, 166, 135, 165, 1, 1, 0.7853981633974483, 1.4142135623730951
109, 43, 198, 128, 197, 127, 1, 1, 0.7853981633974483, 1.4142135623730951
109, 45, 63, 262, 62, 263, 1, -1, -0.7853981633974483, 1.4142135623730951
109, 46, 113, 200, 111, 201, 2, -1, -0.4636476090008061, 2.23606797749979
109, 47, 211, 277, 209, 278, 2, -1, -0.4636476090008061, 2.23606797749979
109, 48, 190, 244, 189, 245, 1, -1, -0.7853981633974483, 1.4142135623730951
109, 49, 77, 370, 76, 371, 1, -1, -0.7853981633974483, 1.4142135623730951
109, 50, 202, 182, 201, 181, 1, 1, 0.7853981633974483, 1.4142135623730951
109, 51, 67, 303, 66, 304, 1, -1, -0.7853981633974483, 1.4142135623730951
109, 54, 59, 99, 57, 98, 2, 1, 0.4636476090008061, 2.23606797749979
109, 56, 155, 130, 154, 129, 1, 1, 0.7853981633974483, 1.4142135623730951
109, 57, 211, 314, 210, 316, 1, -2, -1.1071487177940904, 2.23606797749979
109, 58, 118, 231, 116, 231, 2, 0, 0.0, 2.0
109, 62, 128, 368, 126, 369, 2, -1, -0.4636476090008061, 2.23606797749979
109, 63, 229, 250, 227, 251, 2, -1, -0.4636476090008061, 2.23606797749979
109, 64, 217, 102, 216, 101, 1, 1, 0.7853981633974483, 1.4142135623730951
110, 0, 81, 243, 79, 244, 2, -1, -0.4636476090008061, 2.23606797749979
110, 3, 101, 86, 100, 85, 1, 1, 0.7853981633974483, 1.4142135623730951
110, 4, 61, 220, 60, 221, 1, -1, -0.7853981633974483, 1.4142135623730951
110, 5, 102, 162, 100, 161, 2, 1, 0.4636476090008061, 2.23606797749979
110, 7, 48, 239, 47, 240, 1, -1, -0.7853981633974483, 1.4142135623730951
110, 9, 123, 209, 122, 210, 1, -1, -0.7853981633974483, 1.4142135623730951
110, 13, 241, 285, 239, 288, 2, -3, -0.982793723247329, 3.605551275463989
110, 16, 194, 131, 192, 131, 2, 0, 0.0, 2.0
110, 17, 83, 125, 82, 124, 1, 1, 0.7853981633974483, 1.4142135623730951
110, 19, 50, 339, 49, 340, 1, -1, -0.7853981633974483, 1.4142135623730951
110, 22, 13, 362, 12, 363, 1, -1, -0.7853981633974483, 1.4142135623730951
110, 23, 245, 292, 244, 294, 1, -2, -1.1071487177940904, 2.23606797749979
110, 24, 175, 385, 174, 387, 1, -2, -1.1071487177940904, 2.23606797749979
110, 25, 124, 298, 122, 299, 2, -1, -0.4636476090008061, 2.23606797749979
110, 26, 8, 269, 6, 270, 2, -1, -0.4636476090008061, 2.23606797749979
110, 27, 6, 262, 4, 263, 2, -1, -0.4636476090008061, 2.23606797749979
110, 28, 36, 389, 35, 390, 1, -1, -0.7853981633974483, 1.4142135623730951
110, 30, 240, 337, 240, 339, 0, -2, -1.5707963267948966, 2.0
110, 31, 123, 238, 121, 238, 2, 0, 0.0, 2.0
110, 32, 62, 341, 61, 342, 1, -1, -0.7853981633974483, 1.4142135623730951
110, 34, 206, 186, 205, 185, 1, 1, 0.7853981633974483, 1.4142135623730951
110, 35, 190, 345, 189, 347, 1, -2, -1.1071487177940904, 2.23606797749979
110, 36, 72, 222, 71, 223, 1, -1, -0.7853981633974483, 1.4142135623730951
110, 37, 211, 311, 210, 313, 1, -2, -1.1071487177940904, 2.23606797749979
110, 38, 68, 160, 66, 160, 2, 0, 0.0, 2.0
110, 39, 65, 197, 64, 198, 1, -1, -0.7853981633974483, 1.4142135623730951
110, 40, 190, 242, 188, 242, 2, 0, 0.0, 2.0
110, 41, 215, 276, 213, 277, 2, -1, -0.4636476090008061, 2.23606797749979
110, 43, 92, 397, 90, 399, 2, -2, -0.7853981633974483, 2.8284271247461903
110, 44, 35, 293, 33, 294, 2, -1, -0.4636476090008061, 2.23606797749979
110, 45, 217, 212, 215, 211, 2, 1, 0.4636476090008061, 2.23606797749979
110, 48, 112, 201, 111, 202, 1, -1, -0.7853981633974483, 1.4142135623730951
110, 50, 190, 218, 189, 219, 1, -1, -0.7853981633974483, 1.4142135623730951
110, 51, 69, 304, 68, 305, 1, -1, -0.7853981633974483, 1.4142135623730951
110, 52, 165, 262, 164, 263, 1, -1, -0.7853981633974483, 1.4142135623730951
110, 53, 119, 337, 118, 339, 1, -2, -1.1071487177940904, 2.23606797749979
110, 54, 18, 266, 17, 267, 1, -1, -0.7853981633974483, 1.4142135623730951
110, 57, 128, 267, 126, 268, 2, -1, -0.4636476090008061, 2.23606797749979
110, 58, 128, 371, 127, 373, 1, -2, -1.1071487177940904, 2.23606797749979
110, 60, 199, 186, 198, 185, 1, 1, 0.7853981633974483, 1.4142135623730951
110, 63, 69, 266, 68, 268, 1, -2, -1.1071487177940904, 2.23606797749979
110, 64, 92, 275, 90, 276, 2, -1, -0.4636476090008061, 2.23606797749979
111, 0, 82, 242, 81, 243, 1, -1, -0.7853981633974483, 1.4142135623730951
111, 6, 181, 215, 179, 215, 2, 0, 0.0, 2.0
111, 8, 147, 166, 146, 167, 1, -1, -0.7853981633974483, 1.4142135623730951
111, 9, 125, 208, 123, 209, 2, -1, -0.4636476090008061, 2.23606797749979
111, 11, 5, 297, 4, 299, 1, -2, -1.1071487177940904, 2.23606797749979
111, 13, 243, 282, 241, 285, 2, -3, -0.982793723247329, 3.605551275463989
111, 14, 48, 245, 47, 247, 1, -2, -1.1071487177940904, 2.23606797749979
111, 15, 66, 150, 63, 150, 3, 0, 0.0, 3.0
111, 16, 195, 132, 194, 131, 1, 1, 0.7853981633974483, 1.4142135623730951
111, 19, 51, 337, 50, 339, 1, -2, -1.1071487177940904, 2.23606797749979
111, 20, 137, 162, 136, 164, 1, -2, -1.1071487177940904, 2.23606797749979
111, 22, 14, 361, 13, 362, 1, -1, -0.7853981633974483, 1.4142135623730951
111, 23, 246, 290, 245, 292, 1, -2, -1.1071487177940904, 2.23606797749979
111, 24, 176, 384, 175, 385, 1, -1, -0.7853981633974483, 1.4142135623730951
111, 25, 126, 297, 124, 298, 2, -1, -0.4636476090008061, 2.23606797749979
111, 26, 10, 268, 8, 269, 2, -1, -0.4636476090008061, 2.23606797749979
111, 27, 9, 261, 6, 262, 3, -1, -0.3217505543966422, 3.1622776601683795
111, 28, 37, 388, 36, 389, 1, -1, -0.7853981633974483, 1.4142135623730951
111, 30, 240, 334, 240, 337, 0, -3, -1.5707963267948966, 3.0
111, 32, 63, 339, 62, 341, 1, -2, -1.1071487177940904, 2.23606797749979
111, 34, 207, 187, 206, 186, 1, 1, 0.7853981633974483, 1.4142135623730951
111, 35, 191, 343, 190, 345, 1, -2, -1.1071487177940904, 2.23606797749979
111, 37, 212, 310, 211, 311, 1, -1, -0.7853981633974483, 1.4142135623730951
111, 38, 70, 159, 68, 160, 2, -1, -0.4636476090008061, 2.23606797749979
111, 39, 192, 242, 190, 242, 2, 0, 0.0, 2.0
111, 40, 216, 274, 215, 276, 1, -2, -1.1071487177940904, 2.23606797749979
111, 41, 199, 242, 197, 242, 2, 0, 0.0, 2.0
111, 42, 93, 396, 92, 397, 1, -1, -0.7853981633974483, 1.4142135623730951
111, 43, 37, 292, 35, 293, 2, -1, -0.4636476090008061, 2.23606797749979
111, 45, 48, 193, 47, 194, 1, -1, -0.7853981633974483, 1.4142135623730951
111, 46, 144, 220, 142, 220, 2, 0, 0.0, 2.0
111, 47, 114, 201, 112, 201, 2, 0, 0.0, 2.0
111, 49, 192, 218, 190, 218, 2, 0, 0.0, 2.0
111, 50, 71, 303, 69, 304, 2, -1, -0.4636476090008061, 2.23606797749979
111, 52, 120, 336, 119, 337, 1, -1, -0.7853981633974483, 1.4142135623730951
111, 53, 20, 265, 18, 266, 2, -1, -0.4636476090008061, 2.23606797749979
111, 56, 130, 266, 128, 267, 2, -1, -0.4636476090008061, 2.23606797749979
111, 57, 129, 369, 128, 371, 1, -2, -1.1071487177940904, 2.23606797749979
111, 59, 201, 186, 199, 186, 2, 0, 0.0, 2.0
111, 62, 71, 265, 69, 266, 2, -1, -0.4636476090008061, 2.23606797749979
111, 63, 94, 274, 92, 275, 2, -1, -0.4636476090008061, 2.23606797749979
112, 5, 104, 163, 103, 162, 1, 1, 0.7853981633974483, 1.4142135623730951
112, 8, 148, 167, 147, 166, 1, 1, 0.7853981633974483, 1.4142135623730951
112, 9, 126, 209, 125, 208, 1, 1, 0.7853981633974483, 1.4142135623730951
112, 10, 126, 202, 124, 202, 2, 0, 0.0, 2.0
112, 11, 6, 296, 5, 297, 1, -1, -0.7853981633974483, 1.4142135623730951
112, 12, 95, 195, 93, 194, 2, 1, 0.4636476090008061, 2.23606797749979
112, 14, 50, 244, 48, 245, 2, -1, -0.4636476090008061, 2.23606797749979
112, 15, 68, 151, 66, 150, 2, 1, 0.4636476090008061, 2.23606797749979
112, 16, 197, 133, 195, 132, 2, 1, 0.4636476090008061, 2.23606797749979
112, 17, 84, 126, 83, 125, 1, 1, 0.7853981633974483, 1.4142135623730951
112, 19, 52, 334, 51, 337, 1, -3, -1.2490457723982544, 3.1622776601683795
112, 20, 138, 163, 137, 162, 1, 1, 0.7853981633974483, 1.4142135623730951
112, 21, 37, 129, 35, 128, 2, 1, 0.4636476090008061, 2.23606797749979
112, 22, 16, 360, 14, 361, 2, -1, -0.4636476090008061, 2.23606797749979
112, 23, 248, 288, 246, 290, 2, -2, -0.7853981633974483, 2.8284271247461903
112, 24, 177, 382, 176, 384, 1, -2, -1.1071487177940904, 2.23606797749979
112, 25, 127, 296, 126, 297, 1, -1, -0.7853981633974483, 1.4142135623730951
112, 26, 12, 267, 10, 268, 2, -1, -0.4636476090008061, 2.23606797749979
112, 27, 11, 260, 9, 261, 2, -1, -0.4636476090008061, 2.23606797749979
112, 28, 38, 387, 37, 388, 1, -1, -0.7853981633974483, 1.4142135623730951
112, 29, 63, 158, 61, 158, 2, 0, 0.0, 2.0
112, 30, 241, 332, 240, 334, 1, -2, -1.1071487177940904, 2.23606797749979
112, 36, 74, 221, 73, 222, 1, -1, -0.7853981633974483, 1.4142135623730951
112, 39, 193, 241, 192, 242, 1, -1, -0.7853981633974483, 1.4142135623730951
112, 40, 217, 273, 216, 274, 1, -1, -0.7853981633974483, 1.4142135623730951
112, 43, 38, 290, 37, 292, 1, -2, -1.1071487177940904, 2.23606797749979
112, 44, 220, 212, 218, 212, 2, 0, 0.0, 2.0
112, 47, 116, 201, 114, 201, 2, 0, 0.0, 2.0
112, 48, 193, 217, 192, 218, 1, -1, -0.7853981633974483, 1.4142135623730951
112, 49, 73, 302, 71, 303, 2, -1, -0.4636476090008061, 2.23606797749979
112, 50, 167, 261, 166, 262, 1, -1, -0.7853981633974483, 1.4142135623730951
112, 51, 121, 334, 120, 336, 1, -2, -1.1071487177940904, 2.23606797749979
112, 52, 22, 264, 20, 265, 2, -1, -0.4636476090008061, 2.23606797749979
112, 54, 264, 230, 262, 230, 2, 0, 0.0, 2.0
112, 55, 132, 265, 130, 266, 2, -1, -0.4636476090008061, 2.23606797749979
112, 56, 130, 368, 129, 369, 1, -1, -0.7853981633974483, 1.4142135623730951
112, 60, 77, 262, 75, 263, 2, -1, -0.4636476090008061, 2.23606797749979
112, 61, 73, 264, 71, 265, 2, -1, -0.4636476090008061, 2.23606797749979
112, 63, 98, 191, 100, 192, -2, -1, -2.677945044588987, 2.23606797749979
112, 64, 160, 192, 159, 193, 1, -1, -0.7853981633974483, 1.4142135623730951
113, 0, 84, 241, 83, 242, 1, -1, -0.7853981633974483, 1.4142135623730951
113, 1, 29, 166, 28, 167, 1, -1, -0.7853981633974483, 1.4142135623730951
113, 6, 183, 214, 182, 215, 1, -1, -0.7853981633974483, 1.4142135623730951
113, 8, 149, 168, 148, 167, 1, 1, 0.7853981633974483, 1.4142135623730951
113, 9, 129, 209, 126, 209, 3, 0, 0.0, 3.0
113, 10, 129, 203, 126, 202, 3, 1, 0.3217505543966422, 3.1622776601683795
113, 11, 7, 295, 6, 296, 1, -1, -0.7853981633974483, 1.4142135623730951
113, 12, 97, 195, 95, 195, 2, 0, 0.0, 2.0
113, 13, 244, 279, 243, 281, 1, -2, -1.1071487177940904, 2.23606797749979
113, 14, 52, 244, 50, 244, 2, 0, 0.0, 2.0
113, 15, 71, 152, 68, 151, 3, 1, 0.3217505543966422, 3.1622776601683795
113, 17, 86, 128, 84, 126, 2, 2, 0.7853981633974483, 2.8284271247461903
113, 19, 54, 333, 52, 334, 2, -1, -0.4636476090008061, 2.23606797749979
113, 21, 38, 130, 37, 129, 1, 1, 0.7853981633974483, 1.4142135623730951
113, 22, 17, 359, 16, 360, 1, -1, -0.7853981633974483, 1.4142135623730951
113, 23, 250, 286, 248, 288, 2, -2, -0.7853981633974483, 2.8284271247461903
113, 24, 178, 380, 177, 382, 1, -2, -1.1071487177940904, 2.23606797749979
113, 25, 128, 295, 127, 296, 1, -1, -0.7853981633974483, 1.4142135623730951
113, 26, 14, 266, 12, 267, 2, -1, -0.4636476090008061, 2.23606797749979
113, 27, 13, 259, 11, 260, 2, -1, -0.4636476090008061, 2.23606797749979
113, 28, 39, 386, 38, 387, 1, -1, -0.7853981633974483, 1.4142135623730951
113, 30, 241, 330, 241, 332, 0, -2, -1.5707963267948966, 2.0
113, 31, 127, 238, 125, 238, 2, 0, 0.0, 2.0
113, 32, 65, 338, 64, 339, 1, -1, -0.7853981633974483, 1.4142135623730951
113, 34, 209, 188, 207, 187, 2, 1, 0.4636476090008061, 2.23606797749979
113, 35, 192, 340, 191, 342, 1, -2, -1.1071487177940904, 2.23606797749979
113, 36, 75, 220, 74, 221, 1, -1, -0.7853981633974483, 1.4142135623730951
113, 37, 213, 308, 212, 310, 1, -2, -1.1071487177940904, 2.23606797749979
113, 39, 195, 241, 193, 241, 2, 0, 0.0, 2.0
113, 40, 218, 272, 217, 273, 1, -1, -0.7853981633974483, 1.4142135623730951
113, 41, 201, 242, 199, 242, 2, 0, 0.0, 2.0
113, 43, 40, 289, 38, 290, 2, -1, -0.4636476090008061, 2.23606797749979
113, 46, 146, 219, 145, 220, 1, -1, -0.7853981633974483, 1.4142135623730951
113, 47, 118, 201, 116, 201, 2, 0, 0.0, 2.0
113, 48, 194, 216, 193, 217, 1, -1, -0.7853981633974483, 1.4142135623730951
113, 49, 74, 301, 73, 302, 1, -1, -0.7853981633974483, 1.4142135623730951
113, 50, 168, 260, 167, 261, 1, -1, -0.7853981633974483, 1.4142135623730951
113, 51, 122, 332, 121, 334, 1, -2, -1.1071487177940904, 2.23606797749979
113, 52, 23, 263, 22, 264, 1, -1, -0.7853981633974483, 1.4142135623730951
113, 54, 266, 230, 264, 230, 2, 0, 0.0, 2.0
113, 55, 133, 264, 132, 265, 1, -1, -0.7853981633974483, 1.4142135623730951
113, 56, 131, 366, 130, 368, 1, -2, -1.1071487177940904, 2.23606797749979
113, 58, 203, 187, 202, 186, 1, 1, 0.7853981633974483, 1.4142135623730951
113, 60, 79, 262, 77, 262, 2, 0, 0.0, 2.0
113, 62, 97, 273, 95, 274, 2, -1, -0.4636476090008061, 2.23606797749979
114, 0, 86, 240, 84, 241, 2, -1, -0.4636476090008061, 2.23606797749979
114, 2, 23, 205, 21, 205, 2, 0, 0.0, 2.0
114, 4, 65, 219, 64, 220, 1, -1, -0.7853981633974483, 1.4142135623730951
114, 5, 106, 163, 104, 163, 2, 0, 0.0, 2.0
114, 6, 185, 214, 183, 214, 2, 0, 0.0, 2.0
114, 7, 52, 240, 50, 240, 2, 0, 0.0, 2.0
114, 8, 151, 169, 149, 168, 2, 1, 0.4636476090008061, 2.23606797749979
114, 9, 131, 208, 129, 209, 2, -1, -0.4636476090008061, 2.23606797749979
114, 10, 131, 203, 129, 203, 2, 0, 0.0, 2.0
114, 11, 8, 294, 7, 295, 1, -1, -0.7853981633974483, 1.4142135623730951
114, 13, 245, 277, 244, 279, 1, -2, -1.1071487177940904, 2.23606797749979
114, 14, 54, 244, 52, 244, 2, 0, 0.0, 2.0
114, 15, 73, 153, 71, 152, 2, 1, 0.4636476090008061, 2.23606797749979
114, 16, 199, 134, 198, 133, 1, 1, 0.7853981633974483, 1.4142135623730951
114, 18, 15, 229, 13, 229, 2, 0, 0.0, 2.0
114, 19, 55, 332, 54, 333, 1, -1, -0.7853981633974483, 1.4142135623730951
114, 20, 141, 164, 139, 163, 2, 1, 0.4636476090008061, 2.23606797749979
114, 22, 19, 357, 17, 359, 2, -2, -0.7853981633974483, 2.8284271247461903
114, 23, 251, 283, 250, 286, 1, -3, -1.2490457723982544, 3.1622776601683795
114, 24, 180, 378, 178, 380, 2, -2, -0.7853981633974483, 2.8284271247461903
114, 25, 130, 293, 128, 295, 2, -2, -0.7853981633974483, 2.8284271247461903
114, 26, 15, 265, 14, 266, 1, -1, -0.7853981633974483, 1.4142135623730951
114, 27, 15, 258, 13, 259, 2, -1, -0.4636476090008061, 2.23606797749979
114, 28, 40, 384, 39, 386, 1, -2, -1.1071487177940904, 2.23606797749979
114, 29, 65, 159, 64, 158, 1, 1, 0.7853981633974483, 1.4142135623730951
114, 30, 242, 327, 241, 330, 1, -3, -1.2490457723982544, 3.1622776601683795
114, 31, 128, 237, 127, 238, 1, -1, -0.7853981633974483, 1.4142135623730951
114, 32, 66, 337, 65, 338, 1, -1, -0.7853981633974483, 1.4142135623730951
114, 34, 211, 190, 209, 188, 2, 2, 0.7853981633974483, 2.8284271247461903
114, 35, 193, 338, 192, 340, 1, -2, -1.1071487177940904, 2.23606797749979
114, 36, 77, 219, 75, 220, 2, -1, -0.4636476090008061, 2.23606797749979
114, 37, 214, 306, 213, 308, 1, -2, -1.1071487177940904, 2.23606797749979
114, 40, 219, 271, 218, 272, 1, -1, -0.7853981633974483, 1.4142135623730951
114, 43, 42, 288, 40, 289, 2, -1, -0.4636476090008061, 2.23606797749979
114, 45, 52, 193, 50, 193, 2, 0, 0.0, 2.0
114, 48, 195, 215, 194, 216, 1, -1, -0.7853981633974483, 1.4142135623730951
114, 49, 75, 300, 74, 301, 1, -1, -0.7853981633974483, 1.4142135623730951
114, 50, 169, 259, 168, 260, 1, -1, -0.7853981633974483, 1.4142135623730951
114, 52, 26, 260, 23, 263, 3, -3, -0.7853981633974483, 4.242640687119285
114, 54, 268, 230, 266, 230, 2, 0, 0.0, 2.0
114, 55, 134, 263, 133, 264, 1, -1, -0.7853981633974483, 1.4142135623730951
114, 56, 132, 365, 131, 366, 1, -1, -0.7853981633974483, 1.4142135623730951
114, 59, 187, 287, 186, 288, 1, -1, -0.7853981633974483, 1.4142135623730951
114, 62, 98, 272, 97, 273, 1, -1, -0.7853981633974483, 1.4142135623730951
115, 0, 85, 243, 84, 244, 1, -1, -0.7853981633974483, 1.4142135623730951
115, 4, 105, 163, 104, 162, 1, 1, 0.7853981633974483, 1.4142135623730951
115, 5, 66, 220, 65, 221, 1, -1, -0.7853981633974483, 1.4142135623730951
115, 7, 153, 173, 151, 173, 2, 0, 0.0, 2.0
115, 9, 10, 293, 8, 294, 2, -1, -0.4636476090008061, 2.23606797749979
115, 10, 54, 241, 52, 242, 2, -1, -0.4636476090008061, 2.23606797749979
115, 11, 55, 337, 54, 338, 1, -1, -0.7853981633974483, 1.4142135623730951
115, 12, 90, 128, 86, 127, 4, 1, 0.24497866312686414, 4.123105625617661
115, 13, 250, 284, 248, 286, 2, -2, -0.7853981633974483, 2.8284271247461903
115, 14, 130, 209, 128, 209, 2, 0, 0.0, 2.0
115, 15, 40, 132, 38, 131, 2, 1, 0.4636476090008061, 2.23606797749979
115, 16, 184, 215, 183, 216, 1, -1, -0.7853981633974483, 1.4142135623730951
115, 17, 41, 389, 40, 390, 1, -1, -0.7853981633974483, 1.4142135623730951
115, 18, 8, 120, 7, 119, 1, 1, 0.7853981633974483, 1.4142135623730951
115, 19, 243, 329, 242, 333, 1, -4, -1.3258176636680326, 4.123105625617661
115, 20, 13, 268, 11, 269, 2, -1, -0.4636476090008061, 2.23606797749979
115, 21, 219, 272, 218, 273, 1, -1, -0.7853981633974483, 1.4142135623730951
115, 24, 180, 381, 179, 383, 1, -2, -1.1071487177940904, 2.23606797749979
115, 25, 187, 159, 186, 160, 1, -1, -0.7853981633974483, 1.4142135623730951
115, 27, 94, 396, 93, 397, 1, -1, -0.7853981633974483, 1.4142135623730951
115, 29, 214, 314, 213, 315, 1, -1, -0.7853981633974483, 1.4142135623730951
115, 30, 131, 298, 129, 299, 2, -1, -0.4636476090008061, 2.23606797749979
115, 31, 131, 369, 130, 371, 1, -2, -1.1071487177940904, 2.23606797749979
115, 35, 170, 264, 169, 265, 1, -1, -0.7853981633974483, 1.4142135623730951
115, 36, 14, 229, 13, 230, 1, -1, -0.7853981633974483, 1.4142135623730951
115, 39, 239, 191, 238, 190, 1, 1, 0.7853981633974483, 1.4142135623730951
115, 45, 126, 331, 124, 333, 2, -2, -0.7853981633974483, 2.8284271247461903
115, 47, 20, 361, 19, 362, 1, -1, -0.7853981633974483, 1.4142135623730951
115, 48, 189, 286, 187, 287, 2, -1, -0.4636476090008061, 2.23606797749979
115, 49, 63, 332, 62, 333, 1, -1, -0.7853981633974483, 1.4142135623730951
115, 50, 40, 291, 39, 292, 1, -1, -0.7853981633974483, 1.4142135623730951
115, 51, 222, 212, 219, 213, 3, -1, -0.3217505543966422, 3.1622776601683795
115, 52, 34, 207, 33, 208, 1, -1, -0.7853981633974483, 1.4142135623730951
115, 54, 161, 131, 160, 130, 1, 1, 0.7853981633974483, 1.4142135623730951
115, 57, 74, 302, 73, 303, 1, -1, -0.7853981633974483, 1.4142135623730951
115, 59, 74, 263, 72, 264, 2, -1, -0.4636476090008061, 2.23606797749979
115, 60, 195, 334, 194, 336, 1, -2, -1.1071487177940904, 2.23606797749979
115, 63, 6, 183, 4, 183, 2, 0, 0.0, 2.0
115, 64, 17, 126, 16, 127, 1, -1, -0.7853981633974483, 1.4142135623730951
115, 65, 122, 234, 120, 234, 2, 0, 0.0, 2.0
115, 66, 108, 275, 107, 276, 1, -1, -0.7853981633974483, 1.4142135623730951
115, 67, 107, 384, 106, 386, 1, -2, -1.1071487177940904, 2.23606797749979
115, 70, 87, 303, 85, 304, 2, -1, -0.4636476090008061, 2.23606797749979
116, 0, 86, 242, 85, 243, 1, -1, -0.7853981633974483, 1.4142135623730951
116, 4, 106, 162, 105, 163, 1, -1, -0.7853981633974483, 1.4142135623730951
116, 5, 67, 219, 66, 220, 1, -1, -0.7853981633974483, 1.4142135623730951
116, 8, 199, 135, 198, 134, 1, 1, 0.7853981633974483, 1.4142135623730951
116, 9, 11, 292, 10, 293, 1, -1, -0.7853981633974483, 1.4142135623730951
116, 10, 55, 240, 54, 241, 1, -1, -0.7853981633974483, 1.4142135623730951
116, 11, 56, 335, 55, 337, 1, -2, -1.1071487177940904, 2.23606797749979
116, 12, 91, 129, 90, 128, 1, 1, 0.7853981633974483, 1.4142135623730951
116, 13, 252, 282, 250, 284, 2, -2, -0.7853981633974483, 2.8284271247461903
116, 15, 42, 133, 40, 132, 2, 1, 0.4636476090008061, 2.23606797749979
116, 16, 185, 214, 184, 215, 1, -1, -0.7853981633974483, 1.4142135623730951
116, 17, 42, 388, 41, 389, 1, -1, -0.7853981633974483, 1.4142135623730951
116, 18, 10, 121, 8, 120, 2, 1, 0.4636476090008061, 2.23606797749979
116, 19, 243, 326, 243, 329, 0, -3, -1.5707963267948966, 3.0
116, 20, 15, 268, 13, 268, 2, 0, 0.0, 2.0
116, 21, 220, 271, 219, 272, 1, -1, -0.7853981633974483, 1.4142135623730951
116, 22, 142, 166, 141, 165, 1, 1, 0.7853981633974483, 1.4142135623730951
116, 23, 119, 204, 117, 204, 2, 0, 0.0, 2.0
116, 24, 180, 379, 180, 381, 0, -2, -1.5707963267948966, 2.0
116, 25, 188, 160, 187, 159, 1, 1, 0.7853981633974483, 1.4142135623730951
116, 27, 95, 395, 94, 396, 1, -1, -0.7853981633974483, 1.4142135623730951
116, 28, 149, 220, 147, 220, 2, 0, 0.0, 2.0
116, 29, 215, 313, 214, 314, 1, -1, -0.7853981633974483, 1.4142135623730951
116, 30, 132, 297, 131, 298, 1, -1, -0.7853981633974483, 1.4142135623730951
116, 31, 132, 367, 131, 369, 1, -2, -1.1071487177940904, 2.23606797749979
116, 39, 240, 192, 239, 191, 1, 1, 0.7853981633974483, 1.4142135623730951
116, 44, 126, 329, 126, 331, 0, -2, -1.5707963267948966, 2.0
116, 46, 21, 359, 20, 361, 1, -2, -1.1071487177940904, 2.23606797749979
116, 47, 191, 283, 189, 286, 2, -3, -0.982793723247329, 3.605551275463989
116, 48, 64, 331, 63, 332, 1, -1, -0.7853981633974483, 1.4142135623730951
116, 49, 42, 290, 40, 291, 2, -1, -0.4636476090008061, 2.23606797749979
116, 50, 223, 213, 222, 212, 1, 1, 0.7853981633974483, 1.4142135623730951
116, 51, 36, 207, 34, 207, 2, 0, 0.0, 2.0
116, 52, 193, 341, 192, 343, 1, -2, -1.1071487177940904, 2.23606797749979
116, 56, 76, 301, 74, 302, 2, -1, -0.4636476090008061, 2.23606797749979
116, 58, 76, 262, 74, 263, 2, -1, -0.4636476090008061, 2.23606797749979
116, 59, 197, 331, 195, 334, 2, -3, -0.982793723247329, 3.605551275463989
116, 62, 8, 183, 6, 183, 2, 0, 0.0, 2.0
116, 63, 124, 234, 122, 234, 2, 0, 0.0, 2.0
116, 64, 109, 274, 108, 275, 1, -1, -0.7853981633974483, 1.4142135623730951
116, 65, 108, 382, 107, 384, 1, -2, -1.1071487177940904, 2.23606797749979
116, 66, 236, 255, 234, 255, 2, 0, 0.0, 2.0
116, 67, 65, 98, 64, 97, 1, 1, 0.7853981633974483, 1.4142135623730951
116, 68, 88, 302, 87, 303, 1, -1, -0.7853981633974483, 1.4142135623730951
116, 70, 212, 190, 211, 189, 1, 1, 0.7853981633974483, 1.4142135623730951
116, 71, 28, 236, 26, 237, 2, -1, -0.4636476090008061, 2.23606797749979
117, 0, 87, 241, 86, 242, 1, -1, -0.7853981633974483, 1.4142135623730951
117, 4, 107, 163, 106, 162, 1, 1, 0.7853981633974483, 1.4142135623730951
117, 5, 69, 218, 67, 219, 2, -1, -0.4636476090008061, 2.23606797749979
117, 8, 201, 137, 199, 135, 2, 2, 0.7853981633974483, 2.8284271247461903
117, 9, 12, 290, 11, 292, 1, -2, -1.1071487177940904, 2.23606797749979
117, 10, 56, 239, 55, 240, 1, -1, -0.7853981633974483, 1.4142135623730951
117, 11, 61, 332, 56, 335, 5, -3, -0.5404195002705842, 5.830951894845301
117, 12, 92, 130, 91, 129, 1, 1, 0.7853981633974483, 1.4142135623730951
117, 15, 43, 134, 42, 133, 1, 1, 0.7853981633974483, 1.4142135623730951
117, 16, 186, 213, 185, 214, 1, -1, -0.7853981633974483, 1.4142135623730951
117, 17, 43, 386, 42, 388, 1, -2, -1.1071487177940904, 2.23606797749979
117, 18, 12, 121, 10, 121, 2, 0, 0.0, 2.0
117, 19, 243, 324, 243, 326, 0, -2, -1.5707963267948966, 2.0
117, 20, 20, 267, 15, 268, 5, -1, -0.19739555984988075, 5.0990195135927845
117, 21, 222, 270, 220, 271, 2, -1, -0.4636476090008061, 2.23606797749979
117, 23, 121, 204, 119, 204, 2, 0, 0.0, 2.0
117, 24, 181, 376, 180, 379, 1, -3, -1.2490457723982544, 3.1622776601683795
117, 25, 189, 161, 188, 160, 1, 1, 0.7853981633974483, 1.4142135623730951
117, 26, 67, 159, 65, 159, 2, 0, 0.0, 2.0
117, 27, 96, 394, 95, 395, 1, -1, -0.7853981633974483, 1.4142135623730951
117, 28, 151, 220, 149, 220, 2, 0, 0.0, 2.0
117, 29, 216, 311, 215, 313, 1, -2, -1.1071487177940904, 2.23606797749979
117, 30, 133, 296, 132, 297, 1, -1, -0.7853981633974483, 1.4142135623730951
117, 31, 133, 366, 132, 367, 1, -1, -0.7853981633974483, 1.4142135623730951
117, 35, 172, 263, 171, 264, 1, -1, -0.7853981633974483, 1.4142135623730951
117, 36, 16, 228, 15, 229, 1, -1, -0.7853981633974483, 1.4142135623730951
117, 37, 53, 193, 52, 194, 1, -1, -0.7853981633974483, 1.4142135623730951
117, 38, 261, 234, 257, 233, 4, 1, 0.24497866312686414, 4.123105625617661
117, 39, 242, 192, 240, 192, 2, 0, 0.0, 2.0
117, 44, 127, 328, 126, 329, 1, -1, -0.7853981633974483, 1.4142135623730951
117, 46, 23, 357, 21, 359, 2, -2, -0.7853981633974483, 2.8284271247461903
117, 47, 194, 281, 191, 283, 3, -2, -0.5880026035475675, 3.605551275463989
117, 49, 44, 289, 42, 290, 2, -1, -0.4636476090008061, 2.23606797749979
117, 51, 37, 206, 36, 207, 1, -1, -0.7853981633974483, 1.4142135623730951
117, 52, 195, 338, 193, 341, 2, -3, -0.982793723247329, 3.605551275463989
117, 56, 78, 299, 76, 301, 2, -2, -0.7853981633974483, 2.8284271247461903
117, 58, 77, 261, 76, 262, 1, -1, -0.7853981633974483, 1.4142135623730951
117, 59, 200, 326, 197, 331, 3, -5, -1.0303768265243125, 5.830951894845301
117, 62, 9, 182, 8, 183, 1, -1, -0.7853981633974483, 1.4142135623730951
117, 63, 125, 233, 124, 234, 1, -1, -0.7853981633974483, 1.4142135623730951
117, 64, 111, 272, 109, 274, 2, -2, -0.7853981633974483, 2.8284271247461903
117, 65, 112, 378, 108, 382, 4, -4, -0.7853981633974483, 5.656854249492381
117, 66, 238, 255, 236, 255, 2, 0, 0.0, 2.0
117, 67, 67, 98, 65, 98, 2, 0, 0.0, 2.0
117, 70, 215, 191, 212, 190, 3, 1, 0.3217505543966422, 3.1622776601683795
118, 0, 88, 240, 87, 241, 1, -1, -0.7853981633974483, 1.4142135623730951
118, 3, 33, 167, 32, 168, 1, -1, -0.7853981633974483, 1.4142135623730951
118, 8, 202, 138, 201, 137, 1, 1, 0.7853981633974483, 1.4142135623730951
118, 9, 15, 289, 12, 290, 3, -1, -0.3217505543966422, 3.1622776601683795
118, 10, 58, 238, 56, 239, 2, -1, -0.4636476090008061, 2.23606797749979
118, 14, 133, 208, 132, 209, 1, -1, -0.7853981633974483, 1.4142135623730951
118, 16, 188, 213, 186, 213, 2, 0, 0.0, 2.0
118, 17, 46, 382, 43, 386, 3, -4, -0.9272952180016122, 5.0
118, 19, 245, 322, 243, 324, 2, -2, -0.7853981633974483, 2.8284271247461903
118, 21, 225, 268, 222, 270, 3, -2, -0.5880026035475675, 3.605551275463989
118, 22, 144, 167, 143, 166, 1, 1, 0.7853981633974483, 1.4142135623730951
118, 23, 123, 204, 121, 204, 2, 0, 0.0, 2.0
118, 24, 181, 374, 181, 376, 0, -2, -1.5707963267948966, 2.0
118, 27, 97, 392, 96, 394, 1, -2, -1.1071487177940904, 2.23606797749979
118, 28, 153, 219, 151, 220, 2, -1, -0.4636476090008061, 2.23606797749979
118, 29, 217, 309, 216, 311, 1, -2, -1.1071487177940904, 2.23606797749979
118, 30, 136, 294, 133, 296, 3, -2, -0.5880026035475675, 3.605551275463989
118, 31, 134, 364, 133, 366, 1, -2, -1.1071487177940904, 2.23606797749979
118, 36, 19, 226, 16, 228, 3, -2, -0.5880026035475675, 3.605551275463989
118, 38, 266, 234, 261, 234, 5, 0, 0.0, 5.0
118, 41, 62, 194, 64, 195, -2, -1, -2.677945044588987, 2.23606797749979
118, 43, 116, 168, 115, 167, 1, 1, 0.7853981633974483, 1.4142135623730951
118, 44, 128, 327, 127, 328, 1, -1, -0.7853981633974483, 1.4142135623730951
118, 46, 25, 355, 23, 357, 2, -2, -0.7853981633974483, 2.8284271247461903
118, 47, 197, 278, 194, 281, 3, -3, -0.7853981633974483, 4.242640687119285
118, 48, 65, 329, 64, 330, 1, -1, -0.7853981633974483, 1.4142135623730951
118, 49, 45, 288, 44, 289, 1, -1, -0.7853981633974483, 1.4142135623730951
118, 51, 39, 206, 37, 206, 2, 0, 0.0, 2.0
118, 52, 196, 336, 195, 338, 1, -2, -1.1071487177940904, 2.23606797749979
118, 56, 79, 297, 78, 299, 1, -2, -1.1071487177940904, 2.23606797749979
118, 58, 79, 260, 77, 261, 2, -1, -0.4636476090008061, 2.23606797749979
118, 59, 202, 323, 200, 326, 2, -3, -0.982793723247329, 3.605551275463989
118, 60, 197, 217, 195, 217, 2, 0, 0.0, 2.0
118, 62, 126, 232, 125, 233, 1, -1, -0.7853981633974483, 1.4142135623730951
118, 63, 113, 272, 111, 272, 2, 0, 0.0, 2.0
118, 64, 115, 375, 112, 378, 3, -3, -0.7853981633974483, 4.242640687119285
118, 65, 239, 254, 238, 255, 1, -1, -0.7853981633974483, 1.4142135623730951
118, 67, 90, 301, 89, 302, 1, -1, -0.7853981633974483, 1.4142135623730951
118, 68, 165, 193, 164, 194, 1, -1, -0.7853981633974483, 1.4142135623730951
118, 70, 31, 234, 29, 236, 2, -2, -0.7853981633974483, 2.8284271247461903
119, 0, 89, 239, 88, 240, 1, -1, -0.7853981633974483, 1.4142135623730951
119, 4, 109, 164, 108, 163, 1, 1, 0.7853981633974483, 1.4142135623730951
119, 5, 72, 217, 70, 218, 2, -1, -0.4636476090008061, 2.23606797749979
119, 9, 17, 288, 15, 289, 2, -1, -0.4636476090008061, 2.23606797749979
119, 10, 60, 237, 58, 238, 2, -1, -0.4636476090008061, 2.23606797749979
119, 12, 94, 131, 93, 130, 1, 1, 0.7853981633974483, 1.4142135623730951
119, 13, 253, 278, 252, 280, 1, -2, -1.1071487177940904, 2.23606797749979
119, 15, 46, 134, 44, 134, 2, 0, 0.0, 2.0
119, 16, 192, 213, 188, 213, 4, 0, 0.0, 4.0
119, 17, 48, 380, 46, 382, 2, -2, -0.7853981633974483, 2.8284271247461903
119, 18, 14, 120, 13, 121, 1, -1, -0.7853981633974483, 1.4142135623730951
119, 19, 246, 320, 245, 322, 1, -2, -1.1071487177940904, 2.23606797749979
119, 21, 227, 267, 225, 268, 2, -1, -0.4636476090008061, 2.23606797749979
119, 23, 125, 204, 123, 204, 2, 0, 0.0, 2.0
119, 24, 183, 372, 181, 374, 2, -2, -0.7853981633974483, 2.8284271247461903
119, 25, 191, 162, 190, 161, 1, 1, 0.7853981633974483, 1.4142135623730951
119, 26, 70, 159, 68, 159, 2, 0, 0.0, 2.0
119, 27, 98, 391, 97, 392, 1, -1, -0.7853981633974483, 1.4142135623730951
119, 28, 156, 219, 153, 219, 3, 0, 0.0, 3.0
119, 29, 218, 307, 217, 309, 1, -2, -1.1071487177940904, 2.23606797749979
119, 30, 138, 292, 136, 294, 2, -2, -0.7853981633974483, 2.8284271247461903
119, 34, 174, 262, 173, 263, 1, -1, -0.7853981633974483, 1.4142135623730951
119, 37, 269, 233, 266, 234, 3, -1, -0.3217505543966422, 3.1622776601683795
119, 38, 244, 191, 243, 192, 1, -1, -0.7853981633974483, 1.4142135623730951
119, 41, 118, 168, 116, 168, 2, 0, 0.0, 2.0
119, 42, 129, 326, 128, 327, 1, -1, -0.7853981633974483, 1.4142135623730951
119, 44, 26, 353, 25, 355, 1, -2, -1.1071487177940904, 2.23606797749979
119, 45, 199, 277, 197, 278, 2, -1, -0.4636476090008061, 2.23606797749979
119, 46, 63, 328, 65, 329, -2, -1, -2.677945044588987, 2.23606797749979
119, 47, 47, 287, 45, 288, 2, -1, -0.4636476090008061, 2.23606797749979
119, 48, 227, 214, 225, 213, 2, 1, 0.4636476090008061, 2.23606797749979
119, 49, 41, 206, 39, 206, 2, 0, 0.0, 2.0
119, 50, 197, 335, 196, 336, 1, -1, -0.7853981633974483, 1.4142135623730951
119, 52, 134, 135, 133, 134, 1, 1, 0.7853981633974483, 1.4142135623730951
119, 54, 80, 296, 79, 297, 1, -1, -0.7853981633974483, 1.4142135623730951
119, 57, 206, 320, 202, 323, 4, -3, -0.6435011087932844, 5.0
119, 62, 118, 373, 115, 375, 3, -2, -0.5880026035475675, 3.605551275463989
119, 63, 241, 253, 239, 254, 2, -1, -0.4636476090008061, 2.23606797749979
119, 65, 91, 300, 90, 301, 1, -1, -0.7853981633974483, 1.4142135623730951
119, 68, 32, 233, 31, 234, 1, -1, -0.7853981633974483, 1.4142135623730951
120, 2, 58, 240, 57, 241, 1, -1, -0.7853981633974483, 1.4142135623730951
120, 4, 71, 219, 70, 220, 1, -1, -0.7853981633974483, 1.4142135623730951
120, 6, 134, 201, 133, 202, 1, -1, -0.7853981633974483, 1.4142135623730951
120, 7, 28, 207, 26, 207, 2, 0, 0.0, 2.0
120, 9, 13, 291, 12, 292, 1, -1, -0.7853981633974483, 1.4142135623730951
120, 11, 38, 205, 36, 205, 2, 0, 0.0, 2.0
120, 12, 120, 169, 118, 168, 2, 1, 0.4636476090008061, 2.23606797749979
120, 13, 82, 221, 80, 221, 2, 0, 0.0, 2.0
120, 16, 183, 377, 182, 379, 1, -2, -1.1071487177940904, 2.23606797749979
120, 17, 66, 337, 65, 338, 1, -1, -0.7853981633974483, 1.4142135623730951
120, 18, 47, 133, 43, 133, 4, 0, 0.0, 4.0
120, 21, 190, 290, 189, 291, 1, -1, -0.7853981633974483, 1.4142135623730951
120, 23, 197, 333, 196, 335, 1, -2, -1.1071487177940904, 2.23606797749979
120, 24, 25, 358, 24, 359, 1, -1, -0.7853981633974483, 1.4142135623730951
120, 26, 99, 393, 98, 394, 1, -1, -0.7853981633974483, 1.4142135623730951
120, 27, 71, 156, 69, 155, 2, 1, 0.4636476090008061, 2.23606797749979
120, 30, 8, 247, 7, 248, 1, -1, -0.7853981633974483, 1.4142135623730951
120, 32, 250, 279, 249, 280, 1, -1, -0.7853981633974483, 1.4142135623730951
120, 33, 145, 168, 144, 167, 1, 1, 0.7853981633974483, 1.4142135623730951
120, 34, 247, 325, 246, 327, 1, -2, -1.1071487177940904, 2.23606797749979
120, 35, 155, 221, 153, 221, 2, 0, 0.0, 2.0
120, 36, 18, 229, 16, 229, 2, 0, 0.0, 2.0
120, 37, 60, 332, 59, 333, 1, -1, -0.7853981633974483, 1.4142135623730951
120, 38, 220, 306, 219, 308, 1, -2, -1.1071487177940904, 2.23606797749979
120, 39, 32, 235, 31, 236, 1, -1, -0.7853981633974483, 1.4142135623730951
120, 40, 255, 284, 254, 285, 1, -1, -0.7853981633974483, 1.4142135623730951
120, 42, 161, 134, 160, 133, 1, 1, 0.7853981633974483, 1.4142135623730951
120, 45, 134, 290, 133, 292, 1, -2, -1.1071487177940904, 2.23606797749979
120, 46, 86, 263, 85, 264, 1, -1, -0.7853981633974483, 1.4142135623730951
120, 47, 55, 193, 54, 194, 1, -1, -0.7853981633974483, 1.4142135623730951
120, 49, 137, 367, 136, 369, 1, -2, -1.1071487177940904, 2.23606797749979
120, 51, 138, 263, 137, 264, 1, -1, -0.7853981633974483, 1.4142135623730951
120, 52, 93, 358, 93, 360, 0, -2, -1.5707963267948966, 2.0
120, 53, 47, 383, 45, 385, 2, -2, -0.7853981633974483, 2.8284271247461903
120, 55, 25, 230, 23, 230, 2, 0, 0.0, 2.0
120, 56, 217, 271, 216, 272, 1, -1, -0.7853981633974483, 1.4142135623730951
120, 57, 78, 300, 77, 301, 1, -1, -0.7853981633974483, 1.4142135623730951
120, 58, 102, 272, 101, 273, 1, -1, -0.7853981633974483, 1.4142135623730951
120, 59, 60, 380, 59, 382, 1, -2, -1.1071487177940904, 2.23606797749979
120, 61, 180, 265, 179, 266, 1, -1, -0.7853981633974483, 1.4142135623730951
120, 63, 70, 265, 68, 266, 2, -1, -0.4636476090008061, 2.23606797749979
121, 0, 94, 242, 93, 243, 1, -1, -0.7853981633974483, 1.4142135623730951
121, 4, 72, 218, 71, 219, 1, -1, -0.7853981633974483, 1.4142135623730951
121, 6, 138, 203, 134, 201, 4, 2, 0.4636476090008061, 4.47213595499958
121, 7, 30, 207, 28, 207, 2, 0, 0.0, 2.0
121, 8, 111, 165, 109, 165, 2, 0, 0.0, 2.0
121, 9, 14, 290, 13, 291, 1, -1, -0.7853981633974483, 1.4142135623730951
121, 10, 197, 218, 195, 218, 2, 0, 0.0, 2.0
121, 11, 40, 205, 38, 205, 2, 0, 0.0, 2.0
121, 13, 84, 220, 82, 221, 2, -1, -0.4636476090008061, 2.23606797749979
121, 14, 16, 123, 14, 123, 2, 0, 0.0, 2.0
121, 15, 94, 132, 93, 131, 1, 1, 0.7853981633974483, 1.4142135623730951
121, 16, 184, 375, 183, 377, 1, -2, -1.1071487177940904, 2.23606797749979
121, 17, 68, 335, 66, 337, 2, -2, -0.7853981633974483, 2.8284271247461903
121, 19, 124, 205, 122, 205, 2, 0, 0.0, 2.0
121, 20, 21, 268, 19, 268, 2, 0, 0.0, 2.0
121, 21, 192, 289, 190, 290, 2, -1, -0.4636476090008061, 2.23606797749979
121, 23, 198, 332, 197, 333, 1, -1, -0.7853981633974483, 1.4142135623730951
121, 24, 27, 356, 25, 358, 2, -2, -0.7853981633974483, 2.8284271247461903
121, 25, 206, 243, 204, 244, 2, -1, -0.4636476090008061, 2.23606797749979
121, 26, 100, 392, 99, 393, 1, -1, -0.7853981633974483, 1.4142135623730951
121, 28, 273, 231, 272, 232, 1, -1, -0.7853981633974483, 1.4142135623730951
121, 29, 228, 214, 227, 213, 1, 1, 0.7853981633974483, 1.4142135623730951
121, 30, 9, 246, 8, 247, 1, -1, -0.7853981633974483, 1.4142135623730951
121, 32, 251, 277, 250, 279, 1, -2, -1.1071487177940904, 2.23606797749979
121, 36, 19, 228, 18, 229, 1, -1, -0.7853981633974483, 1.4142135623730951
121, 37, 62, 330, 60, 332, 2, -2, -0.7853981633974483, 2.8284271247461903
121, 38, 221, 305, 220, 306, 1, -1, -0.7853981633974483, 1.4142135623730951
121, 40, 256, 282, 255, 284, 1, -2, -1.1071487177940904, 2.23606797749979
121, 41, 202, 140, 201, 139, 1, 1, 0.7853981633974483, 1.4142135623730951
121, 42, 163, 135, 161, 134, 2, 1, 0.4636476090008061, 2.23606797749979
121, 43, 80, 267, 79, 268, 1, -1, -0.7853981633974483, 1.4142135623730951
121, 44, 135, 289, 134, 290, 1, -1, -0.7853981633974483, 1.4142135623730951
121, 48, 138, 366, 137, 367, 1, -1, -0.7853981633974483, 1.4142135623730951
121, 50, 140, 262, 138, 263, 2, -1, -0.4636476090008061, 2.23606797749979
121, 51, 48, 382, 47, 383, 1, -1, -0.7853981633974483, 1.4142135623730951
121, 52, 240, 185, 239, 184, 1, 1, 0.7853981633974483, 1.4142135623730951
121, 53, 27, 229, 25, 230, 2, -1, -0.4636476090008061, 2.23606797749979
121, 54, 218, 270, 217, 271, 1, -1, -0.7853981633974483, 1.4142135623730951
121, 55, 79, 299, 78, 300, 1, -1, -0.7853981633974483, 1.4142135623730951
121, 56, 103, 271, 102, 272, 1, -1, -0.7853981633974483, 1.4142135623730951
121, 57, 61, 379, 60, 380, 1, -1, -0.7853981633974483, 1.4142135623730951
121, 59, 181, 264, 180, 265, 1, -1, -0.7853981633974483, 1.4142135623730951
121, 61, 71, 264, 70, 265, 1, -1, -0.7853981633974483, 1.4142135623730951
122, 0, 95, 241, 94, 242, 1, -1, -0.7853981633974483, 1.4142135623730951
122, 4, 74, 217, 72, 218, 2, -1, -0.4636476090008061, 2.23606797749979
122, 6, 140, 203, 138, 203, 2, 0, 0.0, 2.0
122, 7, 32, 206, 30, 207, 2, -1, -0.4636476090008061, 2.23606797749979
122, 8, 113, 165, 111, 165, 2, 0, 0.0, 2.0
122, 9, 15, 289, 14, 290, 1, -1, -0.7853981633974483, 1.4142135623730951
122, 10, 199, 218, 197, 218, 2, 0, 0.0, 2.0
122, 11, 42, 204, 40, 205, 2, -1, -0.4636476090008061, 2.23606797749979
122, 12, 123, 169, 121, 169, 2, 0, 0.0, 2.0
122, 13, 86, 220, 84, 220, 2, 0, 0.0, 2.0
122, 14, 18, 123, 16, 123, 2, 0, 0.0, 2.0
122, 16, 185, 373, 184, 375, 1, -2, -1.1071487177940904, 2.23606797749979
122, 17, 70, 334, 68, 335, 2, -1, -0.4636476090008061, 2.23606797749979
122, 19, 126, 205, 124, 205, 2, 0, 0.0, 2.0
122, 20, 23, 267, 21, 268, 2, -1, -0.4636476090008061, 2.23606797749979
122, 21, 193, 287, 192, 289, 1, -2, -1.1071487177940904, 2.23606797749979
122, 22, 133, 240, 131, 240, 2, 0, 0.0, 2.0
122, 23, 199, 331, 198, 332, 1, -1, -0.7853981633974483, 1.4142135623730951
122, 24, 28, 355, 27, 356, 1, -1, -0.7853981633974483, 1.4142135623730951
122, 26, 101, 391, 100, 392, 1, -1, -0.7853981633974483, 1.4142135623730951
122, 27, 73, 157, 72, 156, 1, 1, 0.7853981633974483, 1.4142135623730951
122, 28, 275, 231, 273, 231, 2, 0, 0.0, 2.0
122, 29, 230, 214, 228, 214, 2, 0, 0.0, 2.0
122, 32, 252, 275, 251, 277, 1, -2, -1.1071487177940904, 2.23606797749979
122, 34, 249, 322, 247, 324, 2, -2, -0.7853981633974483, 2.8284271247461903
122, 35, 157, 220, 156, 221, 1, -1, -0.7853981633974483, 1.4142135623730951
122, 36, 21, 228, 19, 228, 2, 0, 0.0, 2.0
122, 37, 63, 329, 62, 330, 1, -1, -0.7853981633974483, 1.4142135623730951
122, 40, 257, 280, 256, 282, 1, -2, -1.1071487177940904, 2.23606797749979
122, 41, 203, 141, 202, 140, 1, 1, 0.7853981633974483, 1.4142135623730951
122, 44, 136, 287, 135, 289, 1, -2, -1.1071487177940904, 2.23606797749979
122, 46, 58, 192, 56, 193, 2, -1, -0.4636476090008061, 2.23606797749979
122, 48, 139, 365, 138, 366, 1, -1, -0.7853981633974483, 1.4142135623730951
122, 50, 142, 262, 140, 262, 2, 0, 0.0, 2.0
122, 51, 50, 380, 48, 382, 2, -2, -0.7853981633974483, 2.8284271247461903
122, 52, 241, 186, 240, 185, 1, 1, 0.7853981633974483, 1.4142135623730951
122, 53, 29, 229, 27, 229, 2, 0, 0.0, 2.0
122, 54, 219, 269, 218, 270, 1, -1, -0.7853981633974483, 1.4142135623730951
122, 55, 80, 298, 79, 299, 1, -1, -0.7853981633974483, 1.4142135623730951
122, 56, 105, 270, 103, 271, 2, -1, -0.4636476090008061, 2.23606797749979
122, 57, 63, 378, 61, 379, 2, -1, -0.4636476090008061, 2.23606797749979
123, 0, 96, 240, 95, 241, 1, -1, -0.7853981633974483, 1.4142135623730951
123, 3, 109, 92, 108, 91, 1, 1, 0.7853981633974483, 1.4142135623730951
123, 4, 76, 217, 74, 217, 2, 0, 0.0, 2.0
123, 5, 159, 171, 158, 170, 1, 1, 0.7853981633974483, 1.4142135623730951
123, 6, 142, 203, 140, 203, 2, 0, 0.0, 2.0
123, 7, 34, 206, 32, 206, 2, 0, 0.0, 2.0
123, 8, 115, 165, 113, 165, 2, 0, 0.0, 2.0
123, 9, 16, 288, 15, 289, 1, -1, -0.7853981633974483, 1.4142135623730951
123, 10, 201, 217, 199, 218, 2, -1, -0.4636476090008061, 2.23606797749979
123, 11, 43, 205, 42, 204, 1, 1, 0.7853981633974483, 1.4142135623730951
123, 12, 125, 169, 123, 169, 2, 0, 0.0, 2.0
123, 14, 20, 123, 18, 123, 2, 0, 0.0, 2.0
123, 15, 97, 133, 95, 132, 2, 1, 0.4636476090008061, 2.23606797749979
123, 16, 186, 371, 185, 373, 1, -2, -1.1071487177940904, 2.23606797749979
123, 17, 71, 332, 70, 334, 1, -2, -1.1071487177940904, 2.23606797749979
123, 19, 128, 204, 126, 205, 2, -1, -0.4636476090008061, 2.23606797749979
123, 20, 25, 266, 23, 267, 2, -1, -0.4636476090008061, 2.23606797749979
123, 21, 195, 286, 193, 287, 2, -1, -0.4636476090008061, 2.23606797749979
123, 22, 134, 239, 133, 240, 1, -1, -0.7853981633974483, 1.4142135623730951
123, 23, 200, 329, 199, 331, 1, -2, -1.1071487177940904, 2.23606797749979
123, 24, 30, 353, 28, 355, 2, -2, -0.7853981633974483, 2.8284271247461903
123, 26, 102, 390, 101, 391, 1, -1, -0.7853981633974483, 1.4142135623730951
123, 28, 277, 231, 275, 231, 2, 0, 0.0, 2.0
123, 29, 232, 215, 230, 214, 2, 1, 0.4636476090008061, 2.23606797749979
123, 30, 12, 246, 10, 246, 2, 0, 0.0, 2.0
123, 31, 215, 192, 214, 191, 1, 1, 0.7853981633974483, 1.4142135623730951
123, 32, 252, 273, 252, 275, 0, -2, -1.5707963267948966, 2.0
123, 33, 149, 168, 147, 168, 2, 0, 0.0, 2.0
123, 34, 250, 320, 249, 322, 1, -2, -1.1071487177940904, 2.23606797749979
123, 35, 159, 220, 157, 220, 2, 0, 0.0, 2.0
123, 36, 23, 228, 21, 228, 2, 0, 0.0, 2.0
123, 37, 64, 328, 63, 329, 1, -1, -0.7853981633974483, 1.4142135623730951
123, 38, 220, 302, 221, 304, -1, -2, -2.0344439357957027, 2.23606797749979
123, 40, 258, 278, 257, 280, 1, -2, -1.1071487177940904, 2.23606797749979
123, 42, 165, 136, 164, 135, 1, 1, 0.7853981633974483, 1.4142135623730951
123, 44, 138, 286, 136, 287, 2, -1, -0.4636476090008061, 2.23606797749979
123, 45, 88, 262, 87, 263, 1, -1, -0.7853981633974483, 1.4142135623730951
123, 46, 60, 191, 58, 192, 2, -1, -0.4636476090008061, 2.23606797749979
123, 48, 140, 364, 139, 365, 1, -1, -0.7853981633974483, 1.4142135623730951
123, 49, 72, 101, 70, 101, 2, 0, 0.0, 2.0
123, 50, 144, 262, 142, 262, 2, 0, 0.0, 2.0
123, 51, 51, 379, 50, 380, 1, -1, -0.7853981633974483, 1.4142135623730951
123, 55, 81, 297, 80, 298, 1, -1, -0.7853981633974483, 1.4142135623730951
123, 56, 106, 269, 105, 270, 1, -1, -0.7853981633974483, 1.4142135623730951
123, 57, 65, 377, 63, 378, 2, -1, -0.4636476090008061, 2.23606797749979
123, 60, 130, 233, 128, 234, 2, -1, -0.4636476090008061, 2.23606797749979
123, 61, 74, 263, 72, 264, 2, -1, -0.4636476090008061, 2.23606797749979
124, 0, 97, 239, 96, 240, 1, -1, -0.7853981633974483, 1.4142135623730951
124, 1, 38, 167, 37, 168, 1, -1, -0.7853981633974483, 1.4142135623730951
124, 2, 62, 239, 61, 240, 1, -1, -0.7853981633974483, 1.4142135623730951
124, 4, 78, 216, 76, 217, 2, -1, -0.4636476090008061, 2.23606797749979
124, 5, 160, 172, 159, 171, 1, 1, 0.7853981633974483, 1.4142135623730951
124, 7, 36, 206, 34, 206, 2, 0, 0.0, 2.0
124, 8, 117, 165, 115, 165, 2, 0, 0.0, 2.0
124, 9, 17, 287, 16, 288, 1, -1, -0.7853981633974483, 1.4142135623730951
124, 10, 203, 217, 201, 217, 2, 0, 0.0, 2.0
124, 14, 22, 123, 20, 123, 2, 0, 0.0, 2.0
124, 16, 187, 369, 186, 371, 1, -2, -1.1071487177940904, 2.23606797749979
124, 17, 73, 331, 71, 332, 2, -1, -0.4636476090008061, 2.23606797749979
124, 18, 52, 134, 50, 133, 2, 1, 0.4636476090008061, 2.23606797749979
124, 19, 131, 203, 128, 204, 3, -1, -0.3217505543966422, 3.1622776601683795
124, 20, 27, 265, 25, 266, 2, -1, -0.4636476090008061, 2.23606797749979
124, 21, 197, 285, 195, 286, 2, -1, -0.4636476090008061, 2.23606797749979
124, 22, 136, 238, 134, 239, 2, -1, -0.4636476090008061, 2.23606797749979
124, 23, 201, 327, 200, 329, 1, -2, -1.1071487177940904, 2.23606797749979
124, 24, 32, 351, 30, 353, 2, -2, -0.7853981633974483, 2.8284271247461903
124, 26, 104, 388, 102, 390, 2, -2, -0.7853981633974483, 2.8284271247461903
124, 28, 279, 230, 277, 231, 2, -1, -0.4636476090008061, 2.23606797749979
124, 31, 216, 193, 215, 192, 1, 1, 0.7853981633974483, 1.4142135623730951
124, 33, 150, 169, 149, 168, 1, 1, 0.7853981633974483, 1.4142135623730951
124, 34, 250, 318, 250, 320, 0, -2, -1.5707963267948966, 2.0
124, 36, 24, 227, 23, 228, 1, -1, -0.7853981633974483, 1.4142135623730951
124, 37, 65, 327, 64, 328, 1, -1, -0.7853981633974483, 1.4142135623730951
124, 38, 221, 301, 220, 302, 1, -1, -0.7853981633974483, 1.4142135623730951
124, 40, 260, 276, 258, 278, 2, -2, -0.7853981633974483, 2.8284271247461903
124, 42, 166, 137, 165, 136, 1, 1, 0.7853981633974483, 1.4142135623730951
124, 43, 84, 267, 82, 267, 2, 0, 0.0, 2.0
124, 44, 139, 285, 138, 286, 1, -1, -0.7853981633974483, 1.4142135623730951
124, 48, 141, 362, 140, 364, 1, -2, -1.1071487177940904, 2.23606797749979
124, 49, 74, 102, 72, 101, 2, 1, 0.4636476090008061, 2.23606797749979
124, 51, 52, 377, 51, 379, 1, -2, -1.1071487177940904, 2.23606797749979
124, 54, 220, 266, 219, 268, 1, -2, -1.1071487177940904, 2.23606797749979
124, 55, 82, 296, 81, 297, 1, -1, -0.7853981633974483, 1.4142135623730951
124, 57, 66, 375, 65, 377, 1, -2, -1.1071487177940904, 2.23606797749979
124, 58, 115, 196, 113, 196, 2, 0, 0.0, 2.0
124, 59, 184, 263, 183, 264, 1, -1, -0.7853981633974483, 1.4142135623730951
124, 60, 132, 232, 130, 233, 2, -1, -0.4636476090008061, 2.23606797749979
124, 61, 75, 262, 74, 263, 1, -1, -0.7853981633974483, 1.4142135623730951
125, 2, 99, 242, 97, 243, 2, -1, -0.4636476090008061, 2.23606797749979
125, 4, 18, 293, 17, 294, 1, -1, -0.7853981633974483, 1.4142135623730951
125, 7, 33, 208, 31, 208, 2, 0, 0.0, 2.0
125, 8, 77, 219, 75, 220, 2, -1, -0.4636476090008061, 2.23606797749979
125, 9, 115, 167, 114, 166, 1, 1, 0.7853981633974483, 1.4142135623730951
125, 10, 196, 216, 194, 216, 2, 0, 0.0, 2.0
125, 13, 16, 124, 15, 123, 1, 1, 0.7853981633974483, 1.4142135623730951
125, 14, 24, 260, 23, 261, 1, -1, -0.7853981633974483, 1.4142135623730951
125, 15, 64, 329, 63, 330, 1, -1, -0.7853981633974483, 1.4142135623730951
125, 16, 208, 140, 207, 139, 1, 1, 0.7853981633974483, 1.4142135623730951
125, 17, 130, 205, 127, 206, 3, -1, -0.3217505543966422, 3.1622776601683795
125, 19, 188, 372, 187, 374, 1, -2, -1.1071487177940904, 2.23606797749979
125, 22, 252, 319, 252, 321, 0, -2, -1.5707963267948966, 2.0
125, 24, 51, 382, 50, 383, 1, -1, -0.7853981633974483, 1.4142135623730951
125, 25, 210, 249, 208, 250, 2, -1, -0.4636476090008061, 2.23606797749979
125, 30, 25, 267, 24, 268, 1, -1, -0.7853981633974483, 1.4142135623730951
125, 31, 257, 279, 256, 281, 1, -2, -1.1071487177940904, 2.23606797749979
125, 33, 226, 306, 225, 308, 1, -2, -1.1071487177940904, 2.23606797749979
125, 34, 158, 222, 157, 221, 1, 1, 0.7853981633974483, 1.4142135623730951
125, 35, 140, 294, 138, 295, 2, -1, -0.4636476090008061, 2.23606797749979
125, 37, 252, 275, 250, 277, 2, -2, -0.7853981633974483, 2.8284271247461903
125, 38, 102, 390, 101, 392, 1, -2, -1.1071487177940904, 2.23606797749979
125, 39, 13, 247, 12, 248, 1, -1, -0.7853981633974483, 1.4142135623730951
125, 40, 28, 355, 27, 356, 1, -1, -0.7853981633974483, 1.4142135623730951
125, 42, 226, 274, 224, 276, 2, -2, -0.7853981633974483, 2.8284271247461903
125, 44, 137, 360, 136, 361, 1, -1, -0.7853981633974483, 1.4142135623730951
125, 46, 89, 268, 87, 269, 2, -1, -0.4636476090008061, 2.23606797749979
125, 47, 197, 283, 195, 285, 2, -2, -0.7853981633974483, 2.8284271247461903
125, 48, 199, 336, 198, 339, 1, -3, -1.2490457723982544, 3.1622776601683795
125, 49, 265, 278, 264, 280, 1, -2, -1.1071487177940904, 2.23606797749979
125, 51, 69, 238, 67, 238, 2, 0, 0.0, 2.0
125, 52, 193, 291, 190, 293, 3, -2, -0.5880026035475675, 3.605551275463989
125, 53, 228, 114, 226, 112, 2, 2, 0.7853981633974483, 2.8284271247461903
125, 54, 139, 238, 136, 239, 3, -1, -0.3217505543966422, 3.1622776601683795
125, 55, 84, 299, 82, 300, 2, -1, -0.4636476090008061, 2.23606797749979
125, 57, 24, 287, 23, 288, 1, -1, -0.7853981633974483, 1.4142135623730951
126, 2, 101, 241, 99, 242, 2, -1, -0.4636476090008061, 2.23606797749979
126, 3, 64, 244, 62, 244, 2, 0, 0.0, 2.0
126, 5, 142, 208, 140, 209, 2, -1, -0.4636476090008061, 2.23606797749979
126, 6, 163, 171, 162, 170, 1, 1, 0.7853981633974483, 1.4142135623730951
126, 7, 35, 208, 33, 208, 2, 0, 0.0, 2.0
126, 8, 79, 218, 77, 219, 2, -1, -0.4636476090008061, 2.23606797749979
126, 10, 198, 216, 196, 216, 2, 0, 0.0, 2.0
126, 15, 65, 328, 64, 329, 1, -1, -0.7853981633974483, 1.4142135623730951
126, 17, 132, 205, 130, 205, 2, 0, 0.0, 2.0
126, 19, 189, 370, 188, 372, 1, -2, -1.1071487177940904, 2.23606797749979
126, 20, 51, 136, 50, 135, 1, 1, 0.7853981633974483, 1.4142135623730951
126, 22, 254, 317, 252, 319, 2, -2, -0.7853981633974483, 2.8284271247461903
126, 23, 150, 172, 149, 171, 1, 1, 0.7853981633974483, 1.4142135623730951
126, 24, 53, 381, 51, 382, 2, -1, -0.4636476090008061, 2.23606797749979
126, 25, 211, 248, 210, 249, 1, -1, -0.7853981633974483, 1.4142135623730951
126, 28, 76, 164, 74, 163, 2, 1, 0.4636476090008061, 2.23606797749979
126, 30, 26, 266, 25, 267, 1, -1, -0.7853981633974483, 1.4142135623730951
126, 31, 258, 277, 257, 279, 1, -2, -1.1071487177940904, 2.23606797749979
126, 33, 227, 305, 226, 306, 1, -1, -0.7853981633974483, 1.4142135623730951
126, 35, 141, 293, 140, 294, 1, -1, -0.7853981633974483, 1.4142135623730951
126, 36, 205, 216, 203, 216, 2, 0, 0.0, 2.0
126, 37, 253, 274, 252, 275, 1, -1, -0.7853981633974483, 1.4142135623730951
126, 38, 103, 388, 102, 390, 1, -2, -1.1071487177940904, 2.23606797749979
126, 39, 14, 246, 13, 247, 1, -1, -0.7853981633974483, 1.4142135623730951
126, 40, 30, 353, 28, 355, 2, -2, -0.7853981633974483, 2.8284271247461903
126, 42, 228, 273, 226, 274, 2, -1, -0.4636476090008061, 2.23606797749979
126, 43, 42, 235, 40, 236, 2, -1, -0.4636476090008061, 2.23606797749979
126, 44, 139, 359, 137, 360, 2, -1, -0.4636476090008061, 2.23606797749979
126, 47, 198, 282, 197, 283, 1, -1, -0.7853981633974483, 1.4142135623730951
126, 48, 200, 334, 199, 336, 1, -2, -1.1071487177940904, 2.23606797749979
126, 50, 232, 218, 231, 217, 1, 1, 0.7853981633974483, 1.4142135623730951
126, 52, 195, 289, 193, 291, 2, -2, -0.7853981633974483, 2.8284271247461903
126, 53, 229, 115, 228, 114, 1, 1, 0.7853981633974483, 1.4142135623730951
126, 54, 141, 237, 139, 238, 2, -1, -0.4636476090008061, 2.23606797749979
126, 55, 85, 298, 84, 299, 1, -1, -0.7853981633974483, 1.4142135623730951
126, 57, 26, 286, 24, 287, 2, -1, -0.4636476090008061, 2.23606797749979
127, 1, 41, 169, 39, 169, 2, 0, 0.0, 2.0
127, 3, 66, 243, 64, 244, 2, -1, -0.4636476090008061, 2.23606797749979
127, 4, 21, 292, 19, 293, 2, -1, -0.4636476090008061, 2.23606797749979
127, 5, 144, 206, 142, 208, 2, -2, -0.7853981633974483, 2.8284271247461903
127, 7, 37, 208, 35, 208, 2, 0, 0.0, 2.0
127, 8, 81, 217, 79, 218, 2, -1, -0.4636476090008061, 2.23606797749979
127, 9, 118, 168, 116, 167, 2, 1, 0.4636476090008061, 2.23606797749979
127, 10, 200, 216, 198, 216, 2, 0, 0.0, 2.0
127, 12, 101, 133, 99, 133, 2, 0, 0.0, 2.0
127, 14, 27, 260, 25, 260, 2, 0, 0.0, 2.0
127, 15, 67, 327, 65, 328, 2, -1, -0.4636476090008061, 2.23606797749979
127, 16, 209, 142, 208, 141, 1, 1, 0.7853981633974483, 1.4142135623730951
127, 17, 133, 203, 132, 205, 1, -2, -1.1071487177940904, 2.23606797749979
127, 19, 190, 368, 189, 370, 1, -2, -1.1071487177940904, 2.23606797749979
127, 20, 53, 138, 51, 136, 2, 2, 0.7853981633974483, 2.8284271247461903
127, 22, 255, 315, 254, 317, 1, -2, -1.1071487177940904, 2.23606797749979
127, 23, 152, 172, 150, 172, 2, 0, 0.0, 2.0
127, 24, 54, 380, 53, 381, 1, -1, -0.7853981633974483, 1.4142135623730951
127, 30, 27, 265, 26, 266, 1, -1, -0.7853981633974483, 1.4142135623730951
127, 31, 260, 275, 258, 277, 2, -2, -0.7853981633974483, 2.8284271247461903
127, 33, 227, 303, 227, 305, 0, -2, -1.5707963267948966, 2.0
127, 34, 161, 222, 159, 222, 2, 0, 0.0, 2.0
127, 35, 144, 292, 141, 293, 3, -1, -0.3217505543966422, 3.1622776601683795
127, 36, 207, 216, 205, 216, 2, 0, 0.0, 2.0
127, 37, 255, 272, 253, 274, 2, -2, -0.7853981633974483, 2.8284271247461903
127, 39, 16, 245, 14, 246, 2, -1, -0.4636476090008061, 2.23606797749979
127, 40, 31, 352, 30, 353, 1, -1, -0.7853981633974483, 1.4142135623730951
127, 41, 36, 263, 34, 264, 2, -1, -0.4636476090008061, 2.23606797749979
127, 42, 229, 272, 228, 273, 1, -1, -0.7853981633974483, 1.4142135623730951
127, 43, 44, 234, 42, 235, 2, -1, -0.4636476090008061, 2.23606797749979
127, 44, 140, 358, 139, 359, 1, -1, -0.7853981633974483, 1.4142135623730951
127, 45, 62, 195, 60, 195, 2, 0, 0.0, 2.0
127, 46, 91, 267, 90, 268, 1, -1, -0.7853981633974483, 1.4142135623730951
127, 47, 199, 281, 198, 282, 1, -1, -0.7853981633974483, 1.4142135623730951
127, 48, 201, 332, 200, 334, 1, -2, -1.1071487177940904, 2.23606797749979
127, 50, 235, 218, 232, 218, 3, 0, 0.0, 3.0
127, 51, 72, 237, 70, 238, 2, -1, -0.4636476090008061, 2.23606797749979
127, 52, 196, 287, 195, 289, 1, -2, -1.1071487177940904, 2.23606797749979
127, 53, 230, 116, 229, 115, 1, 1, 0.7853981633974483, 1.4142135623730951
127, 54, 142, 236, 141, 237, 1, -1, -0.7853981633974483, 1.4142135623730951
127, 55, 87, 297, 85, 298, 2, -1, -0.4636476090008061, 2.23606797749979
127, 56, 216, 197, 214, 197, 2, 0, 0.0, 2.0
127, 57, 28, 285, 26, 286, 2, -1, -0.4636476090008061, 2.23606797749979
128, 0, 111, 96, 110, 95, 1, 1, 0.7853981633974483, 1.4142135623730951
128, 3, 68, 242, 66, 243, 2, -1, -0.4636476090008061, 2.23606797749979
128, 4, 23, 291, 21, 292, 2, -1, -0.4636476090008061, 2.23606797749979
128, 5, 146, 205, 144, 206, 2, -1, -0.4636476090008061, 2.23606797749979
128, 6, 165, 172, 164, 171, 1, 1, 0.7853981633974483, 1.4142135623730951
128, 7, 39, 208, 37, 208, 2, 0, 0.0, 2.0
128, 8, 83, 216, 81, 217, 2, -1, -0.4636476090008061, 2.23606797749979
128, 12, 102, 134, 101, 133, 1, 1, 0.7853981633974483, 1.4142135623730951
128, 13, 20, 124, 18, 124, 2, 0, 0.0, 2.0
128, 14, 30, 259, 27, 260, 3, -1, -0.3217505543966422, 3.1622776601683795
128, 15, 69, 324, 67, 327, 2, -3, -0.982793723247329, 3.605551275463989
128, 17, 135, 203, 133, 203, 2, 0, 0.0, 2.0
128, 18, 129, 171, 127, 170, 2, 1, 0.4636476090008061, 2.23606797749979
128, 19, 190, 366, 190, 368, 0, -2, -1.5707963267948966, 2.0
128, 20, 55, 138, 53, 138, 2, 0, 0.0, 2.0
128, 21, 89, 218, 88, 219, 1, -1, -0.7853981633974483, 1.4142135623730951
128, 22, 255, 313, 255, 315, 0, -2, -1.5707963267948966, 2.0
128, 23, 153, 173, 152, 172, 1, 1, 0.7853981633974483, 1.4142135623730951
128, 24, 55, 379, 54, 380, 1, -1, -0.7853981633974483, 1.4142135623730951
128, 28, 83, 166, 77, 164, 6, 2, 0.3217505543966422, 6.324555320336759
128, 30, 29, 264, 27, 265, 2, -1, -0.4636476090008061, 2.23606797749979
128, 31, 261, 273, 260, 275, 1, -2, -1.1071487177940904, 2.23606797749979
128, 32, 29, 231, 27, 231, 2, 0, 0.0, 2.0
128, 33, 228, 302, 227, 303, 1, -1, -0.7853981633974483, 1.4142135623730951
128, 35, 145, 291, 144, 292, 1, -1, -0.7853981633974483, 1.4142135623730951
128, 37, 256, 270, 255, 272, 1, -2, -1.1071487177940904, 2.23606797749979
128, 38, 104, 386, 103, 387, 1, -1, -0.7853981633974483, 1.4142135623730951
128, 39, 18, 244, 16, 245, 2, -1, -0.4636476090008061, 2.23606797749979
128, 40, 32, 350, 31, 352, 1, -2, -1.1071487177940904, 2.23606797749979
128, 41, 37, 262, 36, 263, 1, -1, -0.7853981633974483, 1.4142135623730951
128, 42, 230, 271, 229, 272, 1, -1, -0.7853981633974483, 1.4142135623730951
128, 43, 45, 233, 44, 234, 1, -1, -0.7853981633974483, 1.4142135623730951
128, 44, 141, 357, 140, 358, 1, -1, -0.7853981633974483, 1.4142135623730951
128, 46, 92, 266, 91, 267, 1, -1, -0.7853981633974483, 1.4142135623730951
128, 48, 265, 274, 265, 276, 0, -2, -1.5707963267948966, 2.0
128, 49, 237, 218, 235, 218, 2, 0, 0.0, 2.0
128, 50, 74, 237, 72, 237, 2, 0, 0.0, 2.0
128, 52, 231, 117, 230, 116, 1, 1, 0.7853981633974483, 1.4142135623730951
128, 54, 89, 297, 87, 297, 2, 0, 0.0, 2.0
128, 55, 217, 198, 216, 197, 1, 1, 0.7853981633974483, 1.4142135623730951
128, 56, 30, 284, 28, 285, 2, -1, -0.4636476090008061, 2.23606797749979
129, 2, 105, 241, 103, 241, 2, 0, 0.0, 2.0
129, 3, 70, 242, 68, 242, 2, 0, 0.0, 2.0
129, 5, 148, 204, 146, 205, 2, -1, -0.4636476090008061, 2.23606797749979
129, 6, 167, 173, 165, 172, 2, 1, 0.4636476090008061, 2.23606797749979
129, 8, 84, 215, 83, 216, 1, -1, -0.7853981633974483, 1.4142135623730951
129, 9, 121, 169, 119, 168, 2, 1, 0.4636476090008061, 2.23606797749979
129, 11, 114, 195, 112, 195, 2, 0, 0.0, 2.0
129, 12, 104, 134, 102, 134, 2, 0, 0.0, 2.0
129, 14, 33, 258, 30, 259, 3, -1, -0.3217505543966422, 3.1622776601683795
129, 15, 72, 322, 69, 324, 3, -2, -0.5880026035475675, 3.605551275463989
129, 17, 137, 203, 135, 203, 2, 0, 0.0, 2.0
129, 19, 191, 365, 190, 366, 1, -1, -0.7853981633974483, 1.4142135623730951
129, 20, 56, 139, 55, 138, 1, 1, 0.7853981633974483, 1.4142135623730951
129, 21, 90, 217, 89, 218, 1, -1, -0.7853981633974483, 1.4142135623730951
129, 22, 255, 311, 255, 313, 0, -2, -1.5707963267948966, 2.0
129, 28, 84, 167, 83, 166, 1, 1, 0.7853981633974483, 1.4142135623730951
129, 30, 30, 263, 29, 264, 1, -1, -0.7853981633974483, 1.4142135623730951
129, 31, 262, 271, 261, 273, 1, -2, -1.1071487177940904, 2.23606797749979
129, 33, 229, 300, 228, 302, 1, -2, -1.1071487177940904, 2.23606797749979
129, 35, 146, 290, 145, 291, 1, -1, -0.7853981633974483, 1.4142135623730951
129, 37, 257, 268, 256, 270, 1, -2, -1.1071487177940904, 2.23606797749979
129, 41, 39, 261, 37, 262, 2, -1, -0.4636476090008061, 2.23606797749979
129, 42, 231, 270, 230, 271, 1, -1, -0.7853981633974483, 1.4142135623730951
129, 44, 142, 356, 141, 357, 1, -1, -0.7853981633974483, 1.4142135623730951
129, 45, 65, 194, 63, 195, 2, -1, -0.4636476090008061, 2.23606797749979
129, 47, 200, 280, 199, 281, 1, -1, -0.7853981633974483, 1.4142135623730951
129, 48, 266, 273, 265, 274, 1, -1, -0.7853981633974483, 1.4142135623730951
129, 49, 239, 218, 237, 218, 2, 0, 0.0, 2.0
129, 50, 76, 237, 74, 237, 2, 0, 0.0, 2.0
129, 51, 197, 285, 196, 287, 1, -2, -1.1071487177940904, 2.23606797749979
129, 52, 231, 119, 231, 117, 0, 2, 1.5707963267948966, 2.0
129, 54, 91, 296, 89, 297, 2, -1, -0.4636476090008061, 2.23606797749979
129, 56, 32, 283, 30, 284, 2, -1, -0.4636476090008061, 2.23606797749979
130, 0, 99, 242, 98, 243, 1, -1, -0.7853981633974483, 1.4142135623730951
130, 2, 43, 171, 41, 171, 2, 0, 0.0, 2.0
130, 6, 69, 241, 68, 242, 1, -1, -0.7853981633974483, 1.4142135623730951
130, 7, 148, 209, 146, 210, 2, -1, -0.4636476090008061, 2.23606797749979
130, 9, 22, 292, 21, 293, 1, -1, -0.7853981633974483, 1.4142135623730951
130, 10, 56, 138, 54, 137, 2, 1, 0.4636476090008061, 2.23606797749979
130, 11, 23, 128, 21, 128, 2, 0, 0.0, 2.0
130, 12, 213, 143, 212, 142, 1, 1, 0.7853981633974483, 1.4142135623730951
130, 13, 116, 197, 114, 196, 2, 1, 0.4636476090008061, 2.23606797749979
130, 14, 261, 270, 259, 273, 2, -3, -0.982793723247329, 3.605551275463989
130, 17, 255, 314, 255, 317, 0, -3, -1.5707963267948966, 3.0
130, 19, 29, 262, 28, 263, 1, -1, -0.7853981633974483, 1.4142135623730951
130, 21, 134, 207, 133, 206, 1, 1, 0.7853981633974483, 1.4142135623730951
130, 22, 33, 351, 32, 353, 1, -2, -1.1071487177940904, 2.23606797749979
130, 23, 29, 230, 28, 231, 1, -1, -0.7853981633974483, 1.4142135623730951
130, 24, 209, 327, 208, 328, 1, -1, -0.7853981633974483, 1.4142135623730951
130, 25, 142, 359, 140, 360, 2, -1, -0.4636476090008061, 2.23606797749979
130, 26, 28, 286, 25, 286, 3, 0, 0.0, 3.0
130, 27, 198, 219, 197, 218, 1, 1, 0.7853981633974483, 1.4142135623730951
130, 28, 204, 284, 202, 284, 2, 0, 0.0, 2.0
130, 29, 214, 248, 212, 248, 2, 0, 0.0, 2.0
130, 31, 88, 264, 86, 264, 2, 0, 0.0, 2.0
130, 32, 64, 195, 62, 195, 2, 0, 0.0, 2.0
130, 35, 155, 286, 154, 287, 1, -1, -0.7853981633974483, 1.4142135623730951
130, 36, 192, 369, 191, 371, 1, -2, -1.1071487177940904, 2.23606797749979
130, 37, 16, 152, 14, 152, 2, 0, 0.0, 2.0
130, 38, 52, 381, 51, 382, 1, -1, -0.7853981633974483, 1.4142135623730951
130, 39, 108, 245, 107, 246, 1, -1, -0.7853981633974483, 1.4142135623730951
130, 41, 218, 199, 217, 198, 1, 1, 0.7853981633974483, 1.4142135623730951
130, 45, 60, 285, 59, 286, 1, -1, -0.7853981633974483, 1.4142135623730951
130, 47, 150, 293, 148, 293, 2, 0, 0.0, 2.0
130, 48, 107, 388, 106, 389, 1, -1, -0.7853981633974483, 1.4142135623730951
130, 50, 130, 172, 128, 171, 2, 1, 0.4636476090008061, 2.23606797749979
130, 55, 163, 222, 162, 223, 1, -1, -0.7853981633974483, 1.4142135623730951
130, 57, 200, 361, 199, 362, 1, -1, -0.7853981633974483, 1.4142135623730951
130, 58, 16, 245, 15, 246, 1, -1, -0.7853981633974483, 1.4142135623730951
130, 60, 227, 350, 226, 352, 1, -2, -1.1071487177940904, 2.23606797749979
130, 62, 67, 376, 66, 377, 1, -1, -0.7853981633974483, 1.4142135623730951
130, 64, 94, 267, 93, 268, 1, -1, -0.7853981633974483, 1.4142135623730951
130, 67, 146, 238, 145, 239, 1, -1, -0.7853981633974483, 1.4142135623730951
130, 70, 227, 304, 226, 305, 1, -1, -0.7853981633974483, 1.4142135623730951
130, 71, 136, 233, 135, 234, 1, -1, -0.7853981633974483, 1.4142135623730951
131, 4, 115, 97, 114, 96, 1, 1, 0.7853981633974483, 1.4142135623730951
131, 6, 71, 241, 69, 241, 2, 0, 0.0, 2.0
131, 7, 149, 208, 148, 209, 1, -1, -0.7853981633974483, 1.4142135623730951
131, 9, 24, 291, 22, 292, 2, -1, -0.4636476090008061, 2.23606797749979
131, 10, 58, 139, 56, 138, 2, 1, 0.4636476090008061, 2.23606797749979
131, 11, 25, 128, 23, 128, 2, 0, 0.0, 2.0
131, 12, 214, 144, 213, 143, 1, 1, 0.7853981633974483, 1.4142135623730951
131, 14, 263, 267, 261, 270, 2, -3, -0.982793723247329, 3.605551275463989
131, 17, 256, 311, 255, 314, 1, -3, -1.2490457723982544, 3.1622776601683795
131, 18, 70, 326, 69, 328, 1, -2, -1.1071487177940904, 2.23606797749979
131, 19, 30, 261, 29, 262, 1, -1, -0.7853981633974483, 1.4142135623730951
131, 20, 105, 135, 103, 135, 2, 0, 0.0, 2.0
131, 21, 136, 207, 134, 207, 2, 0, 0.0, 2.0
131, 22, 35, 350, 33, 351, 2, -1, -0.4636476090008061, 2.23606797749979
131, 24, 207, 326, 209, 327, -2, -1, -2.677945044588987, 2.23606797749979
131, 25, 143, 357, 142, 359, 1, -2, -1.1071487177940904, 2.23606797749979
131, 26, 30, 286, 28, 286, 2, 0, 0.0, 2.0
131, 31, 90, 264, 88, 264, 2, 0, 0.0, 2.0
131, 32, 66, 194, 64, 195, 2, -1, -0.4636476090008061, 2.23606797749979
131, 34, 157, 286, 155, 286, 2, 0, 0.0, 2.0
131, 35, 193, 367, 192, 369, 1, -2, -1.1071487177940904, 2.23606797749979
131, 37, 54, 379, 52, 381, 2, -2, -0.7853981633974483, 2.8284271247461903
131, 38, 109, 244, 108, 245, 1, -1, -0.7853981633974483, 1.4142135623730951
131, 39, 137, 324, 136, 325, 1, -1, -0.7853981633974483, 1.4142135623730951
131, 41, 178, 341, 180, 338, -2, 3, 2.158798930342464, 3.605551275463989
131, 42, 146, 286, 144, 288, 2, -2, -0.7853981633974483, 2.8284271247461903
131, 43, 116, 322, 120, 320, -4, 2, 2.677945044588987, 4.47213595499958
131, 44, 61, 283, 60, 285, 1, -2, -1.1071487177940904, 2.23606797749979
131, 45, 76, 331, 75, 333, 1, -2, -1.1071487177940904, 2.23606797749979
131, 46, 151, 292, 150, 293, 1, -1, -0.7853981633974483, 1.4142135623730951
131, 48, 238, 218, 236, 218, 2, 0, 0.0, 2.0
131, 50, 226, 266, 225, 267, 1, -1, -0.7853981633974483, 1.4142135623730951
131, 54, 164, 221, 163, 222, 1, -1, -0.7853981633974483, 1.4142135623730951
131, 55, 118, 379, 117, 380, 1, -1, -0.7853981633974483, 1.4142135623730951
131, 57, 17, 244, 16, 245, 1, -1, -0.7853981633974483, 1.4142135623730951
131, 58, 202, 168, 200, 168, 2, 0, 0.0, 2.0
131, 59, 228, 347, 227, 350, 1, -3, -1.2490457723982544, 3.1622776601683795
131, 60, 68, 375, 67, 376, 1, -1, -0.7853981633974483, 1.4142135623730951
131, 62, 96, 267, 94, 267, 2, 0, 0.0, 2.0
131, 64, 34, 266, 33, 267, 1, -1, -0.7853981633974483, 1.4142135623730951
131, 66, 114, 270, 113, 271, 1, -1, -0.7853981633974483, 1.4142135623730951
131, 68, 228, 303, 227, 304, 1, -1, -0.7853981633974483, 1.4142135623730951
132, 0, 101, 241, 100, 242, 1, -1, -0.7853981633974483, 1.4142135623730951
132, 1, 41, 208, 39, 208, 2, 0, 0.0, 2.0
132, 2, 45, 170, 44, 171, 1, -1, -0.7853981633974483, 1.4142135623730951
132, 4, 116, 98, 115, 97, 1, 1, 0.7853981633974483, 1.4142135623730951
132, 5, 122, 170, 121, 169, 1, 1, 0.7853981633974483, 1.4142135623730951
132, 6, 73, 241, 71, 241, 2, 0, 0.0, 2.0
132, 7, 150, 209, 149, 208, 1, 1, 0.7853981633974483, 1.4142135623730951
132, 8, 169, 174, 168, 173, 1, 1, 0.7853981633974483, 1.4142135623730951
132, 9, 26, 290, 24, 291, 2, -1, -0.4636476090008061, 2.23606797749979
132, 10, 60, 140, 58, 139, 2, 1, 0.4636476090008061, 2.23606797749979
132, 12, 215, 145, 214, 144, 1, 1, 0.7853981633974483, 1.4142135623730951
132, 14, 265, 264, 263, 267, 2, -3, -0.982793723247329, 3.605551275463989
132, 16, 235, 269, 234, 270, 1, -1, -0.7853981633974483, 1.4142135623730951
132, 17, 256, 308, 256, 311, 0, -3, -1.5707963267948966, 3.0
132, 18, 72, 324, 70, 326, 2, -2, -0.7853981633974483, 2.8284271247461903
132, 19, 32, 260, 30, 261, 2, -1, -0.4636476090008061, 2.23606797749979
132, 20, 106, 136, 105, 135, 1, 1, 0.7853981633974483, 1.4142135623730951
132, 21, 138, 208, 136, 207, 2, 1, 0.4636476090008061, 2.23606797749979
132, 22, 36, 348, 35, 350, 1, -2, -1.1071487177940904, 2.23606797749979
132, 25, 144, 356, 143, 357, 1, -1, -0.7853981633974483, 1.4142135623730951
132, 29, 217, 248, 215, 248, 2, 0, 0.0, 2.0
132, 31, 92, 264, 90, 264, 2, 0, 0.0, 2.0
132, 34, 194, 365, 193, 367, 1, -2, -1.1071487177940904, 2.23606797749979
132, 36, 55, 378, 54, 379, 1, -1, -0.7853981633974483, 1.4142135623730951
132, 37, 110, 243, 109, 244, 1, -1, -0.7853981633974483, 1.4142135623730951
132, 38, 138, 322, 137, 324, 1, -2, -1.1071487177940904, 2.23606797749979
132, 39, 220, 200, 219, 199, 1, 1, 0.7853981633974483, 1.4142135623730951
132, 43, 62, 282, 61, 283, 1, -1, -0.7853981633974483, 1.4142135623730951
132, 44, 78, 329, 76, 331, 2, -2, -0.7853981633974483, 2.8284271247461903
132, 45, 152, 291, 151, 292, 1, -1, -0.7853981633974483, 1.4142135623730951
132, 46, 108, 385, 107, 387, 1, -2, -1.1071487177940904, 2.23606797749979
132, 49, 226, 264, 226, 266, 0, -2, -1.5707963267948966, 2.0
132, 56, 18, 243, 17, 244, 1, -1, -0.7853981633974483, 1.4142135623730951
132, 58, 229, 345, 228, 347, 1, -2, -1.1071487177940904, 2.23606797749979
132, 59, 68, 373, 68, 375, 0, -2, -1.5707963267948966, 2.0
132, 60, 270, 270, 268, 271, 2, -1, -0.4636476090008061, 2.23606797749979
132, 62, 79, 105, 78, 104, 1, 1, 0.7853981633974483, 1.4142135623730951
132, 63, 36, 265, 34, 266, 2, -1, -0.4636476090008061, 2.23606797749979
132, 65, 115, 269, 114, 270, 1, -1, -0.7853981633974483, 1.4142135623730951
132, 67, 229, 302, 228, 303, 1, -1, -0.7853981633974483, 1.4142135623730951
133, 0, 102, 240, 101, 241, 1, -1, -0.7853981633974483, 1.4142135623730951
133, 1, 43, 208, 41, 208, 2, 0, 0.0, 2.0
133, 5, 123, 171, 122, 170, 1, 1, 0.7853981633974483, 1.4142135623730951
133, 6, 75, 241, 73, 241, 2, 0, 0.0, 2.0
133, 9, 27, 289, 26, 290, 1, -1, -0.7853981633974483, 1.4142135623730951
133, 10, 62, 140, 60, 140, 2, 0, 0.0, 2.0
133, 12, 216, 146, 215, 145, 1, 1, 0.7853981633974483, 1.4142135623730951
133, 13, 120, 197, 118, 197, 2, 0, 0.0, 2.0
133, 14, 268, 261, 265, 264, 3, -3, -0.7853981633974483, 4.242640687119285
133, 15, 84, 167, 83, 166, 1, 1, 0.7853981633974483, 1.4142135623730951
133, 16, 236, 268, 235, 269, 1, -1, -0.7853981633974483, 1.4142135623730951
133, 17, 256, 305, 256, 308, 0, -3, -1.5707963267948966, 3.0
133, 18, 74, 322, 72, 324, 2, -2, -0.7853981633974483, 2.8284271247461903
133, 19, 35, 260, 32, 260, 3, 0, 0.0, 3.0
133, 22, 38, 346, 36, 348, 2, -2, -0.7853981633974483, 2.8284271247461903
133, 24, 208, 324, 207, 326, 1, -2, -1.1071487177940904, 2.23606797749979
133, 25, 145, 354, 144, 356, 1, -2, -1.1071487177940904, 2.23606797749979
133, 26, 31, 284, 30, 285, 1, -1, -0.7853981633974483, 1.4142135623730951
133, 27, 202, 219, 200, 219, 2, 0, 0.0, 2.0
133, 29, 218, 247, 217, 248, 1, -1, -0.7853981633974483, 1.4142135623730951
133, 30, 158, 172, 156, 172, 2, 0, 0.0, 2.0
133, 31, 94, 263, 92, 264, 2, -1, -0.4636476090008061, 2.23606797749979
133, 34, 195, 363, 194, 365, 1, -2, -1.1071487177940904, 2.23606797749979
133, 36, 57, 376, 55, 378, 2, -2, -0.7853981633974483, 2.8284271247461903
133, 37, 111, 242, 110, 243, 1, -1, -0.7853981633974483, 1.4142135623730951
133, 38, 139, 321, 138, 322, 1, -1, -0.7853981633974483, 1.4142135623730951
133, 39, 222, 200, 220, 200, 2, 0, 0.0, 2.0
133, 43, 63, 281, 62, 282, 1, -1, -0.7853981633974483, 1.4142135623730951
133, 44, 79, 328, 78, 329, 1, -1, -0.7853981633974483, 1.4142135623730951
133, 45, 154, 289, 152, 291, 2, -2, -0.7853981633974483, 2.8284271247461903
133, 46, 109, 384, 108, 385, 1, -1, -0.7853981633974483, 1.4142135623730951
133, 47, 240, 219, 239, 218, 1, 1, 0.7853981633974483, 1.4142135623730951
133, 49, 228, 263, 226, 264, 2, -1, -0.4636476090008061, 2.23606797749979
133, 53, 166, 222, 164, 222, 2, 0, 0.0, 2.0
133, 54, 202, 358, 201, 360, 1, -2, -1.1071487177940904, 2.23606797749979
133, 56, 203, 170, 202, 169, 1, 1, 0.7853981633974483, 1.4142135623730951
133, 57, 230, 343, 229, 345, 1, -2, -1.1071487177940904, 2.23606797749979
133, 58, 69, 372, 68, 373, 1, -1, -0.7853981633974483, 1.4142135623730951
133, 59, 272, 269, 270, 270, 2, -1, -0.4636476090008061, 2.23606797749979
133, 60, 98, 266, 97, 267, 1, -1, -0.7853981633974483, 1.4142135623730951
133, 62, 38, 264, 36, 265, 2, -1, -0.4636476090008061, 2.23606797749979
133, 64, 117, 268, 115, 269, 2, -1, -0.4636476090008061, 2.23606797749979
133, 66, 230, 300, 229, 302, 1, -2, -1.1071487177940904, 2.23606797749979
133, 67, 140, 233, 138, 233, 2, 0, 0.0, 2.0
134, 0, 103, 239, 102, 240, 1, -1, -0.7853981633974483, 1.4142135623730951
134, 6, 76, 240, 75, 241, 1, -1, -0.7853981633974483, 1.4142135623730951
134, 7, 152, 210, 151, 209, 1, 1, 0.7853981633974483, 1.4142135623730951
134, 8, 171, 175, 170, 174, 1, 1, 0.7853981633974483, 1.4142135623730951
134, 9, 28, 288, 27, 289, 1, -1, -0.7853981633974483, 1.4142135623730951
134, 10, 65, 140, 62, 140, 3, 0, 0.0, 3.0
134, 12, 217, 147, 216, 146, 1, 1, 0.7853981633974483, 1.4142135623730951
134, 13, 121, 198, 120, 197, 1, 1, 0.7853981633974483, 1.4142135623730951
134, 14, 270, 259, 268, 261, 2, -2, -0.7853981633974483, 2.8284271247461903
134, 16, 237, 267, 236, 268, 1, -1, -0.7853981633974483, 1.4142135623730951
134, 17, 256, 302, 256, 305, 0, -3, -1.5707963267948966, 3.0
134, 18, 76, 320, 74, 322, 2, -2, -0.7853981633974483, 2.8284271247461903
134, 19, 37, 259, 35, 260, 2, -1, -0.4636476090008061, 2.23606797749979
134, 20, 108, 137, 107, 136, 1, 1, 0.7853981633974483, 1.4142135623730951
134, 21, 142, 208, 139, 208, 3, 0, 0.0, 3.0
134, 22, 39, 345, 38, 346, 1, -1, -0.7853981633974483, 1.4142135623730951
134, 23, 34, 230, 31, 230, 3, 0, 0.0, 3.0
134, 24, 209, 322, 208, 324, 1, -2, -1.1071487177940904, 2.23606797749979
134, 25, 146, 352, 145, 354, 1, -2, -1.1071487177940904, 2.23606797749979
134, 28, 206, 280, 204, 281, 2, -1, -0.4636476090008061, 2.23606797749979
134, 29, 220, 246, 218, 247, 2, -1, -0.4636476090008061, 2.23606797749979
134, 30, 160, 172, 158, 172, 2, 0, 0.0, 2.0
134, 31, 95, 262, 94, 263, 1, -1, -0.7853981633974483, 1.4142135623730951
134, 34, 197, 361, 195, 363, 2, -2, -0.7853981633974483, 2.8284271247461903
134, 36, 58, 375, 57, 376, 1, -1, -0.7853981633974483, 1.4142135623730951
134, 37, 112, 241, 111, 242, 1, -1, -0.7853981633974483, 1.4142135623730951
134, 38, 140, 320, 139, 321, 1, -1, -0.7853981633974483, 1.4142135623730951
134, 41, 149, 285, 148, 286, 1, -1, -0.7853981633974483, 1.4142135623730951
134, 43, 64, 280, 63, 281, 1, -1, -0.7853981633974483, 1.4142135623730951
134, 44, 81, 326, 79, 328, 2, -2, -0.7853981633974483, 2.8284271247461903
134, 45, 155, 288, 154, 289, 1, -1, -0.7853981633974483, 1.4142135623730951
134, 46, 110, 382, 109, 384, 1, -2, -1.1071487177940904, 2.23606797749979
134, 50, 184, 197, 183, 198, 1, -1, -0.7853981633974483, 1.4142135623730951
134, 53, 167, 221, 166, 222, 1, -1, -0.7853981633974483, 1.4142135623730951
134, 54, 203, 357, 202, 358, 1, -1, -0.7853981633974483, 1.4142135623730951
134, 56, 204, 171, 203, 170, 1, 1, 0.7853981633974483, 1.4142135623730951
134, 57, 233, 342, 230, 343, 3, -1, -0.3217505543966422, 3.1622776601683795
134, 58, 71, 371, 69, 372, 2, -1, -0.4636476090008061, 2.23606797749979
134, 59, 273, 268, 272, 269, 1, -1, -0.7853981633974483, 1.4142135623730951
134, 60, 100, 265, 98, 266, 2, -1, -0.4636476090008061, 2.23606797749979
134, 61, 81, 106, 80, 105, 1, 1, 0.7853981633974483, 1.4142135623730951
134, 62, 40, 263, 38, 264, 2, -1, -0.4636476090008061, 2.23606797749979
134, 63, 146, 236, 145, 237, 1, -1, -0.7853981633974483, 1.4142135623730951
134, 64, 118, 267, 117, 268, 1, -1, -0.7853981633974483, 1.4142135623730951
134, 66, 231, 298, 230, 300, 1, -2, -1.1071487177940904, 2.23606797749979
135, 0, 108, 242, 107, 243, 1, -1, -0.7853981633974483, 1.4142135623730951
135, 2, 28, 292, 27, 293, 1, -1, -0.7853981633974483, 1.4142135623730951
135, 3, 46, 171, 45, 172, 1, -1, -0.7853981633974483, 1.4142135623730951
135, 4, 153, 203, 151, 204, 2, -1, -0.4636476090008061, 2.23606797749979
135, 7, 74, 238, 73, 239, 1, -1, -0.7853981633974483, 1.4142135623730951
135, 9, 125, 173, 123, 172, 2, 1, 0.4636476090008061, 2.23606797749979
135, 10, 74, 246, 72, 247, 2, -1, -0.4636476090008061, 2.23606797749979
135, 11, 141, 207, 139, 207, 2, 0, 0.0, 2.0
135, 12, 30, 126, 28, 126, 2, 0, 0.0, 2.0
135, 14, 96, 221, 94, 221, 2, 0, 0.0, 2.0
135, 15, 77, 330, 76, 332, 1, -2, -1.1071487177940904, 2.23606797749979
135, 16, 62, 139, 60, 139, 2, 0, 0.0, 2.0
135, 17, 259, 307, 258, 310, 1, -3, -1.2490457723982544, 3.1622776601683795
135, 19, 35, 267, 33, 268, 2, -1, -0.4636476090008061, 2.23606797749979
135, 20, 107, 138, 106, 137, 1, 1, 0.7853981633974483, 1.4142135623730951
135, 21, 149, 285, 148, 287, 1, -2, -1.1071487177940904, 2.23606797749979
135, 22, 265, 273, 264, 275, 1, -2, -1.1071487177940904, 2.23606797749979
135, 23, 196, 365, 195, 367, 1, -2, -1.1071487177940904, 2.23606797749979
135, 24, 61, 378, 59, 379, 2, -1, -0.4636476090008061, 2.23606797749979
135, 27, 8, 323, 7, 324, 1, -1, -0.7853981633974483, 1.4142135623730951
135, 28, 159, 175, 157, 175, 2, 0, 0.0, 2.0
135, 29, 91, 264, 89, 264, 2, 0, 0.0, 2.0
135, 30, 91, 171, 89, 170, 2, 1, 0.4636476090008061, 2.23606797749979
135, 35, 221, 304, 221, 306, 0, -2, -1.5707963267948966, 2.0
135, 36, 38, 350, 37, 351, 1, -1, -0.7853981633974483, 1.4142135623730951
135, 37, 84, 324, 83, 325, 1, -1, -0.7853981633974483, 1.4142135623730951
135, 39, 220, 247, 218, 248, 2, -1, -0.4636476090008061, 2.23606797749979
135, 40, 169, 225, 167, 224, 2, 1, 0.4636476090008061, 2.23606797749979
135, 42, 242, 222, 241, 221, 1, 1, 0.7853981633974483, 1.4142135623730951
135, 43, 187, 258, 185, 258, 2, 0, 0.0, 2.0
135, 45, 225, 201, 223, 201, 2, 0, 0.0, 2.0
135, 46, 141, 321, 140, 323, 1, -2, -1.1071487177940904, 2.23606797749979
135, 47, 201, 110, 200, 109, 1, 1, 0.7853981633974483, 1.4142135623730951
135, 48, 99, 265, 98, 267, 1, -2, -1.1071487177940904, 2.23606797749979
135, 51, 145, 356, 144, 358, 1, -2, -1.1071487177940904, 2.23606797749979
135, 52, 141, 239, 140, 240, 1, -1, -0.7853981633974483, 1.4142135623730951
135, 54, 265, 265, 264, 266, 1, -1, -0.7853981633974483, 1.4142135623730951
135, 55, 20, 154, 19, 153, 1, 1, 0.7853981633974483, 1.4142135623730951
135, 56, 69, 195, 68, 196, 1, -1, -0.7853981633974483, 1.4142135623730951
135, 57, 178, 305, 177, 307, 1, -2, -1.1071487177940904, 2.23606797749979
135, 58, 217, 147, 216, 146, 1, 1, 0.7853981633974483, 1.4142135623730951
135, 59, 119, 271, 117, 271, 2, 0, 0.0, 2.0
136, 0, 110, 242, 108, 242, 2, 0, 0.0, 2.0
136, 1, 119, 100, 118, 99, 1, 1, 0.7853981633974483, 1.4142135623730951
136, 2, 29, 291, 28, 292, 1, -1, -0.7853981633974483, 1.4142135623730951
136, 4, 156, 204, 153, 203, 3, 1, 0.3217505543966422, 3.1622776601683795
136, 7, 76, 238, 74, 238, 2, 0, 0.0, 2.0
136, 10, 75, 245, 74, 246, 1, -1, -0.7853981633974483, 1.4142135623730951
136, 11, 143, 207, 141, 207, 2, 0, 0.0, 2.0
136, 13, 54, 211, 52, 211, 2, 0, 0.0, 2.0
136, 15, 81, 328, 77, 330, 4, -2, -0.4636476090008061, 4.47213595499958
136, 17, 260, 304, 259, 307, 1, -3, -1.2490457723982544, 3.1622776601683795
136, 19, 37, 267, 35, 267, 2, 0, 0.0, 2.0
136, 20, 109, 138, 107, 138, 2, 0, 0.0, 2.0
136, 21, 151, 284, 149, 285, 2, -1, -0.4636476090008061, 2.23606797749979
136, 22, 266, 270, 265, 273, 1, -3, -1.2490457723982544, 3.1622776601683795
136, 23, 197, 363, 196, 365, 1, -2, -1.1071487177940904, 2.23606797749979
136, 24, 62, 377, 61, 378, 1, -1, -0.7853981633974483, 1.4142135623730951
136, 25, 133, 175, 132, 174, 1, 1, 0.7853981633974483, 1.4142135623730951
136, 27, 9, 322, 8, 323, 1, -1, -0.7853981633974483, 1.4142135623730951
136, 29, 92, 263, 91, 264, 1, -1, -0.7853981633974483, 1.4142135623730951
136, 30, 93, 172, 91, 171, 2, 1, 0.4636476090008061, 2.23606797749979
136, 31, 35, 231, 33, 232, 2, -1, -0.4636476090008061, 2.23606797749979
136, 35, 223, 301, 221, 304, 2, -3, -0.982793723247329, 3.605551275463989
136, 36, 40, 348, 38, 350, 2, -2, -0.7853981633974483, 2.8284271247461903
136, 37, 86, 325, 84, 324, 2, 1, 0.4636476090008061, 2.23606797749979
136, 38, 108, 385, 107, 386, 1, -1, -0.7853981633974483, 1.4142135623730951
136, 39, 222, 246, 220, 247, 2, -1, -0.4636476090008061, 2.23606797749979
136, 42, 244, 222, 242, 222, 2, 0, 0.0, 2.0
136, 43, 188, 257, 187, 258, 1, -1, -0.7853981633974483, 1.4142135623730951
136, 44, 207, 328, 206, 329, 1, -1, -0.7853981633974483, 1.4142135623730951
136, 45, 227, 201, 225, 201, 2, 0, 0.0, 2.0
136, 46, 142, 320, 141, 321, 1, -1, -0.7853981633974483, 1.4142135623730951
136, 47, 202, 111, 201, 110, 1, 1, 0.7853981633974483, 1.4142135623730951
136, 48, 100, 262, 99, 265, 1, -3, -1.2490457723982544, 3.1622776601683795
136, 51, 146, 354, 145, 356, 1, -2, -1.1071487177940904, 2.23606797749979
136, 53, 26, 133, 25, 132, 1, 1, 0.7853981633974483, 1.4142135623730951
136, 54, 266, 264, 265, 265, 1, -1, -0.7853981633974483, 1.4142135623730951
136, 58, 218, 148, 217, 147, 1, 1, 0.7853981633974483, 1.4142135623730951
136, 59, 121, 270, 119, 271, 2, -1, -0.4636476090008061, 2.23606797749979
137, 0, 112, 241, 110, 242, 2, -1, -0.4636476090008061, 2.23606797749979
137, 2, 30, 290, 29, 291, 1, -1, -0.7853981633974483, 1.4142135623730951
137, 3, 49, 171, 47, 171, 2, 0, 0.0, 2.0
137, 4, 158, 204, 156, 204, 2, 0, 0.0, 2.0
137, 7, 77, 237, 76, 238, 1, -1, -0.7853981633974483, 1.4142135623730951
137, 9, 127, 174, 126, 173, 1, 1, 0.7853981633974483, 1.4142135623730951
137, 10, 76, 244, 75, 245, 1, -1, -0.7853981633974483, 1.4142135623730951
137, 11, 145, 207, 143, 207, 2, 0, 0.0, 2.0
137, 12, 33, 126, 31, 126, 2, 0, 0.0, 2.0
137, 14, 99, 221, 97, 221, 2, 0, 0.0, 2.0
137, 15, 82, 327, 81, 328, 1, -1, -0.7853981633974483, 1.4142135623730951
137, 16, 65, 139, 63, 139, 2, 0, 0.0, 2.0
137, 17, 260, 301, 260, 304, 0, -3, -1.5707963267948966, 3.0
137, 18, 205, 219, 203, 219, 2, 0, 0.0, 2.0
137, 19, 39, 266, 37, 267, 2, -1, -0.4636476090008061, 2.23606797749979
137, 20, 110, 139, 109, 138, 1, 1, 0.7853981633974483, 1.4142135623730951
137, 22, 267, 268, 266, 270, 1, -2, -1.1071487177940904, 2.23606797749979
137, 23, 198, 360, 197, 363, 1, -3, -1.2490457723982544, 3.1622776601683795
137, 24, 64, 375, 62, 377, 2, -2, -0.7853981633974483, 2.8284271247461903
137, 27, 11, 322, 9, 322, 2, 0, 0.0, 2.0
137, 29, 93, 262, 92, 263, 1, -1, -0.7853981633974483, 1.4142135623730951
137, 31, 37, 231, 35, 231, 2, 0, 0.0, 2.0
137, 36, 42, 346, 40, 348, 2, -2, -0.7853981633974483, 2.8284271247461903
137, 37, 87, 324, 86, 325, 1, -1, -0.7853981633974483, 1.4142135623730951
137, 38, 109, 384, 108, 385, 1, -1, -0.7853981633974483, 1.4142135623730951
137, 39, 223, 245, 222, 246, 1, -1, -0.7853981633974483, 1.4142135623730951
137, 40, 172, 225, 170, 225, 2, 0, 0.0, 2.0
137, 42, 246, 223, 244, 222, 2, 1, 0.4636476090008061, 2.23606797749979
137, 43, 189, 256, 188, 257, 1, -1, -0.7853981633974483, 1.4142135623730951
137, 44, 208, 325, 207, 328, 1, -3, -1.2490457723982544, 3.1622776601683795
137, 45, 229, 201, 227, 201, 2, 0, 0.0, 2.0
137, 46, 143, 319, 142, 320, 1, -1, -0.7853981633974483, 1.4142135623730951
137, 47, 203, 112, 202, 111, 1, 1, 0.7853981633974483, 1.4142135623730951
137, 48, 102, 260, 100, 262, 2, -2, -0.7853981633974483, 2.8284271247461903
137, 51, 147, 353, 146, 354, 1, -1, -0.7853981633974483, 1.4142135623730951
137, 53, 27, 134, 26, 133, 1, 1, 0.7853981633974483, 1.4142135623730951
137, 54, 267, 263, 266, 264, 1, -1, -0.7853981633974483, 1.4142135623730951
137, 57, 179, 303, 178, 304, 1, -1, -0.7853981633974483, 1.4142135623730951
137, 58, 219, 149, 218, 148, 1, 1, 0.7853981633974483, 1.4142135623730951
137, 59, 125, 269, 121, 270, 4, -1, -0.24497866312686414, 4.123105625617661
138, 0, 113, 240, 112, 241, 1, -1, -0.7853981633974483, 1.4142135623730951
138, 1, 122, 100, 120, 100, 2, 0, 0.0, 2.0
138, 2, 31, 288, 30, 290, 1, -2, -1.1071487177940904, 2.23606797749979
138, 4, 160, 205, 158, 204, 2, 1, 0.4636476090008061, 2.23606797749979
138, 5, 46, 210, 44, 210, 2, 0, 0.0, 2.0
138, 10, 77, 243, 76, 244, 1, -1, -0.7853981633974483, 1.4142135623730951
138, 12, 35, 126, 33, 126, 2, 0, 0.0, 2.0
138, 13, 57, 211, 55, 211, 2, 0, 0.0, 2.0
138, 14, 101, 221, 99, 221, 2, 0, 0.0, 2.0
138, 15, 84, 325, 82, 327, 2, -2, -0.7853981633974483, 2.8284271247461903
138, 16, 67, 140, 65, 139, 2, 1, 0.4636476090008061, 2.23606797749979
138, 20, 111, 140, 110, 139, 1, 1, 0.7853981633974483, 1.4142135623730951
138, 21, 152, 282, 151, 283, 1, -1, -0.7853981633974483, 1.4142135623730951
138, 22, 268, 266, 267, 268, 1, -2, -1.1071487177940904, 2.23606797749979
138, 23, 199, 358, 198, 360, 1, -2, -1.1071487177940904, 2.23606797749979
138, 24, 65, 374, 64, 375, 1, -1, -0.7853981633974483, 1.4142135623730951
138, 25, 136, 175, 134, 175, 2, 0, 0.0, 2.0
138, 27, 12, 321, 11, 322, 1, -1, -0.7853981633974483, 1.4142135623730951
138, 29, 94, 261, 93, 262, 1, -1, -0.7853981633974483, 1.4142135623730951
138, 33, 82, 113, 80, 112, 2, 1, 0.4636476090008061, 2.23606797749979
138, 35, 224, 298, 223, 300, 1, -2, -1.1071487177940904, 2.23606797749979
138, 36, 44, 344, 42, 346, 2, -2, -0.7853981633974483, 2.8284271247461903
138, 37, 88, 322, 87, 324, 1, -2, -1.1071487177940904, 2.23606797749979
138, 38, 110, 382, 109, 384, 1, -2, -1.1071487177940904, 2.23606797749979
138, 39, 225, 244, 223, 245, 2, -1, -0.4636476090008061, 2.23606797749979
138, 40, 174, 224, 172, 225, 2, -1, -0.4636476090008061, 2.23606797749979
138, 42, 248, 223, 246, 223, 2, 0, 0.0, 2.0
138, 43, 190, 254, 189, 256, 1, -2, -1.1071487177940904, 2.23606797749979
138, 44, 209, 323, 208, 325, 1, -2, -1.1071487177940904, 2.23606797749979
138, 45, 230, 200, 229, 201, 1, -1, -0.7853981633974483, 1.4142135623730951
138, 46, 144, 318, 143, 319, 1, -1, -0.7853981633974483, 1.4142135623730951
138, 47, 204, 113, 203, 112, 1, 1, 0.7853981633974483, 1.4142135623730951
138, 48, 104, 259, 102, 260, 2, -1, -0.4636476090008061, 2.23606797749979
138, 51, 148, 351, 147, 353, 1, -2, -1.1071487177940904, 2.23606797749979
138, 53, 29, 134, 27, 134, 2, 0, 0.0, 2.0
138, 54, 268, 262, 267, 263, 1, -1, -0.7853981633974483, 1.4142135623730951
138, 55, 23, 154, 21, 153, 2, 1, 0.4636476090008061, 2.23606797749979
138, 58, 220, 151, 219, 149, 1, 2, 1.1071487177940904, 2.23606797749979
139, 0, 115, 239, 113, 240, 2, -1, -0.4636476090008061, 2.23606797749979
139, 1, 123, 101, 122, 100, 1, 1, 0.7853981633974483, 1.4142135623730951
139, 7, 78, 236, 77, 237, 1, -1, -0.7853981633974483, 1.4142135623730951
139, 9, 130, 175, 128, 174, 2, 1, 0.4636476090008061, 2.23606797749979
139, 10, 79, 242, 77, 243, 2, -1, -0.4636476090008061, 2.23606797749979
139, 11, 148, 206, 146, 207, 2, -1, -0.4636476090008061, 2.23606797749979
139, 15, 85, 324, 84, 325, 1, -1, -0.7853981633974483, 1.4142135623730951
139, 21, 153, 281, 152, 282, 1, -1, -0.7853981633974483, 1.4142135623730951
139, 22, 269, 265, 268, 266, 1, -1, -0.7853981633974483, 1.4142135623730951
139, 23, 200, 356, 199, 358, 1, -2, -1.1071487177940904, 2.23606797749979
139, 24, 66, 373, 65, 374, 1, -1, -0.7853981633974483, 1.4142135623730951
139, 27, 14, 320, 12, 321, 2, -1, -0.4636476090008061, 2.23606797749979
139, 28, 163, 174, 162, 175, 1, -1, -0.7853981633974483, 1.4142135623730951
139, 29, 95, 260, 94, 261, 1, -1, -0.7853981633974483, 1.4142135623730951
139, 32, 94, 161, 92, 161, 2, 0, 0.0, 2.0
139, 36, 45, 343, 44, 344, 1, -1, -0.7853981633974483, 1.4142135623730951
139, 38, 111, 381, 110, 382, 1, -1, -0.7853981633974483, 1.4142135623730951
139, 39, 226, 243, 225, 244, 1, -1, -0.7853981633974483, 1.4142135623730951
139, 40, 176, 224, 174, 224, 2, 0, 0.0, 2.0
139, 41, 216, 218, 214, 218, 2, 0, 0.0, 2.0
139, 42, 250, 223, 248, 223, 2, 0, 0.0, 2.0
139, 43, 191, 253, 190, 254, 1, -1, -0.7853981633974483, 1.4142135623730951
139, 44, 210, 322, 209, 323, 1, -1, -0.7853981633974483, 1.4142135623730951
139, 45, 232, 200, 230, 200, 2, 0, 0.0, 2.0
139, 46, 145, 317, 144, 318, 1, -1, -0.7853981633974483, 1.4142135623730951
139, 47, 205, 114, 204, 113, 1, 1, 0.7853981633974483, 1.4142135623730951
139, 48, 104, 256, 104, 259, 0, -3, -1.5707963267948966, 3.0
139, 50, 104, 354, 103, 355, 1, -1, -0.7853981633974483, 1.4142135623730951
139, 52, 146, 238, 144, 239, 2, -1, -0.4636476090008061, 2.23606797749979
139, 57, 181, 300, 179, 302, 2, -2, -0.7853981633974483, 2.8284271247461903
139, 59, 127, 268, 126, 269, 1, -1, -0.7853981633974483, 1.4142135623730951
140, 0, 51, 171, 50, 172, 1, -1, -0.7853981633974483, 1.4142135623730951
140, 1, 109, 241, 108, 242, 1, -1, -0.7853981633974483, 1.4142135623730951
140, 2, 123, 103, 121, 102, 2, 1, 0.4636476090008061, 2.23606797749979
140, 6, 158, 209, 156, 210, 2, -1, -0.4636476090008061, 2.23606797749979
140, 7, 129, 176, 128, 175, 1, 1, 0.7853981633974483, 1.4142135623730951
140, 9, 100, 222, 99, 223, 1, -1, -0.7853981633974483, 1.4142135623730951
140, 11, 29, 287, 27, 288, 2, -1, -0.4636476090008061, 2.23606797749979
140, 12, 214, 222, 212, 223, 2, -1, -0.4636476090008061, 2.23606797749979
140, 13, 38, 232, 37, 233, 1, -1, -0.7853981633974483, 1.4142135623730951
140, 14, 61, 212, 59, 213, 2, -1, -0.4636476090008061, 2.23606797749979
140, 16, 163, 176, 162, 175, 1, 1, 0.7853981633974483, 1.4142135623730951
140, 17, 79, 321, 78, 322, 1, -1, -0.7853981633974483, 1.4142135623730951
140, 18, 14, 322, 12, 323, 2, -1, -0.4636476090008061, 2.23606797749979
140, 20, 123, 204, 121, 204, 2, 0, 0.0, 2.0
140, 21, 75, 240, 73, 241, 2, -1, -0.4636476090008061, 2.23606797749979
140, 23, 41, 267, 39, 267, 2, 0, 0.0, 2.0
140, 25, 200, 361, 199, 363, 1, -2, -1.1071487177940904, 2.23606797749979
140, 26, 112, 141, 111, 140, 1, 1, 0.7853981633974483, 1.4142135623730951
140, 27, 44, 345, 43, 347, 1, -2, -1.1071487177940904, 2.23606797749979
140, 28, 158, 287, 156, 288, 2, -1, -0.4636476090008061, 2.23606797749979
140, 29, 34, 292, 32, 293, 2, -1, -0.4636476090008061, 2.23606797749979
140, 31, 95, 262, 94, 264, 1, -2, -1.1071487177940904, 2.23606797749979
140, 32, 67, 241, 65, 242, 2, -1, -0.4636476090008061, 2.23606797749979
140, 33, 46, 163, 44, 163, 2, 0, 0.0, 2.0
140, 38, 92, 201, 91, 202, 1, -1, -0.7853981633974483, 1.4142135623730951
140, 39, 65, 373, 64, 375, 1, -2, -1.1071487177940904, 2.23606797749979
140, 40, 147, 206, 144, 207, 3, -1, -0.3217505543966422, 3.1622776601683795
140, 44, 86, 110, 85, 109, 1, 1, 0.7853981633974483, 1.4142135623730951
140, 45, 262, 303, 261, 305, 1, -2, -1.1071487177940904, 2.23606797749979
140, 46, 112, 384, 111, 385, 1, -1, -0.7853981633974483, 1.4142135623730951
140, 47, 235, 269, 234, 270, 1, -1, -0.7853981633974483, 1.4142135623730951
140, 48, 208, 354, 207, 355, 1, -1, -0.7853981633974483, 1.4142135623730951
140, 49, 177, 148, 176, 147, 1, 1, 0.7853981633974483, 1.4142135623730951
140, 50, 71, 284, 70, 285, 1, -1, -0.7853981633974483, 1.4142135623730951
140, 51, 213, 324, 212, 326, 1, -2, -1.1071487177940904, 2.23606797749979
140, 52, 87, 323, 85, 325, 2, -2, -0.7853981633974483, 2.8284271247461903
140, 54, 147, 352, 148, 354, -1, -2, -2.0344439357957027, 2.23606797749979
140, 55, 224, 247, 223, 248, 1, -1, -0.7853981633974483, 1.4142135623730951
140, 56, 250, 223, 248, 223, 2, 0, 0.0, 2.0
140, 57, 195, 204, 193, 205, 2, -1, -0.4636476090008061, 2.23606797749979
140, 58, 6, 268, 4, 268, 2, 0, 0.0, 2.0
140, 61, 157, 262, 156, 263, 1, -1, -0.7853981633974483, 1.4142135623730951
140, 62, 190, 256, 189, 257, 1, -1, -0.7853981633974483, 1.4142135623730951
140, 64, 149, 237, 148, 238, 1, -1, -0.7853981633974483, 1.4142135623730951
140, 65, 238, 126, 237, 125, 1, 1, 0.7853981633974483, 1.4142135623730951
140, 66, 209, 279, 207, 280, 2, -1, -0.4636476090008061, 2.23606797749979
140, 67, 145, 322, 144, 323, 1, -1, -0.7853981633974483, 1.4142135623730951
140, 68, 9, 187, 7, 188, 2, -1, -0.4636476090008061, 2.23606797749979
140, 72, 14, 210, 12, 211, 2, -1, -0.4636476090008061, 2.23606797749979
140, 74, 306, 233, 302, 234, 4, -1, -0.24497866312686414, 4.123105625617661
140, 75, 207, 321, 205, 324, 2, -3, -0.982793723247329, 3.605551275463989
140, 76, 107, 295, 106, 296, 1, -1, -0.7853981633974483, 1.4142135623730951
141, 1, 111, 240, 109, 241, 2, -1, -0.4636476090008061, 2.23606797749979
141, 3, 93, 221, 91, 221, 2, 0, 0.0, 2.0
141, 4, 49, 212, 47, 212, 2, 0, 0.0, 2.0
141, 6, 159, 208, 158, 209, 1, -1, -0.7853981633974483, 1.4142135623730951
141, 8, 277, 264, 275, 266, 2, -2, -0.7853981633974483, 2.8284271247461903
141, 9, 101, 221, 100, 222, 1, -1, -0.7853981633974483, 1.4142135623730951
141, 11, 31, 287, 29, 287, 2, 0, 0.0, 2.0
141, 17, 80, 318, 79, 321, 1, -3, -1.2490457723982544, 3.1622776601683795
141, 18, 16, 321, 14, 322, 2, -1, -0.4636476090008061, 2.23606797749979
141, 19, 96, 169, 94, 169, 2, 0, 0.0, 2.0
141, 21, 77, 240, 75, 240, 2, 0, 0.0, 2.0
141, 23, 43, 267, 41, 267, 2, 0, 0.0, 2.0
141, 25, 201, 359, 200, 361, 1, -2, -1.1071487177940904, 2.23606797749979
141, 27, 46, 343, 44, 345, 2, -2, -0.7853981633974483, 2.8284271247461903
141, 28, 160, 286, 158, 287, 2, -1, -0.4636476090008061, 2.23606797749979
141, 29, 36, 292, 34, 292, 2, 0, 0.0, 2.0
141, 30, 25, 153, 24, 154, 1, -1, -0.7853981633974483, 1.4142135623730951
141, 31, 96, 261, 95, 262, 1, -1, -0.7853981633974483, 1.4142135623730951
141, 33, 47, 162, 46, 163, 1, -1, -0.7853981633974483, 1.4142135623730951
141, 34, 75, 196, 73, 197, 2, -1, -0.4636476090008061, 2.23606797749979
141, 35, 219, 151, 218, 150, 1, 1, 0.7853981633974483, 1.4142135623730951
141, 36, 88, 244, 86, 244, 2, 0, 0.0, 2.0
141, 38, 93, 200, 92, 201, 1, -1, -0.7853981633974483, 1.4142135623730951
141, 39, 66, 372, 65, 373, 1, -1, -0.7853981633974483, 1.4142135623730951
141, 40, 149, 205, 147, 206, 2, -1, -0.4636476090008061, 2.23606797749979
141, 41, 176, 227, 174, 227, 2, 0, 0.0, 2.0
141, 43, 106, 261, 104, 263, 2, -2, -0.7853981633974483, 2.8284271247461903
141, 45, 263, 301, 262, 303, 1, -2, -1.1071487177940904, 2.23606797749979
141, 46, 113, 383, 112, 384, 1, -1, -0.7853981633974483, 1.4142135623730951
141, 47, 237, 268, 235, 269, 2, -1, -0.4636476090008061, 2.23606797749979
141, 51, 214, 322, 213, 324, 1, -2, -1.1071487177940904, 2.23606797749979
141, 52, 88, 321, 87, 323, 1, -2, -1.1071487177940904, 2.23606797749979
141, 53, 236, 295, 235, 296, 1, -1, -0.7853981633974483, 1.4142135623730951
141, 54, 148, 351, 147, 352, 1, -1, -0.7853981633974483, 1.4142135623730951
141, 56, 252, 223, 250, 223, 2, 0, 0.0, 2.0
141, 57, 196, 203, 195, 204, 1, -1, -0.7853981633974483, 1.4142135623730951
141, 58, 8, 267, 6, 268, 2, -1, -0.4636476090008061, 2.23606797749979
141, 60, 37, 155, 36, 156, 1, -1, -0.7853981633974483, 1.4142135623730951
141, 61, 158, 261, 157, 262, 1, -1, -0.7853981633974483, 1.4142135623730951
141, 62, 191, 255, 190, 256, 1, -1, -0.7853981633974483, 1.4142135623730951
141, 65, 239, 127, 238, 126, 1, 1, 0.7853981633974483, 1.4142135623730951
141, 66, 210, 278, 209, 279, 1, -1, -0.7853981633974483, 1.4142135623730951
141, 67, 146, 321, 145, 322, 1, -1, -0.7853981633974483, 1.4142135623730951
141, 68, 10, 186, 9, 187, 1, -1, -0.7853981633974483, 1.4142135623730951
141, 72, 16, 210, 14, 210, 2, 0, 0.0, 2.0
141, 73, 19, 289, 18, 290, 1, -1, -0.7853981633974483, 1.4142135623730951
141, 74, 307, 231, 306, 233, 1, -2, -1.1071487177940904, 2.23606797749979
141, 75, 208, 319, 207, 321, 1, -2, -1.1071487177940904, 2.23606797749979
141, 76, 108, 294, 107, 295, 1, -1, -0.7853981633974483, 1.4142135623730951
142, 1, 113, 240, 111, 240, 2, 0, 0.0, 2.0
142, 3, 96, 218, 93, 221, 3, -3, -0.7853981633974483, 4.242640687119285
142, 4, 51, 210, 49, 212, 2, -2, -0.7853981633974483, 2.8284271247461903
142, 6, 161, 207, 159, 208, 2, -1, -0.4636476090008061, 2.23606797749979
142, 7, 133, 175, 130, 176, 3, -1, -0.3217505543966422, 3.1622776601683795
142, 8, 279, 263, 277, 264, 2, -1, -0.4636476090008061, 2.23606797749979
142, 9, 103, 220, 101, 221, 2, -1, -0.4636476090008061, 2.23606797749979
142, 10, 34, 132, 32, 132, 2, 0, 0.0, 2.0
142, 11, 33, 287, 31, 287, 2, 0, 0.0, 2.0
142, 13, 41, 232, 39, 232, 2, 0, 0.0, 2.0
142, 15, 174, 179, 172, 178, 2, 1, 0.4636476090008061, 2.23606797749979
142, 17, 82, 317, 80, 318, 2, -1, -0.4636476090008061, 2.23606797749979
142, 18, 18, 320, 16, 321, 2, -1, -0.4636476090008061, 2.23606797749979
142, 21, 79, 240, 77, 240, 2, 0, 0.0, 2.0
142, 22, 15, 244, 14, 245, 1, -1, -0.7853981633974483, 1.4142135623730951
142, 23, 45, 266, 43, 267, 2, -1, -0.4636476090008061, 2.23606797749979
142, 24, 69, 144, 67, 142, 2, 2, 0.7853981633974483, 2.8284271247461903
142, 25, 202, 357, 201, 359, 1, -2, -1.1071487177940904, 2.23606797749979
142, 26, 114, 142, 113, 141, 1, 1, 0.7853981633974483, 1.4142135623730951
142, 27, 48, 342, 46, 343, 2, -1, -0.4636476090008061, 2.23606797749979
142, 28, 161, 285, 160, 286, 1, -1, -0.7853981633974483, 1.4142135623730951
142, 29, 37, 291, 36, 292, 1, -1, -0.7853981633974483, 1.4142135623730951
142, 31, 98, 260, 96, 261, 2, -1, -0.4636476090008061, 2.23606797749979
142, 32, 70, 240, 68, 241, 2, -1, -0.4636476090008061, 2.23606797749979
142, 33, 48, 161, 47, 162, 1, -1, -0.7853981633974483, 1.4142135623730951
142, 34, 76, 195, 75, 196, 1, -1, -0.7853981633974483, 1.4142135623730951
142, 35, 220, 152, 219, 151, 1, 1, 0.7853981633974483, 1.4142135623730951
142, 37, 139, 175, 137, 175, 2, 0, 0.0, 2.0
142, 38, 95, 199, 93, 200, 2, -1, -0.4636476090008061, 2.23606797749979
142, 39, 68, 371, 66, 372, 2, -1, -0.4636476090008061, 2.23606797749979
142, 40, 150, 204, 149, 205, 1, -1, -0.7853981633974483, 1.4142135623730951
142, 41, 178, 227, 176, 227, 2, 0, 0.0, 2.0
142, 42, 231, 201, 230, 202, 1, -1, -0.7853981633974483, 1.4142135623730951
142, 43, 107, 259, 106, 261, 1, -2, -1.1071487177940904, 2.23606797749979
142, 45, 263, 299, 263, 301, 0, -2, -1.5707963267948966, 2.0
142, 46, 114, 382, 113, 383, 1, -1, -0.7853981633974483, 1.4142135623730951
142, 47, 238, 267, 237, 268, 1, -1, -0.7853981633974483, 1.4142135623730951
142, 50, 74, 284, 72, 284, 2, 0, 0.0, 2.0
142, 52, 89, 320, 88, 321, 1, -1, -0.7853981633974483, 1.4142135623730951
142, 53, 236, 292, 236, 295, 0, -3, -1.5707963267948966, 3.0
142, 54, 149, 350, 148, 351, 1, -1, -0.7853981633974483, 1.4142135623730951
142, 55, 226, 246, 225, 247, 1, -1, -0.7853981633974483, 1.4142135623730951
142, 57, 197, 202, 196, 203, 1, -1, -0.7853981633974483, 1.4142135623730951
142, 58, 10, 267, 8, 267, 2, 0, 0.0, 2.0
142, 60, 159, 260, 158, 261, 1, -1, -0.7853981633974483, 1.4142135623730951
142, 62, 43, 289, 41, 290, 2, -1, -0.4636476090008061, 2.23606797749979
142, 64, 240, 128, 239, 127, 1, 1, 0.7853981633974483, 1.4142135623730951
142, 65, 211, 277, 210, 278, 1, -1, -0.7853981633974483, 1.4142135623730951
142, 66, 147, 319, 146, 321, 1, -2, -1.1071487177940904, 2.23606797749979
142, 67, 11, 185, 10, 186, 1, -1, -0.7853981633974483, 1.4142135623730951
142, 71, 18, 210, 16, 210, 2, 0, 0.0, 2.0
142, 72, 21, 288, 19, 289, 2, -1, -0.4636476090008061, 2.23606797749979
142, 73, 307, 229, 307, 231, 0, -2, -1.5707963267948966, 2.0
142, 75, 110, 293, 108, 294, 2, -1, -0.4636476090008061, 2.23606797749979
142, 76, 15, 376, 17, 376, -2, 0, 3.141592653589793, 2.0
143, 0, 54, 170, 53, 171, 1, -1, -0.7853981633974483, 1.4142135623730951
143, 1, 114, 239, 113, 240, 1, -1, -0.7853981633974483, 1.4142135623730951
143, 3, 98, 218, 96, 218, 2, 0, 0.0, 2.0
143, 8, 281, 262, 279, 263, 2, -1, -0.4636476090008061, 2.23606797749979
143, 11, 35, 286, 33, 287, 2, -1, -0.4636476090008061, 2.23606797749979
143, 17, 83, 316, 82, 317, 1, -1, -0.7853981633974483, 1.4142135623730951
143, 18, 20, 319, 18, 320, 2, -1, -0.4636476090008061, 2.23606797749979
143, 20, 127, 204, 125, 204, 2, 0, 0.0, 2.0
143, 21, 81, 239, 79, 240, 2, -1, -0.4636476090008061, 2.23606797749979
143, 22, 16, 243, 15, 244, 1, -1, -0.7853981633974483, 1.4142135623730951
143, 23, 47, 265, 45, 266, 2, -1, -0.4636476090008061, 2.23606797749979
143, 25, 203, 355, 202, 357, 1, -2, -1.1071487177940904, 2.23606797749979
143, 27, 50, 341, 48, 342, 2, -1, -0.4636476090008061, 2.23606797749979
143, 28, 162, 284, 161, 285, 1, -1, -0.7853981633974483, 1.4142135623730951
143, 29, 38, 290, 37, 291, 1, -1, -0.7853981633974483, 1.4142135623730951
143, 32, 72, 239, 70, 240, 2, -1, -0.4636476090008061, 2.23606797749979
143, 34, 221, 153, 220, 152, 1, 1, 0.7853981633974483, 1.4142135623730951
143, 35, 91, 244, 89, 244, 2, 0, 0.0, 2.0
143, 38, 69, 370, 68, 371, 1, -1, -0.7853981633974483, 1.4142135623730951
143, 39, 152, 204, 150, 204, 2, 0, 0.0, 2.0
143, 43, 88, 111, 87, 110, 1, 1, 0.7853981633974483, 1.4142135623730951
143, 44, 264, 296, 263, 299, 1, -3, -1.2490457723982544, 3.1622776601683795
143, 45, 115, 381, 114, 382, 1, -1, -0.7853981633974483, 1.4142135623730951
143, 46, 239, 266, 238, 267, 1, -1, -0.7853981633974483, 1.4142135623730951
143, 47, 209, 351, 208, 353, 1, -2, -1.1071487177940904, 2.23606797749979
143, 48, 179, 150, 178, 149, 1, 1, 0.7853981633974483, 1.4142135623730951
143, 49, 75, 283, 74, 284, 1, -1, -0.7853981633974483, 1.4142135623730951
143, 50, 215, 319, 214, 321, 1, -2, -1.1071487177940904, 2.23606797749979
143, 51, 89, 318, 89, 320, 0, -2, -1.5707963267948966, 2.0
143, 52, 237, 290, 236, 292, 1, -2, -1.1071487177940904, 2.23606797749979
143, 53, 150, 348, 149, 350, 1, -2, -1.1071487177940904, 2.23606797749979
143, 54, 227, 245, 226, 246, 1, -1, -0.7853981633974483, 1.4142135623730951
143, 59, 160, 259, 159, 260, 1, -1, -0.7853981633974483, 1.4142135623730951
143, 60, 193, 254, 191, 254, 2, 0, 0.0, 2.0
143, 61, 45, 288, 43, 289, 2, -1, -0.4636476090008061, 2.23606797749979
143, 63, 241, 130, 240, 128, 1, 2, 1.1071487177940904, 2.23606797749979
143, 64, 213, 276, 211, 277, 2, -1, -0.4636476090008061, 2.23606797749979
143, 65, 148, 318, 147, 319, 1, -1, -0.7853981633974483, 1.4142135623730951
143, 70, 21, 211, 18, 210, 3, 1, 0.3217505543966422, 3.1622776601683795
143, 71, 22, 287, 21, 288, 1, -1, -0.7853981633974483, 1.4142135623730951
143, 73, 210, 316, 208, 318, 2, -2, -0.7853981633974483, 2.8284271247461903
143, 74, 111, 291, 110, 293, 1, -2, -1.1071487177940904, 2.23606797749979
144, 1, 115, 238, 114, 239, 1, -1, -0.7853981633974483, 1.4142135623730951
144, 2, 128, 103, 126, 103, 2, 0, 0.0, 2.0
144, 6, 164, 207, 162, 207, 2, 0, 0.0, 2.0
144, 7, 136, 176, 134, 175, 2, 1, 0.4636476090008061, 2.23606797749979
144, 8, 282, 261, 281, 262, 1, -1, -0.7853981633974483, 1.4142135623730951
144, 9, 105, 219, 104, 220, 1, -1, -0.7853981633974483, 1.4142135623730951
144, 11, 37, 286, 35, 286, 2, 0, 0.0, 2.0
144, 17, 84, 314, 83, 316, 1, -2, -1.1071487177940904, 2.23606797749979
144, 18, 22, 318, 20, 319, 2, -1, -0.4636476090008061, 2.23606797749979
144, 19, 99, 170, 98, 169, 1, 1, 0.7853981633974483, 1.4142135623730951
144, 21, 83, 239, 81, 239, 2, 0, 0.0, 2.0
144, 23, 49, 264, 47, 265, 2, -1, -0.4636476090008061, 2.23606797749979
144, 24, 71, 145, 70, 144, 1, 1, 0.7853981633974483, 1.4142135623730951
144, 25, 204, 354, 203, 355, 1, -1, -0.7853981633974483, 1.4142135623730951
144, 27, 51, 340, 50, 341, 1, -1, -0.7853981633974483, 1.4142135623730951
144, 30, 28, 154, 26, 154, 2, 0, 0.0, 2.0
144, 35, 93, 243, 91, 244, 2, -1, -0.4636476090008061, 2.23606797749979
144, 37, 70, 368, 69, 370, 1, -2, -1.1071487177940904, 2.23606797749979
144, 38, 154, 204, 152, 204, 2, 0, 0.0, 2.0
144, 40, 233, 202, 232, 201, 1, 1, 0.7853981633974483, 1.4142135623730951
144, 41, 110, 259, 108, 259, 2, 0, 0.0, 2.0
144, 43, 264, 294, 264, 296, 0, -2, -1.5707963267948966, 2.0
144, 44, 116, 380, 115, 381, 1, -1, -0.7853981633974483, 1.4142135623730951
144, 45, 240, 265, 239, 266, 1, -1, -0.7853981633974483, 1.4142135623730951
144, 46, 210, 349, 209, 351, 1, -2, -1.1071487177940904, 2.23606797749979
144, 48, 76, 281, 75, 283, 1, -2, -1.1071487177940904, 2.23606797749979
144, 49, 216, 317, 215, 319, 1, -2, -1.1071487177940904, 2.23606797749979
144, 50, 91, 317, 89, 318, 2, -1, -0.4636476090008061, 2.23606797749979
144, 51, 239, 290, 237, 290, 2, 0, 0.0, 2.0
144, 52, 151, 347, 150, 348, 1, -1, -0.7853981633974483, 1.4142135623730951
144, 53, 228, 243, 227, 245, 1, -2, -1.1071487177940904, 2.23606797749979
144, 54, 256, 223, 254, 223, 2, 0, 0.0, 2.0
144, 56, 40, 155, 38, 155, 2, 0, 0.0, 2.0
144, 57, 161, 258, 160, 259, 1, -1, -0.7853981633974483, 1.4142135623730951
144, 58, 194, 253, 193, 254, 1, -1, -0.7853981633974483, 1.4142135623730951
144, 59, 46, 287, 45, 288, 1, -1, -0.7853981633974483, 1.4142135623730951
144, 60, 152, 236, 151, 237, 1, -1, -0.7853981633974483, 1.4142135623730951
144, 61, 242, 131, 241, 130, 1, 1, 0.7853981633974483, 1.4142135623730951
144, 63, 149, 316, 148, 318, 1, -2, -1.1071487177940904, 2.23606797749979
144, 64, 186, 200, 183, 200, 3, 0, 0.0, 3.0
144, 65, 217, 313, 217, 315, 0, -2, -1.5707963267948966, 2.0
144, 66, 22, 92, 21, 93, 1, -1, -0.7853981633974483, 1.4142135623730951
144, 67, 23, 211, 21, 211, 2, 0, 0.0, 2.0
144, 68, 23, 286, 22, 287, 1, -1, -0.7853981633974483, 1.4142135623730951
144, 70, 113, 290, 111, 291, 2, -1, -0.4636476090008061, 2.23606797749979
145, 1, 56, 173, 54, 173, 2, 0, 0.0, 2.0
145, 3, 114, 241, 113, 242, 1, -1, -0.7853981633974483, 1.4142135623730951
145, 4, 97, 220, 95, 220, 2, 0, 0.0, 2.0
145, 5, 221, 156, 220, 155, 1, 1, 0.7853981633974483, 1.4142135623730951
145, 6, 38, 289, 37, 290, 1, -1, -0.7853981633974483, 1.4142135623730951
145, 9, 178, 184, 176, 184, 2, 0, 0.0, 2.0
145, 11, 164, 213, 162, 213, 2, 0, 0.0, 2.0
145, 12, 7, 351, 6, 352, 1, -1, -0.7853981633974483, 1.4142135623730951
145, 13, 98, 164, 96, 163, 2, 1, 0.4636476090008061, 2.23606797749979
145, 15, 39, 131, 37, 130, 2, 1, 0.4636476090008061, 2.23606797749979
145, 16, 84, 319, 83, 320, 1, -1, -0.7853981633974483, 1.4142135623730951
145, 18, 94, 323, 92, 325, 2, -2, -0.7853981633974483, 2.8284271247461903
145, 21, 85, 244, 83, 245, 2, -1, -0.4636476090008061, 2.23606797749979
145, 22, 116, 144, 115, 143, 1, 1, 0.7853981633974483, 1.4142135623730951
145, 23, 213, 279, 212, 280, 1, -1, -0.7853981633974483, 1.4142135623730951
145, 24, 20, 320, 18, 322, 2, -2, -0.7853981633974483, 2.8284271247461903
145, 25, 47, 267, 45, 268, 2, -1, -0.4636476090008061, 2.23606797749979
145, 26, 47, 260, 44, 261, 3, -1, -0.3217505543966422, 3.1622776601683795
145, 27, 266, 298, 265, 301, 1, -3, -1.2490457723982544, 3.1622776601683795
145, 28, 223, 241, 222, 242, 1, -1, -0.7853981633974483, 1.4142135623730951
145, 29, 204, 356, 204, 358, 0, -2, -1.5707963267948966, 2.0
145, 30, 6, 211, 4, 212, 2, -1, -0.4636476090008061, 2.23606797749979
145, 31, 117, 382, 116, 383, 1, -1, -0.7853981633974483, 1.4142135623730951
145, 32, 18, 244, 17, 245, 1, -1, -0.7853981633974483, 1.4142135623730951
145, 33, 49, 343, 48, 344, 1, -1, -0.7853981633974483, 1.4142135623730951
145, 34, 72, 145, 70, 144, 2, 1, 0.4636476090008061, 2.23606797749979
145, 35, 161, 288, 159, 289, 2, -1, -0.4636476090008061, 2.23606797749979
145, 36, 63, 215, 61, 215, 2, 0, 0.0, 2.0
145, 37, 159, 233, 157, 234, 2, -1, -0.4636476090008061, 2.23606797749979
145, 38, 28, 157, 27, 156, 1, 1, 0.7853981633974483, 1.4142135623730951
145, 39, 278, 266, 275, 268, 3, -2, -0.5880026035475675, 3.605551275463989
145, 40, 236, 200, 235, 199, 1, 1, 0.7853981633974483, 1.4142135623730951
145, 42, 156, 345, 155, 347, 1, -2, -1.1071487177940904, 2.23606797749979
145, 44, 58, 266, 56, 267, 2, -1, -0.4636476090008061, 2.23606797749979
145, 46, 237, 289, 236, 291, 1, -2, -1.1071487177940904, 2.23606797749979
145, 48, 221, 222, 220, 223, 1, -1, -0.7853981633974483, 1.4142135623730951
145, 50, 78, 197, 76, 197, 2, 0, 0.0, 2.0
145, 51, 102, 118, 101, 117, 1, 1, 0.7853981633974483, 1.4142135623730951
145, 53, 25, 214, 24, 213, 1, 1, 0.7853981633974483, 1.4142135623730951
145, 54, 92, 242, 90, 244, 2, -2, -0.7853981633974483, 2.8284271247461903
145, 58, 107, 259, 106, 260, 1, -1, -0.7853981633974483, 1.4142135623730951
145, 59, 169, 282, 168, 283, 1, -1, -0.7853981633974483, 1.4142135623730951
145, 62, 184, 334, 183, 336, 1, -2, -1.1071487177940904, 2.23606797749979
145, 63, 7, 267, 6, 268, 1, -1, -0.7853981633974483, 1.4142135623730951
145, 67, 116, 293, 115, 294, 1, -1, -0.7853981633974483, 1.4142135623730951
145, 70, 217, 317, 216, 318, 1, -1, -0.7853981633974483, 1.4142135623730951
145, 71, 74, 286, 73, 287, 1, -1, -0.7853981633974483, 1.4142135623730951
146, 0, 127, 105, 126, 104, 1, 1, 0.7853981633974483, 1.4142135623730951
146, 5, 222, 157, 221, 156, 1, 1, 0.7853981633974483, 1.4142135623730951
146, 6, 39, 288, 38, 289, 1, -1, -0.7853981633974483, 1.4142135623730951
146, 8, 135, 177, 134, 176, 1, 1, 0.7853981633974483, 1.4142135623730951
146, 12, 8, 350, 7, 351, 1, -1, -0.7853981633974483, 1.4142135623730951
146, 13, 99, 165, 98, 164, 1, 1, 0.7853981633974483, 1.4142135623730951
146, 14, 244, 262, 243, 263, 1, -1, -0.7853981633974483, 1.4142135623730951
146, 16, 85, 317, 84, 319, 1, -2, -1.1071487177940904, 2.23606797749979
146, 17, 153, 207, 151, 207, 2, 0, 0.0, 2.0
146, 18, 95, 321, 94, 323, 1, -2, -1.1071487177940904, 2.23606797749979
146, 19, 168, 178, 167, 177, 1, 1, 0.7853981633974483, 1.4142135623730951
146, 24, 21, 319, 20, 320, 1, -1, -0.7853981633974483, 1.4142135623730951
146, 25, 49, 266, 47, 267, 2, -1, -0.4636476090008061, 2.23606797749979
146, 26, 50, 259, 47, 260, 3, -1, -0.3217505543966422, 3.1622776601683795
146, 27, 266, 296, 266, 298, 0, -2, -1.5707963267948966, 2.0
146, 29, 205, 354, 204, 356, 1, -2, -1.1071487177940904, 2.23606797749979
146, 31, 119, 380, 117, 382, 2, -2, -0.7853981633974483, 2.8284271247461903
146, 32, 19, 243, 18, 244, 1, -1, -0.7853981633974483, 1.4142135623730951
146, 33, 50, 342, 49, 343, 1, -1, -0.7853981633974483, 1.4142135623730951
146, 34, 74, 146, 72, 145, 2, 1, 0.4636476090008061, 2.23606797749979
146, 35, 162, 287, 161, 288, 1, -1, -0.7853981633974483, 1.4142135623730951
146, 39, 280, 264, 278, 266, 2, -2, -0.7853981633974483, 2.8284271247461903
146, 40, 237, 201, 236, 200, 1, 1, 0.7853981633974483, 1.4142135623730951
146, 41, 71, 371, 70, 373, 1, -2, -1.1071487177940904, 2.23606797749979
146, 42, 158, 344, 156, 345, 2, -1, -0.4636476090008061, 2.23606797749979
146, 44, 59, 265, 58, 266, 1, -1, -0.7853981633974483, 1.4142135623730951
146, 46, 238, 288, 237, 289, 1, -1, -0.7853981633974483, 1.4142135623730951
146, 51, 99, 261, 98, 262, 1, -1, -0.7853981633974483, 1.4142135623730951
146, 53, 93, 241, 92, 242, 1, -1, -0.7853981633974483, 1.4142135623730951
146, 57, 109, 259, 107, 259, 2, 0, 0.0, 2.0
146, 58, 171, 281, 169, 282, 2, -1, -0.4636476090008061, 2.23606797749979
146, 60, 185, 332, 184, 334, 1, -2, -1.1071487177940904, 2.23606797749979
146, 61, 9, 267, 7, 267, 2, 0, 0.0, 2.0
146, 67, 149, 315, 148, 317, 1, -2, -1.1071487177940904, 2.23606797749979
146, 69, 75, 285, 74, 286, 1, -1, -0.7853981633974483, 1.4142135623730951
147, 0, 128, 106, 127, 105, 1, 1, 0.7853981633974483, 1.4142135623730951
147, 1, 58, 172, 57, 173, 1, -1, -0.7853981633974483, 1.4142135623730951
147, 3, 116, 240, 115, 241, 1, -1, -0.7853981633974483, 1.4142135623730951
147, 5, 223, 158, 222, 157, 1, 1, 0.7853981633974483, 1.4142135623730951
147, 6, 40, 287, 39, 288, 1, -1, -0.7853981633974483, 1.4142135623730951
147, 11, 167, 212, 165, 213, 2, -1, -0.4636476090008061, 2.23606797749979
147, 12, 10, 349, 8, 350, 2, -1, -0.4636476090008061, 2.23606797749979
147, 13, 102, 165, 99, 165, 3, 0, 0.0, 3.0
147, 14, 246, 261, 244, 262, 2, -1, -0.4636476090008061, 2.23606797749979
147, 16, 87, 316, 85, 317, 2, -1, -0.4636476090008061, 2.23606797749979
147, 18, 96, 320, 95, 321, 1, -1, -0.7853981633974483, 1.4142135623730951
147, 21, 87, 243, 86, 244, 1, -1, -0.7853981633974483, 1.4142135623730951
147, 23, 214, 277, 213, 278, 1, -1, -0.7853981633974483, 1.4142135623730951
147, 24, 22, 318, 21, 319, 1, -1, -0.7853981633974483, 1.4142135623730951
147, 25, 50, 265, 49, 266, 1, -1, -0.7853981633974483, 1.4142135623730951
147, 26, 53, 258, 50, 259, 3, -1, -0.3217505543966422, 3.1622776601683795
147, 27, 266, 293, 266, 296, 0, -3, -1.5707963267948966, 3.0
147, 28, 226, 241, 224, 241, 2, 0, 0.0, 2.0
147, 29, 206, 352, 205, 354, 1, -2, -1.1071487177940904, 2.23606797749979
147, 30, 9, 210, 7, 211, 2, -1, -0.4636476090008061, 2.23606797749979
147, 31, 120, 378, 119, 380, 1, -2, -1.1071487177940904, 2.23606797749979
147, 32, 20, 242, 19, 243, 1, -1, -0.7853981633974483, 1.4142135623730951
147, 33, 52, 341, 50, 342, 2, -1, -0.4636476090008061, 2.23606797749979
147, 35, 163, 285, 162, 287, 1, -2, -1.1071487177940904, 2.23606797749979
147, 39, 281, 262, 280, 264, 1, -2, -1.1071487177940904, 2.23606797749979
147, 42, 159, 343, 158, 344, 1, -1, -0.7853981633974483, 1.4142135623730951
147, 46, 239, 287, 238, 288, 1, -1, -0.7853981633974483, 1.4142135623730951
147, 49, 80, 196, 79, 197, 1, -1, -0.7853981633974483, 1.4142135623730951
147, 51, 101, 260, 99, 261, 2, -1, -0.4636476090008061, 2.23606797749979
147, 57, 111, 259, 109, 259, 2, 0, 0.0, 2.0
147, 58, 172, 280, 171, 281, 1, -1, -0.7853981633974483, 1.4142135623730951
147, 59, 183, 228, 180, 228, 3, 0, 0.0, 3.0
147, 60, 186, 330, 185, 332, 1, -2, -1.1071487177940904, 2.23606797749979
147, 61, 10, 266, 9, 267, 1, -1, -0.7853981633974483, 1.4142135623730951
147, 65, 117, 291, 116, 292, 1, -1, -0.7853981633974483, 1.4142135623730951
147, 69, 76, 284, 75, 285, 1, -1, -0.7853981633974483, 1.4142135623730951
148, 3, 117, 239, 116, 240, 1, -1, -0.7853981633974483, 1.4142135623730951
148, 5, 224, 159, 223, 158, 1, 1, 0.7853981633974483, 1.4142135623730951
148, 6, 42, 286, 40, 287, 2, -1, -0.4636476090008061, 2.23606797749979
148, 7, 131, 205, 130, 204, 1, 1, 0.7853981633974483, 1.4142135623730951
148, 8, 137, 178, 136, 177, 1, 1, 0.7853981633974483, 1.4142135623730951
148, 12, 11, 348, 10, 349, 1, -1, -0.7853981633974483, 1.4142135623730951
148, 13, 104, 166, 102, 165, 2, 1, 0.4636476090008061, 2.23606797749979
148, 14, 248, 260, 246, 261, 2, -1, -0.4636476090008061, 2.23606797749979
148, 15, 43, 131, 41, 131, 2, 0, 0.0, 2.0
148, 16, 88, 314, 87, 316, 1, -2, -1.1071487177940904, 2.23606797749979
148, 17, 156, 208, 154, 207, 2, 1, 0.4636476090008061, 2.23606797749979
148, 18, 97, 319, 96, 320, 1, -1, -0.7853981633974483, 1.4142135623730951
148, 19, 170, 179, 169, 178, 1, 1, 0.7853981633974483, 1.4142135623730951
148, 22, 119, 145, 118, 144, 1, 1, 0.7853981633974483, 1.4142135623730951
148, 23, 215, 276, 214, 277, 1, -1, -0.7853981633974483, 1.4142135623730951
148, 24, 24, 317, 22, 318, 2, -1, -0.4636476090008061, 2.23606797749979
148, 25, 52, 264, 50, 265, 2, -1, -0.4636476090008061, 2.23606797749979
148, 26, 54, 257, 53, 258, 1, -1, -0.7853981633974483, 1.4142135623730951
148, 27, 267, 290, 266, 293, 1, -3, -1.2490457723982544, 3.1622776601683795
148, 29, 207, 350, 206, 352, 1, -2, -1.1071487177940904, 2.23606797749979
148, 30, 11, 210, 9, 210, 2, 0, 0.0, 2.0
148, 31, 121, 376, 120, 378, 1, -2, -1.1071487177940904, 2.23606797749979
148, 32, 21, 241, 20, 242, 1, -1, -0.7853981633974483, 1.4142135623730951
148, 33, 53, 340, 52, 341, 1, -1, -0.7853981633974483, 1.4142135623730951
148, 35, 165, 284, 163, 285, 2, -1, -0.4636476090008061, 2.23606797749979
148, 37, 163, 233, 161, 233, 2, 0, 0.0, 2.0
148, 38, 30, 157, 29, 158, 1, -1, -0.7853981633974483, 1.4142135623730951
148, 39, 284, 261, 281, 262, 3, -1, -0.3217505543966422, 3.1622776601683795
148, 41, 73, 368, 71, 370, 2, -2, -0.7853981633974483, 2.8284271247461903
148, 42, 160, 342, 159, 343, 1, -1, -0.7853981633974483, 1.4142135623730951
148, 51, 103, 260, 101, 260, 2, 0, 0.0, 2.0
148, 53, 94, 239, 93, 240, 1, -1, -0.7853981633974483, 1.4142135623730951
148, 58, 174, 279, 172, 280, 2, -1, -0.4636476090008061, 2.23606797749979
148, 59, 185, 228, 183, 228, 2, 0, 0.0, 2.0
148, 60, 187, 328, 186, 330, 1, -2, -1.1071487177940904, 2.23606797749979
148, 65, 118, 290, 117, 291, 1, -1, -0.7853981633974483, 1.4142135623730951
148, 67, 150, 313, 149, 314, 1, -1, -0.7853981633974483, 1.4142135623730951
148, 68, 218, 314, 217, 315, 1, -1, -0.7853981633974483, 1.4142135623730951
148, 69, 77, 283, 76, 284, 1, -1, -0.7853981633974483, 1.4142135623730951
149, 5, 226, 160, 224, 159, 2, 1, 0.4636476090008061, 2.23606797749979
149, 6, 43, 285, 42, 286, 1, -1, -0.7853981633974483, 1.4142135623730951
149, 7, 133, 205, 131, 205, 2, 0, 0.0, 2.0
149, 11, 169, 211, 168, 212, 1, -1, -0.7853981633974483, 1.4142135623730951
149, 12, 12, 347, 11, 348, 1, -1, -0.7853981633974483, 1.4142135623730951
149, 13, 106, 166, 104, 166, 2, 0, 0.0, 2.0
149, 14, 250, 260, 248, 260, 2, 0, 0.0, 2.0
149, 16, 90, 312, 88, 314, 2, -2, -0.7853981633974483, 2.8284271247461903
149, 17, 158, 208, 156, 208, 2, 0, 0.0, 2.0
149, 18, 98, 318, 97, 319, 1, -1, -0.7853981633974483, 1.4142135623730951
149, 23, 216, 275, 215, 276, 1, -1, -0.7853981633974483, 1.4142135623730951
149, 24, 26, 316, 24, 317, 2, -1, -0.4636476090008061, 2.23606797749979
149, 25, 53, 263, 52, 264, 1, -1, -0.7853981633974483, 1.4142135623730951
149, 26, 57, 257, 54, 257, 3, 0, 0.0, 3.0
149, 27, 267, 287, 267, 290, 0, -3, -1.5707963267948966, 3.0
149, 28, 228, 240, 227, 241, 1, -1, -0.7853981633974483, 1.4142135623730951
149, 29, 207, 348, 207, 350, 0, -2, -1.5707963267948966, 2.0
149, 30, 12, 209, 11, 210, 1, -1, -0.7853981633974483, 1.4142135623730951
149, 33, 55, 338, 53, 340, 2, -2, -0.7853981633974483, 2.8284271247461903
149, 34, 79, 146, 76, 146, 3, 0, 0.0, 3.0
149, 35, 166, 283, 165, 284, 1, -1, -0.7853981633974483, 1.4142135623730951
149, 39, 287, 259, 284, 261, 3, -2, -0.5880026035475675, 3.605551275463989
149, 41, 74, 367, 73, 368, 1, -1, -0.7853981633974483, 1.4142135623730951
149, 42, 161, 340, 160, 342, 1, -2, -1.1071487177940904, 2.23606797749979
149, 48, 226, 222, 224, 222, 2, 0, 0.0, 2.0
149, 51, 105, 260, 103, 260, 2, 0, 0.0, 2.0
149, 56, 114, 258, 112, 259, 2, -1, -0.4636476090008061, 2.23606797749979
149, 57, 176, 279, 174, 279, 2, 0, 0.0, 2.0
149, 58, 187, 227, 185, 228, 2, -1, -0.4636476090008061, 2.23606797749979
149, 59, 188, 327, 187, 328, 1, -1, -0.7853981633974483, 1.4142135623730951
149, 63, 159, 153, 158, 152, 1, 1, 0.7853981633974483, 1.4142135623730951
149, 64, 120, 289, 118, 290, 2, -1, -0.4636476090008061, 2.23606797749979
149, 65, 192, 201, 191, 202, 1, -1, -0.7853981633974483, 1.4142135623730951
149, 66, 150, 311, 150, 313, 0, -2, -1.5707963267948966, 2.0
149, 67, 219, 313, 218, 314, 1, -1, -0.7853981633974483, 1.4142135623730951
149, 68, 78, 282, 77, 283, 1, -1, -0.7853981633974483, 1.4142135623730951
150, 2, 90, 239, 89, 240, 1, -1, -0.7853981633974483, 1.4142135623730951
150, 3, 41, 284, 40, 285, 1, -1, -0.7853981633974483, 1.4142135623730951
150, 8, 100, 219, 99, 220, 1, -1, -0.7853981633974483, 1.4142135623730951
150, 9, 139, 178, 137, 178, 2, 0, 0.0, 2.0
150, 10, 12, 349, 11, 351, 1, -2, -1.1071487177940904, 2.23606797749979
150, 13, 79, 146, 76, 146, 3, 0, 0.0, 3.0
150, 14, 157, 209, 155, 209, 2, 0, 0.0, 2.0
150, 15, 10, 380, 9, 381, 1, -1, -0.7853981633974483, 1.4142135623730951
150, 16, 210, 351, 209, 353, 1, -2, -1.1071487177940904, 2.23606797749979
150, 17, 167, 287, 166, 288, 1, -1, -0.7853981633974483, 1.4142135623730951
150, 18, 227, 242, 226, 243, 1, -1, -0.7853981633974483, 1.4142135623730951
150, 19, 90, 317, 89, 318, 1, -1, -0.7853981633974483, 1.4142135623730951
150, 21, 121, 147, 119, 146, 2, 1, 0.4636476090008061, 2.23606797749979
150, 22, 123, 379, 122, 380, 1, -1, -0.7853981633974483, 1.4142135623730951
150, 23, 51, 261, 50, 262, 1, -1, -0.7853981633974483, 1.4142135623730951
150, 24, 105, 169, 103, 168, 2, 1, 0.4636476090008061, 2.23606797749979
150, 25, 24, 319, 23, 320, 1, -1, -0.7853981633974483, 1.4142135623730951
150, 29, 22, 242, 21, 243, 1, -1, -0.7853981633974483, 1.4142135623730951
150, 31, 268, 291, 267, 294, 1, -3, -1.2490457723982544, 3.1622776601683795
150, 32, 285, 265, 283, 266, 2, -1, -0.4636476090008061, 2.23606797749979
150, 33, 238, 202, 236, 202, 2, 0, 0.0, 2.0
150, 37, 257, 226, 255, 226, 2, 0, 0.0, 2.0
150, 38, 37, 246, 36, 247, 1, -1, -0.7853981633974483, 1.4142135623730951
150, 40, 185, 228, 183, 228, 2, 0, 0.0, 2.0
150, 41, 118, 260, 116, 260, 2, 0, 0.0, 2.0
150, 42, 108, 261, 107, 262, 1, -1, -0.7853981633974483, 1.4142135623730951
150, 43, 186, 329, 185, 331, 1, -2, -1.1071487177940904, 2.23606797749979
150, 45, 78, 241, 76, 241, 2, 0, 0.0, 2.0
150, 47, 242, 334, 241, 336, 1, -2, -1.1071487177940904, 2.23606797749979
150, 48, 81, 197, 80, 198, 1, -1, -0.7853981633974483, 1.4142135623730951
150, 49, 220, 313, 219, 315, 1, -2, -1.1071487177940904, 2.23606797749979
150, 50, 88, 366, 87, 368, 1, -2, -1.1071487177940904, 2.23606797749979
150, 52, 160, 347, 159, 349, 1, -2, -1.1071487177940904, 2.23606797749979
150, 53, 198, 252, 196, 253, 2, -1, -0.4636476090008061, 2.23606797749979
150, 55, 77, 281, 75, 282, 2, -1, -0.4636476090008061, 2.23606797749979
150, 58, 56, 140, 54, 141, 2, -1, -0.4636476090008061, 2.23606797749979
150, 59, 189, 128, 187, 126, 2, 2, 0.7853981633974483, 2.8284271247461903
150, 60, 146, 184, 145, 183, 1, 1, 0.7853981633974483, 1.4142135623730951
150, 62, 188, 302, 187, 303, 1, -1, -0.7853981633974483, 1.4142135623730951
150, 63, 225, 160, 224, 159, 1, 1, 0.7853981633974483, 1.4142135623730951
150, 64, 74, 368, 73, 369, 1, -1, -0.7853981633974483, 1.4142135623730951
150, 65, 239, 292, 238, 294, 1, -2, -1.1071487177940904, 2.23606797749979
150, 66, 6, 267, 5, 268, 1, -1, -0.7853981633974483, 1.4142135623730951
151, 0, 131, 107, 129, 107, 2, 0, 0.0, 2.0
151, 1, 61, 174, 59, 174, 2, 0, 0.0, 2.0
151, 4, 124, 240, 122, 241, 2, -1, -0.4636476090008061, 2.23606797749979
151, 10, 14, 348, 12, 349, 2, -1, -0.4636476090008061, 2.23606797749979
151, 13, 81, 146, 79, 146, 2, 0, 0.0, 2.0
151, 15, 12, 379, 10, 380, 2, -1, -0.4636476090008061, 2.23606797749979
151, 16, 211, 350, 210, 351, 1, -1, -0.7853981633974483, 1.4142135623730951
151, 17, 168, 286, 167, 287, 1, -1, -0.7853981633974483, 1.4142135623730951
151, 19, 90, 315, 90, 317, 0, -2, -1.5707963267948966, 2.0
151, 22, 124, 378, 123, 379, 1, -1, -0.7853981633974483, 1.4142135623730951
151, 23, 52, 260, 51, 261, 1, -1, -0.7853981633974483, 1.4142135623730951
151, 25, 26, 318, 24, 319, 2, -1, -0.4636476090008061, 2.23606797749979
151, 27, 134, 209, 132, 209, 2, 0, 0.0, 2.0
151, 28, 59, 340, 57, 342, 2, -2, -0.7853981633974483, 2.8284271247461903
151, 31, 268, 289, 268, 291, 0, -2, -1.5707963267948966, 2.0
151, 32, 287, 264, 285, 265, 2, -1, -0.4636476090008061, 2.23606797749979
151, 36, 217, 319, 215, 320, 2, -1, -0.4636476090008061, 2.23606797749979
151, 38, 38, 245, 37, 246, 1, -1, -0.7853981633974483, 1.4142135623730951
151, 39, 95, 322, 94, 323, 1, -1, -0.7853981633974483, 1.4142135623730951
151, 41, 120, 260, 118, 260, 2, 0, 0.0, 2.0
151, 42, 109, 260, 108, 261, 1, -1, -0.7853981633974483, 1.4142135623730951
151, 43, 187, 327, 186, 329, 1, -2, -1.1071487177940904, 2.23606797749979
151, 44, 62, 237, 61, 238, 1, -1, -0.7853981633974483, 1.4142135623730951
151, 45, 80, 240, 78, 241, 2, -1, -0.4636476090008061, 2.23606797749979
151, 47, 243, 332, 242, 334, 1, -2, -1.1071487177940904, 2.23606797749979
151, 49, 221, 312, 220, 313, 1, -1, -0.7853981633974483, 1.4142135623730951
151, 50, 89, 365, 88, 366, 1, -1, -0.7853981633974483, 1.4142135623730951
151, 51, 69, 214, 67, 215, 2, -1, -0.4636476090008061, 2.23606797749979
151, 52, 161, 345, 160, 347, 1, -2, -1.1071487177940904, 2.23606797749979
151, 53, 200, 251, 198, 252, 2, -1, -0.4636476090008061, 2.23606797749979
151, 54, 179, 123, 178, 122, 1, 1, 0.7853981633974483, 1.4142135623730951
151, 55, 78, 280, 77, 281, 1, -1, -0.7853981633974483, 1.4142135623730951
151, 57, 219, 276, 217, 278, 2, -2, -0.7853981633974483, 2.8284271247461903
151, 59, 190, 129, 189, 128, 1, 1, 0.7853981633974483, 1.4142135623730951
151, 62, 189, 300, 188, 302, 1, -2, -1.1071487177940904, 2.23606797749979
151, 64, 75, 367, 74, 368, 1, -1, -0.7853981633974483, 1.4142135623730951
151, 65, 240, 291, 239, 292, 1, -1, -0.7853981633974483, 1.4142135623730951
151, 66, 7, 266, 6, 267, 1, -1, -0.7853981633974483, 1.4142135623730951
152, 0, 132, 108, 131, 107, 1, 1, 0.7853981633974483, 1.4142135623730951
152, 3, 43, 283, 42, 284, 1, -1, -0.7853981633974483, 1.4142135623730951
152, 4, 126, 239, 124, 240, 2, -1, -0.4636476090008061, 2.23606797749979
152, 10, 16, 346, 14, 348, 2, -2, -0.7853981633974483, 2.8284271247461903
152, 11, 46, 132, 44, 133, 2, -1, -0.4636476090008061, 2.23606797749979
152, 12, 159, 239, 158, 240, 1, -1, -0.7853981633974483, 1.4142135623730951
152, 14, 160, 209, 158, 209, 2, 0, 0.0, 2.0
152, 15, 14, 377, 12, 379, 2, -2, -0.7853981633974483, 2.8284271247461903
152, 16, 212, 348, 211, 350, 1, -2, -1.1071487177940904, 2.23606797749979
152, 17, 170, 285, 168, 286, 2, -1, -0.4636476090008061, 2.23606797749979
152, 18, 229, 241, 228, 242, 1, -1, -0.7853981633974483, 1.4142135623730951
152, 19, 91, 313, 90, 315, 1, -2, -1.1071487177940904, 2.23606797749979
152, 21, 124, 148, 122, 147, 2, 1, 0.4636476090008061, 2.23606797749979
152, 22, 125, 376, 124, 378, 1, -2, -1.1071487177940904, 2.23606797749979
152, 23, 53, 259, 52, 260, 1, -1, -0.7853981633974483, 1.4142135623730951
152, 25, 27, 317, 26, 318, 1, -1, -0.7853981633974483, 1.4142135623730951
152, 27, 136, 209, 134, 209, 2, 0, 0.0, 2.0
152, 28, 61, 339, 59, 340, 2, -1, -0.4636476090008061, 2.23606797749979
152, 29, 25, 242, 23, 242, 2, 0, 0.0, 2.0
152, 30, 101, 174, 99, 174, 2, 0, 0.0, 2.0
152, 31, 269, 287, 268, 289, 1, -2, -1.1071487177940904, 2.23606797749979
152, 32, 288, 263, 287, 264, 1, -1, -0.7853981633974483, 1.4142135623730951
152, 34, 218, 217, 217, 219, 1, -2, -1.1071487177940904, 2.23606797749979
152, 36, 219, 317, 217, 319, 2, -2, -0.7853981633974483, 2.8284271247461903
152, 37, 259, 225, 258, 226, 1, -1, -0.7853981633974483, 1.4142135623730951
152, 39, 96, 320, 95, 322, 1, -2, -1.1071487177940904, 2.23606797749979
152, 42, 110, 259, 109, 260, 1, -1, -0.7853981633974483, 1.4142135623730951
152, 43, 188, 326, 187, 327, 1, -1, -0.7853981633974483, 1.4142135623730951
152, 47, 244, 330, 243, 332, 1, -2, -1.1071487177940904, 2.23606797749979
152, 49, 222, 310, 221, 312, 1, -2, -1.1071487177940904, 2.23606797749979
152, 50, 90, 363, 89, 365, 1, -2, -1.1071487177940904, 2.23606797749979
152, 52, 162, 344, 161, 345, 1, -1, -0.7853981633974483, 1.4142135623730951
152, 53, 201, 250, 200, 251, 1, -1, -0.7853981633974483, 1.4142135623730951
152, 54, 180, 124, 179, 123, 1, 1, 0.7853981633974483, 1.4142135623730951
152, 57, 220, 275, 219, 276, 1, -1, -0.7853981633974483, 1.4142135623730951
152, 59, 191, 131, 190, 129, 1, 2, 1.1071487177940904, 2.23606797749979
152, 62, 190, 299, 189, 300, 1, -1, -0.7853981633974483, 1.4142135623730951
152, 63, 227, 161, 226, 160, 1, 1, 0.7853981633974483, 1.4142135623730951
152, 64, 76, 365, 75, 367, 1, -2, -1.1071487177940904, 2.23606797749979
152, 65, 241, 289, 240, 291, 1, -2, -1.1071487177940904, 2.23606797749979
152, 66, 8, 265, 7, 266, 1, -1, -0.7853981633974483, 1.4142135623730951
153, 0, 133, 109, 132, 108, 1, 1, 0.7853981633974483, 1.4142135623730951
153, 3, 44, 282, 43, 283, 1, -1, -0.7853981633974483, 1.4142135623730951
153, 8, 103, 218, 102, 219, 1, -1, -0.7853981633974483, 1.4142135623730951
153, 10, 17, 345, 16, 346, 1, -1, -0.7853981633974483, 1.4142135623730951
153, 11, 48, 132, 46, 132, 2, 0, 0.0, 2.0
153, 12, 161, 238, 159, 239, 2, -1, -0.4636476090008061, 2.23606797749979
153, 13, 84, 146, 82, 146, 2, 0, 0.0, 2.0
153, 14, 162, 209, 160, 209, 2, 0, 0.0, 2.0
153, 15, 16, 376, 14, 377, 2, -1, -0.4636476090008061, 2.23606797749979
153, 16, 213, 346, 212, 348, 1, -2, -1.1071487177940904, 2.23606797749979
153, 17, 172, 284, 170, 285, 2, -1, -0.4636476090008061, 2.23606797749979
153, 18, 230, 240, 229, 241, 1, -1, -0.7853981633974483, 1.4142135623730951
153, 19, 92, 311, 91, 313, 1, -2, -1.1071487177940904, 2.23606797749979
153, 22, 126, 374, 125, 376, 1, -2, -1.1071487177940904, 2.23606797749979
153, 23, 55, 258, 53, 259, 2, -1, -0.4636476090008061, 2.23606797749979
153, 25, 28, 316, 27, 317, 1, -1, -0.7853981633974483, 1.4142135623730951
153, 27, 138, 209, 136, 209, 2, 0, 0.0, 2.0
153, 28, 63, 338, 61, 339, 2, -1, -0.4636476090008061, 2.23606797749979
153, 30, 103, 175, 101, 174, 2, 1, 0.4636476090008061, 2.23606797749979
153, 31, 269, 285, 269, 287, 0, -2, -1.5707963267948966, 2.0
153, 32, 290, 262, 288, 263, 2, -1, -0.4636476090008061, 2.23606797749979
153, 33, 241, 202, 239, 202, 2, 0, 0.0, 2.0
153, 35, 13, 212, 11, 213, 2, -1, -0.4636476090008061, 2.23606797749979
153, 36, 220, 315, 219, 317, 1, -2, -1.1071487177940904, 2.23606797749979
153, 38, 40, 245, 38, 245, 2, 0, 0.0, 2.0
153, 39, 97, 318, 96, 320, 1, -2, -1.1071487177940904, 2.23606797749979
153, 40, 188, 227, 187, 228, 1, -1, -0.7853981633974483, 1.4142135623730951
153, 43, 189, 325, 188, 326, 1, -1, -0.7853981633974483, 1.4142135623730951
153, 45, 83, 240, 81, 240, 2, 0, 0.0, 2.0
153, 47, 244, 328, 244, 330, 0, -2, -1.5707963267948966, 2.0
153, 50, 92, 363, 90, 363, 2, 0, 0.0, 2.0
153, 51, 72, 214, 70, 214, 2, 0, 0.0, 2.0
153, 52, 163, 343, 162, 344, 1, -1, -0.7853981633974483, 1.4142135623730951
153, 53, 203, 249, 201, 250, 2, -1, -0.4636476090008061, 2.23606797749979
153, 57, 222, 274, 220, 275, 2, -1, -0.4636476090008061, 2.23606797749979
153, 58, 58, 138, 57, 139, 1, -1, -0.7853981633974483, 1.4142135623730951
153, 61, 156, 233, 154, 234, 2, -1, -0.4636476090008061, 2.23606797749979
153, 62, 191, 298, 190, 299, 1, -1, -0.7853981633974483, 1.4142135623730951
153, 64, 77, 364, 76, 365, 1, -1, -0.7853981633974483, 1.4142135623730951
154, 2, 95, 239, 93, 239, 2, 0, 0.0, 2.0
154, 3, 45, 281, 44, 282, 1, -1, -0.7853981633974483, 1.4142135623730951
154, 4, 128, 238, 127, 239, 1, -1, -0.7853981633974483, 1.4142135623730951
154, 6, 184, 182, 183, 181, 1, 1, 0.7853981633974483, 1.4142135623730951
154, 8, 104, 217, 103, 218, 1, -1, -0.7853981633974483, 1.4142135623730951
154, 11, 50, 132, 48, 132, 2, 0, 0.0, 2.0
154, 12, 162, 237, 161, 238, 1, -1, -0.7853981633974483, 1.4142135623730951
154, 13, 86, 147, 84, 146, 2, 1, 0.4636476090008061, 2.23606797749979
154, 14, 164, 209, 162, 209, 2, 0, 0.0, 2.0
154, 15, 17, 374, 16, 376, 1, -2, -1.1071487177940904, 2.23606797749979
154, 16, 214, 344, 213, 346, 1, -2, -1.1071487177940904, 2.23606797749979
154, 17, 174, 283, 172, 284, 2, -1, -0.4636476090008061, 2.23606797749979
154, 19, 93, 310, 92, 311, 1, -1, -0.7853981633974483, 1.4142135623730951
154, 21, 126, 149, 124, 148, 2, 1, 0.4636476090008061, 2.23606797749979
154, 22, 128, 372, 126, 374, 2, -2, -0.7853981633974483, 2.8284271247461903
154, 23, 57, 258, 55, 258, 2, 0, 0.0, 2.0
154, 24, 110, 170, 108, 169, 2, 1, 0.4636476090008061, 2.23606797749979
154, 25, 30, 315, 28, 316, 2, -1, -0.4636476090008061, 2.23606797749979
154, 28, 65, 337, 63, 338, 2, -1, -0.4636476090008061, 2.23606797749979
154, 29, 28, 242, 26, 242, 2, 0, 0.0, 2.0
154, 31, 270, 283, 269, 285, 1, -2, -1.1071487177940904, 2.23606797749979
154, 32, 292, 261, 290, 262, 2, -1, -0.4636476090008061, 2.23606797749979
154, 34, 221, 216, 219, 217, 2, -1, -0.4636476090008061, 2.23606797749979
154, 35, 14, 211, 13, 212, 1, -1, -0.7853981633974483, 1.4142135623730951
154, 36, 222, 313, 220, 315, 2, -2, -0.7853981633974483, 2.8284271247461903
154, 38, 41, 244, 40, 245, 1, -1, -0.7853981633974483, 1.4142135623730951
154, 39, 98, 317, 97, 318, 1, -1, -0.7853981633974483, 1.4142135623730951
154, 42, 112, 258, 111, 259, 1, -1, -0.7853981633974483, 1.4142135623730951
154, 43, 190, 323, 189, 325, 1, -2, -1.1071487177940904, 2.23606797749979
154, 44, 64, 236, 63, 237, 1, -1, -0.7853981633974483, 1.4142135623730951
154, 45, 85, 240, 83, 240, 2, 0, 0.0, 2.0
154, 47, 246, 326, 244, 328, 2, -2, -0.7853981633974483, 2.8284271247461903
154, 48, 86, 196, 84, 197, 2, -1, -0.4636476090008061, 2.23606797749979
154, 49, 223, 307, 222, 309, 1, -2, -1.1071487177940904, 2.23606797749979
154, 50, 94, 361, 92, 363, 2, -2, -0.7853981633974483, 2.8284271247461903
154, 51, 74, 214, 72, 214, 2, 0, 0.0, 2.0
154, 52, 164, 342, 163, 343, 1, -1, -0.7853981633974483, 1.4142135623730951
154, 53, 204, 248, 203, 249, 1, -1, -0.7853981633974483, 1.4142135623730951
154, 54, 181, 125, 180, 124, 1, 1, 0.7853981633974483, 1.4142135623730951
154, 55, 80, 278, 79, 279, 1, -1, -0.7853981633974483, 1.4142135623730951
154, 56, 48, 286, 47, 287, 1, -1, -0.7853981633974483, 1.4142135623730951
154, 59, 150, 185, 148, 184, 2, 1, 0.4636476090008061, 2.23606797749979
154, 60, 157, 232, 156, 233, 1, -1, -0.7853981633974483, 1.4142135623730951
154, 61, 192, 297, 191, 298, 1, -1, -0.7853981633974483, 1.4142135623730951
154, 63, 78, 363, 77, 364, 1, -1, -0.7853981633974483, 1.4142135623730951
154, 64, 242, 287, 241, 288, 1, -1, -0.7853981633974483, 1.4142135623730951
155, 0, 134, 112, 133, 111, 1, 1, 0.7853981633974483, 1.4142135623730951
155, 4, 46, 287, 45, 288, 1, -1, -0.7853981633974483, 1.4142135623730951
155, 6, 94, 242, 93, 243, 1, -1, -0.7853981633974483, 1.4142135623730951
155, 7, 105, 219, 104, 220, 1, -1, -0.7853981633974483, 1.4142135623730951
155, 8, 17, 347, 16, 349, 1, -2, -1.1071487177940904, 2.23606797749979
155, 10, 163, 211, 161, 211, 2, 0, 0.0, 2.0
155, 12, 173, 210, 171, 210, 2, 0, 0.0, 2.0
155, 14, 214, 347, 213, 349, 1, -2, -1.1071487177940904, 2.23606797749979
155, 15, 6, 234, 4, 234, 2, 0, 0.0, 2.0
155, 18, 142, 181, 141, 180, 1, 1, 0.7853981633974483, 1.4142135623730951
155, 19, 103, 176, 102, 175, 1, 1, 0.7853981633974483, 1.4142135623730951
155, 21, 225, 219, 223, 219, 2, 0, 0.0, 2.0
155, 22, 63, 339, 62, 340, 1, -1, -0.7853981633974483, 1.4142135623730951
155, 23, 112, 221, 111, 222, 1, -1, -0.7853981633974483, 1.4142135623730951
155, 24, 95, 321, 94, 322, 1, -1, -0.7853981633974483, 1.4142135623730951
155, 25, 57, 266, 55, 266, 2, 0, 0.0, 2.0
155, 27, 229, 223, 228, 224, 1, -1, -0.7853981633974483, 1.4142135623730951
155, 29, 291, 263, 288, 264, 3, -1, -0.3217505543966422, 3.1622776601683795
155, 30, 158, 312, 156, 313, 2, -1, -0.4636476090008061, 2.23606797749979
155, 32, 58, 235, 56, 235, 2, 0, 0.0, 2.0
155, 33, 229, 161, 228, 160, 1, 1, 0.7853981633974483, 1.4142135623730951
155, 36, 16, 379, 15, 380, 1, -1, -0.7853981633974483, 1.4142135623730951
155, 37, 36, 160, 35, 159, 1, 1, 0.7853981633974483, 1.4142135623730951
155, 38, 170, 281, 168, 282, 2, -1, -0.4636476090008061, 2.23606797749979
155, 41, 83, 240, 81, 241, 2, -1, -0.4636476090008061, 2.23606797749979
155, 42, 209, 204, 208, 203, 1, 1, 0.7853981633974483, 1.4142135623730951
155, 43, 109, 263, 107, 264, 2, -1, -0.4636476090008061, 2.23606797749979
155, 44, 128, 376, 127, 378, 1, -2, -1.1071487177940904, 2.23606797749979
155, 45, 30, 317, 28, 318, 2, -1, -0.4636476090008061, 2.23606797749979
155, 46, 79, 365, 78, 366, 1, -1, -0.7853981633974483, 1.4142135623730951
155, 47, 205, 319, 202, 323, 3, -4, -0.9272952180016122, 5.0
155, 48, 110, 123, 112, 124, -2, -1, -2.677945044588987, 2.23606797749979
155, 49, 68, 260, 67, 261, 1, -1, -0.7853981633974483, 1.4142135623730951
155, 52, 24, 189, 23, 187, 1, 2, 1.1071487177940904, 2.23606797749979
155, 53, 86, 197, 85, 198, 1, -1, -0.7853981633974483, 1.4142135623730951
155, 54, 64, 239, 63, 240, 1, -1, -0.7853981633974483, 1.4142135623730951
155, 55, 245, 206, 244, 205, 1, 1, 0.7853981633974483, 1.4142135623730951
155, 56, 270, 287, 270, 289, 0, -2, -1.5707963267948966, 2.0
155, 57, 217, 279, 215, 281, 2, -2, -0.7853981633974483, 2.8284271247461903
155, 58, 205, 294, 203, 296, 2, -2, -0.7853981633974483, 2.8284271247461903
155, 59, 158, 238, 157, 240, 1, -2, -1.1071487177940904, 2.23606797749979
155, 61, 223, 316, 222, 317, 1, -1, -0.7853981633974483, 1.4142135623730951
155, 62, 253, 264, 252, 265, 1, -1, -0.7853981633974483, 1.4142135623730951
155, 63, 107, 198, 105, 198, 2, 0, 0.0, 2.0
155, 64, 245, 286, 244, 287, 1, -1, -0.7853981633974483, 1.4142135623730951
155, 65, 116, 264, 114, 264, 2, 0, 0.0, 2.0
155, 66, 166, 346, 164, 347, 2, -1, -0.4636476090008061, 2.23606797749979
155, 67, 85, 281, 84, 282, 1, -1, -0.7853981633974483, 1.4142135623730951
155, 69, 246, 329, 244, 331, 2, -2, -0.7853981633974483, 2.8284271247461903
155, 70, 133, 370, 131, 372, 2, -2, -0.7853981633974483, 2.8284271247461903
155, 76, 59, 163, 58, 162, 1, 1, 0.7853981633974483, 1.4142135623730951
155, 77, 222, 273, 221, 274, 1, -1, -0.7853981633974483, 1.4142135623730951
155, 78, 7, 144, 5, 144, 2, 0, 0.0, 2.0
155, 79, 132, 336, 129, 339, 3, -3, -0.7853981633974483, 4.242640687119285
155, 80, 131, 242, 130, 243, 1, -1, -0.7853981633974483, 1.4142135623730951
155, 81, 207, 258, 206, 259, 1, -1, -0.7853981633974483, 1.4142135623730951
155, 83, 126, 310, 125, 311, 1, -1, -0.7853981633974483, 1.4142135623730951
155, 84, 224, 154, 223, 153, 1, 1, 0.7853981633974483, 1.4142135623730951
155, 85, 82, 329, 80, 329, 2, 0, 0.0, 2.0
155, 86, 36, 242, 35, 243, 1, -1, -0.7853981633974483, 1.4142135623730951
155, 87, 225, 247, 223, 247, 2, 0, 0.0, 2.0
155, 88, 26, 120, 23, 119, 3, 1, 0.3217505543966422, 3.1622776601683795
155, 89, 190, 327, 189, 328, 1, -1, -0.7853981633974483, 1.4142135623730951
155, 91, 112, 343, 111, 345, 1, -2, -1.1071487177940904, 2.23606797749979
156, 0, 136, 113, 134, 112, 2, 1, 0.4636476090008061, 2.23606797749979
156, 1, 127, 240, 124, 241, 3, -1, -0.3217505543966422, 3.1622776601683795
156, 2, 65, 175, 63, 175, 2, 0, 0.0, 2.0
156, 4, 48, 286, 46, 287, 2, -1, -0.4636476090008061, 2.23606797749979
156, 6, 96, 241, 94, 242, 2, -1, -0.4636476090008061, 2.23606797749979
156, 8, 18, 346, 17, 347, 1, -1, -0.7853981633974483, 1.4142135623730951
156, 10, 165, 211, 163, 211, 2, 0, 0.0, 2.0
156, 11, 73, 214, 71, 215, 2, -1, -0.4636476090008061, 2.23606797749979
156, 12, 175, 210, 173, 210, 2, 0, 0.0, 2.0
156, 14, 214, 345, 214, 347, 0, -2, -1.5707963267948966, 2.0
156, 15, 8, 233, 6, 234, 2, -1, -0.4636476090008061, 2.23606797749979
156, 16, 150, 184, 148, 184, 2, 0, 0.0, 2.0
156, 19, 105, 176, 103, 176, 2, 0, 0.0, 2.0
156, 20, 84, 148, 83, 147, 1, 1, 0.7853981633974483, 1.4142135623730951
156, 22, 64, 338, 63, 339, 1, -1, -0.7853981633974483, 1.4142135623730951
156, 23, 113, 222, 112, 221, 1, 1, 0.7853981633974483, 1.4142135623730951
156, 24, 97, 320, 95, 321, 2, -1, -0.4636476090008061, 2.23606797749979
156, 25, 59, 266, 57, 266, 2, 0, 0.0, 2.0
156, 26, 127, 148, 125, 148, 2, 0, 0.0, 2.0
156, 29, 293, 262, 291, 263, 2, -1, -0.4636476090008061, 2.23606797749979
156, 30, 159, 311, 158, 312, 1, -1, -0.7853981633974483, 1.4142135623730951
156, 36, 17, 377, 16, 379, 1, -2, -1.1071487177940904, 2.23606797749979
156, 38, 171, 279, 170, 281, 1, -2, -1.1071487177940904, 2.23606797749979
156, 39, 237, 203, 236, 204, 1, -1, -0.7853981633974483, 1.4142135623730951
156, 41, 85, 240, 83, 240, 2, 0, 0.0, 2.0
156, 42, 211, 205, 209, 204, 2, 1, 0.4636476090008061, 2.23606797749979
156, 43, 110, 262, 109, 263, 1, -1, -0.7853981633974483, 1.4142135623730951
156, 44, 129, 374, 128, 376, 1, -2, -1.1071487177940904, 2.23606797749979
156, 45, 31, 316, 30, 317, 1, -1, -0.7853981633974483, 1.4142135623730951
156, 46, 81, 363, 79, 365, 2, -2, -0.7853981633974483, 2.8284271247461903
156, 49, 69, 259, 68, 260, 1, -1, -0.7853981633974483, 1.4142135623730951
156, 50, 43, 247, 42, 248, 1, -1, -0.7853981633974483, 1.4142135623730951
156, 52, 25, 190, 24, 189, 1, 1, 0.7853981633974483, 1.4142135623730951
156, 54, 65, 238, 64, 239, 1, -1, -0.7853981633974483, 1.4142135623730951
156, 56, 271, 286, 270, 287, 1, -1, -0.7853981633974483, 1.4142135623730951
156, 57, 218, 277, 217, 279, 1, -2, -1.1071487177940904, 2.23606797749979
156, 58, 206, 292, 205, 294, 1, -2, -1.1071487177940904, 2.23606797749979
156, 61, 224, 313, 223, 316, 1, -3, -1.2490457723982544, 3.1622776601683795
156, 63, 108, 199, 107, 198, 1, 1, 0.7853981633974483, 1.4142135623730951
156, 64, 247, 285, 245, 286, 2, -1, -0.4636476090008061, 2.23606797749979
156, 66, 167, 345, 166, 346, 1, -1, -0.7853981633974483, 1.4142135623730951
156, 67, 87, 280, 85, 281, 2, -1, -0.4636476090008061, 2.23606797749979
156, 69, 247, 327, 246, 329, 1, -2, -1.1071487177940904, 2.23606797749979
156, 70, 134, 369, 133, 370, 1, -1, -0.7853981633974483, 1.4142135623730951
156, 73, 20, 265, 18, 265, 2, 0, 0.0, 2.0
156, 74, 140, 118, 139, 117, 1, 1, 0.7853981633974483, 1.4142135623730951
156, 76, 223, 272, 222, 273, 1, -1, -0.7853981633974483, 1.4142135623730951
156, 77, 9, 143, 7, 144, 2, -1, -0.4636476090008061, 2.23606797749979
156, 78, 132, 334, 132, 336, 0, -2, -1.5707963267948966, 2.0
156, 82, 127, 309, 126, 310, 1, -1, -0.7853981633974483, 1.4142135623730951
156, 85, 37, 241, 36, 242, 1, -1, -0.7853981633974483, 1.4142135623730951
156, 86, 226, 246, 225, 247, 1, -1, -0.7853981633974483, 1.4142135623730951
156, 87, 28, 120, 26, 120, 2, 0, 0.0, 2.0
156, 88, 191, 326, 190, 327, 1, -1, -0.7853981633974483, 1.4142135623730951
156, 89, 102, 237, 100, 237, 2, 0, 0.0, 2.0
156, 90, 114, 342, 112, 343, 2, -1, -0.4636476090008061, 2.23606797749979
157, 0, 137, 114, 136, 113, 1, 1, 0.7853981633974483, 1.4142135623730951
157, 6, 97, 240, 96, 241, 1, -1, -0.7853981633974483, 1.4142135623730951
157, 7, 107, 218, 106, 219, 1, -1, -0.7853981633974483, 1.4142135623730951
157, 8, 20, 345, 18, 346, 2, -1, -0.4636476090008061, 2.23606797749979
157, 11, 75, 214, 73, 214, 2, 0, 0.0, 2.0
157, 12, 177, 211, 175, 210, 2, 1, 0.4636476090008061, 2.23606797749979
157, 14, 215, 343, 214, 345, 1, -2, -1.1071487177940904, 2.23606797749979
157, 15, 10, 233, 8, 233, 2, 0, 0.0, 2.0
157, 19, 106, 177, 105, 176, 1, 1, 0.7853981633974483, 1.4142135623730951
157, 20, 86, 149, 84, 148, 2, 1, 0.4636476090008061, 2.23606797749979
157, 22, 66, 336, 64, 338, 2, -2, -0.7853981633974483, 2.8284271247461903
157, 23, 115, 222, 113, 222, 2, 0, 0.0, 2.0
157, 24, 98, 319, 97, 320, 1, -1, -0.7853981633974483, 1.4142135623730951
157, 25, 61, 265, 59, 266, 2, -1, -0.4636476090008061, 2.23606797749979
157, 26, 128, 149, 127, 148, 1, 1, 0.7853981633974483, 1.4142135623730951
157, 27, 230, 222, 229, 223, 1, -1, -0.7853981633974483, 1.4142135623730951
157, 29, 294, 261, 293, 262, 1, -1, -0.7853981633974483, 1.4142135623730951
157, 30, 161, 310, 159, 311, 2, -1, -0.4636476090008061, 2.23606797749979
157, 32, 61, 234, 59, 235, 2, -1, -0.4636476090008061, 2.23606797749979
157, 33, 231, 162, 230, 161, 1, 1, 0.7853981633974483, 1.4142135623730951
157, 35, 239, 243, 237, 243, 2, 0, 0.0, 2.0
157, 36, 19, 376, 17, 377, 2, -1, -0.4636476090008061, 2.23606797749979
157, 37, 37, 159, 36, 160, 1, -1, -0.7853981633974483, 1.4142135623730951
157, 39, 239, 203, 237, 203, 2, 0, 0.0, 2.0
157, 40, 106, 313, 104, 315, 2, -2, -0.7853981633974483, 2.8284271247461903
157, 41, 86, 239, 85, 240, 1, -1, -0.7853981633974483, 1.4142135623730951
157, 43, 111, 261, 110, 262, 1, -1, -0.7853981633974483, 1.4142135623730951
157, 44, 130, 373, 129, 374, 1, -1, -0.7853981633974483, 1.4142135623730951
157, 45, 32, 315, 31, 316, 1, -1, -0.7853981633974483, 1.4142135623730951
157, 46, 82, 362, 81, 363, 1, -1, -0.7853981633974483, 1.4142135623730951
157, 47, 205, 316, 205, 318, 0, -2, -1.5707963267948966, 2.0
157, 50, 45, 246, 43, 247, 2, -1, -0.4636476090008061, 2.23606797749979
157, 54, 66, 237, 65, 238, 1, -1, -0.7853981633974483, 1.4142135623730951
157, 55, 248, 206, 246, 206, 2, 0, 0.0, 2.0
157, 56, 272, 282, 271, 286, 1, -4, -1.3258176636680326, 4.123105625617661
157, 57, 219, 276, 218, 277, 1, -1, -0.7853981633974483, 1.4142135623730951
157, 58, 206, 290, 206, 292, 0, -2, -1.5707963267948966, 2.0
157, 61, 224, 311, 224, 313, 0, -2, -1.5707963267948966, 2.0
157, 62, 255, 262, 253, 263, 2, -1, -0.4636476090008061, 2.23606797749979
157, 64, 248, 284, 247, 285, 1, -1, -0.7853981633974483, 1.4142135623730951
157, 65, 119, 264, 117, 264, 2, 0, 0.0, 2.0
157, 66, 168, 343, 167, 345, 1, -2, -1.1071487177940904, 2.23606797749979
157, 68, 13, 267, 12, 268, 1, -1, -0.7853981633974483, 1.4142135623730951
157, 69, 248, 325, 247, 327, 1, -2, -1.1071487177940904, 2.23606797749979
157, 70, 135, 367, 134, 369, 1, -2, -1.1071487177940904, 2.23606797749979
157, 72, 28, 217, 27, 218, 1, -1, -0.7853981633974483, 1.4142135623730951
157, 73, 21, 264, 20, 265, 1, -1, -0.7853981633974483, 1.4142135623730951
157, 76, 224, 271, 223, 272, 1, -1, -0.7853981633974483, 1.4142135623730951
157, 77, 11, 143, 9, 143, 2, 0, 0.0, 2.0
157, 78, 133, 332, 132, 334, 1, -2, -1.1071487177940904, 2.23606797749979
157, 79, 134, 241, 132, 242, 2, -1, -0.4636476090008061, 2.23606797749979
157, 80, 208, 255, 207, 257, 1, -2, -1.1071487177940904, 2.23606797749979
157, 82, 128, 308, 127, 309, 1, -1, -0.7853981633974483, 1.4142135623730951
157, 85, 38, 240, 37, 241, 1, -1, -0.7853981633974483, 1.4142135623730951
157, 87, 30, 120, 28, 120, 2, 0, 0.0, 2.0
157, 88, 192, 325, 191, 326, 1, -1, -0.7853981633974483, 1.4142135623730951
157, 89, 105, 236, 102, 237, 3, -1, -0.3217505543966422, 3.1622776601683795
157, 90, 115, 340, 114, 342, 1, -2, -1.1071487177940904, 2.23606797749979
158, 0, 138, 115, 137, 114, 1, 1, 0.7853981633974483, 1.4142135623730951
158, 1, 129, 239, 128, 240, 1, -1, -0.7853981633974483, 1.4142135623730951
158, 3, 66, 213, 64, 214, 2, -1, -0.4636476090008061, 2.23606797749979
158, 4, 50, 285, 49, 286, 1, -1, -0.7853981633974483, 1.4142135623730951
158, 5, 189, 181, 188, 180, 1, 1, 0.7853981633974483, 1.4142135623730951
158, 6, 99, 240, 97, 240, 2, 0, 0.0, 2.0
158, 7, 108, 217, 107, 218, 1, -1, -0.7853981633974483, 1.4142135623730951
158, 8, 22, 344, 20, 345, 2, -1, -0.4636476090008061, 2.23606797749979
158, 11, 77, 214, 75, 214, 2, 0, 0.0, 2.0
158, 12, 179, 211, 177, 211, 2, 0, 0.0, 2.0
158, 13, 12, 159, 10, 160, 2, -1, -0.4636476090008061, 2.23606797749979
158, 14, 216, 341, 215, 343, 1, -2, -1.1071487177940904, 2.23606797749979
158, 15, 12, 233, 10, 233, 2, 0, 0.0, 2.0
158, 16, 153, 184, 151, 184, 2, 0, 0.0, 2.0
158, 18, 146, 181, 144, 181, 2, 0, 0.0, 2.0
158, 20, 87, 150, 86, 149, 1, 1, 0.7853981633974483, 1.4142135623730951
158, 22, 68, 335, 66, 336, 2, -1, -0.4636476090008061, 2.23606797749979
158, 23, 116, 221, 115, 222, 1, -1, -0.7853981633974483, 1.4142135623730951
158, 24, 99, 317, 98, 319, 1, -2, -1.1071487177940904, 2.23606797749979
158, 25, 63, 265, 61, 265, 2, 0, 0.0, 2.0
158, 26, 130, 150, 128, 149, 2, 1, 0.4636476090008061, 2.23606797749979
158, 28, 29, 242, 28, 243, 1, -1, -0.7853981633974483, 1.4142135623730951
158, 29, 296, 260, 294, 261, 2, -1, -0.4636476090008061, 2.23606797749979
158, 32, 62, 233, 61, 234, 1, -1, -0.7853981633974483, 1.4142135623730951
158, 33, 232, 163, 231, 162, 1, 1, 0.7853981633974483, 1.4142135623730951
158, 36, 20, 375, 19, 376, 1, -1, -0.7853981633974483, 1.4142135623730951
158, 37, 39, 159, 37, 159, 2, 0, 0.0, 2.0
158, 38, 172, 277, 171, 278, 1, -1, -0.7853981633974483, 1.4142135623730951
158, 40, 107, 312, 106, 313, 1, -1, -0.7853981633974483, 1.4142135623730951
158, 43, 113, 260, 111, 261, 2, -1, -0.4636476090008061, 2.23606797749979
158, 44, 131, 372, 130, 373, 1, -1, -0.7853981633974483, 1.4142135623730951
158, 45, 34, 314, 32, 315, 2, -1, -0.4636476090008061, 2.23606797749979
158, 46, 83, 361, 82, 362, 1, -1, -0.7853981633974483, 1.4142135623730951
158, 47, 205, 314, 205, 316, 0, -2, -1.5707963267948966, 2.0
158, 50, 46, 245, 45, 246, 1, -1, -0.7853981633974483, 1.4142135623730951
158, 54, 67, 236, 66, 237, 1, -1, -0.7853981633974483, 1.4142135623730951
158, 56, 272, 280, 272, 282, 0, -2, -1.5707963267948966, 2.0
158, 57, 220, 275, 219, 276, 1, -1, -0.7853981633974483, 1.4142135623730951
158, 58, 207, 288, 206, 290, 1, -2, -1.1071487177940904, 2.23606797749979
158, 59, 160, 236, 159, 237, 1, -1, -0.7853981633974483, 1.4142135623730951
158, 61, 225, 309, 224, 311, 1, -2, -1.1071487177940904, 2.23606797749979
158, 62, 256, 261, 255, 262, 1, -1, -0.7853981633974483, 1.4142135623730951
158, 65, 121, 264, 119, 264, 2, 0, 0.0, 2.0
158, 66, 169, 342, 168, 343, 1, -1, -0.7853981633974483, 1.4142135623730951
158, 67, 89, 279, 88, 280, 1, -1, -0.7853981633974483, 1.4142135623730951
158, 69, 249, 323, 248, 325, 1, -2, -1.1071487177940904, 2.23606797749979
158, 71, 34, 101, 32, 101, 2, 0, 0.0, 2.0
158, 73, 22, 263, 21, 264, 1, -1, -0.7853981633974483, 1.4142135623730951
158, 74, 142, 119, 141, 118, 1, 1, 0.7853981633974483, 1.4142135623730951
158, 76, 13, 142, 11, 143, 2, -1, -0.4636476090008061, 2.23606797749979
158, 77, 133, 329, 133, 332, 0, -3, -1.5707963267948966, 3.0
158, 78, 135, 240, 134, 241, 1, -1, -0.7853981633974483, 1.4142135623730951
158, 79, 209, 254, 208, 255, 1, -1, -0.7853981633974483, 1.4142135623730951
158, 80, 17, 111, 16, 112, 1, -1, -0.7853981633974483, 1.4142135623730951
158, 81, 129, 307, 128, 308, 1, -1, -0.7853981633974483, 1.4142135623730951
158, 82, 226, 156, 224, 155, 2, 1, 0.4636476090008061, 2.23606797749979
158, 83, 80, 330, 82, 330, -2, 0, 3.141592653589793, 2.0
158, 87, 192, 323, 192, 325, 0, -2, -1.5707963267948966, 2.0
158, 88, 107, 236, 105, 236, 2, 0, 0.0, 2.0
158, 89, 117, 339, 115, 340, 2, -1, -0.4636476090008061, 2.23606797749979
159, 0, 139, 116, 138, 115, 1, 1, 0.7853981633974483, 1.4142135623730951
159, 1, 130, 238, 129, 239, 1, -1, -0.7853981633974483, 1.4142135623730951
159, 7, 109, 216, 108, 217, 1, -1, -0.7853981633974483, 1.4142135623730951
159, 8, 23, 343, 22, 344, 1, -1, -0.7853981633974483, 1.4142135623730951
159, 11, 79, 214, 77, 214, 2, 0, 0.0, 2.0
159, 12, 180, 212, 179, 211, 1, 1, 0.7853981633974483, 1.4142135623730951
159, 14, 218, 338, 216, 341, 2, -3, -0.982793723247329, 3.605551275463989
159, 15, 14, 233, 12, 233, 2, 0, 0.0, 2.0
159, 21, 230, 218, 228, 219, 2, -1, -0.4636476090008061, 2.23606797749979
159, 22, 70, 334, 68, 335, 2, -1, -0.4636476090008061, 2.23606797749979
159, 24, 100, 316, 99, 317, 1, -1, -0.7853981633974483, 1.4142135623730951
159, 25, 64, 264, 63, 265, 1, -1, -0.7853981633974483, 1.4142135623730951
159, 29, 298, 259, 296, 260, 2, -1, -0.4636476090008061, 2.23606797749979
159, 30, 162, 307, 161, 309, 1, -2, -1.1071487177940904, 2.23606797749979
159, 31, 144, 206, 142, 206, 2, 0, 0.0, 2.0
159, 33, 233, 164, 232, 163, 1, 1, 0.7853981633974483, 1.4142135623730951
159, 36, 22, 374, 20, 375, 2, -1, -0.4636476090008061, 2.23606797749979
159, 37, 41, 158, 39, 159, 2, -1, -0.4636476090008061, 2.23606797749979
159, 38, 174, 276, 172, 277, 2, -1, -0.4636476090008061, 2.23606797749979
159, 40, 109, 312, 107, 312, 2, 0, 0.0, 2.0
159, 42, 208, 204, 210, 205, -2, -1, -2.677945044588987, 2.23606797749979
159, 43, 115, 259, 113, 260, 2, -1, -0.4636476090008061, 2.23606797749979
159, 45, 35, 313, 34, 314, 1, -1, -0.7853981633974483, 1.4142135623730951
159, 46, 84, 360, 83, 361, 1, -1, -0.7853981633974483, 1.4142135623730951
159, 49, 47, 244, 46, 245, 1, -1, -0.7853981633974483, 1.4142135623730951
159, 50, 195, 229, 194, 230, 1, -1, -0.7853981633974483, 1.4142135623730951
159, 55, 273, 278, 272, 280, 1, -2, -1.1071487177940904, 2.23606797749979
159, 60, 257, 260, 256, 261, 1, -1, -0.7853981633974483, 1.4142135623730951
159, 63, 122, 265, 121, 264, 1, 1, 0.7853981633974483, 1.4142135623730951
159, 64, 170, 341, 169, 342, 1, -1, -0.7853981633974483, 1.4142135623730951
159, 65, 90, 278, 89, 279, 1, -1, -0.7853981633974483, 1.4142135623730951
159, 66, 16, 267, 14, 267, 2, 0, 0.0, 2.0
159, 67, 250, 321, 249, 323, 1, -2, -1.1071487177940904, 2.23606797749979
159, 76, 136, 239, 135, 240, 1, -1, -0.7853981633974483, 1.4142135623730951
159, 77, 209, 252, 209, 254, 0, -2, -1.5707963267948966, 2.0
159, 78, 19, 111, 17, 111, 2, 0, 0.0, 2.0
159, 79, 130, 306, 129, 307, 1, -1, -0.7853981633974483, 1.4142135623730951
159, 83, 229, 245, 228, 246, 1, -1, -0.7853981633974483, 1.4142135623730951
159, 85, 193, 322, 192, 323, 1, -1, -0.7853981633974483, 1.4142135623730951
159, 86, 108, 237, 107, 236, 1, 1, 0.7853981633974483, 1.4142135623730951
159, 87, 118, 338, 117, 339, 1, -1, -0.7853981633974483, 1.4142135623730951
160, 1, 129, 240, 128, 241, 1, -1, -0.7853981633974483, 1.4142135623730951
160, 2, 67, 214, 65, 214, 2, 0, 0.0, 2.0
160, 4, 109, 219, 108, 220, 1, -1, -0.7853981633974483, 1.4142135623730951
160, 6, 119, 217, 117, 218, 2, -1, -0.4636476090008061, 2.23606797749979
160, 7, 180, 209, 178, 209, 2, 0, 0.0, 2.0
160, 8, 51, 285, 50, 286, 1, -1, -0.7853981633974483, 1.4142135623730951
160, 9, 101, 242, 99, 242, 2, 0, 0.0, 2.0
160, 12, 13, 161, 11, 161, 2, 0, 0.0, 2.0
160, 13, 168, 212, 166, 212, 2, 0, 0.0, 2.0
160, 16, 9, 235, 8, 236, 1, -1, -0.7853981633974483, 1.4142135623730951
160, 17, 77, 213, 75, 213, 2, 0, 0.0, 2.0
160, 18, 23, 346, 21, 347, 2, -1, -0.4636476090008061, 2.23606797749979
160, 19, 233, 219, 231, 219, 2, 0, 0.0, 2.0
160, 20, 100, 318, 99, 319, 1, -1, -0.7853981633974483, 1.4142135623730951
160, 21, 63, 265, 61, 266, 2, -1, -0.4636476090008061, 2.23606797749979
160, 22, 236, 163, 235, 162, 1, 1, 0.7853981633974483, 1.4142135623730951
160, 26, 218, 344, 217, 346, 1, -2, -1.1071487177940904, 2.23606797749979
160, 27, 89, 151, 87, 150, 2, 1, 0.4636476090008061, 2.23606797749979
160, 29, 131, 150, 129, 150, 2, 0, 0.0, 2.0
160, 32, 66, 335, 64, 336, 2, -1, -0.4636476090008061, 2.23606797749979
160, 33, 104, 310, 103, 311, 1, -1, -0.7853981633974483, 1.4142135623730951
160, 34, 21, 377, 20, 378, 1, -1, -0.7853981633974483, 1.4142135623730951
160, 35, 259, 263, 258, 264, 1, -1, -0.7853981633974483, 1.4142135623730951
160, 36, 274, 282, 274, 284, 0, -2, -1.5707963267948966, 2.0
160, 37, 108, 178, 107, 177, 1, 1, 0.7853981633974483, 1.4142135623730951
160, 38, 172, 237, 171, 238, 1, -1, -0.7853981633974483, 1.4142135623730951
160, 39, 91, 198, 89, 199, 2, -1, -0.4636476090008061, 2.23606797749979
160, 40, 117, 177, 116, 176, 1, 1, 0.7853981633974483, 1.4142135623730951
160, 41, 73, 259, 71, 260, 2, -1, -0.4636476090008061, 2.23606797749979
160, 44, 87, 241, 86, 242, 1, -1, -0.7853981633974483, 1.4142135623730951
160, 45, 224, 338, 223, 339, 1, -1, -0.7853981633974483, 1.4142135623730951
160, 47, 130, 375, 129, 376, 1, -1, -0.7853981633974483, 1.4142135623730951
160, 49, 229, 272, 228, 274, 1, -2, -1.1071487177940904, 2.23606797749979
160, 53, 104, 198, 106, 199, -2, -1, -2.677945044588987, 2.23606797749979
160, 54, 120, 266, 119, 267, 1, -1, -0.7853981633974483, 1.4142135623730951
160, 55, 229, 306, 230, 308, -1, -2, -2.0344439357957027, 2.23606797749979
160, 56, 172, 344, 171, 345, 1, -1, -0.7853981633974483, 1.4142135623730951
160, 58, 247, 285, 246, 286, 1, -1, -0.7853981633974483, 1.4142135623730951
160, 64, 89, 281, 88, 282, 1, -1, -0.7853981633974483, 1.4142135623730951
161, 0, 139, 115, 138, 114, 1, 1, 0.7853981633974483, 1.4142135623730951
161, 1, 130, 239, 129, 240, 1, -1, -0.7853981633974483, 1.4142135623730951
161, 2, 68, 213, 67, 214, 1, -1, -0.7853981633974483, 1.4142135623730951
161, 4, 110, 218, 109, 219, 1, -1, -0.7853981633974483, 1.4142135623730951
161, 5, 149, 184, 147, 183, 2, 1, 0.4636476090008061, 2.23606797749979
161, 8, 52, 284, 51, 285, 1, -1, -0.7853981633974483, 1.4142135623730951
161, 11, 156, 183, 155, 182, 1, 1, 0.7853981633974483, 1.4142135623730951
161, 12, 14, 160, 13, 161, 1, -1, -0.7853981633974483, 1.4142135623730951
161, 13, 170, 212, 168, 212, 2, 0, 0.0, 2.0
161, 14, 191, 184, 190, 183, 1, 1, 0.7853981633974483, 1.4142135623730951
161, 15, 36, 316, 34, 317, 2, -1, -0.4636476090008061, 2.23606797749979
161, 16, 10, 234, 9, 235, 1, -1, -0.7853981633974483, 1.4142135623730951
161, 18, 25, 345, 23, 346, 2, -1, -0.4636476090008061, 2.23606797749979
161, 20, 101, 316, 100, 318, 1, -2, -1.1071487177940904, 2.23606797749979
161, 21, 65, 265, 63, 265, 2, 0, 0.0, 2.0
161, 22, 237, 164, 236, 163, 1, 1, 0.7853981633974483, 1.4142135623730951
161, 26, 219, 342, 218, 344, 1, -2, -1.1071487177940904, 2.23606797749979
161, 27, 91, 151, 89, 151, 2, 0, 0.0, 2.0
161, 32, 67, 334, 66, 335, 1, -1, -0.7853981633974483, 1.4142135623730951
161, 33, 105, 309, 104, 310, 1, -1, -0.7853981633974483, 1.4142135623730951
161, 34, 23, 376, 21, 377, 2, -1, -0.4636476090008061, 2.23606797749979
161, 35, 260, 262, 259, 263, 1, -1, -0.7853981633974483, 1.4142135623730951
161, 36, 274, 279, 274, 282, 0, -3, -1.5707963267948966, 3.0
161, 37, 110, 178, 108, 178, 2, 0, 0.0, 2.0
161, 38, 169, 235, 172, 237, -3, -2, -2.5535900500422257, 3.605551275463989
161, 39, 93, 197, 91, 198, 2, -1, -0.4636476090008061, 2.23606797749979
161, 40, 119, 177, 117, 177, 2, 0, 0.0, 2.0
161, 41, 75, 259, 73, 259, 2, 0, 0.0, 2.0
161, 42, 184, 281, 183, 282, 1, -1, -0.7853981633974483, 1.4142135623730951
161, 43, 42, 160, 40, 160, 2, 0, 0.0, 2.0
161, 44, 89, 240, 87, 241, 2, -1, -0.4636476090008061, 2.23606797749979
161, 47, 130, 373, 130, 375, 0, -2, -1.5707963267948966, 2.0
161, 49, 106, 236, 105, 237, 1, -1, -0.7853981633974483, 1.4142135623730951
161, 52, 121, 265, 120, 266, 1, -1, -0.7853981633974483, 1.4142135623730951
161, 53, 173, 342, 172, 344, 1, -2, -1.1071487177940904, 2.23606797749979
161, 54, 44, 245, 43, 246, 1, -1, -0.7853981633974483, 1.4142135623730951
161, 55, 248, 284, 247, 285, 1, -1, -0.7853981633974483, 1.4142135623730951
161, 56, 102, 123, 100, 122, 2, 1, 0.4636476090008061, 2.23606797749979
161, 57, 155, 263, 153, 263, 2, 0, 0.0, 2.0
162, 1, 131, 238, 130, 239, 1, -1, -0.7853981633974483, 1.4142135623730951
162, 2, 70, 213, 68, 213, 2, 0, 0.0, 2.0
162, 3, 69, 176, 68, 177, 1, -1, -0.7853981633974483, 1.4142135623730951
162, 4, 111, 217, 110, 218, 1, -1, -0.7853981633974483, 1.4142135623730951
162, 8, 54, 283, 52, 284, 2, -1, -0.4636476090008061, 2.23606797749979
162, 9, 103, 241, 102, 242, 1, -1, -0.7853981633974483, 1.4142135623730951
162, 11, 158, 184, 156, 183, 2, 1, 0.4636476090008061, 2.23606797749979
162, 13, 172, 212, 170, 212, 2, 0, 0.0, 2.0
162, 15, 38, 316, 36, 316, 2, 0, 0.0, 2.0
162, 18, 26, 344, 25, 345, 1, -1, -0.7853981633974483, 1.4142135623730951
162, 20, 102, 315, 101, 316, 1, -1, -0.7853981633974483, 1.4142135623730951
162, 21, 67, 264, 65, 265, 2, -1, -0.4636476090008061, 2.23606797749979
162, 22, 238, 165, 237, 164, 1, 1, 0.7853981633974483, 1.4142135623730951
162, 25, 57, 135, 55, 135, 2, 0, 0.0, 2.0
162, 26, 220, 340, 219, 342, 1, -2, -1.1071487177940904, 2.23606797749979
162, 31, 21, 189, 23, 189, -2, 0, 3.141592653589793, 2.0
162, 32, 68, 333, 67, 334, 1, -1, -0.7853981633974483, 1.4142135623730951
162, 33, 105, 307, 105, 309, 0, -2, -1.5707963267948966, 2.0
162, 34, 25, 375, 23, 376, 2, -1, -0.4636476090008061, 2.23606797749979
162, 36, 274, 277, 274, 279, 0, -2, -1.5707963267948966, 2.0
162, 37, 111, 179, 110, 178, 1, 1, 0.7853981633974483, 1.4142135623730951
162, 41, 77, 258, 75, 259, 2, -1, -0.4636476090008061, 2.23606797749979
162, 42, 182, 280, 184, 281, -2, -1, -2.677945044588987, 2.23606797749979
162, 44, 91, 239, 89, 240, 2, -1, -0.4636476090008061, 2.23606797749979
162, 45, 224, 335, 224, 337, 0, -2, -1.5707963267948966, 2.0
162, 47, 132, 371, 130, 373, 2, -2, -0.7853981633974483, 2.8284271247461903
162, 48, 107, 235, 106, 236, 1, -1, -0.7853981633974483, 1.4142135623730951
162, 49, 33, 242, 31, 242, 2, 0, 0.0, 2.0
162, 53, 45, 244, 44, 245, 1, -1, -0.7853981633974483, 1.4142135623730951
162, 54, 249, 283, 248, 284, 1, -1, -0.7853981633974483, 1.4142135623730951
162, 58, 225, 188, 224, 189, 1, -1, -0.7853981633974483, 1.4142135623730951
163, 0, 142, 115, 140, 115, 2, 0, 0.0, 2.0
163, 3, 70, 175, 69, 176, 1, -1, -0.7853981633974483, 1.4142135623730951
163, 4, 113, 216, 111, 217, 2, -1, -0.4636476090008061, 2.23606797749979
163, 6, 123, 217, 121, 217, 2, 0, 0.0, 2.0
163, 8, 55, 282, 54, 283, 1, -1, -0.7853981633974483, 1.4142135623730951
163, 10, 147, 209, 146, 210, 1, -1, -0.7853981633974483, 1.4142135623730951
163, 11, 159, 185, 158, 184, 1, 1, 0.7853981633974483, 1.4142135623730951
163, 13, 174, 212, 172, 212, 2, 0, 0.0, 2.0
163, 15, 39, 315, 38, 316, 1, -1, -0.7853981633974483, 1.4142135623730951
163, 18, 27, 343, 26, 344, 1, -1, -0.7853981633974483, 1.4142135623730951
163, 20, 103, 314, 102, 315, 1, -1, -0.7853981633974483, 1.4142135623730951
163, 22, 239, 166, 238, 165, 1, 1, 0.7853981633974483, 1.4142135623730951
163, 23, 59, 234, 58, 235, 1, -1, -0.7853981633974483, 1.4142135623730951
163, 25, 59, 135, 57, 135, 2, 0, 0.0, 2.0
163, 26, 221, 338, 220, 340, 1, -2, -1.1071487177940904, 2.23606797749979
163, 27, 94, 151, 92, 151, 2, 0, 0.0, 2.0
163, 29, 134, 151, 133, 150, 1, 1, 0.7853981633974483, 1.4142135623730951
163, 30, 23, 213, 21, 213, 2, 0, 0.0, 2.0
163, 32, 70, 331, 68, 333, 2, -2, -0.7853981633974483, 2.8284271247461903
163, 33, 27, 373, 25, 375, 2, -2, -0.7853981633974483, 2.8284271247461903
163, 34, 261, 261, 260, 262, 1, -1, -0.7853981633974483, 1.4142135623730951
163, 35, 273, 274, 274, 277, -1, -3, -1.892546881191539, 3.1622776601683795
163, 36, 113, 179, 111, 179, 2, 0, 0.0, 2.0
163, 37, 170, 233, 169, 234, 1, -1, -0.7853981633974483, 1.4142135623730951
163, 43, 93, 238, 91, 239, 2, -1, -0.4636476090008061, 2.23606797749979
163, 45, 133, 370, 132, 371, 1, -1, -0.7853981633974483, 1.4142135623730951
163, 48, 123, 263, 122, 265, 1, -2, -1.1071487177940904, 2.23606797749979
163, 49, 174, 339, 173, 341, 1, -2, -1.1071487177940904, 2.23606797749979
163, 51, 250, 282, 249, 283, 1, -1, -0.7853981633974483, 1.4142135623730951
163, 57, 92, 280, 91, 281, 1, -1, -0.7853981633974483, 1.4142135623730951
164, 1, 133, 237, 132, 238, 1, -1, -0.7853981633974483, 1.4142135623730951
164, 2, 72, 212, 71, 213, 1, -1, -0.7853981633974483, 1.4142135623730951
164, 3, 72, 174, 70, 175, 2, -1, -0.4636476090008061, 2.23606797749979
164, 4, 114, 215, 113, 216, 1, -1, -0.7853981633974483, 1.4142135623730951
164, 8, 56, 281, 55, 282, 1, -1, -0.7853981633974483, 1.4142135623730951
164, 9, 105, 240, 104, 241, 1, -1, -0.7853981633974483, 1.4142135623730951
164, 10, 149, 209, 147, 209, 2, 0, 0.0, 2.0
164, 13, 176, 212, 174, 212, 2, 0, 0.0, 2.0
164, 15, 41, 314, 39, 315, 2, -1, -0.4636476090008061, 2.23606797749979
164, 18, 28, 342, 27, 343, 1, -1, -0.7853981633974483, 1.4142135623730951
164, 20, 104, 313, 103, 314, 1, -1, -0.7853981633974483, 1.4142135623730951
164, 22, 240, 167, 239, 166, 1, 1, 0.7853981633974483, 1.4142135623730951
164, 25, 61, 135, 59, 135, 2, 0, 0.0, 2.0
164, 26, 222, 336, 221, 338, 1, -2, -1.1071487177940904, 2.23606797749979
164, 27, 97, 151, 94, 151, 3, 0, 0.0, 3.0
164, 32, 72, 330, 70, 331, 2, -1, -0.4636476090008061, 2.23606797749979
164, 33, 29, 372, 27, 373, 2, -1, -0.4636476090008061, 2.23606797749979
164, 34, 262, 260, 261, 261, 1, -1, -0.7853981633974483, 1.4142135623730951
164, 35, 273, 271, 273, 274, 0, -3, -1.5707963267948966, 3.0
164, 37, 171, 232, 170, 233, 1, -1, -0.7853981633974483, 1.4142135623730951
164, 38, 95, 196, 94, 197, 1, -1, -0.7853981633974483, 1.4142135623730951
164, 40, 80, 258, 78, 258, 2, 0, 0.0, 2.0
164, 41, 183, 279, 182, 280, 1, -1, -0.7853981633974483, 1.4142135623730951
164, 42, 44, 160, 43, 161, 1, -1, -0.7853981633974483, 1.4142135623730951
164, 43, 95, 237, 93, 238, 2, -1, -0.4636476090008061, 2.23606797749979
164, 44, 225, 333, 224, 334, 1, -1, -0.7853981633974483, 1.4142135623730951
164, 45, 134, 369, 133, 370, 1, -1, -0.7853981633974483, 1.4142135623730951
164, 47, 36, 242, 34, 242, 2, 0, 0.0, 2.0
165, 0, 73, 177, 71, 177, 2, 0, 0.0, 2.0
165, 1, 104, 242, 103, 243, 1, -1, -0.7853981633974483, 1.4142135623730951
165, 2, 143, 116, 141, 116, 2, 0, 0.0, 2.0
165, 3, 55, 285, 54, 286, 1, -1, -0.7853981633974483, 1.4142135623730951
165, 5, 133, 238, 132, 239, 1, -1, -0.7853981633974483, 1.4142135623730951
165, 7, 113, 218, 112, 219, 1, -1, -0.7853981633974483, 1.4142135623730951
165, 10, 28, 344, 26, 345, 2, -1, -0.4636476090008061, 2.23606797749979
165, 13, 92, 240, 91, 241, 1, -1, -0.7853981633974483, 1.4142135623730951
165, 16, 17, 164, 15, 163, 2, 1, 0.4636476090008061, 2.23606797749979
165, 17, 5, 291, 4, 292, 1, -1, -0.7853981633974483, 1.4142135623730951
165, 18, 223, 340, 222, 342, 1, -2, -1.1071487177940904, 2.23606797749979
165, 19, 88, 360, 87, 361, 1, -1, -0.7853981633974483, 1.4142135623730951
165, 20, 95, 151, 93, 151, 2, 0, 0.0, 2.0
165, 22, 104, 316, 103, 317, 1, -1, -0.7853981633974483, 1.4142135623730951
165, 23, 245, 246, 244, 247, 1, -1, -0.7853981633974483, 1.4142135623730951
165, 25, 276, 276, 276, 278, 0, -2, -1.5707963267948966, 2.0
165, 28, 72, 335, 71, 336, 1, -1, -0.7853981633974483, 1.4142135623730951
165, 31, 240, 166, 239, 165, 1, 1, 0.7853981633974483, 1.4142135623730951
165, 32, 28, 375, 26, 376, 2, -1, -0.4636476090008061, 2.23606797749979
165, 33, 203, 251, 202, 252, 1, -1, -0.7853981633974483, 1.4142135623730951
165, 37, 58, 236, 56, 236, 2, 0, 0.0, 2.0
165, 38, 197, 292, 196, 293, 1, -1, -0.7853981633974483, 1.4142135623730951
165, 39, 256, 285, 255, 287, 1, -2, -1.1071487177940904, 2.23606797749979
165, 40, 39, 315, 38, 316, 1, -1, -0.7853981633974483, 1.4142135623730951
165, 43, 167, 232, 166, 233, 1, -1, -0.7853981633974483, 1.4142135623730951
165, 44, 122, 218, 121, 219, 1, -1, -0.7853981633974483, 1.4142135623730951
165, 45, 170, 339, 169, 340, 1, -1, -0.7853981633974483, 1.4142135623730951
165, 48, 178, 282, 177, 283, 1, -1, -0.7853981633974483, 1.4142135623730951
165, 49, 9, 232, 7, 232, 2, 0, 0.0, 2.0
165, 52, 131, 286, 130, 287, 1, -1, -0.7853981633974483, 1.4142135623730951
165, 53, 179, 338, 177, 340, 2, -2, -0.7853981633974483, 2.8284271247461903
165, 54, 8, 187, 7, 188, 1, -1, -0.7853981633974483, 1.4142135623730951
165, 57, 42, 285, 41, 286, 1, -1, -0.7853981633974483, 1.4142135623730951
165, 60, 299, 258, 296, 259, 3, -1, -0.3217505543966422, 3.1622776601683795
165, 61, 27, 266, 25, 266, 2, 0, 0.0, 2.0
165, 68, 127, 263, 126, 264, 1, -1, -0.7853981633974483, 1.4142135623730951
165, 71, 196, 321, 195, 322, 1, -1, -0.7853981633974483, 1.4142135623730951
165, 72, 153, 261, 152, 262, 1, -1, -0.7853981633974483, 1.4142135623730951
166, 1, 105, 241, 104, 242, 1, -1, -0.7853981633974483, 1.4142135623730951
166, 2, 144, 117, 143, 116, 1, 1, 0.7853981633974483, 1.4142135623730951
166, 3, 56, 284, 55, 285, 1, -1, -0.7853981633974483, 1.4142135623730951
166, 5, 135, 237, 133, 238, 2, -1, -0.4636476090008061, 2.23606797749979
166, 6, 183, 211, 182, 212, 1, -1, -0.7853981633974483, 1.4142135623730951
166, 7, 114, 217, 113, 218, 1, -1, -0.7853981633974483, 1.4142135623730951
166, 10, 30, 344, 28, 344, 2, 0, 0.0, 2.0
166, 11, 174, 212, 172, 212, 2, 0, 0.0, 2.0
166, 12, 62, 137, 60, 136, 2, 1, 0.4636476090008061, 2.23606797749979
166, 13, 93, 239, 92, 240, 1, -1, -0.7853981633974483, 1.4142135623730951
166, 14, 151, 209, 149, 209, 2, 0, 0.0, 2.0
166, 18, 224, 339, 223, 340, 1, -1, -0.7853981633974483, 1.4142135623730951
166, 19, 89, 358, 88, 360, 1, -2, -1.1071487177940904, 2.23606797749979
166, 22, 105, 315, 104, 316, 1, -1, -0.7853981633974483, 1.4142135623730951
166, 25, 277, 274, 276, 276, 1, -2, -1.1071487177940904, 2.23606797749979
166, 28, 73, 334, 72, 335, 1, -1, -0.7853981633974483, 1.4142135623730951
166, 29, 69, 266, 67, 266, 2, 0, 0.0, 2.0
166, 31, 241, 167, 240, 166, 1, 1, 0.7853981633974483, 1.4142135623730951
166, 32, 29, 374, 28, 375, 1, -1, -0.7853981633974483, 1.4142135623730951
166, 33, 204, 250, 203, 251, 1, -1, -0.7853981633974483, 1.4142135623730951
166, 34, 122, 259, 121, 260, 1, -1, -0.7853981633974483, 1.4142135623730951
166, 35, 113, 181, 112, 180, 1, 1, 0.7853981633974483, 1.4142135623730951
166, 36, 135, 153, 134, 152, 1, 1, 0.7853981633974483, 1.4142135623730951
166, 38, 198, 291, 197, 292, 1, -1, -0.7853981633974483, 1.4142135623730951
166, 39, 257, 284, 256, 285, 1, -1, -0.7853981633974483, 1.4142135623730951
166, 40, 40, 314, 39, 315, 1, -1, -0.7853981633974483, 1.4142135623730951
166, 45, 171, 338, 170, 339, 1, -1, -0.7853981633974483, 1.4142135623730951
166, 48, 179, 281, 178, 282, 1, -1, -0.7853981633974483, 1.4142135623730951
166, 49, 10, 231, 9, 232, 1, -1, -0.7853981633974483, 1.4142135623730951
166, 51, 95, 199, 94, 200, 1, -1, -0.7853981633974483, 1.4142135623730951
166, 52, 132, 285, 131, 286, 1, -1, -0.7853981633974483, 1.4142135623730951
166, 55, 73, 142, 72, 141, 1, 1, 0.7853981633974483, 1.4142135623730951
166, 56, 43, 284, 42, 285, 1, -1, -0.7853981633974483, 1.4142135623730951
166, 57, 155, 267, 154, 268, 1, -1, -0.7853981633974483, 1.4142135623730951
166, 59, 301, 258, 299, 258, 2, 0, 0.0, 2.0
166, 62, 247, 208, 245, 207, 2, 1, 0.4636476090008061, 2.23606797749979
166, 65, 42, 102, 41, 101, 1, 1, 0.7853981633974483, 1.4142135623730951
166, 67, 128, 262, 127, 263, 1, -1, -0.7853981633974483, 1.4142135623730951
166, 69, 106, 124, 104, 124, 2, 0, 0.0, 2.0
166, 70, 197, 320, 196, 321, 1, -1, -0.7853981633974483, 1.4142135623730951
166, 72, 37, 368, 36, 369, 1, -1, -0.7853981633974483, 1.4142135623730951
167, 1, 106, 240, 105, 241, 1, -1, -0.7853981633974483, 1.4142135623730951
167, 2, 146, 117, 144, 117, 2, 0, 0.0, 2.0
167, 3, 57, 283, 56, 284, 1, -1, -0.7853981633974483, 1.4142135623730951
167, 5, 137, 236, 135, 237, 2, -1, -0.4636476090008061, 2.23606797749979
167, 6, 185, 212, 183, 211, 2, 1, 0.4636476090008061, 2.23606797749979
167, 9, 193, 185, 192, 186, 1, -1, -0.7853981633974483, 1.4142135623730951
167, 10, 31, 343, 30, 344, 1, -1, -0.7853981633974483, 1.4142135623730951
167, 11, 175, 210, 174, 212, 1, -2, -1.1071487177940904, 2.23606797749979
167, 13, 94, 237, 93, 239, 1, -2, -1.1071487177940904, 2.23606797749979
167, 15, 183, 182, 182, 184, 1, -2, -1.1071487177940904, 2.23606797749979
167, 17, 7, 290, 6, 291, 1, -1, -0.7853981633974483, 1.4142135623730951
167, 18, 225, 337, 224, 339, 1, -2, -1.1071487177940904, 2.23606797749979
167, 20, 98, 151, 96, 151, 2, 0, 0.0, 2.0
167, 22, 107, 314, 105, 315, 2, -1, -0.4636476090008061, 2.23606797749979
167, 24, 132, 370, 131, 371, 1, -1, -0.7853981633974483, 1.4142135623730951
167, 25, 277, 272, 277, 274, 0, -2, -1.5707963267948966, 2.0
167, 28, 74, 333, 73, 334, 1, -1, -0.7853981633974483, 1.4142135623730951
167, 29, 71, 266, 69, 266, 2, 0, 0.0, 2.0
167, 30, 59, 282, 60, 281, -1, 1, 2.356194490192345, 1.4142135623730951
167, 32, 31, 372, 29, 374, 2, -2, -0.7853981633974483, 2.8284271247461903
167, 33, 205, 249, 204, 250, 1, -1, -0.7853981633974483, 1.4142135623730951
167, 34, 123, 258, 122, 259, 1, -1, -0.7853981633974483, 1.4142135623730951
167, 38, 199, 290, 198, 291, 1, -1, -0.7853981633974483, 1.4142135623730951
167, 39, 258, 283, 257, 284, 1, -1, -0.7853981633974483, 1.4142135623730951
167, 40, 42, 313, 40, 314, 2, -1, -0.4636476090008061, 2.23606797749979
167, 43, 168, 231, 167, 232, 1, -1, -0.7853981633974483, 1.4142135623730951
167, 44, 124, 217, 123, 218, 1, -1, -0.7853981633974483, 1.4142135623730951
167, 45, 172, 336, 171, 338, 1, -2, -1.1071487177940904, 2.23606797749979
167, 48, 180, 280, 179, 281, 1, -1, -0.7853981633974483, 1.4142135623730951
167, 52, 134, 284, 132, 285, 2, -1, -0.4636476090008061, 2.23606797749979
167, 54, 45, 163, 44, 162, 1, 1, 0.7853981633974483, 1.4142135623730951
167, 56, 43, 282, 43, 284, 0, -2, -1.5707963267948966, 2.0
167, 59, 303, 256, 301, 258, 2, -2, -0.7853981633974483, 2.8284271247461903
167, 60, 30, 265, 28, 266, 2, -1, -0.4636476090008061, 2.23606797749979
167, 61, 172, 162, 171, 161, 1, 1, 0.7853981633974483, 1.4142135623730951
167, 65, 43, 103, 42, 102, 1, 1, 0.7853981633974483, 1.4142135623730951
167, 66, 191, 131, 190, 130, 1, 1, 0.7853981633974483, 1.4142135623730951
167, 67, 129, 261, 128, 262, 1, -1, -0.7853981633974483, 1.4142135623730951
167, 70, 198, 319, 197, 320, 1, -1, -0.7853981633974483, 1.4142135623730951
167, 72, 38, 367, 37, 368, 1, -1, -0.7853981633974483, 1.4142135623730951
168, 4, 74, 214, 72, 214, 2, 0, 0.0, 2.0
168, 6, 187, 212, 185, 212, 2, 0, 0.0, 2.0
168, 9, 195, 185, 193, 185, 2, 0, 0.0, 2.0
168, 10, 32, 342, 31, 343, 1, -1, -0.7853981633974483, 1.4142135623730951
168, 13, 95, 236, 94, 237, 1, -1, -0.7853981633974483, 1.4142135623730951
168, 14, 153, 210, 152, 209, 1, 1, 0.7853981633974483, 1.4142135623730951
168, 16, 20, 165, 19, 164, 1, 1, 0.7853981633974483, 1.4142135623730951
168, 18, 226, 336, 225, 337, 1, -1, -0.7853981633974483, 1.4142135623730951
168, 20, 100, 151, 98, 151, 2, 0, 0.0, 2.0
168, 21, 255, 212, 253, 212, 2, 0, 0.0, 2.0
168, 22, 108, 313, 107, 314, 1, -1, -0.7853981633974483, 1.4142135623730951
168, 24, 133, 369, 132, 370, 1, -1, -0.7853981633974483, 1.4142135623730951
168, 28, 75, 332, 74, 333, 1, -1, -0.7853981633974483, 1.4142135623730951
168, 29, 73, 266, 71, 266, 2, 0, 0.0, 2.0
168, 31, 242, 169, 241, 168, 1, 1, 0.7853981633974483, 1.4142135623730951
168, 32, 32, 371, 31, 372, 1, -1, -0.7853981633974483, 1.4142135623730951
168, 35, 115, 182, 114, 181, 1, 1, 0.7853981633974483, 1.4142135623730951
168, 38, 200, 289, 199, 290, 1, -1, -0.7853981633974483, 1.4142135623730951
168, 39, 259, 282, 258, 283, 1, -1, -0.7853981633974483, 1.4142135623730951
168, 40, 44, 312, 42, 313, 2, -1, -0.4636476090008061, 2.23606797749979
168, 43, 169, 230, 168, 231, 1, -1, -0.7853981633974483, 1.4142135623730951
168, 45, 174, 335, 172, 336, 2, -1, -0.4636476090008061, 2.23606797749979
168, 48, 181, 279, 180, 280, 1, -1, -0.7853981633974483, 1.4142135623730951
168, 51, 135, 283, 134, 284, 1, -1, -0.7853981633974483, 1.4142135623730951
168, 52, 11, 188, 9, 187, 2, 1, 0.4636476090008061, 2.23606797749979
168, 55, 44, 281, 43, 282, 1, -1, -0.7853981633974483, 1.4142135623730951
168, 56, 158, 266, 156, 267, 2, -1, -0.4636476090008061, 2.23606797749979
168, 58, 304, 255, 303, 256, 1, -1, -0.7853981633974483, 1.4142135623730951
168, 60, 173, 161, 172, 162, 1, -1, -0.7853981633974483, 1.4142135623730951
168, 61, 250, 208, 248, 208, 2, 0, 0.0, 2.0
168, 62, 128, 178, 126, 178, 2, 0, 0.0, 2.0
168, 65, 192, 132, 191, 131, 1, 1, 0.7853981633974483, 1.4142135623730951
168, 68, 108, 125, 107, 124, 1, 1, 0.7853981633974483, 1.4142135623730951
168, 69, 199, 318, 198, 319, 1, -1, -0.7853981633974483, 1.4142135623730951
168, 71, 40, 365, 38, 367, 2, -2, -0.7853981633974483, 2.8284271247461903
169, 1, 109, 240, 107, 240, 2, 0, 0.0, 2.0
169, 2, 148, 118, 147, 117, 1, 1, 0.7853981633974483, 1.4142135623730951
169, 3, 60, 282, 58, 283, 2, -1, -0.4636476090008061, 2.23606797749979
169, 4, 75, 213, 74, 214, 1, -1, -0.7853981633974483, 1.4142135623730951
169, 5, 139, 235, 138, 236, 1, -1, -0.7853981633974483, 1.4142135623730951
169, 6, 189, 212, 187, 212, 2, 0, 0.0, 2.0
169, 10, 33, 341, 32, 342, 1, -1, -0.7853981633974483, 1.4142135623730951
169, 13, 97, 236, 95, 236, 2, 0, 0.0, 2.0
169, 18, 227, 334, 226, 336, 1, -2, -1.1071487177940904, 2.23606797749979
169, 19, 90, 355, 89, 356, 1, -1, -0.7853981633974483, 1.4142135623730951
169, 21, 256, 213, 255, 212, 1, 1, 0.7853981633974483, 1.4142135623730951
169, 22, 109, 311, 108, 313, 1, -2, -1.1071487177940904, 2.23606797749979
169, 23, 249, 245, 248, 246, 1, -1, -0.7853981633974483, 1.4142135623730951
169, 24, 135, 368, 133, 369, 2, -1, -0.4636476090008061, 2.23606797749979
169, 25, 278, 269, 277, 271, 1, -2, -1.1071487177940904, 2.23606797749979
169, 26, 28, 213, 27, 214, 1, -1, -0.7853981633974483, 1.4142135623730951
169, 28, 76, 331, 75, 332, 1, -1, -0.7853981633974483, 1.4142135623730951
169, 29, 74, 265, 73, 266, 1, -1, -0.7853981633974483, 1.4142135623730951
169, 30, 62, 281, 60, 282, 2, -1, -0.4636476090008061, 2.23606797749979
169, 31, 243, 170, 242, 169, 1, 1, 0.7853981633974483, 1.4142135623730951
169, 32, 33, 370, 32, 371, 1, -1, -0.7853981633974483, 1.4142135623730951
169, 33, 207, 249, 205, 249, 2, 0, 0.0, 2.0
169, 34, 126, 258, 124, 258, 2, 0, 0.0, 2.0
169, 40, 46, 311, 44, 312, 2, -1, -0.4636476090008061, 2.23606797749979
169, 45, 175, 334, 174, 335, 1, -1, -0.7853981633974483, 1.4142135623730951
169, 48, 182, 278, 181, 279, 1, -1, -0.7853981633974483, 1.4142135623730951
169, 49, 13, 230, 12, 231, 1, -1, -0.7853981633974483, 1.4142135623730951
169, 50, 98, 198, 97, 199, 1, -1, -0.7853981633974483, 1.4142135623730951
169, 51, 137, 282, 135, 283, 2, -1, -0.4636476090008061, 2.23606797749979
169, 52, 13, 188, 11, 188, 2, 0, 0.0, 2.0
169, 55, 46, 280, 44, 281, 2, -1, -0.4636476090008061, 2.23606797749979
169, 56, 159, 265, 158, 266, 1, -1, -0.7853981633974483, 1.4142135623730951
169, 58, 306, 254, 304, 255, 2, -1, -0.4636476090008061, 2.23606797749979
169, 59, 33, 265, 31, 265, 2, 0, 0.0, 2.0
169, 61, 251, 209, 250, 208, 1, 1, 0.7853981633974483, 1.4142135623730951
169, 66, 131, 260, 130, 261, 1, -1, -0.7853981633974483, 1.4142135623730951
169, 68, 110, 126, 108, 125, 2, 1, 0.4636476090008061, 2.23606797749979
169, 70, 157, 260, 156, 261, 1, -1, -0.7853981633974483, 1.4142135623730951
169, 71, 41, 364, 40, 365, 1, -1, -0.7853981633974483, 1.4142135623730951
170, 0, 138, 238, 137, 239, 1, -1, -0.7853981633974483, 1.4142135623730951
170, 1, 149, 122, 148, 121, 1, 1, 0.7853981633974483, 1.4142135623730951
170, 3, 76, 215, 75, 214, 1, 1, 0.7853981633974483, 1.4142135623730951
170, 5, 61, 142, 59, 142, 2, 0, 0.0, 2.0
170, 6, 178, 212, 176, 212, 2, 0, 0.0, 2.0
170, 13, 32, 343, 31, 344, 1, -1, -0.7853981633974483, 1.4142135623730951
170, 14, 18, 235, 17, 234, 1, 1, 0.7853981633974483, 1.4142135623730951
170, 15, 45, 315, 44, 316, 1, -1, -0.7853981633974483, 1.4142135623730951
170, 16, 61, 281, 59, 282, 2, -1, -0.4636476090008061, 2.23606797749979
170, 17, 33, 374, 31, 375, 2, -1, -0.4636476090008061, 2.23606797749979
170, 18, 9, 291, 8, 292, 1, -1, -0.7853981633974483, 1.4142135623730951
170, 20, 73, 265, 72, 266, 1, -1, -0.7853981633974483, 1.4142135623730951
170, 21, 155, 211, 153, 211, 2, 0, 0.0, 2.0
170, 22, 138, 156, 137, 155, 1, 1, 0.7853981633974483, 1.4142135623730951
170, 23, 227, 336, 225, 338, 2, -2, -0.7853981633974483, 2.8284271247461903
170, 29, 108, 313, 107, 314, 1, -1, -0.7853981633974483, 1.4142135623730951
170, 31, 48, 164, 47, 163, 1, 1, 0.7853981633974483, 1.4142135623730951
170, 33, 183, 281, 181, 282, 2, -1, -0.4636476090008061, 2.23606797749979
170, 36, 120, 176, 118, 176, 2, 0, 0.0, 2.0
170, 37, 139, 369, 137, 371, 2, -2, -0.7853981633974483, 2.8284271247461903
170, 38, 76, 334, 75, 335, 1, -1, -0.7853981633974483, 1.4142135623730951
170, 42, 35, 196, 34, 197, 1, -1, -0.7853981633974483, 1.4142135623730951
170, 44, 127, 262, 125, 263, 2, -1, -0.4636476090008061, 2.23606797749979
170, 47, 99, 279, 98, 280, 1, -1, -0.7853981633974483, 1.4142135623730951
170, 48, 68, 284, 66, 285, 2, -1, -0.4636476090008061, 2.23606797749979
170, 49, 90, 326, 89, 327, 1, -1, -0.7853981633974483, 1.4142135623730951
170, 51, 158, 267, 157, 268, 1, -1, -0.7853981633974483, 1.4142135623730951
170, 53, 310, 249, 307, 251, 3, -2, -0.5880026035475675, 3.605551275463989
170, 55, 92, 183, 90, 183, 2, 0, 0.0, 2.0
170, 57, 218, 213, 216, 213, 2, 0, 0.0, 2.0
170, 58, 114, 205, 113, 206, 1, -1, -0.7853981633974483, 1.4142135623730951
170, 61, 110, 128, 109, 127, 1, 1, 0.7853981633974483, 1.4142135623730951
170, 62, 248, 246, 247, 247, 1, -1, -0.7853981633974483, 1.4142135623730951
170, 66, 251, 287, 250, 288, 1, -1, -0.7853981633974483, 1.4142135623730951
170, 67, 181, 337, 180, 338, 1, -1, -0.7853981633974483, 1.4142135623730951
170, 71, 50, 364, 48, 365, 2, -1, -0.4636476090008061, 2.23606797749979
170, 76, 127, 179, 126, 180, 1, -1, -0.7853981633974483, 1.4142135623730951
170, 77, 33, 267, 32, 268, 1, -1, -0.7853981633974483, 1.4142135623730951
170, 80, 168, 309, 167, 310, 1, -1, -0.7853981633974483, 1.4142135623730951
171, 0, 139, 237, 138, 238, 1, -1, -0.7853981633974483, 1.4142135623730951
171, 2, 81, 177, 80, 178, 1, -1, -0.7853981633974483, 1.4142135623730951
171, 10, 188, 216, 187, 217, 1, -1, -0.7853981633974483, 1.4142135623730951
171, 12, 111, 242, 110, 243, 1, -1, -0.7853981633974483, 1.4142135623730951
171, 13, 33, 342, 32, 343, 1, -1, -0.7853981633974483, 1.4142135623730951
171, 15, 47, 314, 45, 315, 2, -1, -0.4636476090008061, 2.23606797749979
171, 16, 62, 280, 61, 281, 1, -1, -0.7853981633974483, 1.4142135623730951
171, 17, 35, 372, 33, 374, 2, -2, -0.7853981633974483, 2.8284271247461903
171, 18, 10, 290, 9, 291, 1, -1, -0.7853981633974483, 1.4142135623730951
171, 20, 75, 264, 73, 265, 2, -1, -0.4636476090008061, 2.23606797749979
171, 23, 228, 335, 227, 336, 1, -1, -0.7853981633974483, 1.4142135623730951
171, 25, 83, 261, 82, 262, 1, -1, -0.7853981633974483, 1.4142135623730951
171, 26, 119, 183, 117, 183, 2, 0, 0.0, 2.0
171, 27, 98, 239, 97, 240, 1, -1, -0.7853981633974483, 1.4142135623730951
171, 29, 109, 311, 108, 313, 1, -2, -1.1071487177940904, 2.23606797749979
171, 30, 154, 188, 152, 187, 2, 1, 0.4636476090008061, 2.23606797749979
171, 33, 184, 280, 183, 281, 1, -1, -0.7853981633974483, 1.4142135623730951
171, 37, 140, 368, 139, 369, 1, -1, -0.7853981633974483, 1.4142135623730951
171, 38, 78, 333, 76, 334, 2, -1, -0.4636476090008061, 2.23606797749979
171, 39, 232, 329, 231, 330, 1, -1, -0.7853981633974483, 1.4142135623730951
171, 40, 34, 216, 28, 216, 6, 0, 0.0, 6.0
171, 42, 36, 195, 35, 196, 1, -1, -0.7853981633974483, 1.4142135623730951
171, 44, 128, 261, 127, 262, 1, -1, -0.7853981633974483, 1.4142135623730951
171, 45, 118, 310, 117, 311, 1, -1, -0.7853981633974483, 1.4142135623730951
171, 46, 279, 272, 278, 274, 1, -2, -1.1071487177940904, 2.23606797749979
171, 47, 100, 277, 99, 279, 1, -2, -1.1071487177940904, 2.23606797749979
171, 48, 69, 282, 68, 284, 1, -2, -1.1071487177940904, 2.23606797749979
171, 53, 313, 247, 310, 249, 3, -2, -0.5880026035475675, 3.605551275463989
171, 56, 219, 212, 218, 213, 1, -1, -0.7853981633974483, 1.4142135623730951
171, 57, 115, 204, 114, 205, 1, -1, -0.7853981633974483, 1.4142135623730951
171, 61, 249, 245, 248, 246, 1, -1, -0.7853981633974483, 1.4142135623730951
171, 63, 233, 302, 232, 304, 1, -2, -1.1071487177940904, 2.23606797749979
171, 65, 182, 335, 181, 337, 1, -2, -1.1071487177940904, 2.23606797749979
171, 67, 174, 236, 173, 237, 1, -1, -0.7853981633974483, 1.4142135623730951
171, 75, 34, 266, 33, 267, 1, -1, -0.7853981633974483, 1.4142135623730951
171, 76, 236, 297, 235, 299, 1, -2, -1.1071487177940904, 2.23606797749979
171, 78, 169, 308, 168, 309, 1, -1, -0.7853981633974483, 1.4142135623730951
172, 0, 140, 236, 139, 237, 1, -1, -0.7853981633974483, 1.4142135623730951
172, 9, 188, 185, 187, 184, 1, 1, 0.7853981633974483, 1.4142135623730951
172, 10, 189, 215, 188, 216, 1, -1, -0.7853981633974483, 1.4142135623730951
172, 13, 35, 341, 33, 342, 2, -1, -0.4636476090008061, 2.23606797749979
172, 14, 21, 235, 19, 235, 2, 0, 0.0, 2.0
172, 15, 48, 313, 47, 314, 1, -1, -0.7853981633974483, 1.4142135623730951
172, 16, 63, 279, 62, 280, 1, -1, -0.7853981633974483, 1.4142135623730951
172, 17, 37, 371, 35, 372, 2, -1, -0.4636476090008061, 2.23606797749979
172, 18, 12, 290, 10, 290, 2, 0, 0.0, 2.0
172, 19, 102, 154, 100, 153, 2, 1, 0.4636476090008061, 2.23606797749979
172, 20, 77, 264, 75, 264, 2, 0, 0.0, 2.0
172, 22, 139, 157, 138, 156, 1, 1, 0.7853981633974483, 1.4142135623730951
172, 23, 229, 333, 228, 335, 1, -2, -1.1071487177940904, 2.23606797749979
172, 24, 189, 275, 189, 277, 0, -2, -1.5707963267948966, 2.0
172, 29, 110, 310, 109, 311, 1, -1, -0.7853981633974483, 1.4142135623730951
172, 30, 155, 187, 154, 188, 1, -1, -0.7853981633974483, 1.4142135623730951
172, 33, 185, 279, 184, 280, 1, -1, -0.7853981633974483, 1.4142135623730951
172, 37, 141, 367, 140, 368, 1, -1, -0.7853981633974483, 1.4142135623730951
172, 38, 79, 332, 78, 333, 1, -1, -0.7853981633974483, 1.4142135623730951
172, 39, 234, 327, 232, 329, 2, -2, -0.7853981633974483, 2.8284271247461903
172, 41, 46, 246, 45, 247, 1, -1, -0.7853981633974483, 1.4142135623730951
172, 42, 37, 194, 36, 195, 1, -1, -0.7853981633974483, 1.4142135623730951
172, 44, 129, 259, 128, 261, 1, -2, -1.1071487177940904, 2.23606797749979
172, 45, 119, 309, 118, 310, 1, -1, -0.7853981633974483, 1.4142135623730951
172, 46, 280, 270, 279, 272, 1, -2, -1.1071487177940904, 2.23606797749979
172, 47, 101, 276, 100, 277, 1, -1, -0.7853981633974483, 1.4142135623730951
172, 48, 70, 281, 69, 282, 1, -1, -0.7853981633974483, 1.4142135623730951
172, 50, 81, 119, 80, 118, 1, 1, 0.7853981633974483, 1.4142135623730951
172, 53, 317, 246, 313, 247, 4, -1, -0.24497866312686414, 4.123105625617661
172, 56, 219, 210, 219, 212, 0, -2, -1.5707963267948966, 2.0
172, 57, 115, 202, 115, 204, 0, -2, -1.5707963267948966, 2.0
172, 58, 14, 189, 13, 190, 1, -1, -0.7853981633974483, 1.4142135623730951
172, 65, 183, 333, 182, 335, 1, -2, -1.1071487177940904, 2.23606797749979
172, 72, 259, 213, 257, 213, 2, 0, 0.0, 2.0
172, 75, 35, 265, 34, 266, 1, -1, -0.7853981633974483, 1.4142135623730951
172, 78, 171, 307, 169, 308, 2, -1, -0.4636476090008061, 2.23606797749979
173, 1, 151, 124, 150, 123, 1, 1, 0.7853981633974483, 1.4142135623730951
173, 3, 80, 215, 78, 215, 2, 0, 0.0, 2.0
173, 5, 65, 142, 63, 142, 2, 0, 0.0, 2.0
173, 7, 23, 164, 21, 164, 2, 0, 0.0, 2.0
173, 8, 119, 218, 118, 219, 1, -1, -0.7853981633974483, 1.4142135623730951
173, 10, 190, 214, 189, 215, 1, -1, -0.7853981633974483, 1.4142135623730951
173, 12, 113, 241, 112, 242, 1, -1, -0.7853981633974483, 1.4142135623730951
173, 13, 36, 340, 35, 341, 1, -1, -0.7853981633974483, 1.4142135623730951
173, 16, 64, 278, 63, 279, 1, -1, -0.7853981633974483, 1.4142135623730951
173, 17, 38, 370, 37, 371, 1, -1, -0.7853981633974483, 1.4142135623730951
173, 19, 103, 155, 102, 154, 1, 1, 0.7853981633974483, 1.4142135623730951
173, 20, 78, 263, 77, 264, 1, -1, -0.7853981633974483, 1.4142135623730951
173, 23, 230, 331, 229, 333, 1, -2, -1.1071487177940904, 2.23606797749979
173, 25, 84, 259, 83, 260, 1, -1, -0.7853981633974483, 1.4142135623730951
173, 28, 234, 223, 232, 224, 2, -1, -0.4636476090008061, 2.23606797749979
173, 29, 111, 309, 110, 310, 1, -1, -0.7853981633974483, 1.4142135623730951
173, 30, 156, 188, 155, 187, 1, 1, 0.7853981633974483, 1.4142135623730951
173, 37, 142, 366, 141, 367, 1, -1, -0.7853981633974483, 1.4142135623730951
173, 38, 83, 330, 79, 332, 4, -2, -0.4636476090008061, 4.47213595499958
173, 39, 235, 326, 234, 327, 1, -1, -0.7853981633974483, 1.4142135623730951
173, 42, 37, 192, 37, 194, 0, -2, -1.5707963267948966, 2.0
173, 43, 88, 215, 87, 216, 1, -1, -0.7853981633974483, 1.4142135623730951
173, 44, 130, 258, 129, 259, 1, -1, -0.7853981633974483, 1.4142135623730951
173, 45, 120, 308, 119, 309, 1, -1, -0.7853981633974483, 1.4142135623730951
173, 46, 281, 268, 280, 270, 1, -2, -1.1071487177940904, 2.23606797749979
173, 48, 71, 280, 70, 281, 1, -1, -0.7853981633974483, 1.4142135623730951
173, 49, 89, 324, 90, 326, -1, -2, -2.0344439357957027, 2.23606797749979
173, 51, 160, 265, 159, 266, 1, -1, -0.7853981633974483, 1.4142135623730951
173, 53, 319, 245, 317, 246, 2, -1, -0.4636476090008061, 2.23606797749979
173, 58, 15, 190, 14, 189, 1, 1, 0.7853981633974483, 1.4142135623730951
173, 61, 249, 242, 249, 244, 0, -2, -1.5707963267948966, 2.0
173, 63, 234, 299, 233, 301, 1, -2, -1.1071487177940904, 2.23606797749979
173, 64, 253, 285, 252, 286, 1, -1, -0.7853981633974483, 1.4142135623730951
173, 65, 183, 330, 183, 333, 0, -3, -1.5707963267948966, 3.0
173, 69, 50, 366, 51, 365, -1, 1, 2.356194490192345, 1.4142135623730951
173, 73, 178, 235, 177, 236, 1, -1, -0.7853981633974483, 1.4142135623730951
173, 78, 172, 305, 171, 307, 1, -2, -1.1071487177940904, 2.23606797749979
174, 1, 152, 125, 151, 124, 1, 1, 0.7853981633974483, 1.4142135623730951
174, 4, 11, 234, 9, 234, 2, 0, 0.0, 2.0
174, 5, 67, 142, 65, 142, 2, 0, 0.0, 2.0
174, 7, 25, 164, 23, 164, 2, 0, 0.0, 2.0
174, 12, 114, 240, 113, 241, 1, -1, -0.7853981633974483, 1.4142135623730951
174, 14, 24, 235, 22, 235, 2, 0, 0.0, 2.0
174, 15, 50, 312, 49, 313, 1, -1, -0.7853981633974483, 1.4142135623730951
174, 16, 66, 277, 64, 278, 2, -1, -0.4636476090008061, 2.23606797749979
174, 17, 40, 369, 38, 370, 2, -1, -0.4636476090008061, 2.23606797749979
174, 18, 14, 289, 13, 290, 1, -1, -0.7853981633974483, 1.4142135623730951
174, 20, 79, 262, 78, 263, 1, -1, -0.7853981633974483, 1.4142135623730951
174, 23, 231, 329, 230, 331, 1, -2, -1.1071487177940904, 2.23606797749979
174, 24, 190, 273, 189, 274, 1, -1, -0.7853981633974483, 1.4142135623730951
174, 25, 86, 259, 84, 259, 2, 0, 0.0, 2.0
174, 26, 123, 183, 121, 183, 2, 0, 0.0, 2.0
174, 27, 101, 238, 100, 239, 1, -1, -0.7853981633974483, 1.4142135623730951
174, 29, 112, 307, 111, 309, 1, -2, -1.1071487177940904, 2.23606797749979
174, 32, 69, 237, 68, 238, 1, -1, -0.7853981633974483, 1.4142135623730951
174, 33, 186, 277, 185, 278, 1, -1, -0.7853981633974483, 1.4142135623730951
174, 36, 125, 177, 122, 177, 3, 0, 0.0, 3.0
174, 37, 143, 365, 142, 366, 1, -1, -0.7853981633974483, 1.4142135623730951
174, 38, 85, 329, 83, 330, 2, -1, -0.4636476090008061, 2.23606797749979
174, 39, 237, 325, 235, 326, 2, -1, -0.4636476090008061, 2.23606797749979
174, 44, 131, 257, 130, 258, 1, -1, -0.7853981633974483, 1.4142135623730951
174, 46, 282, 267, 281, 268, 1, -1, -0.7853981633974483, 1.4142135623730951
174, 47, 102, 274, 101, 275, 1, -1, -0.7853981633974483, 1.4142135623730951
174, 49, 91, 323, 89, 324, 2, -1, -0.4636476090008061, 2.23606797749979
174, 53, 321, 245, 319, 245, 2, 0, 0.0, 2.0
174, 55, 29, 121, 27, 121, 2, 0, 0.0, 2.0
174, 57, 16, 189, 15, 190, 1, -1, -0.7853981633974483, 1.4142135623730951
174, 59, 113, 129, 112, 128, 1, 1, 0.7853981633974483, 1.4142135623730951
174, 60, 251, 241, 249, 242, 2, -1, -0.4636476090008061, 2.23606797749979
174, 61, 102, 202, 101, 203, 1, -1, -0.7853981633974483, 1.4142135623730951
174, 62, 235, 298, 234, 299, 1, -1, -0.7853981633974483, 1.4142135623730951
174, 69, 208, 230, 206, 231, 2, -1, -0.4636476090008061, 2.23606797749979
174, 71, 261, 212, 260, 213, 1, -1, -0.7853981633974483, 1.4142135623730951
174, 74, 38, 265, 36, 265, 2, 0, 0.0, 2.0
174, 75, 236, 295, 235, 296, 1, -1, -0.7853981633974483, 1.4142135623730951
174, 77, 173, 304, 172, 305, 1, -1, -0.7853981633974483, 1.4142135623730951
175, 2, 145, 239, 144, 240, 1, -1, -0.7853981633974483, 1.4142135623730951
175, 5, 65, 279, 63, 280, 2, -1, -0.4636476090008061, 2.23606797749979
175, 6, 121, 218, 120, 219, 1, -1, -0.7853981633974483, 1.4142135623730951
175, 9, 245, 175, 244, 174, 1, 1, 0.7853981633974483, 1.4142135623730951
175, 11, 164, 193, 162, 193, 2, 0, 0.0, 2.0
175, 13, 113, 238, 112, 239, 1, -1, -0.7853981633974483, 1.4142135623730951
175, 14, 127, 222, 126, 223, 1, -1, -0.7853981633974483, 1.4142135623730951
175, 16, 159, 217, 156, 217, 3, 0, 0.0, 3.0
175, 17, 189, 188, 188, 187, 1, 1, 0.7853981633974483, 1.4142135623730951
175, 18, 68, 142, 67, 141, 1, 1, 0.7853981633974483, 1.4142135623730951
175, 19, 27, 166, 23, 166, 4, 0, 0.0, 4.0
175, 21, 41, 340, 37, 343, 4, -3, -0.6435011087932844, 5.0
175, 22, 231, 334, 230, 336, 1, -2, -1.1071487177940904, 2.23606797749979
175, 25, 116, 312, 115, 313, 1, -1, -0.7853981633974483, 1.4142135623730951
175, 26, 252, 245, 251, 246, 1, -1, -0.7853981633974483, 1.4142135623730951
175, 28, 144, 158, 140, 157, 4, 1, 0.24497866312686414, 4.123105625617661
175, 29, 79, 265, 77, 266, 2, -1, -0.4636476090008061, 2.23606797749979
175, 31, 44, 244, 43, 245, 1, -1, -0.7853981633974483, 1.4142135623730951
175, 33, 50, 314, 49, 315, 1, -1, -0.7853981633974483, 1.4142135623730951
175, 35, 261, 279, 261, 281, 0, -2, -1.5707963267948966, 2.0
175, 36, 122, 186, 121, 185, 1, 1, 0.7853981633974483, 1.4142135623730951
175, 37, 141, 367, 140, 369, 1, -2, -1.1071487177940904, 2.23606797749979
175, 39, 51, 165, 50, 164, 1, 1, 0.7853981633974483, 1.4142135623730951
175, 41, 38, 372, 37, 373, 1, -1, -0.7853981633974483, 1.4142135623730951
175, 43, 78, 258, 76, 259, 2, -1, -0.4636476090008061, 2.23606797749979
175, 44, 74, 146, 73, 147, 1, -1, -0.7853981633974483, 1.4142135623730951
175, 45, 260, 312, 259, 314, 1, -2, -1.1071487177940904, 2.23606797749979
175, 47, 124, 176, 122, 176, 2, 0, 0.0, 2.0
175, 48, 128, 259, 127, 260, 1, -1, -0.7853981633974483, 1.4142135623730951
175, 50, 16, 192, 15, 191, 1, 1, 0.7853981633974483, 1.4142135623730951
175, 51, 351, 232, 349, 234, 2, -2, -0.7853981633974483, 2.8284271247461903
175, 52, 87, 264, 86, 265, 1, -1, -0.7853981633974483, 1.4142135623730951
175, 53, 112, 307, 110, 308, 2, -1, -0.4636476090008061, 2.23606797749979
175, 55, 97, 358, 96, 360, 1, -2, -1.1071487177940904, 2.23606797749979
175, 56, 281, 267, 280, 270, 1, -3, -1.2490457723982544, 3.1622776601683795
175, 57, 83, 330, 81, 331, 2, -1, -0.4636476090008061, 2.23606797749979
175, 58, 151, 358, 150, 359, 1, -1, -0.7853981633974483, 1.4142135623730951
175, 59, 207, 293, 206, 294, 1, -1, -0.7853981633974483, 1.4142135623730951
175, 64, 115, 125, 114, 124, 1, 1, 0.7853981633974483, 1.4142135623730951
175, 67, 179, 333, 178, 335, 1, -2, -1.1071487177940904, 2.23606797749979
175, 69, 104, 278, 103, 279, 1, -1, -0.7853981633974483, 1.4142135623730951
175, 70, 16, 364, 18, 364, -2, 0, 3.141592653589793, 2.0
175, 71, 48, 217, 47, 216, 1, 1, 0.7853981633974483, 1.4142135623730951
175, 72, 230, 196, 227, 194, 3, 2, 0.5880026035475675, 3.605551275463989
175, 73, 315, 254, 312, 255, 3, -1, -0.3217505543966422, 3.1622776601683795
175, 74, 51, 282, 50, 283, 1, -1, -0.7853981633974483, 1.4142135623730951
175, 75, 185, 331, 185, 333, 0, -2, -1.5707963267948966, 2.0
175, 77, 208, 231, 206, 232, 2, -1, -0.4636476090008061, 2.23606797749979
175, 79, 205, 319, 204, 321, 1, -2, -1.1071487177940904, 2.23606797749979
175, 81, 237, 194, 234, 193, 3, 1, 0.3217505543966422, 3.1622776601683795
175, 84, 131, 335, 130, 336, 1, -1, -0.7853981633974483, 1.4142135623730951
175, 85, 253, 207, 251, 207, 2, 0, 0.0, 2.0
175, 86, 8, 250, 10, 251, -2, -1, -2.677945044588987, 2.23606797749979
175, 87, 10, 312, 9, 313, 1, -1, -0.7853981633974483, 1.4142135623730951
175, 88, 235, 296, 234, 297, 1, -1, -0.7853981633974483, 1.4142135623730951
175, 91, 250, 285, 250, 287, 0, -2, -1.5707963267948966, 2.0
176, 10, 28, 236, 26, 236, 2, 0, 0.0, 2.0
176, 21, 42, 339, 41, 340, 1, -1, -0.7853981633974483, 1.4142135623730951
176, 22, 232, 332, 231, 334, 1, -2, -1.1071487177940904, 2.23606797749979
176, 23, 240, 224, 239, 225, 1, -1, -0.7853981633974483, 1.4142135623730951
176, 25, 117, 310, 116, 312, 1, -2, -1.1071487177940904, 2.23606797749979
176, 29, 81, 264, 79, 265, 2, -1, -0.4636476090008061, 2.23606797749979
176, 30, 13, 142, 12, 143, 1, -1, -0.7853981633974483, 1.4142135623730951
176, 31, 45, 243, 44, 244, 1, -1, -0.7853981633974483, 1.4142135623730951
176, 33, 51, 313, 50, 314, 1, -1, -0.7853981633974483, 1.4142135623730951
176, 34, 36, 216, 34, 216, 2, 0, 0.0, 2.0
176, 35, 260, 277, 261, 279, -1, -2, -2.0344439357957027, 2.23606797749979
176, 36, 124, 186, 122, 186, 2, 0, 0.0, 2.0
176, 37, 142, 366, 141, 367, 1, -1, -0.7853981633974483, 1.4142135623730951
176, 39, 53, 165, 51, 165, 2, 0, 0.0, 2.0
176, 40, 272, 253, 271, 254, 1, -1, -0.7853981633974483, 1.4142135623730951
176, 41, 40, 371, 38, 372, 2, -1, -0.4636476090008061, 2.23606797749979
176, 43, 80, 257, 78, 258, 2, -1, -0.4636476090008061, 2.23606797749979
176, 44, 76, 146, 74, 146, 2, 0, 0.0, 2.0
176, 45, 261, 310, 260, 312, 1, -2, -1.1071487177940904, 2.23606797749979
176, 47, 126, 176, 124, 176, 2, 0, 0.0, 2.0
176, 48, 129, 258, 128, 259, 1, -1, -0.7853981633974483, 1.4142135623730951
176, 51, 349, 232, 351, 232, -2, 0, 3.141592653589793, 2.0
176, 52, 89, 262, 87, 264, 2, -2, -0.7853981633974483, 2.8284271247461903
176, 53, 114, 305, 112, 307, 2, -2, -0.7853981633974483, 2.8284271247461903
176, 55, 98, 357, 97, 358, 1, -1, -0.7853981633974483, 1.4142135623730951
176, 56, 282, 266, 281, 267, 1, -1, -0.7853981633974483, 1.4142135623730951
176, 57, 84, 329, 83, 330, 1, -1, -0.7853981633974483, 1.4142135623730951
176, 58, 152, 356, 151, 358, 1, -2, -1.1071487177940904, 2.23606797749979
176, 59, 207, 291, 207, 293, 0, -2, -1.5707963267948966, 2.0
176, 65, 242, 239, 240, 241, 2, -2, -0.7853981633974483, 2.8284271247461903
176, 66, 102, 202, 101, 201, 1, 1, 0.7853981633974483, 1.4142135623730951
176, 67, 180, 332, 179, 333, 1, -1, -0.7853981633974483, 1.4142135623730951
176, 73, 317, 254, 315, 254, 2, 0, 0.0, 2.0
176, 74, 52, 281, 51, 282, 1, -1, -0.7853981633974483, 1.4142135623730951
176, 75, 186, 329, 185, 331, 1, -2, -1.1071487177940904, 2.23606797749979
176, 77, 210, 231, 208, 231, 2, 0, 0.0, 2.0
176, 84, 133, 333, 131, 335, 2, -2, -0.7853981633974483, 2.8284271247461903
176, 85, 255, 207, 253, 207, 2, 0, 0.0, 2.0
176, 88, 236, 295, 235, 296, 1, -1, -0.7853981633974483, 1.4142135623730951
176, 91, 251, 283, 250, 285, 1, -2, -1.1071487177940904, 2.23606797749979
177, 3, 13, 234, 12, 235, 1, -1, -0.7853981633974483, 1.4142135623730951
177, 6, 123, 217, 122, 218, 1, -1, -0.7853981633974483, 1.4142135623730951
177, 8, 16, 291, 15, 292, 1, -1, -0.7853981633974483, 1.4142135623730951
177, 9, 247, 176, 246, 175, 1, 1, 0.7853981633974483, 1.4142135623730951
177, 10, 29, 235, 28, 236, 1, -1, -0.7853981633974483, 1.4142135623730951
177, 12, 89, 219, 88, 220, 1, -1, -0.7853981633974483, 1.4142135623730951
177, 14, 130, 221, 128, 222, 2, -1, -0.4636476090008061, 2.23606797749979
177, 15, 193, 216, 192, 217, 1, -1, -0.7853981633974483, 1.4142135623730951
177, 18, 70, 143, 69, 142, 1, 1, 0.7853981633974483, 1.4142135623730951
177, 21, 43, 338, 42, 339, 1, -1, -0.7853981633974483, 1.4142135623730951
177, 22, 233, 330, 232, 332, 1, -2, -1.1071487177940904, 2.23606797749979
177, 24, 107, 156, 105, 155, 2, 1, 0.4636476090008061, 2.23606797749979
177, 25, 118, 308, 117, 310, 1, -2, -1.1071487177940904, 2.23606797749979
177, 26, 253, 244, 252, 245, 1, -1, -0.7853981633974483, 1.4142135623730951
177, 28, 146, 159, 145, 158, 1, 1, 0.7853981633974483, 1.4142135623730951
177, 29, 82, 263, 81, 264, 1, -1, -0.7853981633974483, 1.4142135623730951
177, 31, 46, 242, 45, 243, 1, -1, -0.7853981633974483, 1.4142135623730951
177, 33, 53, 312, 51, 313, 2, -1, -0.4636476090008061, 2.23606797749979
177, 35, 260, 275, 260, 277, 0, -2, -1.5707963267948966, 2.0
177, 37, 143, 364, 142, 366, 1, -2, -1.1071487177940904, 2.23606797749979
177, 38, 236, 268, 235, 269, 1, -1, -0.7853981633974483, 1.4142135623730951
177, 40, 273, 252, 272, 253, 1, -1, -0.7853981633974483, 1.4142135623730951
177, 41, 42, 370, 40, 371, 2, -1, -0.4636476090008061, 2.23606797749979
177, 42, 263, 213, 262, 214, 1, -1, -0.7853981633974483, 1.4142135623730951
177, 43, 82, 256, 80, 257, 2, -1, -0.4636476090008061, 2.23606797749979
177, 44, 77, 145, 76, 146, 1, -1, -0.7853981633974483, 1.4142135623730951
177, 45, 262, 308, 261, 310, 1, -2, -1.1071487177940904, 2.23606797749979
177, 47, 129, 177, 126, 176, 3, 1, 0.3217505543966422, 3.1622776601683795
177, 52, 91, 261, 89, 262, 2, -1, -0.4636476090008061, 2.23606797749979
177, 53, 115, 303, 114, 305, 1, -2, -1.1071487177940904, 2.23606797749979
177, 55, 99, 355, 98, 357, 1, -2, -1.1071487177940904, 2.23606797749979
177, 56, 283, 264, 282, 266, 1, -2, -1.1071487177940904, 2.23606797749979
177, 57, 85, 328, 84, 329, 1, -1, -0.7853981633974483, 1.4142135623730951
177, 58, 154, 354, 152, 356, 2, -2, -0.7853981633974483, 2.8284271247461903
177, 59, 208, 290, 207, 291, 1, -1, -0.7853981633974483, 1.4142135623730951
177, 62, 38, 266, 37, 267, 1, -1, -0.7853981633974483, 1.4142135623730951
177, 70, 13, 364, 15, 364, -2, 0, 3.141592653589793, 2.0
177, 72, 231, 198, 230, 197, 1, 1, 0.7853981633974483, 1.4142135623730951
177, 73, 319, 253, 317, 254, 2, -1, -0.4636476090008061, 2.23606797749979
177, 74, 53, 280, 52, 281, 1, -1, -0.7853981633974483, 1.4142135623730951
177, 75, 186, 327, 186, 329, 0, -2, -1.5707963267948966, 2.0
177, 76, 277, 226, 276, 227, 1, -1, -0.7853981633974483, 1.4142135623730951
177, 77, 212, 230, 210, 231, 2, -1, -0.4636476090008061, 2.23606797749979
177, 78, 84, 117, 82, 117, 2, 0, 0.0, 2.0
177, 79, 206, 317, 205, 318, 1, -1, -0.7853981633974483, 1.4142135623730951
177, 84, 135, 331, 133, 333, 2, -2, -0.7853981633974483, 2.8284271247461903
177, 86, 9, 249, 7, 250, 2, -1, -0.4636476090008061, 2.23606797749979
177, 88, 237, 294, 236, 295, 1, -1, -0.7853981633974483, 1.4142135623730951
178, 1, 152, 122, 151, 121, 1, 1, 0.7853981633974483, 1.4142135623730951
178, 2, 147, 238, 146, 239, 1, -1, -0.7853981633974483, 1.4142135623730951
178, 7, 162, 188, 160, 187, 2, 1, 0.4636476090008061, 2.23606797749979
178, 8, 17, 290, 16, 291, 1, -1, -0.7853981633974483, 1.4142135623730951
178, 9, 248, 177, 247, 176, 1, 1, 0.7853981633974483, 1.4142135623730951
178, 10, 30, 234, 29, 235, 1, -1, -0.7853981633974483, 1.4142135623730951
178, 21, 44, 337, 43, 338, 1, -1, -0.7853981633974483, 1.4142135623730951
178, 22, 234, 328, 233, 330, 1, -2, -1.1071487177940904, 2.23606797749979
178, 23, 241, 223, 240, 224, 1, -1, -0.7853981633974483, 1.4142135623730951
178, 24, 109, 157, 107, 156, 2, 1, 0.4636476090008061, 2.23606797749979
178, 25, 119, 307, 118, 308, 1, -1, -0.7853981633974483, 1.4142135623730951
178, 29, 83, 262, 82, 263, 1, -1, -0.7853981633974483, 1.4142135623730951
178, 30, 17, 142, 14, 142, 3, 0, 0.0, 3.0
178, 31, 48, 241, 46, 242, 2, -1, -0.4636476090008061, 2.23606797749979
178, 33, 54, 311, 53, 312, 1, -1, -0.7853981633974483, 1.4142135623730951
178, 35, 261, 273, 260, 275, 1, -2, -1.1071487177940904, 2.23606797749979
178, 37, 144, 362, 143, 364, 1, -2, -1.1071487177940904, 2.23606797749979
178, 38, 237, 267, 236, 268, 1, -1, -0.7853981633974483, 1.4142135623730951
178, 40, 274, 251, 273, 252, 1, -1, -0.7853981633974483, 1.4142135623730951
178, 41, 44, 369, 42, 370, 2, -1, -0.4636476090008061, 2.23606797749979
178, 43, 84, 255, 82, 256, 2, -1, -0.4636476090008061, 2.23606797749979
178, 44, 263, 306, 262, 308, 1, -2, -1.1071487177940904, 2.23606797749979
178, 45, 73, 235, 70, 236, 3, -1, -0.3217505543966422, 3.1622776601683795
178, 46, 131, 177, 129, 177, 2, 0, 0.0, 2.0
178, 48, 190, 278, 189, 279, 1, -1, -0.7853981633974483, 1.4142135623730951
178, 51, 92, 260, 91, 261, 1, -1, -0.7853981633974483, 1.4142135623730951
178, 52, 116, 301, 115, 303, 1, -2, -1.1071487177940904, 2.23606797749979
178, 54, 101, 352, 99, 355, 2, -3, -0.982793723247329, 3.605551275463989
178, 55, 285, 263, 283, 264, 2, -1, -0.4636476090008061, 2.23606797749979
178, 56, 87, 327, 85, 328, 2, -1, -0.4636476090008061, 2.23606797749979
178, 57, 156, 352, 154, 354, 2, -2, -0.7853981633974483, 2.8284271247461903
178, 58, 209, 289, 208, 290, 1, -1, -0.7853981633974483, 1.4142135623730951
178, 61, 39, 265, 38, 266, 1, -1, -0.7853981633974483, 1.4142135623730951
178, 68, 105, 274, 104, 276, 1, -2, -1.1071487177940904, 2.23606797749979
178, 72, 321, 252, 319, 253, 2, -1, -0.4636476090008061, 2.23606797749979
178, 74, 187, 325, 186, 327, 1, -2, -1.1071487177940904, 2.23606797749979
178, 76, 213, 229, 212, 230, 1, -1, -0.7853981633974483, 1.4142135623730951
178, 78, 207, 315, 206, 317, 1, -2, -1.1071487177940904, 2.23606797749979
178, 80, 239, 195, 238, 194, 1, 1, 0.7853981633974483, 1.4142135623730951
178, 83, 135, 329, 135, 331, 0, -2, -1.5707963267948966, 2.0
178, 86, 10, 310, 9, 311, 1, -1, -0.7853981633974483, 1.4142135623730951
178, 87, 238, 293, 237, 294, 1, -1, -0.7853981633974483, 1.4142135623730951
178, 89, 252, 283, 251, 284, 1, -1, -0.7853981633974483, 1.4142135623730951
179, 3, 16, 234, 14, 234, 2, 0, 0.0, 2.0
179, 4, 85, 216, 83, 216, 2, 0, 0.0, 2.0
179, 8, 18, 289, 17, 290, 1, -1, -0.7853981633974483, 1.4142135623730951
179, 9, 249, 178, 248, 177, 1, 1, 0.7853981633974483, 1.4142135623730951
179, 12, 91, 220, 90, 219, 1, 1, 0.7853981633974483, 1.4142135623730951
179, 18, 73, 144, 71, 143, 2, 1, 0.4636476090008061, 2.23606797749979
179, 19, 30, 165, 29, 166, 1, -1, -0.7853981633974483, 1.4142135623730951
179, 20, 185, 215, 184, 214, 1, 1, 0.7853981633974483, 1.4142135623730951
179, 21, 45, 336, 44, 337, 1, -1, -0.7853981633974483, 1.4142135623730951
179, 22, 236, 327, 234, 328, 2, -1, -0.4636476090008061, 2.23606797749979
179, 23, 242, 222, 241, 223, 1, -1, -0.7853981633974483, 1.4142135623730951
179, 25, 120, 306, 119, 307, 1, -1, -0.7853981633974483, 1.4142135623730951
179, 28, 148, 160, 147, 159, 1, 1, 0.7853981633974483, 1.4142135623730951
179, 29, 84, 261, 83, 262, 1, -1, -0.7853981633974483, 1.4142135623730951
179, 30, 19, 142, 17, 142, 2, 0, 0.0, 2.0
179, 31, 49, 240, 48, 241, 1, -1, -0.7853981633974483, 1.4142135623730951
179, 32, 199, 191, 198, 192, 1, -1, -0.7853981633974483, 1.4142135623730951
179, 33, 56, 310, 54, 311, 2, -1, -0.4636476090008061, 2.23606797749979
179, 35, 263, 273, 261, 273, 2, 0, 0.0, 2.0
179, 37, 145, 360, 144, 362, 1, -2, -1.1071487177940904, 2.23606797749979
179, 41, 45, 368, 44, 369, 1, -1, -0.7853981633974483, 1.4142135623730951
179, 43, 86, 254, 84, 255, 2, -1, -0.4636476090008061, 2.23606797749979
179, 44, 264, 304, 263, 306, 1, -2, -1.1071487177940904, 2.23606797749979
179, 46, 133, 177, 131, 177, 2, 0, 0.0, 2.0
179, 47, 130, 255, 129, 256, 1, -1, -0.7853981633974483, 1.4142135623730951
179, 48, 191, 277, 190, 278, 1, -1, -0.7853981633974483, 1.4142135623730951
179, 49, 20, 193, 19, 192, 1, 1, 0.7853981633974483, 1.4142135623730951
179, 50, 350, 232, 348, 232, 2, 0, 0.0, 2.0
179, 52, 117, 299, 116, 301, 1, -2, -1.1071487177940904, 2.23606797749979
179, 53, 102, 350, 101, 352, 1, -2, -1.1071487177940904, 2.23606797749979
179, 54, 286, 262, 285, 263, 1, -1, -0.7853981633974483, 1.4142135623730951
179, 55, 88, 326, 87, 327, 1, -1, -0.7853981633974483, 1.4142135623730951
179, 56, 158, 350, 156, 352, 2, -2, -0.7853981633974483, 2.8284271247461903
179, 57, 210, 287, 209, 289, 1, -2, -1.1071487177940904, 2.23606797749979
179, 58, 179, 234, 178, 235, 1, -1, -0.7853981633974483, 1.4142135623730951
179, 59, 95, 324, 94, 325, 1, -1, -0.7853981633974483, 1.4142135623730951
179, 62, 119, 126, 118, 125, 1, 1, 0.7853981633974483, 1.4142135623730951
179, 67, 105, 272, 105, 274, 0, -2, -1.5707963267948966, 2.0
179, 68, 14, 361, 13, 363, 1, -2, -1.1071487177940904, 2.23606797749979
179, 70, 233, 199, 232, 198, 1, 1, 0.7853981633974483, 1.4142135623730951
179, 71, 323, 251, 321, 252, 2, -1, -0.4636476090008061, 2.23606797749979
179, 72, 55, 279, 54, 280, 1, -1, -0.7853981633974483, 1.4142135623730951
179, 73, 189, 324, 187, 325, 2, -1, -0.4636476090008061, 2.23606797749979
179, 74, 279, 225, 278, 226, 1, -1, -0.7853981633974483, 1.4142135623730951
179, 75, 215, 229, 213, 229, 2, 0, 0.0, 2.0
179, 77, 207, 313, 207, 315, 0, -2, -1.5707963267948966, 2.0
179, 82, 137, 327, 135, 329, 2, -2, -0.7853981633974483, 2.8284271247461903
179, 86, 239, 292, 238, 293, 1, -1, -0.7853981633974483, 1.4142135623730951
180, 0, 153, 125, 152, 124, 1, 1, 0.7853981633974483, 1.4142135623730951
180, 6, 118, 235, 117, 236, 1, -1, -0.7853981633974483, 1.4142135623730951
180, 8, 192, 189, 191, 188, 1, 1, 0.7853981633974483, 1.4142135623730951
180, 9, 235, 327, 234, 330, 1, -3, -1.2490457723982544, 3.1622776601683795
180, 10, 187, 215, 185, 215, 2, 0, 0.0, 2.0
180, 11, 19, 292, 18, 293, 1, -1, -0.7853981633974483, 1.4142135623730951
180, 12, 10, 308, 9, 309, 1, -1, -0.7853981633974483, 1.4142135623730951
180, 16, 148, 363, 147, 365, 1, -2, -1.1071487177940904, 2.23606797749979
180, 19, 44, 340, 43, 341, 1, -1, -0.7853981633974483, 1.4142135623730951
180, 21, 286, 264, 286, 266, 0, -2, -1.5707963267948966, 2.0
180, 23, 43, 370, 42, 371, 1, -1, -0.7853981633974483, 1.4142135623730951
180, 26, 83, 264, 82, 265, 1, -1, -0.7853981633974483, 1.4142135623730951
180, 30, 89, 330, 88, 331, 1, -1, -0.7853981633974483, 1.4142135623730951
180, 31, 115, 304, 114, 305, 1, -1, -0.7853981633974483, 1.4142135623730951
180, 32, 55, 311, 53, 312, 2, -1, -0.4636476090008061, 2.23606797749979
180, 40, 54, 167, 53, 166, 1, 1, 0.7853981633974483, 1.4142135623730951
180, 43, 106, 280, 105, 281, 1, -1, -0.7853981633974483, 1.4142135623730951
180, 44, 115, 352, 114, 354, 1, -2, -1.1071487177940904, 2.23606797749979
180, 45, 54, 246, 53, 247, 1, -1, -0.7853981633974483, 1.4142135623730951
180, 47, 15, 248, 13, 248, 2, 0, 0.0, 2.0
180, 50, 55, 282, 54, 283, 1, -1, -0.7853981633974483, 1.4142135623730951
180, 52, 24, 308, 23, 309, 1, -1, -0.7853981633974483, 1.4142135623730951
180, 53, 57, 363, 59, 363, -2, 0, 3.141592653589793, 2.0
180, 54, 132, 258, 131, 259, 1, -1, -0.7853981633974483, 1.4142135623730951
180, 56, 132, 220, 132, 222, 0, -2, -1.5707963267948966, 2.0
180, 62, 85, 242, 84, 243, 1, -1, -0.7853981633974483, 1.4142135623730951
180, 65, 324, 254, 322, 255, 2, -1, -0.4636476090008061, 2.23606797749979
180, 66, 181, 331, 180, 332, 1, -1, -0.7853981633974483, 1.4142135623730951
180, 68, 168, 268, 167, 269, 1, -1, -0.7853981633974483, 1.4142135623730951
180, 69, 85, 152, 83, 152, 2, 0, 0.0, 2.0
180, 72, 35, 266, 34, 267, 1, -1, -0.7853981633974483, 1.4142135623730951
180, 73, 106, 352, 104, 353, 2, -1, -0.4636476090008061, 2.23606797749979
180, 77, 351, 233, 349, 233, 2, 0, 0.0, 2.0
180, 79, 214, 229, 212, 229, 2, 0, 0.0, 2.0
180, 83, 148, 303, 147, 304, 1, -1, -0.7853981633974483, 1.4142135623730951
180, 86, 61, 249, 60, 250, 1, -1, -0.7853981633974483, 1.4142135623730951
180, 87, 267, 308, 266, 310, 1, -2, -1.1071487177940904, 2.23606797749979
180, 88, 160, 270, 158, 271, 2, -1, -0.4636476090008061, 2.23606797749979
180, 90, 6, 335, 4, 336, 2, -1, -0.4636476090008061, 2.23606797749979
181, 0, 154, 126, 153, 125, 1, 1, 0.7853981633974483, 1.4142135623730951
181, 4, 69, 280, 68, 281, 1, -1, -0.7853981633974483, 1.4142135623730951
181, 5, 86, 218, 84, 218, 2, 0, 0.0, 2.0
181, 6, 119, 234, 118, 235, 1, -1, -0.7853981633974483, 1.4142135623730951
181, 9, 236, 326, 235, 327, 1, -1, -0.7853981633974483, 1.4142135623730951
181, 11, 20, 291, 19, 292, 1, -1, -0.7853981633974483, 1.4142135623730951
181, 14, 30, 169, 28, 169, 2, 0, 0.0, 2.0
181, 16, 149, 362, 148, 363, 1, -1, -0.7853981633974483, 1.4142135623730951
181, 17, 203, 186, 202, 187, 1, -1, -0.7853981633974483, 1.4142135623730951
181, 19, 46, 339, 44, 340, 2, -1, -0.4636476090008061, 2.23606797749979
181, 21, 288, 262, 286, 264, 2, -2, -0.7853981633974483, 2.8284271247461903
181, 23, 45, 369, 43, 370, 2, -1, -0.4636476090008061, 2.23606797749979
181, 26, 84, 263, 83, 264, 1, -1, -0.7853981633974483, 1.4142135623730951
181, 27, 111, 158, 109, 158, 2, 0, 0.0, 2.0
181, 30, 90, 329, 89, 330, 1, -1, -0.7853981633974483, 1.4142135623730951
181, 32, 56, 310, 55, 311, 1, -1, -0.7853981633974483, 1.4142135623730951
181, 34, 120, 309, 119, 310, 1, -1, -0.7853981633974483, 1.4142135623730951
181, 37, 210, 285, 210, 287, 0, -2, -1.5707963267948966, 2.0
181, 41, 105, 200, 104, 201, 1, -1, -0.7853981633974483, 1.4142135623730951
181, 42, 108, 279, 106, 280, 2, -1, -0.4636476090008061, 2.23606797749979
181, 43, 116, 350, 115, 352, 1, -2, -1.1071487177940904, 2.23606797749979
181, 44, 55, 245, 54, 246, 1, -1, -0.7853981633974483, 1.4142135623730951
181, 45, 18, 248, 15, 248, 3, 0, 0.0, 3.0
181, 46, 163, 217, 161, 217, 2, 0, 0.0, 2.0
181, 48, 56, 281, 55, 282, 1, -1, -0.7853981633974483, 1.4142135623730951
181, 50, 25, 306, 24, 308, 1, -2, -1.1071487177940904, 2.23606797749979
181, 51, 58, 362, 57, 363, 1, -1, -0.7853981633974483, 1.4142135623730951
181, 52, 133, 257, 132, 258, 1, -1, -0.7853981633974483, 1.4142135623730951
181, 53, 53, 110, 51, 110, 2, 0, 0.0, 2.0
181, 54, 133, 219, 132, 220, 1, -1, -0.7853981633974483, 1.4142135623730951
181, 61, 214, 313, 213, 314, 1, -1, -0.7853981633974483, 1.4142135623730951
181, 63, 326, 253, 324, 254, 2, -1, -0.4636476090008061, 2.23606797749979
181, 64, 182, 330, 181, 331, 1, -1, -0.7853981633974483, 1.4142135623730951
181, 66, 169, 267, 168, 268, 1, -1, -0.7853981633974483, 1.4142135623730951
181, 67, 87, 152, 85, 152, 2, 0, 0.0, 2.0
181, 70, 107, 350, 106, 352, 1, -2, -1.1071487177940904, 2.23606797749979
181, 73, 319, 246, 318, 247, 1, -1, -0.7853981633974483, 1.4142135623730951
181, 74, 353, 233, 351, 233, 2, 0, 0.0, 2.0
181, 76, 215, 228, 214, 229, 1, -1, -0.7853981633974483, 1.4142135623730951
181, 79, 268, 211, 267, 210, 1, 1, 0.7853981633974483, 1.4142135623730951
181, 83, 62, 248, 61, 249, 1, -1, -0.7853981633974483, 1.4142135623730951
181, 84, 268, 306, 267, 308, 1, -2, -1.1071487177940904, 2.23606797749979
181, 85, 161, 269, 160, 270, 1, -1, -0.7853981633974483, 1.4142135623730951
181, 87, 8, 334, 6, 335, 2, -1, -0.4636476090008061, 2.23606797749979
182, 9, 237, 324, 236, 326, 1, -2, -1.1071487177940904, 2.23606797749979
182, 11, 21, 290, 20, 291, 1, -1, -0.7853981633974483, 1.4142135623730951
182, 14, 31, 170, 30, 169, 1, 1, 0.7853981633974483, 1.4142135623730951
182, 16, 150, 360, 149, 362, 1, -2, -1.1071487177940904, 2.23606797749979
182, 19, 47, 337, 46, 339, 1, -2, -1.1071487177940904, 2.23606797749979
182, 21, 289, 261, 288, 262, 1, -1, -0.7853981633974483, 1.4142135623730951
182, 23, 47, 368, 45, 369, 2, -1, -0.4636476090008061, 2.23606797749979
182, 24, 109, 242, 107, 242, 2, 0, 0.0, 2.0
182, 26, 85, 262, 84, 263, 1, -1, -0.7853981633974483, 1.4142135623730951
182, 28, 39, 218, 38, 219, 1, -1, -0.7853981633974483, 1.4142135623730951
182, 29, 134, 186, 132, 185, 2, 1, 0.4636476090008061, 2.23606797749979
182, 30, 92, 328, 90, 329, 2, -1, -0.4636476090008061, 2.23606797749979
182, 31, 116, 301, 115, 303, 1, -2, -1.1071487177940904, 2.23606797749979
182, 32, 57, 309, 56, 310, 1, -1, -0.7853981633974483, 1.4142135623730951
182, 34, 121, 307, 120, 309, 1, -2, -1.1071487177940904, 2.23606797749979
182, 35, 181, 236, 180, 237, 1, -1, -0.7853981633974483, 1.4142135623730951
182, 37, 211, 283, 210, 285, 1, -2, -1.1071487177940904, 2.23606797749979
182, 38, 121, 127, 120, 126, 1, 1, 0.7853981633974483, 1.4142135623730951
182, 39, 56, 166, 54, 166, 2, 0, 0.0, 2.0
182, 42, 109, 278, 108, 279, 1, -1, -0.7853981633974483, 1.4142135623730951
182, 43, 118, 349, 116, 350, 2, -1, -0.4636476090008061, 2.23606797749979
182, 45, 21, 247, 18, 248, 3, -1, -0.3217505543966422, 3.1622776601683795
182, 46, 164, 216, 163, 217, 1, -1, -0.7853981633974483, 1.4142135623730951
182, 47, 236, 301, 234, 302, 2, -1, -0.4636476090008061, 2.23606797749979
182, 48, 57, 280, 56, 281, 1, -1, -0.7853981633974483, 1.4142135623730951
182, 49, 21, 144, 19, 144, 2, 0, 0.0, 2.0
182, 50, 26, 304, 25, 306, 1, -2, -1.1071487177940904, 2.23606797749979
182, 52, 134, 256, 133, 257, 1, -1, -0.7853981633974483, 1.4142135623730951
182, 58, 201, 143, 200, 142, 1, 1, 0.7853981633974483, 1.4142135623730951
182, 63, 328, 252, 326, 253, 2, -1, -0.4636476090008061, 2.23606797749979
182, 64, 183, 328, 182, 330, 1, -2, -1.1071487177940904, 2.23606797749979
182, 65, 140, 254, 139, 255, 1, -1, -0.7853981633974483, 1.4142135623730951
182, 67, 88, 151, 87, 152, 1, -1, -0.7853981633974483, 1.4142135623730951
182, 69, 37, 265, 36, 266, 1, -1, -0.7853981633974483, 1.4142135623730951
182, 70, 109, 349, 107, 350, 2, -1, -0.4636476090008061, 2.23606797749979
182, 71, 233, 271, 231, 271, 2, 0, 0.0, 2.0
182, 76, 216, 227, 215, 228, 1, -1, -0.7853981633974483, 1.4142135623730951
182, 84, 269, 304, 268, 306, 1, -2, -1.1071487177940904, 2.23606797749979
182, 87, 10, 333, 8, 334, 2, -1, -0.4636476090008061, 2.23606797749979
183, 4, 71, 279, 70, 280, 1, -1, -0.7853981633974483, 1.4142135623730951
183, 9, 238, 322, 237, 324, 1, -2, -1.1071487177940904, 2.23606797749979
183, 11, 22, 289, 21, 290, 1, -1, -0.7853981633974483, 1.4142135623730951
183, 16, 152, 359, 150, 360, 2, -1, -0.4636476090008061, 2.23606797749979
183, 19, 48, 336, 47, 337, 1, -1, -0.7853981633974483, 1.4142135623730951
183, 21, 290, 259, 289, 261, 1, -2, -1.1071487177940904, 2.23606797749979
183, 23, 48, 367, 47, 368, 1, -1, -0.7853981633974483, 1.4142135623730951
183, 24, 110, 241, 109, 242, 1, -1, -0.7853981633974483, 1.4142135623730951
183, 28, 40, 217, 39, 218, 1, -1, -0.7853981633974483, 1.4142135623730951
183, 30, 93, 327, 92, 328, 1, -1, -0.7853981633974483, 1.4142135623730951
183, 31, 117, 300, 116, 301, 1, -1, -0.7853981633974483, 1.4142135623730951
183, 32, 58, 308, 57, 309, 1, -1, -0.7853981633974483, 1.4142135623730951
183, 34, 122, 306, 121, 307, 1, -1, -0.7853981633974483, 1.4142135623730951
183, 35, 182, 235, 181, 236, 1, -1, -0.7853981633974483, 1.4142135623730951
183, 36, 32, 153, 31, 152, 1, 1, 0.7853981633974483, 1.4142135623730951
183, 38, 123, 127, 121, 127, 2, 0, 0.0, 2.0
183, 39, 57, 165, 56, 166, 1, -1, -0.7853981633974483, 1.4142135623730951
183, 42, 110, 277, 109, 278, 1, -1, -0.7853981633974483, 1.4142135623730951
183, 43, 119, 348, 118, 349, 1, -1, -0.7853981633974483, 1.4142135623730951
183, 45, 24, 247, 21, 247, 3, 0, 0.0, 3.0
183, 47, 238, 300, 236, 301, 2, -1, -0.4636476090008061, 2.23606797749979
183, 48, 59, 279, 57, 280, 2, -1, -0.4636476090008061, 2.23606797749979
183, 49, 22, 143, 21, 144, 1, -1, -0.7853981633974483, 1.4142135623730951
183, 52, 135, 255, 134, 256, 1, -1, -0.7853981633974483, 1.4142135623730951
183, 54, 135, 218, 134, 219, 1, -1, -0.7853981633974483, 1.4142135623730951
183, 56, 189, 273, 188, 274, 1, -1, -0.7853981633974483, 1.4142135623730951
183, 63, 329, 251, 328, 252, 1, -1, -0.7853981633974483, 1.4142135623730951
183, 64, 184, 327, 183, 328, 1, -1, -0.7853981633974483, 1.4142135623730951
183, 65, 141, 253, 140, 254, 1, -1, -0.7853981633974483, 1.4142135623730951
183, 66, 171, 266, 170, 267, 1, -1, -0.7853981633974483, 1.4142135623730951
183, 69, 38, 264, 37, 265, 1, -1, -0.7853981633974483, 1.4142135623730951
183, 70, 111, 347, 109, 349, 2, -2, -0.7853981633974483, 2.8284271247461903
183, 71, 235, 271, 233, 271, 2, 0, 0.0, 2.0
183, 73, 321, 245, 319, 246, 2, -1, -0.4636476090008061, 2.23606797749979
183, 74, 356, 233, 354, 233, 2, 0, 0.0, 2.0
183, 80, 150, 301, 149, 302, 1, -1, -0.7853981633974483, 1.4142135623730951
183, 82, 78, 237, 76, 237, 2, 0, 0.0, 2.0
183, 84, 270, 302, 269, 304, 1, -2, -1.1071487177940904, 2.23606797749979
183, 87, 11, 332, 10, 333, 1, -1, -0.7853981633974483, 1.4142135623730951
184, 4, 72, 278, 71, 279, 1, -1, -0.7853981633974483, 1.4142135623730951
184, 6, 122, 233, 121, 234, 1, -1, -0.7853981633974483, 1.4142135623730951
184, 7, 129, 218, 128, 219, 1, -1, -0.7853981633974483, 1.4142135623730951
184, 9, 239, 320, 238, 322, 1, -2, -1.1071487177940904, 2.23606797749979
184, 11, 23, 288, 22, 289, 1, -1, -0.7853981633974483, 1.4142135623730951
184, 12, 13, 305, 12, 307, 1, -2, -1.1071487177940904, 2.23606797749979
184, 13, 165, 189, 164, 190, 1, -1, -0.7853981633974483, 1.4142135623730951
184, 14, 33, 169, 32, 170, 1, -1, -0.7853981633974483, 1.4142135623730951
184, 16, 153, 358, 152, 359, 1, -1, -0.7853981633974483, 1.4142135623730951
184, 19, 49, 335, 48, 336, 1, -1, -0.7853981633974483, 1.4142135623730951
184, 21, 291, 258, 290, 259, 1, -1, -0.7853981633974483, 1.4142135623730951
184, 23, 50, 366, 48, 367, 2, -1, -0.4636476090008061, 2.23606797749979
184, 26, 88, 262, 86, 262, 2, 0, 0.0, 2.0
184, 28, 41, 216, 40, 217, 1, -1, -0.7853981633974483, 1.4142135623730951
184, 29, 136, 187, 135, 186, 1, 1, 0.7853981633974483, 1.4142135623730951
184, 30, 95, 325, 93, 327, 2, -2, -0.7853981633974483, 2.8284271247461903
184, 31, 119, 299, 117, 300, 2, -1, -0.4636476090008061, 2.23606797749979
184, 32, 59, 307, 58, 308, 1, -1, -0.7853981633974483, 1.4142135623730951
184, 34, 123, 305, 122, 306, 1, -1, -0.7853981633974483, 1.4142135623730951
184, 35, 184, 235, 182, 235, 2, 0, 0.0, 2.0
184, 37, 212, 280, 211, 282, 1, -2, -1.1071487177940904, 2.23606797749979
184, 38, 125, 127, 123, 127, 2, 0, 0.0, 2.0
184, 42, 111, 276, 110, 277, 1, -1, -0.7853981633974483, 1.4142135623730951
184, 43, 121, 347, 119, 348, 2, -1, -0.4636476090008061, 2.23606797749979
184, 44, 58, 244, 57, 245, 1, -1, -0.7853981633974483, 1.4142135623730951
184, 45, 25, 248, 24, 247, 1, 1, 0.7853981633974483, 1.4142135623730951
184, 47, 239, 298, 238, 300, 1, -2, -1.1071487177940904, 2.23606797749979
184, 48, 60, 278, 59, 279, 1, -1, -0.7853981633974483, 1.4142135623730951
184, 52, 137, 255, 135, 255, 2, 0, 0.0, 2.0
184, 54, 136, 217, 135, 218, 1, -1, -0.7853981633974483, 1.4142135623730951
184, 56, 191, 272, 189, 273, 2, -1, -0.4636476090008061, 2.23606797749979
184, 63, 331, 249, 329, 251, 2, -2, -0.7853981633974483, 2.8284271247461903
184, 64, 185, 326, 184, 327, 1, -1, -0.7853981633974483, 1.4142135623730951
184, 68, 24, 193, 23, 192, 1, 1, 0.7853981633974483, 1.4142135623730951
184, 69, 39, 263, 38, 264, 1, -1, -0.7853981633974483, 1.4142135623730951
184, 70, 113, 346, 111, 347, 2, -1, -0.4636476090008061, 2.23606797749979
184, 71, 237, 270, 235, 271, 2, -1, -0.4636476090008061, 2.23606797749979
184, 72, 87, 123, 86, 122, 1, 1, 0.7853981633974483, 1.4142135623730951
184, 73, 322, 243, 321, 245, 1, -2, -1.1071487177940904, 2.23606797749979
184, 74, 358, 232, 356, 233, 2, -1, -0.4636476090008061, 2.23606797749979
184, 79, 270, 212, 269, 211, 1, 1, 0.7853981633974483, 1.4142135623730951
184, 80, 151, 300, 150, 301, 1, -1, -0.7853981633974483, 1.4142135623730951
184, 84, 271, 300, 270, 302, 1, -2, -1.1071487177940904, 2.23606797749979
184, 87, 12, 331, 11, 332, 1, -1, -0.7853981633974483, 1.4142135623730951
185, 0, 157, 128, 156, 127, 1, 1, 0.7853981633974483, 1.4142135623730951
185, 4, 6, 174, 4, 174, 2, 0, 0.0, 2.0
185, 5, 129, 218, 128, 219, 1, -1, -0.7853981633974483, 1.4142135623730951
185, 6, 20, 236, 19, 237, 1, -1, -0.7853981633974483, 1.4142135623730951
185, 10, 72, 279, 71, 280, 1, -1, -0.7853981633974483, 1.4142135623730951
185, 13, 239, 328, 238, 330, 1, -2, -1.1071487177940904, 2.23606797749979
185, 14, 48, 339, 47, 340, 1, -1, -0.7853981633974483, 1.4142135623730951
185, 15, 23, 291, 22, 292, 1, -1, -0.7853981633974483, 1.4142135623730951
185, 16, 79, 144, 77, 144, 2, 0, 0.0, 2.0
185, 19, 14, 309, 13, 310, 1, -1, -0.7853981633974483, 1.4142135623730951
185, 21, 120, 309, 119, 310, 1, -1, -0.7853981633974483, 1.4142135623730951
185, 23, 49, 369, 48, 370, 1, -1, -0.7853981633974483, 1.4142135623730951
185, 25, 115, 159, 113, 159, 2, 0, 0.0, 2.0
185, 26, 59, 311, 58, 312, 1, -1, -0.7853981633974483, 1.4142135623730951
185, 27, 150, 357, 148, 359, 2, -2, -0.7853981633974483, 2.8284271247461903
185, 30, 110, 241, 109, 242, 1, -1, -0.7853981633974483, 1.4142135623730951
185, 35, 79, 236, 78, 237, 1, -1, -0.7853981633974483, 1.4142135623730951
185, 37, 92, 326, 91, 327, 1, -1, -0.7853981633974483, 1.4142135623730951
185, 38, 198, 275, 196, 276, 2, -1, -0.4636476090008061, 2.23606797749979
185, 40, 325, 246, 323, 247, 2, -1, -0.4636476090008061, 2.23606797749979
185, 41, 50, 196, 48, 195, 2, 1, 0.4636476090008061, 2.23606797749979
185, 43, 59, 243, 58, 244, 1, -1, -0.7853981633974483, 1.4142135623730951
185, 44, 269, 306, 268, 308, 1, -2, -1.1071487177940904, 2.23606797749979
185, 45, 125, 302, 124, 303, 1, -1, -0.7853981633974483, 1.4142135623730951
186, 2, 92, 179, 91, 180, 1, -1, -0.7853981633974483, 1.4142135623730951
186, 7, 202, 214, 201, 213, 1, 1, 0.7853981633974483, 1.4142135623730951
186, 10, 73, 278, 72, 279, 1, -1, -0.7853981633974483, 1.4142135623730951
186, 13, 240, 326, 239, 328, 1, -2, -1.1071487177940904, 2.23606797749979
186, 14, 49, 338, 48, 339, 1, -1, -0.7853981633974483, 1.4142135623730951
186, 15, 25, 290, 23, 291, 2, -1, -0.4636476090008061, 2.23606797749979
186, 16, 81, 144, 79, 144, 2, 0, 0.0, 2.0
186, 19, 15, 308, 14, 309, 1, -1, -0.7853981633974483, 1.4142135623730951
186, 20, 290, 261, 289, 262, 1, -1, -0.7853981633974483, 1.4142135623730951
186, 21, 121, 308, 120, 309, 1, -1, -0.7853981633974483, 1.4142135623730951
186, 22, 88, 264, 87, 265, 1, -1, -0.7853981633974483, 1.4142135623730951
186, 23, 51, 368, 49, 369, 2, -1, -0.4636476090008061, 2.23606797749979
186, 24, 43, 216, 42, 217, 1, -1, -0.7853981633974483, 1.4142135623730951
186, 25, 117, 159, 115, 159, 2, 0, 0.0, 2.0
186, 26, 60, 310, 59, 311, 1, -1, -0.7853981633974483, 1.4142135623730951
186, 27, 151, 356, 150, 357, 1, -1, -0.7853981633974483, 1.4142135623730951
186, 29, 247, 171, 245, 171, 2, 0, 0.0, 2.0
186, 31, 136, 188, 135, 187, 1, 1, 0.7853981633974483, 1.4142135623730951
186, 37, 94, 325, 92, 326, 2, -1, -0.4636476090008061, 2.23606797749979
186, 38, 199, 274, 198, 275, 1, -1, -0.7853981633974483, 1.4142135623730951
186, 39, 257, 241, 256, 242, 1, -1, -0.7853981633974483, 1.4142135623730951
186, 40, 328, 246, 325, 246, 3, 0, 0.0, 3.0
186, 44, 270, 304, 269, 306, 1, -2, -1.1071487177940904, 2.23606797749979
187, 0, 159, 129, 158, 128, 1, 1, 0.7853981633974483, 1.4142135623730951
187, 4, 9, 174, 7, 174, 2, 0, 0.0, 2.0
187, 5, 130, 216, 129, 217, 1, -1, -0.7853981633974483, 1.4142135623730951
187, 10, 74, 277, 73, 278, 1, -1, -0.7853981633974483, 1.4142135623730951
187, 13, 241, 324, 240, 326, 1, -2, -1.1071487177940904, 2.23606797749979
187, 14, 50, 337, 49, 338, 1, -1, -0.7853981633974483, 1.4142135623730951
187, 15, 27, 289, 25, 290, 2, -1, -0.4636476090008061, 2.23606797749979
187, 18, 168, 189, 166, 189, 2, 0, 0.0, 2.0
187, 20, 291, 260, 290, 261, 1, -1, -0.7853981633974483, 1.4142135623730951
187, 21, 122, 307, 121, 308, 1, -1, -0.7853981633974483, 1.4142135623730951
187, 22, 90, 263, 88, 264, 2, -1, -0.4636476090008061, 2.23606797749979
187, 23, 52, 367, 51, 368, 1, -1, -0.7853981633974483, 1.4142135623730951
187, 24, 44, 215, 43, 216, 1, -1, -0.7853981633974483, 1.4142135623730951
187, 25, 119, 159, 117, 159, 2, 0, 0.0, 2.0
187, 26, 61, 309, 60, 310, 1, -1, -0.7853981633974483, 1.4142135623730951
187, 27, 153, 354, 151, 356, 2, -2, -0.7853981633974483, 2.8284271247461903
187, 29, 248, 172, 247, 171, 1, 1, 0.7853981633974483, 1.4142135623730951
187, 30, 112, 240, 111, 241, 1, -1, -0.7853981633974483, 1.4142135623730951
187, 37, 95, 324, 94, 325, 1, -1, -0.7853981633974483, 1.4142135623730951
187, 44, 271, 302, 270, 304, 1, -2, -1.1071487177940904, 2.23606797749979
187, 45, 126, 300, 125, 301, 1, -1, -0.7853981633974483, 1.4142135623730951
188, 1, 152, 238, 151, 239, 1, -1, -0.7853981633974483, 1.4142135623730951
188, 2, 94, 178, 93, 179, 1, -1, -0.7853981633974483, 1.4142135623730951
188, 5, 131, 215, 130, 216, 1, -1, -0.7853981633974483, 1.4142135623730951
188, 10, 75, 276, 74, 277, 1, -1, -0.7853981633974483, 1.4142135623730951
188, 13, 242, 323, 241, 324, 1, -1, -0.7853981633974483, 1.4142135623730951
188, 14, 51, 336, 50, 337, 1, -1, -0.7853981633974483, 1.4142135623730951
188, 15, 29, 288, 27, 289, 2, -1, -0.4636476090008061, 2.23606797749979
188, 19, 16, 306, 15, 307, 1, -1, -0.7853981633974483, 1.4142135623730951
188, 20, 292, 259, 291, 260, 1, -1, -0.7853981633974483, 1.4142135623730951
188, 23, 54, 365, 52, 367, 2, -2, -0.7853981633974483, 2.8284271247461903
188, 25, 121, 159, 119, 159, 2, 0, 0.0, 2.0
188, 26, 62, 308, 61, 309, 1, -1, -0.7853981633974483, 1.4142135623730951
188, 27, 154, 352, 153, 354, 1, -2, -1.1071487177940904, 2.23606797749979
188, 28, 154, 161, 152, 161, 2, 0, 0.0, 2.0
188, 29, 250, 171, 248, 172, 2, -1, -0.4636476090008061, 2.23606797749979
188, 30, 113, 239, 112, 240, 1, -1, -0.7853981633974483, 1.4142135623730951
188, 34, 25, 145, 24, 146, 1, -1, -0.7853981633974483, 1.4142135623730951
188, 37, 96, 323, 95, 324, 1, -1, -0.7853981633974483, 1.4142135623730951
188, 42, 30, 237, 29, 238, 1, -1, -0.7853981633974483, 1.4142135623730951
188, 43, 62, 242, 61, 243, 1, -1, -0.7853981633974483, 1.4142135623730951
188, 44, 271, 300, 271, 302, 0, -2, -1.5707963267948966, 2.0
188, 45, 127, 299, 126, 300, 1, -1, -0.7853981633974483, 1.4142135623730951
189, 0, 161, 130, 160, 129, 1, 1, 0.7853981633974483, 1.4142135623730951
189, 1, 153, 237, 152, 238, 1, -1, -0.7853981633974483, 1.4142135623730951
189, 8, 38, 169, 36, 169, 2, 0, 0.0, 2.0
189, 10, 76, 275, 75, 276, 1, -1, -0.7853981633974483, 1.4142135623730951
189, 13, 243, 321, 242, 323, 1, -2, -1.1071487177940904, 2.23606797749979
189, 14, 53, 335, 51, 336, 2, -1, -0.4636476090008061, 2.23606797749979
189, 15, 30, 287, 29, 288, 1, -1, -0.7853981633974483, 1.4142135623730951
189, 16, 84, 145, 83, 144, 1, 1, 0.7853981633974483, 1.4142135623730951
189, 20, 293, 257, 292, 259, 1, -2, -1.1071487177940904, 2.23606797749979
189, 21, 123, 305, 122, 306, 1, -1, -0.7853981633974483, 1.4142135623730951
189, 23, 57, 363, 54, 365, 3, -2, -0.5880026035475675, 3.605551275463989
189, 25, 123, 159, 121, 159, 2, 0, 0.0, 2.0
189, 27, 156, 350, 154, 352, 2, -2, -0.7853981633974483, 2.8284271247461903
189, 31, 139, 189, 138, 188, 1, 1, 0.7853981633974483, 1.4142135623730951
189, 37, 97, 322, 96, 323, 1, -1, -0.7853981633974483, 1.4142135623730951
189, 44, 272, 298, 271, 300, 1, -2, -1.1071487177940904, 2.23606797749979
189, 45, 128, 298, 127, 299, 1, -1, -0.7853981633974483, 1.4142135623730951
190, 1, 7, 175, 5, 175, 2, 0, 0.0, 2.0
190, 4, 161, 131, 160, 130, 1, 1, 0.7853981633974483, 1.4142135623730951
190, 5, 132, 218, 131, 219, 1, -1, -0.7853981633974483, 1.4142135623730951
190, 9, 194, 216, 193, 217, 1, -1, -0.7853981633974483, 1.4142135623730951
190, 10, 77, 275, 76, 276, 1, -1, -0.7853981633974483, 1.4142135623730951
190, 11, 24, 236, 23, 237, 1, -1, -0.7853981633974483, 1.4142135623730951
190, 14, 53, 336, 52, 338, 1, -2, -1.1071487177940904, 2.23606797749979
190, 15, 36, 237, 34, 238, 2, -1, -0.4636476090008061, 2.23606797749979
190, 16, 199, 190, 198, 191, 1, -1, -0.7853981633974483, 1.4142135623730951
190, 17, 243, 321, 242, 323, 1, -2, -1.1071487177940904, 2.23606797749979
190, 18, 28, 290, 27, 291, 1, -1, -0.7853981633974483, 1.4142135623730951
190, 21, 46, 216, 45, 217, 1, -1, -0.7853981633974483, 1.4142135623730951
190, 22, 38, 170, 37, 171, 1, -1, -0.7853981633974483, 1.4142135623730951
190, 27, 296, 261, 295, 262, 1, -1, -0.7853981633974483, 1.4142135623730951
190, 29, 77, 283, 76, 284, 1, -1, -0.7853981633974483, 1.4142135623730951
190, 30, 92, 263, 91, 264, 1, -1, -0.7853981633974483, 1.4142135623730951
190, 31, 16, 304, 15, 305, 1, -1, -0.7853981633974483, 1.4142135623730951
190, 32, 156, 164, 154, 163, 2, 1, 0.4636476090008061, 2.23606797749979
190, 34, 97, 324, 95, 325, 2, -1, -0.4636476090008061, 2.23606797749979
190, 35, 125, 306, 124, 307, 1, -1, -0.7853981633974483, 1.4142135623730951
190, 39, 80, 237, 79, 238, 1, -1, -0.7853981633974483, 1.4142135623730951
190, 40, 136, 138, 135, 139, 1, -1, -0.7853981633974483, 1.4142135623730951
190, 42, 63, 310, 62, 311, 1, -1, -0.7853981633974483, 1.4142135623730951
190, 43, 260, 241, 259, 242, 1, -1, -0.7853981633974483, 1.4142135623730951
190, 46, 272, 301, 272, 303, 0, -2, -1.5707963267948966, 2.0
190, 47, 247, 290, 246, 291, 1, -1, -0.7853981633974483, 1.4142135623730951
190, 49, 58, 366, 56, 367, 2, -1, -0.4636476090008061, 2.23606797749979
190, 50, 110, 350, 109, 351, 1, -1, -0.7853981633974483, 1.4142135623730951
190, 51, 25, 304, 23, 304, 2, 0, 0.0, 2.0
190, 59, 128, 299, 127, 300, 1, -1, -0.7853981633974483, 1.4142135623730951
190, 60, 193, 328, 192, 329, 1, -1, -0.7853981633974483, 1.4142135623730951
190, 62, 154, 360, 153, 361, 1, -1, -0.7853981633974483, 1.4142135623730951
190, 63, 114, 241, 113, 243, 1, -2, -1.1071487177940904, 2.23606797749979
190, 64, 70, 247, 69, 248, 1, -1, -0.7853981633974483, 1.4142135623730951
190, 71, 163, 352, 162, 353, 1, -1, -0.7853981633974483, 1.4142135623730951
190, 73, 268, 274, 267, 276, 1, -2, -1.1071487177940904, 2.23606797749979
190, 75, 339, 246, 337, 246, 2, 0, 0.0, 2.0
190, 76, 70, 357, 69, 358, 1, -1, -0.7853981633974483, 1.4142135623730951
190, 77, 144, 255, 143, 256, 1, -1, -0.7853981633974483, 1.4142135623730951
190, 78, 236, 150, 234, 149, 2, 1, 0.4636476090008061, 2.23606797749979
190, 79, 14, 334, 12, 335, 2, -1, -0.4636476090008061, 2.23606797749979
190, 81, 229, 279, 229, 281, 0, -2, -1.5707963267948966, 2.0
191, 0, 96, 180, 95, 181, 1, -1, -0.7853981633974483, 1.4142135623730951
191, 2, 152, 240, 151, 241, 1, -1, -0.7853981633974483, 1.4142135623730951
191, 3, 93, 218, 92, 219, 1, -1, -0.7853981633974483, 1.4142135623730951
191, 4, 162, 132, 161, 131, 1, 1, 0.7853981633974483, 1.4142135623730951
191, 5, 133, 217, 132, 218, 1, -1, -0.7853981633974483, 1.4142135623730951
191, 6, 170, 192, 169, 193, 1, -1, -0.7853981633974483, 1.4142135623730951
191, 8, 127, 241, 126, 242, 1, -1, -0.7853981633974483, 1.4142135623730951
191, 9, 195, 215, 194, 216, 1, -1, -0.7853981633974483, 1.4142135623730951
191, 10, 78, 274, 77, 275, 1, -1, -0.7853981633974483, 1.4142135623730951
191, 11, 25, 235, 24, 236, 1, -1, -0.7853981633974483, 1.4142135623730951
191, 12, 177, 194, 176, 195, 1, -1, -0.7853981633974483, 1.4142135623730951
191, 14, 54, 335, 53, 336, 1, -1, -0.7853981633974483, 1.4142135623730951
191, 15, 38, 236, 36, 237, 2, -1, -0.4636476090008061, 2.23606797749979
191, 17, 244, 319, 243, 321, 1, -2, -1.1071487177940904, 2.23606797749979
191, 21, 48, 216, 46, 216, 2, 0, 0.0, 2.0
191, 24, 141, 191, 140, 190, 1, 1, 0.7853981633974483, 1.4142135623730951
191, 27, 298, 261, 296, 261, 2, 0, 0.0, 2.0
191, 28, 103, 220, 101, 220, 2, 0, 0.0, 2.0
191, 29, 78, 282, 77, 283, 1, -1, -0.7853981633974483, 1.4142135623730951
191, 30, 93, 262, 92, 263, 1, -1, -0.7853981633974483, 1.4142135623730951
191, 31, 17, 303, 16, 304, 1, -1, -0.7853981633974483, 1.4142135623730951
191, 34, 98, 323, 97, 324, 1, -1, -0.7853981633974483, 1.4142135623730951
191, 35, 126, 305, 125, 306, 1, -1, -0.7853981633974483, 1.4142135623730951
191, 38, 28, 146, 27, 147, 1, -1, -0.7853981633974483, 1.4142135623730951
191, 42, 64, 309, 63, 310, 1, -1, -0.7853981633974483, 1.4142135623730951
191, 46, 273, 299, 272, 301, 1, -2, -1.1071487177940904, 2.23606797749979
191, 49, 60, 365, 58, 366, 2, -1, -0.4636476090008061, 2.23606797749979
191, 50, 111, 349, 110, 350, 1, -1, -0.7853981633974483, 1.4142135623730951
191, 51, 27, 304, 25, 304, 2, 0, 0.0, 2.0
191, 54, 137, 185, 136, 184, 1, 1, 0.7853981633974483, 1.4142135623730951
191, 59, 129, 298, 128, 299, 1, -1, -0.7853981633974483, 1.4142135623730951
191, 60, 194, 327, 193, 328, 1, -1, -0.7853981633974483, 1.4142135623730951
191, 61, 57, 133, 56, 134, 1, -1, -0.7853981633974483, 1.4142135623730951
191, 62, 155, 359, 154, 360, 1, -1, -0.7853981633974483, 1.4142135623730951
191, 63, 115, 240, 114, 241, 1, -1, -0.7853981633974483, 1.4142135623730951
191, 64, 71, 246, 70, 247, 1, -1, -0.7853981633974483, 1.4142135623730951
191, 66, 248, 264, 247, 265, 1, -1, -0.7853981633974483, 1.4142135623730951
191, 68, 30, 196, 28, 196, 2, 0, 0.0, 2.0
191, 69, 39, 153, 38, 154, 1, -1, -0.7853981633974483, 1.4142135623730951
191, 71, 164, 351, 163, 352, 1, -1, -0.7853981633974483, 1.4142135623730951
191, 73, 269, 273, 268, 274, 1, -1, -0.7853981633974483, 1.4142135623730951
191, 75, 341, 245, 339, 246, 2, -1, -0.4636476090008061, 2.23606797749979
191, 76, 71, 356, 70, 357, 1, -1, -0.7853981633974483, 1.4142135623730951
191, 79, 15, 333, 14, 334, 1, -1, -0.7853981633974483, 1.4142135623730951
191, 80, 235, 201, 234, 199, 1, 2, 1.1071487177940904, 2.23606797749979
192, 0, 97, 179, 96, 180, 1, -1, -0.7853981633974483, 1.4142135623730951
192, 3, 94, 217, 93, 218, 1, -1, -0.7853981633974483, 1.4142135623730951
192, 5, 134, 216, 133, 217, 1, -1, -0.7853981633974483, 1.4142135623730951
192, 7, 173, 215, 172, 214, 1, 1, 0.7853981633974483, 1.4142135623730951
192, 8, 128, 240, 127, 241, 1, -1, -0.7853981633974483, 1.4142135623730951
192, 11, 26, 234, 25, 235, 1, -1, -0.7853981633974483, 1.4142135623730951
192, 13, 86, 147, 84, 146, 2, 1, 0.4636476090008061, 2.23606797749979
192, 15, 40, 236, 38, 236, 2, 0, 0.0, 2.0
192, 16, 201, 189, 200, 190, 1, -1, -0.7853981633974483, 1.4142135623730951
192, 17, 245, 317, 244, 319, 1, -2, -1.1071487177940904, 2.23606797749979
192, 18, 29, 288, 28, 289, 1, -1, -0.7853981633974483, 1.4142135623730951
192, 19, 141, 219, 140, 220, 1, -1, -0.7853981633974483, 1.4142135623730951
192, 24, 144, 192, 141, 191, 3, 1, 0.3217505543966422, 3.1622776601683795
192, 26, 257, 182, 256, 181, 1, 1, 0.7853981633974483, 1.4142135623730951
192, 27, 299, 260, 298, 261, 1, -1, -0.7853981633974483, 1.4142135623730951
192, 28, 104, 219, 103, 220, 1, -1, -0.7853981633974483, 1.4142135623730951
192, 29, 79, 281, 78, 282, 1, -1, -0.7853981633974483, 1.4142135623730951
192, 30, 97, 261, 93, 262, 4, -1, -0.24497866312686414, 4.123105625617661
192, 31, 19, 302, 17, 303, 2, -1, -0.4636476090008061, 2.23606797749979
192, 34, 99, 322, 98, 323, 1, -1, -0.7853981633974483, 1.4142135623730951
192, 35, 130, 303, 126, 305, 4, -2, -0.4636476090008061, 4.47213595499958
192, 36, 122, 161, 120, 161, 2, 0, 0.0, 2.0
192, 42, 65, 308, 64, 309, 1, -1, -0.7853981633974483, 1.4142135623730951
192, 46, 274, 297, 273, 299, 1, -2, -1.1071487177940904, 2.23606797749979
192, 47, 248, 287, 247, 289, 1, -2, -1.1071487177940904, 2.23606797749979
192, 49, 61, 364, 60, 365, 1, -1, -0.7853981633974483, 1.4142135623730951
192, 50, 112, 348, 111, 349, 1, -1, -0.7853981633974483, 1.4142135623730951
192, 51, 29, 304, 27, 304, 2, 0, 0.0, 2.0
192, 54, 140, 185, 137, 185, 3, 0, 0.0, 3.0
192, 60, 195, 326, 194, 327, 1, -1, -0.7853981633974483, 1.4142135623730951
192, 62, 156, 357, 155, 359, 1, -2, -1.1071487177940904, 2.23606797749979
192, 63, 116, 239, 115, 240, 1, -1, -0.7853981633974483, 1.4142135623730951
192, 65, 93, 240, 92, 241, 1, -1, -0.7853981633974483, 1.4142135623730951
192, 68, 31, 195, 30, 196, 1, -1, -0.7853981633974483, 1.4142135623730951
192, 69, 40, 152, 39, 153, 1, -1, -0.7853981633974483, 1.4142135623730951
192, 70, 65, 168, 63, 168, 2, 0, 0.0, 2.0
192, 72, 45, 267, 44, 268, 1, -1, -0.7853981633974483, 1.4142135623730951
192, 73, 270, 272, 269, 273, 1, -1, -0.7853981633974483, 1.4142135623730951
192, 76, 72, 355, 71, 356, 1, -1, -0.7853981633974483, 1.4142135623730951
192, 78, 235, 152, 236, 151, -1, 1, 2.356194490192345, 1.4142135623730951
192, 79, 16, 332, 15, 333, 1, -1, -0.7853981633974483, 1.4142135623730951
193, 0, 98, 178, 97, 179, 1, -1, -0.7853981633974483, 1.4142135623730951
193, 1, 11, 175, 9, 175, 2, 0, 0.0, 2.0
193, 2, 154, 240, 152, 240, 2, 0, 0.0, 2.0
193, 3, 96, 217, 94, 217, 2, 0, 0.0, 2.0
193, 5, 135, 215, 134, 216, 1, -1, -0.7853981633974483, 1.4142135623730951
193, 10, 79, 273, 78, 274, 1, -1, -0.7853981633974483, 1.4142135623730951
193, 11, 28, 233, 26, 234, 2, -1, -0.4636476090008061, 2.23606797749979
193, 14, 56, 334, 55, 335, 1, -1, -0.7853981633974483, 1.4142135623730951
193, 15, 42, 236, 40, 236, 2, 0, 0.0, 2.0
193, 17, 246, 315, 245, 317, 1, -2, -1.1071487177940904, 2.23606797749979
193, 18, 30, 287, 29, 288, 1, -1, -0.7853981633974483, 1.4142135623730951
193, 25, 243, 221, 242, 222, 1, -1, -0.7853981633974483, 1.4142135623730951
193, 27, 300, 258, 299, 260, 1, -2, -1.1071487177940904, 2.23606797749979
193, 28, 106, 219, 104, 219, 2, 0, 0.0, 2.0
193, 29, 80, 280, 79, 281, 1, -1, -0.7853981633974483, 1.4142135623730951
193, 31, 21, 301, 19, 302, 2, -1, -0.4636476090008061, 2.23606797749979
193, 34, 100, 321, 99, 322, 1, -1, -0.7853981633974483, 1.4142135623730951
193, 35, 131, 302, 130, 303, 1, -1, -0.7853981633974483, 1.4142135623730951
193, 36, 124, 161, 122, 161, 2, 0, 0.0, 2.0
193, 43, 261, 240, 260, 241, 1, -1, -0.7853981633974483, 1.4142135623730951
193, 46, 275, 295, 274, 297, 1, -2, -1.1071487177940904, 2.23606797749979
193, 47, 249, 286, 248, 287, 1, -1, -0.7853981633974483, 1.4142135623730951
193, 49, 63, 362, 61, 364, 2, -2, -0.7853981633974483, 2.8284271247461903
193, 50, 113, 347, 112, 348, 1, -1, -0.7853981633974483, 1.4142135623730951
193, 51, 31, 303, 29, 304, 2, -1, -0.4636476090008061, 2.23606797749979
193, 58, 129, 297, 128, 298, 1, -1, -0.7853981633974483, 1.4142135623730951
193, 59, 196, 325, 195, 326, 1, -1, -0.7853981633974483, 1.4142135623730951
193, 61, 158, 356, 156, 357, 2, -1, -0.4636476090008061, 2.23606797749979
193, 62, 117, 238, 116, 239, 1, -1, -0.7853981633974483, 1.4142135623730951
193, 66, 33, 194, 31, 195, 2, -1, -0.4636476090008061, 2.23606797749979
193, 69, 165, 349, 164, 350, 1, -1, -0.7853981633974483, 1.4142135623730951
193, 70, 46, 266, 45, 267, 1, -1, -0.7853981633974483, 1.4142135623730951
193, 73, 343, 244, 342, 245, 1, -1, -0.7853981633974483, 1.4142135623730951
193, 74, 74, 354, 72, 355, 2, -1, -0.4636476090008061, 2.23606797749979
193, 75, 147, 254, 146, 255, 1, -1, -0.7853981633974483, 1.4142135623730951
193, 77, 18, 330, 16, 332, 2, -2, -0.7853981633974483, 2.8284271247461903
194, 0, 99, 177, 98, 178, 1, -1, -0.7853981633974483, 1.4142135623730951
194, 1, 13, 175, 11, 175, 2, 0, 0.0, 2.0
194, 4, 166, 132, 164, 132, 2, 0, 0.0, 2.0
194, 5, 137, 214, 135, 215, 2, -1, -0.4636476090008061, 2.23606797749979
194, 8, 129, 238, 128, 239, 1, -1, -0.7853981633974483, 1.4142135623730951
194, 11, 30, 232, 28, 233, 2, -1, -0.4636476090008061, 2.23606797749979
194, 13, 89, 147, 87, 147, 2, 0, 0.0, 2.0
194, 14, 58, 332, 56, 334, 2, -2, -0.7853981633974483, 2.8284271247461903
194, 17, 247, 313, 246, 315, 1, -2, -1.1071487177940904, 2.23606797749979
194, 18, 31, 286, 30, 287, 1, -1, -0.7853981633974483, 1.4142135623730951
194, 29, 81, 279, 80, 280, 1, -1, -0.7853981633974483, 1.4142135623730951
194, 31, 22, 300, 21, 301, 1, -1, -0.7853981633974483, 1.4142135623730951
194, 34, 102, 320, 100, 321, 2, -1, -0.4636476090008061, 2.23606797749979
194, 35, 132, 301, 131, 302, 1, -1, -0.7853981633974483, 1.4142135623730951
194, 36, 125, 162, 124, 161, 1, 1, 0.7853981633974483, 1.4142135623730951
194, 37, 104, 257, 103, 258, 1, -1, -0.7853981633974483, 1.4142135623730951
194, 42, 67, 307, 66, 308, 1, -1, -0.7853981633974483, 1.4142135623730951
194, 45, 202, 274, 201, 275, 1, -1, -0.7853981633974483, 1.4142135623730951
194, 46, 276, 294, 275, 295, 1, -1, -0.7853981633974483, 1.4142135623730951
194, 47, 250, 285, 249, 286, 1, -1, -0.7853981633974483, 1.4142135623730951
194, 49, 65, 361, 63, 362, 2, -1, -0.4636476090008061, 2.23606797749979
194, 50, 114, 346, 113, 347, 1, -1, -0.7853981633974483, 1.4142135623730951
194, 51, 34, 302, 31, 303, 3, -1, -0.3217505543966422, 3.1622776601683795
194, 55, 61, 242, 60, 243, 1, -1, -0.7853981633974483, 1.4142135623730951
194, 58, 129, 295, 129, 297, 0, -2, -1.5707963267948966, 2.0
194, 59, 197, 324, 196, 325, 1, -1, -0.7853981633974483, 1.4142135623730951
194, 60, 59, 132, 58, 133, 1, -1, -0.7853981633974483, 1.4142135623730951
194, 61, 159, 355, 158, 356, 1, -1, -0.7853981633974483, 1.4142135623730951
194, 62, 118, 237, 117, 238, 1, -1, -0.7853981633974483, 1.4142135623730951
194, 64, 94, 238, 93, 239, 1, -1, -0.7853981633974483, 1.4142135623730951
194, 65, 251, 263, 250, 264, 1, -1, -0.7853981633974483, 1.4142135623730951
194, 68, 66, 167, 65, 168, 1, -1, -0.7853981633974483, 1.4142135623730951
194, 69, 166, 348, 165, 349, 1, -1, -0.7853981633974483, 1.4142135623730951
194, 70, 47, 265, 46, 266, 1, -1, -0.7853981633974483, 1.4142135623730951
194, 73, 76, 353, 74, 354, 2, -1, -0.4636476090008061, 2.23606797749979
194, 75, 238, 153, 236, 152, 2, 1, 0.4636476090008061, 2.23606797749979
194, 76, 19, 329, 18, 330, 1, -1, -0.7853981633974483, 1.4142135623730951
195, 0, 168, 133, 167, 132, 1, 1, 0.7853981633974483, 1.4142135623730951
195, 1, 12, 176, 10, 176, 2, 0, 0.0, 2.0
195, 4, 30, 236, 28, 237, 2, -1, -0.4636476090008061, 2.23606797749979
195, 6, 132, 302, 131, 303, 1, -1, -0.7853981633974483, 1.4142135623730951
195, 7, 136, 217, 135, 218, 1, -1, -0.7853981633974483, 1.4142135623730951
195, 8, 101, 261, 100, 262, 1, -1, -0.7853981633974483, 1.4142135623730951
195, 10, 247, 318, 246, 320, 1, -2, -1.1071487177940904, 2.23606797749979
195, 11, 206, 190, 205, 191, 1, -1, -0.7853981633974483, 1.4142135623730951
195, 12, 131, 243, 130, 244, 1, -1, -0.7853981633974483, 1.4142135623730951
195, 13, 82, 280, 81, 281, 1, -1, -0.7853981633974483, 1.4142135623730951
195, 17, 125, 239, 124, 240, 1, -1, -0.7853981633974483, 1.4142135623730951
195, 18, 32, 289, 31, 290, 1, -1, -0.7853981633974483, 1.4142135623730951
195, 22, 77, 275, 76, 276, 1, -1, -0.7853981633974483, 1.4142135623730951
195, 24, 21, 306, 20, 307, 1, -1, -0.7853981633974483, 1.4142135623730951
195, 25, 174, 194, 172, 194, 2, 0, 0.0, 2.0
195, 26, 58, 335, 57, 336, 1, -1, -0.7853981633974483, 1.4142135623730951
195, 27, 102, 322, 100, 323, 2, -1, -0.4636476090008061, 2.23606797749979
195, 29, 67, 309, 66, 310, 1, -1, -0.7853981633974483, 1.4142135623730951
195, 32, 41, 234, 40, 235, 1, -1, -0.7853981633974483, 1.4142135623730951
195, 34, 106, 218, 104, 218, 2, 0, 0.0, 2.0
195, 37, 302, 255, 300, 258, 2, -3, -0.982793723247329, 3.605551275463989
195, 40, 63, 364, 62, 365, 1, -1, -0.7853981633974483, 1.4142135623730951
195, 43, 343, 246, 341, 246, 2, 0, 0.0, 2.0
195, 44, 275, 299, 274, 302, 1, -3, -1.2490457723982544, 3.1622776601683795
195, 45, 142, 186, 140, 186, 2, 0, 0.0, 2.0
195, 52, 159, 358, 158, 359, 1, -1, -0.7853981633974483, 1.4142135623730951
195, 54, 159, 165, 157, 164, 2, 1, 0.4636476090008061, 2.23606797749979
195, 61, 345, 253, 343, 253, 2, 0, 0.0, 2.0
195, 62, 67, 279, 66, 280, 1, -1, -0.7853981633974483, 1.4142135623730951
195, 63, 7, 223, 6, 224, 1, -1, -0.7853981633974483, 1.4142135623730951
195, 64, 20, 333, 18, 334, 2, -1, -0.4636476090008061, 2.23606797749979
195, 67, 35, 297, 33, 297, 2, 0, 0.0, 2.0
195, 68, 363, 228, 359, 230, 4, -2, -0.4636476090008061, 4.47213595499958
195, 72, 260, 183, 259, 182, 1, 1, 0.7853981633974483, 1.4142135623730951
195, 75, 47, 267, 46, 268, 1, -1, -0.7853981633974483, 1.4142135623730951
195, 81, 149, 327, 148, 328, 1, -1, -0.7853981633974483, 1.4142135623730951
196, 0, 170, 133, 168, 133, 2, 0, 0.0, 2.0
196, 3, 158, 240, 157, 241, 1, -1, -0.7853981633974483, 1.4142135623730951
196, 6, 133, 301, 132, 302, 1, -1, -0.7853981633974483, 1.4142135623730951
196, 7, 137, 216, 136, 217, 1, -1, -0.7853981633974483, 1.4142135623730951
196, 8, 102, 260, 101, 261, 1, -1, -0.7853981633974483, 1.4142135623730951
196, 9, 203, 217, 202, 218, 1, -1, -0.7853981633974483, 1.4142135623730951
196, 10, 248, 316, 247, 318, 1, -2, -1.1071487177940904, 2.23606797749979
196, 12, 132, 242, 131, 243, 1, -1, -0.7853981633974483, 1.4142135623730951
196, 13, 83, 279, 82, 280, 1, -1, -0.7853981633974483, 1.4142135623730951
196, 14, 42, 172, 41, 171, 1, 1, 0.7853981633974483, 1.4142135623730951
196, 17, 126, 238, 125, 239, 1, -1, -0.7853981633974483, 1.4142135623730951
196, 24, 22, 305, 21, 306, 1, -1, -0.7853981633974483, 1.4142135623730951
196, 26, 60, 334, 58, 335, 2, -1, -0.4636476090008061, 2.23606797749979
196, 27, 103, 321, 102, 322, 1, -1, -0.7853981633974483, 1.4142135623730951
196, 29, 68, 308, 67, 309, 1, -1, -0.7853981633974483, 1.4142135623730951
196, 35, 61, 245, 59, 245, 2, 0, 0.0, 2.0
196, 37, 303, 253, 302, 255, 1, -2, -1.1071487177940904, 2.23606797749979
196, 38, 125, 164, 124, 163, 1, 1, 0.7853981633974483, 1.4142135623730951
196, 40, 65, 362, 63, 364, 2, -2, -0.7853981633974483, 2.8284271247461903
196, 43, 345, 246, 343, 246, 2, 0, 0.0, 2.0
196, 44, 276, 297, 275, 299, 1, -2, -1.1071487177940904, 2.23606797749979
196, 47, 90, 236, 89, 237, 1, -1, -0.7853981633974483, 1.4142135623730951
196, 50, 67, 246, 66, 247, 1, -1, -0.7853981633974483, 1.4142135623730951
196, 52, 160, 357, 159, 358, 1, -1, -0.7853981633974483, 1.4142135623730951
196, 60, 30, 359, 29, 360, 1, -1, -0.7853981633974483, 1.4142135623730951
196, 61, 347, 253, 345, 253, 2, 0, 0.0, 2.0
196, 62, 68, 278, 67, 279, 1, -1, -0.7853981633974483, 1.4142135623730951
196, 64, 21, 332, 20, 333, 1, -1, -0.7853981633974483, 1.4142135623730951
196, 67, 37, 296, 35, 297, 2, -1, -0.4636476090008061, 2.23606797749979
196, 68, 366, 228, 363, 228, 3, 0, 0.0, 3.0
196, 69, 149, 255, 148, 256, 1, -1, -0.7853981633974483, 1.4142135623730951
196, 70, 189, 234, 188, 235, 1, -1, -0.7853981633974483, 1.4142135623730951
196, 71, 169, 299, 171, 299, -2, 0, 3.141592653589793, 2.0
196, 73, 215, 307, 214, 308, 1, -1, -0.7853981633974483, 1.4142135623730951
196, 79, 246, 157, 245, 156, 1, 1, 0.7853981633974483, 1.4142135623730951
197, 4, 33, 236, 31, 236, 2, 0, 0.0, 2.0
197, 5, 98, 219, 97, 220, 1, -1, -0.7853981633974483, 1.4142135623730951
197, 6, 134, 300, 133, 301, 1, -1, -0.7853981633974483, 1.4142135623730951
197, 7, 138, 215, 137, 216, 1, -1, -0.7853981633974483, 1.4142135623730951
197, 9, 204, 218, 203, 217, 1, 1, 0.7853981633974483, 1.4142135623730951
197, 10, 249, 315, 248, 316, 1, -1, -0.7853981633974483, 1.4142135623730951
197, 13, 84, 278, 83, 279, 1, -1, -0.7853981633974483, 1.4142135623730951
197, 15, 119, 239, 118, 240, 1, -1, -0.7853981633974483, 1.4142135623730951
197, 17, 127, 237, 126, 238, 1, -1, -0.7853981633974483, 1.4142135623730951
197, 22, 80, 274, 78, 275, 2, -1, -0.4636476090008061, 2.23606797749979
197, 23, 54, 218, 52, 218, 2, 0, 0.0, 2.0
197, 24, 23, 304, 22, 305, 1, -1, -0.7853981633974483, 1.4142135623730951
197, 26, 62, 333, 60, 334, 2, -1, -0.4636476090008061, 2.23606797749979
197, 27, 104, 320, 103, 321, 1, -1, -0.7853981633974483, 1.4142135623730951
197, 29, 70, 307, 68, 308, 2, -1, -0.4636476090008061, 2.23606797749979
197, 30, 214, 150, 213, 149, 1, 1, 0.7853981633974483, 1.4142135623730951
197, 37, 304, 251, 303, 253, 1, -2, -1.1071487177940904, 2.23606797749979
197, 40, 67, 361, 65, 362, 2, -1, -0.4636476090008061, 2.23606797749979
197, 44, 277, 295, 276, 297, 1, -2, -1.1071487177940904, 2.23606797749979
197, 49, 270, 274, 270, 276, 0, -2, -1.5707963267948966, 2.0
197, 52, 161, 356, 160, 357, 1, -1, -0.7853981633974483, 1.4142135623730951
197, 55, 159, 325, 161, 323, -2, 2, 2.356194490192345, 2.8284271247461903
197, 60, 32, 357, 30, 359, 2, -2, -0.7853981633974483, 2.8284271247461903
197, 61, 348, 252, 347, 253, 1, -1, -0.7853981633974483, 1.4142135623730951
197, 62, 69, 277, 68, 278, 1, -1, -0.7853981633974483, 1.4142135623730951
197, 64, 22, 331, 21, 332, 1, -1, -0.7853981633974483, 1.4142135623730951
197, 68, 368, 229, 366, 228, 2, 1, 0.4636476090008061, 2.23606797749979
197, 69, 150, 254, 149, 255, 1, -1, -0.7853981633974483, 1.4142135623730951
197, 71, 167, 300, 169, 299, -2, 1, 2.677945044588987, 2.23606797749979
197, 73, 217, 305, 215, 307, 2, -2, -0.7853981633974483, 2.8284271247461903
197, 74, 220, 279, 218, 281, 2, -2, -0.7853981633974483, 2.8284271247461903
197, 75, 49, 266, 48, 267, 1, -1, -0.7853981633974483, 1.4142135623730951
197, 79, 247, 158, 246, 157, 1, 1, 0.7853981633974483, 1.4142135623730951
197, 80, 53, 132, 58, 133, -5, -1, -2.9441970937399127, 5.0990195135927845
197, 81, 153, 325, 150, 327, 3, -2, -0.5880026035475675, 3.605551275463989
198, 2, 98, 180, 97, 181, 1, -1, -0.7853981633974483, 1.4142135623730951
198, 6, 135, 299, 134, 300, 1, -1, -0.7853981633974483, 1.4142135623730951
198, 7, 139, 214, 138, 215, 1, -1, -0.7853981633974483, 1.4142135623730951
198, 8, 104, 259, 103, 260, 1, -1, -0.7853981633974483, 1.4142135623730951
198, 10, 250, 313, 249, 315, 1, -2, -1.1071487177940904, 2.23606797749979
198, 15, 120, 238, 119, 239, 1, -1, -0.7853981633974483, 1.4142135623730951
198, 17, 129, 236, 127, 237, 2, -1, -0.4636476090008061, 2.23606797749979
198, 21, 147, 215, 145, 216, 2, -1, -0.4636476090008061, 2.23606797749979
198, 22, 81, 273, 80, 274, 1, -1, -0.7853981633974483, 1.4142135623730951
198, 24, 24, 303, 23, 304, 1, -1, -0.7853981633974483, 1.4142135623730951
198, 26, 64, 333, 62, 333, 2, 0, 0.0, 2.0
198, 27, 105, 319, 104, 320, 1, -1, -0.7853981633974483, 1.4142135623730951
198, 29, 71, 306, 70, 307, 1, -1, -0.7853981633974483, 1.4142135623730951
198, 39, 69, 360, 67, 361, 2, -1, -0.4636476090008061, 2.23606797749979
198, 40, 200, 321, 199, 322, 1, -1, -0.7853981633974483, 1.4142135623730951
198, 42, 348, 246, 346, 246, 2, 0, 0.0, 2.0
198, 43, 278, 294, 277, 295, 1, -1, -0.7853981633974483, 1.4142135623730951
198, 45, 195, 171, 194, 170, 1, 1, 0.7853981633974483, 1.4142135623730951
198, 50, 35, 148, 33, 148, 2, 0, 0.0, 2.0
198, 53, 161, 166, 160, 165, 1, 1, 0.7853981633974483, 1.4142135623730951
198, 58, 36, 195, 35, 196, 1, -1, -0.7853981633974483, 1.4142135623730951
198, 59, 34, 356, 32, 357, 2, -1, -0.4636476090008061, 2.23606797749979
198, 60, 350, 251, 348, 252, 2, -1, -0.4636476090008061, 2.23606797749979
198, 61, 70, 276, 69, 277, 1, -1, -0.7853981633974483, 1.4142135623730951
198, 63, 24, 330, 22, 331, 2, -1, -0.4636476090008061, 2.23606797749979
198, 64, 228, 232, 227, 233, 1, -1, -0.7853981633974483, 1.4142135623730951
198, 65, 197, 273, 197, 275, 0, -2, -1.5707963267948966, 2.0
198, 67, 369, 228, 368, 229, 1, -1, -0.7853981633974483, 1.4142135623730951
198, 69, 190, 233, 189, 234, 1, -1, -0.7853981633974483, 1.4142135623730951
198, 72, 218, 304, 217, 305, 1, -1, -0.7853981633974483, 1.4142135623730951
198, 74, 50, 265, 49, 266, 1, -1, -0.7853981633974483, 1.4142135623730951
198, 80, 154, 324, 153, 325, 1, -1, -0.7853981633974483, 1.4142135623730951
199, 6, 136, 298, 135, 299, 1, -1, -0.7853981633974483, 1.4142135623730951
199, 7, 140, 213, 139, 214, 1, -1, -0.7853981633974483, 1.4142135623730951
199, 10, 251, 311, 250, 313, 1, -2, -1.1071487177940904, 2.23606797749979
199, 12, 136, 242, 134, 242, 2, 0, 0.0, 2.0
199, 13, 86, 277, 85, 278, 1, -1, -0.7853981633974483, 1.4142135623730951
199, 16, 149, 193, 148, 192, 1, 1, 0.7853981633974483, 1.4142135623730951
199, 17, 130, 235, 129, 236, 1, -1, -0.7853981633974483, 1.4142135623730951
199, 18, 35, 287, 34, 288, 1, -1, -0.7853981633974483, 1.4142135623730951
199, 21, 148, 214, 147, 215, 1, -1, -0.7853981633974483, 1.4142135623730951
199, 24, 25, 302, 24, 303, 1, -1, -0.7853981633974483, 1.4142135623730951
199, 26, 65, 332, 64, 333, 1, -1, -0.7853981633974483, 1.4142135623730951
199, 27, 106, 318, 105, 319, 1, -1, -0.7853981633974483, 1.4142135623730951
199, 28, 212, 197, 211, 198, 1, -1, -0.7853981633974483, 1.4142135623730951
199, 29, 72, 305, 71, 306, 1, -1, -0.7853981633974483, 1.4142135623730951
199, 30, 215, 151, 214, 150, 1, 1, 0.7853981633974483, 1.4142135623730951
199, 31, 44, 233, 43, 234, 1, -1, -0.7853981633974483, 1.4142135623730951
199, 35, 306, 248, 304, 250, 2, -2, -0.7853981633974483, 2.8284271247461903
199, 38, 72, 359, 69, 360, 3, -1, -0.3217505543966422, 3.1622776601683795
199, 39, 201, 320, 200, 321, 1, -1, -0.7853981633974483, 1.4142135623730951
199, 41, 350, 246, 348, 246, 2, 0, 0.0, 2.0
199, 42, 278, 292, 278, 294, 0, -2, -1.5707963267948966, 2.0
199, 47, 272, 273, 271, 274, 1, -1, -0.7853981633974483, 1.4142135623730951
199, 50, 163, 353, 161, 355, 2, -2, -0.7853981633974483, 2.8284271247461903
199, 58, 36, 355, 34, 356, 2, -1, -0.4636476090008061, 2.23606797749979
199, 59, 352, 250, 350, 251, 2, -1, -0.4636476090008061, 2.23606797749979
199, 62, 25, 329, 24, 330, 1, -1, -0.7853981633974483, 1.4142135623730951
199, 63, 229, 231, 228, 232, 1, -1, -0.7853981633974483, 1.4142135623730951
199, 64, 198, 272, 197, 273, 1, -1, -0.7853981633974483, 1.4142135623730951
199, 66, 370, 227, 369, 228, 1, -1, -0.7853981633974483, 1.4142135623730951
199, 67, 151, 253, 150, 254, 1, -1, -0.7853981633974483, 1.4142135623730951
199, 73, 51, 264, 50, 265, 1, -1, -0.7853981633974483, 1.4142135623730951
199, 77, 248, 159, 247, 158, 1, 1, 0.7853981633974483, 1.4142135623730951
199, 79, 155, 323, 154, 324, 1, -1, -0.7853981633974483, 1.4142135623730951
200, 3, 103, 181, 102, 182, 1, -1, -0.7853981633974483, 1.4142135623730951
200, 10, 212, 197, 211, 198, 1, -1, -0.7853981633974483, 1.4142135623730951
200, 11, 307, 253, 305, 254, 2, -1, -0.4636476090008061, 2.23606797749979
200, 19, 25, 307, 24, 308, 1, -1, -0.7853981633974483, 1.4142135623730951
200, 22, 131, 297, 130, 298, 1, -1, -0.7853981633974483, 1.4142135623730951
200, 26, 135, 303, 134, 304, 1, -1, -0.7853981633974483, 1.4142135623730951
200, 27, 251, 316, 250, 317, 1, -1, -0.7853981633974483, 1.4142135623730951
200, 28, 162, 355, 161, 356, 1, -1, -0.7853981633974483, 1.4142135623730951
200, 29, 11, 275, 9, 276, 2, -1, -0.4636476090008061, 2.23606797749979
200, 31, 86, 278, 85, 279, 1, -1, -0.7853981633974483, 1.4142135623730951
200, 33, 275, 220, 274, 221, 1, -1, -0.7853981633974483, 1.4142135623730951
200, 35, 14, 294, 13, 295, 1, -1, -0.7853981633974483, 1.4142135623730951
200, 36, 106, 320, 105, 321, 1, -1, -0.7853981633974483, 1.4142135623730951
200, 37, 277, 273, 276, 274, 1, -1, -0.7853981633974483, 1.4142135623730951
200, 38, 352, 254, 349, 254, 3, 0, 0.0, 3.0
200, 41, 71, 308, 70, 309, 1, -1, -0.7853981633974483, 1.4142135623730951
200, 42, 67, 364, 66, 365, 1, -1, -0.7853981633974483, 1.4142135623730951
200, 45, 124, 343, 123, 344, 1, -1, -0.7853981633974483, 1.4142135623730951
200, 48, 225, 279, 224, 280, 1, -1, -0.7853981633974483, 1.4142135623730951
200, 51, 205, 324, 204, 325, 1, -1, -0.7853981633974483, 1.4142135623730951
200, 53, 87, 181, 85, 180, 2, 1, 0.4636476090008061, 2.23606797749979
200, 57, 344, 243, 343, 244, 1, -1, -0.7853981633974483, 1.4142135623730951
200, 58, 116, 200, 115, 201, 1, -1, -0.7853981633974483, 1.4142135623730951
200, 59, 19, 225, 18, 226, 1, -1, -0.7853981633974483, 1.4142135623730951
200, 60, 278, 296, 277, 297, 1, -1, -0.7853981633974483, 1.4142135623730951
200, 61, 269, 276, 268, 278, 1, -2, -1.1071487177940904, 2.23606797749979
200, 64, 72, 276, 71, 277, 1, -1, -0.7853981633974483, 1.4142135623730951
201, 9, 211, 223, 210, 224, 1, -1, -0.7853981633974483, 1.4142135623730951
201, 11, 309, 251, 307, 253, 2, -2, -0.7853981633974483, 2.8284271247461903
201, 12, 135, 241, 133, 243, 2, -2, -0.7853981633974483, 2.8284271247461903
201, 18, 38, 289, 36, 290, 2, -1, -0.4636476090008061, 2.23606797749979
201, 19, 26, 306, 25, 307, 1, -1, -0.7853981633974483, 1.4142135623730951
201, 20, 2, 323, 3, 322, -1, 1, 2.356194490192345, 1.4142135623730951
201, 21, 129, 165, 128, 164, 1, 1, 0.7853981633974483, 1.4142135623730951
201, 23, 105, 261, 104, 262, 1, -1, -0.7853981633974483, 1.4142135623730951
201, 25, 64, 334, 63, 335, 1, -1, -0.7853981633974483, 1.4142135623730951
201, 26, 136, 302, 135, 303, 1, -1, -0.7853981633974483, 1.4142135623730951
201, 28, 163, 354, 162, 355, 1, -1, -0.7853981633974483, 1.4142135623730951
201, 29, 12, 274, 11, 275, 1, -1, -0.7853981633974483, 1.4142135623730951
201, 31, 87, 277, 86, 278, 1, -1, -0.7853981633974483, 1.4142135623730951
201, 35, 15, 293, 14, 294, 1, -1, -0.7853981633974483, 1.4142135623730951
201, 36, 107, 319, 106, 320, 1, -1, -0.7853981633974483, 1.4142135623730951
201, 37, 278, 272, 277, 273, 1, -1, -0.7853981633974483, 1.4142135623730951
201, 38, 354, 254, 352, 254, 2, 0, 0.0, 2.0
201, 41, 72, 307, 71, 308, 1, -1, -0.7853981633974483, 1.4142135623730951
201, 42, 69, 363, 67, 364, 2, -1, -0.4636476090008061, 2.23606797749979
201, 45, 125, 342, 124, 343, 1, -1, -0.7853981633974483, 1.4142135623730951
201, 47, 162, 166, 161, 165, 1, 1, 0.7853981633974483, 1.4142135623730951
201, 52, 294, 218, 293, 217, 1, 1, 0.7853981633974483, 1.4142135623730951
201, 53, 89, 180, 87, 181, 2, -1, -0.4636476090008061, 2.23606797749979
201, 61, 270, 275, 269, 276, 1, -1, -0.7853981633974483, 1.4142135623730951
201, 62, 165, 299, 164, 300, 1, -1, -0.7853981633974483, 1.4142135623730951
202, 10, 214, 196, 213, 197, 1, -1, -0.7853981633974483, 1.4142135623730951
202, 11, 310, 250, 309, 251, 1, -1, -0.7853981633974483, 1.4142135623730951
202, 19, 27, 305, 26, 306, 1, -1, -0.7853981633974483, 1.4142135623730951
202, 22, 106, 260, 105, 261, 1, -1, -0.7853981633974483, 1.4142135623730951
202, 24, 65, 333, 64, 334, 1, -1, -0.7853981633974483, 1.4142135623730951
202, 25, 137, 301, 136, 302, 1, -1, -0.7853981633974483, 1.4142135623730951
202, 26, 252, 314, 251, 315, 1, -1, -0.7853981633974483, 1.4142135623730951
202, 27, 164, 353, 163, 354, 1, -1, -0.7853981633974483, 1.4142135623730951
202, 29, 67, 243, 66, 244, 1, -1, -0.7853981633974483, 1.4142135623730951
202, 30, 88, 276, 87, 277, 1, -1, -0.7853981633974483, 1.4142135623730951
202, 33, 250, 182, 249, 181, 1, 1, 0.7853981633974483, 1.4142135623730951
202, 34, 13, 295, 15, 293, -2, 2, 2.356194490192345, 2.8284271247461903
202, 35, 108, 318, 107, 319, 1, -1, -0.7853981633974483, 1.4142135623730951
202, 37, 356, 253, 354, 254, 2, -1, -0.4636476090008061, 2.23606797749979
202, 40, 73, 306, 72, 307, 1, -1, -0.7853981633974483, 1.4142135623730951
202, 41, 71, 362, 69, 363, 2, -1, -0.4636476090008061, 2.23606797749979
202, 43, 96, 151, 95, 150, 1, 1, 0.7853981633974483, 1.4142135623730951
202, 50, 206, 322, 205, 323, 1, -1, -0.7853981633974483, 1.4142135623730951
202, 52, 85, 179, 89, 180, -4, -1, -2.896613990462929, 4.123105625617661
202, 56, 347, 243, 345, 243, 2, 0, 0.0, 2.0
202, 57, 120, 200, 116, 200, 4, 0, 0.0, 4.0
202, 59, 279, 294, 278, 295, 1, -1, -0.7853981633974483, 1.4142135623730951
202, 63, 73, 274, 72, 275, 1, -1, -0.7853981633974483, 1.4142135623730951
202, 64, 72, 172, 68, 171, 4, 1, 0.24497866312686414, 4.123105625617661
202, 65, 42, 197, 37, 197, 5, 0, 0.0, 5.0
203, 3, 106, 180, 105, 181, 1, -1, -0.7853981633974483, 1.4142135623730951
203, 18, 40, 288, 39, 289, 1, -1, -0.7853981633974483, 1.4142135623730951
203, 20, 131, 166, 130, 165, 1, 1, 0.7853981633974483, 1.4142135623730951
203, 22, 107, 259, 106, 260, 1, -1, -0.7853981633974483, 1.4142135623730951
203, 24, 67, 332, 65, 333, 2, -1, -0.4636476090008061, 2.23606797749979
203, 25, 138, 300, 137, 301, 1, -1, -0.7853981633974483, 1.4142135623730951
203, 27, 165, 352, 164, 353, 1, -1, -0.7853981633974483, 1.4142135623730951
203, 28, 14, 273, 13, 274, 1, -1, -0.7853981633974483, 1.4142135623730951
203, 30, 89, 275, 88, 276, 1, -1, -0.7853981633974483, 1.4142135623730951
203, 34, 16, 294, 13, 295, 3, -1, -0.3217505543966422, 3.1622776601683795
203, 35, 109, 317, 108, 318, 1, -1, -0.7853981633974483, 1.4142135623730951
203, 36, 279, 270, 278, 271, 1, -1, -0.7853981633974483, 1.4142135623730951
203, 41, 73, 361, 71, 362, 2, -1, -0.4636476090008061, 2.23606797749979
203, 44, 126, 340, 125, 341, 1, -1, -0.7853981633974483, 1.4142135623730951
203, 49, 207, 321, 206, 322, 1, -1, -0.7853981633974483, 1.4142135623730951
203, 59, 272, 274, 271, 275, 1, -1, -0.7853981633974483, 1.4142135623730951
203, 60, 166, 297, 165, 298, 1, -1, -0.7853981633974483, 1.4142135623730951
203, 62, 74, 273, 73, 274, 1, -1, -0.7853981633974483, 1.4142135623730951
204, 6, 37, 237, 35, 237, 2, 0, 0.0, 2.0
204, 11, 312, 249, 311, 250, 1, -1, -0.7853981633974483, 1.4142135623730951
204, 19, 28, 303, 27, 304, 1, -1, -0.7853981633974483, 1.4142135623730951
204, 22, 108, 258, 107, 259, 1, -1, -0.7853981633974483, 1.4142135623730951
204, 25, 139, 299, 138, 300, 1, -1, -0.7853981633974483, 1.4142135623730951
204, 26, 254, 312, 252, 313, 2, -1, -0.4636476090008061, 2.23606797749979
204, 27, 166, 351, 165, 352, 1, -1, -0.7853981633974483, 1.4142135623730951
204, 29, 69, 242, 68, 243, 1, -1, -0.7853981633974483, 1.4142135623730951
204, 30, 90, 274, 89, 275, 1, -1, -0.7853981633974483, 1.4142135623730951
204, 31, 57, 216, 56, 217, 1, -1, -0.7853981633974483, 1.4142135623730951
204, 34, 18, 293, 16, 294, 2, -1, -0.4636476090008061, 2.23606797749979
204, 35, 110, 316, 109, 317, 1, -1, -0.7853981633974483, 1.4142135623730951
204, 38, 138, 139, 137, 138, 1, 1, 0.7853981633974483, 1.4142135623730951
204, 39, 74, 305, 73, 306, 1, -1, -0.7853981633974483, 1.4142135623730951
204, 40, 75, 360, 73, 361, 2, -1, -0.4636476090008061, 2.23606797749979
204, 43, 127, 339, 126, 340, 1, -1, -0.7853981633974483, 1.4142135623730951
204, 48, 208, 320, 207, 321, 1, -1, -0.7853981633974483, 1.4142135623730951
204, 50, 88, 180, 86, 179, 2, 1, 0.4636476090008061, 2.23606797749979
204, 53, 24, 206, 23, 207, 1, -1, -0.7853981633974483, 1.4142135623730951
204, 58, 273, 273, 272, 274, 1, -1, -0.7853981633974483, 1.4142135623730951
204, 59, 167, 296, 166, 297, 1, -1, -0.7853981633974483, 1.4142135623730951
205, 5, 182, 217, 181, 218, 1, -1, -0.7853981633974483, 1.4142135623730951
205, 6, 68, 333, 67, 334, 1, -1, -0.7853981633974483, 1.4142135623730951
205, 7, 140, 300, 139, 301, 1, -1, -0.7853981633974483, 1.4142135623730951
205, 10, 88, 273, 87, 274, 1, -1, -0.7853981633974483, 1.4142135623730951
205, 11, 260, 187, 259, 188, 1, -1, -0.7853981633974483, 1.4142135623730951
205, 17, 309, 253, 308, 254, 1, -1, -0.7853981633974483, 1.4142135623730951
205, 19, 110, 260, 109, 261, 1, -1, -0.7853981633974483, 1.4142135623730951
205, 20, 41, 290, 40, 291, 1, -1, -0.7853981633974483, 1.4142135623730951
205, 22, 76, 308, 75, 309, 1, -1, -0.7853981633974483, 1.4142135623730951
205, 23, 74, 362, 72, 363, 2, -1, -0.4636476090008061, 2.23606797749979
205, 24, 14, 275, 13, 276, 1, -1, -0.7853981633974483, 1.4142135623730951
205, 27, 166, 353, 165, 355, 1, -2, -1.1071487177940904, 2.23606797749979
205, 28, 253, 312, 253, 314, 0, -2, -1.5707963267948966, 2.0
205, 29, 5, 221, 4, 222, 1, -1, -0.7853981633974483, 1.4142135623730951
205, 32, 134, 296, 133, 297, 1, -1, -0.7853981633974483, 1.4142135623730951
205, 44, 350, 251, 348, 252, 2, -1, -0.4636476090008061, 2.23606797749979
205, 45, 111, 321, 110, 322, 1, -1, -0.7853981633974483, 1.4142135623730951
205, 48, 378, 232, 375, 234, 3, -2, -0.5880026035475675, 3.605551275463989
205, 51, 350, 246, 347, 245, 3, 1, 0.3217505543966422, 3.1622776601683795
205, 52, 151, 185, 150, 186, 1, -1, -0.7853981633974483, 1.4142135623730951
205, 54, 42, 200, 41, 199, 1, 1, 0.7853981633974483, 1.4142135623730951
205, 55, 223, 305, 222, 306, 1, -1, -0.7853981633974483, 1.4142135623730951
205, 56, 174, 343, 172, 345, 2, -2, -0.7853981633974483, 2.8284271247461903
205, 59, 252, 283, 250, 284, 2, -1, -0.4636476090008061, 2.23606797749979
205, 60, 17, 293, 14, 294, 3, -1, -0.3217505543966422, 3.1622776601683795
205, 61, 34, 302, 36, 302, -2, 0, 3.141592653589793, 2.0
205, 63, 271, 275, 271, 277, 0, -2, -1.5707963267948966, 2.0
205, 65, 68, 243, 67, 244, 1, -1, -0.7853981633974483, 1.4142135623730951
205, 66, 7, 289, 6, 290, 1, -1, -0.7853981633974483, 1.4142135623730951
205, 68, 30, 330, 28, 332, 2, -2, -0.7853981633974483, 2.8284271247461903
205, 70, 137, 208, 133, 208, 4, 0, 0.0, 4.0
205, 79, 159, 323, 158, 324, 1, -1, -0.7853981633974483, 1.4142135623730951
205, 81, 95, 240, 94, 241, 1, -1, -0.7853981633974483, 1.4142135623730951
205, 83, 77, 116, 76, 115, 1, 1, 0.7853981633974483, 1.4142135623730951
205, 88, 62, 203, 59, 203, 3, 0, 0.0, 3.0
206, 6, 69, 332, 68, 333, 1, -1, -0.7853981633974483, 1.4142135623730951
206, 10, 89, 272, 88, 273, 1, -1, -0.7853981633974483, 1.4142135623730951
206, 12, 137, 236, 136, 237, 1, -1, -0.7853981633974483, 1.4142135623730951
206, 17, 310, 252, 309, 253, 1, -1, -0.7853981633974483, 1.4142135623730951
206, 19, 111, 259, 110, 260, 1, -1, -0.7853981633974483, 1.4142135623730951
206, 22, 77, 306, 76, 308, 1, -2, -1.1071487177940904, 2.23606797749979
206, 23, 76, 361, 74, 362, 2, -1, -0.4636476090008061, 2.23606797749979
206, 24, 16, 274, 14, 275, 2, -1, -0.4636476090008061, 2.23606797749979
206, 27, 167, 352, 166, 353, 1, -1, -0.7853981633974483, 1.4142135623730951
206, 28, 254, 311, 253, 312, 1, -1, -0.7853981633974483, 1.4142135623730951
206, 35, 175, 195, 174, 196, 1, -1, -0.7853981633974483, 1.4142135623730951
206, 40, 281, 293, 280, 294, 1, -1, -0.7853981633974483, 1.4142135623730951
206, 43, 351, 250, 350, 251, 1, -1, -0.7853981633974483, 1.4142135623730951
206, 44, 112, 320, 111, 321, 1, -1, -0.7853981633974483, 1.4142135623730951
206, 45, 41, 151, 40, 152, 1, -1, -0.7853981633974483, 1.4142135623730951
206, 47, 379, 229, 378, 232, 1, -3, -1.2490457723982544, 3.1622776601683795
206, 50, 352, 245, 350, 246, 2, -1, -0.4636476090008061, 2.23606797749979
206, 51, 152, 186, 151, 185, 1, 1, 0.7853981633974483, 1.4142135623730951
206, 53, 44, 199, 42, 200, 2, -1, -0.4636476090008061, 2.23606797749979
206, 55, 176, 341, 174, 343, 2, -2, -0.7853981633974483, 2.8284271247461903
206, 58, 253, 282, 252, 283, 1, -1, -0.7853981633974483, 1.4142135623730951
206, 59, 20, 292, 17, 293, 3, -1, -0.3217505543966422, 3.1622776601683795
206, 63, 59, 264, 58, 265, 1, -1, -0.7853981633974483, 1.4142135623730951
206, 66, 34, 328, 30, 330, 4, -2, -0.4636476090008061, 4.47213595499958
206, 68, 139, 208, 137, 208, 2, 0, 0.0, 2.0
206, 69, 121, 201, 120, 202, 1, -1, -0.7853981633974483, 1.4142135623730951
206, 72, 50, 351, 52, 350, -2, 1, 2.677945044588987, 2.23606797749979
206, 74, 183, 264, 182, 265, 1, -1, -0.7853981633974483, 1.4142135623730951
206, 80, 151, 258, 150, 259, 1, -1, -0.7853981633974483, 1.4142135623730951
206, 84, 162, 276, 161, 278, 1, -2, -1.1071487177940904, 2.23606797749979
206, 85, 64, 203, 62, 203, 2, 0, 0.0, 2.0
206, 87, 358, 247, 356, 248, 2, -1, -0.4636476090008061, 2.23606797749979
207, 6, 70, 331, 69, 332, 1, -1, -0.7853981633974483, 1.4142135623730951
207, 7, 141, 298, 140, 299, 1, -1, -0.7853981633974483, 1.4142135623730951
207, 10, 91, 272, 89, 272, 2, 0, 0.0, 2.0
207, 17, 312, 252, 310, 252, 2, 0, 0.0, 2.0
207, 22, 78, 305, 77, 306, 1, -1, -0.7853981633974483, 1.4142135623730951
207, 23, 77, 360, 76, 361, 1, -1, -0.7853981633974483, 1.4142135623730951
207, 24, 17, 273, 16, 274, 1, -1, -0.7853981633974483, 1.4142135623730951
207, 26, 135, 167, 134, 166, 1, 1, 0.7853981633974483, 1.4142135623730951
207, 27, 168, 350, 167, 352, 1, -2, -1.1071487177940904, 2.23606797749979
207, 28, 255, 309, 254, 311, 1, -2, -1.1071487177940904, 2.23606797749979
207, 34, 105, 254, 104, 253, 1, 1, 0.7853981633974483, 1.4142135623730951
207, 35, 176, 194, 175, 195, 1, -1, -0.7853981633974483, 1.4142135623730951
207, 40, 282, 292, 281, 293, 1, -1, -0.7853981633974483, 1.4142135623730951
207, 41, 60, 219, 59, 220, 1, -1, -0.7853981633974483, 1.4142135623730951
207, 43, 353, 250, 351, 250, 2, 0, 0.0, 2.0
207, 44, 113, 319, 112, 320, 1, -1, -0.7853981633974483, 1.4142135623730951
207, 45, 42, 150, 41, 151, 1, -1, -0.7853981633974483, 1.4142135623730951
207, 47, 377, 229, 379, 229, -2, 0, 3.141592653589793, 2.0
207, 50, 354, 245, 352, 245, 2, 0, 0.0, 2.0
207, 52, 127, 238, 126, 239, 1, -1, -0.7853981633974483, 1.4142135623730951
207, 55, 179, 339, 176, 341, 3, -2, -0.5880026035475675, 3.605551275463989
207, 58, 254, 281, 253, 282, 1, -1, -0.7853981633974483, 1.4142135623730951
207, 59, 21, 291, 20, 292, 1, -1, -0.7853981633974483, 1.4142135623730951
207, 64, 70, 242, 69, 243, 1, -1, -0.7853981633974483, 1.4142135623730951
207, 66, 35, 327, 34, 328, 1, -1, -0.7853981633974483, 1.4142135623730951
207, 68, 141, 208, 139, 208, 2, 0, 0.0, 2.0
207, 72, 48, 352, 50, 351, -2, 1, 2.677945044588987, 2.23606797749979
207, 76, 289, 254, 288, 253, 1, 1, 0.7853981633974483, 1.4142135623730951
207, 77, 160, 321, 159, 322, 1, -1, -0.7853981633974483, 1.4142135623730951
207, 87, 359, 246, 358, 247, 1, -1, -0.7853981633974483, 1.4142135623730951
207, 88, 304, 218, 302, 218, 2, 0, 0.0, 2.0
208, 0, 161, 241, 160, 242, 1, -1, -0.7853981633974483, 1.4142135623730951
208, 7, 142, 297, 141, 298, 1, -1, -0.7853981633974483, 1.4142135623730951
208, 8, 205, 223, 204, 222, 1, 1, 0.7853981633974483, 1.4142135623730951
208, 13, 31, 306, 30, 307, 1, -1, -0.7853981633974483, 1.4142135623730951
208, 17, 313, 251, 312, 252, 1, -1, -0.7853981633974483, 1.4142135623730951
208, 19, 113, 258, 112, 259, 1, -1, -0.7853981633974483, 1.4142135623730951
208, 20, 45, 289, 43, 290, 2, -1, -0.4636476090008061, 2.23606797749979
208, 21, 12, 116, 10, 116, 2, 0, 0.0, 2.0
208, 22, 79, 304, 78, 305, 1, -1, -0.7853981633974483, 1.4142135623730951
208, 23, 78, 359, 77, 360, 1, -1, -0.7853981633974483, 1.4142135623730951
208, 24, 18, 272, 17, 273, 1, -1, -0.7853981633974483, 1.4142135623730951
208, 27, 169, 349, 168, 350, 1, -1, -0.7853981633974483, 1.4142135623730951
208, 28, 256, 308, 255, 309, 1, -1, -0.7853981633974483, 1.4142135623730951
208, 30, 51, 237, 50, 238, 1, -1, -0.7853981633974483, 1.4142135623730951
208, 34, 106, 253, 105, 254, 1, -1, -0.7853981633974483, 1.4142135623730951
208, 40, 283, 291, 282, 292, 1, -1, -0.7853981633974483, 1.4142135623730951
208, 44, 114, 318, 113, 319, 1, -1, -0.7853981633974483, 1.4142135623730951
208, 47, 375, 229, 377, 229, -2, 0, 3.141592653589793, 2.0
208, 53, 46, 200, 45, 199, 1, 1, 0.7853981633974483, 1.4142135623730951
208, 55, 181, 338, 179, 339, 2, -1, -0.4636476090008061, 2.23606797749979
208, 57, 152, 217, 151, 218, 1, -1, -0.7853981633974483, 1.4142135623730951
208, 58, 255, 280, 254, 281, 1, -1, -0.7853981633974483, 1.4142135623730951
208, 60, 31, 301, 34, 302, -3, -1, -2.819842099193151, 3.1622776601683795
208, 63, 60, 263, 59, 264, 1, -1, -0.7853981633974483, 1.4142135623730951
208, 66, 36, 326, 35, 327, 1, -1, -0.7853981633974483, 1.4142135623730951
208, 69, 123, 200, 122, 201, 1, -1, -0.7853981633974483, 1.4142135623730951
208, 71, 130, 273, 129, 274, 1, -1, -0.7853981633974483, 1.4142135623730951
208, 76, 161, 320, 160, 321, 1, -1, -0.7853981633974483, 1.4142135623730951
208, 79, 152, 257, 151, 258, 1, -1, -0.7853981633974483, 1.4142135623730951
208, 81, 277, 217, 276, 218, 1, -1, -0.7853981633974483, 1.4142135623730951
208, 84, 66, 202, 65, 203, 1, -1, -0.7853981633974483, 1.4142135623730951
208, 85, 194, 166, 193, 167, 1, -1, -0.7853981633974483, 1.4142135623730951
208, 86, 361, 244, 359, 246, 2, -2, -0.7853981633974483, 2.8284271247461903
209, 2, 176, 137, 174, 136, 2, 1, 0.4636476090008061, 2.23606797749979
209, 6, 72, 330, 71, 331, 1, -1, -0.7853981633974483, 1.4142135623730951
209, 7, 143, 296, 142, 297, 1, -1, -0.7853981633974483, 1.4142135623730951
209, 10, 94, 272, 92, 272, 2, 0, 0.0, 2.0
209, 12, 140, 235, 139, 236, 1, -1, -0.7853981633974483, 1.4142135623730951
209, 13, 32, 305, 31, 306, 1, -1, -0.7853981633974483, 1.4142135623730951
209, 15, 102, 158, 100, 157, 2, 1, 0.4636476090008061, 2.23606797749979
209, 17, 314, 250, 313, 251, 1, -1, -0.7853981633974483, 1.4142135623730951
209, 19, 114, 257, 113, 258, 1, -1, -0.7853981633974483, 1.4142135623730951
209, 20, 46, 288, 45, 289, 1, -1, -0.7853981633974483, 1.4142135623730951
209, 22, 80, 303, 79, 304, 1, -1, -0.7853981633974483, 1.4142135623730951
209, 23, 79, 358, 78, 359, 1, -1, -0.7853981633974483, 1.4142135623730951
209, 27, 170, 348, 169, 349, 1, -1, -0.7853981633974483, 1.4142135623730951
209, 28, 258, 306, 256, 308, 2, -2, -0.7853981633974483, 2.8284271247461903
209, 29, 7, 222, 6, 221, 1, 1, 0.7853981633974483, 1.4142135623730951
209, 30, 52, 236, 51, 237, 1, -1, -0.7853981633974483, 1.4142135623730951
209, 34, 107, 252, 106, 253, 1, -1, -0.7853981633974483, 1.4142135623730951
209, 36, 217, 149, 216, 148, 1, 1, 0.7853981633974483, 1.4142135623730951
209, 44, 116, 317, 114, 318, 2, -1, -0.4636476090008061, 2.23606797749979
209, 45, 44, 149, 43, 150, 1, -1, -0.7853981633974483, 1.4142135623730951
209, 50, 357, 245, 355, 245, 2, 0, 0.0, 2.0
209, 51, 154, 187, 153, 186, 1, 1, 0.7853981633974483, 1.4142135623730951
209, 52, 129, 237, 128, 238, 1, -1, -0.7853981633974483, 1.4142135623730951
209, 53, 48, 199, 46, 200, 2, -1, -0.4636476090008061, 2.23606797749979
209, 54, 224, 301, 223, 302, 1, -1, -0.7853981633974483, 1.4142135623730951
209, 59, 22, 289, 21, 290, 1, -1, -0.7853981633974483, 1.4142135623730951
209, 60, 32, 300, 31, 301, 1, -1, -0.7853981633974483, 1.4142135623730951
209, 64, 71, 240, 70, 241, 1, -1, -0.7853981633974483, 1.4142135623730951
209, 66, 37, 325, 36, 326, 1, -1, -0.7853981633974483, 1.4142135623730951
209, 72, 250, 153, 249, 152, 1, 1, 0.7853981633974483, 1.4142135623730951
209, 75, 291, 255, 290, 254, 1, 1, 0.7853981633974483, 1.4142135623730951
209, 76, 162, 319, 161, 320, 1, -1, -0.7853981633974483, 1.4142135623730951
209, 85, 366, 243, 361, 244, 5, -1, -0.19739555984988075, 5.0990195135927845
209, 87, 3, 322, 3, 324, 0, -2, -1.5707963267948966, 2.0
210, 2, 91, 274, 90, 275, 1, -1, -0.7853981633974483, 1.4142135623730951
210, 5, 103, 156, 101, 156, 2, 0, 0.0, 2.0
210, 6, 42, 238, 41, 239, 1, -1, -0.7853981633974483, 1.4142135623730951
210, 7, 109, 181, 108, 182, 1, -1, -0.7853981633974483, 1.4142135623730951
210, 16, 142, 299, 141, 300, 1, -1, -0.7853981633974483, 1.4142135623730951
210, 17, 53, 240, 51, 241, 2, -1, -0.4636476090008061, 2.23606797749979
210, 20, 45, 290, 44, 291, 1, -1, -0.7853981633974483, 1.4142135623730951
210, 21, 147, 218, 146, 219, 1, -1, -0.7853981633974483, 1.4142135623730951
210, 24, 316, 251, 315, 252, 1, -1, -0.7853981633974483, 1.4142135623730951
210, 25, 62, 220, 61, 221, 1, -1, -0.7853981633974483, 1.4142135623730951
210, 27, 73, 333, 71, 334, 2, -1, -0.4636476090008061, 2.23606797749979
210, 30, 362, 245, 359, 246, 3, -1, -0.3217505543966422, 3.1622776601683795
210, 31, 112, 260, 111, 261, 1, -1, -0.7853981633974483, 1.4142135623730951
210, 34, 115, 320, 114, 321, 1, -1, -0.7853981633974483, 1.4142135623730951
210, 37, 174, 351, 172, 352, 2, -1, -0.4636476090008061, 2.23606797749979
210, 40, 79, 359, 77, 360, 2, -1, -0.4636476090008061, 2.23606797749979
210, 41, 81, 307, 80, 308, 1, -1, -0.7853981633974483, 1.4142135623730951
210, 50, 67, 204, 66, 205, 1, -1, -0.7853981633974483, 1.4142135623730951
210, 54, 48, 200, 47, 199, 1, 1, 0.7853981633974483, 1.4142135623730951
210, 55, 131, 273, 130, 274, 1, -1, -0.7853981633974483, 1.4142135623730951
210, 56, 79, 275, 78, 276, 1, -1, -0.7853981633974483, 1.4142135623730951
210, 59, 206, 321, 205, 322, 1, -1, -0.7853981633974483, 1.4142135623730951
210, 63, 107, 255, 106, 256, 1, -1, -0.7853981633974483, 1.4142135623730951
210, 64, 56, 160, 54, 160, 2, 0, 0.0, 2.0
210, 65, 134, 338, 132, 339, 2, -1, -0.4636476090008061, 2.23606797749979
210, 66, 138, 306, 136, 307, 2, -1, -0.4636476090008061, 2.23606797749979
210, 67, 85, 249, 84, 250, 1, -1, -0.7853981633974483, 1.4142135623730951
210, 68, 254, 288, 253, 289, 1, -1, -0.7853981633974483, 1.4142135623730951
210, 75, 356, 252, 355, 253, 1, -1, -0.7853981633974483, 1.4142135623730951
211, 2, 92, 273, 91, 274, 1, -1, -0.7853981633974483, 1.4142135623730951
211, 3, 140, 233, 139, 234, 1, -1, -0.7853981633974483, 1.4142135623730951
211, 6, 44, 238, 42, 238, 2, 0, 0.0, 2.0
211, 8, 14, 117, 12, 117, 2, 0, 0.0, 2.0
211, 10, 258, 309, 257, 311, 1, -2, -1.1071487177940904, 2.23606797749979
211, 13, 155, 221, 154, 222, 1, -1, -0.7853981633974483, 1.4142135623730951
211, 16, 143, 298, 142, 299, 1, -1, -0.7853981633974483, 1.4142135623730951
211, 24, 318, 249, 316, 251, 2, -2, -0.7853981633974483, 2.8284271247461903
211, 27, 74, 332, 73, 333, 1, -1, -0.7853981633974483, 1.4142135623730951
211, 29, 129, 238, 128, 239, 1, -1, -0.7853981633974483, 1.4142135623730951
211, 30, 364, 245, 362, 245, 2, 0, 0.0, 2.0
211, 31, 113, 259, 112, 260, 1, -1, -0.7853981633974483, 1.4142135623730951
211, 32, 266, 243, 265, 244, 1, -1, -0.7853981633974483, 1.4142135623730951
211, 33, 185, 219, 184, 220, 1, -1, -0.7853981633974483, 1.4142135623730951
211, 34, 116, 319, 115, 320, 1, -1, -0.7853981633974483, 1.4142135623730951
211, 37, 175, 350, 174, 351, 1, -1, -0.7853981633974483, 1.4142135623730951
211, 39, 283, 292, 282, 293, 1, -1, -0.7853981633974483, 1.4142135623730951
211, 40, 81, 358, 79, 359, 2, -1, -0.4636476090008061, 2.23606797749979
211, 42, 20, 275, 19, 276, 1, -1, -0.7853981633974483, 1.4142135623730951
211, 45, 223, 157, 222, 158, 1, -1, -0.7853981633974483, 1.4142135623730951
211, 51, 94, 353, 93, 352, 1, 1, 0.7853981633974483, 1.4142135623730951
211, 52, 74, 244, 73, 245, 1, -1, -0.7853981633974483, 1.4142135623730951
211, 54, 132, 272, 131, 273, 1, -1, -0.7853981633974483, 1.4142135623730951
211, 55, 80, 274, 79, 275, 1, -1, -0.7853981633974483, 1.4142135623730951
211, 58, 207, 320, 206, 321, 1, -1, -0.7853981633974483, 1.4142135623730951
211, 62, 109, 255, 107, 255, 2, 0, 0.0, 2.0
211, 64, 135, 337, 134, 338, 1, -1, -0.7853981633974483, 1.4142135623730951
211, 65, 139, 305, 138, 306, 1, -1, -0.7853981633974483, 1.4142135623730951
211, 67, 255, 287, 254, 288, 1, -1, -0.7853981633974483, 1.4142135623730951
211, 69, 145, 143, 143, 143, 2, 0, 0.0, 2.0
211, 71, 60, 265, 59, 266, 1, -1, -0.7853981633974483, 1.4142135623730951
211, 74, 358, 251, 356, 252, 2, -1, -0.4636476090008061, 2.23606797749979
212, 2, 93, 272, 92, 273, 1, -1, -0.7853981633974483, 1.4142135623730951
212, 6, 46, 236, 44, 238, 2, -2, -0.7853981633974483, 2.8284271247461903
212, 8, 16, 117, 14, 117, 2, 0, 0.0, 2.0
212, 20, 47, 289, 46, 290, 1, -1, -0.7853981633974483, 1.4142135623730951
212, 21, 150, 216, 148, 218, 2, -2, -0.7853981633974483, 2.8284271247461903
212, 22, 110, 220, 108, 223, 2, -3, -0.982793723247329, 3.605551275463989
212, 23, 184, 194, 182, 196, 2, -2, -0.7853981633974483, 2.8284271247461903
212, 24, 320, 248, 318, 249, 2, -1, -0.4636476090008061, 2.23606797749979
212, 25, 64, 219, 63, 220, 1, -1, -0.7853981633974483, 1.4142135623730951
212, 27, 75, 331, 74, 332, 1, -1, -0.7853981633974483, 1.4142135623730951
212, 28, 255, 224, 254, 225, 1, -1, -0.7853981633974483, 1.4142135623730951
212, 30, 366, 245, 364, 245, 2, 0, 0.0, 2.0
212, 31, 114, 258, 113, 259, 1, -1, -0.7853981633974483, 1.4142135623730951
212, 33, 186, 218, 185, 219, 1, -1, -0.7853981633974483, 1.4142135623730951
212, 34, 117, 318, 116, 319, 1, -1, -0.7853981633974483, 1.4142135623730951
212, 37, 177, 349, 175, 350, 2, -1, -0.4636476090008061, 2.23606797749979
212, 39, 284, 291, 283, 292, 1, -1, -0.7853981633974483, 1.4142135623730951
212, 40, 83, 357, 81, 358, 2, -1, -0.4636476090008061, 2.23606797749979
212, 41, 82, 305, 81, 306, 1, -1, -0.7853981633974483, 1.4142135623730951
212, 42, 21, 274, 20, 275, 1, -1, -0.7853981633974483, 1.4142135623730951
212, 47, 156, 188, 155, 189, 1, -1, -0.7853981633974483, 1.4142135623730951
212, 50, 93, 354, 94, 353, -1, 1, 2.356194490192345, 1.4142135623730951
212, 57, 208, 319, 207, 320, 1, -1, -0.7853981633974483, 1.4142135623730951
212, 61, 110, 254, 109, 255, 1, -1, -0.7853981633974483, 1.4142135623730951
212, 63, 137, 336, 135, 337, 2, -1, -0.4636476090008061, 2.23606797749979
212, 66, 256, 286, 255, 287, 1, -1, -0.7853981633974483, 1.4142135623730951
212, 69, 138, 240, 137, 241, 1, -1, -0.7853981633974483, 1.4142135623730951
212, 73, 360, 250, 358, 251, 2, -1, -0.4636476090008061, 2.23606797749979
213, 2, 94, 271, 93, 272, 1, -1, -0.7853981633974483, 1.4142135623730951
213, 3, 142, 232, 141, 233, 1, -1, -0.7853981633974483, 1.4142135623730951
213, 5, 106, 157, 105, 156, 1, 1, 0.7853981633974483, 1.4142135623730951
213, 6, 47, 235, 46, 236, 1, -1, -0.7853981633974483, 1.4142135623730951
213, 10, 259, 306, 258, 308, 1, -2, -1.1071487177940904, 2.23606797749979
213, 14, 216, 219, 215, 217, 1, 2, 1.1071487177940904, 2.23606797749979
213, 16, 144, 296, 143, 297, 1, -1, -0.7853981633974483, 1.4142135623730951
213, 17, 55, 239, 54, 240, 1, -1, -0.7853981633974483, 1.4142135623730951
213, 18, 157, 196, 156, 197, 1, -1, -0.7853981633974483, 1.4142135623730951
213, 19, 118, 224, 117, 225, 1, -1, -0.7853981633974483, 1.4142135623730951
213, 20, 48, 288, 47, 289, 1, -1, -0.7853981633974483, 1.4142135623730951
213, 24, 322, 248, 320, 248, 2, 0, 0.0, 2.0
213, 27, 76, 330, 75, 331, 1, -1, -0.7853981633974483, 1.4142135623730951
213, 29, 131, 237, 130, 238, 1, -1, -0.7853981633974483, 1.4142135623730951
213, 30, 367, 246, 366, 245, 1, 1, 0.7853981633974483, 1.4142135623730951
213, 33, 118, 316, 117, 318, 1, -2, -1.1071487177940904, 2.23606797749979
213, 36, 179, 347, 177, 349, 2, -2, -0.7853981633974483, 2.8284271247461903
213, 37, 192, 234, 193, 236, -1, -2, -2.0344439357957027, 2.23606797749979
213, 39, 85, 356, 83, 357, 2, -1, -0.4636476090008061, 2.23606797749979
213, 40, 83, 304, 82, 305, 1, -1, -0.7853981633974483, 1.4142135623730951
213, 41, 22, 273, 21, 274, 1, -1, -0.7853981633974483, 1.4142135623730951
213, 44, 225, 156, 224, 157, 1, -1, -0.7853981633974483, 1.4142135623730951
213, 51, 82, 273, 81, 274, 1, -1, -0.7853981633974483, 1.4142135623730951
213, 58, 111, 253, 110, 254, 1, -1, -0.7853981633974483, 1.4142135623730951
213, 60, 139, 335, 137, 336, 2, -1, -0.4636476090008061, 2.23606797749979
213, 61, 140, 304, 139, 305, 1, -1, -0.7853981633974483, 1.4142135623730951
213, 63, 257, 285, 256, 286, 1, -1, -0.7853981633974483, 1.4142135623730951
213, 65, 148, 143, 146, 143, 2, 0, 0.0, 2.0
213, 66, 139, 239, 138, 240, 1, -1, -0.7853981633974483, 1.4142135623730951
213, 70, 362, 250, 360, 250, 2, 0, 0.0, 2.0
214, 0, 181, 140, 180, 139, 1, 1, 0.7853981633974483, 1.4142135623730951
214, 2, 95, 270, 94, 271, 1, -1, -0.7853981633974483, 1.4142135623730951
214, 3, 143, 231, 142, 232, 1, -1, -0.7853981633974483, 1.4142135623730951
214, 10, 260, 304, 259, 306, 1, -2, -1.1071487177940904, 2.23606797749979
214, 16, 145, 295, 144, 296, 1, -1, -0.7853981633974483, 1.4142135623730951
214, 20, 49, 287, 48, 288, 1, -1, -0.7853981633974483, 1.4142135623730951
214, 24, 324, 247, 322, 248, 2, -1, -0.4636476090008061, 2.23606797749979
214, 27, 77, 329, 76, 330, 1, -1, -0.7853981633974483, 1.4142135623730951
214, 30, 368, 245, 367, 246, 1, -1, -0.7853981633974483, 1.4142135623730951
214, 31, 115, 256, 114, 257, 1, -1, -0.7853981633974483, 1.4142135623730951
214, 32, 187, 216, 186, 217, 1, -1, -0.7853981633974483, 1.4142135623730951
214, 33, 119, 315, 118, 316, 1, -1, -0.7853981633974483, 1.4142135623730951
214, 36, 181, 345, 179, 347, 2, -2, -0.7853981633974483, 2.8284271247461903
214, 38, 285, 289, 284, 290, 1, -1, -0.7853981633974483, 1.4142135623730951
214, 39, 86, 355, 85, 356, 1, -1, -0.7853981633974483, 1.4142135623730951
214, 40, 84, 303, 83, 304, 1, -1, -0.7853981633974483, 1.4142135623730951
214, 41, 24, 272, 22, 273, 2, -1, -0.4636476090008061, 2.23606797749979
214, 43, 281, 220, 279, 221, 2, -1, -0.4636476090008061, 2.23606797749979
214, 44, 226, 157, 225, 156, 1, 1, 0.7853981633974483, 1.4142135623730951
214, 46, 208, 271, 207, 272, 1, -1, -0.7853981633974483, 1.4142135623730951
214, 47, 95, 353, 93, 353, 2, 0, 0.0, 2.0
214, 50, 83, 272, 82, 273, 1, -1, -0.7853981633974483, 1.4142135623730951
214, 51, 34, 184, 33, 183, 1, 1, 0.7853981633974483, 1.4142135623730951
214, 58, 140, 334, 139, 335, 1, -1, -0.7853981633974483, 1.4142135623730951
214, 59, 141, 303, 140, 304, 1, -1, -0.7853981633974483, 1.4142135623730951
214, 60, 88, 248, 87, 249, 1, -1, -0.7853981633974483, 1.4142135623730951
214, 61, 258, 284, 257, 285, 1, -1, -0.7853981633974483, 1.4142135623730951
214, 67, 204, 172, 203, 173, 1, -1, -0.7853981633974483, 1.4142135623730951
214, 68, 364, 250, 362, 250, 2, 0, 0.0, 2.0
215, 0, 27, 181, 25, 181, 2, 0, 0.0, 2.0
215, 1, 112, 181, 111, 182, 1, -1, -0.7853981633974483, 1.4142135623730951
215, 3, 180, 142, 179, 141, 1, 1, 0.7853981633974483, 1.4142135623730951
215, 4, 323, 250, 322, 251, 1, -1, -0.7853981633974483, 1.4142135623730951
215, 6, 36, 305, 35, 306, 1, -1, -0.7853981633974483, 1.4142135623730951
215, 11, 261, 311, 260, 312, 1, -1, -0.7853981633974483, 1.4142135623730951
215, 14, 145, 298, 144, 299, 1, -1, -0.7853981633974483, 1.4142135623730951
215, 19, 50, 290, 48, 291, 2, -1, -0.4636476090008061, 2.23606797749979
215, 20, 77, 332, 76, 333, 1, -1, -0.7853981633974483, 1.4142135623730951
215, 22, 18, 119, 16, 119, 2, 0, 0.0, 2.0
215, 23, 120, 316, 118, 317, 2, -1, -0.4636476090008061, 2.23606797749979
215, 24, 85, 357, 83, 359, 2, -2, -0.7853981633974483, 2.8284271247461903
215, 30, 142, 170, 140, 170, 2, 0, 0.0, 2.0
215, 31, 84, 305, 83, 306, 1, -1, -0.7853981633974483, 1.4142135623730951
215, 35, 171, 169, 170, 170, 1, -1, -0.7853981633974483, 1.4142135623730951
215, 36, 363, 253, 361, 254, 2, -1, -0.4636476090008061, 2.23606797749979
215, 46, 12, 229, 11, 230, 1, -1, -0.7853981633974483, 1.4142135623730951
215, 47, 156, 144, 158, 145, -2, -1, -2.677945044588987, 2.23606797749979
215, 51, 211, 273, 210, 274, 1, -1, -0.7853981633974483, 1.4142135623730951
215, 54, 158, 221, 157, 222, 1, -1, -0.7853981633974483, 1.4142135623730951
215, 58, 83, 274, 82, 275, 1, -1, -0.7853981633974483, 1.4142135623730951
215, 59, 177, 349, 176, 350, 1, -1, -0.7853981633974483, 1.4142135623730951
215, 62, 169, 277, 168, 278, 1, -1, -0.7853981633974483, 1.4142135623730951
215, 67, 59, 161, 58, 162, 1, -1, -0.7853981633974483, 1.4142135623730951
215, 72, 134, 276, 133, 277, 1, -1, -0.7853981633974483, 1.4142135623730951
215, 73, 205, 274, 203, 276, 2, -2, -0.7853981633974483, 2.8284271247461903
215, 75, 400, 233, 397, 233, 3, 0, 0.0, 3.0
215, 77, 83, 124, 82, 123, 1, 1, 0.7853981633974483, 1.4142135623730951
215, 80, 167, 321, 166, 322, 1, -1, -0.7853981633974483, 1.4142135623730951
215, 81, 40, 326, 39, 328, 1, -2, -1.1071487177940904, 2.23606797749979
215, 82, 356, 248, 355, 249, 1, -1, -0.7853981633974483, 1.4142135623730951
215, 84, 88, 249, 87, 250, 1, -1, -0.7853981633974483, 1.4142135623730951
215, 89, 14, 134, 13, 135, 1, -1, -0.7853981633974483, 1.4142135623730951
215, 90, 209, 315, 208, 316, 1, -1, -0.7853981633974483, 1.4142135623730951
215, 91, 147, 337, 146, 339, 1, -2, -1.1071487177940904, 2.23606797749979
216, 1, 113, 180, 112, 181, 1, -1, -0.7853981633974483, 1.4142135623730951
216, 4, 325, 250, 323, 250, 2, 0, 0.0, 2.0
216, 18, 67, 219, 66, 220, 1, -1, -0.7853981633974483, 1.4142135623730951
216, 19, 52, 289, 50, 290, 2, -1, -0.4636476090008061, 2.23606797749979
216, 20, 78, 331, 77, 332, 1, -1, -0.7853981633974483, 1.4142135623730951
216, 23, 121, 315, 120, 316, 1, -1, -0.7853981633974483, 1.4142135623730951
216, 24, 87, 356, 85, 357, 2, -1, -0.4636476090008061, 2.23606797749979
216, 25, 115, 257, 114, 258, 1, -1, -0.7853981633974483, 1.4142135623730951
216, 26, 231, 302, 230, 303, 1, -1, -0.7853981633974483, 1.4142135623730951
216, 30, 144, 170, 142, 170, 2, 0, 0.0, 2.0
216, 36, 365, 252, 363, 253, 2, -1, -0.4636476090008061, 2.23606797749979
216, 39, 82, 243, 81, 244, 1, -1, -0.7853981633974483, 1.4142135623730951
216, 40, 214, 319, 214, 321, 0, -2, -1.5707963267948966, 2.0
216, 46, 13, 228, 12, 229, 1, -1, -0.7853981633974483, 1.4142135623730951
216, 54, 159, 220, 158, 221, 1, -1, -0.7853981633974483, 1.4142135623730951
216, 56, 306, 222, 304, 222, 2, 0, 0.0, 2.0
216, 59, 178, 348, 177, 349, 1, -1, -0.7853981633974483, 1.4142135623730951
216, 61, 227, 250, 226, 251, 1, -1, -0.7853981633974483, 1.4142135623730951
216, 70, 174, 297, 173, 298, 1, -1, -0.7853981633974483, 1.4142135623730951
216, 72, 135, 275, 134, 276, 1, -1, -0.7853981633974483, 1.4142135623730951
216, 75, 403, 233, 400, 233, 3, 0, 0.0, 3.0
216, 80, 168, 320, 167, 321, 1, -1, -0.7853981633974483, 1.4142135623730951
216, 81, 42, 325, 40, 326, 2, -1, -0.4636476090008061, 2.23606797749979
216, 82, 357, 247, 356, 248, 1, -1, -0.7853981633974483, 1.4142135623730951
216, 83, 109, 244, 108, 245, 1, -1, -0.7853981633974483, 1.4142135623730951
216, 84, 89, 248, 88, 249, 1, -1, -0.7853981633974483, 1.4142135623730951
216, 86, 15, 157, 13, 157, 2, 0, 0.0, 2.0
216, 90, 148, 335, 147, 337, 1, -2, -1.1071487177940904, 2.23606797749979
216, 92, 138, 337, 137, 338, 1, -1, -0.7853981633974483, 1.4142135623730951
217, 4, 327, 250, 325, 250, 2, 0, 0.0, 2.0
217, 5, 145, 233, 144, 234, 1, -1, -0.7853981633974483, 1.4142135623730951
217, 6, 37, 303, 36, 304, 1, -1, -0.7853981633974483, 1.4142135623730951
217, 8, 209, 223, 208, 224, 1, -1, -0.7853981633974483, 1.4142135623730951
217, 12, 98, 270, 97, 271, 1, -1, -0.7853981633974483, 1.4142135623730951
217, 14, 146, 296, 145, 297, 1, -1, -0.7853981633974483, 1.4142135623730951
217, 19, 53, 288, 52, 289, 1, -1, -0.7853981633974483, 1.4142135623730951
217, 20, 80, 330, 78, 331, 2, -1, -0.4636476090008061, 2.23606797749979
217, 22, 21, 119, 19, 119, 2, 0, 0.0, 2.0
217, 23, 122, 314, 121, 315, 1, -1, -0.7853981633974483, 1.4142135623730951
217, 24, 88, 355, 87, 356, 1, -1, -0.7853981633974483, 1.4142135623730951
217, 25, 116, 256, 115, 257, 1, -1, -0.7853981633974483, 1.4142135623730951
217, 30, 146, 170, 144, 170, 2, 0, 0.0, 2.0
217, 31, 85, 303, 84, 304, 1, -1, -0.7853981633974483, 1.4142135623730951
217, 35, 172, 168, 171, 169, 1, -1, -0.7853981633974483, 1.4142135623730951
217, 36, 367, 252, 365, 252, 2, 0, 0.0, 2.0
217, 49, 385, 233, 387, 232, -2, 1, 2.677945044588987, 2.23606797749979
217, 55, 308, 222, 306, 222, 2, 0, 0.0, 2.0
217, 57, 84, 272, 83, 273, 1, -1, -0.7853981633974483, 1.4142135623730951
217, 66, 61, 160, 60, 161, 1, -1, -0.7853981633974483, 1.4142135623730951
217, 68, 58, 154, 57, 155, 1, -1, -0.7853981633974483, 1.4142135623730951
217, 69, 175, 296, 174, 297, 1, -1, -0.7853981633974483, 1.4142135623730951
217, 74, 405, 233, 403, 233, 2, 0, 0.0, 2.0
217, 79, 169, 319, 168, 320, 1, -1, -0.7853981633974483, 1.4142135623730951
217, 80, 43, 324, 42, 325, 1, -1, -0.7853981633974483, 1.4142135623730951
217, 82, 110, 243, 109, 244, 1, -1, -0.7853981633974483, 1.4142135623730951
217, 83, 90, 247, 89, 248, 1, -1, -0.7853981633974483, 1.4142135623730951
217, 85, 17, 157, 15, 157, 2, 0, 0.0, 2.0
217, 87, 211, 314, 210, 315, 1, -1, -0.7853981633974483, 1.4142135623730951
217, 88, 149, 332, 148, 335, 1, -3, -1.2490457723982544, 3.1622776601683795
217, 90, 140, 336, 138, 337, 2, -1, -0.4636476090008061, 2.23606797749979
218, 6, 38, 302, 37, 303, 1, -1, -0.7853981633974483, 1.4142135623730951
218, 11, 262, 308, 261, 309, 1, -1, -0.7853981633974483, 1.4142135623730951
218, 12, 99, 269, 98, 270, 1, -1, -0.7853981633974483, 1.4142135623730951
218, 15, 57, 176, 56, 177, 1, -1, -0.7853981633974483, 1.4142135623730951
218, 19, 54, 287, 53, 288, 1, -1, -0.7853981633974483, 1.4142135623730951
218, 20, 81, 329, 80, 330, 1, -1, -0.7853981633974483, 1.4142135623730951
218, 23, 123, 313, 122, 314, 1, -1, -0.7853981633974483, 1.4142135623730951
218, 24, 89, 354, 88, 355, 1, -1, -0.7853981633974483, 1.4142135623730951
218, 31, 86, 302, 85, 303, 1, -1, -0.7853981633974483, 1.4142135623730951
218, 35, 173, 167, 172, 168, 1, -1, -0.7853981633974483, 1.4142135623730951
218, 36, 369, 252, 367, 252, 2, 0, 0.0, 2.0
218, 45, 25, 273, 24, 274, 1, -1, -0.7853981633974483, 1.4142135623730951
218, 46, 16, 228, 14, 228, 2, 0, 0.0, 2.0
218, 49, 387, 234, 385, 233, 2, 1, 0.4636476090008061, 2.23606797749979
218, 57, 85, 271, 84, 272, 1, -1, -0.7853981633974483, 1.4142135623730951
218, 58, 179, 346, 178, 347, 1, -1, -0.7853981633974483, 1.4142135623730951
218, 60, 228, 249, 227, 250, 1, -1, -0.7853981633974483, 1.4142135623730951
218, 66, 62, 159, 61, 160, 1, -1, -0.7853981633974483, 1.4142135623730951
218, 70, 136, 273, 135, 274, 1, -1, -0.7853981633974483, 1.4142135623730951
218, 75, 87, 125, 85, 124, 2, 1, 0.4636476090008061, 2.23606797749979
218, 77, 282, 171, 281, 170, 1, 1, 0.7853981633974483, 1.4142135623730951
218, 78, 170, 318, 169, 319, 1, -1, -0.7853981633974483, 1.4142135623730951
218, 79, 44, 323, 43, 324, 1, -1, -0.7853981633974483, 1.4142135623730951
218, 81, 111, 242, 110, 243, 1, -1, -0.7853981633974483, 1.4142135623730951
218, 82, 91, 246, 90, 247, 1, -1, -0.7853981633974483, 1.4142135623730951
218, 83, 67, 266, 64, 267, 3, -1, -0.3217505543966422, 3.1622776601683795
218, 85, 200, 172, 199, 173, 1, -1, -0.7853981633974483, 1.4142135623730951
218, 86, 212, 313, 211, 314, 1, -1, -0.7853981633974483, 1.4142135623730951
218, 87, 151, 331, 149, 332, 2, -1, -0.4636476090008061, 2.23606797749979
219, 8, 210, 222, 209, 223, 1, -1, -0.7853981633974483, 1.4142135623730951
219, 11, 263, 307, 262, 308, 1, -1, -0.7853981633974483, 1.4142135623730951
219, 14, 148, 294, 146, 295, 2, -1, -0.4636476090008061, 2.23606797749979
219, 18, 70, 218, 69, 219, 1, -1, -0.7853981633974483, 1.4142135623730951
219, 20, 83, 327, 81, 329, 2, -2, -0.7853981633974483, 2.8284271247461903
219, 22, 25, 119, 22, 119, 3, 0, 0.0, 3.0
219, 23, 124, 312, 123, 313, 1, -1, -0.7853981633974483, 1.4142135623730951
219, 24, 91, 353, 89, 354, 2, -1, -0.4636476090008061, 2.23606797749979
219, 25, 118, 255, 117, 256, 1, -1, -0.7853981633974483, 1.4142135623730951
219, 26, 232, 299, 231, 300, 1, -1, -0.7853981633974483, 1.4142135623730951
219, 36, 371, 252, 369, 252, 2, 0, 0.0, 2.0
219, 37, 133, 236, 132, 237, 1, -1, -0.7853981633974483, 1.4142135623730951
219, 40, 215, 316, 214, 317, 1, -1, -0.7853981633974483, 1.4142135623730951
219, 42, 263, 178, 262, 179, 1, -1, -0.7853981633974483, 1.4142135623730951
219, 49, 392, 234, 387, 234, 5, 0, 0.0, 5.0
219, 54, 311, 222, 309, 222, 2, 0, 0.0, 2.0
219, 56, 86, 270, 85, 271, 1, -1, -0.7853981633974483, 1.4142135623730951
219, 57, 180, 345, 179, 346, 1, -1, -0.7853981633974483, 1.4142135623730951
219, 59, 229, 248, 228, 249, 1, -1, -0.7853981633974483, 1.4142135623730951
219, 64, 126, 183, 125, 182, 1, 1, 0.7853981633974483, 1.4142135623730951
219, 65, 63, 158, 62, 159, 1, -1, -0.7853981633974483, 1.4142135623730951
219, 71, 407, 231, 406, 233, 1, -2, -1.1071487177940904, 2.23606797749979
219, 75, 171, 317, 170, 318, 1, -1, -0.7853981633974483, 1.4142135623730951
219, 76, 45, 322, 44, 323, 1, -1, -0.7853981633974483, 1.4142135623730951
219, 77, 356, 247, 358, 248, -2, -1, -2.677945044588987, 2.23606797749979
219, 79, 92, 245, 91, 246, 1, -1, -0.7853981633974483, 1.4142135623730951
219, 83, 213, 312, 212, 313, 1, -1, -0.7853981633974483, 1.4142135623730951
219, 84, 152, 330, 151, 331, 1, -1, -0.7853981633974483, 1.4142135623730951
219, 85, 142, 334, 140, 335, 2, -1, -0.4636476090008061, 2.23606797749979
220, 4, 146, 238, 145, 239, 1, -1, -0.7853981633974483, 1.4142135623730951
220, 5, 81, 330, 80, 331, 1, -1, -0.7853981633974483, 1.4142135623730951
220, 6, 37, 299, 36, 300, 1, -1, -0.7853981633974483, 1.4142135623730951
220, 9, 112, 158, 111, 159, 1, -1, -0.7853981633974483, 1.4142135623730951
220, 17, 135, 237, 134, 238, 1, -1, -0.7853981633974483, 1.4142135623730951
220, 23, 123, 315, 122, 317, 1, -2, -1.1071487177940904, 2.23606797749979
220, 28, 140, 338, 139, 339, 1, -1, -0.7853981633974483, 1.4142135623730951
220, 29, 88, 305, 87, 306, 1, -1, -0.7853981633974483, 1.4142135623730951
220, 32, 329, 251, 327, 251, 2, 0, 0.0, 2.0
220, 37, 89, 356, 88, 357, 1, -1, -0.7853981633974483, 1.4142135623730951
220, 38, 87, 276, 86, 277, 1, -1, -0.7853981633974483, 1.4142135623730951
220, 42, 216, 313, 215, 314, 1, -1, -0.7853981633974483, 1.4142135623730951
220, 46, 366, 252, 364, 252, 2, 0, 0.0, 2.0
220, 53, 375, 255, 373, 255, 2, 0, 0.0, 2.0
220, 54, 180, 348, 179, 349, 1, -1, -0.7853981633974483, 1.4142135623730951
220, 57, 46, 325, 45, 326, 1, -1, -0.7853981633974483, 1.4142135623730951
221, 2, 111, 180, 110, 181, 1, -1, -0.7853981633974483, 1.4142135623730951
221, 3, 99, 273, 98, 274, 1, -1, -0.7853981633974483, 1.4142135623730951
221, 5, 82, 329, 81, 330, 1, -1, -0.7853981633974483, 1.4142135623730951
221, 16, 149, 298, 148, 299, 1, -1, -0.7853981633974483, 1.4142135623730951
221, 22, 55, 290, 54, 291, 1, -1, -0.7853981633974483, 1.4142135623730951
221, 23, 124, 314, 123, 315, 1, -1, -0.7853981633974483, 1.4142135623730951
221, 30, 220, 226, 219, 227, 1, -1, -0.7853981633974483, 1.4142135623730951
221, 31, 50, 153, 48, 153, 2, 0, 0.0, 2.0
221, 32, 333, 251, 329, 251, 4, 0, 0.0, 4.0
221, 36, 187, 194, 186, 195, 1, -1, -0.7853981633974483, 1.4142135623730951
221, 37, 91, 355, 89, 356, 2, -1, -0.4636476090008061, 2.23606797749979
221, 38, 88, 275, 87, 276, 1, -1, -0.7853981633974483, 1.4142135623730951
221, 41, 101, 351, 103, 351, -2, 0, 3.141592653589793, 2.0
221, 42, 217, 312, 216, 313, 1, -1, -0.7853981633974483, 1.4142135623730951
221, 46, 368, 252, 366, 252, 2, 0, 0.0, 2.0
221, 56, 47, 324, 46, 325, 1, -1, -0.7853981633974483, 1.4142135623730951
222, 0, 32, 182, 30, 182, 2, 0, 0.0, 2.0
222, 2, 112, 179, 111, 180, 1, -1, -0.7853981633974483, 1.4142135623730951
222, 4, 147, 236, 146, 237, 1, -1, -0.7853981633974483, 1.4142135623730951
222, 5, 83, 327, 82, 329, 1, -2, -1.1071487177940904, 2.23606797749979
222, 9, 114, 159, 113, 158, 1, 1, 0.7853981633974483, 1.4142135623730951
222, 15, 264, 304, 263, 305, 1, -1, -0.7853981633974483, 1.4142135623730951
222, 17, 136, 235, 135, 236, 1, -1, -0.7853981633974483, 1.4142135623730951
222, 19, 26, 121, 24, 121, 2, 0, 0.0, 2.0
222, 22, 56, 289, 55, 290, 1, -1, -0.7853981633974483, 1.4142135623730951
222, 23, 125, 313, 124, 314, 1, -1, -0.7853981633974483, 1.4142135623730951
222, 25, 120, 258, 119, 259, 1, -1, -0.7853981633974483, 1.4142135623730951
222, 28, 141, 336, 140, 337, 1, -1, -0.7853981633974483, 1.4142135623730951
222, 29, 90, 304, 89, 305, 1, -1, -0.7853981633974483, 1.4142135623730951
222, 33, 406, 231, 405, 232, 1, -1, -0.7853981633974483, 1.4142135623730951
222, 37, 93, 355, 91, 355, 2, 0, 0.0, 2.0
222, 39, 270, 239, 269, 240, 1, -1, -0.7853981633974483, 1.4142135623730951
222, 46, 369, 254, 368, 252, 1, 2, 1.1071487177940904, 2.23606797749979
222, 49, 55, 202, 54, 203, 1, -1, -0.7853981633974483, 1.4142135623730951
222, 52, 377, 254, 376, 255, 1, -1, -0.7853981633974483, 1.4142135623730951
222, 53, 181, 346, 180, 347, 1, -1, -0.7853981633974483, 1.4142135623730951
222, 56, 49, 323, 47, 324, 2, -1, -0.4636476090008061, 2.23606797749979
223, 2, 113, 178, 112, 179, 1, -1, -0.7853981633974483, 1.4142135623730951
223, 3, 100, 271, 99, 272, 1, -1, -0.7853981633974483, 1.4142135623730951
223, 4, 147, 233, 147, 236, 0, -3, -1.5707963267948966, 3.0
223, 7, 211, 223, 211, 225, 0, -2, -1.5707963267948966, 2.0
223, 13, 210, 190, 209, 193, 1, -3, -1.2490457723982544, 3.1622776601683795
223, 17, 136, 233, 136, 235, 0, -2, -1.5707963267948966, 2.0
223, 22, 57, 288, 56, 289, 1, -1, -0.7853981633974483, 1.4142135623730951
223, 23, 126, 312, 125, 313, 1, -1, -0.7853981633974483, 1.4142135623730951
223, 24, 218, 191, 217, 193, 1, -2, -1.1071487177940904, 2.23606797749979
223, 26, 63, 240, 62, 241, 1, -1, -0.7853981633974483, 1.4142135623730951
223, 28, 142, 335, 141, 336, 1, -1, -0.7853981633974483, 1.4142135623730951
223, 29, 91, 303, 90, 304, 1, -1, -0.7853981633974483, 1.4142135623730951
223, 30, 221, 224, 220, 226, 1, -2, -1.1071487177940904, 2.23606797749979
223, 33, 409, 230, 406, 231, 3, -1, -0.3217505543966422, 3.1622776601683795
223, 36, 188, 193, 187, 194, 1, -1, -0.7853981633974483, 1.4142135623730951
223, 37, 95, 354, 93, 355, 2, -1, -0.4636476090008061, 2.23606797749979
223, 38, 88, 272, 88, 274, 0, -2, -1.5707963267948966, 2.0
223, 46, 371, 254, 369, 254, 2, 0, 0.0, 2.0
223, 50, 287, 217, 286, 218, 1, -1, -0.7853981633974483, 1.4142135623730951
223, 52, 378, 253, 377, 254, 1, -1, -0.7853981633974483, 1.4142135623730951
223, 53, 182, 345, 181, 346, 1, -1, -0.7853981633974483, 1.4142135623730951
223, 56, 50, 321, 49, 323, 1, -2, -1.1071487177940904, 2.23606797749979
223, 57, 161, 220, 160, 221, 1, -1, -0.7853981633974483, 1.4142135623730951
223, 58, 15, 291, 17, 291, -2, 0, 3.141592653589793, 2.0
224, 2, 114, 177, 113, 178, 1, -1, -0.7853981633974483, 1.4142135623730951
224, 3, 101, 270, 100, 271, 1, -1, -0.7853981633974483, 1.4142135623730951
224, 5, 85, 326, 84, 327, 1, -1, -0.7853981633974483, 1.4142135623730951
224, 8, 115, 223, 114, 224, 1, -1, -0.7853981633974483, 1.4142135623730951
224, 9, 116, 160, 115, 159, 1, 1, 0.7853981633974483, 1.4142135623730951
224, 10, 54, 239, 53, 240, 1, -1, -0.7853981633974483, 1.4142135623730951
224, 12, 154, 216, 153, 217, 1, -1, -0.7853981633974483, 1.4142135623730951
224, 17, 137, 232, 136, 233, 1, -1, -0.7853981633974483, 1.4142135623730951
224, 25, 121, 257, 120, 258, 1, -1, -0.7853981633974483, 1.4142135623730951
224, 28, 143, 334, 142, 335, 1, -1, -0.7853981633974483, 1.4142135623730951
224, 29, 92, 302, 91, 303, 1, -1, -0.7853981633974483, 1.4142135623730951
224, 32, 337, 250, 335, 251, 2, -1, -0.4636476090008061, 2.23606797749979
224, 33, 411, 230, 409, 230, 2, 0, 0.0, 2.0
224, 37, 96, 353, 95, 354, 1, -1, -0.7853981633974483, 1.4142135623730951
224, 39, 271, 237, 270, 238, 1, -1, -0.7853981633974483, 1.4142135623730951
224, 41, 103, 350, 101, 351, 2, -1, -0.4636476090008061, 2.23606797749979
224, 42, 220, 311, 219, 312, 1, -1, -0.7853981633974483, 1.4142135623730951
224, 46, 373, 253, 371, 254, 2, -1, -0.4636476090008061, 2.23606797749979
224, 49, 56, 201, 55, 202, 1, -1, -0.7853981633974483, 1.4142135623730951
224, 52, 379, 252, 378, 253, 1, -1, -0.7853981633974483, 1.4142135623730951
224, 53, 183, 344, 182, 345, 1, -1, -0.7853981633974483, 1.4142135623730951
224, 55, 71, 265, 70, 266, 1, -1, -0.7853981633974483, 1.4142135623730951
224, 56, 51, 320, 50, 321, 1, -1, -0.7853981633974483, 1.4142135623730951
224, 58, 16, 290, 15, 291, 1, -1, -0.7853981633974483, 1.4142135623730951
225, 2, 118, 181, 117, 182, 1, -1, -0.7853981633974483, 1.4142135623730951
225, 3, 189, 144, 187, 144, 2, 0, 0.0, 2.0
225, 5, 53, 240, 52, 241, 1, -1, -0.7853981633974483, 1.4142135623730951
225, 9, 192, 214, 191, 215, 1, -1, -0.7853981633974483, 1.4142135623730951
225, 10, 42, 304, 41, 305, 1, -1, -0.7853981633974483, 1.4142135623730951
225, 11, 336, 252, 334, 252, 2, 0, 0.0, 2.0
225, 12, 150, 239, 149, 240, 1, -1, -0.7853981633974483, 1.4142135623730951
225, 13, 118, 159, 116, 159, 2, 0, 0.0, 2.0
225, 14, 10, 361, 8, 363, 2, -2, -0.7853981633974483, 2.8284271247461903
225, 15, 222, 228, 221, 229, 1, -1, -0.7853981633974483, 1.4142135623730951
225, 16, 27, 123, 26, 122, 1, 1, 0.7853981633974483, 1.4142135623730951
225, 18, 5, 171, 4, 172, 1, -1, -0.7853981633974483, 1.4142135623730951
225, 21, 87, 329, 85, 330, 2, -1, -0.4636476090008061, 2.23606797749979
225, 23, 235, 162, 234, 163, 1, -1, -0.7853981633974483, 1.4142135623730951
225, 24, 137, 235, 136, 236, 1, -1, -0.7853981633974483, 1.4142135623730951
225, 25, 152, 298, 151, 299, 1, -1, -0.7853981633974483, 1.4142135623730951
225, 26, 122, 259, 121, 260, 1, -1, -0.7853981633974483, 1.4142135623730951
225, 28, 9, 131, 8, 132, 1, -1, -0.7853981633974483, 1.4142135623730951
225, 29, 380, 254, 378, 255, 2, -1, -0.4636476090008061, 2.23606797749979
225, 31, 7, 320, 6, 321, 1, -1, -0.7853981633974483, 1.4142135623730951
225, 34, 9, 330, 7, 331, 2, -1, -0.4636476090008061, 2.23606797749979
225, 35, 127, 315, 126, 316, 1, -1, -0.7853981633974483, 1.4142135623730951
225, 41, 376, 247, 374, 247, 2, 0, 0.0, 2.0
225, 48, 96, 357, 94, 357, 2, 0, 0.0, 2.0
225, 50, 74, 219, 73, 220, 1, -1, -0.7853981633974483, 1.4142135623730951
225, 52, 210, 170, 209, 171, 1, -1, -0.7853981633974483, 1.4142135623730951
225, 55, 142, 336, 141, 337, 1, -1, -0.7853981633974483, 1.4142135623730951
225, 59, 51, 323, 50, 324, 1, -1, -0.7853981633974483, 1.4142135623730951
225, 60, 91, 303, 90, 304, 1, -1, -0.7853981633974483, 1.4142135623730951
225, 63, 102, 181, 101, 180, 1, 1, 0.7853981633974483, 1.4142135623730951
225, 66, 183, 341, 182, 342, 1, -1, -0.7853981633974483, 1.4142135623730951
225, 70, 32, 283, 30, 284, 2, -1, -0.4636476090008061, 2.23606797749979
226, 5, 54, 239, 53, 240, 1, -1, -0.7853981633974483, 1.4142135623730951
226, 8, 118, 223, 117, 224, 1, -1, -0.7853981633974483, 1.4142135623730951
226, 12, 151, 237, 150, 239, 1, -2, -1.1071487177940904, 2.23606797749979
226, 14, 12, 360, 10, 361, 2, -1, -0.4636476090008061, 2.23606797749979
226, 18, 59, 290, 58, 291, 1, -1, -0.7853981633974483, 1.4142135623730951
226, 19, 104, 273, 103, 274, 1, -1, -0.7853981633974483, 1.4142135623730951
226, 20, 88, 328, 87, 329, 1, -1, -0.7853981633974483, 1.4142135623730951
226, 21, 414, 231, 413, 232, 1, -1, -0.7853981633974483, 1.4142135623730951
226, 27, 11, 131, 9, 131, 2, 0, 0.0, 2.0
226, 28, 382, 253, 380, 254, 2, -1, -0.4636476090008061, 2.23606797749979
226, 31, 157, 216, 156, 217, 1, -1, -0.7853981633974483, 1.4142135623730951
226, 33, 10, 329, 9, 330, 1, -1, -0.7853981633974483, 1.4142135623730951
226, 39, 33, 275, 31, 275, 2, 0, 0.0, 2.0
226, 40, 376, 249, 376, 247, 0, 2, 1.5707963267948966, 2.0
226, 41, 189, 194, 188, 195, 1, -1, -0.7853981633974483, 1.4142135623730951
226, 44, 90, 273, 89, 274, 1, -1, -0.7853981633974483, 1.4142135623730951
226, 46, 99, 356, 96, 357, 3, -1, -0.3217505543966422, 3.1622776601683795
226, 49, 371, 252, 370, 253, 1, -1, -0.7853981633974483, 1.4142135623730951
226, 52, 56, 154, 55, 155, 1, -1, -0.7853981633974483, 1.4142135623730951
226, 53, 143, 335, 142, 336, 1, -1, -0.7853981633974483, 1.4142135623730951
226, 57, 52, 322, 51, 323, 1, -1, -0.7853981633974483, 1.4142135623730951
226, 58, 92, 302, 91, 303, 1, -1, -0.7853981633974483, 1.4142135623730951
226, 64, 184, 340, 183, 341, 1, -1, -0.7853981633974483, 1.4142135623730951
226, 65, 117, 253, 116, 254, 1, -1, -0.7853981633974483, 1.4142135623730951
226, 70, 58, 201, 57, 202, 1, -1, -0.7853981633974483, 1.4142135623730951
226, 71, 239, 276, 241, 276, -2, 0, 3.141592653589793, 2.0
227, 2, 120, 180, 119, 181, 1, -1, -0.7853981633974483, 1.4142135623730951
227, 5, 55, 238, 54, 239, 1, -1, -0.7853981633974483, 1.4142135623730951
227, 10, 43, 302, 42, 303, 1, -1, -0.7853981633974483, 1.4142135623730951
227, 11, 338, 251, 337, 252, 1, -1, -0.7853981633974483, 1.4142135623730951
227, 12, 152, 236, 151, 237, 1, -1, -0.7853981633974483, 1.4142135623730951
227, 14, 13, 359, 12, 360, 1, -1, -0.7853981633974483, 1.4142135623730951
227, 19, 105, 272, 104, 273, 1, -1, -0.7853981633974483, 1.4142135623730951
227, 27, 384, 252, 382, 253, 2, -1, -0.4636476090008061, 2.23606797749979
227, 29, 8, 318, 7, 319, 1, -1, -0.7853981633974483, 1.4142135623730951
227, 30, 158, 215, 157, 216, 1, -1, -0.7853981633974483, 1.4142135623730951
227, 32, 11, 328, 10, 329, 1, -1, -0.7853981633974483, 1.4142135623730951
227, 33, 128, 314, 127, 315, 1, -1, -0.7853981633974483, 1.4142135623730951
227, 34, 163, 220, 162, 221, 1, -1, -0.7853981633974483, 1.4142135623730951
227, 35, 66, 240, 64, 240, 2, 0, 0.0, 2.0
227, 45, 101, 355, 99, 356, 2, -1, -0.4636476090008061, 2.23606797749979
227, 51, 58, 154, 56, 154, 2, 0, 0.0, 2.0
227, 52, 144, 334, 143, 335, 1, -1, -0.7853981633974483, 1.4142135623730951
227, 56, 54, 321, 52, 322, 2, -1, -0.4636476090008061, 2.23606797749979
227, 63, 185, 339, 184, 340, 1, -1, -0.7853981633974483, 1.4142135623730951
227, 65, 82, 244, 81, 245, 1, -1, -0.7853981633974483, 1.4142135623730951
227, 70, 237, 277, 239, 276, -2, 1, 2.677945044588987, 2.23606797749979
228, 2, 121, 179, 120, 180, 1, -1, -0.7853981633974483, 1.4142135623730951
228, 5, 56, 237, 55, 238, 1, -1, -0.7853981633974483, 1.4142135623730951
228, 8, 119, 222, 118, 223, 1, -1, -0.7853981633974483, 1.4142135623730951
228, 10, 44, 301, 43, 302, 1, -1, -0.7853981633974483, 1.4142135623730951
228, 11, 340, 251, 338, 251, 2, 0, 0.0, 2.0
228, 14, 15, 358, 13, 359, 2, -1, -0.4636476090008061, 2.23606797749979
228, 16, 30, 124, 29, 123, 1, 1, 0.7853981633974483, 1.4142135623730951
228, 17, 8, 170, 7, 171, 1, -1, -0.7853981633974483, 1.4142135623730951
228, 20, 90, 327, 89, 328, 1, -1, -0.7853981633974483, 1.4142135623730951
228, 23, 154, 297, 153, 298, 1, -1, -0.7853981633974483, 1.4142135623730951
228, 24, 123, 257, 122, 258, 1, -1, -0.7853981633974483, 1.4142135623730951
228, 27, 386, 252, 384, 252, 2, 0, 0.0, 2.0
228, 28, 10, 317, 8, 318, 2, -1, -0.4636476090008061, 2.23606797749979
228, 32, 129, 313, 128, 314, 1, -1, -0.7853981633974483, 1.4142135623730951
228, 38, 379, 248, 377, 249, 2, -1, -0.4636476090008061, 2.23606797749979
228, 39, 191, 193, 189, 194, 2, -1, -0.4636476090008061, 2.23606797749979
228, 41, 235, 302, 234, 303, 1, -1, -0.7853981633974483, 1.4142135623730951
228, 44, 105, 353, 101, 355, 4, -2, -0.4636476090008061, 4.47213595499958
228, 45, 160, 142, 158, 141, 2, 1, 0.4636476090008061, 2.23606797749979
228, 47, 373, 251, 372, 252, 1, -1, -0.7853981633974483, 1.4142135623730951
228, 51, 146, 333, 144, 334, 2, -1, -0.4636476090008061, 2.23606797749979
228, 55, 55, 320, 54, 321, 1, -1, -0.7853981633974483, 1.4142135623730951
228, 56, 94, 301, 93, 302, 1, -1, -0.7853981633974483, 1.4142135623730951
228, 62, 186, 338, 185, 339, 1, -1, -0.7853981633974483, 1.4142135623730951
228, 64, 83, 243, 82, 244, 1, -1, -0.7853981633974483, 1.4142135623730951
228, 68, 59, 201, 58, 202, 1, -1, -0.7853981633974483, 1.4142135623730951
229, 2, 122, 178, 121, 179, 1, -1, -0.7853981633974483, 1.4142135623730951
229, 5, 57, 236, 56, 237, 1, -1, -0.7853981633974483, 1.4142135623730951
229, 11, 341, 250, 340, 251, 1, -1, -0.7853981633974483, 1.4142135623730951
229, 12, 153, 234, 152, 235, 1, -1, -0.7853981633974483, 1.4142135623730951
229, 14, 16, 357, 15, 358, 1, -1, -0.7853981633974483, 1.4142135623730951
229, 18, 61, 289, 60, 290, 1, -1, -0.7853981633974483, 1.4142135623730951
229, 19, 106, 270, 105, 271, 1, -1, -0.7853981633974483, 1.4142135623730951
229, 32, 130, 311, 129, 313, 1, -2, -1.1071487177940904, 2.23606797749979
229, 37, 37, 275, 35, 275, 2, 0, 0.0, 2.0
229, 38, 382, 247, 379, 248, 3, -1, -0.3217505543966422, 3.1622776601683795
229, 44, 106, 352, 105, 353, 1, -1, -0.7853981633974483, 1.4142135623730951
229, 50, 59, 153, 58, 154, 1, -1, -0.7853981633974483, 1.4142135623730951
229, 51, 147, 332, 146, 333, 1, -1, -0.7853981633974483, 1.4142135623730951
229, 55, 57, 319, 55, 320, 2, -1, -0.4636476090008061, 2.23606797749979
229, 56, 95, 300, 94, 301, 1, -1, -0.7853981633974483, 1.4142135623730951
229, 59, 99, 182, 101, 182, -2, 0, 3.141592653589793, 2.0
229, 62, 187, 337, 186, 338, 1, -1, -0.7853981633974483, 1.4142135623730951
229, 69, 236, 278, 237, 277, -1, 1, 2.356194490192345, 1.4142135623730951
229, 72, 300, 237, 299, 238, 1, -1, -0.7853981633974483, 1.4142135623730951
230, 2, 118, 180, 117, 181, 1, -1, -0.7853981633974483, 1.4142135623730951
230, 5, 68, 238, 66, 238, 2, 0, 0.0, 2.0
230, 9, 120, 223, 119, 224, 1, -1, -0.7853981633974483, 1.4142135623730951
230, 10, 57, 239, 56, 240, 1, -1, -0.7853981633974483, 1.4142135623730951
230, 12, 45, 298, 44, 299, 1, -1, -0.7853981633974483, 1.4142135623730951
230, 13, 165, 217, 164, 218, 1, -1, -0.7853981633974483, 1.4142135623730951
230, 14, 197, 195, 196, 196, 1, -1, -0.7853981633974483, 1.4142135623730951
230, 20, 61, 289, 60, 290, 1, -1, -0.7853981633974483, 1.4142135623730951
230, 21, 16, 359, 13, 361, 3, -2, -0.5880026035475675, 3.605551275463989
230, 25, 341, 253, 339, 254, 2, -1, -0.4636476090008061, 2.23606797749979
230, 29, 380, 254, 378, 255, 2, -1, -0.4636476090008061, 2.23606797749979
230, 30, 12, 325, 11, 326, 1, -1, -0.7853981633974483, 1.4142135623730951
230, 32, 187, 344, 186, 345, 1, -1, -0.7853981633974483, 1.4142135623730951
230, 34, 95, 303, 94, 304, 1, -1, -0.7853981633974483, 1.4142135623730951
230, 35, 35, 275, 34, 276, 1, -1, -0.7853981633974483, 1.4142135623730951
230, 36, 152, 173, 151, 172, 1, 1, 0.7853981633974483, 1.4142135623730951
230, 40, 104, 354, 102, 355, 2, -1, -0.4636476090008061, 2.23606797749979
230, 48, 66, 348, 67, 347, -1, 1, 2.356194490192345, 1.4142135623730951
230, 55, 263, 283, 263, 281, 0, 2, 1.5707963267948966, 2.0
230, 57, 152, 332, 151, 333, 1, -1, -0.7853981633974483, 1.4142135623730951
230, 67, 57, 321, 55, 322, 2, -1, -0.4636476090008061, 2.23606797749979
230, 68, 24, 226, 22, 226, 2, 0, 0.0, 2.0
230, 75, 11, 288, 11, 290, 0, -2, -1.5707963267948966, 2.0
231, 9, 121, 222, 120, 223, 1, -1, -0.7853981633974483, 1.4142135623730951
231, 15, 17, 130, 15, 130, 2, 0, 0.0, 2.0
231, 20, 63, 289, 61, 289, 2, 0, 0.0, 2.0
231, 21, 18, 357, 16, 359, 2, -2, -0.7853981633974483, 2.8284271247461903
231, 25, 343, 253, 341, 253, 2, 0, 0.0, 2.0
231, 27, 140, 235, 139, 236, 1, -1, -0.7853981633974483, 1.4142135623730951
231, 29, 382, 252, 380, 254, 2, -2, -0.7853981633974483, 2.8284271247461903
231, 30, 13, 324, 12, 325, 1, -1, -0.7853981633974483, 1.4142135623730951
231, 32, 188, 343, 187, 344, 1, -1, -0.7853981633974483, 1.4142135623730951
231, 38, 121, 260, 120, 261, 1, -1, -0.7853981633974483, 1.4142135623730951
231, 39, 106, 354, 104, 354, 2, 0, 0.0, 2.0
231, 43, 133, 315, 132, 316, 1, -1, -0.7853981633974483, 1.4142135623730951
231, 47, 67, 347, 66, 348, 1, -1, -0.7853981633974483, 1.4142135623730951
231, 56, 153, 331, 152, 332, 1, -1, -0.7853981633974483, 1.4142135623730951
231, 66, 59, 320, 57, 321, 2, -1, -0.4636476090008061, 2.23606797749979
231, 72, 130, 256, 129, 257, 1, -1, -0.7853981633974483, 1.4142135623730951
231, 73, 12, 287, 11, 288, 1, -1, -0.7853981633974483, 1.4142135623730951
231, 83, 93, 272, 92, 273, 1, -1, -0.7853981633974483, 1.4142135623730951
232, 7, 267, 302, 267, 306, 0, -4, -1.5707963267948966, 4.0
232, 9, 122, 221, 121, 222, 1, -1, -0.7853981633974483, 1.4142135623730951
232, 10, 59, 238, 58, 239, 1, -1, -0.7853981633974483, 1.4142135623730951
232, 17, 93, 329, 92, 330, 1, -1, -0.7853981633974483, 1.4142135623730951
232, 18, 80, 220, 77, 222, 3, -2, -0.5880026035475675, 3.605551275463989
232, 21, 19, 355, 18, 357, 1, -2, -1.1071487177940904, 2.23606797749979
232, 25, 345, 253, 343, 253, 2, 0, 0.0, 2.0
232, 28, 153, 299, 152, 300, 1, -1, -0.7853981633974483, 1.4142135623730951
232, 29, 384, 251, 382, 252, 2, -1, -0.4636476090008061, 2.23606797749979
232, 30, 14, 323, 13, 324, 1, -1, -0.7853981633974483, 1.4142135623730951
232, 32, 189, 342, 188, 343, 1, -1, -0.7853981633974483, 1.4142135623730951
232, 33, 34, 125, 33, 124, 1, 1, 0.7853981633974483, 1.4142135623730951
232, 34, 97, 302, 96, 303, 1, -1, -0.7853981633974483, 1.4142135623730951
232, 35, 37, 274, 36, 275, 1, -1, -0.7853981633974483, 1.4142135623730951
232, 38, 122, 259, 121, 260, 1, -1, -0.7853981633974483, 1.4142135623730951
232, 39, 107, 353, 106, 354, 1, -1, -0.7853981633974483, 1.4142135623730951
232, 43, 136, 313, 133, 315, 3, -2, -0.5880026035475675, 3.605551275463989
232, 47, 68, 345, 67, 347, 1, -2, -1.1071487177940904, 2.23606797749979
232, 48, 294, 220, 293, 221, 1, -1, -0.7853981633974483, 1.4142135623730951
232, 56, 154, 330, 153, 331, 1, -1, -0.7853981633974483, 1.4142135623730951
232, 59, 268, 177, 267, 178, 1, -1, -0.7853981633974483, 1.4142135623730951
232, 62, 117, 346, 115, 346, 2, 0, 0.0, 2.0
232, 65, 61, 319, 59, 320, 2, -1, -0.4636476090008061, 2.23606797749979
232, 66, 26, 225, 25, 226, 1, -1, -0.7853981633974483, 1.4142135623730951
232, 69, 74, 263, 73, 264, 1, -1, -0.7853981633974483, 1.4142135623730951
232, 72, 13, 286, 12, 287, 1, -1, -0.7853981633974483, 1.4142135623730951
232, 73, 268, 243, 267, 244, 1, -1, -0.7853981633974483, 1.4142135623730951
233, 0, 169, 244, 169, 242, 0, 2, 1.5707963267948966, 2.0
233, 2, 120, 178, 119, 179, 1, -1, -0.7853981633974483, 1.4142135623730951
233, 9, 123, 220, 122, 221, 1, -1, -0.7853981633974483, 1.4142135623730951
233, 10, 60, 237, 59, 238, 1, -1, -0.7853981633974483, 1.4142135623730951
233, 12, 48, 297, 47, 298, 1, -1, -0.7853981633974483, 1.4142135623730951
233, 17, 94, 328, 93, 329, 1, -1, -0.7853981633974483, 1.4142135623730951
233, 21, 20, 354, 19, 355, 1, -1, -0.7853981633974483, 1.4142135623730951
233, 25, 347, 253, 345, 253, 2, 0, 0.0, 2.0
233, 28, 154, 298, 153, 299, 1, -1, -0.7853981633974483, 1.4142135623730951
233, 29, 387, 250, 384, 251, 3, -1, -0.3217505543966422, 3.1622776601683795
233, 30, 16, 322, 14, 323, 2, -1, -0.4636476090008061, 2.23606797749979
233, 31, 224, 228, 223, 229, 1, -1, -0.7853981633974483, 1.4142135623730951
233, 32, 190, 341, 189, 342, 1, -1, -0.7853981633974483, 1.4142135623730951
233, 33, 36, 125, 34, 125, 2, 0, 0.0, 2.0
233, 34, 98, 301, 97, 302, 1, -1, -0.7853981633974483, 1.4142135623730951
233, 37, 27, 232, 26, 233, 1, -1, -0.7853981633974483, 1.4142135623730951
233, 38, 123, 258, 122, 259, 1, -1, -0.7853981633974483, 1.4142135623730951
233, 39, 109, 352, 107, 353, 2, -1, -0.4636476090008061, 2.23606797749979
233, 44, 59, 156, 58, 155, 1, 1, 0.7853981633974483, 1.4142135623730951
233, 46, 70, 343, 68, 345, 2, -2, -0.7853981633974483, 2.8284271247461903
233, 55, 155, 329, 154, 330, 1, -1, -0.7853981633974483, 1.4142135623730951
233, 58, 268, 175, 268, 177, 0, -2, -1.5707963267948966, 2.0
233, 61, 118, 345, 117, 346, 1, -1, -0.7853981633974483, 1.4142135623730951
233, 64, 62, 318, 61, 319, 1, -1, -0.7853981633974483, 1.4142135623730951
233, 65, 27, 224, 26, 225, 1, -1, -0.7853981633974483, 1.4142135623730951
233, 70, 130, 253, 130, 255, 0, -2, -1.5707963267948966, 2.0
233, 72, 269, 242, 268, 243, 1, -1, -0.7853981633974483, 1.4142135623730951
233, 73, 26, 285, 29, 285, -3, 0, 3.141592653589793, 3.0
233, 75, 79, 139, 78, 138, 1, 1, 0.7853981633974483, 1.4142135623730951
233, 80, 94, 271, 93, 272, 1, -1, -0.7853981633974483, 1.4142135623730951
234, 9, 124, 219, 123, 220, 1, -1, -0.7853981633974483, 1.4142135623730951
234, 11, 131, 221, 130, 222, 1, -1, -0.7853981633974483, 1.4142135623730951
234, 12, 49, 296, 48, 297, 1, -1, -0.7853981633974483, 1.4142135623730951
234, 20, 66, 288, 65, 289, 1, -1, -0.7853981633974483, 1.4142135623730951
234, 21, 21, 353, 20, 354, 1, -1, -0.7853981633974483, 1.4142135623730951
234, 25, 349, 253, 347, 253, 2, 0, 0.0, 2.0
234, 30, 17, 321, 16, 322, 1, -1, -0.7853981633974483, 1.4142135623730951
234, 32, 191, 340, 190, 341, 1, -1, -0.7853981633974483, 1.4142135623730951
234, 34, 99, 300, 98, 301, 1, -1, -0.7853981633974483, 1.4142135623730951
234, 35, 39, 273, 37, 274, 2, -1, -0.4636476090008061, 2.23606797749979
234, 38, 124, 257, 123, 258, 1, -1, -0.7853981633974483, 1.4142135623730951
234, 39, 111, 351, 109, 352, 2, -1, -0.4636476090008061, 2.23606797749979
234, 44, 60, 155, 59, 156, 1, -1, -0.7853981633974483, 1.4142135623730951
234, 46, 72, 343, 70, 343, 2, 0, 0.0, 2.0
234, 51, 180, 291, 179, 292, 1, -1, -0.7853981633974483, 1.4142135623730951
234, 52, 239, 299, 238, 300, 1, -1, -0.7853981633974483, 1.4142135623730951
234, 55, 156, 328, 155, 329, 1, -1, -0.7853981633974483, 1.4142135623730951
234, 58, 268, 173, 268, 175, 0, -2, -1.5707963267948966, 2.0
234, 61, 120, 345, 118, 345, 2, 0, 0.0, 2.0
234, 63, 63, 317, 62, 318, 1, -1, -0.7853981633974483, 1.4142135623730951
234, 68, 131, 252, 130, 253, 1, -1, -0.7853981633974483, 1.4142135623730951
234, 70, 270, 241, 269, 242, 1, -1, -0.7853981633974483, 1.4142135623730951
234, 71, 27, 284, 26, 285, 1, -1, -0.7853981633974483, 1.4142135623730951
235, 4, 124, 180, 123, 181, 1, -1, -0.7853981633974483, 1.4142135623730951
235, 5, 48, 303, 47, 304, 1, -1, -0.7853981633974483, 1.4142135623730951
235, 7, 61, 239, 60, 240, 1, -1, -0.7853981633974483, 1.4142135623730951
235, 13, 123, 223, 122, 224, 1, -1, -0.7853981633974483, 1.4142135623730951
235, 19, 40, 127, 35, 126, 5, 1, 0.19739555984988075, 5.0990195135927845
235, 20, 162, 219, 161, 220, 1, -1, -0.7853981633974483, 1.4142135623730951
235, 21, 98, 327, 95, 329, 3, -2, -0.5880026035475675, 3.605551275463989
235, 25, 96, 272, 95, 273, 1, -1, -0.7853981633974483, 1.4142135623730951
235, 26, 69, 181, 64, 181, 5, 0, 0.0, 5.0
235, 29, 192, 196, 191, 197, 1, -1, -0.7853981633974483, 1.4142135623730951
235, 30, 109, 351, 107, 353, 2, -2, -0.7853981633974483, 2.8284271247461903
235, 31, 135, 312, 134, 313, 1, -1, -0.7853981633974483, 1.4142135623730951
235, 38, 184, 173, 180, 173, 4, 0, 0.0, 4.0
235, 39, 15, 319, 14, 320, 1, -1, -0.7853981633974483, 1.4142135623730951
235, 41, 99, 302, 98, 303, 1, -1, -0.7853981633974483, 1.4142135623730951
235, 42, 393, 255, 391, 255, 2, 0, 0.0, 2.0
235, 44, 381, 249, 380, 250, 1, -1, -0.7853981633974483, 1.4142135623730951
235, 45, 28, 232, 27, 233, 1, -1, -0.7853981633974483, 1.4142135623730951
235, 48, 228, 317, 227, 318, 1, -1, -0.7853981633974483, 1.4142135623730951
235, 52, 196, 333, 195, 334, 1, -1, -0.7853981633974483, 1.4142135623730951
235, 56, 291, 225, 290, 226, 1, -1, -0.7853981633974483, 1.4142135623730951
235, 62, 61, 320, 60, 321, 1, -1, -0.7853981633974483, 1.4142135623730951
235, 67, 426, 231, 426, 229, 0, 2, 1.5707963267948966, 2.0
235, 74, 152, 331, 151, 332, 1, -1, -0.7853981633974483, 1.4142135623730951
235, 76, 14, 288, 13, 289, 1, -1, -0.7853981633974483, 1.4142135623730951
236, 7, 62, 238, 61, 239, 1, -1, -0.7853981633974483, 1.4142135623730951
236, 8, 107, 264, 106, 265, 1, -1, -0.7853981633974483, 1.4142135623730951
236, 9, 350, 253, 348, 253, 2, 0, 0.0, 2.0
236, 12, 12, 173, 11, 174, 1, -1, -0.7853981633974483, 1.4142135623730951
236, 16, 123, 166, 122, 167, 1, -1, -0.7853981633974483, 1.4142135623730951
236, 18, 19, 132, 18, 133, 1, -1, -0.7853981633974483, 1.4142135623730951
236, 21, 100, 327, 98, 327, 2, 0, 0.0, 2.0
236, 24, 66, 291, 65, 292, 1, -1, -0.7853981633974483, 1.4142135623730951
236, 28, 6, 336, 5, 338, 1, -2, -1.1071487177940904, 2.23606797749979
236, 30, 111, 350, 109, 351, 2, -1, -0.4636476090008061, 2.23606797749979
236, 33, 41, 275, 39, 276, 2, -1, -0.4636476090008061, 2.23606797749979
236, 37, 393, 247, 392, 248, 1, -1, -0.7853981633974483, 1.4142135623730951
236, 39, 16, 318, 15, 319, 1, -1, -0.7853981633974483, 1.4142135623730951
236, 40, 128, 256, 127, 257, 1, -1, -0.7853981633974483, 1.4142135623730951
236, 41, 100, 301, 99, 302, 1, -1, -0.7853981633974483, 1.4142135623730951
236, 42, 395, 254, 393, 255, 2, -1, -0.4636476090008061, 2.23606797749979
236, 44, 382, 248, 381, 249, 1, -1, -0.7853981633974483, 1.4142135623730951
236, 49, 21, 357, 20, 358, 1, -1, -0.7853981633974483, 1.4142135623730951
236, 50, 62, 156, 61, 157, 1, -1, -0.7853981633974483, 1.4142135623730951
236, 52, 198, 332, 196, 333, 2, -1, -0.4636476090008061, 2.23606797749979
236, 55, 292, 224, 291, 225, 1, -1, -0.7853981633974483, 1.4142135623730951
236, 62, 240, 300, 239, 301, 1, -1, -0.7853981633974483, 1.4142135623730951
236, 67, 197, 343, 195, 344, 2, -1, -0.4636476090008061, 2.23606797749979
236, 70, 28, 319, 27, 320, 1, -1, -0.7853981633974483, 1.4142135623730951
236, 71, 154, 330, 152, 331, 2, -1, -0.4636476090008061, 2.23606797749979
237, 1, 196, 146, 194, 146, 2, 0, 0.0, 2.0
237, 9, 353, 253, 350, 253, 3, 0, 0.0, 3.0
237, 12, 13, 172, 12, 173, 1, -1, -0.7853981633974483, 1.4142135623730951
237, 15, 152, 233, 151, 234, 1, -1, -0.7853981633974483, 1.4142135623730951
237, 21, 101, 326, 100, 327, 1, -1, -0.7853981633974483, 1.4142135623730951
237, 23, 270, 307, 270, 305, 0, 2, 1.5707963267948966, 2.0
237, 28, 7, 335, 6, 336, 1, -1, -0.7853981633974483, 1.4142135623730951
237, 30, 113, 349, 111, 350, 2, -1, -0.4636476090008061, 2.23606797749979
237, 31, 137, 311, 136, 312, 1, -1, -0.7853981633974483, 1.4142135623730951
237, 33, 42, 274, 41, 275, 1, -1, -0.7853981633974483, 1.4142135623730951
237, 34, 143, 235, 142, 236, 1, -1, -0.7853981633974483, 1.4142135623730951
237, 38, 184, 172, 183, 173, 1, -1, -0.7853981633974483, 1.4142135623730951
237, 41, 101, 299, 100, 301, 1, -2, -1.1071487177940904, 2.23606797749979
237, 42, 397, 253, 395, 254, 2, -1, -0.4636476090008061, 2.23606797749979
237, 43, 17, 328, 16, 329, 1, -1, -0.7853981633974483, 1.4142135623730951
237, 47, 23, 356, 21, 357, 2, -1, -0.4636476090008061, 2.23606797749979
237, 50, 200, 331, 198, 332, 2, -1, -0.4636476090008061, 2.23606797749979
237, 53, 293, 223, 292, 224, 1, -1, -0.7853981633974483, 1.4142135623730951
237, 58, 63, 319, 62, 320, 1, -1, -0.7853981633974483, 1.4142135623730951
237, 69, 155, 328, 154, 330, 1, -2, -1.1071487177940904, 2.23606797749979
238, 2, 109, 271, 108, 272, 1, -1, -0.7853981633974483, 1.4142135623730951
238, 16, 169, 199, 168, 200, 1, -1, -0.7853981633974483, 1.4142135623730951
238, 17, 21, 133, 20, 132, 1, 1, 0.7853981633974483, 1.4142135623730951
238, 27, 8, 334, 7, 335, 1, -1, -0.7853981633974483, 1.4142135623730951
238, 29, 115, 348, 113, 349, 2, -1, -0.4636476090008061, 2.23606797749979
238, 30, 138, 310, 137, 311, 1, -1, -0.7853981633974483, 1.4142135623730951
238, 32, 43, 273, 42, 274, 1, -1, -0.7853981633974483, 1.4142135623730951
238, 36, 394, 245, 394, 247, 0, -2, -1.5707963267948966, 2.0
238, 38, 19, 317, 17, 318, 2, -1, -0.4636476090008061, 2.23606797749979
238, 39, 129, 254, 128, 255, 1, -1, -0.7853981633974483, 1.4142135623730951
238, 40, 102, 298, 101, 299, 1, -1, -0.7853981633974483, 1.4142135623730951
238, 41, 400, 253, 397, 253, 3, 0, 0.0, 3.0
238, 42, 18, 327, 17, 328, 1, -1, -0.7853981633974483, 1.4142135623730951
238, 43, 385, 249, 382, 248, 3, 1, 0.3217505543966422, 3.1622776601683795
238, 44, 30, 231, 29, 232, 1, -1, -0.7853981633974483, 1.4142135623730951
238, 46, 25, 355, 23, 356, 2, -1, -0.4636476090008061, 2.23606797749979
238, 47, 64, 155, 63, 156, 1, -1, -0.7853981633974483, 1.4142135623730951
238, 48, 83, 223, 82, 224, 1, -1, -0.7853981633974483, 1.4142135623730951
238, 49, 201, 330, 200, 331, 1, -1, -0.7853981633974483, 1.4142135623730951
238, 52, 294, 222, 293, 223, 1, -1, -0.7853981633974483, 1.4142135623730951
238, 53, 164, 193, 163, 192, 1, 1, 0.7853981633974483, 1.4142135623730951
238, 55, 241, 160, 239, 159, 2, 1, 0.4636476090008061, 2.23606797749979
238, 57, 65, 318, 63, 319, 2, -1, -0.4636476090008061, 2.23606797749979
238, 59, 241, 299, 240, 300, 1, -1, -0.7853981633974483, 1.4142135623730951
238, 64, 199, 342, 198, 343, 1, -1, -0.7853981633974483, 1.4142135623730951
238, 68, 157, 327, 155, 328, 2, -1, -0.4636476090008061, 2.23606797749979
238, 70, 16, 286, 15, 287, 1, -1, -0.7853981633974483, 1.4142135623730951
239, 2, 110, 270, 109, 271, 1, -1, -0.7853981633974483, 1.4142135623730951
239, 9, 356, 253, 354, 253, 2, 0, 0.0, 2.0
239, 14, 159, 295, 158, 296, 1, -1, -0.7853981633974483, 1.4142135623730951
239, 15, 126, 165, 125, 166, 1, -1, -0.7853981633974483, 1.4142135623730951
239, 24, 99, 270, 98, 271, 1, -1, -0.7853981633974483, 1.4142135623730951
239, 27, 9, 333, 8, 334, 1, -1, -0.7853981633974483, 1.4142135623730951
239, 28, 192, 194, 191, 195, 1, -1, -0.7853981633974483, 1.4142135623730951
239, 29, 117, 347, 115, 348, 2, -1, -0.4636476090008061, 2.23606797749979
239, 30, 139, 309, 138, 310, 1, -1, -0.7853981633974483, 1.4142135623730951
239, 32, 44, 272, 43, 273, 1, -1, -0.7853981633974483, 1.4142135623730951
239, 38, 21, 316, 19, 317, 2, -1, -0.4636476090008061, 2.23606797749979
239, 39, 130, 253, 129, 254, 1, -1, -0.7853981633974483, 1.4142135623730951
239, 41, 403, 253, 400, 253, 3, 0, 0.0, 3.0
239, 42, 19, 326, 18, 327, 1, -1, -0.7853981633974483, 1.4142135623730951
239, 46, 26, 354, 25, 355, 1, -1, -0.7853981633974483, 1.4142135623730951
239, 47, 67, 155, 64, 155, 3, 0, 0.0, 3.0
239, 48, 84, 222, 83, 223, 1, -1, -0.7853981633974483, 1.4142135623730951
239, 49, 203, 329, 201, 330, 2, -1, -0.4636476090008061, 2.23606797749979
239, 52, 295, 221, 294, 222, 1, -1, -0.7853981633974483, 1.4142135623730951
239, 56, 89, 242, 85, 244, 4, -2, -0.4636476090008061, 4.47213595499958
239, 57, 66, 317, 65, 318, 1, -1, -0.7853981633974483, 1.4142135623730951
239, 60, 108, 240, 106, 240, 2, 0, 0.0, 2.0
239, 64, 200, 341, 199, 342, 1, -1, -0.7853981633974483, 1.4142135623730951
239, 67, 31, 317, 29, 318, 2, -1, -0.4636476090008061, 2.23606797749979
239, 68, 158, 326, 157, 327, 1, -1, -0.7853981633974483, 1.4142135623730951
239, 70, 17, 285, 16, 286, 1, -1, -0.7853981633974483, 1.4142135623730951
240, 4, 355, 254, 353, 254, 2, 0, 0.0, 2.0
240, 21, 20, 318, 19, 319, 1, -1, -0.7853981633974483, 1.4142135623730951
240, 22, 102, 327, 101, 328, 1, -1, -0.7853981633974483, 1.4142135623730951
240, 23, 199, 216, 198, 217, 1, -1, -0.7853981633974483, 1.4142135623730951
240, 24, 401, 256, 399, 257, 2, -1, -0.4636476090008061, 2.23606797749979
240, 29, 23, 134, 22, 133, 1, 1, 0.7853981633974483, 1.4142135623730951
240, 30, 42, 126, 41, 127, 1, -1, -0.7853981633974483, 1.4142135623730951
240, 31, 390, 253, 388, 253, 2, 0, 0.0, 2.0
240, 32, 11, 338, 10, 339, 1, -1, -0.7853981633974483, 1.4142135623730951
240, 35, 394, 246, 393, 247, 1, -1, -0.7853981633974483, 1.4142135623730951
240, 40, 26, 356, 24, 357, 2, -1, -0.4636476090008061, 2.23606797749979
240, 43, 85, 221, 84, 222, 1, -1, -0.7853981633974483, 1.4142135623730951
240, 44, 424, 231, 423, 233, 1, -2, -1.1071487177940904, 2.23606797749979
240, 45, 114, 351, 112, 352, 2, -1, -0.4636476090008061, 2.23606797749979
240, 47, 281, 245, 280, 246, 1, -1, -0.7853981633974483, 1.4142135623730951
240, 48, 293, 219, 292, 220, 1, -1, -0.7853981633974483, 1.4142135623730951
240, 49, 31, 232, 30, 233, 1, -1, -0.7853981633974483, 1.4142135623730951
240, 51, 42, 287, 40, 288, 2, -1, -0.4636476090008061, 2.23606797749979
240, 54, 228, 316, 227, 317, 1, -1, -0.7853981633974483, 1.4142135623730951
240, 55, 24, 175, 23, 176, 1, -1, -0.7853981633974483, 1.4142135623730951
240, 57, 58, 300, 57, 301, 1, -1, -0.7853981633974483, 1.4142135623730951
240, 62, 301, 224, 299, 225, 2, -1, -0.4636476090008061, 2.23606797749979
240, 69, 87, 209, 86, 210, 1, -1, -0.7853981633974483, 1.4142135623730951
240, 72, 155, 209, 153, 209, 2, 0, 0.0, 2.0
240, 74, 66, 319, 65, 320, 1, -1, -0.7853981633974483, 1.4142135623730951
240, 76, 88, 340, 89, 339, -1, 1, 2.356194490192345, 1.4142135623730951
240, 78, 274, 246, 273, 247, 1, -1, -0.7853981633974483, 1.4142135623730951
240, 79, 42, 233, 41, 234, 1, -1, -0.7853981633974483, 1.4142135623730951
240, 81, 126, 249, 124, 250, 2, -1, -0.4636476090008061, 2.23606797749979
240, 82, 307, 240, 306, 241, 1, -1, -0.7853981633974483, 1.4142135623730951
241, 4, 357, 253, 355, 254, 2, -1, -0.4636476090008061, 2.23606797749979
241, 5, 112, 270, 111, 271, 1, -1, -0.7853981633974483, 1.4142135623730951
241, 17, 71, 291, 70, 292, 1, -1, -0.7853981633974483, 1.4142135623730951
241, 18, 160, 297, 159, 298, 1, -1, -0.7853981633974483, 1.4142135623730951
241, 21, 22, 318, 20, 318, 2, 0, 0.0, 2.0
241, 22, 103, 326, 102, 327, 1, -1, -0.7853981633974483, 1.4142135623730951
241, 24, 403, 256, 401, 256, 2, 0, 0.0, 2.0
241, 29, 24, 135, 23, 134, 1, 1, 0.7853981633974483, 1.4142135623730951
241, 30, 44, 127, 42, 126, 2, 1, 0.4636476090008061, 2.23606797749979
241, 31, 392, 253, 390, 253, 2, 0, 0.0, 2.0
241, 32, 13, 337, 11, 338, 2, -1, -0.4636476090008061, 2.23606797749979
241, 34, 128, 258, 127, 259, 1, -1, -0.7853981633974483, 1.4142135623730951
241, 35, 396, 246, 394, 246, 2, 0, 0.0, 2.0
241, 40, 27, 355, 26, 356, 1, -1, -0.7853981633974483, 1.4142135623730951
241, 44, 426, 230, 424, 231, 2, -1, -0.4636476090008061, 2.23606797749979
241, 45, 116, 350, 114, 351, 2, -1, -0.4636476090008061, 2.23606797749979
241, 48, 294, 218, 293, 219, 1, -1, -0.7853981633974483, 1.4142135623730951
241, 49, 32, 231, 31, 232, 1, -1, -0.7853981633974483, 1.4142135623730951
241, 51, 43, 285, 42, 287, 1, -2, -1.1071487177940904, 2.23606797749979
241, 52, 194, 335, 193, 336, 1, -1, -0.7853981633974483, 1.4142135623730951
241, 56, 56, 300, 58, 300, -2, 0, 3.141592653589793, 2.0
241, 62, 12, 149, 10, 149, 2, 0, 0.0, 2.0
241, 66, 89, 208, 87, 209, 2, -1, -0.4636476090008061, 2.23606797749979
241, 69, 156, 207, 155, 209, 1, -2, -1.1071487177940904, 2.23606797749979
241, 78, 127, 248, 126, 249, 1, -1, -0.7853981633974483, 1.4142135623730951
242, 0, 199, 147, 197, 147, 2, 0, 0.0, 2.0
242, 2, 45, 187, 43, 186, 2, 1, 0.4636476090008061, 2.23606797749979
242, 3, 131, 181, 129, 181, 2, 0, 0.0, 2.0
242, 22, 104, 325, 103, 326, 1, -1, -0.7853981633974483, 1.4142135623730951
242, 27, 17, 172, 16, 171, 1, 1, 0.7853981633974483, 1.4142135623730951
242, 28, 164, 217, 163, 218, 1, -1, -0.7853981633974483, 1.4142135623730951
242, 29, 26, 136, 24, 135, 2, 1, 0.4636476090008061, 2.23606797749979
242, 30, 46, 127, 44, 127, 2, 0, 0.0, 2.0
242, 31, 393, 254, 392, 253, 1, 1, 0.7853981633974483, 1.4142135623730951
242, 32, 14, 336, 13, 337, 1, -1, -0.7853981633974483, 1.4142135623730951
242, 34, 129, 257, 128, 258, 1, -1, -0.7853981633974483, 1.4142135623730951
242, 36, 171, 148, 169, 148, 2, 0, 0.0, 2.0
242, 40, 29, 354, 27, 355, 2, -1, -0.4636476090008061, 2.23606797749979
242, 43, 86, 220, 85, 221, 1, -1, -0.7853981633974483, 1.4142135623730951
242, 45, 118, 349, 116, 350, 2, -1, -0.4636476090008061, 2.23606797749979
242, 47, 282, 244, 281, 245, 1, -1, -0.7853981633974483, 1.4142135623730951
242, 50, 102, 300, 101, 301, 1, -1, -0.7853981633974483, 1.4142135623730951
242, 51, 195, 334, 194, 335, 1, -1, -0.7853981633974483, 1.4142135623730951
242, 53, 229, 315, 228, 316, 1, -1, -0.7853981633974483, 1.4142135623730951
242, 58, 304, 223, 302, 224, 2, -1, -0.4636476090008061, 2.23606797749979
242, 63, 140, 142, 139, 143, 1, -1, -0.7853981633974483, 1.4142135623730951
242, 64, 90, 207, 89, 208, 1, -1, -0.7853981633974483, 1.4142135623730951
242, 68, 113, 130, 112, 131, 1, -1, -0.7853981633974483, 1.4142135623730951
242, 69, 67, 317, 66, 318, 1, -1, -0.7853981633974483, 1.4142135623730951
242, 71, 86, 341, 88, 340, -2, 1, 2.677945044588987, 2.23606797749979
242, 72, 281, 271, 281, 273, 0, -2, -1.5707963267948966, 2.0
242, 73, 276, 245, 275, 246, 1, -1, -0.7853981633974483, 1.4142135623730951
242, 76, 129, 247, 127, 248, 2, -1, -0.4636476090008061, 2.23606797749979
243, 3, 360, 252, 358, 253, 2, -1, -0.4636476090008061, 2.23606797749979
243, 6, 64, 238, 63, 239, 1, -1, -0.7853981633974483, 1.4142135623730951
243, 8, 227, 224, 226, 223, 1, 1, 0.7853981633974483, 1.4142135623730951
243, 11, 219, 224, 218, 225, 1, -1, -0.7853981633974483, 1.4142135623730951
243, 14, 198, 238, 197, 239, 1, -1, -0.7853981633974483, 1.4142135623730951
243, 16, 73, 290, 72, 291, 1, -1, -0.7853981633974483, 1.4142135623730951
243, 17, 161, 295, 160, 296, 1, -1, -0.7853981633974483, 1.4142135623730951
243, 18, 70, 180, 69, 181, 1, -1, -0.7853981633974483, 1.4142135623730951
243, 21, 105, 324, 104, 325, 1, -1, -0.7853981633974483, 1.4142135623730951
243, 23, 402, 254, 403, 256, -1, -2, -2.0344439357957027, 2.23606797749979
243, 28, 28, 136, 26, 136, 2, 0, 0.0, 2.0
243, 29, 48, 127, 46, 127, 2, 0, 0.0, 2.0
243, 30, 394, 255, 393, 254, 1, 1, 0.7853981633974483, 1.4142135623730951
243, 39, 30, 353, 29, 354, 1, -1, -0.7853981633974483, 1.4142135623730951
243, 40, 45, 275, 44, 276, 1, -1, -0.7853981633974483, 1.4142135623730951
243, 43, 429, 230, 427, 230, 2, 0, 0.0, 2.0
243, 44, 120, 348, 118, 349, 2, -1, -0.4636476090008061, 2.23606797749979
243, 47, 296, 217, 295, 218, 1, -1, -0.7853981633974483, 1.4142135623730951
243, 50, 197, 334, 195, 334, 2, 0, 0.0, 2.0
243, 54, 265, 223, 264, 224, 1, -1, -0.7853981633974483, 1.4142135623730951
243, 57, 305, 222, 304, 223, 1, -1, -0.7853981633974483, 1.4142135623730951
243, 63, 90, 205, 90, 207, 0, -2, -1.5707963267948966, 2.0
243, 67, 115, 129, 113, 130, 2, -1, -0.4636476090008061, 2.23606797749979
243, 68, 68, 316, 67, 317, 1, -1, -0.7853981633974483, 1.4142135623730951
243, 70, 83, 342, 86, 341, -3, 1, 2.819842099193151, 3.1622776601683795
243, 73, 43, 232, 42, 233, 1, -1, -0.7853981633974483, 1.4142135623730951
243, 74, 38, 159, 37, 160, 1, -1, -0.7853981633974483, 1.4142135623730951
243, 76, 311, 239, 309, 240, 2, -1, -0.4636476090008061, 2.23606797749979
244, 2, 132, 180, 131, 181, 1, -1, -0.7853981633974483, 1.4142135623730951
244, 3, 362, 252, 360, 252, 2, 0, 0.0, 2.0
244, 9, 125, 222, 124, 223, 1, -1, -0.7853981633974483, 1.4142135623730951
244, 16, 74, 289, 73, 290, 1, -1, -0.7853981633974483, 1.4142135623730951
244, 17, 162, 294, 161, 295, 1, -1, -0.7853981633974483, 1.4142135623730951
244, 20, 24, 317, 23, 318, 1, -1, -0.7853981633974483, 1.4142135623730951
244, 21, 106, 323, 105, 324, 1, -1, -0.7853981633974483, 1.4142135623730951
244, 22, 202, 214, 201, 215, 1, -1, -0.7853981633974483, 1.4142135623730951
244, 23, 404, 253, 402, 254, 2, -1, -0.4636476090008061, 2.23606797749979
244, 25, 13, 218, 12, 219, 1, -1, -0.7853981633974483, 1.4142135623730951
244, 30, 396, 254, 394, 255, 2, -1, -0.4636476090008061, 2.23606797749979
244, 31, 16, 335, 15, 336, 1, -1, -0.7853981633974483, 1.4142135623730951
244, 34, 400, 246, 398, 246, 2, 0, 0.0, 2.0
244, 36, 99, 268, 98, 270, 1, -2, -1.1071487177940904, 2.23606797749979
244, 39, 32, 352, 30, 353, 2, -1, -0.4636476090008061, 2.23606797749979
244, 43, 432, 228, 429, 230, 3, -2, -0.5880026035475675, 3.605551275463989
244, 44, 121, 347, 120, 348, 1, -1, -0.7853981633974483, 1.4142135623730951
244, 48, 34, 230, 33, 231, 1, -1, -0.7853981633974483, 1.4142135623730951
244, 50, 198, 332, 197, 334, 1, -2, -1.1071487177940904, 2.23606797749979
244, 57, 306, 221, 305, 222, 1, -1, -0.7853981633974483, 1.4142135623730951
244, 65, 126, 344, 125, 345, 1, -1, -0.7853981633974483, 1.4142135623730951
244, 67, 69, 315, 68, 316, 1, -1, -0.7853981633974483, 1.4142135623730951
244, 75, 312, 238, 311, 239, 1, -1, -0.7853981633974483, 1.4142135623730951
245, 0, 201, 147, 200, 148, 1, -1, -0.7853981633974483, 1.4142135623730951
245, 3, 8, 155, 6, 155, 2, 0, 0.0, 2.0
245, 10, 362, 254, 359, 255, 3, -1, -0.3217505543966422, 3.1622776601683795
245, 11, 114, 271, 113, 272, 1, -1, -0.7853981633974483, 1.4142135623730951
245, 14, 66, 239, 65, 240, 1, -1, -0.7853981633974483, 1.4142135623730951
245, 15, 47, 128, 46, 129, 1, -1, -0.7853981633974483, 1.4142135623730951
245, 22, 405, 256, 403, 257, 2, -1, -0.4636476090008061, 2.23606797749979
245, 23, 30, 355, 29, 356, 1, -1, -0.7853981633974483, 1.4142135623730951
245, 24, 75, 242, 74, 243, 1, -1, -0.7853981633974483, 1.4142135623730951
245, 30, 204, 338, 203, 339, 1, -1, -0.7853981633974483, 1.4142135623730951
245, 31, 400, 248, 398, 248, 2, 0, 0.0, 2.0
245, 35, 13, 218, 12, 219, 1, -1, -0.7853981633974483, 1.4142135623730951
245, 39, 73, 291, 72, 292, 1, -1, -0.7853981633974483, 1.4142135623730951
245, 42, 121, 349, 119, 350, 2, -1, -0.4636476090008061, 2.23606797749979
245, 43, 332, 223, 331, 224, 1, -1, -0.7853981633974483, 1.4142135623730951
245, 45, 24, 318, 23, 319, 1, -1, -0.7853981633974483, 1.4142135623730951
245, 48, 105, 301, 104, 302, 1, -1, -0.7853981633974483, 1.4142135623730951
245, 60, 70, 318, 69, 319, 1, -1, -0.7853981633974483, 1.4142135623730951
245, 64, 7, 361, 5, 362, 2, -1, -0.4636476090008061, 2.23606797749979
245, 65, 168, 151, 167, 152, 1, -1, -0.7853981633974483, 1.4142135623730951
245, 72, 283, 245, 282, 246, 1, -1, -0.7853981633974483, 1.4142135623730951
245, 74, 189, 319, 188, 320, 1, -1, -0.7853981633974483, 1.4142135623730951
245, 75, 41, 226, 40, 227, 1, -1, -0.7853981633974483, 1.4142135623730951
245, 78, 297, 218, 296, 219, 1, -1, -0.7853981633974483, 1.4142135623730951
246, 8, 55, 302, 54, 303, 1, -1, -0.7853981633974483, 1.4142135623730951
246, 10, 364, 254, 362, 254, 2, 0, 0.0, 2.0
246, 12, 126, 223, 125, 224, 1, -1, -0.7853981633974483, 1.4142135623730951
246, 22, 407, 256, 405, 256, 2, 0, 0.0, 2.0
246, 23, 32, 354, 30, 355, 2, -1, -0.4636476090008061, 2.23606797749979
246, 24, 76, 241, 75, 242, 1, -1, -0.7853981633974483, 1.4142135623730951
246, 30, 205, 337, 204, 338, 1, -1, -0.7853981633974483, 1.4142135623730951
246, 35, 15, 217, 13, 218, 2, -1, -0.4636476090008061, 2.23606797749979
246, 39, 74, 290, 73, 291, 1, -1, -0.7853981633974483, 1.4142135623730951
246, 41, 140, 310, 139, 311, 1, -1, -0.7853981633974483, 1.4142135623730951
246, 42, 123, 349, 121, 349, 2, 0, 0.0, 2.0
246, 43, 333, 222, 332, 223, 1, -1, -0.7853981633974483, 1.4142135623730951
246, 45, 25, 317, 24, 318, 1, -1, -0.7853981633974483, 1.4142135623730951
246, 46, 83, 165, 82, 166, 1, -1, -0.7853981633974483, 1.4142135623730951
246, 50, 160, 174, 159, 175, 1, -1, -0.7853981633974483, 1.4142135623730951
246, 55, 129, 164, 128, 165, 1, -1, -0.7853981633974483, 1.4142135623730951
246, 57, 85, 344, 87, 343, -2, 1, 2.677945044588987, 2.23606797749979
246, 60, 71, 317, 70, 318, 1, -1, -0.7853981633974483, 1.4142135623730951
246, 63, 8, 360, 7, 361, 1, -1, -0.7853981633974483, 1.4142135623730951
246, 65, 30, 322, 29, 323, 1, -1, -0.7853981633974483, 1.4142135623730951
246, 66, 111, 132, 109, 132, 2, 0, 0.0, 2.0
246, 68, 109, 184, 111, 185, -2, -1, -2.677945044588987, 2.23606797749979
246, 69, 102, 270, 101, 271, 1, -1, -0.7853981633974483, 1.4142135623730951
246, 70, 284, 244, 283, 245, 1, -1, -0.7853981633974483, 1.4142135623730951
247, 1, 52, 187, 51, 188, 1, -1, -0.7853981633974483, 1.4142135623730951
247, 3, 10, 154, 9, 155, 1, -1, -0.7853981633974483, 1.4142135623730951
247, 10, 366, 253, 364, 254, 2, -1, -0.4636476090008061, 2.23606797749979
247, 14, 67, 238, 66, 239, 1, -1, -0.7853981633974483, 1.4142135623730951
247, 15, 50, 128, 48, 128, 2, 0, 0.0, 2.0
247, 22, 409, 255, 407, 256, 2, -1, -0.4636476090008061, 2.23606797749979
247, 23, 34, 353, 32, 354, 2, -1, -0.4636476090008061, 2.23606797749979
247, 25, 106, 325, 105, 326, 1, -1, -0.7853981633974483, 1.4142135623730951
247, 26, 21, 174, 20, 175, 1, -1, -0.7853981633974483, 1.4142135623730951
247, 28, 133, 253, 132, 254, 1, -1, -0.7853981633974483, 1.4142135623730951
247, 31, 402, 249, 401, 248, 1, 1, 0.7853981633974483, 1.4142135623730951
247, 35, 16, 216, 15, 217, 1, -1, -0.7853981633974483, 1.4142135623730951
247, 39, 75, 289, 74, 290, 1, -1, -0.7853981633974483, 1.4142135623730951
247, 42, 125, 348, 123, 349, 2, -1, -0.4636476090008061, 2.23606797749979
247, 43, 335, 222, 333, 222, 2, 0, 0.0, 2.0
247, 45, 27, 316, 25, 317, 2, -1, -0.4636476090008061, 2.23606797749979
247, 46, 84, 164, 83, 165, 1, -1, -0.7853981633974483, 1.4142135623730951
247, 53, 88, 221, 87, 222, 1, -1, -0.7853981633974483, 1.4142135623730951
247, 60, 72, 316, 71, 317, 1, -1, -0.7853981633974483, 1.4142135623730951
247, 63, 9, 358, 8, 360, 1, -2, -1.1071487177940904, 2.23606797749979
247, 65, 31, 321, 30, 322, 1, -1, -0.7853981633974483, 1.4142135623730951
247, 67, 37, 286, 39, 286, -2, 0, 3.141592653589793, 2.0
247, 69, 103, 269, 102, 270, 1, -1, -0.7853981633974483, 1.4142135623730951
248, 0, 203, 145, 202, 146, 1, -1, -0.7853981633974483, 1.4142135623730951
248, 3, 11, 153, 10, 154, 1, -1, -0.7853981633974483, 1.4142135623730951
248, 9, 368, 253, 366, 253, 2, 0, 0.0, 2.0
248, 13, 68, 237, 67, 238, 1, -1, -0.7853981633974483, 1.4142135623730951
248, 14, 52, 128, 50, 128, 2, 0, 0.0, 2.0
248, 16, 17, 335, 16, 336, 1, -1, -0.7853981633974483, 1.4142135623730951
248, 20, 410, 254, 409, 255, 1, -1, -0.7853981633974483, 1.4142135623730951
248, 21, 35, 352, 34, 353, 1, -1, -0.7853981633974483, 1.4142135623730951
248, 23, 107, 323, 106, 325, 1, -2, -1.1071487177940904, 2.23606797749979
248, 24, 22, 173, 21, 174, 1, -1, -0.7853981633974483, 1.4142135623730951
248, 28, 206, 336, 205, 337, 1, -1, -0.7853981633974483, 1.4142135623730951
248, 37, 76, 288, 75, 289, 1, -1, -0.7853981633974483, 1.4142135623730951
248, 40, 126, 347, 125, 348, 1, -1, -0.7853981633974483, 1.4142135623730951
248, 41, 337, 222, 335, 222, 2, 0, 0.0, 2.0
248, 43, 28, 315, 27, 316, 1, -1, -0.7853981633974483, 1.4142135623730951
248, 44, 85, 162, 84, 164, 1, -2, -1.1071487177940904, 2.23606797749979
248, 58, 73, 315, 72, 316, 1, -1, -0.7853981633974483, 1.4142135623730951
248, 60, 248, 233, 247, 234, 1, -1, -0.7853981633974483, 1.4142135623730951
248, 61, 10, 357, 9, 358, 1, -1, -0.7853981633974483, 1.4142135623730951
248, 63, 32, 320, 31, 321, 1, -1, -0.7853981633974483, 1.4142135623730951
248, 67, 285, 242, 284, 243, 1, -1, -0.7853981633974483, 1.4142135623730951
249, 4, 129, 179, 128, 180, 1, -1, -0.7853981633974483, 1.4142135623730951
249, 7, 57, 301, 56, 302, 1, -1, -0.7853981633974483, 1.4142135623730951
249, 12, 74, 180, 73, 181, 1, -1, -0.7853981633974483, 1.4142135623730951
249, 13, 69, 236, 68, 237, 1, -1, -0.7853981633974483, 1.4142135623730951
249, 14, 54, 128, 52, 128, 2, 0, 0.0, 2.0
249, 18, 168, 218, 167, 219, 1, -1, -0.7853981633974483, 1.4142135623730951
249, 20, 412, 254, 410, 254, 2, 0, 0.0, 2.0
249, 21, 37, 351, 35, 352, 2, -1, -0.4636476090008061, 2.23606797749979
249, 28, 405, 249, 403, 249, 2, 0, 0.0, 2.0
249, 33, 6, 267, 5, 268, 1, -1, -0.7853981633974483, 1.4142135623730951
249, 36, 77, 287, 76, 288, 1, -1, -0.7853981633974483, 1.4142135623730951
249, 39, 128, 346, 126, 347, 2, -1, -0.4636476090008061, 2.23606797749979
249, 40, 339, 221, 337, 222, 2, -1, -0.4636476090008061, 2.23606797749979
249, 41, 29, 314, 28, 315, 1, -1, -0.7853981633974483, 1.4142135623730951
249, 42, 86, 161, 85, 162, 1, -1, -0.7853981633974483, 1.4142135623730951
249, 55, 74, 314, 73, 315, 1, -1, -0.7853981633974483, 1.4142135623730951
249, 58, 12, 355, 10, 357, 2, -2, -0.7853981633974483, 2.8284271247461903
249, 66, 44, 226, 42, 226, 2, 0, 0.0, 2.0
250, 1, 203, 147, 202, 148, 1, -1, -0.7853981633974483, 1.4142135623730951
250, 2, 134, 181, 133, 182, 1, -1, -0.7853981633974483, 1.4142135623730951
250, 5, 24, 170, 23, 171, 1, -1, -0.7853981633974483, 1.4142135623730951
250, 6, 17, 330, 16, 331, 1, -1, -0.7853981633974483, 1.4142135623730951
250, 7, 109, 325, 108, 326, 1, -1, -0.7853981633974483, 1.4142135623730951
250, 10, 56, 298, 55, 299, 1, -1, -0.7853981633974483, 1.4142135623730951
250, 12, 116, 272, 116, 274, 0, -2, -1.5707963267948966, 2.0
250, 23, 53, 130, 51, 130, 2, 0, 0.0, 2.0
250, 27, 5, 270, 4, 271, 1, -1, -0.7853981633974483, 1.4142135623730951
250, 28, 413, 248, 411, 249, 2, -1, -0.4636476090008061, 2.23606797749979
250, 29, 74, 182, 73, 183, 1, -1, -0.7853981633974483, 1.4142135623730951
250, 30, 77, 290, 76, 291, 1, -1, -0.7853981633974483, 1.4142135623730951
250, 33, 14, 158, 13, 159, 1, -1, -0.7853981633974483, 1.4142135623730951
250, 41, 187, 172, 186, 173, 1, -1, -0.7853981633974483, 1.4142135623730951
250, 42, 18, 218, 17, 219, 1, -1, -0.7853981633974483, 1.4142135623730951
250, 46, 36, 353, 35, 354, 1, -1, -0.7853981633974483, 1.4142135623730951
250, 48, 126, 347, 124, 348, 2, -1, -0.4636476090008061, 2.23606797749979
250, 49, 210, 334, 209, 335, 1, -1, -0.7853981633974483, 1.4142135623730951
250, 54, 276, 241, 275, 242, 1, -1, -0.7853981633974483, 1.4142135623730951
250, 55, 406, 256, 405, 257, 1, -1, -0.7853981633974483, 1.4142135623730951
251, 1, 204, 146, 203, 147, 1, -1, -0.7853981633974483, 1.4142135623730951
251, 2, 135, 180, 134, 181, 1, -1, -0.7853981633974483, 1.4142135623730951
251, 6, 18, 329, 17, 330, 1, -1, -0.7853981633974483, 1.4142135623730951
251, 7, 110, 324, 109, 325, 1, -1, -0.7853981633974483, 1.4142135623730951
251, 15, 133, 160, 132, 161, 1, -1, -0.7853981633974483, 1.4142135623730951
251, 30, 78, 289, 77, 290, 1, -1, -0.7853981633974483, 1.4142135623730951
251, 33, 16, 157, 14, 158, 2, -1, -0.4636476090008061, 2.23606797749979
251, 39, 30, 323, 29, 324, 1, -1, -0.7853981633974483, 1.4142135623730951
251, 41, 19, 217, 18, 218, 1, -1, -0.7853981633974483, 1.4142135623730951
251, 42, 79, 240, 78, 241, 1, -1, -0.7853981633974483, 1.4142135623730951
251, 44, 38, 353, 36, 353, 2, 0, 0.0, 2.0
251, 46, 128, 346, 126, 347, 2, -1, -0.4636476090008061, 2.23606797749979
251, 50, 39, 232, 38, 233, 1, -1, -0.7853981633974483, 1.4142135623730951
251, 53, 408, 255, 406, 256, 2, -1, -0.4636476090008061, 2.23606797749979
251, 56, 321, 239, 319, 239, 2, 0, 0.0, 2.0
252, 2, 136, 179, 135, 180, 1, -1, -0.7853981633974483, 1.4142135623730951
252, 6, 19, 328, 18, 329, 1, -1, -0.7853981633974483, 1.4142135623730951
252, 7, 111, 323, 110, 324, 1, -1, -0.7853981633974483, 1.4142135623730951
252, 9, 370, 256, 368, 255, 2, 1, 0.4636476090008061, 2.23606797749979
252, 12, 117, 270, 116, 271, 1, -1, -0.7853981633974483, 1.4142135623730951
252, 27, 6, 268, 5, 269, 1, -1, -0.7853981633974483, 1.4142135623730951
252, 28, 416, 248, 414, 248, 2, 0, 0.0, 2.0
252, 32, 18, 156, 16, 157, 2, -1, -0.4636476090008061, 2.23606797749979
252, 35, 108, 299, 107, 300, 1, -1, -0.7853981633974483, 1.4142135623730951
252, 37, 206, 213, 205, 214, 1, -1, -0.7853981633974483, 1.4142135623730951
252, 38, 31, 322, 30, 323, 1, -1, -0.7853981633974483, 1.4142135623730951
252, 43, 39, 352, 38, 353, 1, -1, -0.7853981633974483, 1.4142135623730951
252, 45, 130, 344, 128, 346, 2, -2, -0.7853981633974483, 2.8284271247461903
252, 51, 277, 240, 276, 241, 1, -1, -0.7853981633974483, 1.4142135623730951
252, 52, 410, 254, 408, 255, 2, -1, -0.4636476090008061, 2.23606797749979
252, 54, 174, 323, 174, 325, 0, -2, -1.5707963267948966, 2.0
252, 55, 323, 239, 321, 239, 2, 0, 0.0, 2.0
253, 1, 205, 144, 204, 145, 1, -1, -0.7853981633974483, 1.4142135623730951
253, 7, 112, 322, 111, 323, 1, -1, -0.7853981633974483, 1.4142135623730951
253, 9, 372, 256, 370, 256, 2, 0, 0.0, 2.0
253, 21, 263, 281, 265, 283, -2, -2, -2.356194490192345, 2.8284271247461903
253, 30, 80, 288, 79, 289, 1, -1, -0.7853981633974483, 1.4142135623730951
253, 31, 104, 267, 103, 268, 1, -1, -0.7853981633974483, 1.4142135623730951
253, 39, 188, 170, 187, 171, 1, -1, -0.7853981633974483, 1.4142135623730951
253, 43, 40, 351, 39, 352, 1, -1, -0.7853981633974483, 1.4142135623730951
253, 45, 132, 343, 130, 344, 2, -1, -0.4636476090008061, 2.23606797749979
253, 46, 212, 333, 211, 334, 1, -1, -0.7853981633974483, 1.4142135623730951
253, 48, 140, 340, 138, 341, 2, -1, -0.4636476090008061, 2.23606797749979
253, 52, 412, 252, 410, 254, 2, -2, -0.7853981633974483, 2.8284271247461903
253, 54, 175, 322, 174, 323, 1, -1, -0.7853981633974483, 1.4142135623730951
253, 55, 325, 239, 323, 239, 2, 0, 0.0, 2.0
254, 1, 206, 143, 205, 144, 1, -1, -0.7853981633974483, 1.4142135623730951
254, 4, 38, 137, 36, 136, 2, 1, 0.4636476090008061, 2.23606797749979
254, 9, 377, 256, 372, 256, 5, 0, 0.0, 5.0
254, 19, 93, 220, 92, 221, 1, -1, -0.7853981633974483, 1.4142135623730951
254, 26, 7, 267, 6, 268, 1, -1, -0.7853981633974483, 1.4142135623730951
254, 29, 81, 287, 80, 288, 1, -1, -0.7853981633974483, 1.4142135623730951
254, 35, 156, 230, 155, 231, 1, -1, -0.7853981633974483, 1.4142135623730951
254, 40, 42, 350, 40, 351, 2, -1, -0.4636476090008061, 2.23606797749979
254, 42, 134, 342, 132, 343, 2, -1, -0.4636476090008061, 2.23606797749979
254, 45, 142, 339, 140, 340, 2, -1, -0.4636476090008061, 2.23606797749979
254, 49, 414, 251, 412, 252, 2, -1, -0.4636476090008061, 2.23606797749979
254, 51, 176, 321, 175, 322, 1, -1, -0.7853981633974483, 1.4142135623730951
254, 52, 327, 238, 325, 239, 2, -1, -0.4636476090008061, 2.23606797749979
255, 0, 207, 146, 206, 147, 1, -1, -0.7853981633974483, 1.4142135623730951
255, 20, 119, 272, 118, 273, 1, -1, -0.7853981633974483, 1.4142135623730951
255, 22, 56, 131, 55, 130, 1, 1, 0.7853981633974483, 1.4142135623730951
255, 29, 22, 333, 21, 334, 1, -1, -0.7853981633974483, 1.4142135623730951
255, 33, 208, 339, 207, 340, 1, -1, -0.7853981633974483, 1.4142135623730951
255, 34, 41, 352, 40, 353, 1, -1, -0.7853981633974483, 1.4142135623730951
255, 37, 21, 217, 20, 218, 1, -1, -0.7853981633974483, 1.4142135623730951
255, 42, 42, 234, 40, 234, 2, 0, 0.0, 2.0
255, 44, 132, 345, 130, 347, 2, -2, -0.7853981633974483, 2.8284271247461903
255, 46, 122, 183, 119, 183, 3, 0, 0.0, 3.0
255, 50, 190, 171, 189, 172, 1, -1, -0.7853981633974483, 1.4142135623730951
255, 52, 224, 170, 223, 171, 1, -1, -0.7853981633974483, 1.4142135623730951
255, 55, 96, 205, 95, 204, 1, 1, 0.7853981633974483, 1.4142135623730951
255, 60, 109, 300, 108, 301, 1, -1, -0.7853981633974483, 1.4142135623730951
255, 65, 411, 255, 410, 256, 1, -1, -0.7853981633974483, 1.4142135623730951
255, 68, 42, 315, 41, 316, 1, -1, -0.7853981633974483, 1.4142135623730951
255, 69, 271, 221, 270, 222, 1, -1, -0.7853981633974483, 1.4142135623730951
255, 71, 169, 257, 170, 256, -1, 1, 2.356194490192345, 1.4142135623730951
255, 72, 123, 134, 121, 134, 2, 0, 0.0, 2.0
255, 73, 175, 151, 174, 152, 1, -1, -0.7853981633974483, 1.4142135623730951
255, 74, 389, 224, 387, 225, 2, -1, -0.4636476090008061, 2.23606797749979
255, 78, 17, 116, 15, 115, 2, 1, 0.4636476090008061, 2.23606797749979
255, 79, 167, 326, 165, 327, 2, -1, -0.4636476090008061, 2.23606797749979
255, 81, 442, 233, 438, 233, 4, 0, 0.0, 4.0
255, 82, 78, 316, 77, 317, 1, -1, -0.7853981633974483, 1.4142135623730951
255, 85, 9, 119, 7, 119, 2, 0, 0.0, 2.0
256, 10, 176, 201, 173, 201, 3, 0, 0.0, 3.0
256, 11, 170, 298, 166, 300, 4, -2, -0.4636476090008061, 4.47213595499958
256, 12, 115, 324, 114, 325, 1, -1, -0.7853981633974483, 1.4142135623730951
256, 15, 37, 323, 33, 324, 4, -1, -0.24497866312686414, 4.123105625617661
256, 19, 61, 301, 60, 302, 1, -1, -0.7853981633974483, 1.4142135623730951
256, 22, 140, 255, 136, 256, 4, -1, -0.24497866312686414, 4.123105625617661
256, 27, 23, 332, 22, 333, 1, -1, -0.7853981633974483, 1.4142135623730951
256, 31, 209, 338, 208, 339, 1, -1, -0.7853981633974483, 1.4142135623730951
256, 32, 43, 351, 41, 352, 2, -1, -0.4636476090008061, 2.23606797749979
256, 40, 46, 234, 42, 234, 4, 0, 0.0, 4.0
256, 42, 134, 344, 132, 345, 2, -1, -0.4636476090008061, 2.23606797749979
256, 47, 8, 182, 10, 182, -2, 0, 3.141592653589793, 2.0
256, 51, 22, 158, 20, 159, 2, -1, -0.4636476090008061, 2.23606797749979
256, 62, 413, 254, 411, 255, 2, -1, -0.4636476090008061, 2.23606797749979
256, 65, 41, 316, 42, 315, -1, 1, 2.356194490192345, 1.4142135623730951
256, 66, 272, 220, 271, 221, 1, -1, -0.7853981633974483, 1.4142135623730951
256, 71, 391, 223, 389, 224, 2, -1, -0.4636476090008061, 2.23606797749979
256, 75, 20, 117, 17, 116, 3, 1, 0.3217505543966422, 3.1622776601683795
256, 76, 168, 325, 167, 326, 1, -1, -0.7853981633974483, 1.4142135623730951
256, 78, 444, 232, 442, 233, 2, -1, -0.4636476090008061, 2.23606797749979
256, 79, 79, 315, 78, 316, 1, -1, -0.7853981633974483, 1.4142135623730951
256, 81, 406, 253, 405, 250, 1, 3, 1.2490457723982544, 3.1622776601683795
257, 1, 377, 255, 375, 256, 2, -1, -0.4636476090008061, 2.23606797749979
257, 3, 135, 179, 134, 180, 1, -1, -0.7853981633974483, 1.4142135623730951
257, 12, 116, 323, 115, 324, 1, -1, -0.7853981633974483, 1.4142135623730951
257, 14, 10, 269, 9, 270, 1, -1, -0.7853981633974483, 1.4142135623730951
257, 16, 160, 233, 160, 235, 0, -2, -1.5707963267948966, 2.0
257, 19, 62, 300, 61, 301, 1, -1, -0.7853981633974483, 1.4142135623730951
257, 21, 41, 137, 39, 137, 2, 0, 0.0, 2.0
257, 22, 141, 254, 140, 255, 1, -1, -0.7853981633974483, 1.4142135623730951
257, 27, 25, 331, 23, 332, 2, -1, -0.4636476090008061, 2.23606797749979
257, 32, 45, 350, 43, 351, 2, -1, -0.4636476090008061, 2.23606797749979
257, 37, 211, 212, 210, 213, 1, -1, -0.7853981633974483, 1.4142135623730951
257, 41, 136, 343, 134, 344, 2, -1, -0.4636476090008061, 2.23606797749979
257, 45, 54, 276, 53, 277, 1, -1, -0.7853981633974483, 1.4142135623730951
257, 50, 23, 157, 22, 158, 1, -1, -0.7853981633974483, 1.4142135623730951
257, 52, 76, 156, 75, 157, 1, -1, -0.7853981633974483, 1.4142135623730951
257, 54, 290, 238, 289, 239, 1, -1, -0.7853981633974483, 1.4142135623730951
257, 61, 415, 254, 413, 254, 2, 0, 0.0, 2.0
257, 64, 42, 315, 41, 316, 1, -1, -0.7853981633974483, 1.4142135623730951
257, 66, 236, 310, 235, 311, 1, -1, -0.7853981633974483, 1.4142135623730951
257, 67, 170, 260, 169, 257, 1, 3, 1.2490457723982544, 3.1622776601683795
257, 70, 393, 223, 391, 223, 2, 0, 0.0, 2.0
257, 72, 245, 305, 244, 303, 1, 2, 1.1071487177940904, 2.23606797749979
257, 73, 178, 220, 177, 221, 1, -1, -0.7853981633974483, 1.4142135623730951
257, 78, 80, 314, 79, 315, 1, -1, -0.7853981633974483, 1.4142135623730951
257, 80, 404, 253, 406, 253, -2, 0, 3.141592653589793, 2.0
257, 81, 12, 119, 10, 119, 2, 0, 0.0, 2.0
258, 0, 208, 144, 207, 145, 1, -1, -0.7853981633974483, 1.4142135623730951
258, 1, 378, 254, 377, 255, 1, -1, -0.7853981633974483, 1.4142135623730951
258, 12, 117, 322, 116, 323, 1, -1, -0.7853981633974483, 1.4142135623730951
258, 20, 60, 132, 58, 131, 2, 1, 0.4636476090008061, 2.23606797749979
258, 26, 26, 330, 25, 331, 1, -1, -0.7853981633974483, 1.4142135623730951
258, 29, 171, 217, 170, 218, 1, -1, -0.7853981633974483, 1.4142135623730951
258, 30, 210, 336, 209, 337, 1, -1, -0.7853981633974483, 1.4142135623730951
258, 31, 47, 349, 45, 350, 2, -1, -0.4636476090008061, 2.23606797749979
258, 32, 418, 248, 417, 249, 1, -1, -0.7853981633974483, 1.4142135623730951
258, 40, 137, 342, 136, 343, 1, -1, -0.7853981633974483, 1.4142135623730951
258, 44, 9, 182, 8, 181, 1, 1, 0.7853981633974483, 1.4142135623730951
258, 48, 24, 156, 23, 157, 1, -1, -0.7853981633974483, 1.4142135623730951
258, 55, 282, 264, 282, 266, 0, -2, -1.5707963267948966, 2.0
258, 59, 417, 254, 415, 254, 2, 0, 0.0, 2.0
258, 62, 43, 314, 42, 315, 1, -1, -0.7853981633974483, 1.4142135623730951
258, 68, 395, 222, 393, 223, 2, -1, -0.4636476090008061, 2.23606797749979
258, 76, 81, 313, 80, 314, 1, -1, -0.7853981633974483, 1.4142135623730951
258, 78, 401, 252, 404, 253, -3, -1, -2.819842099193151, 3.1622776601683795
258, 79, 14, 118, 12, 119, 2, -1, -0.4636476090008061, 2.23606797749979
259, 1, 380, 254, 378, 254, 2, 0, 0.0, 2.0
259, 20, 62, 132, 60, 132, 2, 0, 0.0, 2.0
259, 29, 173, 217, 171, 217, 2, 0, 0.0, 2.0
259, 30, 211, 335, 210, 336, 1, -1, -0.7853981633974483, 1.4142135623730951
259, 31, 49, 348, 47, 349, 2, -1, -0.4636476090008061, 2.23606797749979
259, 32, 421, 248, 418, 248, 3, 0, 0.0, 3.0
259, 36, 212, 211, 211, 212, 1, -1, -0.7853981633974483, 1.4142135623730951
259, 40, 139, 341, 137, 342, 2, -1, -0.4636476090008061, 2.23606797749979
259, 46, 25, 155, 24, 156, 1, -1, -0.7853981633974483, 1.4142135623730951
259, 47, 94, 205, 97, 205, -3, 0, 3.141592653589793, 3.0
259, 48, 78, 155, 77, 156, 1, -1, -0.7853981633974483, 1.4142135623730951
259, 54, 159, 203, 161, 203, -2, 0, 3.141592653589793, 2.0
259, 56, 419, 255, 417, 254, 2, 1, 0.4636476090008061, 2.23606797749979
259, 57, 246, 211, 248, 212, -2, -1, -2.677945044588987, 2.23606797749979
259, 62, 126, 135, 125, 134, 1, 1, 0.7853981633974483, 1.4142135623730951
259, 64, 396, 221, 395, 222, 1, -1, -0.7853981633974483, 1.4142135623730951
259, 68, 23, 117, 21, 117, 2, 0, 0.0, 2.0
259, 72, 82, 312, 81, 313, 1, -1, -0.7853981633974483, 1.4142135623730951
260, 5, 380, 255, 378, 256, 2, -1, -0.4636476090008061, 2.23606797749979
260, 11, 215, 196, 218, 195, -3, 1, 2.819842099193151, 3.1622776601683795
260, 17, 84, 290, 83, 291, 1, -1, -0.7853981633974483, 1.4142135623730951
260, 18, 284, 288, 285, 290, -1, -2, -2.0344439357957027, 2.23606797749979
260, 19, 137, 345, 135, 346, 2, -1, -0.4636476090008061, 2.23606797749979
260, 27, 174, 219, 172, 220, 2, -1, -0.4636476090008061, 2.23606797749979
260, 30, 227, 198, 228, 197, -1, 1, 2.356194490192345, 1.4142135623730951
260, 42, 426, 258, 424, 258, 2, 0, 0.0, 2.0
260, 46, 46, 350, 45, 351, 1, -1, -0.7853981633974483, 1.4142135623730951
260, 49, 170, 326, 169, 327, 1, -1, -0.7853981633974483, 1.4142135623730951
260, 50, 211, 339, 210, 340, 1, -1, -0.7853981633974483, 1.4142135623730951
260, 67, 118, 185, 120, 185, -2, 0, 3.141592653589793, 2.0
260, 70, 30, 285, 28, 286, 2, -1, -0.4636476090008061, 2.23606797749979
260, 73, 287, 260, 287, 262, 0, -2, -1.5707963267948966, 2.0
260, 78, 159, 205, 161, 205, -2, 0, 3.141592653589793, 2.0
260, 79, 6, 358, 4, 359, 2, -1, -0.4636476090008061, 2.23606797749979
261, 4, 137, 180, 136, 181, 1, -1, -0.7853981633974483, 1.4142135623730951
261, 5, 382, 254, 380, 255, 2, -1, -0.4636476090008061, 2.23606797749979
261, 17, 85, 289, 84, 290, 1, -1, -0.7853981633974483, 1.4142135623730951
261, 18, 139, 344, 137, 345, 2, -1, -0.4636476090008061, 2.23606797749979
261, 43, 421, 249, 418, 250, 3, -1, -0.3217505543966422, 3.1622776601683795
261, 45, 48, 349, 46, 350, 2, -1, -0.4636476090008061, 2.23606797749979
261, 48, 171, 325, 170, 326, 1, -1, -0.7853981633974483, 1.4142135623730951
261, 49, 212, 338, 211, 339, 1, -1, -0.7853981633974483, 1.4142135623730951
261, 56, 108, 301, 110, 301, -2, 0, 3.141592653589793, 2.0
261, 58, 215, 332, 214, 333, 1, -1, -0.7853981633974483, 1.4142135623730951
261, 65, 116, 184, 118, 185, -2, -1, -2.677945044588987, 2.23606797749979
261, 68, 31, 284, 30, 285, 1, -1, -0.7853981633974483, 1.4142135623730951
261, 71, 288, 259, 287, 260, 1, -1, -0.7853981633974483, 1.4142135623730951
261, 76, 7, 357, 6, 358, 1, -1, -0.7853981633974483, 1.4142135623730951
261, 78, 25, 120, 24, 119, 1, 1, 0.7853981633974483, 1.4142135623730951
262, 5, 384, 253, 382, 254, 2, -1, -0.4636476090008061, 2.23606797749979
262, 6, 63, 131, 61, 131, 2, 0, 0.0, 2.0
262, 8, 75, 237, 74, 238, 1, -1, -0.7853981633974483, 1.4142135623730951
262, 17, 86, 288, 85, 289, 1, -1, -0.7853981633974483, 1.4142135623730951
262, 18, 141, 343, 139, 344, 2, -1, -0.4636476090008061, 2.23606797749979
262, 19, 65, 297, 64, 298, 1, -1, -0.7853981633974483, 1.4142135623730951
262, 23, 84, 239, 83, 240, 1, -1, -0.7853981633974483, 1.4142135623730951
262, 26, 176, 218, 174, 219, 2, -1, -0.4636476090008061, 2.23606797749979
262, 40, 276, 221, 275, 222, 1, -1, -0.7853981633974483, 1.4142135623730951
262, 41, 427, 255, 426, 257, 1, -2, -1.1071487177940904, 2.23606797749979
262, 43, 423, 248, 421, 249, 2, -1, -0.4636476090008061, 2.23606797749979
262, 44, 287, 237, 286, 238, 1, -1, -0.7853981633974483, 1.4142135623730951
262, 45, 50, 348, 48, 349, 2, -1, -0.4636476090008061, 2.23606797749979
262, 48, 172, 324, 171, 325, 1, -1, -0.7853981633974483, 1.4142135623730951
262, 54, 80, 156, 79, 157, 1, -1, -0.7853981633974483, 1.4142135623730951
262, 57, 216, 330, 215, 332, 1, -2, -1.1071487177940904, 2.23606797749979
262, 62, 17, 120, 15, 120, 2, 0, 0.0, 2.0
262, 63, 204, 313, 205, 312, -1, 1, 2.356194490192345, 1.4142135623730951
262, 67, 32, 283, 31, 284, 1, -1, -0.7853981633974483, 1.4142135623730951
262, 68, 263, 204, 261, 204, 2, 0, 0.0, 2.0
262, 69, 148, 338, 147, 339, 1, -1, -0.7853981633974483, 1.4142135623730951
262, 75, 8, 356, 7, 357, 1, -1, -0.7853981633974483, 1.4142135623730951
262, 78, 194, 287, 191, 289, 3, -2, -0.5880026035475675, 3.605551275463989
263, 5, 386, 252, 384, 253, 2, -1, -0.4636476090008061, 2.23606797749979
263, 15, 120, 323, 119, 324, 1, -1, -0.7853981633974483, 1.4142135623730951
263, 17, 142, 342, 141, 343, 1, -1, -0.7853981633974483, 1.4142135623730951
263, 31, 27, 218, 26, 219, 1, -1, -0.7853981633974483, 1.4142135623730951
263, 35, 27, 330, 26, 331, 1, -1, -0.7853981633974483, 1.4142135623730951
263, 39, 277, 220, 276, 221, 1, -1, -0.7853981633974483, 1.4142135623730951
263, 40, 429, 254, 427, 255, 2, -1, -0.4636476090008061, 2.23606797749979
263, 42, 425, 247, 423, 248, 2, -1, -0.4636476090008061, 2.23606797749979
263, 44, 51, 347, 50, 348, 1, -1, -0.7853981633974483, 1.4142135623730951
263, 48, 214, 337, 213, 338, 1, -1, -0.7853981633974483, 1.4142135623730951
263, 53, 81, 155, 80, 156, 1, -1, -0.7853981633974483, 1.4142135623730951
263, 56, 217, 329, 216, 330, 1, -1, -0.7853981633974483, 1.4142135623730951
263, 58, 183, 221, 182, 222, 1, -1, -0.7853981633974483, 1.4142135623730951
263, 73, 9, 355, 8, 356, 1, -1, -0.7853981633974483, 1.4142135623730951
264, 1, 210, 142, 209, 143, 1, -1, -0.7853981633974483, 1.4142135623730951
264, 8, 76, 235, 75, 236, 1, -1, -0.7853981633974483, 1.4142135623730951
264, 18, 66, 296, 65, 297, 1, -1, -0.7853981633974483, 1.4142135623730951
264, 19, 45, 321, 44, 322, 1, -1, -0.7853981633974483, 1.4142135623730951
264, 20, 415, 254, 411, 254, 4, 0, 0.0, 4.0
264, 25, 177, 216, 176, 217, 1, -1, -0.7853981633974483, 1.4142135623730951
264, 35, 28, 329, 27, 330, 1, -1, -0.7853981633974483, 1.4142135623730951
264, 38, 58, 275, 57, 276, 1, -1, -0.7853981633974483, 1.4142135623730951
264, 40, 431, 253, 429, 254, 2, -1, -0.4636476090008061, 2.23606797749979
264, 42, 428, 247, 425, 247, 3, 0, 0.0, 3.0
264, 43, 289, 236, 288, 237, 1, -1, -0.7853981633974483, 1.4142135623730951
264, 44, 53, 346, 51, 347, 2, -1, -0.4636476090008061, 2.23606797749979
264, 45, 169, 200, 172, 203, -3, -3, -2.356194490192345, 4.242640687119285
264, 46, 313, 218, 312, 219, 1, -1, -0.7853981633974483, 1.4142135623730951
264, 56, 218, 327, 217, 329, 1, -2, -1.1071487177940904, 2.23606797749979
264, 67, 150, 337, 149, 338, 1, -1, -0.7853981633974483, 1.4142135623730951
265, 2, 388, 255, 385, 256, 3, -1, -0.3217505543966422, 3.1622776601683795
265, 8, 30, 333, 29, 334, 1, -1, -0.7853981633974483, 1.4142135623730951
265, 16, 68, 302, 67, 303, 1, -1, -0.7853981633974483, 1.4142135623730951
265, 21, 86, 236, 85, 237, 1, -1, -0.7853981633974483, 1.4142135623730951
265, 26, 143, 343, 141, 344, 2, -1, -0.4636476090008061, 2.23606797749979
265, 27, 98, 223, 97, 224, 1, -1, -0.7853981633974483, 1.4142135623730951
265, 31, 184, 218, 183, 219, 1, -1, -0.7853981633974483, 1.4142135623730951
265, 32, 53, 347, 51, 349, 2, -2, -0.7853981633974483, 2.8284271247461903
265, 39, 40, 317, 39, 318, 1, -1, -0.7853981633974483, 1.4142135623730951
265, 47, 430, 249, 427, 250, 3, -1, -0.3217505543966422, 3.1622776601683795
265, 50, 456, 227, 453, 228, 3, -1, -0.3217505543966422, 3.1622776601683795
265, 51, 9, 359, 8, 360, 1, -1, -0.7853981633974483, 1.4142135623730951
265, 68, 336, 240, 334, 240, 2, 0, 0.0, 2.0
265, 71, 294, 239, 293, 240, 1, -1, -0.7853981633974483, 1.4142135623730951
265, 72, 398, 225, 397, 226, 1, -1, -0.7853981633974483, 1.4142135623730951
265, 76, 423, 254, 420, 255, 3, -1, -0.3217505543966422, 3.1622776601683795
265, 77, 256, 235, 255, 236, 1, -1, -0.7853981633974483, 1.4142135623730951
265, 79, 287, 242, 286, 243, 1, -1, -0.7853981633974483, 1.4142135623730951
266, 2, 390, 255, 388, 255, 2, 0, 0.0, 2.0
266, 6, 33, 174, 32, 175, 1, -1, -0.7853981633974483, 1.4142135623730951
266, 10, 77, 237, 76, 238, 1, -1, -0.7853981633974483, 1.4142135623730951
266, 16, 69, 301, 68, 302, 1, -1, -0.7853981633974483, 1.4142135623730951
266, 17, 177, 219, 176, 220, 1, -1, -0.7853981633974483, 1.4142135623730951
266, 23, 137, 223, 140, 221, -3, 2, 2.5535900500422257, 3.605551275463989
266, 26, 145, 342, 143, 343, 2, -1, -0.4636476090008061, 2.23606797749979
266, 32, 54, 346, 53, 347, 1, -1, -0.7853981633974483, 1.4142135623730951
266, 39, 41, 316, 40, 317, 1, -1, -0.7853981633974483, 1.4142135623730951
266, 46, 434, 248, 430, 249, 4, -1, -0.24497866312686414, 4.123105625617661
266, 47, 111, 270, 110, 271, 1, -1, -0.7853981633974483, 1.4142135623730951
266, 49, 458, 228, 456, 227, 2, 1, 0.4636476090008061, 2.23606797749979
266, 50, 10, 358, 9, 359, 1, -1, -0.7853981633974483, 1.4142135623730951
266, 53, 56, 314, 58, 314, -2, 0, 3.141592653589793, 2.0
266, 58, 107, 222, 109, 223, -2, -1, -2.677945044588987, 2.23606797749979
266, 61, 50, 227, 49, 228, 1, -1, -0.7853981633974483, 1.4142135623730951
266, 67, 337, 239, 336, 240, 1, -1, -0.7853981633974483, 1.4142135623730951
266, 70, 295, 238, 294, 239, 1, -1, -0.7853981633974483, 1.4142135623730951
266, 71, 400, 224, 398, 225, 2, -1, -0.4636476090008061, 2.23606797749979
266, 72, 62, 275, 60, 276, 2, -1, -0.4636476090008061, 2.23606797749979
266, 75, 425, 253, 423, 254, 2, -1, -0.4636476090008061, 2.23606797749979
266, 76, 257, 234, 256, 235, 1, -1, -0.7853981633974483, 1.4142135623730951
266, 78, 288, 241, 287, 242, 1, -1, -0.7853981633974483, 1.4142135623730951
267, 2, 392, 255, 390, 255, 2, 0, 0.0, 2.0
267, 8, 31, 331, 30, 332, 1, -1, -0.7853981633974483, 1.4142135623730951
267, 13, 122, 268, 121, 269, 1, -1, -0.7853981633974483, 1.4142135623730951
267, 22, 66, 130, 65, 131, 1, -1, -0.7853981633974483, 1.4142135623730951
267, 25, 147, 341, 145, 342, 2, -1, -0.4636476090008061, 2.23606797749979
267, 31, 56, 345, 54, 346, 2, -1, -0.4636476090008061, 2.23606797749979
267, 39, 50, 234, 49, 235, 1, -1, -0.7853981633974483, 1.4142135623730951
267, 42, 8, 297, 7, 298, 1, -1, -0.7853981633974483, 1.4142135623730951
267, 45, 438, 248, 434, 248, 4, 0, 0.0, 4.0
267, 49, 11, 357, 10, 358, 1, -1, -0.7853981633974483, 1.4142135623730951
267, 66, 339, 239, 337, 239, 2, 0, 0.0, 2.0
267, 70, 402, 223, 400, 224, 2, -1, -0.4636476090008061, 2.23606797749979
267, 74, 426, 252, 425, 253, 1, -1, -0.7853981633974483, 1.4142135623730951
267, 75, 258, 233, 257, 234, 1, -1, -0.7853981633974483, 1.4142135623730951
267, 78, 84, 158, 83, 159, 1, -1, -0.7853981633974483, 1.4142135623730951
268, 6, 35, 173, 34, 174, 1, -1, -0.7853981633974483, 1.4142135623730951
268, 8, 32, 330, 31, 331, 1, -1, -0.7853981633974483, 1.4142135623730951
268, 11, 10, 185, 9, 186, 1, -1, -0.7853981633974483, 1.4142135623730951
268, 17, 178, 217, 177, 218, 1, -1, -0.7853981633974483, 1.4142135623730951
268, 25, 148, 340, 147, 341, 1, -1, -0.7853981633974483, 1.4142135623730951
268, 31, 57, 344, 56, 345, 1, -1, -0.7853981633974483, 1.4142135623730951
268, 36, 89, 290, 88, 291, 1, -1, -0.7853981633974483, 1.4142135623730951
268, 38, 51, 233, 50, 234, 1, -1, -0.7853981633974483, 1.4142135623730951
268, 41, 9, 296, 8, 297, 1, -1, -0.7853981633974483, 1.4142135623730951
268, 44, 441, 247, 438, 248, 3, -1, -0.3217505543966422, 3.1622776601683795
268, 45, 112, 268, 111, 269, 1, -1, -0.7853981633974483, 1.4142135623730951
268, 48, 12, 356, 11, 357, 1, -1, -0.7853981633974483, 1.4142135623730951
268, 54, 151, 250, 150, 251, 1, -1, -0.7853981633974483, 1.4142135623730951
268, 60, 239, 275, 238, 276, 1, -1, -0.7853981633974483, 1.4142135623730951
268, 64, 341, 239, 339, 239, 2, 0, 0.0, 2.0
268, 66, 313, 223, 312, 224, 1, -1, -0.7853981633974483, 1.4142135623730951
268, 68, 404, 222, 402, 223, 2, -1, -0.4636476090008061, 2.23606797749979
268, 72, 428, 252, 426, 252, 2, 0, 0.0, 2.0
268, 73, 259, 232, 258, 233, 1, -1, -0.7853981633974483, 1.4142135623730951
268, 76, 85, 157, 84, 158, 1, -1, -0.7853981633974483, 1.4142135623730951
269, 10, 79, 235, 78, 236, 1, -1, -0.7853981633974483, 1.4142135623730951
269, 16, 72, 300, 71, 301, 1, -1, -0.7853981633974483, 1.4142135623730951
269, 17, 180, 216, 178, 217, 2, -1, -0.4636476090008061, 2.23606797749979
269, 22, 68, 129, 67, 130, 1, -1, -0.7853981633974483, 1.4142135623730951
269, 24, 13, 266, 12, 267, 1, -1, -0.7853981633974483, 1.4142135623730951
269, 25, 149, 339, 148, 340, 1, -1, -0.7853981633974483, 1.4142135623730951
269, 26, 100, 221, 99, 222, 1, -1, -0.7853981633974483, 1.4142135623730951
269, 27, 83, 181, 82, 182, 1, -1, -0.7853981633974483, 1.4142135623730951
269, 31, 58, 343, 57, 344, 1, -1, -0.7853981633974483, 1.4142135623730951
269, 44, 443, 247, 441, 247, 2, 0, 0.0, 2.0
269, 47, 461, 229, 459, 228, 2, 1, 0.4636476090008061, 2.23606797749979
269, 48, 13, 355, 12, 356, 1, -1, -0.7853981633974483, 1.4142135623730951
269, 57, 207, 219, 206, 220, 1, -1, -0.7853981633974483, 1.4142135623730951
269, 64, 343, 239, 341, 239, 2, 0, 0.0, 2.0
269, 66, 314, 222, 313, 223, 1, -1, -0.7853981633974483, 1.4142135623730951
269, 67, 297, 237, 296, 238, 1, -1, -0.7853981633974483, 1.4142135623730951
269, 68, 406, 222, 404, 222, 2, 0, 0.0, 2.0
269, 72, 431, 251, 428, 252, 3, -1, -0.3217505543966422, 3.1622776601683795
269, 75, 290, 239, 289, 240, 1, -1, -0.7853981633974483, 1.4142135623730951
270, 2, 393, 257, 391, 257, 2, 0, 0.0, 2.0
270, 13, 33, 332, 32, 333, 1, -1, -0.7853981633974483, 1.4142135623730951
270, 26, 430, 256, 428, 257, 2, -1, -0.4636476090008061, 2.23606797749979
270, 31, 238, 227, 237, 226, 1, 1, 0.7853981633974483, 1.4142135623730951
270, 34, 124, 324, 123, 325, 1, -1, -0.7853981633974483, 1.4142135623730951
270, 39, 149, 343, 147, 344, 2, -1, -0.4636476090008061, 2.23606797749979
270, 44, 31, 219, 30, 220, 1, -1, -0.7853981633974483, 1.4142135623730951
270, 45, 56, 146, 55, 147, 1, -1, -0.7853981633974483, 1.4142135623730951
270, 46, 114, 269, 113, 270, 1, -1, -0.7853981633974483, 1.4142135623730951
270, 50, 90, 290, 89, 291, 1, -1, -0.7853981633974483, 1.4142135623730951
270, 60, 342, 240, 340, 240, 2, 0, 0.0, 2.0
270, 63, 20, 186, 18, 187, 2, -1, -0.4636476090008061, 2.23606797749979
270, 64, 290, 240, 289, 241, 1, -1, -0.7853981633974483, 1.4142135623730951
270, 67, 57, 346, 55, 348, 2, -2, -0.7853981633974483, 2.8284271247461903
270, 72, 318, 227, 317, 228, 1, -1, -0.7853981633974483, 1.4142135623730951
271, 2, 395, 257, 393, 257, 2, 0, 0.0, 2.0
271, 13, 34, 331, 33, 332, 1, -1, -0.7853981633974483, 1.4142135623730951
271, 15, 70, 132, 69, 133, 1, -1, -0.7853981633974483, 1.4142135623730951
271, 16, 141, 161, 140, 162, 1, -1, -0.7853981633974483, 1.4142135623730951
271, 25, 431, 254, 430, 256, 1, -2, -1.1071487177940904, 2.23606797749979
271, 36, 85, 183, 84, 184, 1, -1, -0.7853981633974483, 1.4142135623730951
271, 38, 150, 342, 149, 343, 1, -1, -0.7853981633974483, 1.4142135623730951
271, 41, 7, 149, 6, 148, 1, 1, 0.7853981633974483, 1.4142135623730951
271, 47, 227, 325, 228, 324, -1, 1, 2.356194490192345, 1.4142135623730951
271, 55, 12, 298, 11, 299, 1, -1, -0.7853981633974483, 1.4142135623730951
271, 59, 344, 240, 342, 240, 2, 0, 0.0, 2.0
271, 65, 58, 345, 57, 346, 1, -1, -0.7853981633974483, 1.4142135623730951
271, 70, 319, 226, 318, 227, 1, -1, -0.7853981633974483, 1.4142135623730951
272, 2, 397, 257, 395, 257, 2, 0, 0.0, 2.0
272, 15, 72, 131, 70, 132, 2, -1, -0.4636476090008061, 2.23606797749979
272, 17, 52, 143, 51, 142, 1, 1, 0.7853981633974483, 1.4142135623730951
272, 21, 101, 222, 100, 223, 1, -1, -0.7853981633974483, 1.4142135623730951
272, 25, 434, 252, 431, 254, 3, -2, -0.5880026035475675, 3.605551275463989
272, 26, 44, 314, 43, 315, 1, -1, -0.7853981633974483, 1.4142135623730951
272, 31, 271, 305, 272, 307, -1, -2, -2.0344439357957027, 2.23606797749979
272, 38, 151, 341, 150, 342, 1, -1, -0.7853981633974483, 1.4142135623730951
272, 52, 219, 338, 218, 339, 1, -1, -0.7853981633974483, 1.4142135623730951
272, 53, 13, 297, 12, 298, 1, -1, -0.7853981633974483, 1.4142135623730951
272, 54, 442, 250, 439, 250, 3, 0, 0.0, 3.0
272, 57, 345, 239, 344, 240, 1, -1, -0.7853981633974483, 1.4142135623730951
272, 59, 18, 184, 20, 185, -2, -1, -2.677945044588987, 2.23606797749979
272, 60, 292, 239, 291, 240, 1, -1, -0.7853981633974483, 1.4142135623730951
272, 63, 59, 344, 58, 345, 1, -1, -0.7853981633974483, 1.4142135623730951
272, 68, 320, 225, 319, 226, 1, -1, -0.7853981633974483, 1.4142135623730951
273, 1, 214, 143, 213, 144, 1, -1, -0.7853981633974483, 1.4142135623730951
273, 2, 398, 256, 397, 257, 1, -1, -0.7853981633974483, 1.4142135623730951
273, 15, 74, 130, 72, 131, 2, -1, -0.4636476090008061, 2.23606797749979
273, 17, 53, 144, 52, 143, 1, 1, 0.7853981633974483, 1.4142135623730951
273, 23, 176, 298, 175, 299, 1, -1, -0.7853981633974483, 1.4142135623730951
273, 24, 39, 174, 38, 173, 1, 1, 0.7853981633974483, 1.4142135623730951
273, 25, 436, 250, 434, 252, 2, -2, -0.7853981633974483, 2.8284271247461903
273, 27, 72, 303, 71, 304, 1, -1, -0.7853981633974483, 1.4142135623730951
273, 33, 125, 323, 124, 324, 1, -1, -0.7853981633974483, 1.4142135623730951
273, 37, 152, 340, 151, 341, 1, -1, -0.7853981633974483, 1.4142135623730951
273, 38, 54, 225, 53, 226, 1, -1, -0.7853981633974483, 1.4142135623730951
273, 45, 226, 326, 227, 325, -1, 1, 2.356194490192345, 1.4142135623730951
273, 48, 55, 317, 53, 317, 2, 0, 0.0, 2.0
273, 52, 14, 296, 13, 297, 1, -1, -0.7853981633974483, 1.4142135623730951
273, 53, 444, 250, 442, 250, 2, 0, 0.0, 2.0
273, 54, 248, 301, 248, 303, 0, -2, -1.5707963267948966, 2.0
273, 56, 346, 238, 345, 239, 1, -1, -0.7853981633974483, 1.4142135623730951
273, 59, 293, 238, 292, 239, 1, -1, -0.7853981633974483, 1.4142135623730951
273, 62, 62, 343, 59, 344, 3, -1, -0.3217505543966422, 3.1622776601683795
273, 65, 102, 245, 101, 246, 1, -1, -0.7853981633974483, 1.4142135623730951
273, 67, 321, 224, 320, 225, 1, -1, -0.7853981633974483, 1.4142135623730951
274, 2, 400, 256, 398, 256, 2, 0, 0.0, 2.0
274, 4, 141, 177, 140, 178, 1, -1, -0.7853981633974483, 1.4142135623730951
274, 11, 164, 226, 163, 227, 1, -1, -0.7853981633974483, 1.4142135623730951
274, 16, 140, 162, 141, 161, -1, 1, 2.356194490192345, 1.4142135623730951
274, 21, 102, 220, 101, 221, 1, -1, -0.7853981633974483, 1.4142135623730951
274, 25, 438, 250, 436, 250, 2, 0, 0.0, 2.0
274, 26, 46, 313, 45, 314, 1, -1, -0.7853981633974483, 1.4142135623730951
274, 27, 73, 302, 72, 303, 1, -1, -0.7853981633974483, 1.4142135623730951
274, 33, 126, 322, 125, 323, 1, -1, -0.7853981633974483, 1.4142135623730951
274, 37, 153, 339, 152, 340, 1, -1, -0.7853981633974483, 1.4142135623730951
274, 38, 56, 224, 54, 225, 2, -1, -0.4636476090008061, 2.23606797749979
274, 44, 11, 205, 10, 206, 1, -1, -0.7853981633974483, 1.4142135623730951
274, 52, 16, 295, 14, 296, 2, -1, -0.4636476090008061, 2.23606797749979
274, 53, 445, 249, 444, 250, 1, -1, -0.7853981633974483, 1.4142135623730951
274, 56, 95, 268, 92, 269, 3, -1, -0.3217505543966422, 3.1622776601683795
275, 1, 216, 145, 215, 146, 1, -1, -0.7853981633974483, 1.4142135623730951
275, 2, 63, 191, 62, 192, 1, -1, -0.7853981633974483, 1.4142135623730951
275, 4, 29, 152, 28, 153, 1, -1, -0.7853981633974483, 1.4142135623730951
275, 5, 26, 159, 25, 160, 1, -1, -0.7853981633974483, 1.4142135623730951
275, 8, 399, 257, 397, 257, 2, 0, 0.0, 2.0
275, 17, 74, 132, 73, 133, 1, -1, -0.7853981633974483, 1.4142135623730951
275, 21, 178, 300, 177, 301, 1, -1, -0.7853981633974483, 1.4142135623730951
275, 28, 47, 315, 46, 316, 1, -1, -0.7853981633974483, 1.4142135623730951
275, 39, 153, 341, 152, 342, 1, -1, -0.7853981633974483, 1.4142135623730951
275, 42, 346, 240, 345, 241, 1, -1, -0.7853981633974483, 1.4142135623730951
275, 43, 56, 252, 56, 254, 0, -2, -1.5707963267948966, 2.0
275, 46, 443, 257, 441, 258, 2, -1, -0.4636476090008061, 2.23606797749979
275, 47, 63, 344, 61, 345, 2, -1, -0.4636476090008061, 2.23606797749979
275, 51, 141, 165, 140, 166, 1, -1, -0.7853981633974483, 1.4142135623730951
275, 54, 296, 243, 295, 244, 1, -1, -0.7853981633974483, 1.4142135623730951
275, 55, 92, 289, 91, 290, 1, -1, -0.7853981633974483, 1.4142135623730951
275, 56, 48, 322, 47, 323, 1, -1, -0.7853981633974483, 1.4142135623730951
275, 58, 30, 121, 28, 121, 2, 0, 0.0, 2.0
275, 59, 35, 219, 33, 220, 2, -1, -0.4636476090008061, 2.23606797749979
275, 61, 462, 229, 464, 229, -2, 0, 3.141592653589793, 2.0
275, 64, 19, 355, 17, 356, 2, -1, -0.4636476090008061, 2.23606797749979
275, 66, 322, 226, 321, 227, 1, -1, -0.7853981633974483, 1.4142135623730951
275, 69, 414, 224, 412, 224, 2, 0, 0.0, 2.0
276, 8, 401, 255, 399, 257, 2, -2, -0.7853981633974483, 2.8284271247461903
276, 17, 75, 131, 74, 132, 1, -1, -0.7853981633974483, 1.4142135623730951
276, 20, 55, 146, 54, 147, 1, -1, -0.7853981633974483, 1.4142135623730951
276, 25, 82, 237, 81, 238, 1, -1, -0.7853981633974483, 1.4142135623730951
276, 29, 180, 220, 179, 221, 1, -1, -0.7853981633974483, 1.4142135623730951
276, 35, 199, 168, 198, 169, 1, -1, -0.7853981633974483, 1.4142135623730951
276, 36, 116, 268, 115, 269, 1, -1, -0.7853981633974483, 1.4142135623730951
276, 38, 219, 219, 218, 220, 1, -1, -0.7853981633974483, 1.4142135623730951
276, 39, 154, 340, 153, 341, 1, -1, -0.7853981633974483, 1.4142135623730951
276, 42, 347, 239, 346, 240, 1, -1, -0.7853981633974483, 1.4142135623730951
276, 45, 64, 343, 63, 344, 1, -1, -0.7853981633974483, 1.4142135623730951
276, 57, 36, 218, 35, 219, 1, -1, -0.7853981633974483, 1.4142135623730951
276, 59, 459, 229, 462, 229, -3, 0, 3.141592653589793, 3.0
276, 67, 416, 224, 414, 224, 2, 0, 0.0, 2.0
277, 1, 217, 144, 216, 145, 1, -1, -0.7853981633974483, 1.4142135623730951
277, 6, 7, 233, 6, 234, 1, -1, -0.7853981633974483, 1.4142135623730951
277, 8, 403, 255, 401, 255, 2, 0, 0.0, 2.0
277, 11, 127, 324, 126, 325, 1, -1, -0.7853981633974483, 1.4142135623730951
277, 17, 77, 130, 75, 131, 2, -1, -0.4636476090008061, 2.23606797749979
277, 35, 200, 167, 199, 168, 1, -1, -0.7853981633974483, 1.4142135623730951
277, 39, 155, 339, 154, 340, 1, -1, -0.7853981633974483, 1.4142135623730951
277, 44, 446, 257, 444, 257, 2, 0, 0.0, 2.0
277, 45, 65, 342, 64, 343, 1, -1, -0.7853981633974483, 1.4142135623730951
277, 53, 93, 287, 92, 288, 1, -1, -0.7853981633974483, 1.4142135623730951
277, 61, 20, 353, 19, 354, 1, -1, -0.7853981633974483, 1.4142135623730951
277, 66, 418, 223, 416, 224, 2, -1, -0.4636476090008061, 2.23606797749979
278, 1, 218, 143, 217, 144, 1, -1, -0.7853981633974483, 1.4142135623730951
278, 2, 64, 190, 63, 191, 1, -1, -0.7853981633974483, 1.4142135623730951
278, 6, 8, 232, 7, 233, 1, -1, -0.7853981633974483, 1.4142135623730951
278, 8, 406, 254, 403, 255, 3, -1, -0.3217505543966422, 3.1622776601683795
278, 10, 17, 181, 16, 182, 1, -1, -0.7853981633974483, 1.4142135623730951
278, 16, 78, 129, 77, 130, 1, -1, -0.7853981633974483, 1.4142135623730951
278, 21, 42, 172, 41, 173, 1, -1, -0.7853981633974483, 1.4142135623730951
278, 27, 181, 219, 180, 220, 1, -1, -0.7853981633974483, 1.4142135623730951
278, 28, 17, 296, 16, 297, 1, -1, -0.7853981633974483, 1.4142135623730951
278, 32, 15, 206, 14, 207, 1, -1, -0.7853981633974483, 1.4142135623730951
278, 37, 156, 338, 155, 339, 1, -1, -0.7853981633974483, 1.4142135623730951
278, 38, 21, 267, 20, 268, 1, -1, -0.7853981633974483, 1.4142135623730951
278, 39, 87, 180, 86, 181, 1, -1, -0.7853981633974483, 1.4142135623730951
278, 42, 449, 256, 446, 257, 3, -1, -0.3217505543966422, 3.1622776601683795
278, 43, 66, 341, 65, 342, 1, -1, -0.7853981633974483, 1.4142135623730951
278, 50, 298, 242, 297, 243, 1, -1, -0.7853981633974483, 1.4142135623730951
278, 55, 38, 217, 37, 218, 1, -1, -0.7853981633974483, 1.4142135623730951
278, 59, 22, 352, 20, 353, 2, -1, -0.4636476090008061, 2.23606797749979
278, 61, 326, 226, 324, 226, 2, 0, 0.0, 2.0
278, 63, 287, 223, 286, 224, 1, -1, -0.7853981633974483, 1.4142135623730951
278, 64, 420, 222, 418, 223, 2, -1, -0.4636476090008061, 2.23606797749979
279, 3, 144, 179, 142, 179, 2, 0, 0.0, 2.0
279, 4, 31, 154, 31, 152, 0, 2, 1.5707963267948966, 2.0
279, 6, 9, 231, 8, 232, 1, -1, -0.7853981633974483, 1.4142135623730951
279, 7, 232, 229, 232, 231, 0, -2, -1.5707963267948966, 2.0
279, 8, 408, 254, 406, 254, 2, 0, 0.0, 2.0
279, 9, 128, 267, 127, 266, 1, 1, 0.7853981633974483, 1.4142135623730951
279, 10, 18, 180, 17, 181, 1, -1, -0.7853981633974483, 1.4142135623730951
279, 12, 164, 227, 164, 229, 0, -2, -1.5707963267948966, 2.0
279, 16, 79, 128, 78, 129, 1, -1, -0.7853981633974483, 1.4142135623730951
279, 17, 75, 299, 74, 300, 1, -1, -0.7853981633974483, 1.4142135623730951
279, 18, 37, 326, 36, 327, 1, -1, -0.7853981633974483, 1.4142135623730951
279, 20, 179, 296, 178, 297, 1, -1, -0.7853981633974483, 1.4142135623730951
279, 21, 43, 171, 42, 172, 1, -1, -0.7853981633974483, 1.4142135623730951
279, 22, 241, 229, 239, 228, 2, 1, 0.4636476090008061, 2.23606797749979
279, 28, 18, 295, 17, 296, 1, -1, -0.7853981633974483, 1.4142135623730951
279, 33, 201, 166, 200, 167, 1, -1, -0.7853981633974483, 1.4142135623730951
279, 34, 116, 265, 116, 267, 0, -2, -1.5707963267948966, 2.0
279, 40, 351, 239, 349, 239, 2, 0, 0.0, 2.0
279, 42, 452, 255, 449, 256, 3, -1, -0.3217505543966422, 3.1622776601683795
279, 43, 67, 340, 66, 341, 1, -1, -0.7853981633974483, 1.4142135623730951
279, 45, 6, 153, 9, 151, -3, 2, 2.5535900500422257, 3.605551275463989
279, 52, 49, 319, 48, 320, 1, -1, -0.7853981633974483, 1.4142135623730951
279, 56, 104, 218, 103, 219, 1, -1, -0.7853981633974483, 1.4142135623730951
279, 64, 421, 221, 420, 222, 1, -1, -0.7853981633974483, 1.4142135623730951
280, 1, 217, 144, 216, 145, 1, -1, -0.7853981633974483, 1.4142135623730951
280, 3, 406, 258, 404, 258, 2, 0, 0.0, 2.0
280, 5, 5, 233, 4, 234, 1, -1, -0.7853981633974483, 1.4142135623730951
280, 6, 59, 143, 57, 143, 2, 0, 0.0, 2.0
280, 10, 451, 258, 450, 259, 1, -1, -0.7853981633974483, 1.4142135623730951
280, 11, 233, 233, 232, 232, 1, 1, 0.7853981633974483, 1.4142135623730951
280, 12, 68, 344, 66, 345, 2, -1, -0.4636476090008061, 2.23606797749979
280, 13, 38, 327, 37, 328, 1, -1, -0.7853981633974483, 1.4142135623730951
280, 27, 92, 240, 91, 241, 1, -1, -0.7853981633974483, 1.4142135623730951
280, 33, 74, 299, 73, 300, 1, -1, -0.7853981633974483, 1.4142135623730951
280, 35, 185, 220, 184, 221, 1, -1, -0.7853981633974483, 1.4142135623730951
280, 36, 289, 228, 288, 229, 1, -1, -0.7853981633974483, 1.4142135623730951
280, 37, 78, 132, 77, 133, 1, -1, -0.7853981633974483, 1.4142135623730951
280, 39, 168, 232, 167, 233, 1, -1, -0.7853981633974483, 1.4142135623730951
280, 46, 156, 340, 155, 341, 1, -1, -0.7853981633974483, 1.4142135623730951
280, 53, 89, 183, 88, 184, 1, -1, -0.7853981633974483, 1.4142135623730951
280, 66, 471, 226, 467, 227, 4, -1, -0.24497866312686414, 4.123105625617661
280, 67, 68, 317, 67, 318, 1, -1, -0.7853981633974483, 1.4142135623730951
281, 2, 145, 180, 144, 181, 1, -1, -0.7853981633974483, 1.4142135623730951
281, 3, 409, 258, 406, 258, 3, 0, 0.0, 3.0
281, 5, 6, 232, 5, 233, 1, -1, -0.7853981633974483, 1.4142135623730951
281, 7, 20, 181, 19, 182, 1, -1, -0.7853981633974483, 1.4142135623730951
281, 9, 44, 171, 43, 172, 1, -1, -0.7853981633974483, 1.4142135623730951
281, 12, 69, 343, 68, 344, 1, -1, -0.7853981633974483, 1.4142135623730951
281, 13, 39, 326, 38, 327, 1, -1, -0.7853981633974483, 1.4142135623730951
281, 20, 23, 355, 22, 356, 1, -1, -0.7853981633974483, 1.4142135623730951
281, 35, 290, 227, 289, 228, 1, -1, -0.7853981633974483, 1.4142135623730951
281, 36, 79, 131, 78, 132, 1, -1, -0.7853981633974483, 1.4142135623730951
281, 38, 169, 231, 168, 232, 1, -1, -0.7853981633974483, 1.4142135623730951
281, 41, 434, 255, 436, 255, -2, 0, 3.141592653589793, 2.0
281, 45, 157, 339, 156, 340, 1, -1, -0.7853981633974483, 1.4142135623730951
281, 46, 38, 218, 37, 219, 1, -1, -0.7853981633974483, 1.4142135623730951
281, 59, 49, 316, 48, 317, 1, -1, -0.7853981633974483, 1.4142135623730951
281, 62, 5, 296, 7, 296, -2, 0, 3.141592653589793, 2.0
281, 64, 475, 225, 471, 226, 4, -1, -0.24497866312686414, 4.123105625617661
281, 67, 354, 241, 352, 241, 2, 0, 0.0, 2.0
281, 69, 69, 235, 71, 236, -2, -1, -2.677945044588987, 2.23606797749979
282, 6, 61, 142, 60, 143, 1, -1, -0.7853981633974483, 1.4142135623730951
282, 9, 45, 170, 44, 171, 1, -1, -0.7853981633974483, 1.4142135623730951
282, 10, 453, 258, 451, 258, 2, 0, 0.0, 2.0
282, 12, 70, 342, 69, 343, 1, -1, -0.7853981633974483, 1.4142135623730951
282, 13, 40, 325, 39, 326, 1, -1, -0.7853981633974483, 1.4142135623730951
282, 41, 435, 256, 434, 255, 1, 1, 0.7853981633974483, 1.4142135623730951
282, 53, 20, 297, 19, 298, 1, -1, -0.7853981633974483, 1.4142135623730951
282, 57, 55, 228, 54, 229, 1, -1, -0.7853981633974483, 1.4142135623730951
282, 62, 91, 155, 90, 156, 1, -1, -0.7853981633974483, 1.4142135623730951
282, 63, 481, 226, 475, 225, 6, 1, 0.16514867741462683, 6.082762530298219
282, 64, 65, 318, 67, 317, -2, 1, 2.677945044588987, 2.23606797749979
282, 66, 356, 241, 354, 241, 2, 0, 0.0, 2.0
282, 68, 67, 235, 69, 235, -2, 0, 3.141592653589793, 2.0
283, 1, 219, 143, 218, 144, 1, -1, -0.7853981633974483, 1.4142135623730951
283, 10, 455, 257, 453, 258, 2, -1, -0.4636476090008061, 2.23606797749979
283, 12, 71, 341, 70, 342, 1, -1, -0.7853981633974483, 1.4142135623730951
283, 19, 179, 296, 178, 297, 1, -1, -0.7853981633974483, 1.4142135623730951
283, 20, 26, 354, 24, 355, 2, -1, -0.4636476090008061, 2.23606797749979
283, 25, 6, 317, 5, 318, 1, -1, -0.7853981633974483, 1.4142135623730951
283, 28, 132, 269, 131, 270, 1, -1, -0.7853981633974483, 1.4142135623730951
283, 32, 448, 249, 445, 249, 3, 0, 0.0, 3.0
283, 33, 187, 217, 186, 220, 1, -3, -1.2490457723982544, 3.1622776601683795
283, 34, 292, 225, 291, 227, 1, -2, -1.1071487177940904, 2.23606797749979
283, 35, 81, 130, 80, 131, 1, -1, -0.7853981633974483, 1.4142135623730951
283, 37, 169, 228, 169, 230, 0, -2, -1.5707963267948966, 2.0
283, 40, 436, 255, 435, 256, 1, -1, -0.7853981633974483, 1.4142135623730951
283, 44, 159, 338, 158, 339, 1, -1, -0.7853981633974483, 1.4142135623730951
283, 57, 51, 314, 49, 315, 2, -1, -0.4636476090008061, 2.23606797749979
283, 59, 3, 296, 5, 296, -2, 0, 3.141592653589793, 2.0
283, 61, 484, 225, 481, 226, 3, -1, -0.3217505543966422, 3.1622776601683795
283, 63, 37, 122, 35, 122, 2, 0, 0.0, 2.0
283, 65, 39, 351, 38, 352, 1, -1, -0.7853981633974483, 1.4142135623730951
284, 5, 8, 230, 7, 231, 1, -1, -0.7853981633974483, 1.4142135623730951
284, 7, 22, 179, 21, 180, 1, -1, -0.7853981633974483, 1.4142135623730951
284, 10, 457, 257, 455, 257, 2, 0, 0.0, 2.0
284, 12, 72, 340, 71, 341, 1, -1, -0.7853981633974483, 1.4142135623730951
284, 13, 43, 324, 41, 325, 2, -1, -0.4636476090008061, 2.23606797749979
284, 14, 83, 235, 82, 236, 1, -1, -0.7853981633974483, 1.4142135623730951
284, 16, 222, 193, 222, 195, 0, -2, -1.5707963267948966, 2.0
284, 20, 28, 354, 26, 354, 2, 0, 0.0, 2.0
284, 25, 7, 316, 6, 317, 1, -1, -0.7853981633974483, 1.4142135623730951
284, 30, 33, 153, 32, 154, 1, -1, -0.7853981633974483, 1.4142135623730951
284, 32, 450, 249, 448, 249, 2, 0, 0.0, 2.0
284, 34, 293, 224, 292, 225, 1, -1, -0.7853981633974483, 1.4142135623730951
284, 35, 82, 129, 81, 130, 1, -1, -0.7853981633974483, 1.4142135623730951
284, 42, 17, 205, 16, 206, 1, -1, -0.7853981633974483, 1.4142135623730951
284, 52, 22, 296, 21, 297, 1, -1, -0.7853981633974483, 1.4142135623730951
284, 57, 53, 313, 51, 314, 2, -1, -0.4636476090008061, 2.23606797749979
284, 58, 68, 277, 67, 278, 1, -1, -0.7853981633974483, 1.4142135623730951
284, 59, 92, 154, 91, 155, 1, -1, -0.7853981633974483, 1.4142135623730951
284, 63, 359, 241, 357, 241, 2, 0, 0.0, 2.0
285, 2, 412, 258, 410, 258, 2, 0, 0.0, 2.0
285, 9, 35, 153, 34, 154, 1, -1, -0.7853981633974483, 1.4142135623730951
285, 20, 22, 181, 21, 182, 1, -1, -0.7853981633974483, 1.4142135623730951
285, 27, 28, 356, 26, 357, 2, -1, -0.4636476090008061, 2.23606797749979
285, 28, 188, 219, 187, 220, 1, -1, -0.7853981633974483, 1.4142135623730951
285, 31, 73, 342, 71, 343, 2, -1, -0.4636476090008061, 2.23606797749979
285, 36, 310, 241, 309, 242, 1, -1, -0.7853981633974483, 1.4142135623730951
285, 42, 243, 236, 242, 237, 1, -1, -0.7853981633974483, 1.4142135623730951
285, 44, 293, 227, 292, 228, 1, -1, -0.7853981633974483, 1.4142135623730951
285, 49, 194, 222, 194, 224, 0, -2, -1.5707963267948966, 2.0
285, 51, 335, 225, 334, 226, 1, -1, -0.7853981633974483, 1.4142135623730951
285, 54, 420, 221, 419, 223, 1, -2, -1.1071487177940904, 2.23606797749979
285, 55, 357, 240, 355, 240, 2, 0, 0.0, 2.0
285, 61, 45, 128, 43, 128, 2, 0, 0.0, 2.0
285, 66, 456, 257, 454, 258, 2, -1, -0.4636476090008061, 2.23606797749979
285, 67, 49, 325, 48, 326, 1, -1, -0.7853981633974483, 1.4142135623730951
285, 69, 285, 260, 285, 262, 0, -2, -1.5707963267948966, 2.0
285, 74, 40, 159, 39, 160, 1, -1, -0.7853981633974483, 1.4142135623730951
285, 79, 111, 205, 109, 205, 2, 0, 0.0, 2.0
285, 81, 132, 168, 129, 168, 3, 0, 0.0, 3.0
286, 2, 416, 257, 412, 258, 4, -1, -0.24497866312686414, 4.123105625617661
286, 3, 14, 233, 13, 234, 1, -1, -0.7853981633974483, 1.4142135623730951
286, 13, 47, 172, 46, 173, 1, -1, -0.7853981633974483, 1.4142135623730951
286, 22, 42, 329, 41, 330, 1, -1, -0.7853981633974483, 1.4142135623730951
286, 27, 30, 356, 28, 356, 2, 0, 0.0, 2.0
286, 31, 75, 341, 73, 342, 2, -1, -0.4636476090008061, 2.23606797749979
286, 36, 311, 239, 310, 241, 1, -2, -1.1071487177940904, 2.23606797749979
286, 38, 18, 205, 17, 206, 1, -1, -0.7853981633974483, 1.4142135623730951
286, 39, 194, 145, 193, 146, 1, -1, -0.7853981633974483, 1.4142135623730951
286, 44, 294, 226, 293, 227, 1, -1, -0.7853981633974483, 1.4142135623730951
286, 52, 421, 220, 420, 221, 1, -1, -0.7853981633974483, 1.4142135623730951
286, 60, 22, 297, 21, 298, 1, -1, -0.7853981633974483, 1.4142135623730951
286, 64, 458, 256, 456, 257, 2, -1, -0.4636476090008061, 2.23606797749979
286, 66, 474, 234, 472, 233, 2, 1, 0.4636476090008061, 2.23606797749979
286, 67, 286, 258, 285, 260, 1, -2, -1.1071487177940904, 2.23606797749979
286, 72, 41, 158, 40, 159, 1, -1, -0.7853981633974483, 1.4142135623730951
286, 77, 112, 206, 111, 205, 1, 1, 0.7853981633974483, 1.4142135623730951
286, 79, 134, 168, 132, 168, 2, 0, 0.0, 2.0
286, 80, 201, 316, 203, 314, -2, 2, 2.356194490192345, 2.8284271247461903
287, 0, 222, 142, 221, 143, 1, -1, -0.7853981633974483, 1.4142135623730951
287, 2, 418, 257, 416, 257, 2, 0, 0.0, 2.0
287, 3, 15, 232, 14, 233, 1, -1, -0.7853981633974483, 1.4142135623730951
287, 9, 37, 152, 36, 153, 1, -1, -0.7853981633974483, 1.4142135623730951
287, 12, 84, 132, 83, 133, 1, -1, -0.7853981633974483, 1.4142135623730951
287, 17, 80, 301, 79, 302, 1, -1, -0.7853981633974483, 1.4142135623730951
287, 22, 43, 328, 42, 329, 1, -1, -0.7853981633974483, 1.4142135623730951
287, 27, 32, 355, 30, 356, 2, -1, -0.4636476090008061, 2.23606797749979
287, 30, 161, 339, 160, 340, 1, -1, -0.7853981633974483, 1.4142135623730951
287, 31, 77, 340, 75, 341, 2, -1, -0.4636476090008061, 2.23606797749979
287, 36, 312, 238, 311, 239, 1, -1, -0.7853981633974483, 1.4142135623730951
287, 43, 295, 225, 294, 226, 1, -1, -0.7853981633974483, 1.4142135623730951
287, 51, 422, 219, 421, 220, 1, -1, -0.7853981633974483, 1.4142135623730951
287, 53, 87, 235, 86, 236, 1, -1, -0.7853981633974483, 1.4142135623730951
287, 58, 47, 127, 46, 128, 1, -1, -0.7853981633974483, 1.4142135623730951
287, 61, 240, 318, 242, 319, -2, -1, -2.677945044588987, 2.23606797749979
287, 63, 460, 256, 458, 256, 2, 0, 0.0, 2.0
287, 65, 478, 234, 474, 234, 4, 0, 0.0, 4.0
287, 67, 35, 120, 31, 120, 4, 0, 0.0, 4.0
287, 85, 68, 170, 67, 171, 1, -1, -0.7853981633974483, 1.4142135623730951
288, 2, 419, 256, 418, 257, 1, -1, -0.7853981633974483, 1.4142135623730951
288, 3, 16, 231, 15, 232, 1, -1, -0.7853981633974483, 1.4142135623730951
288, 7, 148, 160, 147, 161, 1, -1, -0.7853981633974483, 1.4142135623730951
288, 22, 44, 327, 43, 328, 1, -1, -0.7853981633974483, 1.4142135623730951
288, 24, 159, 228, 158, 229, 1, -1, -0.7853981633974483, 1.4142135623730951
288, 27, 33, 354, 32, 355, 1, -1, -0.7853981633974483, 1.4142135623730951
288, 31, 78, 339, 77, 340, 1, -1, -0.7853981633974483, 1.4142135623730951
288, 36, 313, 237, 312, 238, 1, -1, -0.7853981633974483, 1.4142135623730951
288, 49, 339, 225, 337, 225, 2, 0, 0.0, 2.0
288, 51, 424, 218, 422, 219, 2, -1, -0.4636476090008061, 2.23606797749979
288, 58, 48, 126, 47, 127, 1, -1, -0.7853981633974483, 1.4142135623730951
288, 63, 462, 257, 460, 256, 2, 1, 0.4636476090008061, 2.23606797749979
288, 65, 481, 233, 478, 234, 3, -1, -0.3217505543966422, 3.1622776601683795
288, 77, 135, 166, 134, 167, 1, -1, -0.7853981633974483, 1.4142135623730951
288, 81, 53, 174, 55, 175, -2, -1, -2.677945044588987, 2.23606797749979
288, 83, 69, 169, 68, 170, 1, -1, -0.7853981633974483, 1.4142135623730951
289, 0, 223, 141, 222, 142, 1, -1, -0.7853981633974483, 1.4142135623730951
289, 1, 147, 178, 146, 179, 1, -1, -0.7853981633974483, 1.4142135623730951
289, 17, 81, 299, 80, 300, 1, -1, -0.7853981633974483, 1.4142135623730951
289, 22, 45, 326, 44, 327, 1, -1, -0.7853981633974483, 1.4142135623730951
289, 23, 106, 244, 105, 245, 1, -1, -0.7853981633974483, 1.4142135623730951
289, 29, 162, 338, 161, 339, 1, -1, -0.7853981633974483, 1.4142135623730951
289, 30, 79, 338, 78, 339, 1, -1, -0.7853981633974483, 1.4142135623730951
289, 35, 315, 237, 313, 237, 2, 0, 0.0, 2.0
289, 36, 41, 218, 40, 219, 1, -1, -0.7853981633974483, 1.4142135623730951
289, 50, 426, 218, 424, 218, 2, 0, 0.0, 2.0
289, 51, 362, 240, 360, 240, 2, 0, 0.0, 2.0
289, 57, 50, 126, 48, 126, 2, 0, 0.0, 2.0
289, 59, 126, 237, 125, 238, 1, -1, -0.7853981633974483, 1.4142135623730951
289, 62, 464, 257, 462, 257, 2, 0, 0.0, 2.0
289, 64, 485, 233, 481, 233, 4, 0, 0.0, 4.0
290, 3, 420, 258, 418, 259, 2, -1, -0.4636476090008061, 2.23606797749979
290, 14, 37, 158, 36, 159, 1, -1, -0.7853981633974483, 1.4142135623730951
290, 15, 11, 319, 10, 320, 1, -1, -0.7853981633974483, 1.4142135623730951
290, 16, 51, 174, 50, 175, 1, -1, -0.7853981633974483, 1.4142135623730951
290, 33, 78, 341, 76, 342, 2, -1, -0.4636476090008061, 2.23606797749979
290, 37, 32, 353, 31, 354, 1, -1, -0.7853981633974483, 1.4142135623730951
290, 51, 339, 221, 337, 221, 2, 0, 0.0, 2.0
290, 59, 208, 235, 210, 235, -2, 0, 3.141592653589793, 2.0
290, 63, 487, 233, 485, 233, 2, 0, 0.0, 2.0
290, 69, 433, 222, 431, 222, 2, 0, 0.0, 2.0
290, 73, 50, 123, 48, 123, 2, 0, 0.0, 2.0
291, 0, 224, 142, 223, 143, 1, -1, -0.7853981633974483, 1.4142135623730951
291, 3, 422, 257, 420, 258, 2, -1, -0.4636476090008061, 2.23606797749979
291, 25, 69, 147, 68, 148, 1, -1, -0.7853981633974483, 1.4142135623730951
291, 28, 458, 258, 455, 259, 3, -1, -0.3217505543966422, 3.1622776601683795
291, 32, 79, 340, 78, 341, 1, -1, -0.7853981633974483, 1.4142135623730951
291, 33, 86, 131, 85, 132, 1, -1, -0.7853981633974483, 1.4142135623730951
291, 36, 33, 352, 32, 353, 1, -1, -0.7853981633974483, 1.4142135623730951
291, 40, 163, 339, 162, 340, 1, -1, -0.7853981633974483, 1.4142135623730951
291, 41, 46, 331, 45, 332, 1, -1, -0.7853981633974483, 1.4142135623730951
291, 46, 308, 240, 307, 241, 1, -1, -0.7853981633974483, 1.4142135623730951
291, 50, 340, 220, 339, 221, 1, -1, -0.7853981633974483, 1.4142135623730951
291, 57, 26, 298, 25, 299, 1, -1, -0.7853981633974483, 1.4142135623730951
291, 66, 435, 222, 433, 222, 2, 0, 0.0, 2.0
291, 69, 291, 222, 290, 223, 1, -1, -0.7853981633974483, 1.4142135623730951
292, 2, 39, 149, 38, 150, 1, -1, -0.7853981633974483, 1.4142135623730951
292, 5, 168, 225, 167, 226, 1, -1, -0.7853981633974483, 1.4142135623730951
292, 8, 276, 302, 276, 306, 0, -4, -1.5707963267948966, 4.0
292, 9, 13, 232, 12, 233, 1, -1, -0.7853981633974483, 1.4142135623730951
292, 27, 460, 257, 458, 258, 2, -1, -0.4636476090008061, 2.23606797749979
292, 28, 159, 309, 155, 312, 4, -3, -0.6435011087932844, 5.0
292, 38, 110, 219, 107, 221, 3, -2, -0.5880026035475675, 3.605551275463989
292, 39, 165, 336, 163, 339, 2, -3, -0.982793723247329, 3.605551275463989
292, 45, 309, 239, 308, 240, 1, -1, -0.7853981633974483, 1.4142135623730951
292, 47, 128, 338, 130, 337, -2, 1, 2.677945044588987, 2.23606797749979
292, 49, 342, 219, 340, 220, 2, -1, -0.4636476090008061, 2.23606797749979
292, 54, 23, 156, 22, 155, 1, 1, 0.7853981633974483, 1.4142135623730951
292, 59, 490, 232, 488, 233, 2, -1, -0.4636476090008061, 2.23606797749979
292, 65, 437, 222, 435, 222, 2, 0, 0.0, 2.0
292, 68, 292, 221, 291, 222, 1, -1, -0.7853981633974483, 1.4142135623730951
292, 69, 54, 124, 51, 123, 3, 1, 0.3217505543966422, 3.1622776601683795
293, 3, 425, 256, 423, 257, 2, -1, -0.4636476090008061, 2.23606797749979
293, 17, 80, 236, 82, 236, -2, 0, 3.141592653589793, 2.0
293, 23, 30, 181, 29, 182, 1, -1, -0.7853981633974483, 1.4142135623730951
293, 27, 461, 253, 460, 257, 1, -4, -1.3258176636680326, 4.123105625617661
293, 34, 36, 351, 34, 352, 2, -1, -0.4636476090008061, 2.23606797749979
293, 38, 47, 330, 46, 331, 1, -1, -0.7853981633974483, 1.4142135623730951
293, 41, 187, 216, 187, 218, 0, -2, -1.5707963267948966, 2.0
293, 56, 184, 324, 183, 325, 1, -1, -0.7853981633974483, 1.4142135623730951
293, 57, 491, 231, 490, 232, 1, -1, -0.7853981633974483, 1.4142135623730951
293, 62, 439, 222, 437, 222, 2, 0, 0.0, 2.0
293, 63, 82, 219, 85, 220, -3, -1, -2.819842099193151, 3.1622776601683795
293, 64, 294, 219, 292, 221, 2, -2, -0.7853981633974483, 2.8284271247461903
294, 0, 226, 141, 224, 141, 2, 0, 0.0, 2.0
294, 2, 40, 147, 39, 148, 1, -1, -0.7853981633974483, 1.4142135623730951
294, 3, 427, 255, 425, 256, 2, -1, -0.4636476090008061, 2.23606797749979
294, 5, 169, 224, 168, 225, 1, -1, -0.7853981633974483, 1.4142135623730951
294, 9, 14, 231, 13, 232, 1, -1, -0.7853981633974483, 1.4142135623730951
294, 17, 79, 237, 80, 236, -1, 1, 2.356194490192345, 1.4142135623730951
294, 26, 467, 250, 465, 250, 2, 0, 0.0, 2.0
294, 31, 81, 339, 80, 340, 1, -1, -0.7853981633974483, 1.4142135623730951
294, 34, 38, 351, 36, 351, 2, 0, 0.0, 2.0
294, 44, 224, 216, 223, 215, 1, 1, 0.7853981633974483, 1.4142135623730951
294, 50, 294, 256, 294, 258, 0, -2, -1.5707963267948966, 2.0
294, 57, 493, 230, 491, 231, 2, -1, -0.4636476090008061, 2.23606797749979
294, 62, 441, 221, 439, 222, 2, -1, -0.4636476090008061, 2.23606797749979
295, 0, 426, 258, 424, 259, 2, -1, -0.4636476090008061, 2.23606797749979
295, 7, 41, 156, 40, 157, 1, -1, -0.7853981633974483, 1.4142135623730951
295, 14, 90, 236, 89, 237, 1, -1, -0.7853981633974483, 1.4142135623730951
295, 18, 172, 223, 171, 224, 1, -1, -0.7853981633974483, 1.4142135623730951
295, 19, 94, 131, 89, 132, 5, -1, -0.19739555984988075, 5.0990195135927845
295, 26, 137, 324, 133, 326, 4, -2, -0.4636476090008061, 4.47213595499958
295, 30, 11, 255, 6, 257, 5, -2, -0.3805063771123649, 5.385164807134504
295, 33, 28, 268, 24, 271, 4, -3, -0.6435011087932844, 5.0
295, 34, 81, 340, 80, 341, 1, -1, -0.7853981633974483, 1.4142135623730951
295, 36, 300, 224, 299, 225, 1, -1, -0.7853981633974483, 1.4142135623730951
295, 37, 470, 259, 468, 259, 2, 0, 0.0, 2.0
295, 41, 299, 254, 298, 255, 1, -1, -0.7853981633974483, 1.4142135623730951
295, 44, 98, 185, 94, 185, 4, 0, 0.0, 4.0
295, 45, 343, 220, 342, 221, 1, -1, -0.7853981633974483, 1.4142135623730951
295, 47, 467, 251, 466, 252, 1, -1, -0.7853981633974483, 1.4142135623730951
295, 58, 370, 242, 368, 242, 2, 0, 0.0, 2.0
295, 59, 311, 240, 310, 241, 1, -1, -0.7853981633974483, 1.4142135623730951
295, 63, 48, 126, 47, 127, 1, -1, -0.7853981633974483, 1.4142135623730951
295, 64, 208, 172, 205, 171, 3, 1, 0.3217505543966422, 3.1622776601683795
295, 65, 435, 222, 434, 223, 1, -1, -0.7853981633974483, 1.4142135623730951
295, 73, 295, 260, 294, 261, 1, -1, -0.7853981633974483, 1.4142135623730951
295, 81, 34, 356, 32, 357, 2, -1, -0.4636476090008061, 2.23606797749979
295, 83, 129, 163, 131, 165, -2, -2, -2.356194490192345, 2.8284271247461903
295, 85, 102, 267, 101, 268, 1, -1, -0.7853981633974483, 1.4142135623730951
295, 88, 39, 122, 38, 123, 1, -1, -0.7853981633974483, 1.4142135623730951
296, 0, 428, 258, 426, 258, 2, 0, 0.0, 2.0
296, 7, 42, 155, 41, 156, 1, -1, -0.7853981633974483, 1.4142135623730951
296, 18, 95, 130, 94, 131, 1, -1, -0.7853981633974483, 1.4142135623730951
296, 32, 82, 339, 81, 340, 1, -1, -0.7853981633974483, 1.4142135623730951
296, 34, 301, 223, 300, 224, 1, -1, -0.7853981633974483, 1.4142135623730951
296, 35, 473, 259, 470, 259, 3, 0, 0.0, 3.0
296, 44, 469, 251, 467, 251, 2, 0, 0.0, 2.0
296, 55, 372, 242, 370, 242, 2, 0, 0.0, 2.0
296, 56, 312, 239, 311, 240, 1, -1, -0.7853981633974483, 1.4142135623730951
296, 58, 50, 153, 48, 153, 2, 0, 0.0, 2.0
296, 62, 437, 222, 435, 222, 2, 0, 0.0, 2.0
296, 64, 105, 225, 109, 225, -4, 0, 3.141592653589793, 4.0
296, 74, 180, 296, 179, 297, 1, -1, -0.7853981633974483, 1.4142135623730951
296, 78, 35, 355, 34, 356, 1, -1, -0.7853981633974483, 1.4142135623730951
296, 80, 127, 163, 129, 163, -2, 0, 3.141592653589793, 2.0
296, 88, 152, 251, 154, 253, -2, -2, -2.356194490192345, 2.8284271247461903
296, 89, 118, 222, 119, 221, -1, 1, 2.356194490192345, 1.4142135623730951
297, 0, 431, 258, 428, 258, 3, 0, 0.0, 3.0
297, 4, 16, 156, 15, 157, 1, -1, -0.7853981633974483, 1.4142135623730951
297, 12, 54, 176, 53, 177, 1, -1, -0.7853981633974483, 1.4142135623730951
297, 18, 96, 129, 95, 130, 1, -1, -0.7853981633974483, 1.4142135623730951
297, 21, 84, 303, 83, 304, 1, -1, -0.7853981633974483, 1.4142135623730951
297, 31, 83, 338, 82, 339, 1, -1, -0.7853981633974483, 1.4142135623730951
297, 33, 302, 222, 301, 223, 1, -1, -0.7853981633974483, 1.4142135623730951
297, 34, 476, 259, 473, 259, 3, 0, 0.0, 3.0
297, 38, 300, 251, 299, 253, 1, -2, -1.1071487177940904, 2.23606797749979
297, 41, 346, 219, 344, 220, 2, -1, -0.4636476090008061, 2.23606797749979
297, 43, 471, 251, 469, 251, 2, 0, 0.0, 2.0
297, 48, 48, 333, 47, 334, 1, -1, -0.7853981633974483, 1.4142135623730951
297, 54, 313, 238, 312, 239, 1, -1, -0.7853981633974483, 1.4142135623730951
297, 59, 439, 222, 437, 222, 2, 0, 0.0, 2.0
297, 60, 319, 236, 318, 237, 1, -1, -0.7853981633974483, 1.4142135623730951
297, 74, 243, 320, 242, 321, 1, -1, -0.7853981633974483, 1.4142135623730951
297, 76, 187, 216, 186, 217, 1, -1, -0.7853981633974483, 1.4142135623730951
297, 78, 42, 122, 40, 122, 2, 0, 0.0, 2.0
297, 81, 151, 249, 152, 251, -1, -2, -2.0344439357957027, 2.23606797749979
298, 0, 435, 258, 431, 258, 4, 0, 0.0, 4.0
298, 18, 97, 128, 96, 129, 1, -1, -0.7853981633974483, 1.4142135623730951
298, 23, 70, 149, 69, 150, 1, -1, -0.7853981633974483, 1.4142135623730951
298, 24, 16, 318, 15, 319, 1, -1, -0.7853981633974483, 1.4142135623730951
298, 34, 478, 259, 476, 259, 2, 0, 0.0, 2.0
298, 41, 348, 218, 346, 219, 2, -1, -0.4636476090008061, 2.23606797749979
298, 53, 376, 242, 373, 242, 3, 0, 0.0, 3.0
298, 57, 52, 126, 50, 126, 2, 0, 0.0, 2.0
298, 59, 440, 221, 439, 222, 1, -1, -0.7853981633974483, 1.4142135623730951
299, 0, 436, 257, 435, 258, 1, -1, -0.7853981633974483, 1.4142135623730951
299, 12, 56, 175, 55, 176, 1, -1, -0.7853981633974483, 1.4142135623730951
299, 18, 99, 128, 97, 128, 2, 0, 0.0, 2.0
299, 23, 71, 148, 70, 149, 1, -1, -0.7853981633974483, 1.4142135623730951
299, 24, 17, 317, 16, 318, 1, -1, -0.7853981633974483, 1.4142135623730951
299, 31, 85, 337, 84, 338, 1, -1, -0.7853981633974483, 1.4142135623730951
299, 33, 303, 220, 302, 221, 1, -1, -0.7853981633974483, 1.4142135623730951
299, 34, 480, 258, 478, 259, 2, -1, -0.4636476090008061, 2.23606797749979
299, 41, 350, 217, 348, 218, 2, -1, -0.4636476090008061, 2.23606797749979
299, 45, 99, 157, 97, 157, 2, 0, 0.0, 2.0
299, 47, 49, 332, 48, 333, 1, -1, -0.7853981633974483, 1.4142135623730951
299, 50, 130, 238, 129, 239, 1, -1, -0.7853981633974483, 1.4142135623730951
299, 52, 378, 242, 376, 242, 2, 0, 0.0, 2.0
299, 54, 111, 244, 109, 245, 2, -1, -0.4636476090008061, 2.23606797749979
299, 58, 442, 221, 440, 221, 2, 0, 0.0, 2.0
299, 72, 40, 353, 37, 355, 3, -2, -0.5880026035475675, 3.605551275463989
299, 73, 244, 319, 243, 320, 1, -1, -0.7853981633974483, 1.4142135623730951
300, 3, 432, 259, 430, 259, 2, 0, 0.0, 2.0
300, 20, 32, 184, 31, 185, 1, -1, -0.7853981633974483, 1.4142135623730951
300, 25, 96, 131, 95, 132, 1, -1, -0.7853981633974483, 1.4142135623730951
300, 29, 98, 184, 97, 185, 1, -1, -0.7853981633974483, 1.4142135623730951
300, 32, 468, 258, 466, 257, 2, 1, 0.4636476090008061, 2.23606797749979
300, 35, 43, 354, 41, 355, 2, -1, -0.4636476090008061, 2.23606797749979
300, 56, 69, 284, 67, 284, 2, 0, 0.0, 2.0
300, 57, 126, 266, 125, 267, 1, -1, -0.7853981633974483, 1.4142135623730951
300, 58, 314, 239, 313, 240, 1, -1, -0.7853981633974483, 1.4142135623730951
300, 60, 349, 226, 346, 227, 3, -1, -0.3217505543966422, 3.1622776601683795
300, 62, 303, 220, 302, 221, 1, -1, -0.7853981633974483, 1.4142135623730951
300, 63, 49, 221, 48, 222, 1, -1, -0.7853981633974483, 1.4142135623730951
300, 64, 65, 318, 67, 318, -2, 0, 3.141592653589793, 2.0
300, 71, 277, 232, 276, 233, 1, -1, -0.7853981633974483, 1.4142135623730951
300, 74, 444, 222, 442, 223, 2, -1, -0.4636476090008061, 2.23606797749979
301, 3, 434, 259, 432, 259, 2, 0, 0.0, 2.0
301, 10, 243, 235, 242, 236, 1, -1, -0.7853981633974483, 1.4142135623730951
301, 13, 196, 214, 195, 215, 1, -1, -0.7853981633974483, 1.4142135623730951
301, 25, 98, 131, 96, 131, 2, 0, 0.0, 2.0
301, 32, 470, 257, 468, 258, 2, -1, -0.4636476090008061, 2.23606797749979
301, 33, 477, 257, 474, 258, 3, -1, -0.3217505543966422, 3.1622776601683795
301, 35, 45, 353, 43, 354, 2, -1, -0.4636476090008061, 2.23606797749979
301, 38, 374, 243, 372, 243, 2, 0, 0.0, 2.0
301, 42, 271, 219, 269, 219, 2, 0, 0.0, 2.0
301, 49, 223, 333, 222, 334, 1, -1, -0.7853981633974483, 1.4142135623730951
301, 56, 315, 238, 314, 239, 1, -1, -0.7853981633974483, 1.4142135623730951
301, 58, 350, 225, 349, 226, 1, -1, -0.7853981633974483, 1.4142135623730951
301, 60, 304, 219, 303, 220, 1, -1, -0.7853981633974483, 1.4142135623730951
301, 62, 66, 317, 65, 318, 1, -1, -0.7853981633974483, 1.4142135623730951
301, 64, 256, 298, 255, 299, 1, -1, -0.7853981633974483, 1.4142135623730951
301, 68, 495, 230, 497, 229, -2, 1, 2.677945044588987, 2.23606797749979
301, 70, 446, 221, 444, 222, 2, -1, -0.4636476090008061, 2.23606797749979
302, 3, 436, 259, 434, 259, 2, 0, 0.0, 2.0
302, 25, 99, 130, 98, 131, 1, -1, -0.7853981633974483, 1.4142135623730951
302, 32, 471, 256, 470, 257, 1, -1, -0.7853981633974483, 1.4142135623730951
302, 33, 480, 257, 477, 257, 3, 0, 0.0, 3.0
302, 35, 46, 352, 45, 353, 1, -1, -0.7853981633974483, 1.4142135623730951
302, 43, 203, 149, 201, 149, 2, 0, 0.0, 2.0
302, 54, 127, 264, 126, 265, 1, -1, -0.7853981633974483, 1.4142135623730951
302, 55, 316, 237, 315, 238, 1, -1, -0.7853981633974483, 1.4142135623730951
302, 57, 352, 225, 350, 225, 2, 0, 0.0, 2.0
302, 66, 279, 231, 278, 232, 1, -1, -0.7853981633974483, 1.4142135623730951
302, 68, 64, 231, 63, 232, 1, -1, -0.7853981633974483, 1.4142135623730951
302, 69, 448, 220, 446, 221, 2, -1, -0.4636476090008061, 2.23606797749979
303, 3, 438, 258, 436, 259, 2, -1, -0.4636476090008061, 2.23606797749979
303, 8, 46, 154, 45, 155, 1, -1, -0.7853981633974483, 1.4142135623730951
303, 13, 197, 212, 196, 213, 1, -1, -0.7853981633974483, 1.4142135623730951
303, 22, 11, 254, 10, 255, 1, -1, -0.7853981633974483, 1.4142135623730951
303, 24, 149, 248, 149, 250, 0, -2, -1.5707963267948966, 2.0
303, 26, 29, 268, 28, 269, 1, -1, -0.7853981633974483, 1.4142135623730951
303, 32, 472, 258, 471, 256, 1, 2, 1.1071487177940904, 2.23606797749979
303, 33, 482, 256, 480, 257, 2, -1, -0.4636476090008061, 2.23606797749979
303, 35, 48, 351, 46, 352, 2, -1, -0.4636476090008061, 2.23606797749979
303, 38, 198, 289, 199, 288, -1, 1, 2.356194490192345, 1.4142135623730951
303, 51, 168, 341, 169, 339, -1, 2, 2.0344439357957027, 2.23606797749979
303, 53, 68, 283, 69, 282, -1, 1, 2.356194490192345, 1.4142135623730951
303, 55, 317, 236, 316, 237, 1, -1, -0.7853981633974483, 1.4142135623730951
303, 57, 354, 225, 352, 225, 2, 0, 0.0, 2.0
303, 65, 280, 230, 279, 231, 1, -1, -0.7853981633974483, 1.4142135623730951
303, 66, 495, 231, 494, 230, 1, 1, 0.7853981633974483, 1.4142135623730951
303, 67, 66, 231, 64, 231, 2, 0, 0.0, 2.0
303, 68, 450, 220, 448, 220, 2, 0, 0.0, 2.0
303, 69, 176, 331, 179, 331, -3, 0, 3.141592653589793, 3.0
303, 70, 198, 149, 196, 149, 2, 0, 0.0, 2.0
304, 3, 441, 258, 438, 258, 3, 0, 0.0, 3.0
304, 4, 152, 178, 151, 179, 1, -1, -0.7853981633974483, 1.4142135623730951
304, 5, 20, 234, 19, 235, 1, -1, -0.7853981633974483, 1.4142135623730951
304, 10, 245, 233, 244, 234, 1, -1, -0.7853981633974483, 1.4142135623730951
304, 13, 194, 214, 197, 212, -3, 2, 2.5535900500422257, 3.605551275463989
304, 18, 77, 151, 76, 150, 1, 1, 0.7853981633974483, 1.4142135623730951
304, 25, 101, 129, 100, 130, 1, -1, -0.7853981633974483, 1.4142135623730951
304, 33, 484, 255, 482, 256, 2, -1, -0.4636476090008061, 2.23606797749979
304, 35, 49, 350, 48, 351, 1, -1, -0.7853981633974483, 1.4142135623730951
304, 37, 378, 243, 376, 243, 2, 0, 0.0, 2.0
304, 38, 197, 290, 198, 289, -1, 1, 2.356194490192345, 1.4142135623730951
304, 42, 203, 147, 203, 149, 0, -2, -1.5707963267948966, 2.0
304, 52, 69, 282, 68, 283, 1, -1, -0.7853981633974483, 1.4142135623730951
304, 56, 356, 225, 354, 225, 2, 0, 0.0, 2.0
304, 59, 50, 219, 49, 220, 1, -1, -0.7853981633974483, 1.4142135623730951
304, 60, 67, 316, 66, 317, 1, -1, -0.7853981633974483, 1.4142135623730951
304, 61, 182, 174, 181, 175, 1, -1, -0.7853981633974483, 1.4142135623730951
304, 65, 499, 232, 495, 231, 4, 1, 0.24497866312686414, 4.123105625617661
305, 3, 438, 259, 436, 260, 2, -1, -0.4636476090008061, 2.23606797749979
305, 6, 5, 277, 4, 278, 1, -1, -0.7853981633974483, 1.4142135623730951
305, 14, 250, 235, 249, 236, 1, -1, -0.7853981633974483, 1.4142135623730951
305, 24, 99, 131, 98, 132, 1, -1, -0.7853981633974483, 1.4142135623730951
305, 25, 150, 251, 150, 253, 0, -2, -1.5707963267948966, 2.0
305, 26, 49, 160, 48, 161, 1, -1, -0.7853981633974483, 1.4142135623730951
305, 27, 483, 252, 480, 252, 3, 0, 0.0, 3.0
305, 31, 20, 319, 19, 320, 1, -1, -0.7853981633974483, 1.4142135623730951
305, 43, 51, 220, 50, 221, 1, -1, -0.7853981633974483, 1.4142135623730951
305, 45, 101, 287, 100, 288, 1, -1, -0.7853981633974483, 1.4142135623730951
305, 49, 62, 316, 61, 317, 1, -1, -0.7853981633974483, 1.4142135623730951
305, 50, 451, 220, 449, 221, 2, -1, -0.4636476090008061, 2.23606797749979
305, 53, 481, 258, 479, 259, 2, -1, -0.4636476090008061, 2.23606797749979
305, 54, 29, 208, 28, 209, 1, -1, -0.7853981633974483, 1.4142135623730951
305, 64, 323, 239, 321, 240, 2, -1, -0.4636476090008061, 2.23606797749979
305, 65, 45, 354, 43, 355, 2, -1, -0.4636476090008061, 2.23606797749979
306, 1, 22, 234, 21, 235, 1, -1, -0.7853981633974483, 1.4142135623730951
306, 3, 440, 258, 438, 259, 2, -1, -0.4636476090008061, 2.23606797749979
306, 16, 25, 163, 23, 163, 2, 0, 0.0, 2.0
306, 20, 38, 183, 37, 184, 1, -1, -0.7853981633974483, 1.4142135623730951
306, 23, 100, 129, 99, 131, 1, -2, -1.1071487177940904, 2.23606797749979
306, 25, 50, 159, 49, 160, 1, -1, -0.7853981633974483, 1.4142135623730951
306, 26, 486, 252, 483, 252, 3, 0, 0.0, 3.0
306, 30, 21, 318, 20, 319, 1, -1, -0.7853981633974483, 1.4142135623730951
306, 39, 301, 256, 300, 257, 1, -1, -0.7853981633974483, 1.4142135623730951
306, 41, 52, 219, 51, 220, 1, -1, -0.7853981633974483, 1.4142135623730951
306, 48, 453, 219, 451, 220, 2, -1, -0.4636476090008061, 2.23606797749979
306, 49, 5, 297, 4, 298, 1, -1, -0.7853981633974483, 1.4142135623730951
306, 51, 484, 258, 481, 258, 3, 0, 0.0, 3.0
306, 52, 30, 207, 29, 208, 1, -1, -0.7853981633974483, 1.4142135623730951
306, 62, 324, 238, 323, 239, 1, -1, -0.7853981633974483, 1.4142135623730951
306, 63, 47, 353, 45, 354, 2, -1, -0.4636476090008061, 2.23606797749979
307, 3, 442, 258, 440, 258, 2, 0, 0.0, 2.0
307, 5, 6, 276, 5, 277, 1, -1, -0.7853981633974483, 1.4142135623730951
307, 12, 251, 234, 250, 235, 1, -1, -0.7853981633974483, 1.4142135623730951
307, 13, 27, 163, 25, 163, 2, 0, 0.0, 2.0
307, 15, 138, 157, 140, 158, -2, -1, -2.677945044588987, 2.23606797749979
307, 19, 101, 128, 100, 129, 1, -1, -0.7853981633974483, 1.4142135623730951
307, 21, 51, 158, 50, 159, 1, -1, -0.7853981633974483, 1.4142135623730951
307, 22, 488, 251, 486, 252, 2, -1, -0.4636476090008061, 2.23606797749979
307, 29, 382, 244, 380, 244, 2, 0, 0.0, 2.0
307, 30, 94, 233, 93, 234, 1, -1, -0.7853981633974483, 1.4142135623730951
307, 37, 53, 218, 52, 219, 1, -1, -0.7853981633974483, 1.4142135623730951
307, 39, 102, 285, 101, 286, 1, -1, -0.7853981633974483, 1.4142135623730951
307, 44, 455, 219, 453, 219, 2, 0, 0.0, 2.0
307, 45, 6, 296, 5, 297, 1, -1, -0.7853981633974483, 1.4142135623730951
307, 52, 51, 124, 50, 125, 1, -1, -0.7853981633974483, 1.4142135623730951
307, 56, 325, 237, 324, 238, 1, -1, -0.7853981633974483, 1.4142135623730951
308, 1, 23, 233, 22, 234, 1, -1, -0.7853981633974483, 1.4142135623730951
308, 3, 444, 257, 442, 258, 2, -1, -0.4636476090008061, 2.23606797749979
308, 13, 28, 162, 27, 163, 1, -1, -0.7853981633974483, 1.4142135623730951
308, 17, 102, 127, 101, 128, 1, -1, -0.7853981633974483, 1.4142135623730951
308, 23, 91, 301, 90, 302, 1, -1, -0.7853981633974483, 1.4142135623730951
308, 31, 302, 254, 301, 255, 1, -1, -0.7853981633974483, 1.4142135623730951
308, 40, 457, 219, 455, 219, 2, 0, 0.0, 2.0
309, 1, 24, 232, 23, 233, 1, -1, -0.7853981633974483, 1.4142135623730951
309, 3, 446, 256, 444, 257, 2, -1, -0.4636476090008061, 2.23606797749979
309, 5, 7, 275, 6, 276, 1, -1, -0.7853981633974483, 1.4142135623730951
309, 14, 99, 180, 98, 181, 1, -1, -0.7853981633974483, 1.4142135623730951
309, 16, 103, 126, 102, 127, 1, -1, -0.7853981633974483, 1.4142135623730951
309, 22, 91, 299, 91, 301, 0, -2, -1.5707963267948966, 2.0
309, 26, 385, 244, 383, 244, 2, 0, 0.0, 2.0
309, 30, 302, 252, 302, 254, 0, -2, -1.5707963267948966, 2.0
309, 36, 62, 174, 61, 173, 1, 1, 0.7853981633974483, 1.4142135623730951
309, 39, 459, 219, 457, 219, 2, 0, 0.0, 2.0
309, 42, 488, 258, 486, 258, 2, 0, 0.0, 2.0
309, 47, 54, 124, 52, 124, 2, 0, 0.0, 2.0
309, 51, 50, 352, 49, 353, 1, -1, -0.7853981633974483, 1.4142135623730951
310, 0, 25, 234, 24, 235, 1, -1, -0.7853981633974483, 1.4142135623730951
310, 1, 445, 259, 443, 260, 2, -1, -0.4636476090008061, 2.23606797749979
310, 2, 5, 277, 4, 278, 1, -1, -0.7853981633974483, 1.4142135623730951
310, 11, 251, 239, 250, 240, 1, -1, -0.7853981633974483, 1.4142135623730951
310, 13, 104, 130, 103, 131, 1, -1, -0.7853981633974483, 1.4142135623730951
310, 18, 6, 297, 5, 298, 1, -1, -0.7853981633974483, 1.4142135623730951
310, 21, 152, 250, 151, 251, 1, -1, -0.7853981633974483, 1.4142135623730951
310, 25, 179, 230, 178, 231, 1, -1, -0.7853981633974483, 1.4142135623730951
310, 27, 481, 257, 479, 258, 2, -1, -0.4636476090008061, 2.23606797749979
310, 28, 362, 218, 360, 218, 2, 0, 0.0, 2.0
310, 30, 7, 126, 6, 127, 1, -1, -0.7853981633974483, 1.4142135623730951
310, 38, 458, 221, 456, 221, 2, 0, 0.0, 2.0
310, 47, 105, 252, 106, 251, -1, 1, 2.356194490192345, 1.4142135623730951
310, 49, 384, 245, 382, 246, 2, -1, -0.4636476090008061, 2.23606797749979
310, 51, 139, 182, 139, 184, 0, -2, -1.5707963267948966, 2.0
310, 58, 255, 320, 254, 321, 1, -1, -0.7853981633974483, 1.4142135623730951
310, 64, 212, 158, 210, 157, 2, 1, 0.4636476090008061, 2.23606797749979
310, 76, 8, 240, 7, 241, 1, -1, -0.7853981633974483, 1.4142135623730951
310, 77, 214, 309, 215, 308, -1, 1, 2.356194490192345, 1.4142135623730951
310, 85, 38, 153, 37, 154, 1, -1, -0.7853981633974483, 1.4142135623730951
310, 92, 230, 335, 229, 336, 1, -1, -0.7853981633974483, 1.4142135623730951
310, 94, 64, 352, 63, 353, 1, -1, -0.7853981633974483, 1.4142135623730951
310, 95, 55, 125, 53, 125, 2, 0, 0.0, 2.0
310, 97, 357, 222, 355, 223, 2, -1, -0.4636476090008061, 2.23606797749979
310, 102, 468, 252, 467, 253, 1, -1, -0.7853981633974483, 1.4142135623730951
310, 105, 284, 230, 283, 231, 1, -1, -0.7853981633974483, 1.4142135623730951
310, 106, 62, 176, 61, 177, 1, -1, -0.7853981633974483, 1.4142135623730951
311, 1, 449, 258, 445, 259, 4, -1, -0.24497866312686414, 4.123105625617661
311, 2, 6, 276, 5, 277, 1, -1, -0.7853981633974483, 1.4142135623730951
311, 13, 106, 129, 104, 130, 2, -1, -0.4636476090008061, 2.23606797749979
311, 18, 7, 296, 6, 297, 1, -1, -0.7853981633974483, 1.4142135623730951
311, 26, 484, 255, 481, 257, 3, -2, -0.5880026035475675, 3.605551275463989
311, 27, 364, 217, 362, 218, 2, -1, -0.4636476090008061, 2.23606797749979
311, 32, 101, 183, 100, 184, 1, -1, -0.7853981633974483, 1.4142135623730951
311, 35, 327, 241, 326, 242, 1, -1, -0.7853981633974483, 1.4142135623730951
311, 37, 460, 221, 458, 221, 2, 0, 0.0, 2.0
311, 40, 55, 160, 54, 161, 1, -1, -0.7853981633974483, 1.4142135623730951
311, 42, 261, 296, 260, 297, 1, -1, -0.7853981633974483, 1.4142135623730951
311, 49, 303, 254, 302, 255, 1, -1, -0.7853981633974483, 1.4142135623730951
311, 53, 491, 252, 488, 253, 3, -1, -0.3217505543966422, 3.1622776601683795
311, 60, 53, 354, 52, 355, 1, -1, -0.7853981633974483, 1.4142135623730951
311, 61, 215, 159, 212, 158, 3, 1, 0.3217505543966422, 3.1622776601683795
311, 66, 264, 219, 262, 219, 2, 0, 0.0, 2.0
311, 72, 80, 319, 81, 318, -1, 1, 2.356194490192345, 1.4142135623730951
311, 74, 212, 310, 214, 309, -2, 1, 2.677945044588987, 2.23606797749979
311, 79, 117, 206, 118, 208, -1, -2, -2.0344439357957027, 2.23606797749979
311, 84, 159, 250, 161, 250, -2, 0, 3.141592653589793, 2.0
311, 85, 29, 186, 28, 187, 1, -1, -0.7853981633974483, 1.4142135623730951
311, 90, 65, 351, 64, 352, 1, -1, -0.7853981633974483, 1.4142135623730951
311, 93, 359, 221, 357, 222, 2, -1, -0.4636476090008061, 2.23606797749979
311, 98, 465, 252, 468, 252, -3, 0, 3.141592653589793, 3.0
311, 101, 285, 229, 284, 230, 1, -1, -0.7853981633974483, 1.4142135623730951
312, 0, 26, 233, 25, 234, 1, -1, -0.7853981633974483, 1.4142135623730951
312, 1, 451, 257, 449, 258, 2, -1, -0.4636476090008061, 2.23606797749979
312, 9, 31, 269, 30, 270, 1, -1, -0.7853981633974483, 1.4142135623730951
312, 13, 107, 128, 106, 129, 1, -1, -0.7853981633974483, 1.4142135623730951
312, 15, 48, 155, 47, 156, 1, -1, -0.7853981633974483, 1.4142135623730951
312, 26, 366, 217, 364, 217, 2, 0, 0.0, 2.0
312, 28, 10, 125, 8, 126, 2, -1, -0.4636476090008061, 2.23606797749979
312, 29, 142, 271, 141, 272, 1, -1, -0.7853981633974483, 1.4142135623730951
312, 30, 90, 345, 89, 344, 1, 1, 0.7853981633974483, 1.4142135623730951
312, 31, 102, 182, 101, 183, 1, -1, -0.7853981633974483, 1.4142135623730951
312, 34, 328, 240, 327, 241, 1, -1, -0.7853981633974483, 1.4142135623730951
312, 36, 462, 220, 460, 221, 2, -1, -0.4636476090008061, 2.23606797749979
312, 38, 111, 214, 110, 216, 1, -2, -1.1071487177940904, 2.23606797749979
312, 43, 30, 162, 29, 163, 1, -1, -0.7853981633974483, 1.4142135623730951
312, 49, 65, 317, 64, 318, 1, -1, -0.7853981633974483, 1.4142135623730951
312, 52, 493, 252, 491, 252, 2, 0, 0.0, 2.0
312, 69, 15, 339, 14, 340, 1, -1, -0.7853981633974483, 1.4142135623730951
312, 82, 157, 250, 159, 250, -2, 0, 3.141592653589793, 2.0
312, 86, 231, 334, 230, 335, 1, -1, -0.7853981633974483, 1.4142135623730951
312, 91, 360, 220, 359, 221, 1, -1, -0.7853981633974483, 1.4142135623730951
312, 96, 468, 251, 465, 252, 3, -1, -0.3217505543966422, 3.1622776601683795
312, 99, 286, 228, 285, 229, 1, -1, -0.7853981633974483, 1.4142135623730951
313, 1, 453, 257, 451, 257, 2, 0, 0.0, 2.0
313, 2, 7, 275, 6, 276, 1, -1, -0.7853981633974483, 1.4142135623730951
313, 13, 108, 127, 107, 128, 1, -1, -0.7853981633974483, 1.4142135623730951
313, 16, 9, 295, 8, 296, 1, -1, -0.7853981633974483, 1.4142135623730951
313, 24, 487, 255, 485, 255, 2, 0, 0.0, 2.0
313, 25, 367, 216, 366, 217, 1, -1, -0.7853981633974483, 1.4142135623730951
313, 27, 12, 125, 10, 125, 2, 0, 0.0, 2.0
313, 35, 464, 219, 462, 220, 2, -1, -0.4636476090008061, 2.23606797749979
313, 38, 58, 159, 56, 160, 2, -1, -0.4636476090008061, 2.23606797749979
313, 45, 388, 245, 386, 245, 2, 0, 0.0, 2.0
313, 47, 304, 252, 303, 253, 1, -1, -0.7853981633974483, 1.4142135623730951
313, 50, 495, 251, 493, 252, 2, -1, -0.4636476090008061, 2.23606797749979
313, 55, 80, 150, 79, 151, 1, -1, -0.7853981633974483, 1.4142135623730951
313, 56, 55, 353, 54, 354, 1, -1, -0.7853981633974483, 1.4142135623730951
313, 57, 216, 157, 216, 159, 0, -2, -1.5707963267948966, 2.0
313, 64, 81, 239, 83, 239, -2, 0, 3.141592653589793, 2.0
313, 86, 362, 219, 360, 220, 2, -1, -0.4636476090008061, 2.23606797749979
313, 91, 472, 251, 468, 251, 4, 0, 0.0, 4.0
313, 94, 287, 227, 286, 228, 1, -1, -0.7853981633974483, 1.4142135623730951
314, 0, 27, 232, 26, 233, 1, -1, -0.7853981633974483, 1.4142135623730951
314, 1, 455, 257, 453, 257, 2, 0, 0.0, 2.0
314, 3, 236, 144, 235, 145, 1, -1, -0.7853981633974483, 1.4142135623730951
314, 11, 254, 237, 253, 238, 1, -1, -0.7853981633974483, 1.4142135623730951
314, 13, 109, 126, 108, 127, 1, -1, -0.7853981633974483, 1.4142135623730951
314, 16, 10, 294, 9, 295, 1, -1, -0.7853981633974483, 1.4142135623730951
314, 24, 489, 254, 487, 255, 2, -1, -0.4636476090008061, 2.23606797749979
314, 25, 369, 215, 367, 216, 2, -1, -0.4636476090008061, 2.23606797749979
314, 27, 14, 125, 12, 125, 2, 0, 0.0, 2.0
314, 29, 91, 346, 90, 345, 1, 1, 0.7853981633974483, 1.4142135623730951
314, 42, 31, 161, 30, 162, 1, -1, -0.7853981633974483, 1.4142135623730951
314, 44, 390, 245, 388, 245, 2, 0, 0.0, 2.0
314, 51, 257, 317, 256, 318, 1, -1, -0.7853981633974483, 1.4142135623730951
314, 55, 57, 353, 55, 353, 2, 0, 0.0, 2.0
314, 56, 216, 155, 216, 157, 0, -2, -1.5707963267948966, 2.0
314, 65, 77, 319, 79, 319, -2, 0, 3.141592653589793, 2.0
314, 80, 59, 124, 58, 125, 1, -1, -0.7853981633974483, 1.4142135623730951
314, 82, 364, 218, 362, 219, 2, -1, -0.4636476090008061, 2.23606797749979
314, 87, 475, 251, 472, 251, 3, 0, 0.0, 3.0
315, 21, 110, 131, 108, 131, 2, 0, 0.0, 2.0
315, 28, 13, 127, 11, 127, 2, 0, 0.0, 2.0
315, 30, 16, 255, 15, 256, 1, -1, -0.7853981633974483, 1.4142135623730951
315, 40, 58, 355, 56, 355, 2, 0, 0.0, 2.0
315, 45, 496, 258, 494, 259, 2, -1, -0.4636476090008061, 2.23606797749979
315, 54, 304, 254, 303, 255, 1, -1, -0.7853981633974483, 1.4142135623730951
315, 58, 389, 245, 387, 245, 2, 0, 0.0, 2.0
315, 59, 369, 217, 368, 218, 1, -1, -0.7853981633974483, 1.4142135623730951
315, 63, 463, 217, 461, 218, 2, -1, -0.4636476090008061, 2.23606797749979
315, 68, 517, 228, 515, 229, 2, -1, -0.4636476090008061, 2.23606797749979
315, 71, 58, 159, 57, 160, 1, -1, -0.7853981633974483, 1.4142135623730951
315, 75, 146, 340, 147, 339, -1, 1, 2.356194490192345, 1.4142135623730951
315, 76, 72, 322, 71, 323, 1, -1, -0.7853981633974483, 1.4142135623730951
315, 77, 404, 221, 403, 222, 1, -1, -0.7853981633974483, 1.4142135623730951
315, 79, 328, 237, 327, 238, 1, -1, -0.7853981633974483, 1.4142135623730951
315, 80, 362, 221, 360, 222, 2, -1, -0.4636476090008061, 2.23606797749979
315, 86, 10, 340, 9, 341, 1, -1, -0.7853981633974483, 1.4142135623730951
316, 4, 32, 233, 31, 234, 1, -1, -0.7853981633974483, 1.4142135623730951
316, 10, 55, 152, 53, 153, 2, -1, -0.4636476090008061, 2.23606797749979
316, 21, 111, 130, 110, 131, 1, -1, -0.7853981633974483, 1.4142135623730951
316, 30, 17, 254, 16, 255, 1, -1, -0.7853981633974483, 1.4142135623730951
316, 38, 263, 238, 262, 239, 1, -1, -0.7853981633974483, 1.4142135623730951
316, 40, 60, 355, 58, 355, 2, 0, 0.0, 2.0
316, 45, 498, 257, 496, 258, 2, -1, -0.4636476090008061, 2.23606797749979
316, 58, 391, 245, 389, 245, 2, 0, 0.0, 2.0
316, 59, 370, 216, 369, 217, 1, -1, -0.7853981633974483, 1.4142135623730951
316, 63, 465, 216, 463, 217, 2, -1, -0.4636476090008061, 2.23606797749979
316, 67, 519, 227, 517, 228, 2, -1, -0.4636476090008061, 2.23606797749979
316, 69, 59, 158, 58, 159, 1, -1, -0.7853981633974483, 1.4142135623730951
316, 77, 330, 236, 328, 237, 2, -1, -0.4636476090008061, 2.23606797749979
316, 78, 364, 220, 362, 221, 2, -1, -0.4636476090008061, 2.23606797749979
316, 84, 11, 339, 10, 340, 1, -1, -0.7853981633974483, 1.4142135623730951
317, 3, 8, 275, 7, 276, 1, -1, -0.7853981633974483, 1.4142135623730951
317, 4, 33, 232, 32, 233, 1, -1, -0.7853981633974483, 1.4142135623730951
317, 12, 453, 260, 451, 260, 2, 0, 0.0, 2.0
317, 40, 62, 354, 60, 355, 2, -1, -0.4636476090008061, 2.23606797749979
317, 45, 500, 257, 498, 257, 2, 0, 0.0, 2.0
317, 54, 305, 253, 304, 254, 1, -1, -0.7853981633974483, 1.4142135623730951
317, 58, 393, 245, 391, 245, 2, 0, 0.0, 2.0
317, 59, 372, 216, 370, 216, 2, 0, 0.0, 2.0
317, 63, 467, 215, 465, 216, 2, -1, -0.4636476090008061, 2.23606797749979
317, 67, 521, 226, 519, 227, 2, -1, -0.4636476090008061, 2.23606797749979
317, 68, 211, 145, 210, 146, 1, -1, -0.7853981633974483, 1.4142135623730951
317, 70, 67, 130, 66, 131, 1, -1, -0.7853981633974483, 1.4142135623730951
317, 73, 144, 341, 145, 340, -1, 1, 2.356194490192345, 1.4142135623730951
317, 75, 406, 220, 405, 221, 1, -1, -0.7853981633974483, 1.4142135623730951
317, 77, 332, 236, 330, 236, 2, 0, 0.0, 2.0
317, 78, 366, 218, 364, 220, 2, -2, -0.7853981633974483, 2.8284271247461903
317, 80, 224, 334, 223, 335, 1, -1, -0.7853981633974483, 1.4142135623730951
318, 9, 66, 171, 65, 172, 1, -1, -0.7853981633974483, 1.4142135623730951
318, 10, 455, 260, 453, 260, 2, 0, 0.0, 2.0
318, 17, 94, 298, 93, 299, 1, -1, -0.7853981633974483, 1.4142135623730951
318, 28, 18, 253, 17, 254, 1, -1, -0.7853981633974483, 1.4142135623730951
318, 38, 64, 353, 62, 354, 2, -1, -0.4636476090008061, 2.23606797749979
318, 42, 179, 229, 180, 228, -1, 1, 2.356194490192345, 1.4142135623730951
318, 43, 503, 257, 500, 257, 3, 0, 0.0, 3.0
318, 52, 306, 252, 305, 253, 1, -1, -0.7853981633974483, 1.4142135623730951
318, 54, 209, 313, 208, 314, 1, -1, -0.7853981633974483, 1.4142135623730951
318, 56, 395, 245, 393, 245, 2, 0, 0.0, 2.0
318, 57, 373, 215, 372, 216, 1, -1, -0.7853981633974483, 1.4142135623730951
318, 61, 469, 214, 467, 215, 2, -1, -0.4636476090008061, 2.23606797749979
318, 68, 69, 129, 67, 130, 2, -1, -0.4636476090008061, 2.23606797749979
318, 72, 73, 321, 72, 322, 1, -1, -0.7853981633974483, 1.4142135623730951
318, 73, 407, 219, 406, 220, 1, -1, -0.7853981633974483, 1.4142135623730951
318, 76, 368, 217, 366, 218, 2, -1, -0.4636476090008061, 2.23606797749979
318, 78, 225, 333, 224, 334, 1, -1, -0.7853981633974483, 1.4142135623730951
319, 3, 34, 231, 33, 232, 1, -1, -0.7853981633974483, 1.4142135623730951
319, 10, 460, 260, 455, 260, 5, 0, 0.0, 5.0
319, 18, 131, 222, 134, 222, -3, 0, 3.141592653589793, 3.0
319, 19, 114, 129, 113, 130, 1, -1, -0.7853981633974483, 1.4142135623730951
319, 38, 65, 352, 64, 353, 1, -1, -0.7853981633974483, 1.4142135623730951
319, 39, 12, 296, 11, 297, 1, -1, -0.7853981633974483, 1.4142135623730951
319, 40, 130, 269, 129, 270, 1, -1, -0.7853981633974483, 1.4142135623730951
319, 43, 505, 257, 503, 257, 2, 0, 0.0, 2.0
319, 56, 396, 244, 395, 245, 1, -1, -0.7853981633974483, 1.4142135623730951
319, 61, 470, 213, 469, 214, 1, -1, -0.7853981633974483, 1.4142135623730951
319, 65, 524, 227, 522, 226, 2, 1, 0.4636476090008061, 2.23606797749979
319, 68, 71, 128, 69, 129, 2, -1, -0.4636476090008061, 2.23606797749979
319, 71, 142, 342, 143, 341, -1, 1, 2.356194490192345, 1.4142135623730951
319, 73, 409, 219, 407, 219, 2, 0, 0.0, 2.0
319, 76, 370, 216, 368, 217, 2, -1, -0.4636476090008061, 2.23606797749979
320, 0, 459, 260, 457, 260, 2, 0, 0.0, 2.0
320, 10, 87, 150, 86, 151, 1, -1, -0.7853981633974483, 1.4142135623730951
320, 15, 155, 246, 153, 248, 2, -2, -0.7853981633974483, 2.8284271247461903
320, 18, 190, 298, 189, 300, 1, -2, -1.1071487177940904, 2.23606797749979
320, 26, 69, 174, 68, 175, 1, -1, -0.7853981633974483, 1.4142135623730951
320, 30, 232, 224, 231, 223, 1, 1, 0.7853981633974483, 1.4142135623730951
320, 32, 320, 227, 318, 227, 2, 0, 0.0, 2.0
320, 36, 62, 354, 61, 355, 1, -1, -0.7853981633974483, 1.4142135623730951
320, 38, 373, 222, 371, 223, 2, -1, -0.4636476090008061, 2.23606797749979
320, 41, 74, 322, 70, 324, 4, -2, -0.4636476090008061, 4.47213595499958
320, 45, 75, 240, 71, 240, 4, 0, 0.0, 4.0
320, 46, 146, 160, 145, 161, 1, -1, -0.7853981633974483, 1.4142135623730951
320, 65, 464, 220, 463, 222, 1, -2, -1.1071487177940904, 2.23606797749979
320, 66, 121, 308, 120, 309, 1, -1, -0.7853981633974483, 1.4142135623730951
320, 67, 493, 257, 492, 258, 1, -1, -0.7853981633974483, 1.4142135623730951
320, 74, 70, 130, 69, 131, 1, -1, -0.7853981633974483, 1.4142135623730951
321, 0, 461, 260, 459, 260, 2, 0, 0.0, 2.0
321, 5, 31, 159, 30, 158, 1, 1, 0.7853981633974483, 1.4142135623730951
321, 7, 10, 276, 9, 277, 1, -1, -0.7853981633974483, 1.4142135623730951
321, 26, 70, 173, 69, 174, 1, -1, -0.7853981633974483, 1.4142135623730951
321, 32, 321, 226, 320, 227, 1, -1, -0.7853981633974483, 1.4142135623730951
321, 34, 497, 251, 494, 251, 3, 0, 0.0, 3.0
321, 36, 64, 353, 62, 354, 2, -1, -0.4636476090008061, 2.23606797749979
321, 37, 18, 129, 17, 128, 1, 1, 0.7853981633974483, 1.4142135623730951
321, 38, 374, 221, 373, 222, 1, -1, -0.7853981633974483, 1.4142135623730951
321, 39, 113, 129, 112, 130, 1, -1, -0.7853981633974483, 1.4142135623730951
321, 63, 396, 246, 395, 247, 1, -1, -0.7853981633974483, 1.4142135623730951
321, 65, 465, 219, 464, 220, 1, -1, -0.7853981633974483, 1.4142135623730951
321, 67, 495, 258, 493, 257, 2, 1, 0.4636476090008061, 2.23606797749979
321, 74, 71, 129, 70, 130, 1, -1, -0.7853981633974483, 1.4142135623730951
321, 83, 41, 235, 40, 236, 1, -1, -0.7853981633974483, 1.4142135623730951
322, 0, 463, 259, 461, 260, 2, -1, -0.4636476090008061, 2.23606797749979
322, 6, 30, 234, 29, 235, 1, -1, -0.7853981633974483, 1.4142135623730951
322, 13, 504, 260, 502, 260, 2, 0, 0.0, 2.0
322, 33, 499, 250, 497, 251, 2, -1, -0.4636476090008061, 2.23606797749979
322, 34, 284, 301, 283, 300, 1, 1, 0.7853981633974483, 1.4142135623730951
322, 35, 65, 352, 64, 353, 1, -1, -0.7853981633974483, 1.4142135623730951
322, 45, 147, 158, 146, 159, 1, -1, -0.7853981633974483, 1.4142135623730951
322, 50, 230, 331, 229, 332, 1, -1, -0.7853981633974483, 1.4142135623730951
322, 63, 467, 218, 465, 219, 2, -1, -0.4636476090008061, 2.23606797749979
322, 65, 498, 257, 495, 258, 3, -1, -0.3217505543966422, 3.1622776601683795
322, 71, 72, 128, 71, 129, 1, -1, -0.7853981633974483, 1.4142135623730951
322, 80, 42, 234, 41, 235, 1, -1, -0.7853981633974483, 1.4142135623730951
323, 0, 464, 258, 463, 259, 1, -1, -0.7853981633974483, 1.4142135623730951
323, 5, 33, 160, 32, 159, 1, 1, 0.7853981633974483, 1.4142135623730951
323, 8, 143, 267, 142, 268, 1, -1, -0.7853981633974483, 1.4142135623730951
323, 13, 507, 259, 504, 260, 3, -1, -0.3217505543966422, 3.1622776601683795
323, 29, 322, 224, 321, 225, 1, -1, -0.7853981633974483, 1.4142135623730951
323, 31, 502, 250, 499, 250, 3, 0, 0.0, 3.0
323, 33, 67, 351, 65, 352, 2, -1, -0.4636476090008061, 2.23606797749979
323, 34, 21, 128, 19, 129, 2, -1, -0.4636476090008061, 2.23606797749979
323, 35, 377, 220, 375, 221, 2, -1, -0.4636476090008061, 2.23606797749979
323, 36, 114, 128, 113, 129, 1, -1, -0.7853981633974483, 1.4142135623730951
323, 42, 147, 156, 147, 158, 0, -2, -1.5707963267948966, 2.0
323, 46, 340, 241, 338, 241, 2, 0, 0.0, 2.0
323, 57, 399, 246, 397, 246, 2, 0, 0.0, 2.0
323, 59, 469, 217, 467, 218, 2, -1, -0.4636476090008061, 2.23606797749979
323, 61, 499, 256, 498, 257, 1, -1, -0.7853981633974483, 1.4142135623730951
323, 67, 73, 127, 72, 128, 1, -1, -0.7853981633974483, 1.4142135623730951
323, 70, 76, 280, 74, 281, 2, -1, -0.4636476090008061, 2.23606797749979
324, 0, 465, 257, 464, 258, 1, -1, -0.7853981633974483, 1.4142135623730951
324, 7, 11, 275, 10, 276, 1, -1, -0.7853981633974483, 1.4142135623730951
324, 12, 509, 258, 507, 259, 2, -1, -0.4636476090008061, 2.23606797749979
324, 30, 506, 250, 502, 250, 4, 0, 0.0, 4.0
324, 32, 23, 128, 21, 128, 2, 0, 0.0, 2.0
324, 33, 378, 219, 377, 220, 1, -1, -0.7853981633974483, 1.4142135623730951
324, 37, 133, 269, 132, 270, 1, -1, -0.7853981633974483, 1.4142135623730951
324, 40, 148, 155, 147, 156, 1, -1, -0.7853981633974483, 1.4142135623730951
324, 44, 341, 240, 340, 241, 1, -1, -0.7853981633974483, 1.4142135623730951
324, 45, 231, 328, 230, 330, 1, -2, -1.1071487177940904, 2.23606797749979
324, 54, 401, 245, 399, 246, 2, -1, -0.4636476090008061, 2.23606797749979
324, 56, 471, 217, 469, 217, 2, 0, 0.0, 2.0
324, 58, 500, 257, 499, 256, 1, 1, 0.7853981633974483, 1.4142135623730951
324, 64, 74, 126, 73, 127, 1, -1, -0.7853981633974483, 1.4142135623730951
324, 67, 77, 279, 76, 280, 1, -1, -0.7853981633974483, 1.4142135623730951
325, 0, 464, 259, 462, 260, 2, -1, -0.4636476090008061, 2.23606797749979
325, 8, 60, 154, 59, 155, 1, -1, -0.7853981633974483, 1.4142135623730951
325, 14, 23, 128, 21, 128, 2, 0, 0.0, 2.0
325, 23, 401, 248, 399, 248, 2, 0, 0.0, 2.0
325, 27, 116, 130, 115, 131, 1, -1, -0.7853981633974483, 1.4142135623730951
325, 30, 286, 274, 287, 276, -1, -2, -2.0344439357957027, 2.23606797749979
325, 38, 527, 229, 529, 230, -2, -1, -2.677945044588987, 2.23606797749979
325, 41, 145, 158, 147, 160, -2, -2, -2.356194490192345, 2.8284271247461903
325, 46, 218, 227, 219, 226, -1, 1, 2.356194490192345, 1.4142135623730951
325, 50, 68, 153, 66, 153, 2, 0, 0.0, 2.0
325, 54, 379, 221, 377, 222, 2, -1, -0.4636476090008061, 2.23606797749979
325, 58, 68, 354, 66, 355, 2, -1, -0.4636476090008061, 2.23606797749979
325, 65, 316, 223, 315, 224, 1, -1, -0.7853981633974483, 1.4142135623730951
325, 68, 72, 171, 71, 172, 1, -1, -0.7853981633974483, 1.4142135623730951
325, 70, 126, 218, 125, 219, 1, -1, -0.7853981633974483, 1.4142135623730951
325, 72, 79, 131, 78, 132, 1, -1, -0.7853981633974483, 1.4142135623730951
325, 73, 477, 220, 475, 220, 2, 0, 0.0, 2.0
325, 79, 146, 175, 145, 176, 1, -1, -0.7853981633974483, 1.4142135623730951
325, 80, 325, 225, 324, 226, 1, -1, -0.7853981633974483, 1.4142135623730951
325, 83, 507, 259, 505, 259, 2, 0, 0.0, 2.0
325, 86, 371, 255, 369, 255, 2, 0, 0.0, 2.0
325, 89, 71, 130, 70, 131, 1, -1, -0.7853981633974483, 1.4142135623730951
326, 0, 466, 259, 464, 259, 2, 0, 0.0, 2.0
326, 8, 61, 153, 60, 154, 1, -1, -0.7853981633974483, 1.4142135623730951
326, 14, 25, 128, 23, 128, 2, 0, 0.0, 2.0
326, 23, 403, 248, 401, 248, 2, 0, 0.0, 2.0
326, 26, 15, 296, 14, 297, 1, -1, -0.7853981633974483, 1.4142135623730951
326, 37, 525, 229, 527, 229, -2, 0, 3.141592653589793, 2.0
326, 49, 268, 234, 267, 233, 1, 1, 0.7853981633974483, 1.4142135623730951
326, 50, 41, 160, 39, 159, 2, 1, 0.4636476090008061, 2.23606797749979
326, 52, 380, 220, 379, 221, 1, -1, -0.7853981633974483, 1.4142135623730951
326, 56, 69, 353, 68, 354, 1, -1, -0.7853981633974483, 1.4142135623730951
326, 58, 492, 255, 494, 256, -2, -1, -2.677945044588987, 2.23606797749979
326, 61, 311, 253, 310, 254, 1, -1, -0.7853981633974483, 1.4142135623730951
326, 63, 317, 222, 316, 223, 1, -1, -0.7853981633974483, 1.4142135623730951
326, 71, 479, 220, 477, 220, 2, 0, 0.0, 2.0
326, 78, 326, 224, 325, 225, 1, -1, -0.7853981633974483, 1.4142135623730951
326, 81, 508, 258, 507, 259, 1, -1, -0.7853981633974483, 1.4142135623730951
327, 0, 468, 258, 466, 259, 2, -1, -0.4636476090008061, 2.23606797749979
327, 6, 182, 225, 181, 222, 1, 3, 1.2490457723982544, 3.1622776601683795
327, 13, 27, 128, 25, 128, 2, 0, 0.0, 2.0
327, 22, 405, 248, 403, 248, 2, 0, 0.0, 2.0
327, 26, 117, 129, 116, 130, 1, -1, -0.7853981633974483, 1.4142135623730951
327, 37, 143, 156, 145, 157, -2, -1, -2.677945044588987, 2.23606797749979
327, 49, 381, 219, 380, 220, 1, -1, -0.7853981633974483, 1.4142135623730951
327, 53, 70, 352, 69, 353, 1, -1, -0.7853981633974483, 1.4142135623730951
327, 59, 72, 318, 71, 319, 1, -1, -0.7853981633974483, 1.4142135623730951
327, 60, 318, 221, 317, 222, 1, -1, -0.7853981633974483, 1.4142135623730951
327, 68, 482, 220, 479, 220, 3, 0, 0.0, 3.0
327, 78, 511, 258, 508, 258, 3, 0, 0.0, 3.0
327, 86, 189, 176, 188, 177, 1, -1, -0.7853981633974483, 1.4142135623730951
328, 0, 471, 257, 468, 258, 3, -1, -0.3217505543966422, 3.1622776601683795
328, 2, 83, 196, 82, 195, 1, 1, 0.7853981633974483, 1.4142135623730951
328, 3, 36, 236, 34, 236, 2, 0, 0.0, 2.0
328, 21, 407, 248, 405, 248, 2, 0, 0.0, 2.0
328, 25, 118, 128, 117, 129, 1, -1, -0.7853981633974483, 1.4142135623730951
328, 33, 32, 272, 34, 272, -2, 0, 3.141592653589793, 2.0
328, 34, 141, 156, 143, 156, -2, 0, 3.141592653589793, 2.0
328, 44, 42, 161, 41, 160, 1, 1, 0.7853981633974483, 1.4142135623730951
328, 49, 357, 257, 358, 256, -1, 1, 2.356194490192345, 1.4142135623730951
328, 50, 71, 351, 70, 352, 1, -1, -0.7853981633974483, 1.4142135623730951
328, 57, 320, 219, 318, 221, 2, -2, -0.7853981633974483, 2.8284271247461903
328, 65, 484, 220, 482, 220, 2, 0, 0.0, 2.0
328, 72, 328, 223, 327, 224, 1, -1, -0.7853981633974483, 1.4142135623730951
328, 74, 212, 313, 210, 314, 2, -1, -0.4636476090008061, 2.23606797749979
328, 75, 513, 258, 511, 258, 2, 0, 0.0, 2.0
328, 78, 375, 256, 373, 255, 2, 1, 0.4636476090008061, 2.23606797749979
328, 80, 263, 295, 263, 298, 0, -3, -1.5707963267948966, 3.0
328, 81, 74, 129, 73, 130, 1, -1, -0.7853981633974483, 1.4142135623730951
328, 88, 211, 282, 209, 283, 2, -1, -0.4636476090008061, 2.23606797749979
329, 0, 474, 256, 471, 257, 3, -1, -0.3217505543966422, 3.1622776601683795
329, 12, 30, 128, 28, 128, 2, 0, 0.0, 2.0
329, 13, 263, 236, 262, 237, 1, -1, -0.7853981633974483, 1.4142135623730951
329, 23, 135, 269, 134, 270, 1, -1, -0.7853981633974483, 1.4142135623730951
329, 25, 119, 127, 118, 128, 1, -1, -0.7853981633974483, 1.4142135623730951
329, 39, 46, 307, 45, 306, 1, 1, 0.7853981633974483, 1.4142135623730951
329, 42, 270, 235, 269, 234, 1, 1, 0.7853981633974483, 1.4142135623730951
329, 45, 386, 218, 382, 219, 4, -1, -0.24497866312686414, 4.123105625617661
329, 46, 167, 341, 167, 343, 0, -2, -1.5707963267948966, 2.0
329, 47, 355, 257, 357, 257, -2, 0, 3.141592653589793, 2.0
329, 48, 72, 350, 71, 351, 1, -1, -0.7853981633974483, 1.4142135623730951
329, 50, 491, 252, 491, 254, 0, -2, -1.5707963267948966, 2.0
329, 63, 485, 219, 484, 220, 1, -1, -0.7853981633974483, 1.4142135623730951
329, 69, 144, 174, 146, 175, -2, -1, -2.677945044588987, 2.23606797749979
329, 73, 515, 257, 513, 258, 2, -1, -0.4636476090008061, 2.23606797749979
329, 77, 264, 294, 263, 295, 1, -1, -0.7853981633974483, 1.4142135623730951
329, 78, 75, 128, 74, 129, 1, -1, -0.7853981633974483, 1.4142135623730951
330, 1, 471, 260, 469, 260, 2, 0, 0.0, 2.0
330, 16, 28, 129, 26, 129, 2, 0, 0.0, 2.0
330, 24, 162, 163, 161, 164, 1, -1, -0.7853981633974483, 1.4142135623730951
330, 28, 120, 129, 119, 130, 1, -1, -0.7853981633974483, 1.4142135623730951
330, 29, 514, 251, 513, 252, 1, -1, -0.7853981633974483, 1.4142135623730951
330, 30, 18, 298, 17, 299, 1, -1, -0.7853981633974483, 1.4142135623730951
330, 36, 506, 259, 505, 260, 1, -1, -0.7853981633974483, 1.4142135623730951
330, 38, 409, 247, 407, 247, 2, 0, 0.0, 2.0
330, 40, 324, 224, 323, 225, 1, -1, -0.7853981633974483, 1.4142135623730951
330, 41, 234, 336, 233, 337, 1, -1, -0.7853981633974483, 1.4142135623730951
330, 54, 481, 221, 479, 221, 2, 0, 0.0, 2.0
330, 67, 69, 352, 68, 353, 1, -1, -0.7853981633974483, 1.4142135623730951
330, 75, 216, 152, 214, 152, 2, 0, 0.0, 2.0
330, 80, 261, 313, 259, 314, 2, -1, -0.4636476090008061, 2.23606797749979
330, 89, 9, 232, 8, 233, 1, -1, -0.7853981633974483, 1.4142135623730951
330, 91, 118, 204, 120, 204, -2, 0, 3.141592653589793, 2.0
330, 92, 515, 260, 512, 260, 3, 0, 0.0, 3.0
330, 95, 299, 229, 298, 230, 1, -1, -0.7853981633974483, 1.4142135623730951
330, 99, 23, 191, 21, 192, 2, -1, -0.4636476090008061, 2.23606797749979
331, 1, 473, 260, 471, 260, 2, 0, 0.0, 2.0
331, 16, 30, 129, 28, 129, 2, 0, 0.0, 2.0
331, 20, 147, 270, 146, 271, 1, -1, -0.7853981633974483, 1.4142135623730951
331, 28, 515, 250, 514, 251, 1, -1, -0.7853981633974483, 1.4142135623730951
331, 34, 508, 258, 506, 259, 2, -1, -0.4636476090008061, 2.23606797749979
331, 38, 325, 223, 324, 224, 1, -1, -0.7853981633974483, 1.4142135623730951
331, 39, 235, 334, 234, 336, 1, -2, -1.1071487177940904, 2.23606797749979
331, 40, 10, 207, 9, 208, 1, -1, -0.7853981633974483, 1.4142135623730951
331, 51, 483, 220, 481, 221, 2, -1, -0.4636476090008061, 2.23606797749979
331, 61, 347, 235, 346, 236, 1, -1, -0.7853981633974483, 1.4142135623730951
331, 63, 71, 351, 69, 352, 2, -1, -0.4636476090008061, 2.23606797749979
331, 66, 24, 360, 25, 358, -1, 2, 2.0344439357957027, 2.23606797749979
331, 67, 316, 248, 315, 249, 1, -1, -0.7853981633974483, 1.4142135623730951
331, 70, 79, 130, 78, 131, 1, -1, -0.7853981633974483, 1.4142135623730951
331, 72, 5, 168, 4, 169, 1, -1, -0.7853981633974483, 1.4142135623730951
331, 76, 262, 311, 261, 313, 1, -2, -1.1071487177940904, 2.23606797749979
331, 83, 209, 151, 208, 150, 1, 1, 0.7853981633974483, 1.4142135623730951
331, 86, 116, 203, 118, 204, -2, -1, -2.677945044588987, 2.23606797749979
331, 87, 518, 260, 515, 260, 3, 0, 0.0, 3.0
331, 90, 300, 228, 299, 229, 1, -1, -0.7853981633974483, 1.4142135623730951
331, 92, 2, 344, 3, 343, -1, 1, 2.356194490192345, 1.4142135623730951
331, 95, 227, 333, 226, 334, 1, -1, -0.7853981633974483, 1.4142135623730951
332, 1, 475, 260, 473, 260, 2, 0, 0.0, 2.0
332, 6, 36, 163, 35, 164, 1, -1, -0.7853981633974483, 1.4142135623730951
332, 13, 229, 227, 230, 226, -1, 1, 2.356194490192345, 1.4142135623730951
332, 16, 32, 129, 30, 129, 2, 0, 0.0, 2.0
332, 27, 122, 128, 120, 128, 2, 0, 0.0, 2.0
332, 29, 20, 297, 19, 298, 1, -1, -0.7853981633974483, 1.4142135623730951
332, 34, 510, 255, 508, 258, 2, -3, -0.982793723247329, 3.605551275463989
332, 36, 413, 246, 410, 247, 3, -1, -0.3217505543966422, 3.1622776601683795
332, 38, 327, 222, 325, 223, 2, -1, -0.4636476090008061, 2.23606797749979
332, 39, 236, 332, 235, 334, 1, -2, -1.1071487177940904, 2.23606797749979
332, 40, 12, 207, 10, 207, 2, 0, 0.0, 2.0
332, 44, 272, 234, 271, 235, 1, -1, -0.7853981633974483, 1.4142135623730951
332, 47, 150, 238, 151, 240, -1, -2, -2.0344439357957027, 2.23606797749979
332, 51, 485, 219, 483, 220, 2, -1, -0.4636476090008061, 2.23606797749979
332, 61, 349, 234, 347, 235, 2, -1, -0.4636476090008061, 2.23606797749979
332, 62, 87, 129, 85, 129, 2, 0, 0.0, 2.0
332, 63, 72, 350, 71, 351, 1, -1, -0.7853981633974483, 1.4142135623730951
332, 67, 317, 247, 316, 248, 1, -1, -0.7853981633974483, 1.4142135623730951
332, 69, 99, 150, 101, 152, -2, -2, -2.356194490192345, 2.8284271247461903
332, 70, 80, 129, 79, 130, 1, -1, -0.7853981633974483, 1.4142135623730951
332, 84, 116, 200, 116, 203, 0, -3, -1.5707963267948966, 3.0
332, 85, 520, 261, 518, 260, 2, 1, 0.4636476090008061, 2.23606797749979
332, 87, 301, 227, 300, 228, 1, -1, -0.7853981633974483, 1.4142135623730951
332, 91, 229, 332, 227, 333, 2, -1, -0.4636476090008061, 2.23606797749979
333, 1, 477, 260, 475, 260, 2, 0, 0.0, 2.0
333, 11, 65, 155, 64, 156, 1, -1, -0.7853981633974483, 1.4142135623730951
333, 16, 34, 129, 32, 129, 2, 0, 0.0, 2.0
333, 17, 265, 237, 264, 238, 1, -1, -0.7853981633974483, 1.4142135623730951
333, 27, 123, 127, 122, 128, 1, -1, -0.7853981633974483, 1.4142135623730951
333, 29, 21, 296, 20, 297, 1, -1, -0.7853981633974483, 1.4142135623730951
333, 36, 415, 246, 413, 246, 2, 0, 0.0, 2.0
333, 38, 328, 221, 327, 222, 1, -1, -0.7853981633974483, 1.4142135623730951
333, 39, 237, 331, 236, 332, 1, -1, -0.7853981633974483, 1.4142135623730951
333, 40, 13, 206, 12, 207, 1, -1, -0.7853981633974483, 1.4142135623730951
333, 48, 488, 218, 485, 219, 3, -1, -0.3217505543966422, 3.1622776601683795
333, 57, 351, 234, 349, 234, 2, 0, 0.0, 2.0
333, 58, 88, 128, 87, 129, 1, -1, -0.7853981633974483, 1.4142135623730951
333, 59, 73, 349, 72, 350, 1, -1, -0.7853981633974483, 1.4142135623730951
333, 61, 233, 264, 233, 266, 0, -2, -1.5707963267948966, 2.0
333, 63, 318, 246, 317, 247, 1, -1, -0.7853981633974483, 1.4142135623730951
333, 66, 81, 128, 80, 129, 1, -1, -0.7853981633974483, 1.4142135623730951
333, 72, 263, 310, 262, 311, 1, -1, -0.7853981633974483, 1.4142135623730951
333, 80, 522, 261, 520, 261, 2, 0, 0.0, 2.0
334, 1, 479, 260, 477, 260, 2, 0, 0.0, 2.0
334, 15, 36, 129, 34, 129, 2, 0, 0.0, 2.0
334, 25, 143, 223, 142, 224, 1, -1, -0.7853981633974483, 1.4142135623730951
334, 28, 22, 295, 21, 296, 1, -1, -0.7853981633974483, 1.4142135623730951
334, 32, 513, 256, 511, 255, 2, 1, 0.4636476090008061, 2.23606797749979
334, 34, 417, 245, 415, 246, 2, -1, -0.4636476090008061, 2.23606797749979
334, 36, 330, 220, 328, 221, 2, -1, -0.4636476090008061, 2.23606797749979
334, 46, 490, 217, 488, 218, 2, -1, -0.4636476090008061, 2.23606797749979
334, 55, 352, 233, 351, 234, 1, -1, -0.7853981633974483, 1.4142135623730951
334, 74, 213, 150, 211, 151, 2, -1, -0.4636476090008061, 2.23606797749979
334, 77, 525, 260, 522, 261, 3, -1, -0.3217505543966422, 3.1622776601683795
334, 79, 303, 226, 302, 227, 1, -1, -0.7853981633974483, 1.4142135623730951
334, 82, 230, 330, 229, 331, 1, -1, -0.7853981633974483, 1.4142135623730951
335, 0, 42, 236, 41, 237, 1, -1, -0.7853981633974483, 1.4142135623730951
335, 2, 478, 261, 476, 261, 2, 0, 0.0, 2.0
335, 13, 137, 269, 138, 271, -1, -2, -2.0344439357957027, 2.23606797749979
335, 14, 123, 129, 122, 130, 1, -1, -0.7853981633974483, 1.4142135623730951
335, 15, 150, 270, 150, 273, 0, -3, -1.5707963267948966, 3.0
335, 17, 271, 237, 270, 238, 1, -1, -0.7853981633974483, 1.4142135623730951
335, 20, 413, 248, 411, 248, 2, 0, 0.0, 2.0
335, 25, 35, 130, 32, 130, 3, 0, 0.0, 3.0
335, 29, 105, 155, 103, 155, 2, 0, 0.0, 2.0
335, 34, 40, 165, 39, 167, 1, -2, -1.1071487177940904, 2.23606797749979
335, 39, 66, 158, 65, 160, 1, -2, -1.1071487177940904, 2.23606797749979
335, 43, 112, 290, 111, 291, 1, -1, -0.7853981633974483, 1.4142135623730951
335, 44, 391, 215, 389, 216, 2, -1, -0.4636476090008061, 2.23606797749979
335, 50, 488, 220, 486, 221, 2, -1, -0.4636476090008061, 2.23606797749979
335, 52, 521, 260, 519, 260, 2, 0, 0.0, 2.0
335, 53, 153, 153, 152, 154, 1, -1, -0.7853981633974483, 1.4142135623730951
335, 61, 52, 149, 52, 151, 0, -2, -1.5707963267948966, 2.0
335, 63, 149, 266, 146, 265, 3, 1, 0.3217505543966422, 3.1622776601683795
335, 68, 63, 222, 62, 223, 1, -1, -0.7853981633974483, 1.4142135623730951
335, 69, 537, 232, 539, 232, -2, 0, 3.141592653589793, 2.0
335, 74, 81, 128, 80, 129, 1, -1, -0.7853981633974483, 1.4142135623730951
335, 76, 318, 248, 317, 249, 1, -1, -0.7853981633974483, 1.4142135623730951
335, 83, 352, 236, 350, 236, 2, 0, 0.0, 2.0
335, 92, 511, 257, 509, 258, 2, -1, -0.4636476090008061, 2.23606797749979
335, 96, 372, 260, 368, 260, 4, 0, 0.0, 4.0
335, 98, 89, 350, 88, 351, 1, -1, -0.7853981633974483, 1.4142135623730951
335, 104, 289, 303, 289, 305, 0, -2, -1.5707963267948966, 2.0
335, 109, 562, 231, 560, 231, 2, 0, 0.0, 2.0
335, 110, 77, 349, 76, 350, 1, -1, -0.7853981633974483, 1.4142135623730951
335, 112, 25, 159, 25, 161, 0, -2, -1.5707963267948966, 2.0
335, 113, 123, 163, 122, 164, 1, -1, -0.7853981633974483, 1.4142135623730951
335, 117, 379, 219, 378, 220, 1, -1, -0.7853981633974483, 1.4142135623730951
336, 2, 480, 261, 478, 261, 2, 0, 0.0, 2.0
336, 14, 124, 128, 123, 129, 1, -1, -0.7853981633974483, 1.4142135623730951
336, 15, 151, 269, 150, 270, 1, -1, -0.7853981633974483, 1.4142135623730951
336, 20, 415, 248, 413, 248, 2, 0, 0.0, 2.0
336, 21, 152, 224, 151, 225, 1, -1, -0.7853981633974483, 1.4142135623730951
336, 25, 37, 129, 35, 130, 2, -1, -0.4636476090008061, 2.23606797749979
336, 35, 196, 215, 195, 216, 1, -1, -0.7853981633974483, 1.4142135623730951
336, 41, 24, 251, 23, 252, 1, -1, -0.7853981633974483, 1.4142135623730951
336, 43, 393, 215, 391, 215, 2, 0, 0.0, 2.0
336, 49, 490, 219, 488, 220, 2, -1, -0.4636476090008061, 2.23606797749979
336, 50, 524, 260, 521, 260, 3, 0, 0.0, 3.0
336, 53, 22, 297, 21, 298, 1, -1, -0.7853981633974483, 1.4142135623730951
336, 59, 150, 265, 149, 266, 1, -1, -0.7853981633974483, 1.4142135623730951
336, 63, 331, 222, 329, 223, 2, -1, -0.4636476090008061, 2.23606797749979
336, 70, 82, 127, 81, 128, 1, -1, -0.7853981633974483, 1.4142135623730951
336, 78, 353, 235, 352, 236, 1, -1, -0.7853981633974483, 1.4142135623730951
336, 86, 513, 258, 511, 257, 2, 1, 0.4636476090008061, 2.23606797749979
336, 89, 223, 303, 222, 304, 1, -1, -0.7853981633974483, 1.4142135623730951
336, 90, 375, 261, 372, 260, 3, 1, 0.3217505543966422, 3.1622776601683795
336, 92, 90, 349, 89, 350, 1, -1, -0.7853981633974483, 1.4142135623730951
336, 96, 97, 296, 95, 297, 2, -1, -0.4636476090008061, 2.23606797749979
336, 100, 564, 230, 562, 231, 2, -1, -0.4636476090008061, 2.23606797749979
336, 104, 123, 161, 123, 163, 0, -2, -1.5707963267948966, 2.0
336, 108, 381, 219, 379, 219, 2, 0, 0.0, 2.0
337, 2, 482, 260, 480, 261, 2, -1, -0.4636476090008061, 2.23606797749979
337, 18, 224, 198, 220, 200, 4, -2, -0.4636476090008061, 4.47213595499958
337, 20, 417, 248, 415, 248, 2, 0, 0.0, 2.0
337, 24, 39, 129, 37, 129, 2, 0, 0.0, 2.0
337, 41, 394, 214, 393, 215, 1, -1, -0.7853981633974483, 1.4142135623730951
337, 47, 492, 218, 490, 219, 2, -1, -0.4636476090008061, 2.23606797749979
337, 48, 526, 260, 524, 260, 2, 0, 0.0, 2.0
337, 55, 53, 148, 52, 149, 1, -1, -0.7853981633974483, 1.4142135623730951
337, 63, 538, 231, 536, 232, 2, -1, -0.4636476090008061, 2.23606797749979
337, 70, 320, 247, 319, 248, 1, -1, -0.7853981633974483, 1.4142135623730951
337, 76, 355, 234, 353, 235, 2, -1, -0.4636476090008061, 2.23606797749979
337, 77, 76, 316, 75, 317, 1, -1, -0.7853981633974483, 1.4142135623730951
337, 78, 227, 192, 226, 194, 1, -2, -1.1071487177940904, 2.23606797749979
337, 84, 515, 258, 513, 258, 2, 0, 0.0, 2.0
337, 85, 264, 314, 263, 315, 1, -1, -0.7853981633974483, 1.4142135623730951
337, 88, 376, 260, 375, 261, 1, -1, -0.7853981633974483, 1.4142135623730951
337, 90, 91, 347, 90, 349, 1, -2, -1.1071487177940904, 2.23606797749979
337, 98, 566, 229, 564, 230, 2, -1, -0.4636476090008061, 2.23606797749979
337, 102, 124, 160, 123, 161, 1, -1, -0.7853981633974483, 1.4142135623730951
337, 106, 385, 220, 381, 219, 4, 1, 0.24497866312686414, 4.123105625617661
337, 110, 172, 129, 171, 130, 1, -1, -0.7853981633974483, 1.4142135623730951
337, 113, 7, 202, 6, 203, 1, -1, -0.7853981633974483, 1.4142135623730951
338, 0, 44, 235, 43, 236, 1, -1, -0.7853981633974483, 1.4142135623730951
338, 2, 484, 259, 482, 260, 2, -1, -0.4636476090008061, 2.23606797749979
338, 13, 125, 126, 124, 127, 1, -1, -0.7853981633974483, 1.4142135623730951
338, 19, 418, 247, 417, 248, 1, -1, -0.7853981633974483, 1.4142135623730951
338, 20, 149, 225, 152, 224, -3, 1, 2.819842099193151, 3.1622776601683795
338, 23, 41, 129, 39, 129, 2, 0, 0.0, 2.0
338, 25, 166, 161, 165, 162, 1, -1, -0.7853981633974483, 1.4142135623730951
338, 26, 106, 152, 105, 153, 1, -1, -0.7853981633974483, 1.4142135623730951
338, 38, 395, 213, 394, 214, 1, -1, -0.7853981633974483, 1.4142135623730951
338, 43, 494, 217, 492, 218, 2, -1, -0.4636476090008061, 2.23606797749979
338, 44, 528, 258, 526, 260, 2, -2, -0.7853981633974483, 2.8284271247461903
338, 59, 535, 229, 538, 231, -3, -2, -2.5535900500422257, 3.605551275463989
338, 64, 84, 126, 83, 127, 1, -1, -0.7853981633974483, 1.4142135623730951
338, 66, 322, 247, 320, 247, 2, 0, 0.0, 2.0
338, 71, 6, 169, 5, 170, 1, -1, -0.7853981633974483, 1.4142135623730951
338, 73, 77, 315, 76, 316, 1, -1, -0.7853981633974483, 1.4142135623730951
338, 83, 377, 259, 376, 260, 1, -1, -0.7853981633974483, 1.4142135623730951
338, 85, 92, 346, 91, 347, 1, -1, -0.7853981633974483, 1.4142135623730951
338, 90, 5, 343, 4, 344, 1, -1, -0.7853981633974483, 1.4142135623730951
338, 93, 569, 227, 566, 229, 3, -2, -0.5880026035475675, 3.605551275463989
338, 94, 79, 346, 78, 348, 1, -2, -1.1071487177940904, 2.23606797749979
338, 96, 125, 159, 124, 160, 1, -1, -0.7853981633974483, 1.4142135623730951
338, 97, 185, 297, 184, 298, 1, -1, -0.7853981633974483, 1.4142135623730951
338, 100, 387, 220, 385, 220, 2, 0, 0.0, 2.0
338, 104, 31, 342, 30, 343, 1, -1, -0.7853981633974483, 1.4142135623730951
338, 106, 8, 201, 7, 202, 1, -1, -0.7853981633974483, 1.4142135623730951
339, 2, 487, 259, 484, 259, 3, 0, 0.0, 3.0
339, 3, 164, 175, 163, 176, 1, -1, -0.7853981633974483, 1.4142135623730951
339, 6, 17, 273, 16, 274, 1, -1, -0.7853981633974483, 1.4142135623730951
339, 7, 68, 153, 67, 154, 1, -1, -0.7853981633974483, 1.4142135623730951
339, 13, 126, 125, 125, 126, 1, -1, -0.7853981633974483, 1.4142135623730951
339, 26, 107, 151, 106, 152, 1, -1, -0.7853981633974483, 1.4142135623730951
339, 28, 30, 321, 31, 320, -1, 1, 2.356194490192345, 1.4142135623730951
339, 33, 68, 156, 67, 157, 1, -1, -0.7853981633974483, 1.4142135623730951
339, 43, 496, 216, 494, 217, 2, -1, -0.4636476090008061, 2.23606797749979
339, 44, 530, 257, 528, 258, 2, -1, -0.4636476090008061, 2.23606797749979
339, 50, 58, 302, 60, 302, -2, 0, 3.141592653589793, 2.0
339, 55, 29, 361, 27, 362, 2, -1, -0.4636476090008061, 2.23606797749979
339, 59, 539, 230, 535, 229, 4, 1, 0.24497866312686414, 4.123105625617661
339, 64, 85, 125, 84, 126, 1, -1, -0.7853981633974483, 1.4142135623730951
339, 65, 80, 231, 79, 232, 1, -1, -0.7853981633974483, 1.4142135623730951
339, 66, 323, 246, 322, 247, 1, -1, -0.7853981633974483, 1.4142135623730951
339, 72, 358, 234, 356, 234, 2, 0, 0.0, 2.0
339, 76, 28, 192, 27, 193, 1, -1, -0.7853981633974483, 1.4142135623730951
339, 79, 518, 258, 516, 258, 2, 0, 0.0, 2.0
339, 80, 265, 313, 264, 314, 1, -1, -0.7853981633974483, 1.4142135623730951
339, 81, 222, 304, 223, 303, -1, 1, 2.356194490192345, 1.4142135623730951
339, 84, 93, 344, 92, 346, 1, -2, -1.1071487177940904, 2.23606797749979
339, 88, 8, 341, 5, 343, 3, -2, -0.5880026035475675, 3.605551275463989
339, 91, 570, 225, 569, 227, 1, -2, -1.1071487177940904, 2.23606797749979
339, 94, 126, 158, 125, 159, 1, -1, -0.7853981633974483, 1.4142135623730951
339, 104, 9, 200, 8, 201, 1, -1, -0.7853981633974483, 1.4142135623730951
340, 3, 484, 260, 482, 261, 2, -1, -0.4636476090008061, 2.23606797749979
340, 5, 104, 152, 104, 154, 0, -2, -1.5707963267948966, 2.0
340, 21, 519, 253, 517, 253, 2, 0, 0.0, 2.0
340, 25, 396, 219, 394, 220, 2, -1, -0.4636476090008061, 2.23606797749979
340, 31, 527, 260, 525, 260, 2, 0, 0.0, 2.0
340, 42, 430, 223, 429, 224, 1, -1, -0.7853981633974483, 1.4142135623730951
340, 46, 277, 241, 276, 242, 1, -1, -0.7853981633974483, 1.4142135623730951
340, 47, 418, 250, 416, 250, 2, 0, 0.0, 2.0
340, 50, 38, 130, 37, 131, 1, -1, -0.7853981633974483, 1.4142135623730951
340, 53, 16, 164, 13, 164, 3, 0, 0.0, 3.0
340, 56, 81, 349, 80, 350, 1, -1, -0.7853981633974483, 1.4142135623730951
341, 3, 486, 259, 484, 260, 2, -1, -0.4636476090008061, 2.23606797749979
341, 5, 105, 151, 104, 152, 1, -1, -0.7853981633974483, 1.4142135623730951
341, 7, 42, 160, 41, 161, 1, -1, -0.7853981633974483, 1.4142135623730951
341, 21, 521, 253, 519, 253, 2, 0, 0.0, 2.0
341, 25, 398, 218, 396, 219, 2, -1, -0.4636476090008061, 2.23606797749979
341, 29, 128, 128, 127, 129, 1, -1, -0.7853981633974483, 1.4142135623730951
341, 30, 529, 260, 527, 260, 2, 0, 0.0, 2.0
341, 39, 70, 153, 69, 154, 1, -1, -0.7853981633974483, 1.4142135623730951
341, 40, 153, 268, 152, 269, 1, -1, -0.7853981633974483, 1.4142135623730951
341, 41, 432, 223, 430, 223, 2, 0, 0.0, 2.0
341, 46, 421, 250, 418, 250, 3, 0, 0.0, 3.0
341, 47, 151, 153, 153, 154, -2, -1, -2.677945044588987, 2.23606797749979
341, 52, 17, 163, 16, 164, 1, -1, -0.7853981633974483, 1.4142135623730951
342, 2, 489, 258, 486, 259, 3, -1, -0.3217505543966422, 3.1622776601683795
342, 4, 106, 150, 105, 151, 1, -1, -0.7853981633974483, 1.4142135623730951
342, 15, 111, 176, 111, 178, 0, -2, -1.5707963267948966, 2.0
342, 18, 25, 296, 24, 297, 1, -1, -0.7853981633974483, 1.4142135623730951
342, 22, 400, 216, 398, 218, 2, -2, -0.7853981633974483, 2.8284271247461903
342, 26, 129, 127, 128, 128, 1, -1, -0.7853981633974483, 1.4142135623730951
342, 27, 531, 260, 529, 260, 2, 0, 0.0, 2.0
342, 35, 71, 152, 70, 153, 1, -1, -0.7853981633974483, 1.4142135623730951
342, 37, 434, 225, 432, 223, 2, 2, 0.7853981633974483, 2.8284271247461903
342, 42, 423, 250, 421, 250, 2, 0, 0.0, 2.0
342, 43, 149, 152, 151, 153, -2, -1, -2.677945044588987, 2.23606797749979
342, 45, 41, 130, 39, 130, 2, 0, 0.0, 2.0
342, 48, 18, 161, 17, 163, 1, -2, -1.1071487177940904, 2.23606797749979
342, 51, 82, 347, 81, 348, 1, -1, -0.7853981633974483, 1.4142135623730951
343, 2, 492, 258, 489, 258, 3, 0, 0.0, 3.0
343, 5, 45, 235, 44, 236, 1, -1, -0.7853981633974483, 1.4142135623730951
343, 21, 402, 216, 400, 216, 2, 0, 0.0, 2.0
343, 24, 130, 126, 129, 127, 1, -1, -0.7853981633974483, 1.4142135623730951
343, 25, 533, 259, 531, 260, 2, -1, -0.4636476090008061, 2.23606797749979
343, 34, 435, 224, 434, 225, 1, -1, -0.7853981633974483, 1.4142135623730951
343, 38, 426, 251, 423, 250, 3, 1, 0.3217505543966422, 3.1622776601683795
343, 41, 43, 130, 41, 130, 2, 0, 0.0, 2.0
344, 1, 493, 257, 492, 258, 1, -1, -0.7853981633974483, 1.4142135623730951
344, 17, 522, 253, 521, 254, 1, -1, -0.7853981633974483, 1.4142135623730951
344, 20, 404, 216, 402, 216, 2, 0, 0.0, 2.0
344, 23, 131, 125, 130, 126, 1, -1, -0.7853981633974483, 1.4142135623730951
344, 24, 535, 259, 533, 259, 2, 0, 0.0, 2.0
344, 33, 435, 222, 435, 224, 0, -2, -1.5707963267948966, 2.0
344, 39, 44, 129, 43, 130, 1, -1, -0.7853981633974483, 1.4142135623730951
344, 42, 19, 158, 18, 160, 1, -2, -1.1071487177940904, 2.23606797749979
344, 45, 83, 345, 82, 346, 1, -1, -0.7853981633974483, 1.4142135623730951
345, 8, 491, 261, 488, 261, 3, 0, 0.0, 3.0
345, 12, 276, 244, 274, 244, 2, 0, 0.0, 2.0
345, 25, 27, 295, 26, 296, 1, -1, -0.7853981633974483, 1.4142135623730951
345, 26, 535, 252, 532, 253, 3, -1, -0.3217505543966422, 3.1622776601683795
345, 29, 525, 260, 524, 261, 1, -1, -0.7853981633974483, 1.4142135623730951
345, 37, 84, 348, 83, 349, 1, -1, -0.7853981633974483, 1.4142135623730951
345, 40, 404, 218, 402, 219, 2, -1, -0.4636476090008061, 2.23606797749979
345, 52, 532, 259, 531, 260, 1, -1, -0.7853981633974483, 1.4142135623730951
345, 55, 231, 202, 232, 201, -1, 1, 2.356194490192345, 1.4142135623730951
345, 59, 364, 241, 362, 242, 2, -1, -0.4636476090008061, 2.23606797749979
345, 61, 502, 220, 500, 220, 2, 0, 0.0, 2.0
345, 91, 549, 227, 548, 229, 1, -2, -1.1071487177940904, 2.23606797749979
345, 99, 436, 225, 435, 226, 1, -1, -0.7853981633974483, 1.4142135623730951
345, 101, 35, 342, 34, 343, 1, -1, -0.7853981633974483, 1.4142135623730951
345, 105, 273, 231, 272, 232, 1, -1, -0.7853981633974483, 1.4142135623730951
345, 110, 384, 263, 382, 264, 2, -1, -0.4636476090008061, 2.23606797749979
346, 16, 171, 156, 170, 157, 1, -1, -0.7853981633974483, 1.4142135623730951
346, 26, 537, 251, 535, 252, 2, -1, -0.4636476090008061, 2.23606797749979
346, 27, 44, 130, 43, 131, 1, -1, -0.7853981633974483, 1.4142135623730951
346, 29, 527, 259, 525, 260, 2, -1, -0.4636476090008061, 2.23606797749979
346, 37, 85, 347, 84, 348, 1, -1, -0.7853981633974483, 1.4142135623730951
346, 40, 406, 217, 404, 218, 2, -1, -0.4636476090008061, 2.23606797749979
346, 47, 328, 253, 327, 254, 1, -1, -0.7853981633974483, 1.4142135623730951
346, 49, 131, 125, 130, 126, 1, -1, -0.7853981633974483, 1.4142135623730951
346, 51, 534, 259, 532, 259, 2, 0, 0.0, 2.0
346, 57, 366, 240, 364, 241, 2, -1, -0.4636476090008061, 2.23606797749979
346, 59, 504, 219, 502, 220, 2, -1, -0.4636476090008061, 2.23606797749979
346, 62, 10, 127, 8, 126, 2, 1, 0.4636476090008061, 2.23606797749979
346, 63, 5, 258, 4, 259, 1, -1, -0.7853981633974483, 1.4142135623730951
346, 70, 38, 360, 40, 359, -2, 1, 2.677945044588987, 2.23606797749979
346, 72, 194, 150, 193, 151, 1, -1, -0.7853981633974483, 1.4142135623730951
346, 75, 177, 129, 176, 130, 1, -1, -0.7853981633974483, 1.4142135623730951
346, 87, 552, 224, 549, 227, 3, -3, -0.7853981633974483, 4.242640687119285
346, 95, 437, 224, 436, 225, 1, -1, -0.7853981633974483, 1.4142135623730951
346, 106, 386, 263, 384, 263, 2, 0, 0.0, 2.0
346, 108, 129, 309, 128, 310, 1, -1, -0.7853981633974483, 1.4142135623730951
347, 8, 494, 261, 492, 261, 2, 0, 0.0, 2.0
347, 28, 530, 258, 527, 259, 3, -1, -0.3217505543966422, 3.1622776601683795
347, 31, 426, 246, 425, 247, 1, -1, -0.7853981633974483, 1.4142135623730951
347, 36, 86, 346, 85, 347, 1, -1, -0.7853981633974483, 1.4142135623730951
347, 50, 536, 258, 534, 259, 2, -1, -0.4636476090008061, 2.23606797749979
347, 56, 367, 239, 366, 240, 1, -1, -0.7853981633974483, 1.4142135623730951
347, 58, 506, 218, 504, 219, 2, -1, -0.4636476090008061, 2.23606797749979
347, 60, 517, 252, 518, 254, -1, -2, -2.0344439357957027, 2.23606797749979
347, 61, 12, 127, 10, 127, 2, 0, 0.0, 2.0
347, 79, 111, 353, 109, 354, 2, -1, -0.4636476090008061, 2.23606797749979
347, 86, 554, 223, 552, 224, 2, -1, -0.4636476090008061, 2.23606797749979
347, 88, 166, 244, 168, 245, -2, -1, -2.677945044588987, 2.23606797749979
347, 99, 93, 242, 95, 242, -2, 0, 3.141592653589793, 2.0
347, 105, 388, 262, 386, 263, 2, -1, -0.4636476090008061, 2.23606797749979
348, 14, 172, 156, 171, 155, 1, 1, 0.7853981633974483, 1.4142135623730951
348, 24, 46, 129, 45, 130, 1, -1, -0.7853981633974483, 1.4142135623730951
348, 26, 531, 257, 530, 258, 1, -1, -0.7853981633974483, 1.4142135623730951
348, 29, 428, 246, 426, 246, 2, 0, 0.0, 2.0
348, 31, 174, 225, 173, 227, 1, -2, -1.1071487177940904, 2.23606797749979
348, 34, 87, 345, 86, 346, 1, -1, -0.7853981633974483, 1.4142135623730951
348, 36, 408, 216, 407, 217, 1, -1, -0.7853981633974483, 1.4142135623730951
348, 38, 181, 224, 182, 226, -1, -2, -2.0344439357957027, 2.23606797749979
348, 45, 132, 123, 131, 124, 1, -1, -0.7853981633974483, 1.4142135623730951
348, 47, 538, 257, 536, 258, 2, -1, -0.4636476090008061, 2.23606797749979
348, 51, 272, 315, 271, 316, 1, -1, -0.7853981633974483, 1.4142135623730951
348, 55, 508, 217, 506, 218, 2, -1, -0.4636476090008061, 2.23606797749979
348, 57, 519, 249, 517, 252, 2, -3, -0.982793723247329, 3.605551275463989
348, 58, 14, 127, 12, 127, 2, 0, 0.0, 2.0
348, 59, 6, 256, 5, 257, 1, -1, -0.7853981633974483, 1.4142135623730951
348, 80, 12, 174, 11, 173, 1, 1, 0.7853981633974483, 1.4142135623730951
348, 81, 553, 225, 554, 223, -1, 2, 2.0344439357957027, 2.23606797749979
348, 93, 112, 174, 111, 175, 1, -1, -0.7853981633974483, 1.4142135623730951
348, 98, 390, 262, 388, 262, 2, 0, 0.0, 2.0
349, 7, 497, 261, 495, 261, 2, 0, 0.0, 2.0
349, 20, 132, 243, 131, 244, 1, -1, -0.7853981633974483, 1.4142135623730951
349, 22, 541, 249, 538, 250, 3, -1, -0.3217505543966422, 3.1622776601683795
349, 25, 533, 257, 531, 257, 2, 0, 0.0, 2.0
349, 26, 343, 223, 341, 223, 2, 0, 0.0, 2.0
349, 28, 430, 245, 428, 246, 2, -1, -0.4636476090008061, 2.23606797749979
349, 35, 410, 215, 408, 216, 2, -1, -0.4636476090008061, 2.23606797749979
349, 41, 195, 217, 194, 218, 1, -1, -0.7853981633974483, 1.4142135623730951
349, 46, 542, 255, 538, 257, 4, -2, -0.4636476090008061, 4.47213595499958
349, 51, 30, 321, 30, 323, 0, -2, -1.5707963267948966, 2.0
349, 54, 510, 216, 508, 217, 2, -1, -0.4636476090008061, 2.23606797749979
349, 57, 15, 128, 14, 127, 1, 1, 0.7853981633974483, 1.4142135623730951
349, 67, 196, 148, 195, 149, 1, -1, -0.7853981633974483, 1.4142135623730951
349, 70, 178, 127, 177, 128, 1, -1, -0.7853981633974483, 1.4142135623730951
349, 80, 555, 224, 553, 225, 2, -1, -0.4636476090008061, 2.23606797749979
349, 89, 37, 341, 36, 342, 1, -1, -0.7853981633974483, 1.4142135623730951
349, 95, 396, 260, 394, 260, 2, 0, 0.0, 2.0
349, 96, 391, 261, 390, 262, 1, -1, -0.7853981633974483, 1.4142135623730951
349, 98, 94, 127, 93, 128, 1, -1, -0.7853981633974483, 1.4142135623730951
350, 3, 496, 261, 494, 261, 2, 0, 0.0, 2.0
350, 21, 144, 269, 143, 270, 1, -1, -0.7853981633974483, 1.4142135623730951
350, 26, 18, 208, 17, 209, 1, -1, -0.7853981633974483, 1.4142135623730951
350, 30, 112, 236, 111, 237, 1, -1, -0.7853981633974483, 1.4142135623730951
350, 31, 431, 250, 429, 250, 2, 0, 0.0, 2.0
350, 36, 531, 259, 530, 260, 1, -1, -0.7853981633974483, 1.4142135623730951
350, 55, 134, 126, 133, 127, 1, -1, -0.7853981633974483, 1.4142135623730951
350, 70, 508, 220, 506, 221, 2, -1, -0.4636476090008061, 2.23606797749979
350, 73, 542, 252, 540, 253, 2, -1, -0.4636476090008061, 2.23606797749979
350, 76, 368, 240, 367, 241, 1, -1, -0.7853981633974483, 1.4142135623730951
350, 79, 542, 260, 539, 260, 3, 0, 0.0, 3.0
350, 83, 92, 127, 91, 128, 1, -1, -0.7853981633974483, 1.4142135623730951
351, 3, 500, 260, 496, 261, 4, -1, -0.24497866312686414, 4.123105625617661
351, 5, 47, 164, 46, 165, 1, -1, -0.7853981633974483, 1.4142135623730951
351, 11, 75, 154, 74, 155, 1, -1, -0.7853981633974483, 1.4142135623730951
351, 15, 186, 222, 185, 223, 1, -1, -0.7853981633974483, 1.4142135623730951
351, 19, 344, 224, 342, 224, 2, 0, 0.0, 2.0
351, 31, 433, 250, 431, 250, 2, 0, 0.0, 2.0
351, 36, 532, 257, 531, 259, 1, -2, -1.1071487177940904, 2.23606797749979
351, 42, 42, 365, 43, 364, -1, 1, 2.356194490192345, 1.4142135623730951
351, 44, 70, 330, 69, 331, 1, -1, -0.7853981633974483, 1.4142135623730951
351, 54, 559, 229, 561, 229, -2, 0, 3.141592653589793, 2.0
351, 61, 88, 347, 87, 348, 1, -1, -0.7853981633974483, 1.4142135623730951
351, 69, 511, 219, 508, 220, 3, -1, -0.3217505543966422, 3.1622776601683795
351, 77, 387, 258, 386, 259, 1, -1, -0.7853981633974483, 1.4142135623730951
351, 80, 100, 129, 99, 130, 1, -1, -0.7853981633974483, 1.4142135623730951
351, 82, 93, 126, 92, 127, 1, -1, -0.7853981633974483, 1.4142135623730951
352, 3, 502, 260, 500, 260, 2, 0, 0.0, 2.0
352, 12, 174, 155, 173, 156, 1, -1, -0.7853981633974483, 1.4142135623730951
352, 18, 346, 224, 344, 224, 2, 0, 0.0, 2.0
352, 21, 283, 292, 284, 295, -1, -3, -1.892546881191539, 3.1622776601683795
352, 24, 36, 296, 31, 297, 5, -1, -0.19739555984988075, 5.0990195135927845
352, 28, 39, 273, 40, 272, -1, 1, 2.356194490192345, 1.4142135623730951
352, 30, 435, 250, 433, 250, 2, 0, 0.0, 2.0
352, 33, 172, 312, 170, 315, 2, -3, -0.982793723247329, 3.605551275463989
352, 36, 278, 236, 277, 237, 1, -1, -0.7853981633974483, 1.4142135623730951
352, 51, 176, 340, 174, 343, 2, -3, -0.982793723247329, 3.605551275463989
352, 53, 555, 230, 559, 229, -4, 1, 2.896613990462929, 4.123105625617661
352, 55, 122, 218, 119, 219, 3, -1, -0.3217505543966422, 3.1622776601683795
352, 58, 104, 148, 106, 149, -2, -1, -2.677945044588987, 2.23606797749979
352, 61, 253, 250, 253, 252, 0, -2, -1.5707963267948966, 2.0
352, 67, 513, 218, 511, 219, 2, -1, -0.4636476090008061, 2.23606797749979
352, 72, 371, 239, 369, 240, 2, -1, -0.4636476090008061, 2.23606797749979
352, 74, 390, 259, 387, 258, 3, 1, 0.3217505543966422, 3.1622776601683795
352, 75, 547, 260, 543, 260, 4, 0, 0.0, 4.0
352, 76, 276, 257, 275, 259, 1, -2, -1.1071487177940904, 2.23606797749979
352, 77, 101, 128, 100, 129, 1, -1, -0.7853981633974483, 1.4142135623730951
353, 3, 504, 260, 502, 260, 2, 0, 0.0, 2.0
353, 5, 48, 162, 47, 163, 1, -1, -0.7853981633974483, 1.4142135623730951
353, 17, 104, 230, 103, 232, 1, -2, -1.1071487177940904, 2.23606797749979
353, 18, 348, 221, 346, 224, 2, -3, -0.982793723247329, 3.605551275463989
353, 23, 10, 204, 8, 206, 2, -2, -0.7853981633974483, 2.8284271247461903
353, 26, 58, 181, 57, 182, 1, -1, -0.7853981633974483, 1.4142135623730951
353, 30, 437, 250, 435, 250, 2, 0, 0.0, 2.0
353, 34, 201, 215, 200, 218, 1, -3, -1.2490457723982544, 3.1622776601683795
353, 35, 533, 255, 533, 257, 0, -2, -1.5707963267948966, 2.0
353, 36, 279, 235, 278, 236, 1, -1, -0.7853981633974483, 1.4142135623730951
353, 61, 150, 293, 150, 295, 0, -2, -1.5707963267948966, 2.0
353, 63, 515, 217, 513, 218, 2, -1, -0.4636476090008061, 2.23606797749979
353, 66, 546, 252, 544, 252, 2, 0, 0.0, 2.0
353, 71, 549, 260, 547, 260, 2, 0, 0.0, 2.0
353, 72, 102, 126, 101, 128, 1, -2, -1.1071487177940904, 2.23606797749979
353, 74, 95, 125, 94, 126, 1, -1, -0.7853981633974483, 1.4142135623730951
353, 75, 9, 248, 8, 249, 1, -1, -0.7853981633974483, 1.4142135623730951
353, 79, 6, 256, 5, 257, 1, -1, -0.7853981633974483, 1.4142135623730951
354, 3, 506, 260, 504, 260, 2, 0, 0.0, 2.0
354, 12, 175, 153, 174, 154, 1, -1, -0.7853981633974483, 1.4142135623730951
354, 26, 155, 266, 154, 262, 1, 4, 1.3258176636680326, 4.123105625617661
354, 29, 439, 249, 437, 250, 2, -1, -0.4636476090008061, 2.23606797749979
354, 31, 52, 129, 51, 130, 1, -1, -0.7853981633974483, 1.4142135623730951
354, 38, 245, 321, 244, 323, 1, -2, -1.1071487177940904, 2.23606797749979
354, 51, 559, 231, 555, 231, 4, 0, 0.0, 4.0
354, 52, 136, 123, 135, 124, 1, -1, -0.7853981633974483, 1.4142135623730951
354, 57, 89, 344, 88, 345, 1, -1, -0.7853981633974483, 1.4142135623730951
354, 62, 518, 217, 515, 217, 3, 0, 0.0, 3.0
354, 65, 548, 252, 546, 252, 2, 0, 0.0, 2.0
354, 67, 373, 238, 372, 239, 1, -1, -0.7853981633974483, 1.4142135623730951
354, 69, 551, 259, 549, 260, 2, -1, -0.4636476090008061, 2.23606797749979
354, 70, 102, 124, 102, 126, 0, -2, -1.5707963267948966, 2.0
354, 72, 97, 123, 95, 125, 2, -2, -0.7853981633974483, 2.8284271247461903
355, 0, 504, 261, 502, 262, 2, -1, -0.4636476090008061, 2.23606797749979
355, 14, 349, 223, 347, 224, 2, -1, -0.4636476090008061, 2.23606797749979
355, 16, 77, 152, 76, 153, 1, -1, -0.7853981633974483, 1.4142135623730951
355, 23, 116, 175, 114, 176, 2, -1, -0.4636476090008061, 2.23606797749979
355, 24, 207, 221, 206, 222, 1, -1, -0.7853981633974483, 1.4142135623730951
355, 29, 436, 250, 435, 251, 1, -1, -0.7853981633974483, 1.4142135623730951
355, 34, 549, 261, 546, 261, 3, 0, 0.0, 3.0
355, 35, 139, 125, 135, 126, 4, -1, -0.24497866312686414, 4.123105625617661
355, 36, 173, 343, 172, 344, 1, -1, -0.7853981633974483, 1.4142135623730951
355, 39, 32, 253, 29, 254, 3, -1, -0.3217505543966422, 3.1622776601683795
355, 43, 20, 130, 17, 130, 3, 0, 0.0, 3.0
355, 44, 517, 218, 515, 218, 2, 0, 0.0, 2.0
355, 45, 121, 220, 123, 220, -2, 0, 3.141592653589793, 2.0
355, 49, 43, 272, 41, 273, 2, -1, -0.4636476090008061, 2.23606797749979
355, 50, 152, 322, 149, 325, 3, -3, -0.7853981633974483, 4.242640687119285
355, 51, 84, 281, 82, 282, 2, -1, -0.4636476090008061, 2.23606797749979
355, 67, 96, 125, 95, 126, 1, -1, -0.7853981633974483, 1.4142135623730951
355, 68, 540, 252, 538, 252, 2, 0, 0.0, 2.0
355, 69, 375, 240, 374, 241, 1, -1, -0.7853981633974483, 1.4142135623730951
355, 76, 26, 155, 23, 155, 3, 0, 0.0, 3.0
355, 80, 223, 174, 221, 173, 2, 1, 0.4636476090008061, 2.23606797749979
355, 86, 115, 354, 114, 355, 1, -1, -0.7853981633974483, 1.4142135623730951
355, 88, 548, 254, 546, 254, 2, 0, 0.0, 2.0
355, 89, 55, 239, 54, 240, 1, -1, -0.7853981633974483, 1.4142135623730951
355, 92, 278, 249, 277, 250, 1, -1, -0.7853981633974483, 1.4142135623730951
355, 109, 566, 234, 561, 234, 5, 0, 0.0, 5.0
355, 116, 336, 254, 335, 255, 1, -1, -0.7853981633974483, 1.4142135623730951
355, 117, 310, 246, 308, 246, 2, 0, 0.0, 2.0
355, 118, 583, 233, 582, 234, 1, -1, -0.7853981633974483, 1.4142135623730951
356, 0, 505, 260, 504, 261, 1, -1, -0.7853981633974483, 1.4142135623730951
356, 16, 78, 151, 77, 152, 1, -1, -0.7853981633974483, 1.4142135623730951
356, 19, 282, 239, 281, 240, 1, -1, -0.7853981633974483, 1.4142135623730951
356, 34, 551, 261, 549, 261, 2, 0, 0.0, 2.0
356, 37, 53, 130, 52, 131, 1, -1, -0.7853981633974483, 1.4142135623730951
356, 43, 22, 130, 20, 130, 2, 0, 0.0, 2.0
356, 44, 519, 217, 517, 218, 2, -1, -0.4636476090008061, 2.23606797749979
356, 46, 36, 297, 35, 298, 1, -1, -0.7853981633974483, 1.4142135623730951
356, 58, 131, 312, 132, 311, -1, 1, 2.356194490192345, 1.4142135623730951
356, 60, 9, 249, 8, 250, 1, -1, -0.7853981633974483, 1.4142135623730951
356, 66, 97, 123, 96, 125, 1, -2, -1.1071487177940904, 2.23606797749979
356, 67, 541, 251, 540, 252, 1, -1, -0.7853981633974483, 1.4142135623730951
356, 68, 376, 239, 375, 240, 1, -1, -0.7853981633974483, 1.4142135623730951
356, 75, 28, 155, 26, 155, 2, 0, 0.0, 2.0
356, 82, 201, 330, 200, 331, 1, -1, -0.7853981633974483, 1.4142135623730951
356, 85, 549, 253, 548, 254, 1, -1, -0.7853981633974483, 1.4142135623730951
356, 89, 279, 248, 278, 249, 1, -1, -0.7853981633974483, 1.4142135623730951
356, 100, 400, 266, 399, 267, 1, -1, -0.7853981633974483, 1.4142135623730951
356, 104, 570, 233, 566, 234, 4, -1, -0.24497866312686414, 4.123105625617661
356, 111, 337, 253, 336, 254, 1, -1, -0.7853981633974483, 1.4142135623730951
356, 112, 312, 246, 310, 246, 2, 0, 0.0, 2.0
356, 113, 586, 232, 583, 233, 3, -1, -0.3217505543966422, 3.1622776601683795
357, 0, 507, 259, 505, 260, 2, -1, -0.4636476090008061, 2.23606797749979
357, 13, 352, 223, 350, 223, 2, 0, 0.0, 2.0
357, 17, 283, 238, 282, 239, 1, -1, -0.7853981633974483, 1.4142135623730951
357, 26, 439, 250, 437, 250, 2, 0, 0.0, 2.0
357, 32, 140, 123, 139, 124, 1, -1, -0.7853981633974483, 1.4142135623730951
357, 55, 10, 248, 9, 249, 1, -1, -0.7853981633974483, 1.4142135623730951
357, 61, 98, 122, 97, 123, 1, -1, -0.7853981633974483, 1.4142135623730951
357, 62, 543, 251, 541, 251, 2, 0, 0.0, 2.0
357, 66, 246, 329, 245, 330, 1, -1, -0.7853981633974483, 1.4142135623730951
357, 70, 157, 153, 159, 155, -2, -2, -2.356194490192345, 2.8284271247461903
357, 78, 551, 253, 549, 253, 2, 0, 0.0, 2.0
357, 93, 401, 265, 400, 266, 1, -1, -0.7853981633974483, 1.4142135623730951
357, 97, 572, 232, 570, 233, 2, -1, -0.4636476090008061, 2.23606797749979
357, 104, 339, 253, 337, 253, 2, 0, 0.0, 2.0
357, 106, 588, 232, 586, 232, 2, 0, 0.0, 2.0
358, 0, 510, 258, 507, 259, 3, -1, -0.3217505543966422, 3.1622776601683795
358, 13, 354, 223, 352, 223, 2, 0, 0.0, 2.0
358, 15, 79, 149, 78, 150, 1, -1, -0.7853981633974483, 1.4142135623730951
358, 17, 284, 237, 283, 238, 1, -1, -0.7853981633974483, 1.4142135623730951
358, 26, 441, 250, 439, 250, 2, 0, 0.0, 2.0
358, 31, 553, 260, 552, 261, 1, -1, -0.7853981633974483, 1.4142135623730951
358, 40, 523, 217, 520, 217, 3, 0, 0.0, 3.0
358, 60, 99, 121, 98, 122, 1, -1, -0.7853981633974483, 1.4142135623730951
358, 62, 377, 237, 376, 238, 1, -1, -0.7853981633974483, 1.4142135623730951
358, 75, 118, 353, 117, 354, 1, -1, -0.7853981633974483, 1.4142135623730951
358, 87, 184, 128, 183, 129, 1, -1, -0.7853981633974483, 1.4142135623730951
358, 92, 403, 265, 401, 265, 2, 0, 0.0, 2.0
358, 100, 254, 222, 256, 222, -2, 0, 3.141592653589793, 2.0
358, 103, 341, 252, 339, 253, 2, -1, -0.4636476090008061, 2.23606797749979
358, 105, 590, 232, 588, 232, 2, 0, 0.0, 2.0
359, 0, 512, 257, 510, 258, 2, -1, -0.4636476090008061, 2.23606797749979
359, 13, 356, 222, 354, 223, 2, -1, -0.4636476090008061, 2.23606797749979
359, 17, 286, 236, 284, 237, 2, -1, -0.4636476090008061, 2.23606797749979
359, 26, 443, 250, 441, 250, 2, 0, 0.0, 2.0
359, 40, 525, 217, 523, 217, 2, 0, 0.0, 2.0
359, 42, 38, 295, 37, 296, 1, -1, -0.7853981633974483, 1.4142135623730951
359, 45, 44, 269, 43, 270, 1, -1, -0.7853981633974483, 1.4142135623730951
359, 54, 11, 246, 10, 247, 1, -1, -0.7853981633974483, 1.4142135623730951
359, 59, 100, 120, 99, 121, 1, -1, -0.7853981633974483, 1.4142135623730951
359, 60, 545, 250, 543, 250, 2, 0, 0.0, 2.0
359, 61, 379, 237, 377, 237, 2, 0, 0.0, 2.0
359, 75, 554, 252, 552, 253, 2, -1, -0.4636476090008061, 2.23606797749979
359, 79, 283, 248, 281, 248, 2, 0, 0.0, 2.0
359, 90, 405, 265, 403, 265, 2, 0, 0.0, 2.0
359, 94, 570, 232, 572, 232, -2, 0, 3.141592653589793, 2.0
359, 101, 342, 251, 341, 252, 1, -1, -0.7853981633974483, 1.4142135623730951
359, 102, 314, 248, 313, 247, 1, 1, 0.7853981633974483, 1.4142135623730951
359, 103, 592, 231, 590, 232, 2, -1, -0.4636476090008061, 2.23606797749979
360, 0, 510, 261, 508, 261, 2, 0, 0.0, 2.0
360, 9, 285, 235, 284, 236, 1, -1, -0.7853981633974483, 1.4142135623730951
360, 12, 80, 155, 79, 156, 1, -1, -0.7853981633974483, 1.4142135623730951
360, 24, 6, 321, 5, 323, 1, -2, -1.1071487177940904, 2.23606797749979
360, 26, 357, 225, 356, 226, 1, -1, -0.7853981633974483, 1.4142135623730951
360, 28, 442, 252, 440, 252, 2, 0, 0.0, 2.0
360, 36, 545, 252, 543, 252, 2, 0, 0.0, 2.0
360, 39, 57, 131, 56, 132, 1, -1, -0.7853981633974483, 1.4142135623730951
360, 40, 287, 243, 286, 244, 1, -1, -0.7853981633974483, 1.4142135623730951
360, 42, 39, 297, 38, 298, 1, -1, -0.7853981633974483, 1.4142135623730951
360, 53, 522, 218, 520, 218, 2, 0, 0.0, 2.0
360, 55, 529, 259, 528, 258, 1, 1, 0.7853981633974483, 1.4142135623730951
360, 56, 141, 125, 140, 126, 1, -1, -0.7853981633974483, 1.4142135623730951
360, 63, 21, 232, 20, 233, 1, -1, -0.7853981633974483, 1.4142135623730951
360, 73, 347, 222, 346, 223, 1, -1, -0.7853981633974483, 1.4142135623730951
360, 80, 377, 239, 375, 239, 2, 0, 0.0, 2.0
360, 81, 346, 252, 344, 252, 2, 0, 0.0, 2.0
360, 82, 205, 330, 203, 332, 2, -2, -0.7853981633974483, 2.8284271247461903
361, 0, 512, 260, 510, 261, 2, -1, -0.4636476090008061, 2.23606797749979
361, 8, 286, 234, 285, 235, 1, -1, -0.7853981633974483, 1.4142135623730951
361, 14, 553, 260, 552, 261, 1, -1, -0.7853981633974483, 1.4142135623730951
361, 17, 117, 253, 115, 253, 2, 0, 0.0, 2.0
361, 26, 444, 252, 442, 252, 2, 0, 0.0, 2.0
361, 29, 25, 130, 23, 130, 2, 0, 0.0, 2.0
361, 31, 547, 251, 545, 252, 2, -1, -0.4636476090008061, 2.23606797749979
361, 41, 545, 258, 543, 259, 2, -1, -0.4636476090008061, 2.23606797749979
361, 48, 524, 217, 522, 218, 2, -1, -0.4636476090008061, 2.23606797749979
361, 63, 51, 366, 52, 365, -1, 1, 2.356194490192345, 1.4142135623730951
361, 67, 348, 221, 347, 222, 1, -1, -0.7853981633974483, 1.4142135623730951
361, 72, 103, 123, 102, 125, 1, -2, -1.1071487177940904, 2.23606797749979
361, 73, 417, 218, 416, 219, 1, -1, -0.7853981633974483, 1.4142135623730951
361, 74, 380, 239, 377, 239, 3, 0, 0.0, 3.0
361, 75, 348, 252, 346, 252, 2, 0, 0.0, 2.0
362, 0, 514, 260, 512, 260, 2, 0, 0.0, 2.0
362, 8, 287, 233, 286, 234, 1, -1, -0.7853981633974483, 1.4142135623730951
362, 14, 554, 259, 553, 260, 1, -1, -0.7853981633974483, 1.4142135623730951
362, 21, 7, 320, 6, 321, 1, -1, -0.7853981633974483, 1.4142135623730951
362, 22, 170, 342, 172, 342, -2, 0, 3.141592653589793, 2.0
362, 30, 550, 251, 547, 251, 3, 0, 0.0, 3.0
362, 31, 10, 264, 9, 265, 1, -1, -0.7853981633974483, 1.4142135623730951
362, 33, 59, 130, 58, 131, 1, -1, -0.7853981633974483, 1.4142135623730951
362, 34, 288, 241, 287, 242, 1, -1, -0.7853981633974483, 1.4142135623730951
362, 40, 547, 258, 545, 258, 2, 0, 0.0, 2.0
362, 43, 65, 312, 64, 313, 1, -1, -0.7853981633974483, 1.4142135623730951
362, 47, 527, 217, 524, 217, 3, 0, 0.0, 3.0
362, 49, 531, 258, 529, 259, 2, -1, -0.4636476090008061, 2.23606797749979
362, 55, 246, 331, 244, 332, 2, -1, -0.4636476090008061, 2.23606797749979
362, 57, 22, 230, 21, 231, 1, -1, -0.7853981633974483, 1.4142135623730951
362, 65, 350, 220, 348, 221, 2, -1, -0.4636476090008061, 2.23606797749979
362, 70, 104, 121, 103, 123, 1, -2, -1.1071487177940904, 2.23606797749979
362, 71, 418, 217, 417, 218, 1, -1, -0.7853981633974483, 1.4142135623730951
362, 72, 382, 239, 380, 239, 2, 0, 0.0, 2.0
363, 0, 516, 260, 514, 260, 2, 0, 0.0, 2.0
363, 8, 288, 232, 287, 233, 1, -1, -0.7853981633974483, 1.4142135623730951
363, 14, 556, 258, 554, 259, 2, -1, -0.4636476090008061, 2.23606797749979
363, 22, 360, 223, 358, 224, 2, -1, -0.4636476090008061, 2.23606797749979
363, 29, 552, 251, 550, 251, 2, 0, 0.0, 2.0
363, 32, 60, 129, 59, 130, 1, -1, -0.7853981633974483, 1.4142135623730951
363, 33, 289, 240, 288, 241, 1, -1, -0.7853981633974483, 1.4142135623730951
363, 39, 548, 257, 547, 258, 1, -1, -0.7853981633974483, 1.4142135623730951
363, 42, 66, 311, 65, 312, 1, -1, -0.7853981633974483, 1.4142135623730951
363, 44, 40, 179, 42, 180, -2, -1, -2.677945044588987, 2.23606797749979
363, 46, 529, 216, 527, 217, 2, -1, -0.4636476090008061, 2.23606797749979
363, 48, 533, 257, 531, 258, 2, -1, -0.4636476090008061, 2.23606797749979
363, 49, 143, 123, 142, 124, 1, -1, -0.7853981633974483, 1.4142135623730951
363, 54, 247, 330, 246, 331, 1, -1, -0.7853981633974483, 1.4142135623730951
363, 60, 50, 367, 51, 366, -1, 1, 2.356194490192345, 1.4142135623730951
363, 64, 351, 219, 350, 220, 1, -1, -0.7853981633974483, 1.4142135623730951
363, 69, 105, 120, 104, 121, 1, -1, -0.7853981633974483, 1.4142135623730951
363, 70, 419, 216, 418, 217, 1, -1, -0.7853981633974483, 1.4142135623730951
363, 71, 384, 238, 382, 239, 2, -1, -0.4636476090008061, 2.23606797749979
363, 72, 350, 251, 349, 252, 1, -1, -0.7853981633974483, 1.4142135623730951
364, 0, 518, 260, 516, 260, 2, 0, 0.0, 2.0
364, 7, 13, 204, 12, 205, 1, -1, -0.7853981633974483, 1.4142135623730951
364, 8, 289, 231, 288, 232, 1, -1, -0.7853981633974483, 1.4142135623730951
364, 11, 81, 152, 80, 153, 1, -1, -0.7853981633974483, 1.4142135623730951
364, 14, 558, 257, 556, 258, 2, -1, -0.4636476090008061, 2.23606797749979
364, 21, 166, 343, 169, 342, -3, 1, 2.819842099193151, 3.1622776601683795
364, 22, 361, 222, 360, 223, 1, -1, -0.7853981633974483, 1.4142135623730951
364, 24, 448, 252, 446, 252, 2, 0, 0.0, 2.0
364, 27, 29, 130, 27, 130, 2, 0, 0.0, 2.0
364, 29, 554, 251, 552, 251, 2, 0, 0.0, 2.0
364, 30, 13, 263, 10, 263, 3, 0, 0.0, 3.0
364, 32, 61, 128, 60, 129, 1, -1, -0.7853981633974483, 1.4142135623730951
364, 33, 290, 239, 289, 240, 1, -1, -0.7853981633974483, 1.4142135623730951
364, 35, 40, 294, 39, 295, 1, -1, -0.7853981633974483, 1.4142135623730951
364, 39, 550, 256, 548, 257, 2, -1, -0.4636476090008061, 2.23606797749979
364, 42, 67, 310, 66, 311, 1, -1, -0.7853981633974483, 1.4142135623730951
364, 44, 37, 178, 40, 179, -3, -1, -2.819842099193151, 3.1622776601683795
364, 46, 531, 216, 529, 216, 2, 0, 0.0, 2.0
364, 48, 534, 256, 533, 257, 1, -1, -0.7853981633974483, 1.4142135623730951
364, 49, 144, 122, 143, 123, 1, -1, -0.7853981633974483, 1.4142135623730951
364, 58, 270, 196, 269, 195, 1, 1, 0.7853981633974483, 1.4142135623730951
364, 64, 354, 218, 351, 219, 3, -1, -0.3217505543966422, 3.1622776601683795
364, 70, 421, 216, 419, 216, 2, 0, 0.0, 2.0
364, 72, 352, 251, 350, 251, 2, 0, 0.0, 2.0
365, 7, 358, 222, 357, 223, 1, -1, -0.7853981633974483, 1.4142135623730951
365, 25, 61, 130, 60, 131, 1, -1, -0.7853981633974483, 1.4142135623730951
365, 26, 108, 232, 107, 233, 1, -1, -0.7853981633974483, 1.4142135623730951
365, 27, 41, 295, 40, 296, 1, -1, -0.7853981633974483, 1.4142135623730951
365, 35, 559, 253, 557, 253, 2, 0, 0.0, 2.0
365, 38, 385, 233, 383, 233, 2, 0, 0.0, 2.0
365, 39, 428, 217, 426, 217, 2, 0, 0.0, 2.0
365, 47, 528, 218, 526, 218, 2, 0, 0.0, 2.0
365, 48, 446, 252, 445, 253, 1, -1, -0.7853981633974483, 1.4142135623730951
365, 55, 546, 255, 545, 256, 1, -1, -0.7853981633974483, 1.4142135623730951
365, 56, 71, 223, 70, 224, 1, -1, -0.7853981633974483, 1.4142135623730951
365, 65, 201, 216, 200, 217, 1, -1, -0.7853981633974483, 1.4142135623730951
365, 66, 580, 226, 575, 227, 5, -1, -0.19739555984988075, 5.0990195135927845
365, 76, 407, 265, 405, 267, 2, -2, -0.7853981633974483, 2.8284271247461903
365, 78, 352, 250, 350, 250, 2, 0, 0.0, 2.0
365, 82, 26, 206, 25, 207, 1, -1, -0.7853981633974483, 1.4142135623730951
365, 84, 9, 319, 8, 320, 1, -1, -0.7853981633974483, 1.4142135623730951
365, 93, 76, 284, 78, 284, -2, 0, 3.141592653589793, 2.0
365, 94, 602, 229, 600, 229, 2, 0, 0.0, 2.0
366, 1, 518, 261, 516, 261, 2, 0, 0.0, 2.0
366, 5, 55, 239, 54, 240, 1, -1, -0.7853981633974483, 1.4142135623730951
366, 7, 359, 221, 358, 222, 1, -1, -0.7853981633974483, 1.4142135623730951
366, 17, 290, 243, 289, 244, 1, -1, -0.7853981633974483, 1.4142135623730951
366, 25, 63, 129, 61, 130, 2, -1, -0.4636476090008061, 2.23606797749979
366, 35, 561, 253, 559, 253, 2, 0, 0.0, 2.0
366, 38, 430, 216, 428, 217, 2, -1, -0.4636476090008061, 2.23606797749979
366, 45, 530, 217, 528, 218, 2, -1, -0.4636476090008061, 2.23606797749979
366, 46, 448, 250, 446, 252, 2, -2, -0.7853981633974483, 2.8284271247461903
366, 52, 284, 166, 284, 164, 0, 2, 1.5707963267948966, 2.0
366, 54, 111, 120, 109, 120, 2, 0, 0.0, 2.0
366, 63, 584, 226, 580, 226, 4, 0, 0.0, 4.0
366, 74, 354, 250, 352, 250, 2, 0, 0.0, 2.0
366, 83, 22, 154, 24, 155, -2, -1, -2.677945044588987, 2.23606797749979
366, 88, 605, 229, 602, 229, 3, 0, 0.0, 3.0
366, 89, 199, 173, 198, 174, 1, -1, -0.7853981633974483, 1.4142135623730951
367, 7, 361, 220, 359, 221, 2, -1, -0.4636476090008061, 2.23606797749979
367, 16, 146, 123, 145, 124, 1, -1, -0.7853981633974483, 1.4142135623730951
367, 24, 53, 158, 52, 159, 1, -1, -0.7853981633974483, 1.4142135623730951
367, 25, 64, 128, 63, 129, 1, -1, -0.7853981633974483, 1.4142135623730951
367, 29, 190, 229, 190, 231, 0, -2, -1.5707963267948966, 2.0
367, 35, 563, 252, 561, 253, 2, -1, -0.4636476090008061, 2.23606797749979
367, 37, 388, 234, 386, 233, 2, 1, 0.4636476090008061, 2.23606797749979
367, 38, 432, 215, 430, 216, 2, -1, -0.4636476090008061, 2.23606797749979
367, 44, 532, 216, 530, 217, 2, -1, -0.4636476090008061, 2.23606797749979
367, 45, 450, 250, 448, 250, 2, 0, 0.0, 2.0
367, 53, 112, 119, 111, 120, 1, -1, -0.7853981633974483, 1.4142135623730951
367, 62, 587, 224, 584, 226, 3, -2, -0.5880026035475675, 3.605551275463989
367, 72, 356, 250, 354, 250, 2, 0, 0.0, 2.0
367, 74, 240, 182, 241, 181, -1, 1, 2.356194490192345, 1.4142135623730951
367, 77, 87, 238, 86, 239, 1, -1, -0.7853981633974483, 1.4142135623730951
367, 78, 72, 149, 71, 150, 1, -1, -0.7853981633974483, 1.4142135623730951
367, 79, 86, 156, 85, 157, 1, -1, -0.7853981633974483, 1.4142135623730951
367, 82, 94, 326, 93, 327, 1, -1, -0.7853981633974483, 1.4142135623730951
367, 84, 607, 228, 605, 229, 2, -1, -0.4636476090008061, 2.23606797749979
368, 1, 521, 261, 519, 261, 2, 0, 0.0, 2.0
368, 7, 362, 219, 361, 220, 1, -1, -0.7853981633974483, 1.4142135623730951
368, 15, 147, 122, 146, 123, 1, -1, -0.7853981633974483, 1.4142135623730951
368, 23, 54, 157, 53, 158, 1, -1, -0.7853981633974483, 1.4142135623730951
368, 24, 65, 127, 64, 128, 1, -1, -0.7853981633974483, 1.4142135623730951
368, 34, 565, 251, 563, 252, 2, -1, -0.4636476090008061, 2.23606797749979
368, 36, 390, 233, 388, 234, 2, -1, -0.4636476090008061, 2.23606797749979
368, 37, 434, 214, 432, 215, 2, -1, -0.4636476090008061, 2.23606797749979
368, 43, 535, 215, 532, 216, 3, -1, -0.3217505543966422, 3.1622776601683795
368, 44, 452, 250, 450, 250, 2, 0, 0.0, 2.0
368, 49, 200, 192, 199, 193, 1, -1, -0.7853981633974483, 1.4142135623730951
368, 55, 90, 320, 89, 321, 1, -1, -0.7853981633974483, 1.4142135623730951
368, 61, 593, 226, 587, 224, 6, 2, 0.3217505543966422, 6.324555320336759
368, 62, 57, 162, 56, 163, 1, -1, -0.7853981633974483, 1.4142135623730951
368, 68, 412, 264, 408, 264, 4, 0, 0.0, 4.0
368, 82, 609, 228, 607, 228, 2, 0, 0.0, 2.0
369, 7, 363, 217, 362, 219, 1, -2, -1.1071487177940904, 2.23606797749979
369, 15, 148, 121, 147, 122, 1, -1, -0.7853981633974483, 1.4142135623730951
369, 34, 567, 251, 565, 251, 2, 0, 0.0, 2.0
369, 37, 435, 215, 434, 214, 1, 1, 0.7853981633974483, 1.4142135623730951
369, 40, 68, 310, 67, 311, 1, -1, -0.7853981633974483, 1.4142135623730951
369, 43, 538, 214, 535, 215, 3, -1, -0.3217505543966422, 3.1622776601683795
369, 44, 454, 249, 452, 250, 2, -1, -0.4636476090008061, 2.23606797749979
369, 52, 114, 119, 112, 119, 2, 0, 0.0, 2.0
369, 55, 91, 319, 90, 320, 1, -1, -0.7853981633974483, 1.4142135623730951
369, 60, 595, 226, 593, 226, 2, 0, 0.0, 2.0
369, 61, 58, 161, 57, 162, 1, -1, -0.7853981633974483, 1.4142135623730951
369, 67, 414, 264, 412, 264, 2, 0, 0.0, 2.0
369, 69, 358, 249, 357, 250, 1, -1, -0.7853981633974483, 1.4142135623730951
369, 70, 21, 225, 20, 226, 1, -1, -0.7853981633974483, 1.4142135623730951
369, 81, 610, 227, 609, 228, 1, -1, -0.7853981633974483, 1.4142135623730951
370, 8, 363, 220, 361, 221, 2, -1, -0.4636476090008061, 2.23606797749979
370, 13, 521, 262, 518, 262, 3, 0, 0.0, 3.0
370, 14, 155, 220, 154, 221, 1, -1, -0.7853981633974483, 1.4142135623730951
370, 30, 453, 253, 452, 252, 1, 1, 0.7853981633974483, 1.4142135623730951
370, 32, 87, 151, 86, 152, 1, -1, -0.7853981633974483, 1.4142135623730951
370, 35, 17, 205, 16, 206, 1, -1, -0.7853981633974483, 1.4142135623730951
370, 48, 536, 217, 534, 218, 2, -1, -0.4636476090008061, 2.23606797749979
370, 49, 65, 129, 64, 130, 1, -1, -0.7853981633974483, 1.4142135623730951
370, 57, 110, 120, 109, 121, 1, -1, -0.7853981633974483, 1.4142135623730951
371, 8, 364, 218, 363, 220, 1, -2, -1.1071487177940904, 2.23606797749979
371, 13, 523, 261, 521, 262, 2, -1, -0.4636476090008061, 2.23606797749979
371, 20, 43, 294, 42, 295, 1, -1, -0.7853981633974483, 1.4142135623730951
371, 29, 455, 253, 453, 253, 2, 0, 0.0, 2.0
371, 34, 18, 204, 17, 205, 1, -1, -0.7853981633974483, 1.4142135623730951
371, 39, 148, 123, 147, 124, 1, -1, -0.7853981633974483, 1.4142135623730951
371, 41, 288, 260, 288, 262, 0, -2, -1.5707963267948966, 2.0
371, 47, 538, 216, 536, 217, 2, -1, -0.4636476090008061, 2.23606797749979
371, 48, 66, 128, 65, 129, 1, -1, -0.7853981633974483, 1.4142135623730951
371, 51, 101, 342, 100, 343, 1, -1, -0.7853981633974483, 1.4142135623730951
371, 56, 111, 119, 110, 120, 1, -1, -0.7853981633974483, 1.4142135623730951
371, 57, 55, 155, 55, 157, 0, -2, -1.5707963267948966, 2.0
371, 62, 94, 262, 93, 264, 1, -2, -1.1071487177940904, 2.23606797749979
372, 8, 366, 217, 364, 218, 2, -1, -0.4636476090008061, 2.23606797749979
372, 13, 525, 261, 523, 261, 2, 0, 0.0, 2.0
372, 29, 456, 252, 455, 253, 1, -1, -0.7853981633974483, 1.4142135623730951
372, 31, 88, 150, 87, 151, 1, -1, -0.7853981633974483, 1.4142135623730951
372, 41, 288, 258, 288, 260, 0, -2, -1.5707963267948966, 2.0
372, 46, 540, 215, 538, 216, 2, -1, -0.4636476090008061, 2.23606797749979
372, 47, 67, 127, 66, 128, 1, -1, -0.7853981633974483, 1.4142135623730951
372, 56, 56, 154, 55, 155, 1, -1, -0.7853981633974483, 1.4142135623730951
373, 5, 6, 185, 5, 186, 1, -1, -0.7853981633974483, 1.4142135623730951
373, 8, 368, 216, 366, 217, 2, -1, -0.4636476090008061, 2.23606797749979
373, 12, 226, 208, 227, 207, -1, 1, 2.356194490192345, 1.4142135623730951
373, 13, 528, 260, 525, 261, 3, -1, -0.3217505543966422, 3.1622776601683795
373, 16, 298, 244, 296, 244, 2, 0, 0.0, 2.0
373, 18, 234, 210, 235, 208, -1, 2, 2.0344439357957027, 2.23606797749979
373, 20, 44, 293, 43, 294, 1, -1, -0.7853981633974483, 1.4142135623730951
373, 21, 35, 131, 34, 132, 1, -1, -0.7853981633974483, 1.4142135623730951
373, 37, 183, 336, 182, 337, 1, -1, -0.7853981633974483, 1.4142135623730951
373, 39, 150, 122, 149, 123, 1, -1, -0.7853981633974483, 1.4142135623730951
373, 45, 542, 215, 540, 215, 2, 0, 0.0, 2.0
373, 50, 39, 318, 38, 319, 1, -1, -0.7853981633974483, 1.4142135623730951
374, 2, 57, 239, 56, 240, 1, -1, -0.7853981633974483, 1.4142135623730951
374, 7, 31, 203, 30, 204, 1, -1, -0.7853981633974483, 1.4142135623730951
374, 8, 371, 214, 368, 216, 3, -2, -0.5880026035475675, 3.605551275463989
374, 13, 531, 259, 528, 260, 3, -1, -0.3217505543966422, 3.1622776601683795
374, 16, 300, 244, 298, 244, 2, 0, 0.0, 2.0
374, 21, 36, 130, 35, 131, 1, -1, -0.7853981633974483, 1.4142135623730951
374, 29, 459, 252, 457, 252, 2, 0, 0.0, 2.0
374, 34, 19, 202, 18, 203, 1, -1, -0.7853981633974483, 1.4142135623730951
374, 52, 114, 118, 113, 119, 1, -1, -0.7853981633974483, 1.4142135623730951
375, 7, 530, 261, 528, 262, 2, -1, -0.4636476090008061, 2.23606797749979
375, 9, 7, 187, 6, 188, 1, -1, -0.7853981633974483, 1.4142135623730951
375, 15, 369, 218, 367, 219, 2, -1, -0.4636476090008061, 2.23606797749979
375, 16, 460, 252, 458, 252, 2, 0, 0.0, 2.0
375, 23, 111, 146, 110, 147, 1, -1, -0.7853981633974483, 1.4142135623730951
375, 24, 79, 332, 78, 333, 1, -1, -0.7853981633974483, 1.4142135623730951
375, 33, 69, 128, 68, 129, 1, -1, -0.7853981633974483, 1.4142135623730951
375, 42, 564, 253, 563, 254, 1, -1, -0.7853981633974483, 1.4142135623730951
375, 43, 542, 217, 540, 217, 2, 0, 0.0, 2.0
375, 44, 573, 260, 571, 261, 2, -1, -0.4636476090008061, 2.23606797749979
375, 51, 102, 345, 101, 346, 1, -1, -0.7853981633974483, 1.4142135623730951
375, 53, 395, 232, 394, 233, 1, -1, -0.7853981633974483, 1.4142135623730951
375, 55, 362, 222, 361, 223, 1, -1, -0.7853981633974483, 1.4142135623730951
375, 74, 64, 365, 65, 364, -1, 1, 2.356194490192345, 1.4142135623730951
375, 77, 279, 309, 278, 310, 1, -1, -0.7853981633974483, 1.4142135623730951
376, 7, 532, 261, 530, 261, 2, 0, 0.0, 2.0
376, 15, 370, 217, 369, 218, 1, -1, -0.7853981633974483, 1.4142135623730951
376, 16, 462, 252, 460, 252, 2, 0, 0.0, 2.0
376, 36, 38, 133, 36, 134, 2, -1, -0.4636476090008061, 2.23606797749979
376, 37, 256, 161, 255, 162, 1, -1, -0.7853981633974483, 1.4142135623730951
376, 42, 566, 253, 564, 253, 2, 0, 0.0, 2.0
376, 43, 544, 217, 542, 217, 2, 0, 0.0, 2.0
376, 44, 575, 259, 573, 260, 2, -1, -0.4636476090008061, 2.23606797749979
376, 51, 103, 344, 102, 345, 1, -1, -0.7853981633974483, 1.4142135623730951
376, 52, 396, 231, 395, 232, 1, -1, -0.7853981633974483, 1.4142135623730951
376, 54, 363, 221, 362, 222, 1, -1, -0.7853981633974483, 1.4142135623730951
376, 56, 291, 259, 291, 261, 0, -2, -1.5707963267948966, 2.0
376, 57, 74, 311, 73, 312, 1, -1, -0.7853981633974483, 1.4142135623730951
376, 66, 47, 178, 48, 180, -1, -2, -2.0344439357957027, 2.23606797749979
376, 77, 40, 331, 41, 330, -1, 1, 2.356194490192345, 1.4142135623730951
377, 1, 183, 256, 184, 255, -1, 1, 2.356194490192345, 1.4142135623730951
377, 7, 534, 261, 532, 261, 2, 0, 0.0, 2.0
377, 15, 372, 216, 370, 217, 2, -1, -0.4636476090008061, 2.23606797749979
377, 16, 464, 251, 462, 252, 2, -1, -0.4636476090008061, 2.23606797749979
377, 19, 301, 242, 299, 242, 2, 0, 0.0, 2.0
377, 35, 257, 160, 256, 161, 1, -1, -0.7853981633974483, 1.4142135623730951
377, 41, 546, 217, 544, 217, 2, 0, 0.0, 2.0
377, 42, 577, 259, 575, 259, 2, 0, 0.0, 2.0
377, 50, 398, 231, 396, 231, 2, 0, 0.0, 2.0
377, 52, 365, 220, 363, 221, 2, -1, -0.4636476090008061, 2.23606797749979
377, 55, 75, 310, 74, 311, 1, -1, -0.7853981633974483, 1.4142135623730951
377, 70, 63, 366, 64, 365, -1, 1, 2.356194490192345, 1.4142135623730951
378, 7, 537, 261, 534, 261, 3, 0, 0.0, 3.0
378, 15, 373, 215, 372, 216, 1, -1, -0.7853981633974483, 1.4142135623730951
378, 19, 303, 242, 301, 242, 2, 0, 0.0, 2.0
378, 31, 70, 125, 69, 126, 1, -1, -0.7853981633974483, 1.4142135623730951
378, 35, 257, 158, 257, 160, 0, -2, -1.5707963267948966, 2.0
378, 40, 568, 252, 567, 253, 1, -1, -0.7853981633974483, 1.4142135623730951
378, 41, 550, 216, 546, 217, 4, -1, -0.24497866312686414, 4.123105625617661
378, 42, 579, 258, 577, 259, 2, -1, -0.4636476090008061, 2.23606797749979
378, 52, 366, 219, 365, 220, 1, -1, -0.7853981633974483, 1.4142135623730951
378, 54, 292, 256, 291, 258, 1, -2, -1.1071487177940904, 2.23606797749979
378, 64, 209, 236, 210, 238, -1, -2, -2.0344439357957027, 2.23606797749979
378, 70, 280, 307, 279, 308, 1, -1, -0.7853981633974483, 1.4142135623730951
379, 2, 58, 153, 57, 154, 1, -1, -0.7853981633974483, 1.4142135623730951
379, 7, 539, 261, 537, 261, 2, 0, 0.0, 2.0
379, 16, 467, 252, 465, 251, 2, 1, 0.4636476090008061, 2.23606797749979
379, 20, 229, 201, 229, 203, 0, -2, -1.5707963267948966, 2.0
379, 35, 256, 156, 257, 158, -1, -2, -2.0344439357957027, 2.23606797749979
379, 36, 120, 248, 119, 249, 1, -1, -0.7853981633974483, 1.4142135623730951
379, 40, 572, 251, 568, 252, 4, -1, -0.24497866312686414, 4.123105625617661
379, 41, 552, 216, 550, 216, 2, 0, 0.0, 2.0
379, 42, 582, 257, 579, 258, 3, -1, -0.3217505543966422, 3.1622776601683795
379, 45, 284, 283, 284, 285, 0, -2, -1.5707963267948966, 2.0
379, 46, 367, 251, 366, 252, 1, -1, -0.7853981633974483, 1.4142135623730951
379, 48, 154, 268, 155, 270, -1, -2, -2.0344439357957027, 2.23606797749979
379, 49, 105, 343, 104, 344, 1, -1, -0.7853981633974483, 1.4142135623730951
379, 50, 401, 230, 399, 231, 2, -1, -0.4636476090008061, 2.23606797749979
379, 52, 367, 218, 366, 219, 1, -1, -0.7853981633974483, 1.4142135623730951
379, 54, 293, 255, 292, 256, 1, -1, -0.7853981633974483, 1.4142135623730951
379, 56, 7, 220, 6, 221, 1, -1, -0.7853981633974483, 1.4142135623730951
379, 65, 255, 320, 254, 321, 1, -1, -0.7853981633974483, 1.4142135623730951
380, 6, 533, 262, 531, 262, 2, 0, 0.0, 2.0
380, 16, 373, 217, 372, 218, 1, -1, -0.7853981633974483, 1.4142135623730951
380, 27, 366, 256, 364, 256, 2, 0, 0.0, 2.0
380, 33, 546, 219, 544, 219, 2, 0, 0.0, 2.0
380, 35, 464, 254, 463, 255, 1, -1, -0.7853981633974483, 1.4142135623730951
380, 40, 151, 221, 150, 222, 1, -1, -0.7853981633974483, 1.4142135623730951
380, 42, 367, 221, 365, 222, 2, -1, -0.4636476090008061, 2.23606797749979
380, 59, 579, 261, 577, 261, 2, 0, 0.0, 2.0
380, 64, 572, 251, 570, 252, 2, -1, -0.4636476090008061, 2.23606797749979
380, 67, 117, 126, 116, 127, 1, -1, -0.7853981633974483, 1.4142135623730951
381, 2, 60, 158, 59, 159, 1, -1, -0.7853981633974483, 1.4142135623730951
381, 3, 10, 320, 9, 321, 1, -1, -0.7853981633974483, 1.4142135623730951
381, 6, 535, 262, 533, 262, 2, 0, 0.0, 2.0
381, 16, 375, 216, 373, 217, 2, -1, -0.4636476090008061, 2.23606797749979
381, 33, 548, 218, 546, 219, 2, -1, -0.4636476090008061, 2.23606797749979
381, 35, 466, 254, 464, 254, 2, 0, 0.0, 2.0
381, 36, 72, 127, 71, 128, 1, -1, -0.7853981633974483, 1.4142135623730951
381, 37, 42, 131, 41, 132, 1, -1, -0.7853981633974483, 1.4142135623730951
381, 38, 44, 320, 43, 321, 1, -1, -0.7853981633974483, 1.4142135623730951
381, 42, 369, 221, 367, 221, 2, 0, 0.0, 2.0
381, 44, 559, 258, 557, 259, 2, -1, -0.4636476090008061, 2.23606797749979
381, 57, 581, 259, 579, 261, 2, -2, -0.7853981633974483, 2.8284271247461903
381, 61, 279, 310, 279, 312, 0, -2, -1.5707963267948966, 2.0
381, 62, 571, 253, 572, 251, -1, 2, 2.0344439357957027, 2.23606797749979
381, 63, 210, 334, 209, 335, 1, -1, -0.7853981633974483, 1.4142135623730951
381, 64, 118, 125, 117, 126, 1, -1, -0.7853981633974483, 1.4142135623730951
381, 76, 29, 155, 31, 156, -2, -1, -2.677945044588987, 2.23606797749979
382, 6, 538, 263, 535, 262, 3, 1, 0.3217505543966422, 3.1622776601683795
382, 16, 377, 215, 375, 216, 2, -1, -0.4636476090008061, 2.23606797749979
382, 25, 82, 334, 81, 335, 1, -1, -0.7853981633974483, 1.4142135623730951
382, 26, 369, 256, 367, 256, 2, 0, 0.0, 2.0
382, 32, 550, 217, 548, 218, 2, -1, -0.4636476090008061, 2.23606797749979
382, 34, 468, 253, 466, 254, 2, -1, -0.4636476090008061, 2.23606797749979
382, 35, 73, 126, 72, 127, 1, -1, -0.7853981633974483, 1.4142135623730951
382, 36, 43, 130, 42, 131, 1, -1, -0.7853981633974483, 1.4142135623730951
382, 41, 371, 221, 369, 221, 2, 0, 0.0, 2.0
382, 53, 583, 258, 581, 259, 2, -1, -0.4636476090008061, 2.23606797749979
382, 57, 280, 309, 279, 310, 1, -1, -0.7853981633974483, 1.4142135623730951
382, 58, 573, 252, 571, 253, 2, -1, -0.4636476090008061, 2.23606797749979
382, 60, 119, 124, 118, 125, 1, -1, -0.7853981633974483, 1.4142135623730951
382, 66, 311, 238, 308, 237, 3, 1, 0.3217505543966422, 3.1622776601683795
383, 5, 542, 262, 538, 263, 4, -1, -0.24497866312686414, 4.123105625617661
383, 15, 379, 215, 377, 215, 2, 0, 0.0, 2.0
383, 16, 67, 181, 66, 182, 1, -1, -0.7853981633974483, 1.4142135623730951
383, 25, 371, 256, 369, 256, 2, 0, 0.0, 2.0
383, 31, 552, 216, 550, 217, 2, -1, -0.4636476090008061, 2.23606797749979
383, 33, 471, 252, 468, 253, 3, -1, -0.3217505543966422, 3.1622776601683795
383, 37, 258, 317, 257, 319, 1, -2, -1.1071487177940904, 2.23606797749979
383, 40, 373, 220, 371, 221, 2, -1, -0.4636476090008061, 2.23606797749979
383, 44, 278, 222, 277, 223, 1, -1, -0.7853981633974483, 1.4142135623730951
383, 52, 585, 258, 583, 258, 2, 0, 0.0, 2.0
383, 57, 575, 251, 573, 252, 2, -1, -0.4636476090008061, 2.23606797749979
383, 59, 120, 123, 119, 124, 1, -1, -0.7853981633974483, 1.4142135623730951
383, 65, 405, 233, 402, 234, 3, -1, -0.3217505543966422, 3.1622776601683795
384, 5, 544, 262, 542, 262, 2, 0, 0.0, 2.0
384, 10, 172, 241, 168, 242, 4, -1, -0.24497866312686414, 4.123105625617661
384, 15, 380, 214, 379, 215, 1, -1, -0.7853981633974483, 1.4142135623730951
384, 17, 202, 297, 201, 299, 1, -2, -1.1071487177940904, 2.23606797749979
384, 25, 372, 255, 371, 256, 1, -1, -0.7853981633974483, 1.4142135623730951
384, 29, 100, 246, 96, 246, 4, 0, 0.0, 4.0
384, 30, 308, 243, 306, 243, 2, 0, 0.0, 2.0
384, 32, 193, 221, 192, 220, 1, 1, 0.7853981633974483, 1.4142135623730951
384, 33, 473, 252, 471, 252, 2, 0, 0.0, 2.0
384, 34, 74, 124, 73, 125, 1, -1, -0.7853981633974483, 1.4142135623730951
384, 35, 46, 128, 44, 130, 2, -2, -0.7853981633974483, 2.8284271247461903
384, 37, 259, 316, 258, 317, 1, -1, -0.7853981633974483, 1.4142135623730951
384, 40, 374, 219, 373, 220, 1, -1, -0.7853981633974483, 1.4142135623730951
384, 47, 99, 327, 95, 329, 4, -2, -0.4636476090008061, 4.47213595499958
384, 51, 587, 257, 585, 258, 2, -1, -0.4636476090008061, 2.23606797749979
384, 55, 280, 306, 280, 308, 0, -2, -1.5707963267948966, 2.0
384, 56, 577, 251, 575, 251, 2, 0, 0.0, 2.0
384, 62, 100, 152, 99, 151, 1, 1, 0.7853981633974483, 1.4142135623730951
384, 63, 314, 239, 312, 238, 2, 1, 0.4636476090008061, 2.23606797749979
384, 64, 406, 232, 405, 233, 1, -1, -0.7853981633974483, 1.4142135623730951
385, 6, 543, 263, 541, 263, 2, 0, 0.0, 2.0
385, 7, 379, 216, 377, 217, 2, -1, -0.4636476090008061, 2.23606797749979
385, 12, 586, 252, 584, 253, 2, -1, -0.4636476090008061, 2.23606797749979
385, 20, 297, 260, 297, 262, 0, -2, -1.5707963267948966, 2.0
385, 22, 311, 241, 309, 244, 2, -3, -0.982793723247329, 3.605551275463989
385, 23, 576, 260, 575, 261, 1, -1, -0.7853981633974483, 1.4142135623730951
385, 27, 473, 253, 471, 253, 2, 0, 0.0, 2.0
385, 30, 5, 354, 4, 355, 1, -1, -0.7853981633974483, 1.4142135623730951
385, 42, 153, 222, 152, 223, 1, -1, -0.7853981633974483, 1.4142135623730951
385, 47, 139, 359, 138, 360, 1, -1, -0.7853981633974483, 1.4142135623730951
385, 52, 45, 132, 44, 133, 1, -1, -0.7853981633974483, 1.4142135623730951
385, 53, 550, 220, 548, 220, 2, 0, 0.0, 2.0
385, 54, 75, 127, 74, 128, 1, -1, -0.7853981633974483, 1.4142135623730951
385, 55, 453, 215, 451, 216, 2, -1, -0.4636476090008061, 2.23606797749979
385, 57, 373, 258, 371, 259, 2, -1, -0.4636476090008061, 2.23606797749979
385, 59, 167, 177, 165, 177, 2, 0, 0.0, 2.0
385, 67, 586, 260, 583, 261, 3, -1, -0.3217505543966422, 3.1622776601683795
385, 68, 45, 154, 41, 153, 4, 1, 0.24497866312686414, 4.123105625617661
385, 70, 78, 311, 77, 312, 1, -1, -0.7853981633974483, 1.4142135623730951
385, 76, 126, 127, 124, 127, 2, 0, 0.0, 2.0
385, 81, 23, 346, 22, 347, 1, -1, -0.7853981633974483, 1.4142135623730951
385, 84, 347, 226, 345, 226, 2, 0, 0.0, 2.0
385, 85, 283, 282, 283, 284, 0, -2, -1.5707963267948966, 2.0
386, 5, 545, 262, 543, 263, 2, -1, -0.4636476090008061, 2.23606797749979
386, 6, 381, 215, 379, 216, 2, -1, -0.4636476090008061, 2.23606797749979
386, 16, 184, 224, 184, 227, 0, -3, -1.5707963267948966, 3.0
386, 21, 313, 241, 311, 241, 2, 0, 0.0, 2.0
386, 26, 475, 253, 473, 253, 2, 0, 0.0, 2.0
386, 29, 6, 353, 5, 354, 1, -1, -0.7853981633974483, 1.4142135623730951
386, 44, 158, 123, 157, 124, 1, -1, -0.7853981633974483, 1.4142135623730951
386, 45, 140, 358, 139, 359, 1, -1, -0.7853981633974483, 1.4142135623730951
386, 49, 46, 131, 45, 132, 1, -1, -0.7853981633974483, 1.4142135623730951
386, 50, 552, 220, 550, 220, 2, 0, 0.0, 2.0
386, 51, 76, 126, 75, 127, 1, -1, -0.7853981633974483, 1.4142135623730951
386, 52, 455, 214, 453, 215, 2, -1, -0.4636476090008061, 2.23606797749979
386, 53, 47, 320, 46, 321, 1, -1, -0.7853981633974483, 1.4142135623730951
386, 56, 168, 178, 167, 177, 1, 1, 0.7853981633974483, 1.4142135623730951
386, 57, 420, 265, 422, 265, -2, 0, 3.141592653589793, 2.0
386, 61, 407, 238, 406, 239, 1, -1, -0.7853981633974483, 1.4142135623730951
386, 63, 588, 259, 586, 260, 2, -1, -0.4636476090008061, 2.23606797749979
386, 68, 114, 266, 116, 267, -2, -1, -2.677945044588987, 2.23606797749979
386, 72, 127, 126, 126, 127, 1, -1, -0.7853981633974483, 1.4142135623730951
386, 76, 25, 346, 23, 346, 2, 0, 0.0, 2.0
386, 79, 349, 225, 347, 226, 2, -1, -0.4636476090008061, 2.23606797749979
387, 5, 547, 262, 545, 262, 2, 0, 0.0, 2.0
387, 6, 383, 213, 381, 215, 2, -2, -0.7853981633974483, 2.8284271247461903
387, 21, 315, 242, 313, 241, 2, 1, 0.4636476090008061, 2.23606797749979
387, 22, 579, 259, 577, 260, 2, -1, -0.4636476090008061, 2.23606797749979
387, 29, 7, 352, 6, 353, 1, -1, -0.7853981633974483, 1.4142135623730951
387, 42, 30, 177, 29, 178, 1, -1, -0.7853981633974483, 1.4142135623730951
387, 44, 141, 357, 140, 358, 1, -1, -0.7853981633974483, 1.4142135623730951
387, 45, 278, 225, 277, 226, 1, -1, -0.7853981633974483, 1.4142135623730951
387, 48, 47, 130, 46, 131, 1, -1, -0.7853981633974483, 1.4142135623730951
387, 49, 555, 219, 552, 220, 3, -1, -0.3217505543966422, 3.1622776601683795
387, 50, 77, 125, 76, 126, 1, -1, -0.7853981633974483, 1.4142135623730951
387, 51, 457, 214, 455, 214, 2, 0, 0.0, 2.0
387, 53, 377, 258, 374, 258, 3, 0, 0.0, 3.0
387, 56, 418, 265, 420, 265, -2, 0, 3.141592653589793, 2.0
387, 60, 409, 237, 407, 238, 2, -1, -0.4636476090008061, 2.23606797749979
387, 62, 590, 259, 588, 259, 2, 0, 0.0, 2.0
387, 70, 128, 125, 127, 126, 1, -1, -0.7853981633974483, 1.4142135623730951
387, 76, 351, 225, 349, 225, 2, 0, 0.0, 2.0
387, 77, 283, 279, 283, 281, 0, -2, -1.5707963267948966, 2.0
388, 5, 548, 261, 547, 262, 1, -1, -0.7853981633974483, 1.4142135623730951
388, 6, 384, 212, 383, 213, 1, -1, -0.7853981633974483, 1.4142135623730951
388, 11, 591, 251, 588, 252, 3, -1, -0.3217505543966422, 3.1622776601683795
388, 21, 317, 242, 315, 242, 2, 0, 0.0, 2.0
388, 22, 581, 258, 579, 259, 2, -1, -0.4636476090008061, 2.23606797749979
388, 24, 40, 206, 39, 207, 1, -1, -0.7853981633974483, 1.4142135623730951
388, 26, 477, 252, 476, 253, 1, -1, -0.7853981633974483, 1.4142135623730951
388, 29, 8, 351, 7, 352, 1, -1, -0.7853981633974483, 1.4142135623730951
388, 32, 50, 297, 49, 298, 1, -1, -0.7853981633974483, 1.4142135623730951
388, 49, 557, 218, 555, 219, 2, -1, -0.4636476090008061, 2.23606797749979
388, 51, 459, 214, 457, 214, 2, 0, 0.0, 2.0
388, 52, 48, 318, 47, 319, 1, -1, -0.7853981633974483, 1.4142135623730951
388, 53, 379, 258, 377, 258, 2, 0, 0.0, 2.0
388, 60, 411, 237, 409, 237, 2, 0, 0.0, 2.0
388, 62, 594, 260, 590, 259, 4, 1, 0.24497866312686414, 4.123105625617661
388, 76, 353, 225, 351, 225, 2, 0, 0.0, 2.0
389, 5, 550, 260, 548, 261, 2, -1, -0.4636476090008061, 2.23606797749979
389, 6, 385, 211, 384, 212, 1, -1, -0.7853981633974483, 1.4142135623730951
389, 11, 593, 251, 591, 251, 2, 0, 0.0, 2.0
389, 14, 50, 180, 51, 179, -1, 1, 2.356194490192345, 1.4142135623730951
389, 22, 582, 257, 581, 258, 1, -1, -0.7853981633974483, 1.4142135623730951
389, 25, 187, 333, 186, 334, 1, -1, -0.7853981633974483, 1.4142135623730951
389, 26, 479, 252, 477, 252, 2, 0, 0.0, 2.0
389, 29, 9, 350, 8, 351, 1, -1, -0.7853981633974483, 1.4142135623730951
389, 48, 48, 129, 47, 130, 1, -1, -0.7853981633974483, 1.4142135623730951
389, 49, 559, 217, 557, 218, 2, -1, -0.4636476090008061, 2.23606797749979
389, 50, 79, 124, 78, 125, 1, -1, -0.7853981633974483, 1.4142135623730951
389, 51, 460, 213, 459, 214, 1, -1, -0.7853981633974483, 1.4142135623730951
389, 56, 421, 265, 417, 265, 4, 0, 0.0, 4.0
389, 62, 597, 260, 594, 260, 3, 0, 0.0, 3.0
389, 70, 130, 126, 129, 125, 1, 1, 0.7853981633974483, 1.4142135623730951
389, 73, 23, 348, 25, 347, -2, 1, 2.677945044588987, 2.23606797749979
389, 75, 355, 224, 353, 225, 2, -1, -0.4636476090008061, 2.23606797749979
390, 1, 550, 262, 547, 263, 3, -1, -0.3217505543966422, 3.1622776601683795
390, 4, 251, 142, 251, 144, 0, -2, -1.5707963267948966, 2.0
390, 9, 384, 215, 382, 216, 2, -1, -0.4636476090008061, 2.23606797749979
390, 22, 302, 258, 300, 260, 2, -2, -0.7853981633974483, 2.8284271247461903
390, 25, 315, 246, 313, 245, 2, 1, 0.4636476090008061, 2.23606797749979
390, 29, 269, 193, 270, 192, -1, 1, 2.356194490192345, 1.4142135623730951
390, 40, 49, 130, 48, 131, 1, -1, -0.7853981633974483, 1.4142135623730951
390, 43, 79, 127, 78, 128, 1, -1, -0.7853981633974483, 1.4142135623730951
390, 44, 256, 329, 255, 330, 1, -1, -0.7853981633974483, 1.4142135623730951
390, 47, 80, 311, 79, 312, 1, -1, -0.7853981633974483, 1.4142135623730951
390, 53, 559, 218, 556, 219, 3, -1, -0.3217505543966422, 3.1622776601683795
390, 57, 458, 214, 456, 215, 2, -1, -0.4636476090008061, 2.23606797749979
390, 58, 411, 237, 410, 238, 1, -1, -0.7853981633974483, 1.4142135623730951
390, 59, 9, 355, 8, 356, 1, -1, -0.7853981633974483, 1.4142135623730951
390, 60, 583, 254, 581, 255, 2, -1, -0.4636476090008061, 2.23606797749979
390, 68, 350, 226, 349, 227, 1, -1, -0.7853981633974483, 1.4142135623730951
391, 1, 553, 261, 550, 262, 3, -1, -0.3217505543966422, 3.1622776601683795
391, 9, 386, 214, 384, 215, 2, -1, -0.4636476090008061, 2.23606797749979
391, 15, 96, 159, 95, 161, 1, -2, -1.1071487177940904, 2.23606797749979
391, 17, 66, 156, 65, 154, 1, 2, 1.1071487177940904, 2.23606797749979
391, 19, 479, 253, 477, 253, 2, 0, 0.0, 2.0
391, 20, 65, 159, 65, 161, 0, -2, -1.5707963267948966, 2.0
391, 21, 155, 222, 154, 223, 1, -1, -0.7853981633974483, 1.4142135623730951
391, 24, 317, 246, 315, 246, 2, 0, 0.0, 2.0
391, 37, 15, 318, 14, 317, 1, 1, 0.7853981633974483, 1.4142135623730951
391, 38, 50, 129, 49, 130, 1, -1, -0.7853981633974483, 1.4142135623730951
391, 41, 80, 126, 79, 127, 1, -1, -0.7853981633974483, 1.4142135623730951
391, 42, 257, 328, 256, 329, 1, -1, -0.7853981633974483, 1.4142135623730951
391, 45, 81, 310, 80, 311, 1, -1, -0.7853981633974483, 1.4142135623730951
391, 47, 39, 254, 38, 255, 1, -1, -0.7853981633974483, 1.4142135623730951
391, 49, 163, 125, 161, 125, 2, 0, 0.0, 2.0
391, 51, 561, 217, 559, 218, 2, -1, -0.4636476090008061, 2.23606797749979
391, 55, 460, 214, 458, 214, 2, 0, 0.0, 2.0
391, 56, 413, 237, 411, 237, 2, 0, 0.0, 2.0
391, 58, 586, 253, 583, 254, 3, -1, -0.3217505543966422, 3.1622776601683795
391, 66, 351, 225, 350, 226, 1, -1, -0.7853981633974483, 1.4142135623730951
392, 1, 555, 260, 553, 261, 2, -1, -0.4636476090008061, 2.23606797749979
392, 9, 389, 213, 386, 214, 3, -1, -0.3217505543966422, 3.1622776601683795
392, 10, 16, 322, 15, 323, 1, -1, -0.7853981633974483, 1.4142135623730951
392, 18, 481, 253, 479, 253, 2, 0, 0.0, 2.0
392, 28, 54, 272, 53, 273, 1, -1, -0.7853981633974483, 1.4142135623730951
392, 40, 81, 125, 80, 126, 1, -1, -0.7853981633974483, 1.4142135623730951
392, 41, 258, 327, 257, 328, 1, -1, -0.7853981633974483, 1.4142135623730951
392, 43, 144, 359, 143, 360, 1, -1, -0.7853981633974483, 1.4142135623730951
392, 49, 564, 217, 561, 217, 3, 0, 0.0, 3.0
392, 53, 462, 213, 460, 214, 2, -1, -0.4636476090008061, 2.23606797749979
392, 54, 415, 236, 413, 237, 2, -1, -0.4636476090008061, 2.23606797749979
393, 1, 558, 260, 555, 260, 3, 0, 0.0, 3.0
393, 8, 391, 213, 389, 213, 2, 0, 0.0, 2.0
393, 17, 484, 253, 481, 253, 3, 0, 0.0, 3.0
393, 20, 303, 255, 302, 256, 1, -1, -0.7853981633974483, 1.4142135623730951
393, 25, 269, 191, 268, 193, 1, -2, -1.1071487177940904, 2.23606797749979
393, 35, 52, 128, 51, 129, 1, -1, -0.7853981633974483, 1.4142135623730951
393, 38, 82, 124, 81, 125, 1, -1, -0.7853981633974483, 1.4142135623730951
393, 39, 259, 326, 258, 327, 1, -1, -0.7853981633974483, 1.4142135623730951
393, 42, 82, 308, 81, 309, 1, -1, -0.7853981633974483, 1.4142135623730951
393, 47, 566, 216, 564, 217, 2, -1, -0.4636476090008061, 2.23606797749979
393, 50, 464, 212, 462, 213, 2, -1, -0.4636476090008061, 2.23606797749979
393, 51, 417, 236, 415, 236, 2, 0, 0.0, 2.0
393, 52, 11, 353, 10, 354, 1, -1, -0.7853981633974483, 1.4142135623730951
393, 53, 589, 252, 587, 253, 2, -1, -0.4636476090008061, 2.23606797749979
393, 58, 78, 229, 77, 230, 1, -1, -0.7853981633974483, 1.4142135623730951
393, 61, 353, 224, 352, 225, 1, -1, -0.7853981633974483, 1.4142135623730951
393, 66, 33, 175, 32, 176, 1, -1, -0.7853981633974483, 1.4142135623730951
394, 1, 560, 259, 558, 260, 2, -1, -0.4636476090008061, 2.23606797749979
394, 7, 393, 213, 391, 213, 2, 0, 0.0, 2.0
394, 8, 18, 321, 17, 322, 1, -1, -0.7853981633974483, 1.4142135623730951
394, 15, 127, 217, 126, 218, 1, -1, -0.7853981633974483, 1.4142135623730951
394, 16, 486, 253, 484, 253, 2, 0, 0.0, 2.0
394, 21, 321, 246, 319, 246, 2, 0, 0.0, 2.0
394, 26, 52, 295, 51, 296, 1, -1, -0.7853981633974483, 1.4142135623730951
394, 32, 53, 127, 52, 128, 1, -1, -0.7853981633974483, 1.4142135623730951
394, 35, 84, 123, 82, 124, 2, -1, -0.4636476090008061, 2.23606797749979
394, 42, 567, 215, 566, 216, 1, -1, -0.7853981633974483, 1.4142135623730951
394, 45, 466, 211, 464, 212, 2, -1, -0.4636476090008061, 2.23606797749979
394, 46, 419, 237, 417, 236, 2, 1, 0.4636476090008061, 2.23606797749979
394, 56, 354, 223, 353, 224, 1, -1, -0.7853981633974483, 1.4142135623730951
394, 63, 223, 314, 221, 316, 2, -2, -0.7853981633974483, 2.8284271247461903
395, 6, 390, 215, 388, 215, 2, 0, 0.0, 2.0
395, 7, 554, 262, 551, 262, 3, 0, 0.0, 3.0
395, 16, 322, 245, 320, 246, 2, -1, -0.4636476090008061, 2.23606797749979
395, 24, 418, 232, 416, 232, 2, 0, 0.0, 2.0
395, 30, 53, 321, 52, 322, 1, -1, -0.7853981633974483, 1.4142135623730951
395, 32, 282, 275, 283, 277, -1, -2, -2.0344439357957027, 2.23606797749979
395, 33, 69, 154, 68, 155, 1, -1, -0.7853981633974483, 1.4142135623730951
395, 35, 601, 261, 598, 262, 3, -1, -0.3217505543966422, 3.1622776601683795
395, 43, 383, 255, 381, 254, 2, 1, 0.4636476090008061, 2.23606797749979
395, 45, 10, 132, 8, 133, 2, -1, -0.4636476090008061, 2.23606797749979
395, 51, 567, 218, 565, 218, 2, 0, 0.0, 2.0
395, 52, 52, 130, 51, 131, 1, -1, -0.7853981633974483, 1.4142135623730951
395, 56, 129, 291, 128, 292, 1, -1, -0.7853981633974483, 1.4142135623730951
395, 67, 591, 251, 589, 252, 2, -1, -0.4636476090008061, 2.23606797749979
395, 77, 132, 120, 131, 121, 1, -1, -0.7853981633974483, 1.4142135623730951
395, 81, 431, 265, 433, 266, -2, -1, -2.677945044588987, 2.23606797749979
395, 82, 356, 226, 355, 227, 1, -1, -0.7853981633974483, 1.4142135623730951
395, 89, 447, 264, 445, 265, 2, -1, -0.4636476090008061, 2.23606797749979
395, 95, 560, 214, 558, 215, 2, -1, -0.4636476090008061, 2.23606797749979
395, 96, 590, 259, 588, 260, 2, -1, -0.4636476090008061, 2.23606797749979
395, 101, 85, 283, 87, 283, -2, 0, 3.141592653589793, 2.0
395, 102, 492, 225, 490, 225, 2, 0, 0.0, 2.0
395, 107, 138, 127, 136, 127, 2, 0, 0.0, 2.0
395, 112, 275, 224, 274, 225, 1, -1, -0.7853981633974483, 1.4142135623730951
396, 0, 252, 143, 251, 144, 1, -1, -0.7853981633974483, 1.4142135623730951
396, 1, 31, 281, 30, 282, 1, -1, -0.7853981633974483, 1.4142135623730951
396, 5, 392, 215, 390, 215, 2, 0, 0.0, 2.0
396, 6, 556, 262, 554, 262, 2, 0, 0.0, 2.0
396, 9, 485, 255, 483, 255, 2, 0, 0.0, 2.0
396, 15, 324, 244, 322, 245, 2, -1, -0.4636476090008061, 2.23606797749979
396, 22, 420, 231, 418, 232, 2, -1, -0.4636476090008061, 2.23606797749979
396, 26, 115, 234, 114, 236, 1, -2, -1.1071487177940904, 2.23606797749979
396, 28, 54, 320, 53, 321, 1, -1, -0.7853981633974483, 1.4142135623730951
396, 30, 281, 273, 282, 275, -1, -2, -2.0344439357957027, 2.23606797749979
396, 33, 602, 260, 601, 261, 1, -1, -0.7853981633974483, 1.4142135623730951
396, 38, 166, 125, 165, 126, 1, -1, -0.7853981633974483, 1.4142135623730951
396, 40, 84, 126, 83, 127, 1, -1, -0.7853981633974483, 1.4142135623730951
396, 41, 384, 254, 383, 255, 1, -1, -0.7853981633974483, 1.4142135623730951
396, 43, 11, 131, 10, 132, 1, -1, -0.7853981633974483, 1.4142135623730951
396, 49, 570, 218, 567, 218, 3, 0, 0.0, 3.0
396, 51, 192, 332, 191, 333, 1, -1, -0.7853981633974483, 1.4142135623730951
396, 66, 15, 355, 14, 356, 1, -1, -0.7853981633974483, 1.4142135623730951
396, 71, 133, 119, 132, 120, 1, -1, -0.7853981633974483, 1.4142135623730951
396, 75, 357, 225, 356, 226, 1, -1, -0.7853981633974483, 1.4142135623730951
396, 82, 449, 263, 447, 264, 2, -1, -0.4636476090008061, 2.23606797749979
396, 88, 563, 213, 560, 214, 3, -1, -0.3217505543966422, 3.1622776601683795
396, 89, 592, 259, 590, 259, 2, 0, 0.0, 2.0
396, 90, 43, 153, 44, 155, -1, -2, -2.0344439357957027, 2.23606797749979
396, 92, 30, 345, 31, 344, -1, 1, 2.356194490192345, 1.4142135623730951
396, 99, 280, 300, 281, 302, -1, -2, -2.0344439357957027, 2.23606797749979
396, 100, 139, 126, 138, 127, 1, -1, -0.7853981633974483, 1.4142135623730951
396, 101, 578, 256, 581, 256, -3, 0, 3.141592653589793, 3.0
396, 102, 74, 182, 74, 184, 0, -2, -1.5707963267948966, 2.0
396, 103, 141, 251, 140, 252, 1, -1, -0.7853981633974483, 1.4142135623730951
396, 104, 277, 222, 275, 224, 2, -2, -0.7853981633974483, 2.8284271247461903
397, 5, 393, 214, 392, 215, 1, -1, -0.7853981633974483, 1.4142135623730951
397, 6, 558, 262, 556, 262, 2, 0, 0.0, 2.0
397, 15, 326, 243, 324, 244, 2, -1, -0.4636476090008061, 2.23606797749979
397, 22, 422, 231, 420, 231, 2, 0, 0.0, 2.0
397, 30, 281, 271, 281, 273, 0, -2, -1.5707963267948966, 2.0
397, 33, 603, 259, 602, 260, 1, -1, -0.7853981633974483, 1.4142135623730951
397, 38, 167, 124, 166, 125, 1, -1, -0.7853981633974483, 1.4142135623730951
397, 40, 85, 125, 84, 126, 1, -1, -0.7853981633974483, 1.4142135623730951
397, 43, 12, 130, 11, 131, 1, -1, -0.7853981633974483, 1.4142135623730951
397, 48, 572, 217, 570, 218, 2, -1, -0.4636476090008061, 2.23606797749979
397, 70, 134, 118, 133, 119, 1, -1, -0.7853981633974483, 1.4142135623730951
397, 73, 380, 214, 379, 215, 1, -1, -0.7853981633974483, 1.4142135623730951
397, 74, 359, 224, 357, 225, 2, -1, -0.4636476090008061, 2.23606797749979
397, 77, 128, 167, 128, 169, 0, -2, -1.5707963267948966, 2.0
397, 78, 30, 223, 29, 224, 1, -1, -0.7853981633974483, 1.4142135623730951
397, 87, 565, 213, 563, 213, 2, 0, 0.0, 2.0
397, 88, 596, 259, 592, 259, 4, 0, 0.0, 4.0
397, 90, 32, 344, 30, 345, 2, -1, -0.4636476090008061, 2.23606797749979
397, 96, 278, 299, 280, 300, -2, -1, -2.677945044588987, 2.23606797749979
397, 97, 140, 125, 139, 126, 1, -1, -0.7853981633974483, 1.4142135623730951
397, 98, 576, 256, 578, 256, -2, 0, 3.141592653589793, 2.0
398, 5, 394, 213, 393, 214, 1, -1, -0.7853981633974483, 1.4142135623730951
398, 15, 328, 243, 326, 243, 2, 0, 0.0, 2.0
398, 19, 21, 318, 20, 319, 1, -1, -0.7853981633974483, 1.4142135623730951
398, 21, 423, 230, 422, 231, 1, -1, -0.7853981633974483, 1.4142135623730951
398, 29, 281, 269, 281, 271, 0, -2, -1.5707963267948966, 2.0
398, 31, 301, 252, 300, 253, 1, -1, -0.7853981633974483, 1.4142135623730951
398, 35, 283, 172, 284, 171, -1, 1, 2.356194490192345, 1.4142135623730951
398, 39, 86, 124, 85, 125, 1, -1, -0.7853981633974483, 1.4142135623730951
398, 40, 387, 254, 385, 254, 2, 0, 0.0, 2.0
398, 41, 147, 358, 146, 359, 1, -1, -0.7853981633974483, 1.4142135623730951
398, 42, 13, 129, 12, 130, 1, -1, -0.7853981633974483, 1.4142135623730951
398, 47, 574, 217, 572, 217, 2, 0, 0.0, 2.0
398, 48, 54, 128, 53, 129, 1, -1, -0.7853981633974483, 1.4142135623730951
398, 66, 265, 319, 264, 320, 1, -1, -0.7853981633974483, 1.4142135623730951
398, 67, 135, 117, 134, 118, 1, -1, -0.7853981633974483, 1.4142135623730951
398, 70, 383, 212, 380, 214, 3, -2, -0.5880026035475675, 3.605551275463989
398, 71, 360, 223, 359, 224, 1, -1, -0.7853981633974483, 1.4142135623730951
398, 84, 567, 213, 565, 213, 2, 0, 0.0, 2.0
398, 92, 277, 297, 278, 299, -1, -2, -2.0344439357957027, 2.23606797749979
398, 94, 576, 258, 576, 256, 0, 2, 1.5707963267948966, 2.0
398, 95, 141, 248, 141, 250, 0, -2, -1.5707963267948966, 2.0
399, 5, 395, 212, 394, 213, 1, -1, -0.7853981633974483, 1.4142135623730951
399, 6, 561, 261, 559, 262, 2, -1, -0.4636476090008061, 2.23606797749979
399, 8, 490, 254, 487, 255, 3, -1, -0.3217505543966422, 3.1622776601683795
399, 14, 330, 243, 328, 243, 2, 0, 0.0, 2.0
399, 20, 424, 231, 423, 230, 1, 1, 0.7853981633974483, 1.4142135623730951
399, 26, 55, 318, 54, 319, 1, -1, -0.7853981633974483, 1.4142135623730951
399, 30, 606, 258, 604, 259, 2, -1, -0.4636476090008061, 2.23606797749979
399, 35, 169, 123, 168, 124, 1, -1, -0.7853981633974483, 1.4142135623730951
399, 39, 14, 128, 13, 129, 1, -1, -0.7853981633974483, 1.4142135623730951
399, 44, 576, 217, 574, 217, 2, 0, 0.0, 2.0
399, 57, 596, 251, 593, 251, 3, 0, 0.0, 3.0
399, 67, 387, 210, 383, 212, 4, -2, -0.4636476090008061, 4.47213595499958
399, 68, 362, 223, 360, 223, 2, 0, 0.0, 2.0
399, 71, 129, 166, 128, 167, 1, -1, -0.7853981633974483, 1.4142135623730951
399, 72, 31, 221, 30, 222, 1, -1, -0.7853981633974483, 1.4142135623730951
399, 80, 569, 213, 567, 213, 2, 0, 0.0, 2.0
399, 81, 599, 259, 597, 259, 2, 0, 0.0, 2.0
399, 83, 83, 281, 85, 281, -2, 0, 3.141592653589793, 2.0
399, 88, 276, 294, 277, 297, -1, -3, -1.892546881191539, 3.1622776601683795
399, 89, 142, 124, 141, 125, 1, -1, -0.7853981633974483, 1.4142135623730951
399, 92, 278, 222, 277, 223, 1, -1, -0.7853981633974483, 1.4142135623730951
400, 3, 562, 263, 560, 263, 2, 0, 0.0, 2.0
400, 6, 94, 192, 93, 193, 1, -1, -0.7853981633974483, 1.4142135623730951
400, 17, 491, 253, 488, 254, 3, -1, -0.3217505543966422, 3.1622776601683795
400, 33, 302, 255, 301, 256, 1, -1, -0.7853981633974483, 1.4142135623730951
400, 38, 597, 253, 595, 253, 2, 0, 0.0, 2.0
400, 42, 13, 131, 12, 132, 1, -1, -0.7853981633974483, 1.4142135623730951
400, 47, 574, 216, 572, 217, 2, -1, -0.4636476090008061, 2.23606797749979
400, 48, 286, 272, 286, 274, 0, -2, -1.5707963267948966, 2.0
400, 50, 55, 127, 54, 128, 1, -1, -0.7853981633974483, 1.4142135623730951
400, 56, 463, 216, 460, 216, 3, 0, 0.0, 3.0
400, 60, 567, 219, 565, 220, 2, -1, -0.4636476090008061, 2.23606797749979
400, 61, 128, 248, 127, 249, 1, -1, -0.7853981633974483, 1.4142135623730951
400, 63, 606, 261, 604, 262, 2, -1, -0.4636476090008061, 2.23606797749979
400, 69, 177, 158, 176, 157, 1, 1, 0.7853981633974483, 1.4142135623730951
400, 71, 624, 228, 623, 229, 1, -1, -0.7853981633974483, 1.4142135623730951
400, 73, 87, 126, 86, 127, 1, -1, -0.7853981633974483, 1.4142135623730951
400, 77, 362, 225, 360, 226, 2, -1, -0.4636476090008061, 2.23606797749979
400, 81, 97, 263, 98, 265, -1, -2, -2.0344439357957027, 2.23606797749979
400, 82, 595, 259, 593, 260, 2, -1, -0.4636476090008061, 2.23606797749979
400, 99, 87, 191, 86, 192, 1, -1, -0.7853981633974483, 1.4142135623730951
400, 101, 140, 120, 139, 121, 1, -1, -0.7853981633974483, 1.4142135623730951
400, 102, 284, 173, 285, 172, -1, 1, 2.356194490192345, 1.4142135623730951
400, 111, 149, 151, 148, 153, 1, -2, -1.1071487177940904, 2.23606797749979
400, 112, 422, 236, 421, 237, 1, -1, -0.7853981633974483, 1.4142135623730951
400, 113, 283, 303, 283, 305, 0, -2, -1.5707963267948966, 2.0
400, 118, 236, 282, 234, 283, 2, -1, -0.4636476090008061, 2.23606797749979
401, 3, 564, 263, 562, 263, 2, 0, 0.0, 2.0
401, 7, 396, 212, 394, 214, 2, -2, -0.7853981633974483, 2.8284271247461903
401, 17, 494, 252, 491, 253, 3, -1, -0.3217505543966422, 3.1622776601683795
401, 26, 193, 332, 192, 333, 1, -1, -0.7853981633974483, 1.4142135623730951
401, 34, 170, 125, 169, 126, 1, -1, -0.7853981633974483, 1.4142135623730951
401, 35, 599, 253, 597, 253, 2, 0, 0.0, 2.0
401, 37, 148, 359, 147, 360, 1, -1, -0.7853981633974483, 1.4142135623730951
401, 41, 17, 354, 16, 355, 1, -1, -0.7853981633974483, 1.4142135623730951
401, 44, 576, 216, 574, 216, 2, 0, 0.0, 2.0
401, 47, 56, 126, 55, 127, 1, -1, -0.7853981633974483, 1.4142135623730951
401, 50, 198, 164, 198, 166, 0, -2, -1.5707963267948966, 2.0
401, 53, 464, 215, 463, 216, 1, -1, -0.7853981633974483, 1.4142135623730951
401, 57, 569, 218, 567, 219, 2, -1, -0.4636476090008061, 2.23606797749979
401, 60, 608, 260, 606, 261, 2, -1, -0.4636476090008061, 2.23606797749979
401, 61, 55, 320, 54, 321, 1, -1, -0.7853981633974483, 1.4142135623730951
401, 62, 391, 255, 389, 255, 2, 0, 0.0, 2.0
401, 68, 626, 228, 624, 228, 2, 0, 0.0, 2.0
401, 70, 88, 125, 87, 126, 1, -1, -0.7853981633974483, 1.4142135623730951
401, 73, 364, 224, 362, 225, 2, -1, -0.4636476090008061, 2.23606797749979
401, 75, 598, 258, 595, 259, 3, -1, -0.3217505543966422, 3.1622776601683795
401, 82, 99, 238, 98, 239, 1, -1, -0.7853981633974483, 1.4142135623730951
401, 89, 28, 150, 27, 151, 1, -1, -0.7853981633974483, 1.4142135623730951
401, 90, 10, 326, 9, 327, 1, -1, -0.7853981633974483, 1.4142135623730951
401, 97, 2, 182, 4, 183, -2, -1, -2.677945044588987, 2.23606797749979
401, 100, 384, 260, 382, 260, 2, 0, 0.0, 2.0
401, 102, 144, 144, 143, 145, 1, -1, -0.7853981633974483, 1.4142135623730951
401, 103, 150, 150, 149, 151, 1, -1, -0.7853981633974483, 1.4142135623730951
401, 104, 424, 236, 422, 236, 2, 0, 0.0, 2.0
401, 109, 87, 284, 89, 285, -2, -1, -2.677945044588987, 2.23606797749979
401, 110, 237, 281, 236, 282, 1, -1, -0.7853981633974483, 1.4142135623730951
402, 2, 256, 139, 255, 140, 1, -1, -0.7853981633974483, 1.4142135623730951
402, 6, 398, 210, 396, 212, 2, -2, -0.7853981633974483, 2.8284271247461903
402, 15, 329, 250, 327, 249, 2, 1, 0.4636476090008061, 2.23606797749979
402, 16, 495, 251, 494, 252, 1, -1, -0.7853981633974483, 1.4142135623730951
402, 24, 194, 331, 193, 332, 1, -1, -0.7853981633974483, 1.4142135623730951
402, 25, 54, 179, 54, 181, 0, -2, -1.5707963267948966, 2.0
402, 28, 303, 253, 302, 254, 1, -1, -0.7853981633974483, 1.4142135623730951
402, 31, 172, 125, 170, 125, 2, 0, 0.0, 2.0
402, 34, 149, 358, 148, 359, 1, -1, -0.7853981633974483, 1.4142135623730951
402, 36, 15, 130, 14, 131, 1, -1, -0.7853981633974483, 1.4142135623730951
402, 41, 577, 215, 576, 216, 1, -1, -0.7853981633974483, 1.4142135623730951
402, 46, 99, 322, 98, 323, 1, -1, -0.7853981633974483, 1.4142135623730951
402, 50, 466, 215, 464, 215, 2, 0, 0.0, 2.0
402, 54, 571, 217, 569, 218, 2, -1, -0.4636476090008061, 2.23606797749979
402, 56, 610, 259, 608, 260, 2, -1, -0.4636476090008061, 2.23606797749979
402, 65, 89, 124, 88, 125, 1, -1, -0.7853981633974483, 1.4142135623730951
402, 67, 366, 223, 364, 224, 2, -1, -0.4636476090008061, 2.23606797749979
402, 69, 599, 257, 598, 258, 1, -1, -0.7853981633974483, 1.4142135623730951
402, 74, 287, 228, 286, 229, 1, -1, -0.7853981633974483, 1.4142135623730951
402, 86, 43, 336, 44, 335, -1, 1, 2.356194490192345, 1.4142135623730951
402, 88, 282, 174, 283, 173, -1, 1, 2.356194490192345, 1.4142135623730951
402, 91, 386, 260, 384, 260, 2, 0, 0.0, 2.0
402, 94, 151, 149, 150, 150, 1, -1, -0.7853981633974483, 1.4142135623730951
402, 95, 426, 235, 424, 236, 2, -1, -0.4636476090008061, 2.23606797749979
403, 3, 567, 262, 565, 263, 2, -1, -0.4636476090008061, 2.23606797749979
403, 6, 400, 209, 398, 210, 2, -1, -0.4636476090008061, 2.23606797749979
403, 15, 331, 250, 329, 250, 2, 0, 0.0, 2.0
403, 16, 497, 250, 495, 251, 2, -1, -0.4636476090008061, 2.23606797749979
403, 24, 195, 330, 194, 331, 1, -1, -0.7853981633974483, 1.4142135623730951
403, 25, 54, 177, 54, 179, 0, -2, -1.5707963267948966, 2.0
403, 32, 599, 254, 600, 253, -1, 1, 2.356194490192345, 1.4142135623730951
403, 34, 150, 357, 149, 358, 1, -1, -0.7853981633974483, 1.4142135623730951
403, 36, 16, 129, 15, 130, 1, -1, -0.7853981633974483, 1.4142135623730951
403, 40, 580, 214, 577, 215, 3, -1, -0.3217505543966422, 3.1622776601683795
403, 41, 286, 268, 286, 270, 0, -2, -1.5707963267948966, 2.0
403, 45, 100, 321, 99, 322, 1, -1, -0.7853981633974483, 1.4142135623730951
403, 46, 197, 161, 198, 163, -1, -2, -2.0344439357957027, 2.23606797749979
403, 49, 468, 216, 466, 215, 2, 1, 0.4636476090008061, 2.23606797749979
403, 52, 574, 216, 571, 217, 3, -1, -0.3217505543966422, 3.1622776601683795
403, 54, 613, 259, 610, 259, 3, 0, 0.0, 3.0
403, 55, 56, 319, 55, 320, 1, -1, -0.7853981633974483, 1.4142135623730951
403, 56, 393, 254, 392, 255, 1, -1, -0.7853981633974483, 1.4142135623730951
403, 59, 9, 161, 8, 163, 1, -2, -1.1071487177940904, 2.23606797749979
403, 61, 90, 123, 89, 124, 1, -1, -0.7853981633974483, 1.4142135623730951
403, 63, 368, 223, 366, 223, 2, 0, 0.0, 2.0
403, 78, 29, 148, 28, 149, 1, -1, -0.7853981633974483, 1.4142135623730951
403, 86, 388, 260, 386, 260, 2, 0, 0.0, 2.0
403, 90, 428, 234, 426, 235, 2, -1, -0.4636476090008061, 2.23606797749979
404, 2, 257, 138, 256, 139, 1, -1, -0.7853981633974483, 1.4142135623730951
404, 3, 569, 261, 567, 262, 2, -1, -0.4636476090008061, 2.23606797749979
404, 6, 402, 208, 400, 209, 2, -1, -0.4636476090008061, 2.23606797749979
404, 11, 29, 204, 28, 205, 1, -1, -0.7853981633974483, 1.4142135623730951
404, 14, 333, 250, 331, 250, 2, 0, 0.0, 2.0
404, 15, 499, 248, 497, 250, 2, -2, -0.7853981633974483, 2.8284271247461903
404, 19, 55, 296, 54, 297, 1, -1, -0.7853981633974483, 1.4142135623730951
404, 30, 173, 124, 172, 125, 1, -1, -0.7853981633974483, 1.4142135623730951
404, 31, 602, 253, 599, 254, 3, -1, -0.3217505543966422, 3.1622776601683795
404, 34, 180, 345, 179, 346, 1, -1, -0.7853981633974483, 1.4142135623730951
404, 35, 17, 128, 16, 129, 1, -1, -0.7853981633974483, 1.4142135623730951
404, 39, 583, 213, 580, 214, 3, -1, -0.3217505543966422, 3.1622776601683795
404, 40, 286, 266, 286, 268, 0, -2, -1.5707963267948966, 2.0
404, 43, 102, 320, 100, 321, 2, -1, -0.4636476090008061, 2.23606797749979
404, 44, 197, 159, 197, 161, 0, -2, -1.5707963267948966, 2.0
404, 47, 469, 215, 468, 216, 1, -1, -0.7853981633974483, 1.4142135623730951
404, 50, 577, 215, 574, 216, 3, -1, -0.3217505543966422, 3.1622776601683795
404, 52, 614, 258, 613, 259, 1, -1, -0.7853981633974483, 1.4142135623730951
404, 54, 396, 254, 393, 254, 3, 0, 0.0, 3.0
404, 57, 10, 160, 9, 161, 1, -1, -0.7853981633974483, 1.4142135623730951
404, 59, 91, 122, 90, 123, 1, -1, -0.7853981633974483, 1.4142135623730951
404, 61, 370, 222, 368, 223, 2, -1, -0.4636476090008061, 2.23606797749979
404, 63, 603, 256, 600, 257, 3, -1, -0.3217505543966422, 3.1622776601683795
404, 71, 99, 290, 98, 291, 1, -1, -0.7853981633974483, 1.4142135623730951
404, 76, 33, 148, 29, 148, 4, 0, 0.0, 4.0
404, 84, 390, 260, 388, 260, 2, 0, 0.0, 2.0
404, 88, 430, 234, 428, 234, 2, 0, 0.0, 2.0
405, 3, 568, 263, 566, 263, 2, 0, 0.0, 2.0
405, 4, 178, 183, 179, 181, -1, 2, 2.0344439357957027, 2.23606797749979
405, 10, 402, 212, 400, 213, 2, -1, -0.4636476090008061, 2.23606797749979
405, 19, 334, 247, 332, 247, 2, 0, 0.0, 2.0
405, 20, 31, 206, 30, 207, 1, -1, -0.7853981633974483, 1.4142135623730951
405, 26, 284, 272, 284, 274, 0, -2, -1.5707963267948966, 2.0
405, 30, 395, 261, 393, 262, 2, -1, -0.4636476090008061, 2.23606797749979
405, 32, 612, 254, 610, 254, 2, 0, 0.0, 2.0
405, 36, 159, 221, 158, 222, 1, -1, -0.7853981633974483, 1.4142135623730951
405, 38, 429, 238, 427, 239, 2, -1, -0.4636476090008061, 2.23606797749979
405, 40, 580, 216, 578, 217, 2, -1, -0.4636476090008061, 2.23606797749979
405, 43, 151, 359, 150, 360, 1, -1, -0.7853981633974483, 1.4142135623730951
405, 45, 92, 125, 91, 126, 1, -1, -0.7853981633974483, 1.4142135623730951
405, 48, 18, 353, 17, 354, 1, -1, -0.7853981633974483, 1.4142135623730951
405, 49, 58, 321, 57, 322, 1, -1, -0.7853981633974483, 1.4142135623730951
405, 51, 394, 215, 393, 216, 1, -1, -0.7853981633974483, 1.4142135623730951
405, 55, 603, 261, 601, 261, 2, 0, 0.0, 2.0
405, 56, 59, 129, 58, 130, 1, -1, -0.7853981633974483, 1.4142135623730951
405, 86, 612, 261, 610, 261, 2, 0, 0.0, 2.0
405, 91, 366, 225, 365, 226, 1, -1, -0.7853981633974483, 1.4142135623730951
405, 95, 460, 268, 459, 267, 1, 1, 0.7853981633974483, 1.4142135623730951
405, 97, 68, 246, 67, 244, 1, 2, 1.1071487177940904, 2.23606797749979
405, 106, 8, 200, 7, 201, 1, -1, -0.7853981633974483, 1.4142135623730951
405, 107, 5, 156, 4, 157, 1, -1, -0.7853981633974483, 1.4142135623730951
405, 108, 475, 212, 473, 213, 2, -1, -0.4636476090008061, 2.23606797749979
406, 3, 571, 262, 568, 263, 3, -1, -0.3217505543966422, 3.1622776601683795
406, 10, 404, 211, 402, 212, 2, -1, -0.4636476090008061, 2.23606797749979
406, 18, 336, 247, 334, 247, 2, 0, 0.0, 2.0
406, 29, 397, 261, 395, 261, 2, 0, 0.0, 2.0
406, 31, 614, 253, 612, 254, 2, -1, -0.4636476090008061, 2.23606797749979
406, 32, 497, 254, 495, 254, 2, 0, 0.0, 2.0
406, 37, 430, 237, 429, 238, 1, -1, -0.7853981633974483, 1.4142135623730951
406, 39, 582, 215, 580, 216, 2, -1, -0.4636476090008061, 2.23606797749979
406, 44, 93, 124, 92, 125, 1, -1, -0.7853981633974483, 1.4142135623730951
406, 50, 395, 214, 394, 215, 1, -1, -0.7853981633974483, 1.4142135623730951
406, 55, 60, 128, 59, 129, 1, -1, -0.7853981633974483, 1.4142135623730951
406, 59, 2, 247, 5, 247, -3, 0, 3.141592653589793, 3.0
406, 62, 47, 206, 45, 206, 2, 0, 0.0, 2.0
406, 81, 613, 260, 612, 261, 1, -1, -0.7853981633974483, 1.4142135623730951
406, 86, 367, 224, 366, 225, 1, -1, -0.7853981633974483, 1.4142135623730951
406, 99, 289, 229, 287, 229, 2, 0, 0.0, 2.0
406, 101, 9, 199, 8, 200, 1, -1, -0.7853981633974483, 1.4142135623730951
406, 103, 477, 211, 475, 212, 2, -1, -0.4636476090008061, 2.23606797749979
407, 3, 574, 261, 571, 262, 3, -1, -0.3217505543966422, 3.1622776601683795
407, 10, 406, 211, 404, 211, 2, 0, 0.0, 2.0
407, 21, 305, 253, 304, 254, 1, -1, -0.7853981633974483, 1.4142135623730951
407, 28, 399, 260, 397, 261, 2, -1, -0.4636476090008061, 2.23606797749979
407, 30, 615, 252, 614, 253, 1, -1, -0.7853981633974483, 1.4142135623730951
407, 31, 499, 254, 497, 254, 2, 0, 0.0, 2.0
407, 36, 432, 237, 430, 237, 2, 0, 0.0, 2.0
407, 38, 584, 214, 582, 215, 2, -1, -0.4636476090008061, 2.23606797749979
407, 52, 607, 260, 604, 261, 3, -1, -0.3217505543966422, 3.1622776601683795
407, 53, 61, 127, 60, 128, 1, -1, -0.7853981633974483, 1.4142135623730951
407, 76, 615, 261, 613, 260, 2, 1, 0.4636476090008061, 2.23606797749979
407, 81, 369, 223, 367, 224, 2, -1, -0.4636476090008061, 2.23606797749979
407, 82, 12, 325, 11, 326, 1, -1, -0.7853981633974483, 1.4142135623730951
407, 84, 142, 123, 141, 124, 1, -1, -0.7853981633974483, 1.4142135623730951
407, 85, 462, 267, 460, 268, 2, -1, -0.4636476090008061, 2.23606797749979
407, 94, 290, 228, 289, 229, 1, -1, -0.7853981633974483, 1.4142135623730951
407, 97, 6, 154, 5, 155, 1, -1, -0.7853981633974483, 1.4142135623730951
407, 98, 479, 211, 477, 211, 2, 0, 0.0, 2.0
408, 2, 25, 320, 24, 321, 1, -1, -0.7853981633974483, 1.4142135623730951
408, 3, 576, 260, 574, 261, 2, -1, -0.4636476090008061, 2.23606797749979
408, 10, 408, 211, 406, 211, 2, 0, 0.0, 2.0
408, 17, 339, 246, 337, 247, 2, -1, -0.4636476090008061, 2.23606797749979
408, 27, 197, 330, 196, 331, 1, -1, -0.7853981633974483, 1.4142135623730951
408, 30, 618, 252, 615, 252, 3, 0, 0.0, 3.0
408, 31, 501, 254, 499, 254, 2, 0, 0.0, 2.0
408, 34, 227, 221, 228, 223, -1, -2, -2.0344439357957027, 2.23606797749979
408, 37, 586, 214, 584, 214, 2, 0, 0.0, 2.0
408, 45, 59, 320, 58, 321, 1, -1, -0.7853981633974483, 1.4142135623730951
408, 47, 399, 214, 396, 214, 3, 0, 0.0, 3.0
408, 50, 609, 261, 607, 260, 2, 1, 0.4636476090008061, 2.23606797749979
408, 51, 62, 126, 61, 127, 1, -1, -0.7853981633974483, 1.4142135623730951
408, 67, 262, 323, 261, 324, 1, -1, -0.7853981633974483, 1.4142135623730951
408, 71, 505, 223, 503, 222, 2, 1, 0.4636476090008061, 2.23606797749979
408, 74, 617, 260, 615, 261, 2, -1, -0.4636476090008061, 2.23606797749979
408, 77, 89, 365, 90, 364, -1, 1, 2.356194490192345, 1.4142135623730951
408, 83, 464, 266, 462, 267, 2, -1, -0.4636476090008061, 2.23606797749979
408, 92, 291, 227, 290, 228, 1, -1, -0.7853981633974483, 1.4142135623730951
408, 95, 481, 211, 479, 211, 2, 0, 0.0, 2.0
409, 0, 258, 138, 257, 139, 1, -1, -0.7853981633974483, 1.4142135623730951
409, 2, 26, 319, 25, 320, 1, -1, -0.7853981633974483, 1.4142135623730951
409, 3, 579, 259, 576, 260, 3, -1, -0.3217505543966422, 3.1622776601683795
409, 10, 410, 211, 408, 211, 2, 0, 0.0, 2.0
409, 12, 103, 158, 102, 159, 1, -1, -0.7853981633974483, 1.4142135623730951
409, 21, 306, 251, 305, 252, 1, -1, -0.7853981633974483, 1.4142135623730951
409, 26, 198, 329, 197, 330, 1, -1, -0.7853981633974483, 1.4142135623730951
409, 30, 503, 254, 501, 254, 2, 0, 0.0, 2.0
409, 35, 587, 213, 586, 214, 1, -1, -0.7853981633974483, 1.4142135623730951
409, 39, 97, 125, 95, 124, 2, 1, 0.4636476090008061, 2.23606797749979
409, 45, 401, 214, 399, 214, 2, 0, 0.0, 2.0
409, 48, 612, 261, 609, 261, 3, 0, 0.0, 3.0
409, 49, 63, 125, 62, 126, 1, -1, -0.7853981633974483, 1.4142135623730951
409, 64, 281, 173, 283, 173, -2, 0, 3.141592653589793, 2.0
409, 69, 507, 223, 505, 223, 2, 0, 0.0, 2.0
409, 71, 619, 260, 617, 260, 2, 0, 0.0, 2.0
409, 73, 102, 287, 101, 288, 1, -1, -0.7853981633974483, 1.4142135623730951
409, 80, 465, 265, 464, 266, 1, -1, -0.7853981633974483, 1.4142135623730951
409, 88, 292, 226, 291, 227, 1, -1, -0.7853981633974483, 1.4142135623730951
409, 91, 483, 210, 481, 211, 2, -1, -0.4636476090008061, 2.23606797749979
410, 4, 573, 261, 570, 262, 3, -1, -0.3217505543966422, 3.1622776601683795
410, 6, 16, 186, 15, 187, 1, -1, -0.7853981633974483, 1.4142135623730951
410, 7, 407, 212, 405, 213, 2, -1, -0.4636476090008061, 2.23606797749979
410, 11, 284, 268, 284, 270, 0, -2, -1.5707963267948966, 2.0
410, 14, 502, 255, 500, 255, 2, 0, 0.0, 2.0
410, 24, 307, 255, 306, 256, 1, -1, -0.7853981633974483, 1.4142135623730951
410, 26, 583, 218, 581, 218, 2, 0, 0.0, 2.0
410, 42, 20, 130, 19, 131, 1, -1, -0.7853981633974483, 1.4142135623730951
410, 45, 200, 331, 199, 332, 1, -1, -0.7853981633974483, 1.4142135623730951
410, 46, 375, 222, 373, 223, 2, -1, -0.4636476090008061, 2.23606797749979
410, 49, 295, 227, 294, 228, 1, -1, -0.7853981633974483, 1.4142135623730951
410, 50, 273, 196, 274, 198, -1, -2, -2.0344439357957027, 2.23606797749979
410, 72, 56, 159, 55, 160, 1, -1, -0.7853981633974483, 1.4142135623730951
410, 85, 619, 261, 617, 261, 2, 0, 0.0, 2.0
410, 87, 330, 250, 328, 250, 2, 0, 0.0, 2.0
410, 89, 231, 336, 230, 337, 1, -1, -0.7853981633974483, 1.4142135623730951
410, 90, 399, 262, 397, 262, 2, 0, 0.0, 2.0
411, 0, 90, 190, 91, 192, -1, -2, -2.0344439357957027, 2.23606797749979
411, 7, 408, 211, 407, 212, 1, -1, -0.7853981633974483, 1.4142135623730951
411, 11, 284, 266, 284, 268, 0, -2, -1.5707963267948966, 2.0
411, 14, 504, 255, 502, 255, 2, 0, 0.0, 2.0
411, 15, 339, 247, 338, 248, 1, -1, -0.7853981633974483, 1.4142135623730951
411, 20, 55, 177, 56, 179, -1, -2, -2.0344439357957027, 2.23606797749979
411, 22, 260, 140, 259, 141, 1, -1, -0.7853981633974483, 1.4142135623730951
411, 26, 585, 217, 583, 218, 2, -1, -0.4636476090008061, 2.23606797749979
411, 30, 125, 153, 124, 154, 1, -1, -0.7853981633974483, 1.4142135623730951
411, 42, 21, 129, 20, 130, 1, -1, -0.7853981633974483, 1.4142135623730951
411, 43, 64, 128, 63, 129, 1, -1, -0.7853981633974483, 1.4142135623730951
411, 45, 201, 330, 200, 331, 1, -1, -0.7853981633974483, 1.4142135623730951
411, 46, 377, 221, 375, 222, 2, -1, -0.4636476090008061, 2.23606797749979
411, 48, 296, 226, 295, 227, 1, -1, -0.7853981633974483, 1.4142135623730951
411, 52, 103, 332, 102, 333, 1, -1, -0.7853981633974483, 1.4142135623730951
411, 54, 448, 267, 450, 268, -2, -1, -2.677945044588987, 2.23606797749979
411, 82, 622, 262, 619, 261, 3, 1, 0.3217505543966422, 3.1622776601683795
411, 84, 332, 250, 330, 250, 2, 0, 0.0, 2.0
411, 87, 400, 261, 399, 262, 1, -1, -0.7853981633974483, 1.4142135623730951
411, 89, 210, 122, 209, 123, 1, -1, -0.7853981633974483, 1.4142135623730951
412, 7, 410, 211, 408, 211, 2, 0, 0.0, 2.0
412, 11, 284, 263, 284, 266, 0, -3, -1.5707963267948966, 3.0
412, 17, 186, 307, 184, 311, 2, -4, -1.1071487177940904, 4.47213595499958
412, 19, 234, 205, 235, 204, -1, 1, 2.356194490192345, 1.4142135623730951
412, 23, 60, 298, 57, 300, 3, -2, -0.5880026035475675, 3.605551275463989
412, 24, 308, 253, 307, 254, 1, -1, -0.7853981633974483, 1.4142135623730951
412, 26, 587, 217, 585, 217, 2, 0, 0.0, 2.0
412, 32, 136, 219, 132, 220, 4, -1, -0.24497866312686414, 4.123105625617661
412, 40, 26, 353, 21, 355, 5, -2, -0.3805063771123649, 5.385164807134504
412, 43, 65, 127, 64, 128, 1, -1, -0.7853981633974483, 1.4142135623730951
412, 45, 204, 327, 201, 330, 3, -3, -0.7853981633974483, 4.242640687119285
412, 48, 297, 225, 296, 226, 1, -1, -0.7853981633974483, 1.4142135623730951
412, 52, 446, 266, 448, 267, -2, -1, -2.677945044588987, 2.23606797749979
412, 61, 505, 224, 503, 224, 2, 0, 0.0, 2.0
412, 77, 624, 262, 622, 262, 2, 0, 0.0, 2.0
412, 79, 334, 251, 332, 250, 2, 1, 0.4636476090008061, 2.23606797749979
412, 82, 402, 261, 400, 261, 2, 0, 0.0, 2.0
412, 84, 211, 121, 210, 122, 1, -1, -0.7853981633974483, 1.4142135623730951
413, 4, 577, 261, 575, 261, 2, 0, 0.0, 2.0
413, 7, 413, 211, 410, 211, 3, 0, 0.0, 3.0
413, 15, 341, 246, 340, 247, 1, -1, -0.7853981633974483, 1.4142135623730951
413, 20, 57, 176, 55, 176, 2, 0, 0.0, 2.0
413, 26, 590, 217, 587, 217, 3, 0, 0.0, 3.0
413, 36, 99, 125, 98, 126, 1, -1, -0.7853981633974483, 1.4142135623730951
413, 45, 205, 326, 204, 327, 1, -1, -0.7853981633974483, 1.4142135623730951
413, 46, 380, 222, 378, 221, 2, 1, 0.4636476090008061, 2.23606797749979
413, 48, 298, 224, 297, 225, 1, -1, -0.7853981633974483, 1.4142135623730951
413, 54, 147, 123, 146, 124, 1, -1, -0.7853981633974483, 1.4142135623730951
413, 59, 152, 121, 151, 122, 1, -1, -0.7853981633974483, 1.4142135623730951
413, 60, 504, 225, 505, 224, -1, 1, 2.356194490192345, 1.4142135623730951
413, 62, 13, 323, 12, 324, 1, -1, -0.7853981633974483, 1.4142135623730951
413, 63, 269, 313, 268, 315, 1, -2, -1.1071487177940904, 2.23606797749979
413, 74, 33, 312, 32, 313, 1, -1, -0.7853981633974483, 1.4142135623730951
413, 75, 626, 262, 624, 262, 2, 0, 0.0, 2.0
413, 77, 336, 251, 334, 251, 2, 0, 0.0, 2.0
413, 80, 405, 261, 402, 261, 3, 0, 0.0, 3.0
414, 4, 579, 261, 577, 261, 2, 0, 0.0, 2.0
414, 7, 415, 208, 413, 211, 2, -3, -0.982793723247329, 3.605551275463989
414, 11, 285, 261, 284, 262, 1, -1, -0.7853981633974483, 1.4142135623730951
414, 15, 343, 245, 341, 246, 2, -1, -0.4636476090008061, 2.23606797749979
414, 24, 309, 252, 308, 253, 1, -1, -0.7853981633974483, 1.4142135623730951
414, 26, 592, 217, 590, 217, 2, 0, 0.0, 2.0
414, 41, 23, 128, 22, 129, 1, -1, -0.7853981633974483, 1.4142135623730951
414, 42, 67, 126, 66, 127, 1, -1, -0.7853981633974483, 1.4142135623730951
414, 44, 206, 325, 205, 326, 1, -1, -0.7853981633974483, 1.4142135623730951
414, 45, 381, 223, 380, 222, 1, 1, 0.7853981633974483, 1.4142135623730951
414, 47, 299, 223, 298, 224, 1, -1, -0.7853981633974483, 1.4142135623730951
414, 62, 271, 310, 269, 313, 2, -3, -0.982793723247329, 3.605551275463989
414, 72, 627, 261, 626, 262, 1, -1, -0.7853981633974483, 1.4142135623730951
414, 73, 338, 251, 336, 251, 2, 0, 0.0, 2.0
414, 76, 407, 261, 405, 261, 2, 0, 0.0, 2.0
415, 3, 581, 263, 579, 263, 2, 0, 0.0, 2.0
415, 6, 413, 211, 411, 212, 2, -1, -0.4636476090008061, 2.23606797749979
415, 14, 343, 247, 341, 248, 2, -1, -0.4636476090008061, 2.23606797749979
415, 26, 507, 256, 505, 257, 2, -1, -0.4636476090008061, 2.23606797749979
415, 31, 595, 217, 592, 217, 3, 0, 0.0, 3.0
415, 34, 616, 254, 614, 254, 2, 0, 0.0, 2.0
415, 35, 167, 323, 164, 326, 3, -3, -0.7853981633974483, 4.242640687119285
415, 36, 155, 357, 155, 359, 0, -2, -1.5707963267948966, 2.0
415, 39, 75, 182, 75, 184, 0, -2, -1.5707963267948966, 2.0
415, 42, 180, 128, 176, 128, 4, 0, 0.0, 4.0
415, 50, 624, 262, 622, 262, 2, 0, 0.0, 2.0
415, 53, 298, 227, 296, 228, 2, -1, -0.4636476090008061, 2.23606797749979
415, 61, 68, 128, 66, 129, 2, -1, -0.4636476090008061, 2.23606797749979
415, 62, 406, 257, 404, 256, 2, 1, 0.4636476090008061, 2.23606797749979
415, 66, 284, 294, 284, 296, 0, -2, -1.5707963267948966, 2.0
415, 71, 378, 224, 376, 225, 2, -1, -0.4636476090008061, 2.23606797749979
415, 77, 137, 170, 133, 170, 4, 0, 0.0, 4.0
415, 79, 478, 209, 477, 211, 1, -2, -1.1071487177940904, 2.23606797749979
415, 94, 56, 156, 57, 158, -1, -2, -2.0344439357957027, 2.23606797749979
415, 95, 148, 310, 147, 311, 1, -1, -0.7853981633974483, 1.4142135623730951
415, 97, 35, 167, 36, 169, -1, -2, -2.0344439357957027, 2.23606797749979
415, 99, 146, 127, 145, 128, 1, -1, -0.7853981633974483, 1.4142135623730951
415, 104, 19, 142, 20, 144, -1, -2, -2.0344439357957027, 2.23606797749979
415, 105, 261, 252, 260, 253, 1, -1, -0.7853981633974483, 1.4142135623730951
416, 3, 586, 262, 581, 263, 5, -1, -0.19739555984988075, 5.0990195135927845
416, 6, 414, 210, 413, 211, 1, -1, -0.7853981633974483, 1.4142135623730951
416, 13, 38, 284, 37, 285, 1, -1, -0.7853981633974483, 1.4142135623730951
416, 14, 345, 246, 343, 247, 2, -1, -0.4636476090008061, 2.23606797749979
416, 18, 12, 206, 11, 207, 1, -1, -0.7853981633974483, 1.4142135623730951
416, 24, 509, 255, 507, 256, 2, -1, -0.4636476090008061, 2.23606797749979
416, 26, 311, 254, 310, 255, 1, -1, -0.7853981633974483, 1.4142135623730951
416, 30, 204, 327, 203, 328, 1, -1, -0.7853981633974483, 1.4142135623730951
416, 31, 25, 129, 24, 130, 1, -1, -0.7853981633974483, 1.4142135623730951
416, 32, 617, 253, 616, 254, 1, -1, -0.7853981633974483, 1.4142135623730951
416, 34, 156, 356, 155, 357, 1, -1, -0.7853981633974483, 1.4142135623730951
416, 48, 627, 261, 624, 262, 3, -1, -0.3217505543966422, 3.1622776601683795
416, 51, 299, 226, 298, 227, 1, -1, -0.7853981633974483, 1.4142135623730951
416, 59, 70, 127, 68, 128, 2, -1, -0.4636476090008061, 2.23606797749979
416, 68, 380, 224, 378, 224, 2, 0, 0.0, 2.0
416, 76, 480, 208, 478, 209, 2, -1, -0.4636476090008061, 2.23606797749979
416, 80, 41, 149, 40, 150, 1, -1, -0.7853981633974483, 1.4142135623730951
416, 86, 236, 336, 235, 337, 1, -1, -0.7853981633974483, 1.4142135623730951
416, 87, 55, 332, 57, 332, -2, 0, 3.141592653589793, 2.0
416, 90, 267, 196, 267, 198, 0, -2, -1.5707963267948966, 2.0
416, 97, 261, 250, 261, 252, 0, -2, -1.5707963267948966, 2.0
416, 99, 93, 284, 95, 284, -2, 0, 3.141592653589793, 2.0
417, 3, 588, 262, 586, 262, 2, 0, 0.0, 2.0
417, 6, 416, 210, 414, 210, 2, 0, 0.0, 2.0
417, 10, 80, 152, 79, 153, 1, -1, -0.7853981633974483, 1.4142135623730951
417, 14, 347, 245, 345, 246, 2, -1, -0.4636476090008061, 2.23606797749979
417, 17, 59, 179, 60, 178, -1, 1, 2.356194490192345, 1.4142135623730951
417, 24, 511, 255, 509, 255, 2, 0, 0.0, 2.0
417, 26, 312, 253, 311, 254, 1, -1, -0.7853981633974483, 1.4142135623730951
417, 29, 597, 216, 596, 217, 1, -1, -0.7853981633974483, 1.4142135623730951
417, 30, 205, 326, 204, 327, 1, -1, -0.7853981633974483, 1.4142135623730951
417, 32, 620, 252, 617, 253, 3, -1, -0.3217505543966422, 3.1622776601683795
417, 40, 127, 308, 126, 309, 1, -1, -0.7853981633974483, 1.4142135623730951
417, 47, 629, 261, 627, 261, 2, 0, 0.0, 2.0
417, 56, 71, 126, 70, 127, 1, -1, -0.7853981633974483, 1.4142135623730951
417, 57, 409, 256, 407, 257, 2, -1, -0.4636476090008061, 2.23606797749979
417, 65, 382, 223, 380, 224, 2, -1, -0.4636476090008061, 2.23606797749979
417, 71, 6, 135, 5, 136, 1, -1, -0.7853981633974483, 1.4142135623730951
417, 72, 482, 208, 480, 208, 2, 0, 0.0, 2.0
417, 83, 53, 332, 55, 332, -2, 0, 3.141592653589793, 2.0
418, 1, 180, 176, 179, 178, 1, -2, -1.1071487177940904, 2.23606797749979
418, 3, 590, 262, 588, 262, 2, 0, 0.0, 2.0
418, 9, 24, 187, 23, 188, 1, -1, -0.7853981633974483, 1.4142135623730951
418, 12, 209, 299, 211, 301, -2, -2, -2.356194490192345, 2.8284271247461903
418, 14, 349, 244, 347, 245, 2, -1, -0.4636476090008061, 2.23606797749979
418, 24, 514, 254, 511, 255, 3, -1, -0.3217505543966422, 3.1622776601683795
418, 26, 313, 252, 312, 253, 1, -1, -0.7853981633974483, 1.4142135623730951
418, 29, 599, 215, 597, 216, 2, -1, -0.4636476090008061, 2.23606797749979
418, 30, 206, 325, 205, 326, 1, -1, -0.7853981633974483, 1.4142135623730951
418, 31, 27, 128, 26, 129, 1, -1, -0.7853981633974483, 1.4142135623730951
418, 32, 622, 251, 620, 252, 2, -1, -0.4636476090008061, 2.23606797749979
418, 34, 157, 355, 156, 356, 1, -1, -0.7853981633974483, 1.4142135623730951
418, 44, 62, 299, 61, 300, 1, -1, -0.7853981633974483, 1.4142135623730951
418, 45, 220, 296, 222, 294, -2, 2, 2.356194490192345, 2.8284271247461903
418, 47, 631, 260, 629, 261, 2, -1, -0.4636476090008061, 2.23606797749979
418, 56, 72, 125, 71, 126, 1, -1, -0.7853981633974483, 1.4142135623730951
418, 57, 411, 256, 409, 256, 2, 0, 0.0, 2.0
418, 65, 384, 222, 382, 223, 2, -1, -0.4636476090008061, 2.23606797749979
418, 80, 238, 335, 237, 336, 1, -1, -0.7853981633974483, 1.4142135623730951
418, 85, 147, 125, 146, 126, 1, -1, -0.7853981633974483, 1.4142135623730951
418, 87, 189, 344, 188, 345, 1, -1, -0.7853981633974483, 1.4142135623730951
418, 89, 261, 247, 261, 249, 0, -2, -1.5707963267948966, 2.0
419, 0, 263, 141, 262, 142, 1, -1, -0.7853981633974483, 1.4142135623730951
419, 3, 591, 261, 590, 262, 1, -1, -0.7853981633974483, 1.4142135623730951
419, 5, 419, 210, 417, 210, 2, 0, 0.0, 2.0
419, 13, 351, 243, 349, 244, 2, -1, -0.4636476090008061, 2.23606797749979
419, 23, 516, 254, 514, 254, 2, 0, 0.0, 2.0
419, 25, 314, 251, 313, 252, 1, -1, -0.7853981633974483, 1.4142135623730951
419, 28, 600, 214, 599, 215, 1, -1, -0.7853981633974483, 1.4142135623730951
419, 29, 207, 324, 206, 325, 1, -1, -0.7853981633974483, 1.4142135623730951
419, 30, 28, 127, 27, 128, 1, -1, -0.7853981633974483, 1.4142135623730951
419, 31, 627, 251, 622, 251, 5, 0, 0.0, 5.0
419, 46, 633, 260, 631, 260, 2, 0, 0.0, 2.0
419, 55, 73, 124, 72, 125, 1, -1, -0.7853981633974483, 1.4142135623730951
419, 56, 413, 256, 411, 256, 2, 0, 0.0, 2.0
419, 57, 27, 351, 26, 352, 1, -1, -0.7853981633974483, 1.4142135623730951
419, 64, 386, 221, 384, 222, 2, -1, -0.4636476090008061, 2.23606797749979
419, 73, 43, 147, 42, 148, 1, -1, -0.7853981633974483, 1.4142135623730951
419, 82, 149, 306, 148, 307, 1, -1, -0.7853981633974483, 1.4142135623730951
419, 84, 148, 124, 147, 125, 1, -1, -0.7853981633974483, 1.4142135623730951
420, 6, 419, 211, 417, 212, 2, -1, -0.4636476090008061, 2.23606797749979
420, 10, 584, 263, 583, 264, 1, -1, -0.7853981633974483, 1.4142135623730951
420, 14, 28, 130, 27, 131, 1, -1, -0.7853981633974483, 1.4142135623730951
420, 17, 315, 252, 314, 253, 1, -1, -0.7853981633974483, 1.4142135623730951
420, 22, 26, 319, 25, 320, 1, -1, -0.7853981633974483, 1.4142135623730951
420, 26, 207, 328, 206, 329, 1, -1, -0.7853981633974483, 1.4142135623730951
420, 27, 515, 256, 513, 256, 2, 0, 0.0, 2.0
420, 34, 71, 126, 70, 127, 1, -1, -0.7853981633974483, 1.4142135623730951
420, 35, 594, 214, 592, 215, 2, -1, -0.4636476090008061, 2.23606797749979
420, 41, 411, 209, 408, 211, 3, -2, -0.5880026035475675, 3.605551275463989
420, 45, 303, 226, 301, 227, 2, -1, -0.4636476090008061, 2.23606797749979
420, 58, 185, 344, 184, 345, 1, -1, -0.7853981633974483, 1.4142135623730951
420, 61, 484, 214, 482, 214, 2, 0, 0.0, 2.0
420, 67, 519, 218, 518, 219, 1, -1, -0.7853981633974483, 1.4142135623730951
420, 69, 384, 223, 383, 224, 1, -1, -0.7853981633974483, 1.4142135623730951
420, 70, 153, 127, 152, 128, 1, -1, -0.7853981633974483, 1.4142135623730951
420, 71, 270, 328, 269, 329, 1, -1, -0.7853981633974483, 1.4142135623730951
420, 72, 159, 356, 158, 357, 1, -1, -0.7853981633974483, 1.4142135623730951
420, 73, 401, 262, 399, 262, 2, 0, 0.0, 2.0
420, 81, 22, 218, 20, 219, 2, -1, -0.4636476090008061, 2.23606797749979
420, 84, 282, 292, 282, 294, 0, -2, -1.5707963267948966, 2.0
420, 88, 632, 261, 630, 262, 2, -1, -0.4636476090008061, 2.23606797749979
421, 5, 421, 210, 419, 211, 2, -1, -0.4636476090008061, 2.23606797749979
421, 9, 587, 262, 584, 263, 3, -1, -0.3217505543966422, 3.1622776601683795
421, 13, 29, 129, 28, 130, 1, -1, -0.7853981633974483, 1.4142135623730951
421, 25, 208, 327, 207, 328, 1, -1, -0.7853981633974483, 1.4142135623730951
421, 28, 349, 252, 347, 252, 2, 0, 0.0, 2.0
421, 33, 72, 125, 71, 126, 1, -1, -0.7853981633974483, 1.4142135623730951
421, 34, 597, 213, 594, 214, 3, -1, -0.3217505543966422, 3.1622776601683795
421, 40, 413, 209, 411, 209, 2, 0, 0.0, 2.0
421, 59, 487, 214, 484, 214, 3, 0, 0.0, 3.0
421, 62, 412, 259, 410, 258, 2, 1, 0.4636476090008061, 2.23606797749979
421, 63, 42, 176, 41, 177, 1, -1, -0.7853981633974483, 1.4142135623730951
421, 67, 385, 222, 384, 223, 1, -1, -0.7853981633974483, 1.4142135623730951
421, 69, 271, 327, 270, 328, 1, -1, -0.7853981633974483, 1.4142135623730951
421, 71, 403, 262, 401, 262, 2, 0, 0.0, 2.0
421, 73, 181, 127, 180, 128, 1, -1, -0.7853981633974483, 1.4142135623730951
421, 81, 9, 183, 11, 184, -2, -1, -2.677945044588987, 2.23606797749979
422, 5, 423, 209, 421, 210, 2, -1, -0.4636476090008061, 2.23606797749979
422, 8, 589, 262, 587, 262, 2, 0, 0.0, 2.0
422, 9, 15, 202, 14, 203, 1, -1, -0.7853981633974483, 1.4142135623730951
422, 12, 30, 128, 29, 129, 1, -1, -0.7853981633974483, 1.4142135623730951
422, 25, 518, 255, 516, 256, 2, -1, -0.4636476090008061, 2.23606797749979
422, 30, 106, 125, 105, 126, 1, -1, -0.7853981633974483, 1.4142135623730951
422, 32, 599, 212, 597, 213, 2, -1, -0.4636476090008061, 2.23606797749979
422, 38, 416, 208, 413, 209, 3, -1, -0.3217505543966422, 3.1622776601683795
422, 42, 306, 225, 304, 226, 2, -1, -0.4636476090008061, 2.23606797749979
422, 47, 91, 311, 90, 312, 1, -1, -0.7853981633974483, 1.4142135623730951
422, 53, 186, 343, 185, 344, 1, -1, -0.7853981633974483, 1.4142135623730951
422, 56, 489, 215, 487, 214, 2, 1, 0.4636476090008061, 2.23606797749979
422, 59, 414, 258, 412, 259, 2, -1, -0.4636476090008061, 2.23606797749979
422, 60, 43, 175, 42, 176, 1, -1, -0.7853981633974483, 1.4142135623730951
422, 64, 386, 221, 385, 222, 1, -1, -0.7853981633974483, 1.4142135623730951
422, 66, 272, 325, 271, 327, 1, -2, -1.1071487177940904, 2.23606797749979
422, 77, 282, 289, 282, 291, 0, -2, -1.5707963267948966, 2.0
422, 81, 635, 260, 633, 261, 2, -1, -0.4636476090008061, 2.23606797749979
423, 5, 425, 208, 423, 209, 2, -1, -0.4636476090008061, 2.23606797749979
423, 6, 43, 282, 42, 283, 1, -1, -0.7853981633974483, 1.4142135623730951
423, 8, 591, 261, 589, 262, 2, -1, -0.4636476090008061, 2.23606797749979
423, 12, 31, 127, 30, 128, 1, -1, -0.7853981633974483, 1.4142135623730951
423, 15, 318, 251, 317, 252, 1, -1, -0.7853981633974483, 1.4142135623730951
423, 28, 107, 124, 106, 125, 1, -1, -0.7853981633974483, 1.4142135623730951
423, 30, 601, 211, 599, 212, 2, -1, -0.4636476090008061, 2.23606797749979
423, 36, 418, 207, 416, 208, 2, -1, -0.4636476090008061, 2.23606797749979
423, 40, 307, 224, 306, 225, 1, -1, -0.7853981633974483, 1.4142135623730951
423, 54, 492, 214, 489, 215, 3, -1, -0.3217505543966422, 3.1622776601683795
423, 62, 388, 220, 386, 221, 2, -1, -0.4636476090008061, 2.23606797749979
423, 66, 406, 262, 404, 262, 2, 0, 0.0, 2.0
423, 68, 182, 125, 181, 126, 1, -1, -0.7853981633974483, 1.4142135623730951
423, 75, 282, 287, 282, 289, 0, -2, -1.5707963267948966, 2.0
424, 2, 98, 187, 97, 188, 1, -1, -0.7853981633974483, 1.4142135623730951
424, 4, 426, 206, 425, 208, 1, -2, -1.1071487177940904, 2.23606797749979
424, 6, 20, 186, 19, 187, 1, -1, -0.7853981633974483, 1.4142135623730951
424, 7, 594, 260, 591, 261, 3, -1, -0.3217505543966422, 3.1622776601683795
424, 11, 33, 126, 31, 127, 2, -1, -0.4636476090008061, 2.23606797749979
424, 12, 37, 207, 35, 209, 2, -2, -0.7853981633974483, 2.8284271247461903
424, 14, 320, 250, 318, 251, 2, -1, -0.4636476090008061, 2.23606797749979
424, 21, 209, 324, 208, 325, 1, -1, -0.7853981633974483, 1.4142135623730951
424, 27, 110, 123, 107, 124, 3, -1, -0.3217505543966422, 3.1622776601683795
424, 29, 602, 210, 601, 211, 1, -1, -0.7853981633974483, 1.4142135623730951
424, 35, 419, 206, 418, 207, 1, -1, -0.7853981633974483, 1.4142135623730951
424, 37, 195, 148, 194, 149, 1, -1, -0.7853981633974483, 1.4142135623730951
424, 39, 308, 223, 307, 224, 1, -1, -0.7853981633974483, 1.4142135623730951
424, 48, 106, 332, 105, 333, 1, -1, -0.7853981633974483, 1.4142135623730951
424, 55, 417, 258, 415, 258, 2, 0, 0.0, 2.0
424, 60, 390, 220, 388, 220, 2, 0, 0.0, 2.0
424, 69, 16, 155, 15, 156, 1, -1, -0.7853981633974483, 1.4142135623730951
425, 2, 595, 262, 593, 263, 2, -1, -0.4636476090008061, 2.23606797749979
425, 5, 425, 209, 423, 210, 2, -1, -0.4636476090008061, 2.23606797749979
425, 10, 354, 248, 352, 248, 2, 0, 0.0, 2.0
425, 13, 520, 256, 518, 256, 2, 0, 0.0, 2.0
425, 22, 209, 326, 208, 327, 1, -1, -0.7853981633974483, 1.4142135623730951
425, 24, 33, 127, 31, 129, 2, -2, -0.7853981633974483, 2.8284271247461903
425, 25, 606, 216, 604, 216, 2, 0, 0.0, 2.0
425, 28, 628, 261, 626, 262, 2, -1, -0.4636476090008061, 2.23606797749979
425, 37, 310, 226, 308, 227, 2, -1, -0.4636476090008061, 2.23606797749979
425, 40, 110, 127, 108, 127, 2, 0, 0.0, 2.0
425, 44, 71, 152, 69, 152, 2, 0, 0.0, 2.0
425, 45, 208, 238, 208, 241, 0, -3, -1.5707963267948966, 3.0
425, 53, 51, 211, 50, 212, 1, -1, -0.7853981633974483, 1.4142135623730951
425, 67, 441, 237, 439, 238, 2, -1, -0.4636476090008061, 2.23606797749979
425, 69, 33, 356, 32, 357, 1, -1, -0.7853981633974483, 1.4142135623730951
425, 72, 449, 236, 447, 237, 2, -1, -0.4636476090008061, 2.23606797749979
425, 75, 390, 223, 388, 224, 2, -1, -0.4636476090008061, 2.23606797749979
425, 87, 264, 299, 263, 300, 1, -1, -0.7853981633974483, 1.4142135623730951
425, 101, 497, 251, 496, 252, 1, -1, -0.7853981633974483, 1.4142135623730951
425, 103, 372, 255, 369, 257, 3, -2, -0.5880026035475675, 3.605551275463989
425, 104, 29, 162, 28, 163, 1, -1, -0.7853981633974483, 1.4142135623730951
425, 105, 18, 226, 20, 226, -2, 0, 3.141592653589793, 2.0
425, 111, 89, 159, 88, 160, 1, -1, -0.7853981633974483, 1.4142135623730951
425, 118, 345, 244, 343, 245, 2, -1, -0.4636476090008061, 2.23606797749979
425, 122, 187, 349, 186, 350, 1, -1, -0.7853981633974483, 1.4142135623730951
426, 2, 597, 262, 595, 262, 2, 0, 0.0, 2.0
426, 5, 428, 208, 425, 209, 3, -1, -0.3217505543966422, 3.1622776601683795
426, 10, 356, 248, 354, 248, 2, 0, 0.0, 2.0
426, 13, 523, 256, 520, 256, 3, 0, 0.0, 3.0
426, 23, 34, 126, 33, 127, 1, -1, -0.7853981633974483, 1.4142135623730951
426, 27, 631, 260, 628, 261, 3, -1, -0.3217505543966422, 3.1622776601683795
426, 36, 311, 225, 310, 226, 1, -1, -0.7853981633974483, 1.4142135623730951
426, 39, 111, 126, 110, 127, 1, -1, -0.7853981633974483, 1.4142135623730951
426, 69, 451, 235, 449, 236, 2, -1, -0.4636476090008061, 2.23606797749979
426, 72, 392, 223, 390, 223, 2, 0, 0.0, 2.0
426, 86, 59, 327, 61, 327, -2, 0, 3.141592653589793, 2.0
426, 96, 373, 253, 372, 255, 1, -2, -1.1071487177940904, 2.23606797749979
426, 100, 156, 125, 155, 126, 1, -1, -0.7853981633974483, 1.4142135623730951
426, 111, 347, 243, 345, 244, 2, -1, -0.4636476090008061, 2.23606797749979
426, 112, 286, 268, 285, 269, 1, -1, -0.7853981633974483, 1.4142135623730951
427, 0, 271, 142, 270, 143, 1, -1, -0.7853981633974483, 1.4142135623730951
427, 2, 599, 261, 597, 262, 2, -1, -0.4636476090008061, 2.23606797749979
427, 5, 430, 207, 428, 208, 2, -1, -0.4636476090008061, 2.23606797749979
427, 9, 321, 252, 320, 253, 1, -1, -0.7853981633974483, 1.4142135623730951
427, 12, 525, 256, 523, 256, 2, 0, 0.0, 2.0
427, 20, 210, 324, 209, 325, 1, -1, -0.7853981633974483, 1.4142135623730951
427, 23, 609, 215, 607, 216, 2, -1, -0.4636476090008061, 2.23606797749979
427, 26, 632, 259, 631, 260, 1, -1, -0.7853981633974483, 1.4142135623730951
427, 29, 285, 182, 287, 183, -2, -1, -2.677945044588987, 2.23606797749979
427, 34, 316, 224, 311, 225, 5, -1, -0.19739555984988075, 5.0990195135927845
427, 37, 112, 125, 111, 126, 1, -1, -0.7853981633974483, 1.4142135623730951
427, 38, 290, 259, 290, 261, 0, -2, -1.5707963267948966, 2.0
427, 42, 205, 237, 207, 238, -2, -1, -2.677945044588987, 2.23606797749979
427, 46, 183, 125, 182, 126, 1, -1, -0.7853981633974483, 1.4142135623730951
427, 52, 17, 161, 16, 162, 1, -1, -0.7853981633974483, 1.4142135623730951
427, 65, 452, 234, 451, 235, 1, -1, -0.7853981633974483, 1.4142135623730951
427, 66, 276, 315, 275, 316, 1, -1, -0.7853981633974483, 1.4142135623730951
427, 68, 395, 222, 392, 223, 3, -1, -0.3217505543966422, 3.1622776601683795
427, 73, 230, 228, 227, 228, 3, 0, 0.0, 3.0
427, 90, 7, 347, 6, 349, 1, -2, -1.1071487177940904, 2.23606797749979
427, 91, 157, 124, 156, 125, 1, -1, -0.7853981633974483, 1.4142135623730951
427, 93, 105, 307, 106, 306, -1, 1, 2.356194490192345, 1.4142135623730951
427, 99, 469, 265, 471, 266, -2, -1, -2.677945044588987, 2.23606797749979
427, 101, 189, 152, 186, 152, 3, 0, 0.0, 3.0
427, 102, 351, 241, 347, 243, 4, -2, -0.4636476090008061, 4.47213595499958
427, 106, 190, 345, 187, 348, 3, -3, -0.7853981633974483, 4.242640687119285
428, 0, 272, 141, 271, 142, 1, -1, -0.7853981633974483, 1.4142135623730951
428, 2, 601, 261, 599, 261, 2, 0, 0.0, 2.0
428, 3, 432, 206, 430, 207, 2, -1, -0.4636476090008061, 2.23606797749979
428, 10, 527, 256, 525, 256, 2, 0, 0.0, 2.0
428, 21, 611, 215, 609, 215, 2, 0, 0.0, 2.0
428, 24, 635, 258, 632, 259, 3, -1, -0.3217505543966422, 3.1622776601683795
428, 32, 318, 224, 316, 224, 2, 0, 0.0, 2.0
428, 34, 78, 124, 77, 125, 1, -1, -0.7853981633974483, 1.4142135623730951
428, 35, 113, 124, 112, 125, 1, -1, -0.7853981633974483, 1.4142135623730951
428, 61, 454, 234, 452, 234, 2, 0, 0.0, 2.0
428, 62, 277, 314, 276, 315, 1, -1, -0.7853981633974483, 1.4142135623730951
428, 64, 397, 222, 395, 222, 2, 0, 0.0, 2.0
428, 80, 499, 253, 497, 252, 2, 1, 0.4636476090008061, 2.23606797749979
428, 82, 370, 253, 372, 253, -2, 0, 3.141592653589793, 2.0
428, 84, 8, 346, 7, 347, 1, -1, -0.7853981633974483, 1.4142135623730951
428, 85, 158, 123, 157, 124, 1, -1, -0.7853981633974483, 1.4142135623730951
428, 95, 355, 239, 351, 241, 4, -2, -0.4636476090008061, 4.47213595499958
429, 0, 273, 140, 272, 141, 1, -1, -0.7853981633974483, 1.4142135623730951
429, 2, 603, 261, 601, 261, 2, 0, 0.0, 2.0
429, 3, 434, 205, 432, 206, 2, -1, -0.4636476090008061, 2.23606797749979
429, 8, 360, 248, 358, 248, 2, 0, 0.0, 2.0
429, 10, 529, 256, 527, 256, 2, 0, 0.0, 2.0
429, 18, 211, 322, 210, 323, 1, -1, -0.7853981633974483, 1.4142135623730951
429, 21, 613, 215, 611, 215, 2, 0, 0.0, 2.0
429, 23, 129, 154, 128, 155, 1, -1, -0.7853981633974483, 1.4142135623730951
429, 31, 320, 224, 318, 224, 2, 0, 0.0, 2.0
429, 33, 80, 124, 78, 124, 2, 0, 0.0, 2.0
429, 35, 291, 257, 290, 258, 1, -1, -0.7853981633974483, 1.4142135623730951
429, 42, 184, 123, 183, 124, 1, -1, -0.7853981633974483, 1.4142135623730951
429, 48, 18, 160, 17, 161, 1, -1, -0.7853981633974483, 1.4142135623730951
429, 59, 456, 234, 454, 234, 2, 0, 0.0, 2.0
429, 62, 399, 221, 397, 222, 2, -1, -0.4636476090008061, 2.23606797749979
429, 72, 37, 221, 37, 223, 0, -2, -1.5707963267948966, 2.0
429, 77, 498, 251, 499, 253, -1, -2, -2.0344439357957027, 2.23606797749979
429, 79, 368, 252, 370, 253, -2, -1, -2.677945044588987, 2.23606797749979
429, 80, 14, 226, 16, 226, -2, 0, 3.141592653589793, 2.0
429, 81, 11, 346, 8, 346, 3, 0, 0.0, 3.0
429, 82, 160, 121, 158, 123, 2, -2, -0.7853981633974483, 2.8284271247461903
429, 90, 357, 239, 355, 239, 2, 0, 0.0, 2.0
429, 93, 633, 251, 635, 252, -2, -1, -2.677945044588987, 2.23606797749979
429, 94, 191, 343, 190, 344, 1, -1, -0.7853981633974483, 1.4142135623730951
430, 6, 599, 262, 597, 262, 2, 0, 0.0, 2.0
430, 10, 432, 208, 430, 209, 2, -1, -0.4636476090008061, 2.23606797749979
430, 18, 323, 253, 321, 253, 2, 0, 0.0, 2.0
430, 27, 496, 208, 494, 210, 2, -2, -0.7853981633974483, 2.8284271247461903
430, 32, 135, 221, 137, 221, -2, 0, 3.141592653589793, 2.0
430, 36, 612, 217, 610, 217, 2, 0, 0.0, 2.0
430, 37, 35, 128, 34, 129, 1, -1, -0.7853981633974483, 1.4142135623730951
430, 39, 5, 134, 4, 133, 1, 1, 0.7853981633974483, 1.4142135623730951
430, 43, 422, 213, 420, 213, 2, 0, 0.0, 2.0
430, 47, 114, 126, 113, 127, 1, -1, -0.7853981633974483, 1.4142135623730951
430, 52, 358, 249, 356, 249, 2, 0, 0.0, 2.0
430, 53, 409, 257, 408, 258, 1, -1, -0.7853981633974483, 1.4142135623730951
430, 56, 19, 163, 18, 164, 1, -1, -0.7853981633974483, 1.4142135623730951
430, 57, 186, 126, 185, 127, 1, -1, -0.7853981633974483, 1.4142135623730951
430, 61, 59, 273, 58, 274, 1, -1, -0.7853981633974483, 1.4142135623730951
430, 63, 446, 231, 444, 234, 2, -3, -0.982793723247329, 3.605551275463989
430, 65, 396, 220, 395, 221, 1, -1, -0.7853981633974483, 1.4142135623730951
430, 73, 620, 253, 619, 254, 1, -1, -0.7853981633974483, 1.4142135623730951
430, 76, 28, 165, 27, 166, 1, -1, -0.7853981633974483, 1.4142135623730951
430, 79, 604, 213, 602, 214, 2, -1, -0.4636476090008061, 2.23606797749979
430, 95, 147, 222, 149, 224, -2, -2, -2.356194490192345, 2.8284271247461903
430, 96, 159, 121, 158, 122, 1, -1, -0.7853981633974483, 1.4142135623730951
431, 5, 601, 262, 599, 262, 2, 0, 0.0, 2.0
431, 11, 527, 257, 525, 257, 2, 0, 0.0, 2.0
431, 24, 123, 246, 125, 246, -2, 0, 3.141592653589793, 2.0
431, 25, 499, 207, 496, 208, 3, -1, -0.3217505543966422, 3.1622776601683795
431, 34, 614, 216, 612, 217, 2, -1, -0.4636476090008061, 2.23606797749979
431, 35, 36, 127, 35, 128, 1, -1, -0.7853981633974483, 1.4142135623730951
431, 37, 7, 133, 5, 134, 2, -1, -0.4636476090008061, 2.23606797749979
431, 41, 424, 213, 422, 213, 2, 0, 0.0, 2.0
431, 46, 13, 142, 12, 143, 1, -1, -0.7853981633974483, 1.4142135623730951
431, 49, 360, 249, 358, 249, 2, 0, 0.0, 2.0
431, 53, 20, 162, 19, 163, 1, -1, -0.7853981633974483, 1.4142135623730951
431, 54, 187, 125, 186, 126, 1, -1, -0.7853981633974483, 1.4142135623730951
431, 60, 449, 230, 446, 231, 3, -1, -0.3217505543966422, 3.1622776601683795
431, 65, 165, 355, 163, 355, 2, 0, 0.0, 2.0
431, 72, 119, 331, 118, 332, 1, -1, -0.7853981633974483, 1.4142135623730951
431, 74, 606, 212, 604, 213, 2, -1, -0.4636476090008061, 2.23606797749979
431, 78, 314, 226, 313, 227, 1, -1, -0.7853981633974483, 1.4142135623730951
431, 83, 109, 327, 107, 328, 2, -1, -0.4636476090008061, 2.23606797749979
431, 87, 24, 205, 26, 206, -2, -1, -2.677945044588987, 2.23606797749979
431, 91, 160, 120, 159, 121, 1, -1, -0.7853981633974483, 1.4142135623730951
431, 93, 626, 256, 628, 257, -2, -1, -2.677945044588987, 2.23606797749979
431, 94, 127, 207, 129, 207, -2, 0, 3.141592653589793, 2.0
432, 4, 603, 262, 601, 262, 2, 0, 0.0, 2.0
432, 7, 435, 207, 433, 208, 2, -1, -0.4636476090008061, 2.23606797749979
432, 8, 64, 180, 63, 181, 1, -1, -0.7853981633974483, 1.4142135623730951
432, 9, 528, 256, 527, 257, 1, -1, -0.7853981633974483, 1.4142135623730951
432, 20, 121, 245, 123, 246, -2, -1, -2.677945044588987, 2.23606797749979
432, 28, 213, 326, 212, 327, 1, -1, -0.7853981633974483, 1.4142135623730951
432, 29, 617, 216, 614, 216, 3, 0, 0.0, 3.0
432, 32, 8, 132, 7, 133, 1, -1, -0.7853981633974483, 1.4142135623730951
432, 33, 82, 127, 80, 127, 2, 0, 0.0, 2.0
432, 35, 35, 356, 34, 357, 1, -1, -0.7853981633974483, 1.4142135623730951
432, 36, 425, 212, 424, 213, 1, -1, -0.7853981633974483, 1.4142135623730951
432, 38, 137, 293, 137, 291, 0, 2, 1.5707963267948966, 2.0
432, 44, 362, 249, 360, 249, 2, 0, 0.0, 2.0
432, 46, 65, 293, 64, 294, 1, -1, -0.7853981633974483, 1.4142135623730951
432, 49, 188, 124, 187, 125, 1, -1, -0.7853981633974483, 1.4142135623730951
432, 57, 399, 220, 397, 220, 2, 0, 0.0, 2.0
432, 60, 166, 354, 165, 355, 1, -1, -0.7853981633974483, 1.4142135623730951
432, 62, 622, 253, 620, 254, 2, -1, -0.4636476090008061, 2.23606797749979
432, 64, 242, 314, 241, 315, 1, -1, -0.7853981633974483, 1.4142135623730951
432, 68, 608, 212, 606, 212, 2, 0, 0.0, 2.0
432, 71, 315, 225, 314, 226, 1, -1, -0.7853981633974483, 1.4142135623730951
432, 83, 161, 119, 160, 120, 1, -1, -0.7853981633974483, 1.4142135623730951
432, 86, 125, 206, 127, 207, -2, -1, -2.677945044588987, 2.23606797749979
433, 4, 605, 262, 603, 262, 2, 0, 0.0, 2.0
433, 7, 438, 207, 435, 207, 3, 0, 0.0, 3.0
433, 9, 531, 255, 528, 256, 3, -1, -0.3217505543966422, 3.1622776601683795
433, 19, 119, 245, 121, 245, -2, 0, 3.141592653589793, 2.0
433, 27, 214, 325, 213, 326, 1, -1, -0.7853981633974483, 1.4142135623730951
433, 28, 619, 215, 617, 216, 2, -1, -0.4636476090008061, 2.23606797749979
433, 29, 38, 126, 37, 127, 1, -1, -0.7853981633974483, 1.4142135623730951
433, 32, 83, 126, 82, 127, 1, -1, -0.7853981633974483, 1.4142135623730951
433, 35, 426, 211, 425, 212, 1, -1, -0.7853981633974483, 1.4142135623730951
433, 43, 364, 249, 362, 249, 2, 0, 0.0, 2.0
433, 54, 450, 229, 449, 230, 1, -1, -0.7853981633974483, 1.4142135623730951
433, 66, 610, 212, 608, 212, 2, 0, 0.0, 2.0
433, 67, 198, 340, 198, 342, 0, -2, -1.5707963267948966, 2.0
433, 74, 110, 325, 109, 326, 1, -1, -0.7853981633974483, 1.4142135623730951
433, 79, 162, 117, 161, 119, 1, -2, -1.1071487177940904, 2.23606797749979
433, 88, 59, 286, 61, 286, -2, 0, 3.141592653589793, 2.0
434, 0, 272, 142, 271, 143, 1, -1, -0.7853981633974483, 1.4142135623730951
434, 3, 607, 262, 605, 262, 2, 0, 0.0, 2.0
434, 6, 440, 206, 438, 207, 2, -1, -0.4636476090008061, 2.23606797749979
434, 7, 64, 177, 64, 179, 0, -2, -1.5707963267948966, 2.0
434, 8, 535, 254, 531, 255, 4, -1, -0.24497866312686414, 4.123105625617661
434, 12, 327, 252, 326, 253, 1, -1, -0.7853981633974483, 1.4142135623730951
434, 15, 292, 259, 291, 260, 1, -1, -0.7853981633974483, 1.4142135623730951
434, 18, 117, 245, 119, 245, -2, 0, 3.141592653589793, 2.0
434, 19, 500, 205, 500, 207, 0, -2, -1.5707963267948966, 2.0
434, 20, 133, 309, 132, 310, 1, -1, -0.7853981633974483, 1.4142135623730951
434, 26, 215, 324, 214, 325, 1, -1, -0.7853981633974483, 1.4142135623730951
434, 27, 620, 214, 619, 215, 1, -1, -0.7853981633974483, 1.4142135623730951
434, 42, 366, 248, 364, 249, 2, -1, -0.4636476090008061, 2.23606797749979
434, 44, 66, 292, 65, 293, 1, -1, -0.7853981633974483, 1.4142135623730951
434, 46, 22, 160, 21, 161, 1, -1, -0.7853981633974483, 1.4142135623730951
434, 47, 189, 122, 188, 123, 1, -1, -0.7853981633974483, 1.4142135623730951
434, 53, 450, 227, 450, 229, 0, -2, -1.5707963267948966, 2.0
434, 55, 402, 219, 399, 220, 3, -1, -0.3217505543966422, 3.1622776601683795
434, 58, 168, 352, 167, 354, 1, -2, -1.1071487177940904, 2.23606797749979
434, 63, 28, 162, 28, 164, 0, -2, -1.5707963267948966, 2.0
434, 67, 23, 242, 24, 244, -1, -2, -2.0344439357957027, 2.23606797749979
434, 72, 111, 324, 110, 325, 1, -1, -0.7853981633974483, 1.4142135623730951
434, 76, 389, 254, 387, 255, 2, -1, -0.4636476090008061, 2.23606797749979
434, 77, 162, 113, 162, 117, 0, -4, -1.5707963267948966, 4.0
435, 7, 437, 208, 435, 209, 2, -1, -0.4636476090008061, 2.23606797749979
435, 11, 605, 263, 603, 264, 2, -1, -0.4636476090008061, 2.23606797749979
435, 26, 402, 221, 400, 222, 2, -1, -0.4636476090008061, 2.23606797749979
435, 29, 533, 257, 531, 257, 2, 0, 0.0, 2.0
435, 31, 211, 191, 212, 190, -1, 1, 2.356194490192345, 1.4142135623730951
435, 32, 8, 380, 6, 380, 2, 0, 0.0, 2.0
435, 38, 39, 127, 38, 128, 1, -1, -0.7853981633974483, 1.4142135623730951
435, 41, 614, 215, 612, 215, 2, 0, 0.0, 2.0
435, 43, 118, 126, 117, 127, 1, -1, -0.7853981633974483, 1.4142135623730951
435, 45, 427, 257, 425, 257, 2, 0, 0.0, 2.0
435, 54, 319, 224, 318, 225, 1, -1, -0.7853981633974483, 1.4142135623730951
436, 7, 440, 208, 437, 208, 3, 0, 0.0, 3.0
436, 11, 607, 263, 605, 263, 2, 0, 0.0, 2.0
436, 16, 365, 249, 363, 249, 2, 0, 0.0, 2.0
436, 23, 216, 326, 215, 327, 1, -1, -0.7853981633974483, 1.4142135623730951
436, 25, 404, 220, 402, 221, 2, -1, -0.4636476090008061, 2.23606797749979
436, 27, 85, 126, 83, 127, 2, -1, -0.4636476090008061, 2.23606797749979
436, 28, 535, 256, 533, 257, 2, -1, -0.4636476090008061, 2.23606797749979
436, 31, 10, 379, 8, 380, 2, -1, -0.4636476090008061, 2.23606797749979
436, 39, 616, 215, 614, 215, 2, 0, 0.0, 2.0
436, 43, 429, 257, 427, 257, 2, 0, 0.0, 2.0
436, 49, 273, 322, 273, 324, 0, -2, -1.5707963267948966, 2.0
436, 51, 321, 223, 319, 224, 2, -1, -0.4636476090008061, 2.23606797749979
436, 55, 183, 203, 182, 204, 1, -1, -0.7853981633974483, 1.4142135623730951
436, 58, 245, 338, 244, 339, 1, -1, -0.7853981633974483, 1.4142135623730951
436, 64, 188, 124, 187, 125, 1, -1, -0.7853981633974483, 1.4142135623730951
437, 10, 610, 262, 607, 263, 3, -1, -0.3217505543966422, 3.1622776601683795
437, 15, 367, 249, 365, 249, 2, 0, 0.0, 2.0
437, 24, 406, 219, 404, 220, 2, -1, -0.4636476090008061, 2.23606797749979
437, 26, 86, 125, 85, 126, 1, -1, -0.7853981633974483, 1.4142135623730951
437, 27, 537, 255, 535, 256, 2, -1, -0.4636476090008061, 2.23606797749979
437, 30, 12, 378, 10, 379, 2, -1, -0.4636476090008061, 2.23606797749979
437, 34, 38, 353, 37, 354, 1, -1, -0.7853981633974483, 1.4142135623730951
437, 38, 619, 214, 616, 215, 3, -1, -0.3217505543966422, 3.1622776601683795
437, 41, 23, 155, 22, 156, 1, -1, -0.7853981633974483, 1.4142135623730951
437, 48, 273, 320, 273, 322, 0, -2, -1.5707963267948966, 2.0
437, 50, 322, 222, 321, 223, 1, -1, -0.7853981633974483, 1.4142135623730951
437, 57, 246, 337, 245, 338, 1, -1, -0.7853981633974483, 1.4142135623730951
437, 62, 502, 208, 500, 208, 2, 0, 0.0, 2.0
438, 6, 442, 207, 441, 208, 1, -1, -0.7853981633974483, 1.4142135623730951
438, 9, 613, 261, 610, 262, 3, -1, -0.3217505543966422, 3.1622776601683795
438, 11, 480, 269, 482, 269, -2, 0, 3.141592653589793, 2.0
438, 23, 408, 218, 406, 219, 2, -1, -0.4636476090008061, 2.23606797749979
438, 24, 331, 254, 330, 255, 1, -1, -0.7853981633974483, 1.4142135623730951
438, 29, 14, 378, 12, 378, 2, 0, 0.0, 2.0
438, 37, 621, 213, 619, 214, 2, -1, -0.4636476090008061, 2.23606797749979
438, 41, 431, 256, 430, 257, 1, -1, -0.7853981633974483, 1.4142135623730951
438, 49, 324, 222, 322, 222, 2, 0, 0.0, 2.0
438, 62, 189, 122, 188, 123, 1, -1, -0.7853981633974483, 1.4142135623730951
439, 6, 444, 206, 442, 207, 2, -1, -0.4636476090008061, 2.23606797749979
439, 9, 616, 260, 613, 261, 3, -1, -0.3217505543966422, 3.1622776601683795
439, 20, 410, 217, 408, 218, 2, -1, -0.4636476090008061, 2.23606797749979
439, 26, 16, 377, 14, 378, 2, -1, -0.4636476090008061, 2.23606797749979
439, 34, 624, 212, 621, 213, 3, -1, -0.3217505543966422, 3.1622776601683795
439, 44, 274, 318, 273, 319, 1, -1, -0.7853981633974483, 1.4142135623730951
439, 46, 326, 222, 324, 222, 2, 0, 0.0, 2.0
440, 5, 611, 262, 609, 263, 2, -1, -0.4636476090008061, 2.23606797749979
440, 6, 443, 208, 441, 209, 2, -1, -0.4636476090008061, 2.23606797749979
440, 8, 538, 256, 536, 256, 2, 0, 0.0, 2.0
440, 21, 138, 151, 137, 152, 1, -1, -0.7853981633974483, 1.4142135623730951
440, 26, 625, 215, 622, 216, 3, -1, -0.3217505543966422, 3.1622776601683795
440, 28, 434, 259, 432, 259, 2, 0, 0.0, 2.0
440, 30, 333, 254, 331, 254, 2, 0, 0.0, 2.0
440, 36, 216, 210, 215, 211, 1, -1, -0.7853981633974483, 1.4142135623730951
440, 38, 14, 379, 12, 379, 2, 0, 0.0, 2.0
440, 42, 369, 250, 367, 250, 2, 0, 0.0, 2.0
440, 45, 409, 221, 408, 222, 1, -1, -0.7853981633974483, 1.4142135623730951
440, 47, 509, 214, 506, 213, 3, 1, 0.3217505543966422, 3.1622776601683795
440, 56, 457, 237, 455, 237, 2, 0, 0.0, 2.0
440, 59, 433, 207, 431, 209, 2, -2, -0.7853981633974483, 2.8284271247461903
440, 62, 362, 253, 359, 253, 3, 0, 0.0, 3.0
440, 63, 423, 263, 421, 263, 2, 0, 0.0, 2.0
440, 66, 325, 223, 324, 224, 1, -1, -0.7853981633974483, 1.4142135623730951
440, 86, 287, 261, 286, 263, 1, -2, -1.1071487177940904, 2.23606797749979
441, 0, 275, 142, 274, 143, 1, -1, -0.7853981633974483, 1.4142135623730951
441, 5, 613, 261, 611, 262, 2, -1, -0.4636476090008061, 2.23606797749979
441, 6, 445, 207, 443, 208, 2, -1, -0.4636476090008061, 2.23606797749979
441, 8, 540, 256, 538, 256, 2, 0, 0.0, 2.0
441, 25, 44, 127, 43, 128, 1, -1, -0.7853981633974483, 1.4142135623730951
441, 26, 627, 214, 625, 215, 2, -1, -0.4636476090008061, 2.23606797749979
441, 28, 435, 258, 434, 259, 1, -1, -0.7853981633974483, 1.4142135623730951
441, 30, 334, 253, 333, 254, 1, -1, -0.7853981633974483, 1.4142135623730951
441, 36, 217, 209, 216, 210, 1, -1, -0.7853981633974483, 1.4142135623730951
441, 38, 16, 379, 14, 379, 2, 0, 0.0, 2.0
441, 41, 371, 250, 369, 250, 2, 0, 0.0, 2.0
441, 44, 410, 220, 409, 221, 1, -1, -0.7853981633974483, 1.4142135623730951
441, 46, 512, 215, 509, 214, 3, 1, 0.3217505543966422, 3.1622776601683795
441, 54, 459, 237, 457, 237, 2, 0, 0.0, 2.0
441, 57, 436, 206, 433, 207, 3, -1, -0.3217505543966422, 3.1622776601683795
441, 60, 365, 253, 362, 253, 3, 0, 0.0, 3.0
441, 61, 426, 263, 423, 263, 3, 0, 0.0, 3.0
441, 64, 326, 222, 325, 223, 1, -1, -0.7853981633974483, 1.4142135623730951
441, 81, 154, 312, 155, 311, -1, 1, 2.356194490192345, 1.4142135623730951
441, 84, 288, 259, 287, 261, 1, -2, -1.1071487177940904, 2.23606797749979
441, 86, 75, 159, 73, 159, 2, 0, 0.0, 2.0
442, 5, 616, 260, 613, 261, 3, -1, -0.3217505543966422, 3.1622776601683795
442, 6, 448, 206, 445, 207, 3, -1, -0.3217505543966422, 3.1622776601683795
442, 8, 542, 256, 540, 256, 2, 0, 0.0, 2.0
442, 24, 45, 126, 44, 127, 1, -1, -0.7853981633974483, 1.4142135623730951
442, 25, 629, 213, 627, 214, 2, -1, -0.4636476090008061, 2.23606797749979
442, 37, 18, 378, 16, 379, 2, -1, -0.4636476090008061, 2.23606797749979
442, 38, 124, 126, 123, 127, 1, -1, -0.7853981633974483, 1.4142135623730951
442, 40, 373, 249, 371, 250, 2, -1, -0.4636476090008061, 2.23606797749979
442, 43, 412, 219, 410, 220, 2, -1, -0.4636476090008061, 2.23606797749979
442, 45, 515, 215, 512, 215, 3, 0, 0.0, 3.0
442, 46, 90, 126, 89, 127, 1, -1, -0.7853981633974483, 1.4142135623730951
442, 49, 281, 312, 280, 314, 1, -2, -1.1071487177940904, 2.23606797749979
442, 53, 463, 238, 459, 237, 4, 1, 0.24497866312686414, 4.123105625617661
442, 55, 14, 133, 13, 134, 1, -1, -0.7853981633974483, 1.4142135623730951
442, 56, 439, 206, 436, 206, 3, 0, 0.0, 3.0
442, 58, 367, 253, 365, 253, 2, 0, 0.0, 2.0
442, 59, 429, 263, 426, 263, 3, 0, 0.0, 3.0
442, 62, 327, 221, 326, 222, 1, -1, -0.7853981633974483, 1.4142135623730951
443, 6, 450, 205, 448, 206, 2, -1, -0.4636476090008061, 2.23606797749979
443, 8, 543, 255, 542, 256, 1, -1, -0.7853981633974483, 1.4142135623730951
443, 25, 631, 213, 629, 213, 2, 0, 0.0, 2.0
443, 27, 438, 258, 436, 258, 2, 0, 0.0, 2.0
443, 29, 336, 252, 335, 253, 1, -1, -0.7853981633974483, 1.4142135623730951
443, 36, 42, 207, 41, 208, 1, -1, -0.7853981633974483, 1.4142135623730951
443, 37, 20, 377, 18, 378, 2, -1, -0.4636476090008061, 2.23606797749979
443, 40, 375, 248, 373, 249, 2, -1, -0.4636476090008061, 2.23606797749979
443, 45, 517, 215, 515, 215, 2, 0, 0.0, 2.0
443, 46, 91, 125, 90, 126, 1, -1, -0.7853981633974483, 1.4142135623730951
443, 52, 465, 238, 463, 238, 2, 0, 0.0, 2.0
443, 54, 15, 132, 14, 133, 1, -1, -0.7853981633974483, 1.4142135623730951
443, 57, 370, 254, 367, 253, 3, 1, 0.3217505543966422, 3.1622776601683795
443, 61, 330, 221, 327, 221, 3, 0, 0.0, 3.0
443, 63, 109, 247, 110, 249, -1, -2, -2.0344439357957027, 2.23606797749979
443, 64, 8, 354, 7, 355, 1, -1, -0.7853981633974483, 1.4142135623730951
444, 5, 619, 261, 617, 260, 2, 1, 0.4636476090008061, 2.23606797749979
444, 6, 452, 204, 450, 205, 2, -1, -0.4636476090008061, 2.23606797749979
444, 7, 242, 209, 241, 210, 1, -1, -0.7853981633974483, 1.4142135623730951
444, 8, 545, 254, 543, 255, 2, -1, -0.4636476090008061, 2.23606797749979
444, 14, 29, 188, 28, 189, 1, -1, -0.7853981633974483, 1.4142135623730951
444, 22, 98, 335, 97, 336, 1, -1, -0.7853981633974483, 1.4142135623730951
444, 24, 47, 125, 46, 126, 1, -1, -0.7853981633974483, 1.4142135623730951
444, 25, 632, 212, 631, 213, 1, -1, -0.7853981633974483, 1.4142135623730951
444, 27, 440, 258, 438, 258, 2, 0, 0.0, 2.0
444, 29, 338, 251, 336, 252, 2, -1, -0.4636476090008061, 2.23606797749979
444, 40, 376, 247, 375, 248, 1, -1, -0.7853981633974483, 1.4142135623730951
444, 43, 415, 218, 413, 219, 2, -1, -0.4636476090008061, 2.23606797749979
444, 45, 521, 215, 517, 215, 4, 0, 0.0, 4.0
444, 46, 93, 124, 91, 125, 2, -1, -0.4636476090008061, 2.23606797749979
444, 51, 252, 209, 251, 208, 1, 1, 0.7853981633974483, 1.4142135623730951
444, 52, 467, 238, 465, 238, 2, 0, 0.0, 2.0
444, 57, 371, 253, 370, 254, 1, -1, -0.7853981633974483, 1.4142135623730951
444, 61, 331, 220, 330, 221, 1, -1, -0.7853981633974483, 1.4142135623730951
444, 64, 9, 353, 8, 354, 1, -1, -0.7853981633974483, 1.4142135623730951
445, 6, 450, 207, 447, 208, 3, -1, -0.3217505543966422, 3.1622776601683795
445, 20, 413, 220, 411, 221, 2, -1, -0.4636476090008061, 2.23606797749979
445, 23, 631, 216, 629, 216, 2, 0, 0.0, 2.0
445, 25, 337, 253, 336, 254, 1, -1, -0.7853981633974483, 1.4142135623730951
445, 27, 545, 258, 543, 258, 2, 0, 0.0, 2.0
445, 40, 118, 167, 117, 168, 1, -1, -0.7853981633974483, 1.4142135623730951
445, 44, 47, 127, 46, 128, 1, -1, -0.7853981633974483, 1.4142135623730951
445, 55, 125, 126, 124, 127, 1, -1, -0.7853981633974483, 1.4142135623730951
445, 56, 375, 249, 373, 249, 2, 0, 0.0, 2.0
445, 59, 20, 378, 18, 379, 2, -1, -0.4636476090008061, 2.23606797749979
445, 68, 16, 133, 15, 134, 1, -1, -0.7853981633974483, 1.4142135623730951
445, 94, 10, 355, 9, 356, 1, -1, -0.7853981633974483, 1.4142135623730951
445, 99, 623, 213, 620, 214, 3, -1, -0.3217505543966422, 3.1622776601683795
445, 100, 324, 220, 323, 221, 1, -1, -0.7853981633974483, 1.4142135623730951
446, 5, 452, 206, 450, 207, 2, -1, -0.4636476090008061, 2.23606797749979
446, 19, 414, 219, 413, 220, 1, -1, -0.7853981633974483, 1.4142135623730951
446, 22, 633, 216, 631, 216, 2, 0, 0.0, 2.0
446, 24, 339, 252, 337, 253, 2, -1, -0.4636476090008061, 2.23606797749979
446, 42, 48, 126, 47, 127, 1, -1, -0.7853981633974483, 1.4142135623730951
446, 49, 94, 128, 92, 128, 2, 0, 0.0, 2.0
446, 53, 126, 125, 125, 126, 1, -1, -0.7853981633974483, 1.4142135623730951
446, 54, 377, 248, 375, 249, 2, -1, -0.4636476090008061, 2.23606797749979
446, 57, 22, 377, 20, 378, 2, -1, -0.4636476090008061, 2.23606797749979
446, 66, 17, 132, 16, 133, 1, -1, -0.7853981633974483, 1.4142135623730951
446, 68, 194, 122, 193, 123, 1, -1, -0.7853981633974483, 1.4142135623730951
446, 91, 11, 354, 10, 355, 1, -1, -0.7853981633974483, 1.4142135623730951
446, 96, 625, 212, 623, 213, 2, -1, -0.4636476090008061, 2.23606797749979
446, 97, 326, 219, 324, 220, 2, -1, -0.4636476090008061, 2.23606797749979
447, 3, 28, 184, 30, 184, -2, 0, 3.141592653589793, 2.0
447, 5, 454, 205, 452, 206, 2, -1, -0.4636476090008061, 2.23606797749979
447, 10, 621, 263, 618, 263, 3, 0, 0.0, 3.0
447, 11, 120, 161, 119, 160, 1, 1, 0.7853981633974483, 1.4142135623730951
447, 15, 249, 210, 248, 212, 1, -2, -1.1071487177940904, 2.23606797749979
447, 16, 139, 152, 138, 153, 1, -1, -0.7853981633974483, 1.4142135623730951
447, 19, 191, 200, 188, 200, 3, 0, 0.0, 3.0
447, 21, 635, 216, 633, 216, 2, 0, 0.0, 2.0
447, 22, 341, 251, 339, 252, 2, -1, -0.4636476090008061, 2.23606797749979
447, 27, 221, 324, 220, 325, 1, -1, -0.7853981633974483, 1.4142135623730951
447, 40, 26, 324, 27, 326, -1, -2, -2.0344439357957027, 2.23606797749979
447, 49, 77, 155, 78, 157, -1, -2, -2.0344439357957027, 2.23606797749979
447, 50, 127, 124, 126, 125, 1, -1, -0.7853981633974483, 1.4142135623730951
447, 51, 378, 247, 377, 248, 1, -1, -0.7853981633974483, 1.4142135623730951
447, 54, 23, 376, 22, 377, 1, -1, -0.7853981633974483, 1.4142135623730951
447, 58, 30, 162, 26, 162, 4, 0, 0.0, 4.0
447, 59, 139, 166, 138, 167, 1, -1, -0.7853981633974483, 1.4142135623730951
447, 63, 22, 133, 17, 132, 5, 1, 0.19739555984988075, 5.0990195135927845
447, 71, 117, 333, 114, 335, 3, -2, -0.5880026035475675, 3.605551275463989
447, 73, 108, 158, 107, 160, 1, -2, -1.1071487177940904, 2.23606797749979
447, 93, 627, 211, 625, 212, 2, -1, -0.4636476090008061, 2.23606797749979
447, 94, 328, 218, 326, 219, 2, -1, -0.4636476090008061, 2.23606797749979
448, 4, 455, 204, 454, 205, 1, -1, -0.7853981633974483, 1.4142135623730951
448, 7, 92, 152, 91, 153, 1, -1, -0.7853981633974483, 1.4142135623730951
448, 9, 626, 262, 621, 263, 5, -1, -0.19739555984988075, 5.0990195135927845
448, 21, 343, 251, 341, 251, 2, 0, 0.0, 2.0
448, 23, 549, 258, 547, 258, 2, 0, 0.0, 2.0
448, 24, 296, 256, 296, 258, 0, -2, -1.5707963267948966, 2.0
448, 27, 458, 236, 460, 236, -2, 0, 3.141592653589793, 2.0
448, 28, 70, 299, 69, 300, 1, -1, -0.7853981633974483, 1.4142135623730951
448, 37, 50, 125, 49, 126, 1, -1, -0.7853981633974483, 1.4142135623730951
448, 39, 542, 224, 544, 224, -2, 0, 3.141592653589793, 2.0
448, 44, 96, 127, 95, 128, 1, -1, -0.7853981633974483, 1.4142135623730951
448, 47, 77, 153, 77, 155, 0, -2, -1.5707963267948966, 2.0
448, 48, 128, 123, 127, 124, 1, -1, -0.7853981633974483, 1.4142135623730951
448, 51, 25, 375, 23, 376, 2, -1, -0.4636476090008061, 2.23606797749979
448, 52, 214, 211, 213, 212, 1, -1, -0.7853981633974483, 1.4142135623730951
448, 55, 244, 274, 245, 276, -1, -2, -2.0344439357957027, 2.23606797749979
448, 57, 42, 259, 40, 259, 2, 0, 0.0, 2.0
448, 75, 42, 353, 41, 354, 1, -1, -0.7853981633974483, 1.4142135623730951
448, 86, 630, 211, 627, 211, 3, 0, 0.0, 3.0
448, 87, 329, 217, 328, 218, 1, -1, -0.7853981633974483, 1.4142135623730951
449, 4, 457, 203, 455, 204, 2, -1, -0.4636476090008061, 2.23606797749979
449, 16, 418, 219, 416, 219, 2, 0, 0.0, 2.0
449, 20, 345, 250, 343, 251, 2, -1, -0.4636476090008061, 2.23606797749979
449, 22, 551, 257, 549, 258, 2, -1, -0.4636476090008061, 2.23606797749979
449, 23, 297, 255, 296, 256, 1, -1, -0.7853981633974483, 1.4142135623730951
449, 36, 51, 124, 50, 125, 1, -1, -0.7853981633974483, 1.4142135623730951
449, 43, 98, 127, 96, 127, 2, 0, 0.0, 2.0
449, 47, 129, 122, 128, 123, 1, -1, -0.7853981633974483, 1.4142135623730951
449, 48, 381, 247, 379, 247, 2, 0, 0.0, 2.0
449, 50, 27, 375, 25, 375, 2, 0, 0.0, 2.0
449, 57, 23, 131, 22, 132, 1, -1, -0.7853981633974483, 1.4142135623730951
449, 59, 195, 119, 194, 120, 1, -1, -0.7853981633974483, 1.4142135623730951
449, 85, 632, 211, 630, 211, 2, 0, 0.0, 2.0
449, 86, 331, 216, 329, 217, 2, -1, -0.4636476090008061, 2.23606797749979
450, 7, 455, 207, 453, 207, 2, 0, 0.0, 2.0
450, 13, 343, 252, 341, 253, 2, -1, -0.4636476090008061, 2.23606797749979
450, 17, 631, 214, 629, 214, 2, 0, 0.0, 2.0
450, 18, 550, 258, 548, 259, 2, -1, -0.4636476090008061, 2.23606797749979
450, 28, 520, 207, 519, 208, 1, -1, -0.7853981633974483, 1.4142135623730951
450, 29, 26, 379, 24, 380, 2, -1, -0.4636476090008061, 2.23606797749979
450, 30, 223, 325, 222, 326, 1, -1, -0.7853981633974483, 1.4142135623730951
450, 42, 51, 127, 50, 128, 1, -1, -0.7853981633974483, 1.4142135623730951
450, 44, 197, 122, 196, 123, 1, -1, -0.7853981633974483, 1.4142135623730951
450, 48, 418, 220, 416, 221, 2, -1, -0.4636476090008061, 2.23606797749979
450, 55, 380, 248, 378, 248, 2, 0, 0.0, 2.0
450, 60, 13, 355, 12, 356, 1, -1, -0.7853981633974483, 1.4142135623730951
450, 61, 334, 225, 332, 225, 2, 0, 0.0, 2.0
450, 62, 445, 211, 443, 210, 2, 1, 0.4636476090008061, 2.23606797749979
450, 74, 50, 166, 52, 168, -2, -2, -2.356194490192345, 2.8284271247461903
450, 84, 371, 246, 369, 246, 2, 0, 0.0, 2.0
451, 6, 457, 207, 455, 207, 2, 0, 0.0, 2.0
451, 15, 122, 165, 121, 166, 1, -1, -0.7853981633974483, 1.4142135623730951
451, 16, 633, 214, 631, 214, 2, 0, 0.0, 2.0
451, 17, 553, 257, 550, 258, 3, -1, -0.3217505543966422, 3.1622776601683795
451, 26, 522, 207, 520, 207, 2, 0, 0.0, 2.0
451, 27, 28, 378, 26, 379, 2, -1, -0.4636476090008061, 2.23606797749979
451, 38, 50, 175, 49, 176, 1, -1, -0.7853981633974483, 1.4142135623730951
451, 40, 52, 126, 51, 127, 1, -1, -0.7853981633974483, 1.4142135623730951
451, 46, 420, 219, 418, 220, 2, -1, -0.4636476090008061, 2.23606797749979
451, 52, 254, 216, 253, 217, 1, -1, -0.7853981633974483, 1.4142135623730951
451, 53, 382, 248, 380, 248, 2, 0, 0.0, 2.0
451, 57, 15, 354, 13, 355, 2, -1, -0.4636476090008061, 2.23606797749979
451, 59, 448, 211, 445, 211, 3, 0, 0.0, 3.0
451, 61, 129, 125, 128, 126, 1, -1, -0.7853981633974483, 1.4142135623730951
451, 78, 101, 313, 100, 314, 1, -1, -0.7853981633974483, 1.4142135623730951
451, 80, 373, 245, 371, 246, 2, -1, -0.4636476090008061, 2.23606797749979
452, 1, 188, 175, 187, 176, 1, -1, -0.7853981633974483, 1.4142135623730951
452, 5, 632, 263, 630, 264, 2, -1, -0.4636476090008061, 2.23606797749979
452, 7, 32, 190, 31, 191, 1, -1, -0.7853981633974483, 1.4142135623730951
452, 10, 346, 251, 344, 252, 2, -1, -0.4636476090008061, 2.23606797749979
452, 14, 635, 214, 633, 214, 2, 0, 0.0, 2.0
452, 15, 555, 257, 553, 257, 2, 0, 0.0, 2.0
452, 24, 526, 204, 522, 207, 4, -3, -0.6435011087932844, 5.0
452, 25, 30, 377, 28, 378, 2, -1, -0.4636476090008061, 2.23606797749979
452, 26, 224, 324, 223, 325, 1, -1, -0.7853981633974483, 1.4142135623730951
452, 35, 95, 149, 94, 150, 1, -1, -0.7853981633974483, 1.4142135623730951
452, 37, 44, 258, 43, 259, 1, -1, -0.7853981633974483, 1.4142135623730951
452, 38, 53, 125, 52, 126, 1, -1, -0.7853981633974483, 1.4142135623730951
452, 40, 198, 120, 197, 121, 1, -1, -0.7853981633974483, 1.4142135623730951
452, 43, 422, 218, 420, 219, 2, -1, -0.4636476090008061, 2.23606797749979
452, 47, 100, 127, 99, 128, 1, -1, -0.7853981633974483, 1.4142135623730951
452, 50, 384, 248, 382, 248, 2, 0, 0.0, 2.0
452, 54, 16, 353, 15, 354, 1, -1, -0.7853981633974483, 1.4142135623730951
452, 56, 450, 210, 448, 211, 2, -1, -0.4636476090008061, 2.23606797749979
452, 58, 131, 123, 129, 125, 2, -2, -0.7853981633974483, 2.8284271247461903
452, 69, 188, 168, 187, 169, 1, -1, -0.7853981633974483, 1.4142135623730951
452, 75, 375, 244, 373, 245, 2, -1, -0.4636476090008061, 2.23606797749979
453, 5, 633, 262, 632, 263, 1, -1, -0.7853981633974483, 1.4142135623730951
453, 6, 460, 207, 458, 207, 2, 0, 0.0, 2.0
453, 9, 348, 251, 346, 251, 2, 0, 0.0, 2.0
453, 12, 123, 163, 122, 164, 1, -1, -0.7853981633974483, 1.4142135623730951
453, 14, 557, 256, 555, 257, 2, -1, -0.4636476090008061, 2.23606797749979
453, 23, 529, 203, 526, 204, 3, -1, -0.3217505543966422, 3.1622776601683795
453, 24, 31, 376, 30, 377, 1, -1, -0.7853981633974483, 1.4142135623730951
453, 36, 55, 124, 53, 125, 2, -1, -0.4636476090008061, 2.23606797749979
453, 41, 424, 217, 422, 218, 2, -1, -0.4636476090008061, 2.23606797749979
453, 48, 386, 248, 384, 248, 2, 0, 0.0, 2.0
453, 52, 17, 352, 16, 353, 1, -1, -0.7853981633974483, 1.4142135623730951
453, 56, 132, 122, 131, 123, 1, -1, -0.7853981633974483, 1.4142135623730951
453, 68, 69, 222, 68, 223, 1, -1, -0.7853981633974483, 1.4142135623730951
454, 5, 635, 261, 633, 262, 2, -1, -0.4636476090008061, 2.23606797749979
454, 6, 462, 206, 460, 207, 2, -1, -0.4636476090008061, 2.23606797749979
454, 7, 33, 189, 32, 190, 1, -1, -0.7853981633974483, 1.4142135623730951
454, 14, 559, 256, 557, 256, 2, 0, 0.0, 2.0
454, 22, 531, 202, 529, 203, 2, -1, -0.4636476090008061, 2.23606797749979
454, 23, 33, 376, 31, 376, 2, 0, 0.0, 2.0
454, 30, 299, 252, 298, 254, 1, -2, -1.1071487177940904, 2.23606797749979
454, 31, 76, 323, 75, 324, 1, -1, -0.7853981633974483, 1.4142135623730951
454, 35, 57, 123, 55, 124, 2, -1, -0.4636476090008061, 2.23606797749979
454, 36, 200, 119, 199, 120, 1, -1, -0.7853981633974483, 1.4142135623730951
454, 37, 44, 356, 43, 357, 1, -1, -0.7853981633974483, 1.4142135623730951
454, 39, 426, 216, 424, 217, 2, -1, -0.4636476090008061, 2.23606797749979
454, 43, 102, 126, 101, 127, 1, -1, -0.7853981633974483, 1.4142135623730951
454, 51, 338, 224, 337, 225, 1, -1, -0.7853981633974483, 1.4142135623730951
454, 54, 133, 121, 132, 122, 1, -1, -0.7853981633974483, 1.4142135623730951
454, 69, 213, 213, 212, 214, 1, -1, -0.7853981633974483, 1.4142135623730951
455, 3, 464, 204, 460, 207, 4, -3, -0.6435011087932844, 5.0
455, 4, 634, 263, 632, 264, 2, -1, -0.4636476090008061, 2.23606797749979
455, 27, 301, 255, 300, 256, 1, -1, -0.7853981633974483, 1.4142135623730951
455, 31, 424, 222, 423, 223, 1, -1, -0.7853981633974483, 1.4142135623730951
455, 33, 347, 253, 345, 253, 2, 0, 0.0, 2.0
455, 39, 386, 250, 384, 250, 2, 0, 0.0, 2.0
455, 59, 82, 154, 79, 154, 3, 0, 0.0, 3.0
455, 61, 133, 125, 132, 126, 1, -1, -0.7853981633974483, 1.4142135623730951
455, 66, 23, 138, 22, 139, 1, -1, -0.7853981633974483, 1.4142135623730951
455, 68, 139, 167, 139, 169, 0, -2, -1.5707963267948966, 2.0
455, 74, 101, 128, 100, 129, 1, -1, -0.7853981633974483, 1.4142135623730951
455, 95, 35, 177, 32, 178, 3, -1, -0.3217505543966422, 3.1622776601683795
455, 98, 455, 209, 453, 209, 2, 0, 0.0, 2.0
455, 100, 436, 257, 435, 258, 1, -1, -0.7853981633974483, 1.4142135623730951
456, 3, 467, 203, 464, 204, 3, -1, -0.3217505543966422, 3.1622776601683795
456, 4, 635, 262, 634, 263, 1, -1, -0.7853981633974483, 1.4142135623730951
456, 23, 557, 256, 556, 257, 1, -1, -0.7853981633974483, 1.4142135623730951
456, 27, 302, 254, 301, 255, 1, -1, -0.7853981633974483, 1.4142135623730951
456, 31, 425, 221, 424, 222, 1, -1, -0.7853981633974483, 1.4142135623730951
456, 33, 348, 252, 347, 253, 1, -1, -0.7853981633974483, 1.4142135623730951
456, 50, 56, 126, 55, 127, 1, -1, -0.7853981633974483, 1.4142135623730951
456, 53, 190, 165, 191, 167, -1, -2, -2.0344439357957027, 2.23606797749979
456, 60, 134, 124, 133, 125, 1, -1, -0.7853981633974483, 1.4142135623730951
456, 65, 24, 137, 23, 138, 1, -1, -0.7853981633974483, 1.4142135623730951
456, 70, 199, 120, 198, 121, 1, -1, -0.7853981633974483, 1.4142135623730951
456, 78, 33, 160, 32, 161, 1, -1, -0.7853981633974483, 1.4142135623730951
456, 82, 114, 308, 113, 309, 1, -1, -0.7853981633974483, 1.4142135623730951
456, 94, 37, 177, 35, 177, 2, 0, 0.0, 2.0
456, 97, 457, 208, 455, 209, 2, -1, -0.4636476090008061, 2.23606797749979
457, 3, 469, 203, 467, 203, 2, 0, 0.0, 2.0
457, 10, 21, 272, 23, 272, -2, 0, 3.141592653589793, 2.0
457, 26, 303, 253, 302, 254, 1, -1, -0.7853981633974483, 1.4142135623730951
457, 30, 426, 220, 425, 221, 1, -1, -0.7853981633974483, 1.4142135623730951
457, 32, 350, 252, 348, 252, 2, 0, 0.0, 2.0
457, 37, 389, 249, 387, 250, 2, -1, -0.4636476090008061, 2.23606797749979
457, 48, 57, 125, 56, 126, 1, -1, -0.7853981633974483, 1.4142135623730951
457, 51, 188, 164, 190, 165, -2, -1, -2.677945044588987, 2.23606797749979
457, 52, 180, 352, 179, 353, 1, -1, -0.7853981633974483, 1.4142135623730951
457, 59, 256, 216, 255, 217, 1, -1, -0.7853981633974483, 1.4142135623730951
457, 60, 18, 353, 17, 354, 1, -1, -0.7853981633974483, 1.4142135623730951
457, 66, 200, 119, 199, 120, 1, -1, -0.7853981633974483, 1.4142135623730951
457, 73, 224, 212, 223, 213, 1, -1, -0.7853981633974483, 1.4142135623730951
457, 90, 39, 177, 37, 177, 2, 0, 0.0, 2.0
457, 93, 459, 207, 457, 208, 2, -1, -0.4636476090008061, 2.23606797749979
457, 95, 438, 258, 436, 258, 2, 0, 0.0, 2.0
458, 3, 471, 203, 469, 203, 2, 0, 0.0, 2.0
458, 12, 223, 331, 222, 330, 1, 1, 0.7853981633974483, 1.4142135623730951
458, 22, 560, 256, 558, 256, 2, 0, 0.0, 2.0
458, 23, 557, 221, 557, 219, 0, 2, 1.5707963267948966, 2.0
458, 26, 304, 252, 303, 253, 1, -1, -0.7853981633974483, 1.4142135623730951
458, 30, 428, 220, 426, 220, 2, 0, 0.0, 2.0
458, 32, 352, 252, 350, 252, 2, 0, 0.0, 2.0
458, 42, 343, 225, 341, 225, 2, 0, 0.0, 2.0
458, 47, 58, 124, 57, 125, 1, -1, -0.7853981633974483, 1.4142135623730951
458, 55, 136, 123, 135, 124, 1, -1, -0.7853981633974483, 1.4142135623730951
458, 59, 49, 356, 48, 357, 1, -1, -0.7853981633974483, 1.4142135623730951
458, 60, 26, 136, 25, 137, 1, -1, -0.7853981633974483, 1.4142135623730951
458, 64, 201, 118, 200, 119, 1, -1, -0.7853981633974483, 1.4142135623730951
458, 67, 105, 129, 103, 128, 2, 1, 0.4636476090008061, 2.23606797749979
458, 75, 112, 308, 114, 308, -2, 0, 3.141592653589793, 2.0
458, 90, 461, 206, 459, 207, 2, -1, -0.4636476090008061, 2.23606797749979
459, 20, 562, 256, 560, 256, 2, 0, 0.0, 2.0
459, 21, 560, 221, 557, 221, 3, 0, 0.0, 3.0
459, 27, 430, 220, 428, 220, 2, 0, 0.0, 2.0
459, 29, 354, 251, 352, 252, 2, -1, -0.4636476090008061, 2.23606797749979
459, 34, 392, 248, 390, 249, 2, -1, -0.4636476090008061, 2.23606797749979
459, 35, 189, 189, 189, 191, 0, -2, -1.5707963267948966, 2.0
459, 38, 417, 254, 414, 255, 3, -1, -0.3217505543966422, 3.1622776601683795
459, 43, 59, 123, 58, 124, 1, -1, -0.7853981633974483, 1.4142135623730951
459, 46, 182, 351, 181, 352, 1, -1, -0.7853981633974483, 1.4142135623730951
459, 51, 137, 122, 136, 123, 1, -1, -0.7853981633974483, 1.4142135623730951
459, 54, 19, 352, 18, 353, 1, -1, -0.7853981633974483, 1.4142135623730951
459, 56, 27, 135, 26, 136, 1, -1, -0.7853981633974483, 1.4142135623730951
459, 60, 202, 117, 201, 118, 1, -1, -0.7853981633974483, 1.4142135623730951
459, 73, 41, 136, 40, 137, 1, -1, -0.7853981633974483, 1.4142135623730951
459, 83, 40, 178, 39, 177, 1, 1, 0.7853981633974483, 1.4142135623730951
459, 86, 463, 206, 461, 206, 2, 0, 0.0, 2.0
460, 11, 635, 264, 638, 264, -3, 0, 3.141592653589793, 3.0
460, 15, 304, 253, 303, 254, 1, -1, -0.7853981633974483, 1.4142135623730951
460, 16, 564, 258, 561, 258, 3, 0, 0.0, 3.0
460, 29, 392, 250, 390, 251, 2, -1, -0.4636476090008061, 2.23606797749979
460, 36, 219, 195, 220, 197, -1, -2, -2.0344439357957027, 2.23606797749979
460, 39, 225, 214, 224, 215, 1, -1, -0.7853981633974483, 1.4142135623730951
460, 41, 59, 126, 58, 127, 1, -1, -0.7853981633974483, 1.4142135623730951
460, 42, 353, 253, 351, 253, 2, 0, 0.0, 2.0
460, 53, 457, 206, 455, 207, 2, -1, -0.4636476090008061, 2.23606797749979
460, 54, 71, 329, 73, 329, -2, 0, 3.141592653589793, 2.0
460, 55, 510, 274, 506, 271, 4, 3, 0.6435011087932844, 5.0
460, 59, 444, 264, 442, 264, 2, 0, 0.0, 2.0
460, 61, 37, 379, 35, 379, 2, 0, 0.0, 2.0
460, 76, 531, 211, 530, 212, 1, -1, -0.7853981633974483, 1.4142135623730951
460, 79, 140, 198, 138, 199, 2, -1, -0.4636476090008061, 2.23606797749979
460, 82, 27, 138, 26, 139, 1, -1, -0.7853981633974483, 1.4142135623730951
460, 83, 20, 353, 19, 354, 1, -1, -0.7853981633974483, 1.4142135623730951
460, 89, 270, 260, 269, 262, 1, -2, -1.1071487177940904, 2.23606797749979
460, 93, 282, 242, 281, 243, 1, -1, -0.7853981633974483, 1.4142135623730951
461, 5, 469, 207, 467, 207, 2, 0, 0.0, 2.0
461, 15, 305, 252, 304, 253, 1, -1, -0.7853981633974483, 1.4142135623730951
461, 16, 566, 258, 564, 258, 2, 0, 0.0, 2.0
461, 22, 179, 242, 178, 241, 1, 1, 0.7853981633974483, 1.4142135623730951
461, 29, 394, 249, 392, 250, 2, -1, -0.4636476090008061, 2.23606797749979
461, 40, 29, 130, 28, 131, 1, -1, -0.7853981633974483, 1.4142135623730951
461, 41, 60, 125, 59, 126, 1, -1, -0.7853981633974483, 1.4142135623730951
461, 42, 355, 253, 353, 253, 2, 0, 0.0, 2.0
461, 53, 460, 204, 457, 206, 3, -2, -0.5880026035475675, 3.605551275463989
461, 54, 70, 330, 71, 329, -1, 1, 2.356194490192345, 1.4142135623730951
461, 56, 174, 179, 176, 180, -2, -1, -2.677945044588987, 2.23606797749979
461, 59, 446, 264, 444, 264, 2, 0, 0.0, 2.0
461, 62, 431, 221, 429, 221, 2, 0, 0.0, 2.0
461, 63, 106, 129, 104, 130, 2, -1, -0.4636476090008061, 2.23606797749979
461, 65, 110, 337, 112, 337, -2, 0, 3.141592653589793, 2.0
461, 68, 480, 237, 478, 237, 2, 0, 0.0, 2.0
461, 70, 35, 160, 34, 161, 1, -1, -0.7853981633974483, 1.4142135623730951
461, 80, 28, 137, 27, 138, 1, -1, -0.7853981633974483, 1.4142135623730951
461, 84, 173, 199, 175, 200, -2, -1, -2.677945044588987, 2.23606797749979
462, 3, 71, 179, 70, 180, 1, -1, -0.7853981633974483, 1.4142135623730951
462, 4, 472, 206, 469, 207, 3, -1, -0.3217505543966422, 3.1622776601683795
462, 14, 568, 258, 566, 258, 2, 0, 0.0, 2.0
462, 27, 396, 248, 394, 249, 2, -1, -0.4636476090008061, 2.23606797749979
462, 50, 463, 203, 460, 204, 3, -1, -0.3217505543966422, 3.1622776601683795
462, 51, 69, 331, 70, 330, -1, 1, 2.356194490192345, 1.4142135623730951
462, 55, 449, 265, 446, 264, 3, 1, 0.3217505543966422, 3.1622776601683795
462, 58, 433, 221, 431, 221, 2, 0, 0.0, 2.0
462, 61, 108, 337, 110, 337, -2, 0, 3.141592653589793, 2.0
462, 64, 482, 237, 480, 237, 2, 0, 0.0, 2.0
462, 70, 534, 211, 532, 211, 2, 0, 0.0, 2.0
462, 76, 21, 352, 20, 353, 1, -1, -0.7853981633974483, 1.4142135623730951
462, 79, 171, 198, 173, 199, -2, -1, -2.677945044588987, 2.23606797749979
463, 3, 71, 177, 71, 179, 0, -2, -1.5707963267948966, 2.0
463, 4, 474, 205, 472, 206, 2, -1, -0.4636476090008061, 2.23606797749979
463, 12, 306, 250, 305, 251, 1, -1, -0.7853981633974483, 1.4142135623730951
463, 13, 569, 257, 568, 258, 1, -1, -0.7853981633974483, 1.4142135623730951
463, 24, 398, 247, 396, 248, 2, -1, -0.4636476090008061, 2.23606797749979
463, 36, 62, 124, 61, 125, 1, -1, -0.7853981633974483, 1.4142135623730951
463, 47, 467, 203, 463, 203, 4, 0, 0.0, 4.0
463, 51, 452, 265, 449, 265, 3, 0, 0.0, 3.0
463, 53, 41, 379, 39, 379, 2, 0, 0.0, 2.0
463, 54, 435, 221, 433, 221, 2, 0, 0.0, 2.0
463, 59, 484, 237, 482, 237, 2, 0, 0.0, 2.0
463, 64, 537, 212, 534, 211, 3, 1, 0.3217505543966422, 3.1622776601683795
463, 69, 22, 351, 21, 352, 1, -1, -0.7853981633974483, 1.4142135623730951
463, 72, 169, 197, 171, 198, -2, -1, -2.677945044588987, 2.23606797749979
464, 4, 476, 203, 474, 205, 2, -2, -0.7853981633974483, 2.8284271247461903
464, 35, 63, 123, 62, 124, 1, -1, -0.7853981633974483, 1.4142135623730951
464, 37, 85, 142, 84, 144, 1, -2, -1.1071487177940904, 2.23606797749979
464, 46, 469, 202, 467, 203, 2, -1, -0.4636476090008061, 2.23606797749979
464, 47, 510, 272, 511, 274, -1, -2, -2.0344439357957027, 2.23606797749979
464, 50, 454, 265, 452, 265, 2, 0, 0.0, 2.0
464, 52, 43, 379, 41, 379, 2, 0, 0.0, 2.0
464, 53, 437, 220, 435, 221, 2, -1, -0.4636476090008061, 2.23606797749979
464, 58, 486, 237, 484, 237, 2, 0, 0.0, 2.0
464, 66, 29, 134, 28, 135, 1, -1, -0.7853981633974483, 1.4142135623730951
464, 67, 23, 350, 22, 351, 1, -1, -0.7853981633974483, 1.4142135623730951
465, 3, 72, 180, 71, 181, 1, -1, -0.7853981633974483, 1.4142135623730951
465, 7, 474, 205, 472, 206, 2, -1, -0.4636476090008061, 2.23606797749979
465, 14, 125, 163, 124, 164, 1, -1, -0.7853981633974483, 1.4142135623730951
465, 19, 308, 254, 307, 255, 1, -1, -0.7853981633974483, 1.4142135623730951
465, 23, 359, 255, 357, 255, 2, 0, 0.0, 2.0
465, 28, 63, 125, 62, 126, 1, -1, -0.7853981633974483, 1.4142135623730951
465, 31, 86, 187, 85, 188, 1, -1, -0.7853981633974483, 1.4142135623730951
465, 47, 278, 211, 277, 212, 1, -1, -0.7853981633974483, 1.4142135623730951
465, 49, 32, 131, 30, 131, 2, 0, 0.0, 2.0
465, 54, 30, 137, 29, 138, 1, -1, -0.7853981633974483, 1.4142135623730951
466, 6, 477, 204, 474, 205, 3, -1, -0.3217505543966422, 3.1622776601683795
466, 16, 570, 258, 568, 259, 2, -1, -0.4636476090008061, 2.23606797749979
466, 22, 361, 255, 359, 255, 2, 0, 0.0, 2.0
466, 26, 438, 219, 436, 220, 2, -1, -0.4636476090008061, 2.23606797749979
466, 33, 531, 213, 529, 213, 2, 0, 0.0, 2.0
466, 35, 75, 322, 74, 323, 1, -1, -0.7853981633974483, 1.4142135623730951
466, 45, 111, 130, 109, 130, 2, 0, 0.0, 2.0
466, 48, 33, 130, 32, 131, 1, -1, -0.7853981633974483, 1.4142135623730951
466, 49, 140, 121, 139, 122, 1, -1, -0.7853981633974483, 1.4142135623730951
466, 53, 31, 136, 30, 137, 1, -1, -0.7853981633974483, 1.4142135623730951
467, 6, 479, 203, 477, 204, 2, -1, -0.4636476090008061, 2.23606797749979
467, 16, 573, 257, 570, 258, 3, -1, -0.3217505543966422, 3.1622776601683795
467, 18, 309, 253, 308, 254, 1, -1, -0.7853981633974483, 1.4142135623730951
467, 26, 440, 218, 438, 219, 2, -1, -0.4636476090008061, 2.23606797749979
467, 27, 64, 124, 63, 125, 1, -1, -0.7853981633974483, 1.4142135623730951
467, 35, 76, 321, 75, 322, 1, -1, -0.7853981633974483, 1.4142135623730951
467, 44, 112, 131, 111, 130, 1, 1, 0.7853981633974483, 1.4142135623730951
467, 47, 34, 129, 33, 130, 1, -1, -0.7853981633974483, 1.4142135623730951
467, 48, 141, 120, 140, 121, 1, -1, -0.7853981633974483, 1.4142135623730951
467, 52, 32, 135, 31, 136, 1, -1, -0.7853981633974483, 1.4142135623730951
468, 6, 481, 202, 479, 203, 2, -1, -0.4636476090008061, 2.23606797749979
468, 15, 576, 256, 573, 257, 3, -1, -0.3217505543966422, 3.1622776601683795
468, 17, 310, 252, 309, 253, 1, -1, -0.7853981633974483, 1.4142135623730951
468, 25, 442, 217, 440, 218, 2, -1, -0.4636476090008061, 2.23606797749979
468, 26, 66, 125, 64, 124, 2, 1, 0.4636476090008061, 2.23606797749979
468, 44, 35, 128, 34, 129, 1, -1, -0.7853981633974483, 1.4142135623730951
469, 5, 484, 201, 481, 202, 3, -1, -0.3217505543966422, 3.1622776601683795
469, 14, 578, 256, 576, 256, 2, 0, 0.0, 2.0
469, 19, 365, 255, 363, 255, 2, 0, 0.0, 2.0
469, 23, 445, 216, 442, 217, 3, -1, -0.3217505543966422, 3.1622776601683795
469, 42, 143, 119, 142, 120, 1, -1, -0.7853981633974483, 1.4142135623730951
469, 46, 33, 133, 32, 134, 1, -1, -0.7853981633974483, 1.4142135623730951
469, 48, 31, 317, 30, 318, 1, -1, -0.7853981633974483, 1.4142135623730951
470, 13, 481, 203, 479, 204, 2, -1, -0.4636476090008061, 2.23606797749979
470, 17, 311, 252, 310, 253, 1, -1, -0.7853981633974483, 1.4142135623730951
470, 19, 443, 219, 441, 220, 2, -1, -0.4636476090008061, 2.23606797749979
470, 25, 356, 223, 355, 224, 1, -1, -0.7853981633974483, 1.4142135623730951
470, 28, 143, 121, 142, 122, 1, -1, -0.7853981633974483, 1.4142135623730951
470, 31, 99, 154, 98, 155, 1, -1, -0.7853981633974483, 1.4142135623730951
470, 33, 575, 258, 573, 259, 2, -1, -0.4636476090008061, 2.23606797749979
470, 34, 403, 250, 401, 250, 2, 0, 0.0, 2.0
470, 37, 149, 149, 148, 150, 1, -1, -0.7853981633974483, 1.4142135623730951
470, 39, 179, 335, 180, 334, -1, 1, 2.356194490192345, 1.4142135623730951
470, 45, 469, 207, 468, 208, 1, -1, -0.7853981633974483, 1.4142135623730951
470, 46, 364, 256, 362, 256, 2, 0, 0.0, 2.0
470, 48, 67, 125, 66, 126, 1, -1, -0.7853981633974483, 1.4142135623730951
470, 50, 33, 136, 32, 137, 1, -1, -0.7853981633974483, 1.4142135623730951
471, 10, 281, 213, 280, 214, 1, -1, -0.7853981633974483, 1.4142135623730951
471, 11, 483, 202, 481, 203, 2, -1, -0.4636476090008061, 2.23606797749979
471, 15, 312, 251, 311, 252, 1, -1, -0.7853981633974483, 1.4142135623730951
471, 17, 445, 218, 443, 219, 2, -1, -0.4636476090008061, 2.23606797749979
471, 23, 357, 222, 356, 223, 1, -1, -0.7853981633974483, 1.4142135623730951
471, 26, 144, 120, 143, 121, 1, -1, -0.7853981633974483, 1.4142135623730951
471, 30, 543, 207, 541, 207, 2, 0, 0.0, 2.0
471, 32, 405, 250, 403, 250, 2, 0, 0.0, 2.0
471, 43, 471, 208, 469, 207, 2, 1, 0.4636476090008061, 2.23606797749979
471, 44, 366, 256, 364, 256, 2, 0, 0.0, 2.0
471, 48, 34, 135, 33, 136, 1, -1, -0.7853981633974483, 1.4142135623730951
472, 11, 485, 202, 483, 202, 2, 0, 0.0, 2.0
472, 15, 313, 250, 312, 251, 1, -1, -0.7853981633974483, 1.4142135623730951
472, 16, 447, 217, 445, 218, 2, -1, -0.4636476090008061, 2.23606797749979
472, 22, 358, 221, 357, 222, 1, -1, -0.7853981633974483, 1.4142135623730951
472, 28, 545, 204, 543, 207, 2, -3, -0.982793723247329, 3.605551275463989
472, 29, 577, 257, 576, 258, 1, -1, -0.7853981633974483, 1.4142135623730951
472, 30, 407, 250, 405, 250, 2, 0, 0.0, 2.0
472, 31, 49, 380, 47, 380, 2, 0, 0.0, 2.0
472, 37, 44, 264, 45, 263, -1, 1, 2.356194490192345, 1.4142135623730951
472, 38, 123, 337, 122, 338, 1, -1, -0.7853981633974483, 1.4142135623730951
472, 41, 473, 208, 471, 208, 2, 0, 0.0, 2.0
472, 44, 69, 124, 68, 125, 1, -1, -0.7853981633974483, 1.4142135623730951
472, 46, 35, 134, 34, 135, 1, -1, -0.7853981633974483, 1.4142135623730951
473, 10, 487, 201, 485, 202, 2, -1, -0.4636476090008061, 2.23606797749979
473, 11, 49, 210, 48, 211, 1, -1, -0.7853981633974483, 1.4142135623730951
473, 14, 315, 248, 313, 250, 2, -2, -0.7853981633974483, 2.8284271247461903
473, 15, 449, 216, 447, 217, 2, -1, -0.4636476090008061, 2.23606797749979
473, 20, 361, 220, 358, 221, 3, -1, -0.3217505543966422, 3.1622776601683795
473, 23, 145, 118, 144, 119, 1, -1, -0.7853981633974483, 1.4142135623730951
473, 26, 549, 202, 545, 204, 4, -2, -0.4636476090008061, 4.47213595499958
473, 27, 579, 256, 577, 257, 2, -1, -0.4636476090008061, 2.23606797749979
473, 29, 51, 380, 49, 380, 2, 0, 0.0, 2.0
473, 34, 79, 304, 76, 305, 3, -1, -0.3217505543966422, 3.1622776601683795
473, 39, 475, 208, 473, 208, 2, 0, 0.0, 2.0
473, 44, 36, 133, 35, 134, 1, -1, -0.7853981633974483, 1.4142135623730951
474, 9, 490, 201, 487, 201, 3, 0, 0.0, 3.0
474, 18, 362, 218, 361, 220, 1, -2, -1.1071487177940904, 2.23606797749979
474, 22, 552, 201, 549, 202, 3, -1, -0.3217505543966422, 3.1622776601683795
474, 23, 580, 255, 579, 256, 1, -1, -0.7853981633974483, 1.4142135623730951
474, 25, 52, 379, 51, 380, 1, -1, -0.7853981633974483, 1.4142135623730951
474, 35, 477, 207, 475, 208, 2, -1, -0.4636476090008061, 2.23606797749979
475, 6, 488, 204, 486, 204, 2, 0, 0.0, 2.0
475, 8, 581, 259, 579, 258, 2, 1, 0.4636476090008061, 2.23606797749979
475, 17, 400, 255, 397, 254, 3, 1, 0.3217505543966422, 3.1622776601683795
475, 18, 184, 217, 185, 219, -1, -2, -2.0344439357957027, 2.23606797749979
475, 20, 369, 256, 367, 257, 2, -1, -0.4636476090008061, 2.23606797749979
475, 30, 446, 221, 445, 222, 1, -1, -0.7853981633974483, 1.4142135623730951
475, 33, 409, 249, 407, 250, 2, -1, -0.4636476090008061, 2.23606797749979
475, 43, 52, 380, 50, 380, 2, 0, 0.0, 2.0
475, 45, 118, 130, 117, 131, 1, -1, -0.7853981633974483, 1.4142135623730951
475, 51, 209, 230, 209, 233, 0, -3, -1.5707963267948966, 3.0
475, 63, 106, 153, 105, 154, 1, -1, -0.7853981633974483, 1.4142135623730951
475, 66, 37, 129, 36, 130, 1, -1, -0.7853981633974483, 1.4142135623730951
475, 73, 576, 224, 573, 223, 3, 1, 0.3217505543966422, 3.1622776601683795
475, 78, 163, 317, 162, 318, 1, -1, -0.7853981633974483, 1.4142135623730951
475, 80, 146, 121, 145, 122, 1, -1, -0.7853981633974483, 1.4142135623730951
475, 85, 424, 261, 421, 261, 3, 0, 0.0, 3.0
475, 94, 37, 136, 36, 137, 1, -1, -0.7853981633974483, 1.4142135623730951
476, 5, 490, 203, 488, 204, 2, -1, -0.4636476090008061, 2.23606797749979
476, 7, 583, 259, 581, 259, 2, 0, 0.0, 2.0
476, 16, 402, 255, 400, 255, 2, 0, 0.0, 2.0
476, 29, 448, 221, 446, 221, 2, 0, 0.0, 2.0
476, 32, 411, 247, 409, 249, 2, -2, -0.7853981633974483, 2.8284271247461903
476, 35, 314, 248, 312, 249, 2, -1, -0.4636476090008061, 2.23606797749979
476, 39, 69, 279, 66, 280, 3, -1, -0.3217505543966422, 3.1622776601683795
476, 40, 147, 169, 144, 169, 3, 0, 0.0, 3.0
476, 46, 49, 264, 47, 264, 2, 0, 0.0, 2.0
476, 48, 30, 352, 29, 353, 1, -1, -0.7853981633974483, 1.4142135623730951
476, 49, 184, 335, 181, 336, 3, -1, -0.3217505543966422, 3.1622776601683795
476, 69, 33, 320, 32, 321, 1, -1, -0.7853981633974483, 1.4142135623730951
476, 70, 578, 224, 576, 224, 2, 0, 0.0, 2.0
476, 71, 216, 122, 212, 121, 4, 1, 0.24497866312686414, 4.123105625617661
476, 74, 147, 120, 146, 121, 1, -1, -0.7853981633974483, 1.4142135623730951
476, 79, 427, 261, 424, 261, 3, 0, 0.0, 3.0
476, 84, 84, 162, 85, 164, -1, -2, -2.0344439357957027, 2.23606797749979
476, 88, 38, 135, 37, 136, 1, -1, -0.7853981633974483, 1.4142135623730951
476, 89, 259, 187, 258, 188, 1, -1, -0.7853981633974483, 1.4142135623730951
477, 5, 492, 203, 490, 203, 2, 0, 0.0, 2.0
477, 7, 586, 259, 583, 259, 3, 0, 0.0, 3.0
477, 16, 403, 254, 402, 255, 1, -1, -0.7853981633974483, 1.4142135623730951
477, 19, 372, 256, 370, 256, 2, 0, 0.0, 2.0
477, 28, 72, 178, 74, 178, -2, 0, 3.141592653589793, 2.0
477, 29, 450, 221, 448, 221, 2, 0, 0.0, 2.0
477, 32, 414, 246, 411, 247, 3, -1, -0.3217505543966422, 3.1622776601683795
477, 41, 55, 380, 53, 380, 2, 0, 0.0, 2.0
477, 47, 31, 351, 30, 352, 1, -1, -0.7853981633974483, 1.4142135623730951
477, 60, 39, 128, 38, 129, 1, -1, -0.7853981633974483, 1.4142135623730951
477, 71, 148, 119, 147, 120, 1, -1, -0.7853981633974483, 1.4142135623730951
477, 76, 428, 260, 427, 261, 1, -1, -0.7853981633974483, 1.4142135623730951
477, 82, 39, 134, 38, 135, 1, -1, -0.7853981633974483, 1.4142135623730951
478, 5, 494, 202, 492, 203, 2, -1, -0.4636476090008061, 2.23606797749979
478, 7, 588, 259, 586, 259, 2, 0, 0.0, 2.0
478, 16, 405, 253, 403, 254, 2, -1, -0.4636476090008061, 2.23606797749979
478, 24, 207, 143, 206, 144, 1, -1, -0.7853981633974483, 1.4142135623730951
478, 27, 452, 221, 450, 221, 2, 0, 0.0, 2.0
478, 30, 416, 245, 414, 246, 2, -1, -0.4636476090008061, 2.23606797749979
478, 36, 74, 125, 73, 126, 1, -1, -0.7853981633974483, 1.4142135623730951
478, 41, 121, 130, 119, 129, 2, 1, 0.4636476090008061, 2.23606797749979
478, 55, 40, 127, 39, 128, 1, -1, -0.7853981633974483, 1.4142135623730951
478, 60, 34, 319, 33, 320, 1, -1, -0.7853981633974483, 1.4142135623730951
478, 65, 149, 118, 148, 119, 1, -1, -0.7853981633974483, 1.4142135623730951
478, 67, 195, 123, 194, 124, 1, -1, -0.7853981633974483, 1.4142135623730951
478, 74, 40, 133, 39, 134, 1, -1, -0.7853981633974483, 1.4142135623730951
479, 5, 496, 202, 494, 202, 2, 0, 0.0, 2.0
479, 6, 590, 258, 588, 259, 2, -1, -0.4636476090008061, 2.23606797749979
479, 15, 406, 252, 405, 253, 1, -1, -0.7853981633974483, 1.4142135623730951
479, 18, 375, 256, 373, 256, 2, 0, 0.0, 2.0
479, 24, 454, 220, 452, 221, 2, -1, -0.4636476090008061, 2.23606797749979
479, 27, 418, 243, 416, 245, 2, -2, -0.7853981633974483, 2.8284271247461903
479, 31, 104, 145, 103, 146, 1, -1, -0.7853981633974483, 1.4142135623730951
479, 42, 32, 350, 31, 351, 1, -1, -0.7853981633974483, 1.4142135623730951
479, 49, 52, 135, 50, 135, 2, 0, 0.0, 2.0
479, 52, 41, 126, 40, 127, 1, -1, -0.7853981633974483, 1.4142135623730951
479, 56, 10, 156, 9, 157, 1, -1, -0.7853981633974483, 1.4142135623730951
479, 59, 217, 120, 216, 121, 1, -1, -0.7853981633974483, 1.4142135623730951
479, 66, 281, 203, 280, 204, 1, -1, -0.7853981633974483, 1.4142135623730951
480, 8, 492, 203, 491, 204, 1, -1, -0.7853981633974483, 1.4142135623730951
480, 10, 586, 258, 585, 259, 1, -1, -0.7853981633974483, 1.4142135623730951
480, 21, 376, 256, 374, 257, 2, -1, -0.4636476090008061, 2.23606797749979
480, 24, 49, 267, 50, 266, -1, 1, 2.356194490192345, 1.4142135623730951
480, 26, 555, 210, 554, 211, 1, -1, -0.7853981633974483, 1.4142135623730951
480, 30, 453, 221, 452, 222, 1, -1, -0.7853981633974483, 1.4142135623730951
480, 40, 75, 126, 74, 127, 1, -1, -0.7853981633974483, 1.4142135623730951
480, 51, 481, 204, 479, 205, 2, -1, -0.4636476090008061, 2.23606797749979
480, 53, 41, 159, 40, 160, 1, -1, -0.7853981633974483, 1.4142135623730951
480, 58, 57, 381, 55, 381, 2, 0, 0.0, 2.0
480, 59, 40, 135, 39, 136, 1, -1, -0.7853981633974483, 1.4142135623730951
480, 61, 110, 315, 109, 316, 1, -1, -0.7853981633974483, 1.4142135623730951
480, 62, 414, 248, 413, 249, 1, -1, -0.7853981633974483, 1.4142135623730951
480, 64, 244, 228, 243, 227, 1, 1, 0.7853981633974483, 1.4142135623730951
481, 21, 378, 256, 376, 256, 2, 0, 0.0, 2.0
481, 26, 556, 209, 555, 210, 1, -1, -0.7853981633974483, 1.4142135623730951
481, 40, 150, 119, 149, 120, 1, -1, -0.7853981633974483, 1.4142135623730951
481, 44, 61, 355, 60, 356, 1, -1, -0.7853981633974483, 1.4142135623730951
481, 45, 322, 248, 320, 248, 2, 0, 0.0, 2.0
481, 46, 33, 351, 32, 352, 1, -1, -0.7853981633974483, 1.4142135623730951
481, 48, 484, 202, 481, 204, 3, -2, -0.5880026035475675, 3.605551275463989
481, 54, 106, 145, 105, 146, 1, -1, -0.7853981633974483, 1.4142135623730951
481, 55, 59, 381, 57, 381, 2, 0, 0.0, 2.0
481, 56, 41, 134, 40, 135, 1, -1, -0.7853981633974483, 1.4142135623730951
482, 4, 199, 251, 198, 252, 1, -1, -0.7853981633974483, 1.4142135623730951
482, 8, 495, 202, 493, 203, 2, -1, -0.4636476090008061, 2.23606797749979
482, 10, 589, 258, 587, 258, 2, 0, 0.0, 2.0
482, 21, 380, 256, 378, 256, 2, 0, 0.0, 2.0
482, 26, 559, 210, 556, 209, 3, 1, 0.3217505543966422, 3.1622776601683795
482, 37, 76, 124, 75, 125, 1, -1, -0.7853981633974483, 1.4142135623730951
482, 38, 505, 237, 503, 237, 2, 0, 0.0, 2.0
482, 39, 151, 118, 150, 119, 1, -1, -0.7853981633974483, 1.4142135623730951
482, 44, 323, 247, 322, 248, 1, -1, -0.7853981633974483, 1.4142135623730951
482, 45, 34, 350, 33, 351, 1, -1, -0.7853981633974483, 1.4142135623730951
482, 47, 487, 201, 484, 202, 3, -1, -0.3217505543966422, 3.1622776601683795
482, 53, 61, 381, 59, 381, 2, 0, 0.0, 2.0
482, 57, 417, 249, 415, 248, 2, 1, 0.4636476090008061, 2.23606797749979
482, 62, 121, 130, 120, 131, 1, -1, -0.7853981633974483, 1.4142135623730951
483, 0, 280, 152, 282, 153, -2, -1, -2.677945044588987, 2.23606797749979
483, 3, 199, 249, 199, 251, 0, -2, -1.5707963267948966, 2.0
483, 7, 497, 201, 495, 202, 2, -1, -0.4636476090008061, 2.23606797749979
483, 9, 591, 257, 589, 258, 2, -1, -0.4636476090008061, 2.23606797749979
483, 20, 381, 255, 380, 256, 1, -1, -0.7853981633974483, 1.4142135623730951
483, 25, 562, 211, 559, 210, 3, 1, 0.3217505543966422, 3.1622776601683795
483, 28, 457, 220, 455, 221, 2, -1, -0.4636476090008061, 2.23606797749979
483, 36, 77, 123, 76, 124, 1, -1, -0.7853981633974483, 1.4142135623730951
483, 37, 507, 237, 505, 237, 2, 0, 0.0, 2.0
483, 38, 152, 117, 151, 118, 1, -1, -0.7853981633974483, 1.4142135623730951
483, 46, 492, 200, 487, 201, 5, -1, -0.19739555984988075, 5.0990195135927845
483, 51, 105, 142, 106, 144, -1, -2, -2.0344439357957027, 2.23606797749979
483, 53, 42, 132, 41, 133, 1, -1, -0.7853981633974483, 1.4142135623730951
483, 56, 419, 249, 417, 249, 2, 0, 0.0, 2.0
483, 58, 246, 229, 245, 228, 1, 1, 0.7853981633974483, 1.4142135623730951
484, 7, 500, 200, 497, 201, 3, -1, -0.3217505543966422, 3.1622776601683795
484, 9, 595, 256, 591, 257, 4, -1, -0.24497866312686414, 4.123105625617661
484, 20, 383, 254, 381, 255, 2, -1, -0.4636476090008061, 2.23606797749979
484, 25, 566, 212, 562, 211, 4, 1, 0.24497866312686414, 4.123105625617661
484, 28, 459, 219, 457, 220, 2, -1, -0.4636476090008061, 2.23606797749979
484, 36, 79, 121, 77, 123, 2, -2, -0.7853981633974483, 2.8284271247461903
484, 37, 510, 238, 507, 237, 3, 1, 0.3217505543966422, 3.1622776601683795
484, 38, 153, 115, 152, 117, 1, -2, -1.1071487177940904, 2.23606797749979
484, 46, 494, 199, 492, 200, 2, -1, -0.4636476090008061, 2.23606797749979
484, 52, 43, 131, 42, 132, 1, -1, -0.7853981633974483, 1.4142135623730951
484, 55, 420, 248, 419, 249, 1, -1, -0.7853981633974483, 1.4142135623730951
485, 10, 499, 203, 497, 204, 2, -1, -0.4636476090008061, 2.23606797749979
485, 16, 461, 220, 459, 221, 2, -1, -0.4636476090008061, 2.23606797749979
485, 19, 594, 259, 592, 260, 2, -1, -0.4636476090008061, 2.23606797749979
485, 22, 379, 256, 377, 256, 2, 0, 0.0, 2.0
485, 32, 325, 252, 324, 253, 1, -1, -0.7853981633974483, 1.4142135623730951
485, 37, 421, 250, 418, 250, 3, 0, 0.0, 3.0
485, 40, 566, 212, 563, 212, 3, 0, 0.0, 3.0
485, 43, 79, 125, 78, 126, 1, -1, -0.7853981633974483, 1.4142135623730951
485, 51, 11, 359, 10, 360, 1, -1, -0.7853981633974483, 1.4142135623730951
485, 55, 153, 118, 152, 119, 1, -1, -0.7853981633974483, 1.4142135623730951
485, 72, 484, 204, 483, 205, 1, -1, -0.7853981633974483, 1.4142135623730951
485, 78, 557, 211, 552, 211, 5, 0, 0.0, 5.0
486, 10, 501, 202, 499, 203, 2, -1, -0.4636476090008061, 2.23606797749979
486, 16, 463, 219, 461, 220, 2, -1, -0.4636476090008061, 2.23606797749979
486, 19, 596, 258, 594, 259, 2, -1, -0.4636476090008061, 2.23606797749979
486, 22, 381, 256, 379, 256, 2, 0, 0.0, 2.0
486, 32, 326, 251, 325, 252, 1, -1, -0.7853981633974483, 1.4142135623730951
486, 37, 423, 249, 421, 250, 2, -1, -0.4636476090008061, 2.23606797749979
486, 40, 568, 212, 566, 212, 2, 0, 0.0, 2.0
486, 43, 80, 124, 79, 125, 1, -1, -0.7853981633974483, 1.4142135623730951
486, 53, 148, 170, 147, 171, 1, -1, -0.7853981633974483, 1.4142135623730951
486, 54, 154, 117, 153, 118, 1, -1, -0.7853981633974483, 1.4142135623730951
486, 75, 559, 211, 557, 211, 2, 0, 0.0, 2.0
487, 9, 503, 201, 501, 202, 2, -1, -0.4636476090008061, 2.23606797749979
487, 15, 465, 218, 463, 219, 2, -1, -0.4636476090008061, 2.23606797749979
487, 16, 147, 273, 147, 271, 0, 2, 1.5707963267948966, 2.0
487, 18, 597, 257, 596, 258, 1, -1, -0.7853981633974483, 1.4142135623730951
487, 19, 258, 214, 259, 213, -1, 1, 2.356194490192345, 1.4142135623730951
487, 21, 383, 256, 381, 256, 2, 0, 0.0, 2.0
487, 25, 155, 268, 154, 269, 1, -1, -0.7853981633974483, 1.4142135623730951
487, 31, 328, 250, 326, 251, 2, -1, -0.4636476090008061, 2.23606797749979
487, 39, 570, 211, 568, 212, 2, -1, -0.4636476090008061, 2.23606797749979
487, 61, 64, 382, 62, 382, 2, 0, 0.0, 2.0
488, 9, 505, 200, 503, 201, 2, -1, -0.4636476090008061, 2.23606797749979
488, 15, 467, 216, 465, 218, 2, -2, -0.7853981633974483, 2.8284271247461903
488, 18, 599, 256, 597, 257, 2, -1, -0.4636476090008061, 2.23606797749979
488, 21, 385, 256, 383, 256, 2, 0, 0.0, 2.0
488, 30, 329, 249, 328, 250, 1, -1, -0.7853981633974483, 1.4142135623730951
488, 35, 426, 249, 424, 249, 2, 0, 0.0, 2.0
488, 38, 572, 210, 570, 211, 2, -1, -0.4636476090008061, 2.23606797749979
488, 49, 220, 117, 219, 119, 1, -2, -1.1071487177940904, 2.23606797749979
488, 51, 155, 115, 154, 116, 1, -1, -0.7853981633974483, 1.4142135623730951
488, 57, 47, 133, 46, 134, 1, -1, -0.7853981633974483, 1.4142135623730951
488, 69, 561, 210, 560, 211, 1, -1, -0.7853981633974483, 1.4142135623730951
489, 9, 508, 200, 505, 200, 3, 0, 0.0, 3.0
489, 15, 469, 215, 467, 216, 2, -1, -0.4636476090008061, 2.23606797749979
489, 18, 601, 255, 599, 256, 2, -1, -0.4636476090008061, 2.23606797749979
489, 21, 386, 255, 385, 256, 1, -1, -0.7853981633974483, 1.4142135623730951
489, 30, 330, 248, 329, 249, 1, -1, -0.7853981633974483, 1.4142135623730951
489, 37, 573, 209, 572, 210, 1, -1, -0.7853981633974483, 1.4142135623730951
489, 40, 81, 121, 80, 122, 1, -1, -0.7853981633974483, 1.4142135623730951
489, 46, 158, 360, 156, 360, 2, 0, 0.0, 2.0
489, 52, 130, 339, 129, 340, 1, -1, -0.7853981633974483, 1.4142135623730951
489, 56, 48, 132, 47, 133, 1, -1, -0.7853981633974483, 1.4142135623730951
489, 59, 42, 154, 41, 155, 1, -1, -0.7853981633974483, 1.4142135623730951
489, 60, 13, 151, 12, 152, 1, -1, -0.7853981633974483, 1.4142135623730951
489, 70, 22, 356, 21, 357, 1, -1, -0.7853981633974483, 1.4142135623730951
490, 10, 507, 202, 505, 203, 2, -1, -0.4636476090008061, 2.23606797749979
490, 16, 599, 258, 597, 259, 2, -1, -0.4636476090008061, 2.23606797749979
490, 20, 465, 220, 464, 221, 1, -1, -0.7853981633974483, 1.4142135623730951
490, 31, 207, 147, 206, 148, 1, -1, -0.7853981633974483, 1.4142135623730951
490, 36, 417, 254, 414, 253, 3, 1, 0.3217505543966422, 3.1622776601683795
490, 52, 83, 124, 82, 125, 1, -1, -0.7853981633974483, 1.4142135623730951
490, 62, 37, 351, 36, 352, 1, -1, -0.7853981633974483, 1.4142135623730951
490, 74, 67, 383, 65, 383, 2, 0, 0.0, 2.0
490, 76, 60, 137, 59, 138, 1, -1, -0.7853981633974483, 1.4142135623730951
490, 77, 49, 135, 48, 136, 1, -1, -0.7853981633974483, 1.4142135623730951
490, 78, 49, 128, 48, 129, 1, -1, -0.7853981633974483, 1.4142135623730951
491, 10, 509, 202, 507, 202, 2, 0, 0.0, 2.0
491, 20, 466, 219, 465, 220, 1, -1, -0.7853981633974483, 1.4142135623730951
491, 32, 79, 304, 80, 303, -1, 1, 2.356194490192345, 1.4142135623730951
491, 36, 420, 254, 417, 254, 3, 0, 0.0, 3.0
491, 41, 427, 249, 425, 250, 2, -1, -0.4636476090008061, 2.23606797749979
491, 43, 496, 206, 493, 206, 3, 0, 0.0, 3.0
491, 50, 84, 123, 83, 124, 1, -1, -0.7853981633974483, 1.4142135623730951
491, 52, 222, 119, 220, 120, 2, -1, -0.4636476090008061, 2.23606797749979
491, 55, 329, 254, 328, 255, 1, -1, -0.7853981633974483, 1.4142135623730951
491, 64, 284, 206, 283, 205, 1, 1, 0.7853981633974483, 1.4142135623730951
491, 67, 13, 359, 12, 360, 1, -1, -0.7853981633974483, 1.4142135623730951
491, 68, 81, 329, 82, 328, -1, 1, 2.356194490192345, 1.4142135623730951
491, 69, 570, 205, 569, 206, 1, -1, -0.7853981633974483, 1.4142135623730951
491, 74, 50, 127, 49, 128, 1, -1, -0.7853981633974483, 1.4142135623730951
491, 75, 45, 150, 44, 151, 1, -1, -0.7853981633974483, 1.4142135623730951
492, 10, 511, 202, 509, 202, 2, 0, 0.0, 2.0
492, 18, 249, 230, 248, 231, 1, -1, -0.7853981633974483, 1.4142135623730951
492, 20, 468, 219, 466, 219, 2, 0, 0.0, 2.0
492, 33, 62, 354, 61, 355, 1, -1, -0.7853981633974483, 1.4142135623730951
492, 36, 422, 254, 420, 254, 2, 0, 0.0, 2.0
492, 41, 430, 247, 427, 249, 3, -2, -0.5880026035475675, 3.605551275463989
492, 43, 498, 206, 496, 206, 2, 0, 0.0, 2.0
492, 45, 389, 256, 387, 256, 2, 0, 0.0, 2.0
492, 68, 571, 204, 570, 205, 1, -1, -0.7853981633974483, 1.4142135623730951
492, 72, 50, 133, 49, 134, 1, -1, -0.7853981633974483, 1.4142135623730951
492, 73, 51, 126, 50, 127, 1, -1, -0.7853981633974483, 1.4142135623730951
493, 10, 513, 202, 511, 202, 2, 0, 0.0, 2.0
493, 13, 111, 140, 110, 141, 1, -1, -0.7853981633974483, 1.4142135623730951
493, 15, 186, 221, 186, 219, 0, 2, 1.5707963267948966, 2.0
493, 16, 603, 258, 601, 258, 2, 0, 0.0, 2.0
493, 20, 470, 219, 468, 219, 2, 0, 0.0, 2.0
493, 35, 423, 253, 422, 254, 1, -1, -0.7853981633974483, 1.4142135623730951
493, 40, 432, 246, 430, 247, 2, -1, -0.4636476090008061, 2.23606797749979
493, 42, 499, 205, 498, 206, 1, -1, -0.7853981633974483, 1.4142135623730951
493, 44, 390, 255, 389, 256, 1, -1, -0.7853981633974483, 1.4142135623730951
493, 51, 223, 117, 222, 118, 1, -1, -0.7853981633974483, 1.4142135623730951
493, 67, 573, 204, 571, 204, 2, 0, 0.0, 2.0
493, 69, 70, 382, 69, 383, 1, -1, -0.7853981633974483, 1.4142135623730951
493, 71, 51, 132, 50, 133, 1, -1, -0.7853981633974483, 1.4142135623730951
493, 72, 52, 125, 51, 126, 1, -1, -0.7853981633974483, 1.4142135623730951
494, 10, 515, 202, 513, 202, 2, 0, 0.0, 2.0
494, 14, 53, 208, 52, 209, 1, -1, -0.7853981633974483, 1.4142135623730951
494, 16, 606, 258, 603, 258, 3, 0, 0.0, 3.0
494, 20, 472, 218, 470, 219, 2, -1, -0.4636476090008061, 2.23606797749979
494, 34, 425, 253, 423, 253, 2, 0, 0.0, 2.0
494, 39, 434, 245, 432, 246, 2, -1, -0.4636476090008061, 2.23606797749979
494, 41, 500, 204, 499, 205, 1, -1, -0.7853981633974483, 1.4142135623730951
494, 44, 130, 332, 129, 333, 1, -1, -0.7853981633974483, 1.4142135623730951
494, 49, 236, 207, 235, 208, 1, -1, -0.7853981633974483, 1.4142135623730951
494, 52, 333, 254, 331, 254, 2, 0, 0.0, 2.0
494, 63, 78, 330, 79, 329, -1, 1, 2.356194490192345, 1.4142135623730951
494, 64, 575, 203, 573, 204, 2, -1, -0.4636476090008061, 2.23606797749979
494, 66, 72, 381, 70, 382, 2, -1, -0.4636476090008061, 2.23606797749979
494, 67, 63, 135, 61, 136, 2, -1, -0.4636476090008061, 2.23606797749979
494, 68, 52, 131, 51, 132, 1, -1, -0.7853981633974483, 1.4142135623730951
494, 69, 54, 124, 52, 125, 2, -1, -0.4636476090008061, 2.23606797749979
494, 70, 46, 148, 45, 149, 1, -1, -0.7853981633974483, 1.4142135623730951
495, 4, 513, 203, 510, 203, 3, 0, 0.0, 3.0
495, 22, 472, 220, 470, 220, 2, 0, 0.0, 2.0
495, 29, 390, 256, 388, 257, 2, -1, -0.4636476090008061, 2.23606797749979
495, 41, 134, 340, 133, 341, 1, -1, -0.7853981633974483, 1.4142135623730951
495, 45, 606, 259, 604, 260, 2, -1, -0.4636476090008061, 2.23606797749979
495, 47, 71, 383, 70, 384, 1, -1, -0.7853981633974483, 1.4142135623730951
495, 49, 601, 222, 599, 223, 2, -1, -0.4636476090008061, 2.23606797749979
495, 51, 433, 248, 431, 249, 2, -1, -0.4636476090008061, 2.23606797749979
495, 52, 334, 253, 332, 253, 2, 0, 0.0, 2.0
496, 4, 516, 200, 513, 203, 3, -3, -0.7853981633974483, 4.242640687119285
496, 21, 474, 220, 472, 220, 2, 0, 0.0, 2.0
496, 28, 392, 256, 390, 256, 2, 0, 0.0, 2.0
496, 43, 608, 259, 606, 259, 2, 0, 0.0, 2.0
496, 45, 72, 382, 71, 383, 1, -1, -0.7853981633974483, 1.4142135623730951
496, 48, 435, 248, 433, 248, 2, 0, 0.0, 2.0
496, 49, 336, 253, 334, 253, 2, 0, 0.0, 2.0
497, 4, 518, 199, 516, 200, 2, -1, -0.4636476090008061, 2.23606797749979
497, 20, 476, 219, 474, 220, 2, -1, -0.4636476090008061, 2.23606797749979
497, 27, 394, 256, 392, 256, 2, 0, 0.0, 2.0
497, 42, 610, 258, 608, 259, 2, -1, -0.4636476090008061, 2.23606797749979
497, 44, 74, 381, 72, 382, 2, -1, -0.4636476090008061, 2.23606797749979
497, 47, 436, 247, 435, 248, 1, -1, -0.7853981633974483, 1.4142135623730951
497, 52, 40, 349, 39, 350, 1, -1, -0.7853981633974483, 1.4142135623730951
498, 4, 520, 198, 518, 199, 2, -1, -0.4636476090008061, 2.23606797749979
498, 12, 113, 140, 112, 141, 1, -1, -0.7853981633974483, 1.4142135623730951
498, 18, 478, 218, 476, 219, 2, -1, -0.4636476090008061, 2.23606797749979
498, 24, 396, 256, 394, 256, 2, 0, 0.0, 2.0
498, 37, 545, 271, 546, 273, -1, -2, -2.0344439357957027, 2.23606797749979
498, 39, 612, 258, 610, 258, 2, 0, 0.0, 2.0
498, 41, 76, 381, 74, 381, 2, 0, 0.0, 2.0
498, 45, 338, 252, 337, 253, 1, -1, -0.7853981633974483, 1.4142135623730951
499, 4, 522, 198, 520, 198, 2, 0, 0.0, 2.0
499, 14, 188, 237, 187, 238, 1, -1, -0.7853981633974483, 1.4142135623730951
499, 24, 398, 256, 396, 256, 2, 0, 0.0, 2.0
499, 28, 89, 325, 88, 326, 1, -1, -0.7853981633974483, 1.4142135623730951
499, 33, 87, 121, 86, 122, 1, -1, -0.7853981633974483, 1.4142135623730951
499, 37, 545, 269, 545, 271, 0, -2, -1.5707963267948966, 2.0
499, 43, 159, 112, 158, 113, 1, -1, -0.7853981633974483, 1.4142135623730951
499, 44, 439, 247, 437, 247, 2, 0, 0.0, 2.0
499, 45, 339, 251, 338, 252, 1, -1, -0.7853981633974483, 1.4142135623730951
500, 6, 519, 202, 517, 202, 2, 0, 0.0, 2.0
500, 18, 611, 259, 609, 260, 2, -1, -0.4636476090008061, 2.23606797749979
500, 24, 505, 202, 504, 203, 1, -1, -0.7853981633974483, 1.4142135623730951
500, 25, 428, 244, 426, 245, 2, -1, -0.4636476090008061, 2.23606797749979
500, 30, 478, 219, 476, 220, 2, -1, -0.4636476090008061, 2.23606797749979
500, 42, 398, 260, 396, 260, 2, 0, 0.0, 2.0
500, 51, 438, 249, 436, 250, 2, -1, -0.4636476090008061, 2.23606797749979
500, 57, 252, 277, 252, 279, 0, -2, -1.5707963267948966, 2.0
500, 63, 87, 326, 86, 327, 1, -1, -0.7853981633974483, 1.4142135623730951
500, 69, 277, 256, 276, 257, 1, -1, -0.7853981633974483, 1.4142135623730951
500, 74, 103, 140, 102, 141, 1, -1, -0.7853981633974483, 1.4142135623730951
500, 84, 28, 357, 27, 358, 1, -1, -0.7853981633974483, 1.4142135623730951
501, 6, 521, 202, 519, 202, 2, 0, 0.0, 2.0
501, 18, 613, 258, 611, 259, 2, -1, -0.4636476090008061, 2.23606797749979
501, 20, 116, 233, 118, 233, -2, 0, 3.141592653589793, 2.0
501, 22, 51, 210, 53, 211, -2, -1, -2.677945044588987, 2.23606797749979
501, 24, 507, 201, 505, 202, 2, -1, -0.4636476090008061, 2.23606797749979
501, 25, 431, 243, 428, 244, 3, -1, -0.3217505543966422, 3.1622776601683795
501, 30, 481, 218, 478, 219, 3, -1, -0.3217505543966422, 3.1622776601683795
501, 33, 88, 123, 87, 124, 1, -1, -0.7853981633974483, 1.4142135623730951
501, 38, 53, 267, 54, 266, -1, 1, 2.356194490192345, 1.4142135623730951
501, 48, 77, 383, 76, 384, 1, -1, -0.7853981633974483, 1.4142135623730951
501, 49, 440, 249, 438, 249, 2, 0, 0.0, 2.0
501, 53, 57, 130, 56, 131, 1, -1, -0.7853981633974483, 1.4142135623730951
501, 64, 49, 149, 48, 150, 1, -1, -0.7853981633974483, 1.4142135623730951
501, 70, 104, 139, 103, 140, 1, -1, -0.7853981633974483, 1.4142135623730951
501, 92, 241, 228, 240, 229, 1, -1, -0.7853981633974483, 1.4142135623730951
502, 5, 523, 202, 521, 202, 2, 0, 0.0, 2.0
502, 17, 616, 258, 613, 258, 3, 0, 0.0, 3.0
502, 23, 509, 199, 507, 201, 2, -2, -0.7853981633974483, 2.8284271247461903
502, 24, 432, 244, 431, 243, 1, 1, 0.7853981633974483, 1.4142135623730951
502, 29, 483, 217, 481, 218, 2, -1, -0.4636476090008061, 2.23606797749979
502, 34, 341, 253, 339, 253, 2, 0, 0.0, 2.0
502, 41, 161, 112, 160, 113, 1, -1, -0.7853981633974483, 1.4142135623730951
502, 45, 79, 382, 77, 383, 2, -1, -0.4636476090008061, 2.23606797749979
502, 46, 442, 249, 440, 249, 2, 0, 0.0, 2.0
502, 49, 19, 155, 18, 156, 1, -1, -0.7853981633974483, 1.4142135623730951
502, 54, 130, 130, 129, 131, 1, -1, -0.7853981633974483, 1.4142135623730951
502, 82, 79, 153, 78, 154, 1, -1, -0.7853981633974483, 1.4142135623730951
502, 86, 242, 227, 241, 228, 1, -1, -0.7853981633974483, 1.4142135623730951
503, 5, 525, 202, 523, 202, 2, 0, 0.0, 2.0
503, 11, 162, 266, 162, 269, 0, -3, -1.5707963267948966, 3.0
503, 15, 198, 218, 197, 219, 1, -1, -0.7853981633974483, 1.4142135623730951
503, 17, 618, 257, 616, 258, 2, -1, -0.4636476090008061, 2.23606797749979
503, 18, 151, 267, 152, 269, -1, -2, -2.0344439357957027, 2.23606797749979
503, 22, 259, 213, 259, 215, 0, -2, -1.5707963267948966, 2.0
503, 23, 512, 198, 509, 199, 3, -1, -0.3217505543966422, 3.1622776601683795
503, 27, 582, 209, 579, 209, 3, 0, 0.0, 3.0
503, 29, 486, 216, 483, 217, 3, -1, -0.3217505543966422, 3.1622776601683795
503, 30, 124, 158, 124, 160, 0, -2, -1.5707963267948966, 2.0
503, 34, 342, 252, 341, 253, 1, -1, -0.7853981633974483, 1.4142135623730951
503, 39, 402, 259, 400, 260, 2, -1, -0.4636476090008061, 2.23606797749979
503, 45, 81, 381, 79, 382, 2, -1, -0.4636476090008061, 2.23606797749979
503, 46, 444, 249, 442, 249, 2, 0, 0.0, 2.0
503, 63, 278, 253, 277, 254, 1, -1, -0.7853981633974483, 1.4142135623730951
503, 66, 104, 136, 104, 138, 0, -2, -1.5707963267948966, 2.0
503, 85, 243, 226, 242, 227, 1, -1, -0.7853981633974483, 1.4142135623730951
504, 2, 195, 171, 193, 173, 2, -2, -0.7853981633974483, 2.8284271247461903
504, 5, 528, 201, 525, 202, 3, -1, -0.3217505543966422, 3.1622776601683795
504, 11, 27, 276, 29, 276, -2, 0, 3.141592653589793, 2.0
504, 16, 621, 257, 618, 257, 3, 0, 0.0, 3.0
504, 22, 516, 198, 512, 198, 4, 0, 0.0, 4.0
504, 26, 585, 210, 582, 209, 3, 1, 0.3217505543966422, 3.1622776601683795
504, 28, 487, 214, 486, 216, 1, -2, -1.1071487177940904, 2.23606797749979
504, 31, 89, 120, 88, 121, 1, -1, -0.7853981633974483, 1.4142135623730951
504, 38, 404, 258, 402, 259, 2, -1, -0.4636476090008061, 2.23606797749979
504, 40, 162, 110, 161, 112, 1, -2, -1.1071487177940904, 2.23606797749979
504, 44, 83, 380, 81, 381, 2, -1, -0.4636476090008061, 2.23606797749979
504, 45, 446, 249, 444, 249, 2, 0, 0.0, 2.0
504, 54, 43, 350, 42, 351, 1, -1, -0.7853981633974483, 1.4142135623730951
504, 75, 491, 267, 489, 266, 2, 1, 0.4636476090008061, 2.23606797749979
504, 78, 70, 246, 70, 248, 0, -2, -1.5707963267948966, 2.0
504, 82, 241, 226, 243, 226, -2, 0, 3.141592653589793, 2.0
504, 84, 120, 337, 119, 338, 1, -1, -0.7853981633974483, 1.4142135623730951
505, 9, 526, 201, 524, 202, 2, -1, -0.4636476090008061, 2.23606797749979
505, 17, 484, 218, 483, 219, 1, -1, -0.7853981633974483, 1.4142135623730951
505, 25, 586, 211, 583, 211, 3, 0, 0.0, 3.0
505, 30, 399, 258, 398, 259, 1, -1, -0.7853981633974483, 1.4142135623730951
505, 37, 532, 238, 529, 238, 3, 0, 0.0, 3.0
505, 44, 340, 249, 339, 250, 1, -1, -0.7853981633974483, 1.4142135623730951
505, 45, 228, 116, 228, 118, 0, -2, -1.5707963267948966, 2.0
505, 48, 512, 201, 510, 202, 2, -1, -0.4636476090008061, 2.23606797749979
505, 58, 63, 127, 61, 127, 2, 0, 0.0, 2.0
505, 61, 164, 114, 163, 115, 1, -1, -0.7853981633974483, 1.4142135623730951
505, 62, 470, 257, 468, 257, 2, 0, 0.0, 2.0
506, 9, 528, 200, 526, 201, 2, -1, -0.4636476090008061, 2.23606797749979
506, 17, 486, 218, 484, 218, 2, 0, 0.0, 2.0
506, 25, 588, 210, 586, 211, 2, -1, -0.4636476090008061, 2.23606797749979
506, 30, 401, 257, 399, 258, 2, -1, -0.4636476090008061, 2.23606797749979
506, 48, 514, 201, 512, 201, 2, 0, 0.0, 2.0
506, 50, 91, 122, 90, 123, 1, -1, -0.7853981633974483, 1.4142135623730951
506, 58, 64, 126, 63, 127, 1, -1, -0.7853981633974483, 1.4142135623730951
506, 63, 395, 218, 393, 220, 2, -2, -0.7853981633974483, 2.8284271247461903
507, 9, 530, 199, 528, 200, 2, -1, -0.4636476090008061, 2.23606797749979
507, 17, 488, 218, 486, 218, 2, 0, 0.0, 2.0
507, 20, 119, 147, 118, 148, 1, -1, -0.7853981633974483, 1.4142135623730951
507, 25, 590, 210, 588, 210, 2, 0, 0.0, 2.0
507, 30, 403, 256, 401, 257, 2, -1, -0.4636476090008061, 2.23606797749979
507, 45, 228, 114, 227, 116, 1, -2, -1.1071487177940904, 2.23606797749979
507, 51, 63, 133, 62, 134, 1, -1, -0.7853981633974483, 1.4142135623730951
507, 57, 65, 125, 64, 126, 1, -1, -0.7853981633974483, 1.4142135623730951
507, 62, 397, 216, 395, 218, 2, -2, -0.7853981633974483, 2.8284271247461903
508, 4, 54, 189, 53, 190, 1, -1, -0.7853981633974483, 1.4142135623730951
508, 5, 75, 176, 77, 176, -2, 0, 3.141592653589793, 2.0
508, 9, 533, 198, 530, 199, 3, -1, -0.3217505543966422, 3.1622776601683795
508, 17, 490, 217, 488, 218, 2, -1, -0.4636476090008061, 2.23606797749979
508, 20, 120, 146, 119, 147, 1, -1, -0.7853981633974483, 1.4142135623730951
508, 25, 592, 210, 590, 210, 2, 0, 0.0, 2.0
508, 30, 405, 255, 403, 256, 2, -1, -0.4636476090008061, 2.23606797749979
508, 36, 622, 260, 620, 260, 2, 0, 0.0, 2.0
508, 37, 536, 238, 534, 238, 2, 0, 0.0, 2.0
508, 38, 121, 336, 120, 337, 1, -1, -0.7853981633974483, 1.4142135623730951
508, 48, 515, 200, 514, 201, 1, -1, -0.7853981633974483, 1.4142135623730951
508, 51, 64, 132, 63, 133, 1, -1, -0.7853981633974483, 1.4142135623730951
508, 57, 66, 124, 65, 125, 1, -1, -0.7853981633974483, 1.4142135623730951
508, 60, 165, 112, 164, 113, 1, -1, -0.7853981633974483, 1.4142135623730951
508, 61, 472, 258, 470, 258, 2, 0, 0.0, 2.0
508, 62, 398, 214, 397, 216, 1, -2, -1.1071487177940904, 2.23606797749979
509, 8, 534, 197, 533, 198, 1, -1, -0.7853981633974483, 1.4142135623730951
509, 16, 491, 216, 490, 217, 1, -1, -0.7853981633974483, 1.4142135623730951
509, 29, 407, 255, 405, 255, 2, 0, 0.0, 2.0
509, 35, 624, 260, 622, 260, 2, 0, 0.0, 2.0
509, 40, 195, 335, 194, 336, 1, -1, -0.7853981633974483, 1.4142135623730951
509, 42, 345, 249, 343, 249, 2, 0, 0.0, 2.0
509, 46, 517, 199, 515, 200, 2, -1, -0.4636476090008061, 2.23606797749979
509, 51, 19, 329, 19, 331, 0, -2, -1.5707963267948966, 2.0
509, 55, 67, 123, 66, 124, 1, -1, -0.7853981633974483, 1.4142135623730951
509, 59, 474, 258, 472, 258, 2, 0, 0.0, 2.0
510, 5, 531, 199, 529, 201, 2, -2, -0.7853981633974483, 2.8284271247461903
510, 13, 623, 260, 621, 260, 2, 0, 0.0, 2.0
510, 14, 64, 208, 63, 209, 1, -1, -0.7853981633974483, 1.4142135623730951
510, 29, 285, 189, 284, 186, 1, 3, 1.2490457723982544, 3.1622776601683795
510, 42, 102, 162, 101, 163, 1, -1, -0.7853981633974483, 1.4142135623730951
510, 45, 406, 258, 404, 259, 2, -1, -0.4636476090008061, 2.23606797749979
510, 50, 518, 203, 517, 204, 1, -1, -0.7853981633974483, 1.4142135623730951
510, 51, 65, 133, 64, 134, 1, -1, -0.7853981633974483, 1.4142135623730951
510, 53, 489, 219, 488, 218, 1, 1, 0.7853981633974483, 1.4142135623730951
510, 54, 153, 311, 152, 312, 1, -1, -0.7853981633974483, 1.4142135623730951
510, 56, 66, 126, 65, 127, 1, -1, -0.7853981633974483, 1.4142135623730951
510, 58, 197, 338, 196, 339, 1, -1, -0.7853981633974483, 1.4142135623730951
510, 62, 166, 114, 165, 115, 1, -1, -0.7853981633974483, 1.4142135623730951
510, 65, 451, 248, 449, 249, 2, -1, -0.4636476090008061, 2.23606797749979
511, 5, 533, 198, 531, 199, 2, -1, -0.4636476090008061, 2.23606797749979
511, 13, 626, 260, 623, 260, 3, 0, 0.0, 3.0
511, 14, 65, 207, 64, 208, 1, -1, -0.7853981633974483, 1.4142135623730951
511, 15, 164, 226, 163, 225, 1, 1, 0.7853981633974483, 1.4142135623730951
511, 27, 192, 242, 191, 243, 1, -1, -0.7853981633974483, 1.4142135623730951
511, 34, 93, 121, 92, 122, 1, -1, -0.7853981633974483, 1.4142135623730951
511, 35, 145, 337, 143, 339, 2, -2, -0.7853981633974483, 2.8284271247461903
511, 36, 205, 207, 203, 207, 2, 0, 0.0, 2.0
511, 39, 120, 142, 119, 143, 1, -1, -0.7853981633974483, 1.4142135623730951
511, 43, 408, 258, 406, 258, 2, 0, 0.0, 2.0
511, 48, 520, 203, 518, 203, 2, 0, 0.0, 2.0
511, 49, 68, 133, 65, 133, 3, 0, 0.0, 3.0
511, 50, 491, 219, 489, 219, 2, 0, 0.0, 2.0
511, 52, 70, 127, 66, 126, 4, 1, 0.24497866312686414, 4.123105625617661
511, 53, 123, 335, 123, 337, 0, -2, -1.5707963267948966, 2.0
511, 56, 126, 254, 123, 255, 3, -1, -0.3217505543966422, 3.1622776601683795
511, 61, 452, 246, 451, 248, 1, -2, -1.1071487177940904, 2.23606797749979
512, 5, 535, 197, 533, 198, 2, -1, -0.4636476090008061, 2.23606797749979
512, 13, 628, 260, 626, 260, 2, 0, 0.0, 2.0
512, 33, 94, 120, 93, 121, 1, -1, -0.7853981633974483, 1.4142135623730951
512, 38, 101, 159, 102, 161, -1, -2, -2.0344439357957027, 2.23606797749979
512, 41, 410, 258, 408, 258, 2, 0, 0.0, 2.0
512, 46, 522, 202, 520, 203, 2, -1, -0.4636476090008061, 2.23606797749979
512, 48, 493, 219, 491, 219, 2, 0, 0.0, 2.0
512, 55, 135, 129, 134, 130, 1, -1, -0.7853981633974483, 1.4142135623730951
512, 56, 167, 112, 166, 113, 1, -1, -0.7853981633974483, 1.4142135623730951
513, 4, 78, 176, 80, 177, -2, -1, -2.677945044588987, 2.23606797749979
513, 5, 538, 197, 535, 197, 3, 0, 0.0, 3.0
513, 13, 630, 260, 628, 260, 2, 0, 0.0, 2.0
513, 33, 95, 119, 94, 120, 1, -1, -0.7853981633974483, 1.4142135623730951
513, 42, 589, 207, 588, 208, 1, -1, -0.7853981633974483, 1.4142135623730951
513, 43, 261, 195, 260, 196, 1, -1, -0.7853981633974483, 1.4142135623730951
513, 46, 525, 202, 522, 202, 3, 0, 0.0, 3.0
513, 48, 495, 219, 493, 219, 2, 0, 0.0, 2.0
513, 50, 72, 126, 71, 127, 1, -1, -0.7853981633974483, 1.4142135623730951
513, 58, 455, 246, 453, 246, 2, 0, 0.0, 2.0
514, 4, 540, 197, 538, 197, 2, 0, 0.0, 2.0
514, 11, 631, 259, 630, 260, 1, -1, -0.7853981633974483, 1.4142135623730951
514, 31, 96, 118, 95, 119, 1, -1, -0.7853981633974483, 1.4142135623730951
514, 39, 413, 257, 411, 258, 2, -1, -0.4636476090008061, 2.23606797749979
514, 40, 591, 207, 589, 207, 2, 0, 0.0, 2.0
514, 44, 528, 201, 525, 202, 3, -1, -0.3217505543966422, 3.1622776601683795
514, 46, 496, 218, 495, 219, 1, -1, -0.7853981633974483, 1.4142135623730951
514, 52, 135, 126, 135, 128, 0, -2, -1.5707963267948966, 2.0
514, 53, 169, 111, 168, 112, 1, -1, -0.7853981633974483, 1.4142135623730951
514, 56, 457, 246, 455, 246, 2, 0, 0.0, 2.0
515, 7, 539, 200, 536, 200, 3, 0, 0.0, 3.0
515, 16, 524, 204, 523, 205, 1, -1, -0.7853981633974483, 1.4142135623730951
515, 27, 597, 203, 594, 205, 3, -2, -0.5880026035475675, 3.605551275463989
515, 30, 445, 244, 443, 245, 2, -1, -0.4636476090008061, 2.23606797749979
515, 39, 73, 356, 72, 357, 1, -1, -0.7853981633974483, 1.4142135623730951
515, 44, 411, 258, 410, 259, 1, -1, -0.7853981633974483, 1.4142135623730951
515, 54, 456, 248, 454, 248, 2, 0, 0.0, 2.0
515, 57, 542, 231, 539, 233, 3, -2, -0.5880026035475675, 3.605551275463989
515, 64, 230, 114, 230, 116, 0, -2, -1.5707963267948966, 2.0
516, 7, 541, 200, 539, 200, 2, 0, 0.0, 2.0
516, 24, 631, 260, 629, 260, 2, 0, 0.0, 2.0
516, 26, 599, 202, 597, 203, 2, -1, -0.4636476090008061, 2.23606797749979
516, 29, 448, 243, 445, 244, 3, -1, -0.3217505543966422, 3.1622776601683795
516, 36, 74, 355, 73, 356, 1, -1, -0.7853981633974483, 1.4142135623730951
516, 40, 247, 236, 245, 236, 2, 0, 0.0, 2.0
516, 41, 412, 257, 411, 258, 1, -1, -0.7853981633974483, 1.4142135623730951
516, 43, 179, 362, 178, 363, 1, -1, -0.7853981633974483, 1.4142135623730951
516, 47, 497, 218, 495, 218, 2, 0, 0.0, 2.0
516, 50, 97, 120, 96, 121, 1, -1, -0.7853981633974483, 1.4142135623730951
516, 51, 458, 248, 456, 248, 2, 0, 0.0, 2.0
516, 53, 544, 230, 542, 231, 2, -1, -0.4636476090008061, 2.23606797749979
517, 7, 543, 200, 541, 200, 2, 0, 0.0, 2.0
517, 23, 633, 259, 631, 260, 2, -1, -0.4636476090008061, 2.23606797749979
517, 24, 198, 335, 198, 337, 0, -2, -1.5707963267948966, 2.0
517, 30, 261, 233, 260, 232, 1, 1, 0.7853981633974483, 1.4142135623730951
517, 33, 202, 224, 201, 223, 1, 1, 0.7853981633974483, 1.4142135623730951
517, 35, 75, 354, 74, 355, 1, -1, -0.7853981633974483, 1.4142135623730951
517, 40, 414, 256, 412, 257, 2, -1, -0.4636476090008061, 2.23606797749979
517, 46, 499, 217, 497, 218, 2, -1, -0.4636476090008061, 2.23606797749979
517, 50, 461, 248, 458, 248, 3, 0, 0.0, 3.0
517, 52, 547, 229, 544, 230, 3, -1, -0.3217505543966422, 3.1622776601683795
517, 59, 231, 112, 230, 113, 1, -1, -0.7853981633974483, 1.4142135623730951
518, 5, 121, 142, 120, 143, 1, -1, -0.7853981633974483, 1.4142135623730951
518, 7, 545, 200, 543, 200, 2, 0, 0.0, 2.0
518, 8, 56, 188, 55, 189, 1, -1, -0.7853981633974483, 1.4142135623730951
518, 16, 526, 202, 525, 203, 1, -1, -0.7853981633974483, 1.4142135623730951
518, 22, 635, 259, 633, 259, 2, 0, 0.0, 2.0
518, 24, 601, 201, 600, 202, 1, -1, -0.7853981633974483, 1.4142135623730951
518, 27, 451, 243, 449, 243, 2, 0, 0.0, 2.0
518, 39, 416, 255, 414, 256, 2, -1, -0.4636476090008061, 2.23606797749979
518, 41, 180, 360, 179, 361, 1, -1, -0.7853981633974483, 1.4142135623730951
518, 45, 502, 216, 499, 217, 3, -1, -0.3217505543966422, 3.1622776601683795
518, 48, 98, 118, 97, 119, 1, -1, -0.7853981633974483, 1.4142135623730951
518, 49, 464, 248, 461, 248, 3, 0, 0.0, 3.0
518, 51, 550, 229, 547, 229, 3, 0, 0.0, 3.0
518, 57, 231, 110, 231, 112, 0, -2, -1.5707963267948966, 2.0
519, 5, 122, 141, 121, 142, 1, -1, -0.7853981633974483, 1.4142135623730951
519, 7, 547, 199, 545, 200, 2, -1, -0.4636476090008061, 2.23606797749979
519, 23, 199, 333, 198, 334, 1, -1, -0.7853981633974483, 1.4142135623730951
519, 24, 602, 198, 601, 201, 1, -3, -1.2490457723982544, 3.1622776601683795
519, 26, 167, 269, 166, 270, 1, -1, -0.7853981633974483, 1.4142135623730951
519, 36, 238, 180, 237, 182, 1, -2, -1.1071487177940904, 2.23606797749979
519, 39, 419, 254, 416, 255, 3, -1, -0.3217505543966422, 3.1622776601683795
519, 41, 181, 359, 180, 360, 1, -1, -0.7853981633974483, 1.4142135623730951
519, 45, 505, 216, 502, 216, 3, 0, 0.0, 3.0
519, 47, 165, 262, 164, 263, 1, -1, -0.7853981633974483, 1.4142135623730951
520, 6, 545, 200, 543, 200, 2, 0, 0.0, 2.0
520, 17, 530, 201, 529, 202, 1, -1, -0.7853981633974483, 1.4142135623730951
520, 39, 504, 219, 502, 220, 2, -1, -0.4636476090008061, 2.23606797749979
520, 40, 420, 259, 418, 260, 2, -1, -0.4636476090008061, 2.23606797749979
520, 46, 202, 337, 201, 338, 1, -1, -0.7853981633974483, 1.4142135623730951
520, 51, 188, 240, 189, 238, -1, 2, 2.0344439357957027, 2.23606797749979
520, 55, 463, 248, 461, 249, 2, -1, -0.4636476090008061, 2.23606797749979
520, 61, 99, 119, 98, 120, 1, -1, -0.7853981633974483, 1.4142135623730951
521, 8, 299, 213, 298, 214, 1, -1, -0.7853981633974483, 1.4142135623730951
521, 9, 81, 176, 82, 178, -1, -2, -2.0344439357957027, 2.23606797749979
521, 14, 128, 337, 127, 338, 1, -1, -0.7853981633974483, 1.4142135623730951
521, 16, 531, 200, 530, 201, 1, -1, -0.7853981633974483, 1.4142135623730951
521, 37, 506, 218, 504, 219, 2, -1, -0.4636476090008061, 2.23606797749979
521, 38, 422, 258, 420, 259, 2, -1, -0.4636476090008061, 2.23606797749979
521, 55, 127, 254, 126, 255, 1, -1, -0.7853981633974483, 1.4142135623730951
521, 56, 74, 127, 73, 128, 1, -1, -0.7853981633974483, 1.4142135623730951
521, 57, 146, 244, 145, 245, 1, -1, -0.7853981633974483, 1.4142135623730951
521, 60, 234, 113, 233, 114, 1, -1, -0.7853981633974483, 1.4142135623730951
522, 6, 547, 199, 546, 200, 1, -1, -0.7853981633974483, 1.4142135623730951
522, 15, 533, 199, 531, 200, 2, -1, -0.4636476090008061, 2.23606797749979
522, 18, 216, 143, 215, 144, 1, -1, -0.7853981633974483, 1.4142135623730951
522, 36, 508, 217, 506, 218, 2, -1, -0.4636476090008061, 2.23606797749979
522, 37, 424, 257, 422, 258, 2, -1, -0.4636476090008061, 2.23606797749979
522, 51, 465, 247, 464, 248, 1, -1, -0.7853981633974483, 1.4142135623730951
522, 56, 100, 117, 99, 118, 1, -1, -0.7853981633974483, 1.4142135623730951
523, 6, 549, 198, 547, 199, 2, -1, -0.4636476090008061, 2.23606797749979
523, 15, 536, 197, 533, 199, 3, -2, -0.5880026035475675, 3.605551275463989
523, 36, 510, 216, 508, 217, 2, -1, -0.4636476090008061, 2.23606797749979
523, 37, 426, 256, 424, 257, 2, -1, -0.4636476090008061, 2.23606797749979
523, 39, 22, 257, 25, 257, -3, 0, 3.141592653589793, 3.0
523, 49, 468, 246, 465, 247, 3, -1, -0.3217505543966422, 3.1622776601683795
523, 51, 261, 198, 263, 199, -2, -1, -2.677945044588987, 2.23606797749979
523, 53, 76, 126, 75, 127, 1, -1, -0.7853981633974483, 1.4142135623730951
523, 55, 149, 339, 148, 340, 1, -1, -0.7853981633974483, 1.4142135623730951
524, 0, 280, 161, 281, 160, -1, 1, 2.356194490192345, 1.4142135623730951
524, 6, 552, 198, 549, 198, 3, 0, 0.0, 3.0
524, 15, 539, 197, 536, 197, 3, 0, 0.0, 3.0
524, 21, 267, 216, 266, 217, 1, -1, -0.7853981633974483, 1.4142135623730951
524, 36, 512, 215, 510, 216, 2, -1, -0.4636476090008061, 2.23606797749979
524, 37, 428, 256, 426, 256, 2, 0, 0.0, 2.0
524, 42, 203, 333, 202, 334, 1, -1, -0.7853981633974483, 1.4142135623730951
524, 43, 26, 151, 25, 152, 1, -1, -0.7853981633974483, 1.4142135623730951
524, 49, 471, 244, 468, 246, 3, -2, -0.5880026035475675, 3.605551275463989
524, 53, 77, 125, 76, 126, 1, -1, -0.7853981633974483, 1.4142135623730951
525, 10, 551, 199, 549, 200, 2, -1, -0.4636476090008061, 2.23606797749979
525, 13, 196, 224, 195, 225, 1, -1, -0.7853981633974483, 1.4142135623730951
525, 14, 7, 367, 5, 368, 2, -1, -0.4636476090008061, 2.23606797749979
525, 36, 520, 268, 517, 268, 3, 0, 0.0, 3.0
525, 44, 141, 129, 140, 130, 1, -1, -0.7853981633974483, 1.4142135623730951
525, 45, 553, 238, 550, 238, 3, 0, 0.0, 3.0
525, 47, 78, 354, 77, 355, 1, -1, -0.7853981633974483, 1.4142135623730951
525, 49, 294, 252, 291, 252, 3, 0, 0.0, 3.0
525, 50, 508, 217, 507, 218, 1, -1, -0.7853981633974483, 1.4142135623730951
525, 53, 89, 332, 91, 331, -2, 1, 2.677945044588987, 2.23606797749979
525, 54, 470, 247, 467, 248, 3, -1, -0.3217505543966422, 3.1622776601683795
525, 55, 609, 209, 606, 209, 3, 0, 0.0, 3.0
525, 58, 425, 259, 424, 260, 1, -1, -0.7853981633974483, 1.4142135623730951
525, 67, 236, 288, 235, 291, 1, -3, -1.2490457723982544, 3.1622776601683795
526, 10, 553, 198, 551, 199, 2, -1, -0.4636476090008061, 2.23606797749979
526, 21, 269, 216, 268, 217, 1, -1, -0.7853981633974483, 1.4142135623730951
526, 28, 387, 255, 386, 256, 1, -1, -0.7853981633974483, 1.4142135623730951
526, 29, 284, 192, 285, 191, -1, 1, 2.356194490192345, 1.4142135623730951
526, 36, 523, 268, 520, 268, 3, 0, 0.0, 3.0
526, 45, 556, 238, 553, 238, 3, 0, 0.0, 3.0
526, 50, 510, 218, 508, 217, 2, 1, 0.4636476090008061, 2.23606797749979
526, 54, 472, 246, 470, 247, 2, -1, -0.4636476090008061, 2.23606797749979
526, 55, 612, 209, 609, 209, 3, 0, 0.0, 3.0
526, 58, 428, 258, 425, 259, 3, -1, -0.3217505543966422, 3.1622776601683795
526, 66, 132, 161, 131, 162, 1, -1, -0.7853981633974483, 1.4142135623730951
527, 10, 556, 197, 553, 198, 3, -1, -0.3217505543966422, 3.1622776601683795
527, 28, 390, 256, 387, 255, 3, 1, 0.3217505543966422, 3.1622776601683795
527, 49, 512, 218, 510, 218, 2, 0, 0.0, 2.0
527, 52, 86, 332, 88, 332, -2, 0, 3.141592653589793, 2.0
527, 53, 474, 245, 472, 246, 2, -1, -0.4636476090008061, 2.23606797749979
527, 54, 615, 209, 612, 209, 3, 0, 0.0, 3.0
527, 57, 430, 258, 428, 258, 2, 0, 0.0, 2.0
527, 64, 3, 339, 4, 338, -1, 1, 2.356194490192345, 1.4142135623730951
528, 5, 57, 189, 56, 190, 1, -1, -0.7853981633974483, 1.4142135623730951
528, 10, 558, 195, 556, 197, 2, -2, -0.7853981633974483, 2.8284271247461903
528, 13, 197, 222, 196, 223, 1, -1, -0.7853981633974483, 1.4142135623730951
528, 14, 10, 366, 8, 367, 2, -1, -0.4636476090008061, 2.23606797749979
528, 27, 391, 254, 390, 256, 1, -2, -1.1071487177940904, 2.23606797749979
528, 35, 526, 268, 524, 268, 2, 0, 0.0, 2.0
528, 43, 559, 238, 557, 238, 2, 0, 0.0, 2.0
528, 44, 59, 207, 58, 208, 1, -1, -0.7853981633974483, 1.4142135623730951
528, 48, 514, 218, 512, 218, 2, 0, 0.0, 2.0
528, 51, 476, 245, 474, 245, 2, 0, 0.0, 2.0
528, 52, 616, 208, 615, 209, 1, -1, -0.7853981633974483, 1.4142135623730951
529, 10, 560, 194, 558, 195, 2, -1, -0.4636476090008061, 2.23606797749979
529, 15, 81, 123, 80, 124, 1, -1, -0.7853981633974483, 1.4142135623730951
529, 20, 271, 215, 270, 216, 1, -1, -0.7853981633974483, 1.4142135623730951
529, 24, 61, 144, 60, 145, 1, -1, -0.7853981633974483, 1.4142135623730951
529, 31, 165, 153, 164, 154, 1, -1, -0.7853981633974483, 1.4142135623730951
529, 34, 528, 268, 526, 268, 2, 0, 0.0, 2.0
529, 41, 562, 238, 559, 238, 3, 0, 0.0, 3.0
529, 45, 516, 218, 514, 218, 2, 0, 0.0, 2.0
529, 47, 477, 244, 476, 245, 1, -1, -0.7853981633974483, 1.4142135623730951
529, 48, 618, 208, 616, 208, 2, 0, 0.0, 2.0
529, 51, 433, 258, 431, 258, 2, 0, 0.0, 2.0
529, 53, 60, 149, 59, 150, 1, -1, -0.7853981633974483, 1.4142135623730951
529, 61, 236, 263, 235, 264, 1, -1, -0.7853981633974483, 1.4142135623730951
530, 7, 559, 198, 556, 199, 3, -1, -0.3217505543966422, 3.1622776601683795
530, 17, 461, 245, 459, 245, 2, 0, 0.0, 2.0
530, 18, 516, 218, 514, 219, 2, -1, -0.4636476090008061, 2.23606797749979
530, 22, 245, 215, 244, 216, 1, -1, -0.7853981633974483, 1.4142135623730951
530, 41, 105, 118, 104, 119, 1, -1, -0.7853981633974483, 1.4142135623730951
530, 43, 474, 248, 472, 248, 2, 0, 0.0, 2.0
530, 44, 153, 339, 152, 340, 1, -1, -0.7853981633974483, 1.4142135623730951
530, 54, 432, 261, 430, 261, 2, 0, 0.0, 2.0
531, 7, 561, 198, 559, 198, 2, 0, 0.0, 2.0
531, 10, 273, 212, 272, 213, 1, -1, -0.7853981633974483, 1.4142135623730951
531, 11, 291, 213, 290, 214, 1, -1, -0.7853981633974483, 1.4142135623730951
531, 17, 464, 243, 461, 245, 3, -2, -0.5880026035475675, 3.605551275463989
531, 18, 517, 217, 516, 218, 1, -1, -0.7853981633974483, 1.4142135623730951
531, 24, 40, 221, 38, 223, 2, -2, -0.7853981633974483, 2.8284271247461903
531, 30, 372, 255, 370, 255, 2, 0, 0.0, 2.0
531, 42, 476, 248, 474, 248, 2, 0, 0.0, 2.0
531, 50, 82, 126, 81, 127, 1, -1, -0.7853981633974483, 1.4142135623730951
531, 55, 255, 232, 254, 233, 1, -1, -0.7853981633974483, 1.4142135623730951
532, 7, 563, 198, 561, 198, 2, 0, 0.0, 2.0
532, 10, 274, 211, 273, 212, 1, -1, -0.7853981633974483, 1.4142135623730951
532, 12, 203, 223, 202, 224, 1, -1, -0.7853981633974483, 1.4142135623730951
532, 17, 467, 241, 464, 243, 3, -2, -0.5880026035475675, 3.605551275463989
532, 18, 518, 216, 517, 217, 1, -1, -0.7853981633974483, 1.4142135623730951
532, 38, 106, 117, 105, 118, 1, -1, -0.7853981633974483, 1.4142135623730951
532, 40, 478, 248, 476, 248, 2, 0, 0.0, 2.0
532, 50, 256, 231, 255, 232, 1, -1, -0.7853981633974483, 1.4142135623730951
532, 52, 144, 127, 143, 128, 1, -1, -0.7853981633974483, 1.4142135623730951
533, 6, 566, 199, 563, 198, 3, 1, 0.3217505543966422, 3.1622776601683795
533, 16, 472, 239, 467, 241, 5, -2, -0.3805063771123649, 5.385164807134504
533, 17, 520, 216, 518, 216, 2, 0, 0.0, 2.0
533, 29, 377, 253, 373, 255, 4, -2, -0.4636476090008061, 4.47213595499958
533, 33, 85, 355, 81, 358, 4, -3, -0.6435011087932844, 5.0
533, 39, 481, 247, 478, 248, 3, -1, -0.3217505543966422, 3.1622776601683795
533, 41, 612, 204, 611, 205, 1, -1, -0.7853981633974483, 1.4142135623730951
533, 47, 257, 230, 256, 231, 1, -1, -0.7853981633974483, 1.4142135623730951
534, 6, 568, 199, 566, 199, 2, 0, 0.0, 2.0
534, 9, 275, 210, 274, 211, 1, -1, -0.7853981633974483, 1.4142135623730951
534, 16, 475, 238, 472, 239, 3, -1, -0.3217505543966422, 3.1622776601683795
534, 17, 521, 215, 520, 216, 1, -1, -0.7853981633974483, 1.4142135623730951
534, 38, 483, 246, 481, 247, 2, -1, -0.4636476090008061, 2.23606797749979
534, 42, 83, 123, 82, 124, 1, -1, -0.7853981633974483, 1.4142135623730951
535, 6, 6, 374, 4, 374, 2, 0, 0.0, 2.0
535, 9, 521, 219, 519, 220, 2, -1, -0.4636476090008061, 2.23606797749979
535, 10, 564, 199, 562, 199, 2, 0, 0.0, 2.0
535, 16, 620, 201, 617, 204, 3, -3, -0.7853981633974483, 4.242640687119285
535, 30, 552, 202, 549, 203, 3, -1, -0.3217505543966422, 3.1622776601683795
535, 33, 532, 262, 529, 263, 3, -1, -0.3217505543966422, 3.1622776601683795
535, 38, 108, 118, 107, 119, 1, -1, -0.7853981633974483, 1.4142135623730951
535, 46, 437, 260, 435, 261, 2, -1, -0.4636476090008061, 2.23606797749979
535, 50, 565, 232, 562, 232, 3, 0, 0.0, 3.0
535, 59, 193, 359, 192, 360, 1, -1, -0.7853981633974483, 1.4142135623730951
536, 9, 524, 218, 521, 219, 3, -1, -0.3217505543966422, 3.1622776601683795
536, 10, 566, 199, 564, 199, 2, 0, 0.0, 2.0
536, 15, 623, 200, 620, 201, 3, -1, -0.3217505543966422, 3.1622776601683795
536, 26, 146, 166, 145, 167, 1, -1, -0.7853981633974483, 1.4142135623730951
536, 29, 553, 201, 552, 202, 1, -1, -0.7853981633974483, 1.4142135623730951
536, 31, 133, 145, 132, 146, 1, -1, -0.7853981633974483, 1.4142135623730951
536, 32, 535, 260, 532, 262, 3, -2, -0.5880026035475675, 3.605551275463989
536, 41, 209, 229, 208, 230, 1, -1, -0.7853981633974483, 1.4142135623730951
536, 42, 171, 269, 171, 271, 0, -2, -1.5707963267948966, 2.0
536, 44, 439, 259, 437, 260, 2, -1, -0.4636476090008061, 2.23606797749979
536, 48, 568, 230, 565, 232, 3, -2, -0.5880026035475675, 3.605551275463989
536, 51, 152, 341, 151, 342, 1, -1, -0.7853981633974483, 1.4142135623730951
536, 53, 84, 282, 81, 283, 3, -1, -0.3217505543966422, 3.1622776601683795
536, 54, 178, 111, 177, 112, 1, -1, -0.7853981633974483, 1.4142135623730951
536, 55, 209, 332, 207, 335, 2, -3, -0.982793723247329, 3.605551275463989
536, 56, 244, 111, 240, 111, 4, 0, 0.0, 4.0
536, 61, 83, 125, 82, 126, 1, -1, -0.7853981633974483, 1.4142135623730951
537, 4, 65, 190, 64, 191, 1, -1, -0.7853981633974483, 1.4142135623730951
537, 6, 8, 373, 7, 374, 1, -1, -0.7853981633974483, 1.4142135623730951
537, 9, 527, 217, 524, 218, 3, -1, -0.3217505543966422, 3.1622776601683795
537, 10, 568, 199, 566, 199, 2, 0, 0.0, 2.0
537, 14, 626, 199, 623, 200, 3, -1, -0.3217505543966422, 3.1622776601683795
537, 16, 159, 271, 160, 269, -1, 2, 2.0344439357957027, 2.23606797749979
537, 30, 539, 259, 535, 260, 4, -1, -0.24497866312686414, 4.123105625617661
537, 34, 110, 117, 109, 118, 1, -1, -0.7853981633974483, 1.4142135623730951
537, 40, 170, 272, 171, 269, -1, 3, 1.892546881191539, 3.1622776601683795
537, 41, 441, 258, 439, 259, 2, -1, -0.4636476090008061, 2.23606797749979
537, 45, 570, 230, 568, 230, 2, 0, 0.0, 2.0
537, 54, 194, 357, 193, 358, 1, -1, -0.7853981633974483, 1.4142135623730951
538, 4, 66, 189, 65, 190, 1, -1, -0.7853981633974483, 1.4142135623730951
538, 9, 529, 216, 527, 217, 2, -1, -0.4636476090008061, 2.23606797749979
538, 10, 571, 196, 568, 199, 3, -3, -0.7853981633974483, 4.242640687119285
538, 11, 56, 323, 55, 324, 1, -1, -0.7853981633974483, 1.4142135623730951
538, 14, 628, 199, 626, 199, 2, 0, 0.0, 2.0
538, 18, 271, 237, 270, 236, 1, 1, 0.7853981633974483, 1.4142135623730951
538, 25, 556, 201, 554, 201, 2, 0, 0.0, 2.0
538, 27, 134, 143, 133, 144, 1, -1, -0.7853981633974483, 1.4142135623730951
538, 32, 111, 116, 110, 117, 1, -1, -0.7853981633974483, 1.4142135623730951
538, 33, 42, 323, 42, 325, 0, -2, -1.5707963267948966, 2.0
538, 35, 130, 332, 129, 333, 1, -1, -0.7853981633974483, 1.4142135623730951
538, 39, 444, 257, 441, 258, 3, -1, -0.3217505543966422, 3.1622776601683795
539, 4, 67, 188, 66, 189, 1, -1, -0.7853981633974483, 1.4142135623730951
539, 6, 10, 372, 9, 373, 1, -1, -0.7853981633974483, 1.4142135623730951
539, 9, 530, 215, 529, 216, 1, -1, -0.7853981633974483, 1.4142135623730951
539, 10, 574, 196, 571, 196, 3, 0, 0.0, 3.0
539, 27, 539, 258, 538, 259, 1, -1, -0.7853981633974483, 1.4142135623730951
539, 30, 112, 115, 111, 116, 1, -1, -0.7853981633974483, 1.4142135623730951
539, 33, 131, 331, 130, 332, 1, -1, -0.7853981633974483, 1.4142135623730951
539, 37, 447, 256, 444, 257, 3, -1, -0.3217505543966422, 3.1622776601683795
540, 9, 571, 198, 569, 198, 2, 0, 0.0, 2.0
540, 13, 475, 252, 473, 252, 2, 0, 0.0, 2.0
540, 14, 134, 142, 133, 143, 1, -1, -0.7853981633974483, 1.4142135623730951
540, 24, 49, 201, 48, 202, 1, -1, -0.7853981633974483, 1.4142135623730951
540, 37, 555, 200, 554, 201, 1, -1, -0.7853981633974483, 1.4142135623730951
540, 50, 116, 384, 115, 385, 1, -1, -0.7853981633974483, 1.4142135623730951
540, 52, 486, 247, 484, 248, 2, -1, -0.4636476090008061, 2.23606797749979
540, 53, 382, 254, 380, 254, 2, 0, 0.0, 2.0
540, 55, 35, 152, 34, 153, 1, -1, -0.7853981633974483, 1.4142135623730951
540, 56, 70, 172, 69, 173, 1, -1, -0.7853981633974483, 1.4142135623730951
541, 3, 9, 372, 8, 373, 1, -1, -0.7853981633974483, 1.4142135623730951
541, 10, 529, 217, 527, 218, 2, -1, -0.4636476090008061, 2.23606797749979
541, 12, 476, 250, 475, 252, 1, -2, -1.1071487177940904, 2.23606797749979
541, 34, 556, 199, 555, 200, 1, -1, -0.7853981633974483, 1.4142135623730951
541, 38, 85, 131, 84, 132, 1, -1, -0.7853981633974483, 1.4142135623730951
541, 46, 118, 384, 116, 384, 2, 0, 0.0, 2.0
541, 48, 489, 246, 486, 247, 3, -1, -0.3217505543966422, 3.1622776601683795
541, 51, 36, 151, 35, 152, 1, -1, -0.7853981633974483, 1.4142135623730951
541, 53, 112, 117, 111, 118, 1, -1, -0.7853981633974483, 1.4142135623730951
542, 3, 10, 371, 9, 372, 1, -1, -0.7853981633974483, 1.4142135623730951
542, 12, 477, 249, 476, 250, 1, -1, -0.7853981633974483, 1.4142135623730951
542, 28, 173, 153, 172, 154, 1, -1, -0.7853981633974483, 1.4142135623730951
542, 33, 557, 198, 556, 199, 1, -1, -0.7853981633974483, 1.4142135623730951
542, 42, 276, 232, 274, 232, 2, 0, 0.0, 2.0
542, 45, 119, 383, 118, 384, 1, -1, -0.7853981633974483, 1.4142135623730951
542, 47, 491, 245, 489, 246, 2, -1, -0.4636476090008061, 2.23606797749979
542, 52, 113, 116, 112, 117, 1, -1, -0.7853981633974483, 1.4142135623730951
543, 3, 11, 370, 10, 371, 1, -1, -0.7853981633974483, 1.4142135623730951
543, 8, 576, 198, 573, 198, 3, 0, 0.0, 3.0
543, 12, 479, 249, 477, 249, 2, 0, 0.0, 2.0
543, 32, 559, 197, 557, 198, 2, -1, -0.4636476090008061, 2.23606797749979
543, 36, 86, 129, 85, 130, 1, -1, -0.7853981633974483, 1.4142135623730951
543, 45, 492, 243, 491, 245, 1, -2, -1.1071487177940904, 2.23606797749979
543, 50, 115, 115, 113, 116, 2, -1, -0.4636476090008061, 2.23606797749979
544, 2, 12, 369, 11, 370, 1, -1, -0.7853981633974483, 1.4142135623730951
544, 7, 578, 197, 576, 198, 2, -1, -0.4636476090008061, 2.23606797749979
544, 9, 533, 217, 531, 217, 2, 0, 0.0, 2.0
544, 11, 481, 250, 479, 249, 2, 1, 0.4636476090008061, 2.23606797749979
544, 31, 562, 196, 559, 197, 3, -1, -0.3217505543966422, 3.1622776601683795
544, 42, 122, 383, 120, 383, 2, 0, 0.0, 2.0
544, 43, 493, 242, 492, 243, 1, -1, -0.7853981633974483, 1.4142135623730951
544, 47, 116, 114, 115, 115, 1, -1, -0.7853981633974483, 1.4142135623730951
545, 5, 70, 190, 69, 191, 1, -1, -0.7853981633974483, 1.4142135623730951
545, 8, 577, 198, 575, 199, 2, -1, -0.4636476090008061, 2.23606797749979
545, 9, 137, 139, 136, 140, 1, -1, -0.7853981633974483, 1.4142135623730951
545, 13, 25, 365, 23, 366, 2, -1, -0.4636476090008061, 2.23606797749979
545, 14, 177, 223, 176, 224, 1, -1, -0.7853981633974483, 1.4142135623730951
545, 21, 534, 219, 532, 219, 2, 0, 0.0, 2.0
545, 23, 72, 207, 71, 208, 1, -1, -0.7853981633974483, 1.4142135623730951
545, 29, 479, 243, 477, 244, 2, -1, -0.4636476090008061, 2.23606797749979
545, 32, 575, 238, 572, 238, 3, 0, 0.0, 3.0
545, 33, 228, 196, 227, 195, 1, 1, 0.7853981633974483, 1.4142135623730951
545, 37, 565, 196, 560, 198, 5, -2, -0.3805063771123649, 5.385164807134504
545, 38, 159, 339, 158, 340, 1, -1, -0.7853981633974483, 1.4142135623730951
545, 53, 116, 117, 115, 118, 1, -1, -0.7853981633974483, 1.4142135623730951
545, 54, 120, 384, 119, 385, 1, -1, -0.7853981633974483, 1.4142135623730951
545, 63, 311, 256, 310, 257, 1, -1, -0.7853981633974483, 1.4142135623730951
545, 68, 493, 246, 491, 246, 2, 0, 0.0, 2.0
545, 74, 67, 150, 66, 151, 1, -1, -0.7853981633974483, 1.4142135623730951
545, 80, 634, 206, 632, 207, 2, -1, -0.4636476090008061, 2.23606797749979
546, 3, 14, 372, 12, 373, 2, -1, -0.4636476090008061, 2.23606797749979
546, 8, 580, 197, 577, 198, 3, -1, -0.3217505543966422, 3.1622776601683795
546, 12, 28, 364, 25, 365, 3, -1, -0.3217505543966422, 3.1622776601683795
546, 19, 63, 209, 62, 210, 1, -1, -0.7853981633974483, 1.4142135623730951
546, 20, 537, 219, 534, 219, 3, 0, 0.0, 3.0
546, 27, 543, 268, 541, 268, 2, 0, 0.0, 2.0
546, 28, 482, 241, 479, 243, 3, -2, -0.5880026035475675, 3.605551275463989
546, 31, 577, 238, 575, 238, 2, 0, 0.0, 2.0
546, 36, 569, 195, 565, 196, 4, -1, -0.24497866312686414, 4.123105625617661
546, 43, 252, 214, 251, 213, 1, 1, 0.7853981633974483, 1.4142135623730951
546, 44, 282, 199, 284, 200, -2, -1, -2.677945044588987, 2.23606797749979
546, 51, 117, 116, 116, 117, 1, -1, -0.7853981633974483, 1.4142135623730951
546, 53, 183, 110, 182, 111, 1, -1, -0.7853981633974483, 1.4142135623730951
546, 58, 91, 355, 90, 356, 1, -1, -0.7853981633974483, 1.4142135623730951
546, 61, 312, 255, 311, 256, 1, -1, -0.7853981633974483, 1.4142135623730951
546, 66, 495, 246, 493, 246, 2, 0, 0.0, 2.0
546, 69, 26, 125, 25, 126, 1, -1, -0.7853981633974483, 1.4142135623730951
546, 74, 75, 346, 74, 347, 1, -1, -0.7853981633974483, 1.4142135623730951
546, 75, 635, 205, 634, 206, 1, -1, -0.7853981633974483, 1.4142135623730951
547, 5, 71, 189, 70, 190, 1, -1, -0.7853981633974483, 1.4142135623730951
547, 8, 582, 196, 580, 197, 2, -1, -0.4636476090008061, 2.23606797749979
547, 12, 30, 364, 28, 364, 2, 0, 0.0, 2.0
547, 20, 539, 218, 537, 219, 2, -1, -0.4636476090008061, 2.23606797749979
547, 27, 546, 269, 543, 268, 3, 1, 0.3217505543966422, 3.1622776601683795
547, 28, 486, 239, 482, 241, 4, -2, -0.4636476090008061, 4.47213595499958
547, 31, 580, 238, 577, 238, 3, 0, 0.0, 3.0
547, 36, 571, 195, 569, 195, 2, 0, 0.0, 2.0
547, 45, 39, 280, 41, 280, -2, 0, 3.141592653589793, 2.0
547, 51, 118, 115, 117, 116, 1, -1, -0.7853981633974483, 1.4142135623730951
547, 58, 92, 354, 91, 355, 1, -1, -0.7853981633974483, 1.4142135623730951
547, 66, 497, 246, 495, 246, 2, 0, 0.0, 2.0
548, 0, 282, 168, 283, 167, -1, 1, 2.356194490192345, 1.4142135623730951
548, 3, 16, 371, 15, 372, 1, -1, -0.7853981633974483, 1.4142135623730951
548, 8, 584, 195, 582, 196, 2, -1, -0.4636476090008061, 2.23606797749979
548, 19, 540, 217, 539, 218, 1, -1, -0.7853981633974483, 1.4142135623730951
548, 25, 548, 269, 546, 269, 2, 0, 0.0, 2.0
548, 26, 491, 237, 486, 239, 5, -2, -0.3805063771123649, 5.385164807134504
548, 29, 583, 238, 580, 238, 3, 0, 0.0, 3.0
548, 34, 573, 195, 571, 195, 2, 0, 0.0, 2.0
548, 50, 124, 383, 122, 384, 2, -1, -0.4636476090008061, 2.23606797749979
548, 51, 184, 109, 183, 110, 1, -1, -0.7853981633974483, 1.4142135623730951
548, 56, 93, 353, 92, 354, 1, -1, -0.7853981633974483, 1.4142135623730951
548, 59, 314, 254, 313, 255, 1, -1, -0.7853981633974483, 1.4142135623730951
548, 64, 499, 246, 497, 246, 2, 0, 0.0, 2.0
548, 65, 61, 352, 60, 353, 1, -1, -0.7853981633974483, 1.4142135623730951
548, 67, 27, 123, 26, 124, 1, -1, -0.7853981633974483, 1.4142135623730951
549, 3, 17, 369, 16, 371, 1, -2, -1.1071487177940904, 2.23606797749979
549, 8, 587, 193, 584, 195, 3, -2, -0.5880026035475675, 3.605551275463989
549, 13, 178, 221, 177, 222, 1, -1, -0.7853981633974483, 1.4142135623730951
549, 19, 542, 217, 540, 217, 2, 0, 0.0, 2.0
549, 26, 496, 237, 491, 237, 5, 0, 0.0, 5.0
549, 29, 585, 238, 583, 238, 2, 0, 0.0, 2.0
549, 34, 574, 194, 573, 195, 1, -1, -0.7853981633974483, 1.4142135623730951
549, 36, 609, 272, 609, 274, 0, -2, -1.5707963267948966, 2.0
549, 49, 119, 113, 118, 114, 1, -1, -0.7853981633974483, 1.4142135623730951
549, 50, 126, 383, 124, 383, 2, 0, 0.0, 2.0
549, 64, 502, 245, 499, 246, 3, -1, -0.3217505543966422, 3.1622776601683795
549, 67, 28, 122, 27, 123, 1, -1, -0.7853981633974483, 1.4142135623730951
550, 5, 17, 371, 16, 372, 1, -1, -0.7853981633974483, 1.4142135623730951
550, 8, 584, 197, 582, 198, 2, -1, -0.4636476090008061, 2.23606797749979
550, 15, 540, 218, 538, 219, 2, -1, -0.4636476090008061, 2.23606797749979
550, 30, 174, 224, 173, 225, 1, -1, -0.7853981633974483, 1.4142135623730951
550, 32, 570, 200, 568, 201, 2, -1, -0.4636476090008061, 2.23606797749979
550, 33, 93, 355, 92, 356, 1, -1, -0.7853981633974483, 1.4142135623730951
551, 5, 18, 370, 17, 371, 1, -1, -0.7853981633974483, 1.4142135623730951
551, 8, 586, 196, 584, 197, 2, -1, -0.4636476090008061, 2.23606797749979
551, 15, 543, 217, 540, 218, 3, -1, -0.3217505543966422, 3.1622776601683795
551, 30, 572, 200, 570, 200, 2, 0, 0.0, 2.0
551, 31, 94, 354, 93, 355, 1, -1, -0.7853981633974483, 1.4142135623730951
551, 45, 443, 220, 441, 220, 2, 0, 0.0, 2.0
552, 7, 588, 195, 586, 196, 2, -1, -0.4636476090008061, 2.23606797749979
552, 10, 86, 173, 86, 175, 0, -2, -1.5707963267948966, 2.0
552, 13, 546, 217, 543, 217, 3, 0, 0.0, 3.0
552, 15, 206, 228, 205, 229, 1, -1, -0.7853981633974483, 1.4142135623730951
552, 28, 573, 199, 572, 200, 1, -1, -0.7853981633974483, 1.4142135623730951
552, 43, 444, 219, 443, 220, 1, -1, -0.7853981633974483, 1.4142135623730951
553, 5, 137, 142, 136, 143, 1, -1, -0.7853981633974483, 1.4142135623730951
553, 6, 590, 195, 588, 195, 2, 0, 0.0, 2.0
553, 9, 87, 174, 86, 173, 1, 1, 0.7853981633974483, 1.4142135623730951
553, 12, 548, 217, 546, 217, 2, 0, 0.0, 2.0
553, 27, 575, 198, 573, 199, 2, -1, -0.4636476090008061, 2.23606797749979
553, 28, 95, 353, 94, 354, 1, -1, -0.7853981633974483, 1.4142135623730951
553, 29, 282, 235, 280, 235, 2, 0, 0.0, 2.0
553, 42, 446, 219, 444, 219, 2, 0, 0.0, 2.0
554, 6, 593, 194, 590, 195, 3, -1, -0.3217505543966422, 3.1622776601683795
554, 12, 551, 216, 548, 217, 3, -1, -0.3217505543966422, 3.1622776601683795
554, 27, 576, 197, 575, 198, 1, -1, -0.7853981633974483, 1.4142135623730951
554, 29, 282, 233, 282, 235, 0, -2, -1.5707963267948966, 2.0
555, 11, 493, 251, 490, 251, 3, 0, 0.0, 3.0
555, 20, 96, 355, 95, 356, 1, -1, -0.7853981633974483, 1.4142135623730951
555, 24, 576, 201, 573, 201, 3, 0, 0.0, 3.0
555, 27, 142, 337, 141, 338, 1, -1, -0.7853981633974483, 1.4142135623730951
555, 28, 547, 218, 545, 219, 2, -1, -0.4636476090008061, 2.23606797749979
555, 32, 586, 234, 584, 234, 2, 0, 0.0, 2.0
555, 36, 553, 264, 552, 265, 1, -1, -0.7853981633974483, 1.4142135623730951
555, 41, 46, 328, 45, 329, 1, -1, -0.7853981633974483, 1.4142135623730951
555, 47, 429, 251, 425, 251, 4, 0, 0.0, 4.0
555, 63, 32, 129, 31, 130, 1, -1, -0.7853981633974483, 1.4142135623730951
555, 64, 505, 246, 503, 248, 2, -2, -0.7853981633974483, 2.8284271247461903
556, 8, 591, 197, 589, 197, 2, 0, 0.0, 2.0
556, 11, 495, 250, 493, 251, 2, -1, -0.4636476090008061, 2.23606797749979
556, 20, 97, 354, 96, 355, 1, -1, -0.7853981633974483, 1.4142135623730951
556, 24, 578, 200, 576, 201, 2, -1, -0.4636476090008061, 2.23606797749979
556, 28, 549, 217, 547, 218, 2, -1, -0.4636476090008061, 2.23606797749979
556, 32, 588, 233, 586, 234, 2, -1, -0.4636476090008061, 2.23606797749979
556, 36, 555, 261, 553, 264, 2, -3, -0.982793723247329, 3.605551275463989
556, 47, 430, 252, 429, 251, 1, 1, 0.7853981633974483, 1.4142135623730951
556, 62, 33, 128, 32, 129, 1, -1, -0.7853981633974483, 1.4142135623730951
556, 63, 508, 245, 505, 246, 3, -1, -0.3217505543966422, 3.1622776601683795
557, 8, 594, 197, 591, 197, 3, 0, 0.0, 3.0
557, 11, 497, 249, 495, 250, 2, -1, -0.4636476090008061, 2.23606797749979
557, 16, 282, 218, 281, 219, 1, -1, -0.7853981633974483, 1.4142135623730951
557, 19, 98, 353, 97, 354, 1, -1, -0.7853981633974483, 1.4142135623730951
557, 23, 580, 199, 578, 200, 2, -1, -0.4636476090008061, 2.23606797749979
557, 26, 143, 336, 142, 337, 1, -1, -0.7853981633974483, 1.4142135623730951
557, 27, 551, 216, 549, 217, 2, -1, -0.4636476090008061, 2.23606797749979
557, 31, 591, 232, 588, 233, 3, -1, -0.3217505543966422, 3.1622776601683795
557, 35, 558, 259, 555, 261, 3, -2, -0.5880026035475675, 3.605551275463989
557, 57, 510, 244, 508, 245, 2, -1, -0.4636476090008061, 2.23606797749979
558, 8, 596, 196, 594, 197, 2, -1, -0.4636476090008061, 2.23606797749979
558, 11, 499, 248, 497, 249, 2, -1, -0.4636476090008061, 2.23606797749979
558, 23, 581, 198, 580, 199, 1, -1, -0.7853981633974483, 1.4142135623730951
558, 27, 553, 215, 551, 216, 2, -1, -0.4636476090008061, 2.23606797749979
558, 31, 593, 231, 591, 232, 2, -1, -0.4636476090008061, 2.23606797749979
558, 35, 563, 259, 558, 259, 5, 0, 0.0, 5.0
558, 51, 86, 285, 85, 286, 1, -1, -0.7853981633974483, 1.4142135623730951
558, 56, 34, 126, 33, 127, 1, -1, -0.7853981633974483, 1.4142135623730951
558, 57, 512, 243, 510, 244, 2, -1, -0.4636476090008061, 2.23606797749979
559, 8, 598, 196, 596, 196, 2, 0, 0.0, 2.0
559, 10, 141, 140, 140, 139, 1, 1, 0.7853981633974483, 1.4142135623730951
559, 11, 501, 247, 499, 248, 2, -1, -0.4636476090008061, 2.23606797749979
559, 13, 207, 225, 207, 227, 0, -2, -1.5707963267948966, 2.0
559, 15, 150, 160, 148, 159, 2, 1, 0.4636476090008061, 2.23606797749979
559, 16, 282, 214, 282, 217, 0, -3, -1.5707963267948966, 3.0
559, 18, 55, 197, 54, 198, 1, -1, -0.7853981633974483, 1.4142135623730951
559, 22, 165, 337, 164, 339, 1, -2, -1.1071487177940904, 2.23606797749979
559, 23, 582, 197, 581, 198, 1, -1, -0.7853981633974483, 1.4142135623730951
559, 24, 179, 157, 178, 158, 1, -1, -0.7853981633974483, 1.4142135623730951
559, 25, 138, 156, 138, 158, 0, -2, -1.5707963267948966, 2.0
559, 31, 595, 231, 593, 231, 2, 0, 0.0, 2.0
559, 34, 217, 227, 216, 226, 1, 1, 0.7853981633974483, 1.4142135623730951
559, 35, 567, 259, 563, 259, 4, 0, 0.0, 4.0
559, 39, 138, 249, 137, 250, 1, -1, -0.7853981633974483, 1.4142135623730951
559, 43, 432, 252, 429, 253, 3, -1, -0.3217505543966422, 3.1622776601683795
559, 47, 14, 349, 13, 350, 1, -1, -0.7853981633974483, 1.4142135623730951
559, 56, 514, 242, 512, 243, 2, -1, -0.4636476090008061, 2.23606797749979
559, 58, 4, 344, 5, 340, -1, 4, 1.8157749899217608, 4.123105625617661
559, 59, 226, 120, 225, 121, 1, -1, -0.7853981633974483, 1.4142135623730951
560, 4, 597, 197, 594, 197, 3, 0, 0.0, 3.0
560, 11, 552, 217, 550, 217, 2, 0, 0.0, 2.0
560, 14, 581, 196, 580, 197, 1, -1, -0.7853981633974483, 1.4142135623730951
560, 29, 126, 115, 125, 116, 1, -1, -0.7853981633974483, 1.4142135623730951
560, 37, 100, 356, 99, 357, 1, -1, -0.7853981633974483, 1.4142135623730951
561, 4, 599, 197, 597, 197, 2, 0, 0.0, 2.0
561, 8, 34, 366, 33, 367, 1, -1, -0.7853981633974483, 1.4142135623730951
561, 11, 555, 217, 552, 217, 3, 0, 0.0, 3.0
561, 29, 127, 114, 126, 115, 1, -1, -0.7853981633974483, 1.4142135623730951
561, 37, 101, 355, 100, 356, 1, -1, -0.7853981633974483, 1.4142135623730951
562, 4, 601, 197, 599, 197, 2, 0, 0.0, 2.0
562, 6, 23, 371, 22, 372, 1, -1, -0.7853981633974483, 1.4142135623730951
562, 8, 35, 365, 34, 366, 1, -1, -0.7853981633974483, 1.4142135623730951
562, 11, 557, 217, 555, 217, 2, 0, 0.0, 2.0
562, 14, 583, 195, 582, 196, 1, -1, -0.7853981633974483, 1.4142135623730951
562, 16, 209, 230, 209, 228, 0, 2, 1.5707963267948966, 2.0
562, 39, 589, 232, 587, 233, 2, -1, -0.4636476090008061, 2.23606797749979
562, 43, 216, 234, 217, 232, -1, 2, 2.0344439357957027, 2.23606797749979
563, 4, 602, 196, 601, 197, 1, -1, -0.7853981633974483, 1.4142135623730951
563, 5, 79, 191, 78, 192, 1, -1, -0.7853981633974483, 1.4142135623730951
563, 11, 559, 217, 557, 217, 2, 0, 0.0, 2.0
563, 14, 585, 194, 583, 195, 2, -1, -0.4636476090008061, 2.23606797749979
563, 19, 67, 205, 66, 206, 1, -1, -0.7853981633974483, 1.4142135623730951
564, 3, 604, 194, 602, 196, 2, -2, -0.7853981633974483, 2.8284271247461903
564, 10, 561, 216, 559, 217, 2, -1, -0.4636476090008061, 2.23606797749979
564, 13, 587, 193, 585, 194, 2, -1, -0.4636476090008061, 2.23606797749979
564, 26, 129, 113, 128, 114, 1, -1, -0.7853981633974483, 1.4142135623730951
564, 28, 145, 143, 144, 144, 1, -1, -0.7853981633974483, 1.4142135623730951
564, 37, 168, 334, 166, 335, 2, -1, -0.4636476090008061, 2.23606797749979
565, 0, 281, 172, 284, 173, -3, -1, -2.819842099193151, 3.1622776601683795
565, 3, 602, 196, 600, 197, 2, -1, -0.4636476090008061, 2.23606797749979
565, 5, 24, 370, 24, 373, 0, -3, -1.5707963267948966, 3.0
565, 14, 507, 239, 504, 240, 3, -1, -0.3217505543966422, 3.1622776601683795
565, 16, 559, 219, 557, 219, 2, 0, 0.0, 2.0
565, 19, 68, 206, 67, 210, 1, -4, -1.3258176636680326, 4.123105625617661
565, 25, 588, 196, 586, 197, 2, -1, -0.4636476090008061, 2.23606797749979
565, 29, 146, 144, 145, 145, 1, -1, -0.7853981633974483, 1.4142135623730951
565, 33, 226, 202, 224, 202, 2, 0, 0.0, 2.0
565, 34, 179, 223, 178, 226, 1, -3, -1.2490457723982544, 3.1622776601683795
566, 2, 604, 195, 602, 196, 2, -1, -0.4636476090008061, 2.23606797749979
566, 13, 510, 238, 507, 239, 3, -1, -0.3217505543966422, 3.1622776601683795
566, 15, 561, 218, 559, 219, 2, -1, -0.4636476090008061, 2.23606797749979
566, 20, 567, 269, 564, 269, 3, 0, 0.0, 3.0
566, 23, 592, 195, 588, 196, 4, -1, -0.24497866312686414, 4.123105625617661
566, 24, 281, 216, 280, 217, 1, -1, -0.7853981633974483, 1.4142135623730951
566, 32, 599, 238, 596, 238, 3, 0, 0.0, 3.0
567, 2, 606, 194, 604, 195, 2, -1, -0.4636476090008061, 2.23606797749979
567, 5, 76, 190, 75, 191, 1, -1, -0.7853981633974483, 1.4142135623730951
567, 15, 563, 217, 561, 218, 2, -1, -0.4636476090008061, 2.23606797749979
567, 20, 569, 270, 567, 269, 2, 1, 0.4636476090008061, 2.23606797749979
567, 22, 595, 195, 592, 195, 3, 0, 0.0, 3.0
567, 30, 602, 238, 599, 238, 3, 0, 0.0, 3.0
568, 2, 609, 193, 606, 194, 3, -1, -0.3217505543966422, 3.1622776601683795
568, 5, 77, 189, 76, 190, 1, -1, -0.7853981633974483, 1.4142135623730951
568, 15, 565, 216, 563, 217, 2, -1, -0.4636476090008061, 2.23606797749979
568, 19, 572, 270, 569, 270, 3, 0, 0.0, 3.0
568, 21, 597, 195, 595, 195, 2, 0, 0.0, 2.0
568, 26, 31, 343, 33, 343, -2, 0, 3.141592653589793, 2.0
568, 29, 604, 238, 602, 238, 2, 0, 0.0, 2.0
569, 1, 218, 247, 219, 246, -1, 1, 2.356194490192345, 1.4142135623730951
569, 2, 611, 192, 609, 193, 2, -1, -0.4636476090008061, 2.23606797749979
569, 5, 78, 188, 77, 189, 1, -1, -0.7853981633974483, 1.4142135623730951
569, 15, 568, 215, 565, 216, 3, -1, -0.3217505543966422, 3.1622776601683795
569, 20, 598, 194, 597, 195, 1, -1, -0.7853981633974483, 1.4142135623730951
569, 23, 27, 235, 26, 236, 1, -1, -0.7853981633974483, 1.4142135623730951
569, 28, 607, 239, 604, 238, 3, 1, 0.3217505543966422, 3.1622776601683795
570, 3, 610, 195, 607, 196, 3, -1, -0.3217505543966422, 3.1622776601683795
570, 15, 509, 248, 507, 249, 2, -1, -0.4636476090008061, 2.23606797749979
570, 16, 208, 228, 209, 230, -1, -2, -2.0344439357957027, 2.23606797749979
570, 18, 566, 217, 563, 218, 3, -1, -0.3217505543966422, 3.1622776601683795
570, 35, 79, 148, 78, 149, 1, -1, -0.7853981633974483, 1.4142135623730951
570, 36, 593, 198, 592, 199, 1, -1, -0.7853981633974483, 1.4142135623730951
570, 51, 132, 115, 131, 116, 1, -1, -0.7853981633974483, 1.4142135623730951
571, 3, 612, 194, 610, 195, 2, -1, -0.4636476090008061, 2.23606797749979
571, 15, 512, 249, 509, 248, 3, 1, 0.3217505543966422, 3.1622776601683795
571, 18, 568, 216, 566, 217, 2, -1, -0.4636476090008061, 2.23606797749979
571, 34, 100, 126, 99, 127, 1, -1, -0.7853981633974483, 1.4142135623730951
571, 36, 595, 198, 593, 198, 2, 0, 0.0, 2.0
571, 37, 149, 334, 148, 335, 1, -1, -0.7853981633974483, 1.4142135623730951
571, 40, 105, 354, 104, 355, 1, -1, -0.7853981633974483, 1.4142135623730951
571, 41, 43, 123, 42, 124, 1, -1, -0.7853981633974483, 1.4142135623730951
571, 50, 133, 114, 132, 115, 1, -1, -0.7853981633974483, 1.4142135623730951
572, 3, 614, 193, 612, 194, 2, -1, -0.4636476090008061, 2.23606797749979
572, 15, 515, 249, 512, 249, 3, 0, 0.0, 3.0
572, 17, 570, 215, 568, 216, 2, -1, -0.4636476090008061, 2.23606797749979
572, 32, 101, 125, 100, 126, 1, -1, -0.7853981633974483, 1.4142135623730951
572, 34, 596, 197, 595, 198, 1, -1, -0.7853981633974483, 1.4142135623730951
572, 48, 134, 113, 133, 114, 1, -1, -0.7853981633974483, 1.4142135623730951
573, 3, 615, 192, 614, 193, 1, -1, -0.7853981633974483, 1.4142135623730951
573, 10, 146, 139, 145, 140, 1, -1, -0.7853981633974483, 1.4142135623730951
573, 15, 518, 249, 515, 249, 3, 0, 0.0, 3.0
573, 17, 571, 214, 570, 215, 1, -1, -0.7853981633974483, 1.4142135623730951
573, 33, 598, 197, 596, 197, 2, 0, 0.0, 2.0
573, 34, 149, 333, 148, 334, 1, -1, -0.7853981633974483, 1.4142135623730951
573, 38, 44, 122, 43, 123, 1, -1, -0.7853981633974483, 1.4142135623730951
573, 39, 29, 328, 29, 330, 0, -2, -1.5707963267948966, 2.0
573, 46, 135, 112, 134, 113, 1, -1, -0.7853981633974483, 1.4142135623730951
574, 3, 617, 192, 615, 192, 2, 0, 0.0, 2.0
574, 12, 29, 370, 28, 371, 1, -1, -0.7853981633974483, 1.4142135623730951
574, 15, 520, 248, 518, 249, 2, -1, -0.4636476090008061, 2.23606797749979
574, 16, 572, 213, 571, 214, 1, -1, -0.7853981633974483, 1.4142135623730951
574, 25, 234, 143, 233, 144, 1, -1, -0.7853981633974483, 1.4142135623730951
574, 29, 102, 123, 101, 124, 1, -1, -0.7853981633974483, 1.4142135623730951
574, 31, 600, 197, 598, 197, 2, 0, 0.0, 2.0
574, 32, 150, 332, 149, 333, 1, -1, -0.7853981633974483, 1.4142135623730951
574, 35, 106, 351, 105, 352, 1, -1, -0.7853981633974483, 1.4142135623730951
574, 36, 45, 121, 44, 122, 1, -1, -0.7853981633974483, 1.4142135623730951
574, 43, 136, 111, 135, 112, 1, -1, -0.7853981633974483, 1.4142135623730951
574, 45, 102, 327, 104, 326, -2, 1, 2.677945044588987, 2.23606797749979
575, 8, 616, 196, 614, 196, 2, 0, 0.0, 2.0
575, 15, 571, 217, 569, 218, 2, -1, -0.4636476090008061, 2.23606797749979
575, 17, 608, 233, 607, 234, 1, -1, -0.7853981633974483, 1.4142135623730951
575, 22, 600, 198, 598, 199, 2, -1, -0.4636476090008061, 2.23606797749979
575, 28, 173, 335, 171, 338, 2, -3, -0.982793723247329, 3.605551275463989
575, 34, 145, 251, 142, 252, 3, -1, -0.3217505543966422, 3.1622776601683795
575, 38, 284, 196, 285, 198, -1, -2, -2.0344439357957027, 2.23606797749979
575, 41, 108, 355, 107, 356, 1, -1, -0.7853981633974483, 1.4142135623730951
575, 42, 151, 378, 149, 379, 2, -1, -0.4636476090008061, 2.23606797749979
575, 44, 107, 127, 103, 127, 4, 0, 0.0, 4.0
575, 49, 60, 131, 59, 132, 1, -1, -0.7853981633974483, 1.4142135623730951
575, 52, 25, 351, 21, 352, 4, -1, -0.24497866312686414, 4.123105625617661
576, 7, 618, 197, 616, 196, 2, 1, 0.4636476090008061, 2.23606797749979
576, 21, 602, 197, 600, 198, 2, -1, -0.4636476090008061, 2.23606797749979
576, 25, 578, 264, 576, 264, 2, 0, 0.0, 2.0
576, 39, 152, 377, 151, 378, 1, -1, -0.7853981633974483, 1.4142135623730951
576, 46, 61, 130, 60, 131, 1, -1, -0.7853981633974483, 1.4142135623730951
577, 2, 8, 342, 7, 343, 1, -1, -0.7853981633974483, 1.4142135623730951
577, 5, 620, 197, 618, 197, 2, 0, 0.0, 2.0
577, 12, 575, 217, 572, 217, 3, 0, 0.0, 3.0
577, 14, 611, 231, 609, 233, 2, -2, -0.7853981633974483, 2.8284271247461903
577, 15, 69, 205, 69, 207, 0, -2, -1.5707963267948966, 2.0
577, 19, 604, 196, 602, 197, 2, -1, -0.4636476090008061, 2.23606797749979
577, 22, 580, 263, 578, 264, 2, -1, -0.4636476090008061, 2.23606797749979
577, 33, 109, 354, 108, 355, 1, -1, -0.7853981633974483, 1.4142135623730951
577, 34, 153, 376, 152, 377, 1, -1, -0.7853981633974483, 1.4142135623730951
577, 36, 108, 125, 107, 126, 1, -1, -0.7853981633974483, 1.4142135623730951
578, 5, 623, 196, 620, 197, 3, -1, -0.3217505543966422, 3.1622776601683795
578, 9, 288, 216, 287, 217, 1, -1, -0.7853981633974483, 1.4142135623730951
578, 11, 577, 217, 575, 217, 2, 0, 0.0, 2.0
578, 13, 613, 231, 611, 231, 2, 0, 0.0, 2.0
578, 18, 605, 195, 604, 196, 1, -1, -0.7853981633974483, 1.4142135623730951
578, 21, 583, 262, 580, 263, 3, -1, -0.3217505543966422, 3.1622776601683795
578, 32, 155, 375, 153, 376, 2, -1, -0.4636476090008061, 2.23606797749979
578, 34, 109, 124, 108, 125, 1, -1, -0.7853981633974483, 1.4142135623730951
579, 4, 30, 370, 29, 371, 1, -1, -0.7853981633974483, 1.4142135623730951
579, 5, 627, 194, 623, 196, 4, -2, -0.4636476090008061, 4.47213595499958
579, 11, 580, 217, 577, 217, 3, 0, 0.0, 3.0
579, 13, 615, 231, 613, 231, 2, 0, 0.0, 2.0
579, 17, 607, 195, 605, 195, 2, 0, 0.0, 2.0
579, 20, 587, 260, 583, 262, 4, -2, -0.4636476090008061, 4.47213595499958
579, 37, 139, 134, 138, 135, 1, -1, -0.7853981633974483, 1.4142135623730951
580, 6, 623, 195, 621, 195, 2, 0, 0.0, 2.0
580, 11, 10, 344, 9, 345, 1, -1, -0.7853981633974483, 1.4142135623730951
580, 18, 39, 364, 38, 365, 1, -1, -0.7853981633974483, 1.4142135623730951
580, 25, 526, 238, 522, 240, 4, -2, -0.4636476090008061, 4.47213595499958
580, 34, 578, 218, 576, 218, 2, 0, 0.0, 2.0
581, 2, 32, 369, 31, 371, 1, -2, -1.1071487177940904, 2.23606797749979
581, 3, 625, 195, 623, 195, 2, 0, 0.0, 2.0
581, 10, 295, 214, 294, 215, 1, -1, -0.7853981633974483, 1.4142135623730951
581, 11, 289, 217, 288, 218, 1, -1, -0.7853981633974483, 1.4142135623730951
581, 20, 530, 237, 526, 238, 4, -1, -0.24497866312686414, 4.123105625617661
581, 28, 580, 218, 578, 218, 2, 0, 0.0, 2.0
581, 31, 111, 122, 110, 123, 1, -1, -0.7853981633974483, 1.4142135623730951
581, 38, 588, 263, 586, 263, 2, 0, 0.0, 2.0
582, 3, 627, 195, 625, 195, 2, 0, 0.0, 2.0
582, 9, 151, 141, 150, 142, 1, -1, -0.7853981633974483, 1.4142135623730951
582, 10, 296, 213, 295, 214, 1, -1, -0.7853981633974483, 1.4142135623730951
582, 11, 290, 216, 289, 217, 1, -1, -0.7853981633974483, 1.4142135623730951
582, 12, 608, 197, 607, 198, 1, -1, -0.7853981633974483, 1.4142135623730951
582, 20, 532, 237, 530, 237, 2, 0, 0.0, 2.0
582, 28, 581, 217, 580, 218, 1, -1, -0.7853981633974483, 1.4142135623730951
582, 30, 112, 121, 111, 122, 1, -1, -0.7853981633974483, 1.4142135623730951
582, 36, 590, 262, 588, 263, 2, -1, -0.4636476090008061, 2.23606797749979
583, 2, 33, 368, 32, 369, 1, -1, -0.7853981633974483, 1.4142135623730951
583, 3, 629, 195, 627, 195, 2, 0, 0.0, 2.0
583, 11, 291, 215, 290, 216, 1, -1, -0.7853981633974483, 1.4142135623730951
583, 12, 609, 196, 608, 197, 1, -1, -0.7853981633974483, 1.4142135623730951
583, 20, 237, 312, 236, 313, 1, -1, -0.7853981633974483, 1.4142135623730951
583, 29, 113, 120, 112, 121, 1, -1, -0.7853981633974483, 1.4142135623730951
583, 35, 591, 261, 590, 262, 1, -1, -0.7853981633974483, 1.4142135623730951
583, 39, 170, 134, 169, 135, 1, -1, -0.7853981633974483, 1.4142135623730951
583, 43, 54, 149, 53, 150, 1, -1, -0.7853981633974483, 1.4142135623730951
584, 3, 631, 194, 629, 195, 2, -1, -0.4636476090008061, 2.23606797749979
584, 12, 611, 195, 609, 196, 2, -1, -0.4636476090008061, 2.23606797749979
584, 26, 262, 221, 261, 222, 1, -1, -0.7853981633974483, 1.4142135623730951
584, 27, 584, 217, 582, 217, 2, 0, 0.0, 2.0
584, 29, 30, 351, 29, 352, 1, -1, -0.7853981633974483, 1.4142135623730951
584, 34, 592, 260, 591, 261, 1, -1, -0.7853981633974483, 1.4142135623730951
585, 3, 629, 196, 627, 196, 2, 0, 0.0, 2.0
585, 4, 210, 185, 209, 184, 1, 1, 0.7853981633974483, 1.4142135623730951
585, 14, 583, 217, 581, 218, 2, -1, -0.4636476090008061, 2.23606797749979
585, 19, 110, 172, 110, 174, 0, -2, -1.5707963267948966, 2.0
585, 22, 612, 195, 610, 197, 2, -2, -0.7853981633974483, 2.8284271247461903
585, 26, 26, 262, 26, 264, 0, -2, -1.5707963267948966, 2.0
585, 33, 174, 334, 176, 335, -2, -1, -2.677945044588987, 2.23606797749979
585, 43, 163, 237, 162, 238, 1, -1, -0.7853981633974483, 1.4142135623730951
585, 49, 192, 161, 191, 162, 1, -1, -0.7853981633974483, 1.4142135623730951
585, 52, 294, 241, 293, 242, 1, -1, -0.7853981633974483, 1.4142135623730951
585, 57, 326, 226, 325, 227, 1, -1, -0.7853981633974483, 1.4142135623730951
585, 63, 495, 260, 493, 262, 2, -2, -0.7853981633974483, 2.8284271247461903
585, 64, 28, 352, 27, 353, 1, -1, -0.7853981633974483, 1.4142135623730951
585, 66, 143, 111, 142, 112, 1, -1, -0.7853981633974483, 1.4142135623730951
586, 2, 632, 195, 629, 196, 3, -1, -0.3217505543966422, 3.1622776601683795
586, 9, 530, 248, 527, 248, 3, 0, 0.0, 3.0
586, 13, 585, 216, 583, 217, 2, -1, -0.4636476090008061, 2.23606797749979
586, 20, 615, 194, 612, 195, 3, -1, -0.3217505543966422, 3.1622776601683795
586, 44, 43, 278, 43, 281, 0, -3, -1.5707963267948966, 3.0
586, 57, 167, 334, 169, 334, -2, 0, 3.141592653589793, 2.0
586, 58, 113, 115, 112, 116, 1, -1, -0.7853981633974483, 1.4142135623730951
586, 59, 201, 111, 200, 112, 1, -1, -0.7853981633974483, 1.4142135623730951
586, 60, 498, 260, 495, 260, 3, 0, 0.0, 3.0
587, 0, 71, 291, 70, 292, 1, -1, -0.7853981633974483, 1.4142135623730951
587, 1, 634, 194, 632, 195, 2, -1, -0.4636476090008061, 2.23606797749979
587, 2, 211, 186, 210, 185, 1, 1, 0.7853981633974483, 1.4142135623730951
587, 7, 622, 237, 619, 237, 3, 0, 0.0, 3.0
587, 8, 533, 248, 530, 248, 3, 0, 0.0, 3.0
587, 11, 587, 215, 585, 216, 2, -1, -0.4636476090008061, 2.23606797749979
587, 17, 619, 193, 615, 194, 4, -1, -0.24497866312686414, 4.123105625617661
587, 24, 591, 270, 589, 270, 2, 0, 0.0, 2.0
587, 46, 329, 226, 327, 226, 2, 0, 0.0, 2.0
587, 48, 157, 167, 159, 168, -2, -1, -2.677945044588987, 2.23606797749979
587, 52, 500, 259, 498, 260, 2, -1, -0.4636476090008061, 2.23606797749979
587, 53, 29, 350, 28, 351, 1, -1, -0.7853981633974483, 1.4142135623730951
588, 1, 635, 193, 634, 194, 1, -1, -0.7853981633974483, 1.4142135623730951
588, 3, 33, 367, 32, 369, 1, -2, -1.1071487177940904, 2.23606797749979
588, 7, 624, 237, 622, 237, 2, 0, 0.0, 2.0
588, 8, 536, 248, 533, 248, 3, 0, 0.0, 3.0
588, 10, 589, 214, 587, 215, 2, -1, -0.4636476090008061, 2.23606797749979
588, 16, 623, 192, 619, 193, 4, -1, -0.24497866312686414, 4.123105625617661
588, 23, 593, 271, 591, 270, 2, 1, 0.4636476090008061, 2.23606797749979
588, 26, 155, 137, 154, 136, 1, 1, 0.7853981633974483, 1.4142135623730951
588, 43, 330, 225, 329, 226, 1, -1, -0.7853981633974483, 1.4142135623730951
588, 48, 502, 258, 500, 259, 2, -1, -0.4636476090008061, 2.23606797749979
588, 51, 145, 110, 144, 111, 1, -1, -0.7853981633974483, 1.4142135623730951
589, 0, 72, 290, 71, 291, 1, -1, -0.7853981633974483, 1.4142135623730951
589, 7, 539, 247, 536, 248, 3, -1, -0.3217505543966422, 3.1622776601683795
589, 9, 591, 213, 589, 214, 2, -1, -0.4636476090008061, 2.23606797749979
589, 14, 625, 192, 623, 192, 2, 0, 0.0, 2.0
589, 20, 596, 271, 593, 271, 3, 0, 0.0, 3.0
589, 28, 132, 166, 131, 165, 1, 1, 0.7853981633974483, 1.4142135623730951
589, 39, 331, 224, 330, 225, 1, -1, -0.7853981633974483, 1.4142135623730951
589, 43, 504, 257, 502, 258, 2, -1, -0.4636476090008061, 2.23606797749979
589, 46, 146, 109, 145, 110, 1, -1, -0.7853981633974483, 1.4142135623730951
590, 7, 635, 194, 634, 195, 1, -1, -0.7853981633974483, 1.4142135623730951
590, 18, 589, 216, 588, 217, 1, -1, -0.7853981633974483, 1.4142135623730951
590, 22, 56, 337, 55, 338, 1, -1, -0.7853981633974483, 1.4142135623730951
590, 26, 629, 239, 626, 240, 3, -1, -0.3217505543966422, 3.1622776601683795
590, 29, 146, 134, 145, 135, 1, -1, -0.7853981633974483, 1.4142135623730951
590, 34, 440, 259, 437, 258, 3, 1, 0.3217505543966422, 3.1622776601683795
590, 35, 468, 253, 466, 252, 2, 1, 0.4636476090008061, 2.23606797749979
590, 39, 114, 354, 113, 355, 1, -1, -0.7853981633974483, 1.4142135623730951
590, 45, 501, 261, 500, 262, 1, -1, -0.7853981633974483, 1.4142135623730951
590, 47, 147, 112, 146, 113, 1, -1, -0.7853981633974483, 1.4142135623730951
590, 51, 332, 228, 331, 229, 1, -1, -0.7853981633974483, 1.4142135623730951
590, 52, 11, 361, 9, 362, 2, -1, -0.4636476090008061, 2.23606797749979
590, 53, 299, 243, 298, 244, 1, -1, -0.7853981633974483, 1.4142135623730951
590, 55, 598, 270, 595, 271, 3, -1, -0.3217505543966422, 3.1622776601683795
590, 59, 16, 345, 15, 346, 1, -1, -0.7853981633974483, 1.4142135623730951
590, 60, 257, 313, 258, 315, -1, -2, -2.0344439357957027, 2.23606797749979
590, 61, 354, 250, 352, 250, 2, 0, 0.0, 2.0
590, 65, 8, 163, 7, 164, 1, -1, -0.7853981633974483, 1.4142135623730951
590, 82, 538, 245, 536, 246, 2, -1, -0.4636476090008061, 2.23606797749979
591, 0, 284, 170, 283, 171, 1, -1, -0.7853981633974483, 1.4142135623730951
591, 16, 157, 141, 156, 142, 1, -1, -0.7853981633974483, 1.4142135623730951
591, 17, 590, 215, 589, 216, 1, -1, -0.7853981633974483, 1.4142135623730951
591, 25, 632, 239, 629, 239, 3, 0, 0.0, 3.0
591, 31, 118, 124, 117, 125, 1, -1, -0.7853981633974483, 1.4142135623730951
591, 43, 503, 260, 501, 261, 2, -1, -0.4636476090008061, 2.23606797749979
591, 49, 334, 228, 332, 228, 2, 0, 0.0, 2.0
591, 50, 14, 360, 11, 361, 3, -1, -0.3217505543966422, 3.1622776601683795
591, 53, 600, 270, 598, 270, 2, 0, 0.0, 2.0
591, 57, 17, 344, 16, 345, 1, -1, -0.7853981633974483, 1.4142135623730951
591, 58, 356, 250, 354, 250, 2, 0, 0.0, 2.0
591, 69, 242, 280, 241, 283, 1, -3, -1.2490457723982544, 3.1622776601683795
591, 72, 406, 220, 404, 220, 2, 0, 0.0, 2.0
591, 75, 53, 123, 52, 124, 1, -1, -0.7853981633974483, 1.4142135623730951
591, 78, 540, 244, 538, 245, 2, -1, -0.4636476090008061, 2.23606797749979
592, 5, 621, 197, 619, 197, 2, 0, 0.0, 2.0
592, 15, 158, 140, 157, 141, 1, -1, -0.7853981633974483, 1.4142135623730951
592, 16, 592, 214, 590, 215, 2, -1, -0.4636476090008061, 2.23606797749979
592, 32, 470, 252, 468, 253, 2, -1, -0.4636476090008061, 2.23606797749979
592, 35, 30, 261, 30, 263, 0, -2, -1.5707963267948966, 2.0
592, 39, 59, 150, 58, 151, 1, -1, -0.7853981633974483, 1.4142135623730951
592, 41, 505, 261, 503, 260, 2, 1, 0.4636476090008061, 2.23606797749979
592, 49, 301, 242, 300, 243, 1, -1, -0.7853981633974483, 1.4142135623730951
592, 51, 602, 269, 600, 270, 2, -1, -0.4636476090008061, 2.23606797749979
592, 56, 358, 250, 356, 250, 2, 0, 0.0, 2.0
592, 59, 9, 162, 8, 163, 1, -1, -0.7853981633974483, 1.4142135623730951
592, 69, 408, 220, 406, 220, 2, 0, 0.0, 2.0
592, 75, 542, 243, 540, 244, 2, -1, -0.4636476090008061, 2.23606797749979
593, 14, 159, 139, 158, 140, 1, -1, -0.7853981633974483, 1.4142135623730951
593, 21, 237, 308, 238, 311, -1, -3, -1.892546881191539, 3.1622776601683795
593, 22, 635, 239, 633, 239, 2, 0, 0.0, 2.0
593, 25, 80, 184, 82, 184, -2, 0, 3.141592653589793, 2.0
593, 28, 119, 122, 118, 123, 1, -1, -0.7853981633974483, 1.4142135623730951
593, 29, 442, 257, 441, 258, 1, -1, -0.7853981633974483, 1.4142135623730951
593, 30, 473, 252, 470, 252, 3, 0, 0.0, 3.0
593, 32, 220, 225, 220, 227, 0, -2, -1.5707963267948966, 2.0
593, 34, 117, 351, 114, 354, 3, -3, -0.7853981633974483, 4.242640687119285
593, 39, 507, 261, 505, 261, 2, 0, 0.0, 2.0
593, 40, 95, 350, 94, 349, 1, 1, 0.7853981633974483, 1.4142135623730951
593, 41, 150, 111, 149, 112, 1, -1, -0.7853981633974483, 1.4142135623730951
593, 45, 337, 227, 335, 228, 2, -1, -0.4636476090008061, 2.23606797749979
593, 49, 604, 269, 602, 269, 2, 0, 0.0, 2.0
593, 57, 14, 162, 9, 162, 5, 0, 0.0, 5.0
593, 69, 55, 122, 54, 123, 1, -1, -0.7853981633974483, 1.4142135623730951
593, 72, 544, 242, 542, 243, 2, -1, -0.4636476090008061, 2.23606797749979
593, 74, 115, 113, 114, 114, 1, -1, -0.7853981633974483, 1.4142135623730951
593, 77, 116, 301, 118, 300, -2, 1, 2.677945044588987, 2.23606797749979
594, 2, 77, 289, 76, 290, 1, -1, -0.7853981633974483, 1.4142135623730951
594, 5, 623, 196, 622, 197, 1, -1, -0.7853981633974483, 1.4142135623730951
594, 9, 149, 247, 148, 248, 1, -1, -0.7853981633974483, 1.4142135623730951
594, 14, 160, 138, 159, 139, 1, -1, -0.7853981633974483, 1.4142135623730951
594, 25, 78, 183, 80, 184, -2, -1, -2.677945044588987, 2.23606797749979
594, 28, 120, 121, 119, 122, 1, -1, -0.7853981633974483, 1.4142135623730951
594, 29, 444, 256, 442, 257, 2, -1, -0.4636476090008061, 2.23606797749979
594, 30, 475, 251, 473, 252, 2, -1, -0.4636476090008061, 2.23606797749979
594, 39, 509, 261, 507, 261, 2, 0, 0.0, 2.0
594, 48, 606, 269, 604, 269, 2, 0, 0.0, 2.0
594, 61, 273, 110, 272, 111, 1, -1, -0.7853981633974483, 1.4142135623730951
594, 65, 410, 219, 409, 220, 1, -1, -0.7853981633974483, 1.4142135623730951
594, 66, 279, 198, 281, 197, -2, 1, 2.677945044588987, 2.23606797749979
594, 67, 40, 344, 39, 345, 1, -1, -0.7853981633974483, 1.4142135623730951
594, 68, 56, 121, 55, 122, 1, -1, -0.7853981633974483, 1.4142135623730951
594, 71, 546, 242, 544, 242, 2, 0, 0.0, 2.0
595, 10, 540, 238, 536, 241, 4, -3, -0.6435011087932844, 5.0
595, 16, 625, 198, 623, 198, 2, 0, 0.0, 2.0
595, 18, 596, 218, 594, 218, 2, 0, 0.0, 2.0
595, 24, 16, 340, 15, 341, 1, -1, -0.7853981633974483, 1.4142135623730951
595, 29, 304, 243, 303, 244, 1, -1, -0.7853981633974483, 1.4142135623730951
595, 42, 32, 351, 31, 352, 1, -1, -0.7853981633974483, 1.4142135623730951
595, 43, 240, 281, 242, 282, -2, -1, -2.677945044588987, 2.23606797749979
596, 6, 140, 183, 139, 184, 1, -1, -0.7853981633974483, 1.4142135623730951
596, 9, 544, 236, 540, 238, 4, -2, -0.4636476090008061, 4.47213595499958
596, 15, 627, 198, 625, 198, 2, 0, 0.0, 2.0
596, 16, 598, 218, 596, 218, 2, 0, 0.0, 2.0
596, 22, 17, 339, 16, 340, 1, -1, -0.7853981633974483, 1.4142135623730951
596, 27, 305, 242, 304, 243, 1, -1, -0.7853981633974483, 1.4142135623730951
596, 32, 600, 263, 599, 264, 1, -1, -0.7853981633974483, 1.4142135623730951
596, 41, 632, 232, 631, 233, 1, -1, -0.7853981633974483, 1.4142135623730951
596, 42, 222, 332, 220, 335, 2, -3, -0.982793723247329, 3.605551275463989
597, 2, 79, 290, 78, 291, 1, -1, -0.7853981633974483, 1.4142135623730951
597, 8, 548, 234, 544, 236, 4, -2, -0.4636476090008061, 4.47213595499958
597, 14, 629, 198, 627, 198, 2, 0, 0.0, 2.0
597, 15, 600, 218, 598, 218, 2, 0, 0.0, 2.0
597, 38, 633, 231, 632, 232, 1, -1, -0.7853981633974483, 1.4142135623730951
598, 8, 553, 234, 548, 234, 5, 0, 0.0, 5.0
598, 13, 631, 197, 629, 198, 2, -1, -0.4636476090008061, 2.23606797749979
598, 14, 603, 218, 600, 218, 3, 0, 0.0, 3.0
598, 17, 300, 223, 299, 222, 1, 1, 0.7853981633974483, 1.4142135623730951
598, 25, 307, 242, 305, 242, 2, 0, 0.0, 2.0
598, 29, 342, 228, 340, 228, 2, 0, 0.0, 2.0
598, 30, 604, 263, 601, 263, 3, 0, 0.0, 3.0
598, 37, 635, 229, 633, 231, 2, -2, -0.7853981633974483, 2.8284271247461903
599, 8, 552, 236, 553, 234, -1, 2, 2.0344439357957027, 2.23606797749979
599, 12, 632, 196, 631, 197, 1, -1, -0.7853981633974483, 1.4142135623730951
599, 13, 604, 217, 603, 218, 1, -1, -0.7853981633974483, 1.4142135623730951
599, 28, 344, 228, 342, 228, 2, 0, 0.0, 2.0
599, 29, 607, 261, 604, 263, 3, -2, -0.5880026035475675, 3.605551275463989
599, 36, 635, 227, 635, 229, 0, -2, -1.5707963267948966, 2.0
600, 18, 194, 163, 195, 162, -1, 1, 2.356194490192345, 1.4142135623730951
600, 22, 635, 234, 638, 233, -3, 1, 2.819842099193151, 3.1622776601683795
600, 31, 272, 228, 271, 229, 1, -1, -0.7853981633974483, 1.4142135623730951
600, 40, 602, 218, 601, 219, 1, -1, -0.7853981633974483, 1.4142135623730951
600, 41, 447, 216, 446, 218, 1, -2, -1.1071487177940904, 2.23606797749979
600, 44, 297, 264, 296, 265, 1, -1, -0.7853981633974483, 1.4142135623730951
600, 47, 302, 228, 301, 227, 1, 1, 0.7853981633974483, 1.4142135623730951
600, 48, 155, 111, 154, 112, 1, -1, -0.7853981633974483, 1.4142135623730951
600, 50, 14, 166, 13, 167, 1, -1, -0.7853981633974483, 1.4142135623730951
600, 61, 34, 351, 33, 352, 1, -1, -0.7853981633974483, 1.4142135623730951
601, 35, 605, 217, 602, 218, 3, -1, -0.3217505543966422, 3.1622776601683795
601, 36, 448, 215, 447, 216, 1, -1, -0.7853981633974483, 1.4142135623730951
601, 37, 61, 125, 60, 126, 1, -1, -0.7853981633974483, 1.4142135623730951
601, 38, 548, 245, 547, 246, 1, -1, -0.7853981633974483, 1.4142135623730951
601, 42, 303, 229, 302, 228, 1, 1, 0.7853981633974483, 1.4142135623730951
601, 43, 156, 110, 155, 111, 1, -1, -0.7853981633974483, 1.4142135623730951
601, 45, 15, 165, 14, 166, 1, -1, -0.7853981633974483, 1.4142135623730951
601, 51, 100, 236, 99, 238, 1, -2, -1.1071487177940904, 2.23606797749979
601, 56, 35, 350, 34, 351, 1, -1, -0.7853981633974483, 1.4142135623730951
602, 3, 41, 372, 40, 373, 1, -1, -0.7853981633974483, 1.4142135623730951
602, 20, 631, 232, 635, 233, -4, -1, -2.896613990462929, 4.123105625617661
602, 25, 274, 227, 273, 228, 1, -1, -0.7853981633974483, 1.4142135623730951
602, 30, 632, 196, 631, 197, 1, -1, -0.7853981633974483, 1.4142135623730951
602, 33, 607, 216, 605, 217, 2, -1, -0.4636476090008061, 2.23606797749979
602, 34, 449, 214, 448, 215, 1, -1, -0.7853981633974483, 1.4142135623730951
602, 35, 62, 124, 61, 125, 1, -1, -0.7853981633974483, 1.4142135623730951
602, 36, 550, 245, 548, 245, 2, 0, 0.0, 2.0
602, 40, 304, 230, 303, 229, 1, 1, 0.7853981633974483, 1.4142135623730951
602, 41, 158, 109, 156, 110, 2, -1, -0.4636476090008061, 2.23606797749979
602, 54, 36, 349, 35, 350, 1, -1, -0.7853981633974483, 1.4142135623730951
603, 8, 81, 289, 80, 290, 1, -1, -0.7853981633974483, 1.4142135623730951
603, 20, 633, 232, 631, 232, 2, 0, 0.0, 2.0
603, 24, 275, 226, 274, 227, 1, -1, -0.7853981633974483, 1.4142135623730951
603, 29, 633, 195, 632, 196, 1, -1, -0.7853981633974483, 1.4142135623730951
603, 32, 608, 215, 607, 216, 1, -1, -0.7853981633974483, 1.4142135623730951
603, 33, 450, 213, 449, 214, 1, -1, -0.7853981633974483, 1.4142135623730951
603, 35, 553, 245, 550, 245, 3, 0, 0.0, 3.0
603, 39, 305, 231, 304, 230, 1, 1, 0.7853981633974483, 1.4142135623730951
603, 40, 159, 108, 158, 109, 1, -1, -0.7853981633974483, 1.4142135623730951
604, 2, 19, 336, 18, 337, 1, -1, -0.7853981633974483, 1.4142135623730951
604, 20, 634, 231, 633, 232, 1, -1, -0.7853981633974483, 1.4142135623730951
604, 23, 276, 225, 275, 226, 1, -1, -0.7853981633974483, 1.4142135623730951
604, 28, 635, 194, 633, 195, 2, -1, -0.4636476090008061, 2.23606797749979
604, 31, 610, 214, 608, 215, 2, -1, -0.4636476090008061, 2.23606797749979
604, 32, 451, 212, 450, 213, 1, -1, -0.7853981633974483, 1.4142135623730951
604, 33, 63, 122, 62, 123, 1, -1, -0.7853981633974483, 1.4142135623730951
604, 34, 555, 245, 553, 245, 2, 0, 0.0, 2.0
604, 38, 160, 107, 159, 108, 1, -1, -0.7853981633974483, 1.4142135623730951
604, 43, 122, 120, 121, 121, 1, -1, -0.7853981633974483, 1.4142135623730951
605, 14, 22, 342, 21, 343, 1, -1, -0.7853981633974483, 1.4142135623730951
605, 17, 99, 283, 101, 284, -2, -1, -2.677945044588987, 2.23606797749979
605, 18, 306, 222, 305, 221, 1, 1, 0.7853981633974483, 1.4142135623730951
605, 19, 73, 337, 72, 338, 1, -1, -0.7853981633974483, 1.4142135623730951
605, 22, 609, 217, 607, 218, 2, -1, -0.4636476090008061, 2.23606797749979
605, 23, 555, 246, 553, 247, 2, -1, -0.4636476090008061, 2.23606797749979
605, 27, 223, 219, 222, 220, 1, -1, -0.7853981633974483, 1.4142135623730951
605, 37, 122, 121, 121, 122, 1, -1, -0.7853981633974483, 1.4142135623730951
605, 56, 11, 132, 12, 134, -1, -2, -2.0344439357957027, 2.23606797749979
605, 57, 350, 225, 348, 225, 2, 0, 0.0, 2.0
605, 68, 570, 241, 567, 242, 3, -1, -0.3217505543966422, 3.1622776601683795
606, 21, 610, 216, 609, 217, 1, -1, -0.7853981633974483, 1.4142135623730951
606, 22, 558, 246, 555, 246, 3, 0, 0.0, 3.0
606, 56, 353, 226, 350, 225, 3, 1, 0.3217505543966422, 3.1622776601683795
606, 58, 124, 114, 123, 115, 1, -1, -0.7853981633974483, 1.4142135623730951
606, 63, 17, 162, 16, 163, 1, -1, -0.7853981633974483, 1.4142135623730951
606, 66, 572, 239, 570, 241, 2, -2, -0.7853981633974483, 2.8284271247461903
607, 20, 612, 216, 610, 216, 2, 0, 0.0, 2.0
607, 21, 560, 245, 558, 246, 2, -1, -0.4636476090008061, 2.23606797749979
607, 29, 612, 270, 610, 270, 2, 0, 0.0, 2.0
607, 32, 64, 339, 63, 340, 1, -1, -0.7853981633974483, 1.4142135623730951
607, 34, 124, 120, 123, 121, 1, -1, -0.7853981633974483, 1.4142135623730951
607, 46, 40, 350, 39, 351, 1, -1, -0.7853981633974483, 1.4142135623730951
607, 50, 14, 131, 12, 132, 2, -1, -0.4636476090008061, 2.23606797749979
607, 54, 314, 244, 312, 244, 2, 0, 0.0, 2.0
607, 57, 278, 334, 277, 335, 1, -1, -0.7853981633974483, 1.4142135623730951
607, 61, 573, 237, 572, 239, 1, -2, -1.1071487177940904, 2.23606797749979
608, 21, 562, 244, 560, 245, 2, -1, -0.4636476090008061, 2.23606797749979
608, 24, 114, 193, 113, 194, 1, -1, -0.7853981633974483, 1.4142135623730951
608, 29, 615, 270, 612, 270, 3, 0, 0.0, 3.0
608, 33, 182, 222, 184, 221, -2, 1, 2.677945044588987, 2.23606797749979
608, 34, 125, 119, 124, 120, 1, -1, -0.7853981633974483, 1.4142135623730951
608, 42, 295, 260, 294, 261, 1, -1, -0.7853981633974483, 1.4142135623730951
608, 45, 308, 228, 307, 229, 1, -1, -0.7853981633974483, 1.4142135623730951
608, 48, 633, 193, 635, 193, -2, 0, 3.141592653589793, 2.0
608, 50, 16, 131, 14, 131, 2, 0, 0.0, 2.0
608, 54, 315, 245, 314, 244, 1, 1, 0.7853981633974483, 1.4142135623730951
608, 58, 18, 160, 17, 161, 1, -1, -0.7853981633974483, 1.4142135623730951
608, 61, 574, 236, 573, 237, 1, -1, -0.7853981633974483, 1.4142135623730951
609, 20, 615, 215, 613, 216, 2, -1, -0.4636476090008061, 2.23606797749979
609, 21, 564, 244, 562, 244, 2, 0, 0.0, 2.0
609, 28, 618, 271, 615, 270, 3, 1, 0.3217505543966422, 3.1622776601683795
609, 42, 309, 227, 308, 228, 1, -1, -0.7853981633974483, 1.4142135623730951
609, 45, 631, 193, 633, 193, -2, 0, 3.141592653589793, 2.0
609, 47, 18, 131, 16, 131, 2, 0, 0.0, 2.0
609, 51, 317, 245, 315, 245, 2, 0, 0.0, 2.0
609, 58, 577, 236, 574, 236, 3, 0, 0.0, 3.0
610, 9, 25, 343, 24, 344, 1, -1, -0.7853981633974483, 1.4142135623730951
610, 22, 462, 262, 460, 261, 2, 1, 0.4636476090008061, 2.23606797749979
610, 25, 354, 225, 353, 226, 1, -1, -0.7853981633974483, 1.4142135623730951
610, 28, 619, 272, 616, 272, 3, 0, 0.0, 3.0
610, 31, 558, 237, 555, 239, 3, -2, -0.5880026035475675, 3.605551275463989
610, 32, 615, 217, 613, 217, 2, 0, 0.0, 2.0
610, 52, 284, 114, 282, 115, 2, -1, -0.4636476090008061, 2.23606797749979
610, 54, 99, 149, 98, 150, 1, -1, -0.7853981633974483, 1.4142135623730951
610, 58, 126, 120, 125, 121, 1, -1, -0.7853981633974483, 1.4142135623730951
610, 63, 575, 241, 573, 241, 2, 0, 0.0, 2.0
611, 11, 216, 222, 215, 223, 1, -1, -0.7853981633974483, 1.4142135623730951
611, 13, 153, 310, 153, 312, 0, -2, -1.5707963267948966, 2.0
611, 14, 310, 225, 309, 226, 1, -1, -0.7853981633974483, 1.4142135623730951
611, 26, 621, 271, 619, 272, 2, -1, -0.4636476090008061, 2.23606797749979
611, 28, 561, 235, 558, 237, 3, -2, -0.5880026035475675, 3.605551275463989
611, 29, 617, 217, 615, 217, 2, 0, 0.0, 2.0
611, 57, 295, 260, 294, 261, 1, -1, -0.7853981633974483, 1.4142135623730951
611, 59, 577, 241, 575, 241, 2, 0, 0.0, 2.0
612, 8, 26, 341, 25, 342, 1, -1, -0.7853981633974483, 1.4142135623730951
612, 14, 312, 224, 310, 225, 2, -1, -0.4636476090008061, 2.23606797749979
612, 20, 464, 261, 462, 261, 2, 0, 0.0, 2.0
612, 23, 356, 224, 355, 225, 1, -1, -0.7853981633974483, 1.4142135623730951
612, 27, 564, 234, 561, 235, 3, -1, -0.3217505543966422, 3.1622776601683795
612, 28, 619, 217, 617, 217, 2, 0, 0.0, 2.0
612, 33, 23, 162, 22, 163, 1, -1, -0.7853981633974483, 1.4142135623730951
612, 37, 267, 262, 266, 263, 1, -1, -0.7853981633974483, 1.4142135623730951
612, 56, 580, 241, 577, 241, 3, 0, 0.0, 3.0
613, 20, 467, 261, 464, 261, 3, 0, 0.0, 3.0
613, 23, 358, 222, 356, 224, 2, -2, -0.7853981633974483, 2.8284271247461903
613, 25, 624, 272, 622, 271, 2, 1, 0.4636476090008061, 2.23606797749979
613, 26, 568, 233, 564, 234, 4, -1, -0.24497866312686414, 4.123105625617661
613, 27, 621, 217, 619, 217, 2, 0, 0.0, 2.0
613, 42, 166, 109, 165, 110, 1, -1, -0.7853981633974483, 1.4142135623730951
613, 49, 127, 117, 126, 118, 1, -1, -0.7853981633974483, 1.4142135623730951
613, 53, 582, 240, 580, 241, 2, -1, -0.4636476090008061, 2.23606797749979
614, 11, 217, 219, 216, 220, 1, -1, -0.7853981633974483, 1.4142135623730951
614, 13, 314, 223, 313, 224, 1, -1, -0.7853981633974483, 1.4142135623730951
614, 18, 469, 261, 467, 261, 2, 0, 0.0, 2.0
614, 20, 359, 221, 358, 222, 1, -1, -0.7853981633974483, 1.4142135623730951
614, 24, 623, 217, 621, 217, 2, 0, 0.0, 2.0
614, 50, 584, 240, 582, 240, 2, 0, 0.0, 2.0
615, 0, 282, 173, 284, 173, -2, 0, 3.141592653589793, 2.0
615, 6, 222, 221, 222, 223, 0, -2, -1.5707963267948966, 2.0
615, 16, 29, 258, 29, 256, 0, 2, 1.5707963267948966, 2.0
615, 17, 157, 132, 157, 135, 0, -3, -1.5707963267948966, 3.0
615, 23, 312, 228, 311, 231, 1, -3, -1.2490457723982544, 3.1622776601683795
615, 24, 29, 261, 30, 263, -1, -2, -2.0344439357957027, 2.23606797749979
615, 26, 168, 138, 167, 136, 1, 2, 1.1071487177940904, 2.23606797749979
615, 30, 166, 142, 165, 143, 1, -1, -0.7853981633974483, 1.4142135623730951
615, 31, 28, 340, 29, 342, -1, -2, -2.0344439357957027, 2.23606797749979
615, 38, 81, 336, 80, 335, 1, 1, 0.7853981633974483, 1.4142135623730951
615, 41, 312, 219, 311, 222, 1, -3, -1.2490457723982544, 3.1622776601683795
615, 43, 83, 206, 84, 208, -1, -2, -2.0344439357957027, 2.23606797749979
615, 44, 621, 217, 619, 218, 2, -1, -0.4636476090008061, 2.23606797749979
615, 59, 244, 280, 244, 282, 0, -2, -1.5707963267948966, 2.0
615, 60, 45, 351, 44, 352, 1, -1, -0.7853981633974483, 1.4142135623730951
615, 67, 129, 119, 128, 120, 1, -1, -0.7853981633974483, 1.4142135623730951
615, 73, 568, 239, 566, 239, 2, 0, 0.0, 2.0
615, 79, 268, 261, 267, 262, 1, -1, -0.7853981633974483, 1.4142135623730951
616, 4, 142, 180, 141, 182, 1, -2, -1.1071487177940904, 2.23606797749979
616, 21, 73, 275, 75, 275, -2, 0, 3.141592653589793, 2.0
616, 40, 325, 247, 323, 247, 2, 0, 0.0, 2.0
616, 41, 313, 218, 312, 219, 1, -1, -0.7853981633974483, 1.4142135623730951
616, 44, 622, 216, 621, 217, 1, -1, -0.7853981633974483, 1.4142135623730951
616, 47, 287, 206, 287, 203, 0, 3, 1.5707963267948966, 3.0
616, 50, 60, 367, 59, 368, 1, -1, -0.7853981633974483, 1.4142135623730951
616, 53, 280, 335, 280, 338, 0, -3, -1.5707963267948966, 3.0
616, 60, 46, 350, 45, 351, 1, -1, -0.7853981633974483, 1.4142135623730951
616, 66, 130, 118, 129, 119, 1, -1, -0.7853981633974483, 1.4142135623730951
616, 70, 279, 221, 278, 222, 1, -1, -0.7853981633974483, 1.4142135623730951
616, 72, 570, 239, 568, 239, 2, 0, 0.0, 2.0
617, 2, 218, 187, 217, 189, 1, -2, -1.1071487177940904, 2.23606797749979
617, 5, 47, 371, 46, 372, 1, -1, -0.7853981633974483, 1.4142135623730951
617, 12, 81, 313, 80, 314, 1, -1, -0.7853981633974483, 1.4142135623730951
617, 23, 314, 227, 313, 228, 1, -1, -0.7853981633974483, 1.4142135623730951
617, 40, 326, 246, 325, 247, 1, -1, -0.7853981633974483, 1.4142135623730951
617, 41, 314, 217, 313, 218, 1, -1, -0.7853981633974483, 1.4142135623730951
617, 44, 624, 216, 622, 216, 2, 0, 0.0, 2.0
617, 60, 47, 349, 46, 350, 1, -1, -0.7853981633974483, 1.4142135623730951
617, 65, 627, 266, 625, 266, 2, 0, 0.0, 2.0
617, 72, 572, 239, 570, 239, 2, 0, 0.0, 2.0
617, 73, 16, 368, 15, 369, 1, -1, -0.7853981633974483, 1.4142135623730951
617, 77, 100, 148, 99, 149, 1, -1, -0.7853981633974483, 1.4142135623730951
618, 21, 71, 273, 72, 275, -1, -2, -2.0344439357957027, 2.23606797749979
618, 23, 315, 226, 314, 227, 1, -1, -0.7853981633974483, 1.4142135623730951
618, 40, 329, 246, 326, 246, 3, 0, 0.0, 3.0
618, 44, 626, 216, 624, 216, 2, 0, 0.0, 2.0
618, 60, 48, 348, 47, 349, 1, -1, -0.7853981633974483, 1.4142135623730951
618, 65, 629, 265, 627, 266, 2, -1, -0.4636476090008061, 2.23606797749979
618, 66, 132, 117, 131, 118, 1, -1, -0.7853981633974483, 1.4142135623730951
618, 71, 574, 239, 572, 239, 2, 0, 0.0, 2.0
618, 72, 17, 367, 16, 368, 1, -1, -0.7853981633974483, 1.4142135623730951
619, 6, 156, 155, 154, 157, 2, -2, -0.7853981633974483, 2.8284271247461903
619, 7, 48, 281, 50, 280, -2, 1, 2.677945044588987, 2.23606797749979
619, 17, 149, 154, 146, 156, 3, -2, -0.5880026035475675, 3.605551275463989
619, 22, 316, 225, 315, 226, 1, -1, -0.7853981633974483, 1.4142135623730951
619, 24, 116, 171, 115, 172, 1, -1, -0.7853981633974483, 1.4142135623730951
619, 30, 31, 339, 30, 340, 1, -1, -0.7853981633974483, 1.4142135623730951
619, 34, 186, 217, 185, 219, 1, -2, -1.1071487177940904, 2.23606797749979
619, 39, 316, 216, 315, 217, 1, -1, -0.7853981633974483, 1.4142135623730951
619, 42, 629, 215, 626, 216, 3, -1, -0.3217505543966422, 3.1622776601683795
619, 51, 281, 334, 280, 335, 1, -1, -0.7853981633974483, 1.4142135623730951
619, 53, 71, 121, 70, 122, 1, -1, -0.7853981633974483, 1.4142135623730951
619, 63, 632, 263, 629, 265, 3, -2, -0.5880026035475675, 3.605551275463989
619, 66, 202, 310, 203, 312, -1, -2, -2.0344439357957027, 2.23606797749979
619, 69, 576, 238, 574, 239, 2, -1, -0.4636476090008061, 2.23606797749979
620, 4, 574, 245, 571, 246, 3, -1, -0.3217505543966422, 3.1622776601683795
620, 13, 629, 265, 627, 266, 2, -1, -0.4636476090008061, 2.23606797749979
620, 28, 363, 227, 361, 228, 2, -1, -0.4636476090008061, 2.23606797749979
620, 37, 196, 238, 197, 237, -1, 1, 2.356194490192345, 1.4142135623730951
620, 40, 627, 216, 625, 217, 2, -1, -0.4636476090008061, 2.23606797749979
621, 4, 576, 244, 574, 245, 2, -1, -0.4636476090008061, 2.23606797749979
621, 7, 48, 371, 47, 372, 1, -1, -0.7853981633974483, 1.4142135623730951
621, 13, 632, 265, 629, 265, 3, 0, 0.0, 3.0
621, 16, 32, 340, 31, 341, 1, -1, -0.7853981633974483, 1.4142135623730951
621, 27, 365, 226, 363, 227, 2, -1, -0.4636476090008061, 2.23606797749979
621, 38, 629, 215, 627, 216, 2, -1, -0.4636476090008061, 2.23606797749979
621, 50, 477, 216, 475, 216, 2, 0, 0.0, 2.0
622, 1, 220, 246, 220, 244, 0, 2, 1.5707963267948966, 2.0
622, 4, 578, 243, 576, 244, 2, -1, -0.4636476090008061, 2.23606797749979
622, 5, 86, 290, 86, 292, 0, -2, -1.5707963267948966, 2.0
622, 13, 635, 265, 632, 265, 3, 0, 0.0, 3.0
622, 14, 319, 228, 318, 229, 1, -1, -0.7853981633974483, 1.4142135623730951
622, 16, 33, 339, 32, 340, 1, -1, -0.7853981633974483, 1.4142135623730951
622, 26, 367, 226, 365, 226, 2, 0, 0.0, 2.0
622, 32, 174, 363, 174, 365, 0, -2, -1.5707963267948966, 2.0
622, 36, 631, 215, 629, 215, 2, 0, 0.0, 2.0
622, 42, 54, 283, 53, 282, 1, 1, 0.7853981633974483, 1.4142135623730951
622, 45, 74, 124, 73, 125, 1, -1, -0.7853981633974483, 1.4142135623730951
622, 46, 71, 148, 70, 149, 1, -1, -0.7853981633974483, 1.4142135623730951
622, 47, 479, 215, 477, 216, 2, -1, -0.4636476090008061, 2.23606797749979
622, 48, 24, 372, 23, 373, 1, -1, -0.7853981633974483, 1.4142135623730951
623, 4, 580, 242, 578, 243, 2, -1, -0.4636476090008061, 2.23606797749979
623, 13, 320, 227, 319, 228, 1, -1, -0.7853981633974483, 1.4142135623730951
623, 24, 368, 225, 367, 226, 1, -1, -0.7853981633974483, 1.4142135623730951
623, 30, 175, 362, 174, 363, 1, -1, -0.7853981633974483, 1.4142135623730951
623, 32, 169, 315, 170, 312, -1, 3, 1.892546881191539, 3.1622776601683795
623, 34, 632, 214, 631, 215, 1, -1, -0.7853981633974483, 1.4142135623730951
623, 44, 482, 214, 479, 215, 3, -1, -0.3217505543966422, 3.1622776601683795
624, 4, 582, 241, 580, 242, 2, -1, -0.4636476090008061, 2.23606797749979
624, 8, 158, 247, 159, 249, -1, -2, -2.0344439357957027, 2.23606797749979
624, 27, 175, 360, 175, 362, 0, -2, -1.5707963267948966, 2.0
624, 31, 633, 213, 632, 214, 1, -1, -0.7853981633974483, 1.4142135623730951
624, 41, 484, 214, 482, 214, 2, 0, 0.0, 2.0
624, 42, 25, 371, 24, 372, 1, -1, -0.7853981633974483, 1.4142135623730951
625, 30, 323, 224, 321, 225, 2, -1, -0.4636476090008061, 2.23606797749979
625, 32, 634, 215, 632, 216, 2, -1, -0.4636476090008061, 2.23606797749979
626, 1, 222, 244, 221, 245, 1, -1, -0.7853981633974483, 1.4142135623730951
626, 11, 576, 236, 575, 237, 1, -1, -0.7853981633974483, 1.4142135623730951
626, 18, 159, 331, 160, 334, -1, -3, -1.892546881191539, 3.1622776601683795
626, 30, 325, 223, 323, 224, 2, -1, -0.4636476090008061, 2.23606797749979
626, 32, 635, 214, 634, 215, 1, -1, -0.7853981633974483, 1.4142135623730951
627, 10, 580, 234, 576, 236, 4, -2, -0.4636476090008061, 4.47213595499958
627, 24, 197, 154, 197, 156, 0, -2, -1.5707963267948966, 2.0
628, 6, 52, 373, 51, 372, 1, 1, 0.7853981633974483, 1.4142135623730951
628, 9, 583, 232, 580, 234, 3, -2, -0.5880026035475675, 3.605551275463989
628, 24, 339, 248, 337, 248, 2, 0, 0.0, 2.0
628, 26, 182, 327, 181, 328, 1, -1, -0.7853981633974483, 1.4142135623730951
629, 8, 587, 230, 583, 232, 4, -2, -0.4636476090008061, 4.47213595499958
630, 11, 325, 221, 323, 221, 2, 0, 0.0, 2.0
630, 27, 588, 235, 585, 235, 3, 0, 0.0, 3.0
630, 53, 487, 216, 485, 217, 2, -1, -0.4636476090008061, 2.23606797749979
630, 55, 154, 205, 155, 204, -1, 1, 2.356194490192345, 1.4142135623730951
630, 57, 8, 118, 7, 119, 1, -1, -0.7853981633974483, 1.4142135623730951
630, 58, 404, 260, 401, 261, 3, -1, -0.3217505543966422, 3.1622776601683795
630, 63, 54, 350, 53, 351, 1, -1, -0.7853981633974483, 1.4142135623730951
630, 64, 363, 221, 361, 222, 2, -1, -0.4636476090008061, 2.23606797749979
630, 69, 549, 263, 547, 263, 2, 0, 0.0, 2.0
631, 4, 36, 342, 35, 343, 1, -1, -0.7853981633974483, 1.4142135623730951
631, 12, 220, 225, 222, 224, -2, 1, 2.677945044588987, 2.23606797749979
631, 35, 231, 222, 230, 219, 1, 3, 1.2490457723982544, 3.1622776601683795
631, 41, 162, 330, 161, 331, 1, -1, -0.7853981633974483, 1.4142135623730951
631, 48, 140, 118, 139, 119, 1, -1, -0.7853981633974483, 1.4142135623730951
631, 50, 489, 215, 487, 216, 2, -1, -0.4636476090008061, 2.23606797749979
631, 54, 9, 117, 8, 118, 1, -1, -0.7853981633974483, 1.4142135623730951
631, 55, 406, 260, 404, 260, 2, 0, 0.0, 2.0
631, 60, 55, 349, 54, 350, 1, -1, -0.7853981633974483, 1.4142135623730951
631, 61, 365, 221, 363, 221, 2, 0, 0.0, 2.0
631, 64, 197, 235, 196, 236, 1, -1, -0.7853981633974483, 1.4142135623730951
631, 65, 596, 263, 598, 264, -2, -1, -2.677945044588987, 2.23606797749979
631, 66, 550, 262, 549, 263, 1, -1, -0.7853981633974483, 1.4142135623730951
632, 19, 225, 291, 224, 292, 1, -1, -0.7853981633974483, 1.4142135623730951
632, 48, 491, 214, 489, 215, 2, -1, -0.4636476090008061, 2.23606797749979
632, 50, 151, 204, 153, 205, -2, -1, -2.677945044588987, 2.23606797749979
632, 52, 409, 259, 406, 260, 3, -1, -0.3217505543966422, 3.1622776601683795
632, 58, 367, 220, 365, 221, 2, -1, -0.4636476090008061, 2.23606797749979
632, 62, 594, 262, 596, 263, -2, -1, -2.677945044588987, 2.23606797749979
632, 63, 551, 261, 550, 262, 1, -1, -0.7853981633974483, 1.4142135623730951
633, 27, 74, 338, 73, 339, 1, -1, -0.7853981633974483, 1.4142135623730951
633, 46, 493, 214, 491, 214, 2, 0, 0.0, 2.0
633, 49, 11, 116, 10, 117, 1, -1, -0.7853981633974483, 1.4142135623730951
633, 50, 411, 258, 409, 259, 2, -1, -0.4636476090008061, 2.23606797749979
633, 54, 273, 256, 272, 257, 1, -1, -0.7853981633974483, 1.4142135623730951
633, 55, 57, 348, 56, 349, 1, -1, -0.7853981633974483, 1.4142135623730951
633, 60, 553, 260, 551, 261, 2, -1, -0.4636476090008061, 2.23606797749979
633, 63, 243, 213, 245, 213, -2, 0, 3.141592653589793, 2.0
634, 10, 330, 221, 328, 221, 2, 0, 0.0, 2.0
634, 13, 64, 366, 63, 367, 1, -1, -0.7853981633974483, 1.4142135623730951
634, 21, 592, 236, 590, 236, 2, 0, 0.0, 2.0
634, 31, 131, 355, 130, 356, 1, -1, -0.7853981633974483, 1.4142135623730951
634, 41, 142, 117, 141, 118, 1, -1, -0.7853981633974483, 1.4142135623730951
634, 43, 495, 214, 493, 214, 2, 0, 0.0, 2.0
634, 46, 12, 115, 11, 116, 1, -1, -0.7853981633974483, 1.4142135623730951
634, 47, 412, 257, 411, 258, 1, -1, -0.7853981633974483, 1.4142135623730951
634, 49, 176, 239, 175, 242, 1, -3, -1.2490457723982544, 3.1622776601683795
634, 55, 555, 259, 553, 260, 2, -1, -0.4636476090008061, 2.23606797749979
635, 26, 591, 243, 588, 243, 3, 0, 0.0, 3.0
635, 35, 94, 130, 93, 131, 1, -1, -0.7853981633974483, 1.4142135623730951
635, 46, 57, 349, 56, 350, 1, -1, -0.7853981633974483, 1.4142135623730951
635, 47, 495, 215, 493, 215, 2, 0, 0.0, 2.0
635, 49, 143, 115, 142, 116, 1, -1, -0.7853981633974483, 1.4142135623730951
636, 6, 55, 371, 54, 374, 1, -3, -1.2490457723982544, 3.1622776601683795
636, 9, 334, 224, 332, 225, 2, -1, -0.4636476090008061, 2.23606797749979
636, 18, 35, 191, 34, 192, 1, -1, -0.7853981633974483, 1.4142135623730951
636, 25, 594, 244, 591, 243, 3, 1, 0.3217505543966422, 3.1622776601683795
636, 36, 131, 355, 130, 356, 1, -1, -0.7853981633974483, 1.4142135623730951
636, 43, 77, 338, 76, 339, 1, -1, -0.7853981633974483, 1.4142135623730951
636, 44, 58, 348, 57, 349, 1, -1, -0.7853981633974483, 1.4142135623730951
637, 7, 336, 223, 334, 224, 2, -1, -0.4636476090008061, 2.23606797749979
637, 12, 40, 341, 39, 342, 1, -1, -0.7853981633974483, 1.4142135623730951
637, 21, 270, 185, 270, 187, 0, -2, -1.5707963267948966, 2.0
637, 23, 597, 244, 594, 244, 3, 0, 0.0, 3.0
637, 41, 498, 215, 496, 215, 2, 0, 0.0, 2.0
638, 5, 338, 223, 336, 223, 2, 0, 0.0, 2.0
638, 20, 600, 243, 597, 244, 3, -1, -0.3217505543966422, 3.1622776601683795
638, 35, 281, 326, 282, 328, -1, -2, -2.0344439357957027, 2.23606797749979
638, 38, 500, 214, 498, 215, 2, -1, -0.4636476090008061, 2.23606797749979
639, 5, 339, 221, 338, 223, 1, -2, -1.1071487177940904, 2.23606797749979
639, 6, 185, 325, 184, 327, 1, -2, -1.1071487177940904, 2.23606797749979
639, 15, 205, 237, 202, 238, 3, -1, -0.3217505543966422, 3.1622776601683795
639, 20, 602, 242, 600, 243, 2, -1, -0.4636476090008061, 2.23606797749979
639, 21, 70, 203, 72, 203, -2, 0, 3.141592653589793, 2.0
639, 26, 223, 290, 225, 291, -2, -1, -2.677945044588987, 2.23606797749979
639, 30, 36, 290, 33, 291, 3, -1, -0.3217505543966422, 3.1622776601683795
639, 37, 63, 345, 59, 347, 4, -2, -0.4636476090008061, 4.47213595499958
639, 40, 148, 115, 145, 115, 3, 0, 0.0, 3.0
640, 19, 338, 225, 336, 225, 2, 0, 0.0, 2.0
640, 32, 167, 135, 166, 136, 1, -1, -0.7853981633974483, 1.4142135623730951
640, 37, 387, 221, 386, 222, 1, -1, -0.7853981633974483, 1.4142135623730951
641, 7, 128, 354, 128, 356, 0, -2, -1.5707963267948966, 2.0
641, 11, 597, 236, 596, 237, 1, -1, -0.7853981633974483, 1.4142135623730951
641, 37, 387, 219, 387, 221, 0, -2, -1.5707963267948966, 2.0
642, 10, 600, 235, 597, 236, 3, -1, -0.3217505543966422, 3.1622776601683795
642, 17, 340, 226, 339, 225, 1, 1, 0.7853981633974483, 1.4142135623730951
642, 23, 149, 117, 148, 118, 1, -1, -0.7853981633974483, 1.4142135623730951
642, 30, 32, 160, 31, 161, 1, -1, -0.7853981633974483, 1.4142135623730951
642, 33, 388, 218, 387, 219, 1, -1, -0.7853981633974483, 1.4142135623730951
643, 1, 280, 181, 283, 180, -3, 1, 2.819842099193151, 3.1622776601683795
643, 8, 603, 233, 600, 235, 3, -2, -0.5880026035475675, 3.605551275463989
643, 15, 342, 226, 340, 226, 2, 0, 0.0, 2.0
643, 31, 390, 216, 388, 218, 2, -2, -0.7853981633974483, 2.8284271247461903
643, 36, 352, 248, 351, 249, 1, -1, -0.7853981633974483, 1.4142135623730951
644, 2, 218, 192, 217, 193, 1, -1, -0.7853981633974483, 1.4142135623730951
644, 8, 606, 231, 603, 233, 3, -2, -0.5880026035475675, 3.605551275463989
644, 14, 344, 226, 342, 226, 2, 0, 0.0, 2.0
644, 16, 154, 153, 153, 154, 1, -1, -0.7853981633974483, 1.4142135623730951
644, 30, 393, 214, 390, 216, 3, -2, -0.5880026035475675, 3.605551275463989
644, 35, 354, 247, 352, 248, 2, -1, -0.4636476090008061, 2.23606797749979
645, 6, 61, 373, 60, 374, 1, -1, -0.7853981633974483, 1.4142135623730951
645, 8, 607, 232, 604, 233, 3, -1, -0.3217505543966422, 3.1622776601683795
645, 29, 343, 225, 341, 225, 2, 0, 0.0, 2.0
645, 49, 5, 143, 4, 144, 1, -1, -0.7853981633974483, 1.4142135623730951
646, 7, 610, 231, 607, 232, 3, -1, -0.3217505543966422, 3.1622776601683795
646, 12, 89, 336, 88, 337, 1, -1, -0.7853981633974483, 1.4142135623730951
646, 27, 345, 225, 343, 225, 2, 0, 0.0, 2.0
646, 34, 155, 119, 154, 120, 1, -1, -0.7853981633974483, 1.4142135623730951
647, 4, 62, 372, 61, 373, 1, -1, -0.7853981633974483, 1.4142135623730951
647, 6, 608, 232, 610, 231, -2, 1, 2.677945044588987, 2.23606797749979
647, 26, 347, 225, 345, 225, 2, 0, 0.0, 2.0
648, 16, 169, 136, 168, 137, 1, -1, -0.7853981633974483, 1.4142135623730951
648, 20, 173, 309, 174, 311, -1, -2, -2.0344439357957027, 2.23606797749979
648, 27, 166, 331, 166, 333, 0, -2, -1.5707963267948966, 2.0
648, 30, 157, 118, 156, 119, 1, -1, -0.7853981633974483, 1.4142135623730951
648, 33, 63, 347, 62, 348, 1, -1, -0.7853981633974483, 1.4142135623730951
649, 24, 350, 225, 348, 225, 2, 0, 0.0, 2.0
649, 27, 167, 332, 166, 331, 1, 1, 0.7853981633974483, 1.4142135623730951
650, 8, 63, 373, 62, 374, 1, -1, -0.7853981633974483, 1.4142135623730951
650, 11, 74, 367, 73, 368, 1, -1, -0.7853981633974483, 1.4142135623730951
650, 12, 349, 225, 347, 226, 2, -1, -0.4636476090008061, 2.23606797749979
650, 14, 214, 316, 213, 317, 1, -1, -0.7853981633974483, 1.4142135623730951
650, 19, 609, 243, 606, 243, 3, 0, 0.0, 3.0
650, 26, 181, 146, 180, 147, 1, -1, -0.7853981633974483, 1.4142135623730951
650, 28, 156, 110, 155, 111, 1, -1, -0.7853981633974483, 1.4142135623730951
650, 41, 428, 261, 426, 262, 2, -1, -0.4636476090008061, 2.23606797749979
650, 42, 384, 220, 383, 221, 1, -1, -0.7853981633974483, 1.4142135623730951
650, 53, 357, 251, 356, 252, 1, -1, -0.7853981633974483, 1.4142135623730951
650, 57, 154, 117, 153, 118, 1, -1, -0.7853981633974483, 1.4142135623730951
650, 58, 23, 116, 22, 117, 1, -1, -0.7853981633974483, 1.4142135623730951
650, 59, 30, 317, 29, 318, 1, -1, -0.7853981633974483, 1.4142135623730951
650, 60, 189, 356, 188, 357, 1, -1, -0.7853981633974483, 1.4142135623730951
651, 9, 75, 366, 74, 367, 1, -1, -0.7853981633974483, 1.4142135623730951
651, 10, 351, 224, 349, 225, 2, -1, -0.4636476090008061, 2.23606797749979
651, 16, 612, 244, 609, 243, 3, 1, 0.3217505543966422, 3.1622776601683795
651, 23, 157, 109, 156, 110, 1, -1, -0.7853981633974483, 1.4142135623730951
651, 34, 430, 261, 428, 261, 2, 0, 0.0, 2.0
651, 35, 385, 219, 384, 220, 1, -1, -0.7853981633974483, 1.4142135623730951
651, 40, 539, 218, 537, 218, 2, 0, 0.0, 2.0
651, 47, 24, 115, 23, 116, 1, -1, -0.7853981633974483, 1.4142135623730951
651, 49, 190, 355, 189, 356, 1, -1, -0.7853981633974483, 1.4142135623730951
652, 9, 77, 365, 75, 366, 2, -1, -0.4636476090008061, 2.23606797749979
652, 10, 354, 222, 351, 224, 3, -2, -0.5880026035475675, 3.605551275463989
652, 13, 37, 252, 36, 253, 1, -1, -0.7853981633974483, 1.4142135623730951
652, 15, 615, 244, 612, 244, 3, 0, 0.0, 3.0
652, 24, 80, 340, 79, 341, 1, -1, -0.7853981633974483, 1.4142135623730951
652, 32, 432, 261, 430, 261, 2, 0, 0.0, 2.0
652, 33, 386, 218, 385, 219, 1, -1, -0.7853981633974483, 1.4142135623730951
652, 46, 190, 353, 190, 355, 0, -2, -1.5707963267948966, 2.0
653, 8, 78, 364, 77, 365, 1, -1, -0.7853981633974483, 1.4142135623730951
653, 9, 357, 221, 354, 222, 3, -1, -0.3217505543966422, 3.1622776601683795
653, 14, 617, 242, 615, 244, 2, -2, -0.7853981633974483, 2.8284271247461903
653, 20, 116, 137, 116, 139, 0, -2, -1.5707963267948966, 2.0
653, 22, 193, 323, 192, 324, 1, -1, -0.7853981633974483, 1.4142135623730951
653, 31, 434, 261, 432, 261, 2, 0, 0.0, 2.0
653, 32, 387, 217, 386, 218, 1, -1, -0.7853981633974483, 1.4142135623730951
653, 36, 536, 216, 539, 218, -3, -2, -2.5535900500422257, 3.605551275463989
653, 41, 156, 115, 155, 116, 1, -1, -0.7853981633974483, 1.4142135623730951
653, 42, 25, 114, 24, 115, 1, -1, -0.7853981633974483, 1.4142135623730951
653, 44, 191, 352, 190, 353, 1, -1, -0.7853981633974483, 1.4142135623730951
654, 4, 242, 293, 242, 296, 0, -3, -1.5707963267948966, 3.0
654, 5, 64, 369, 64, 371, 0, -2, -1.5707963267948966, 2.0
654, 8, 80, 363, 78, 364, 2, -1, -0.4636476090008061, 2.23606797749979
654, 9, 359, 220, 357, 221, 2, -1, -0.4636476090008061, 2.23606797749979
654, 10, 215, 311, 214, 314, 1, -3, -1.2490457723982544, 3.1622776601683795
654, 13, 619, 240, 617, 242, 2, -2, -0.7853981633974483, 2.8284271247461903
654, 14, 93, 313, 90, 315, 3, -2, -0.5880026035475675, 3.605551275463989
654, 15, 67, 197, 66, 200, 1, -3, -1.2490457723982544, 3.1622776601683795
654, 26, 38, 159, 36, 159, 2, 0, 0.0, 2.0
654, 27, 138, 354, 135, 356, 3, -2, -0.5880026035475675, 3.605551275463989
654, 30, 436, 260, 434, 261, 2, -1, -0.4636476090008061, 2.23606797749979
654, 31, 388, 216, 387, 217, 1, -1, -0.7853981633974483, 1.4142135623730951
654, 35, 534, 216, 536, 216, -2, 0, 3.141592653589793, 2.0
654, 41, 26, 113, 25, 114, 1, -1, -0.7853981633974483, 1.4142135623730951
654, 45, 69, 155, 71, 158, -2, -3, -2.158798930342464, 3.605551275463989
655, 2, 100, 189, 99, 190, 1, -1, -0.7853981633974483, 1.4142135623730951
655, 9, 66, 372, 65, 373, 1, -1, -0.7853981633974483, 1.4142135623730951
655, 20, 356, 224, 355, 225, 1, -1, -0.7853981633974483, 1.4142135623730951
655, 23, 388, 220, 387, 221, 1, -1, -0.7853981633974483, 1.4142135623730951
655, 24, 217, 313, 216, 314, 1, -1, -0.7853981633974483, 1.4142135623730951
655, 30, 160, 116, 159, 117, 1, -1, -0.7853981633974483, 1.4142135623730951
655, 44, 192, 110, 191, 111, 1, -1, -0.7853981633974483, 1.4142135623730951
655, 51, 402, 223, 401, 224, 1, -1, -0.7853981633974483, 1.4142135623730951
655, 66, 202, 130, 201, 131, 1, -1, -0.7853981633974483, 1.4142135623730951
656, 8, 67, 371, 66, 372, 1, -1, -0.7853981633974483, 1.4142135623730951
656, 21, 389, 218, 388, 220, 1, -2, -1.1071487177940904, 2.23606797749979
656, 23, 83, 270, 81, 272, 2, -2, -0.7853981633974483, 2.8284271247461903
656, 28, 161, 115, 160, 116, 1, -1, -0.7853981633974483, 1.4142135623730951
656, 39, 7, 195, 4, 195, 3, 0, 0.0, 3.0
656, 40, 36, 290, 38, 292, -2, -2, -2.356194490192345, 2.8284271247461903
656, 46, 140, 355, 139, 356, 1, -1, -0.7853981633974483, 1.4142135623730951
656, 58, 84, 317, 86, 317, -2, 0, 3.141592653589793, 2.0
656, 60, 367, 252, 366, 253, 1, -1, -0.7853981633974483, 1.4142135623730951
657, 4, 165, 163, 166, 162, -1, 1, 2.356194490192345, 1.4142135623730951
657, 6, 51, 195, 52, 197, -1, -2, -2.0344439357957027, 2.23606797749979
657, 17, 359, 224, 357, 224, 2, 0, 0.0, 2.0
657, 19, 390, 217, 389, 218, 1, -1, -0.7853981633974483, 1.4142135623730951
657, 23, 352, 247, 349, 247, 3, 0, 0.0, 3.0
657, 26, 162, 114, 161, 115, 1, -1, -0.7853981633974483, 1.4142135623730951
657, 36, 243, 194, 241, 192, 2, 2, 0.7853981633974483, 2.8284271247461903
657, 46, 404, 222, 403, 223, 1, -1, -0.7853981633974483, 1.4142135623730951
657, 50, 119, 138, 118, 139, 1, -1, -0.7853981633974483, 1.4142135623730951
658, 6, 49, 194, 51, 195, -2, -1, -2.677945044588987, 2.23606797749979
658, 16, 361, 223, 359, 224, 2, -1, -0.4636476090008061, 2.23606797749979
658, 18, 391, 216, 390, 217, 1, -1, -0.7853981633974483, 1.4142135623730951
658, 22, 354, 246, 352, 247, 2, -1, -0.4636476090008061, 2.23606797749979
658, 23, 171, 137, 170, 138, 1, -1, -0.7853981633974483, 1.4142135623730951
658, 46, 118, 361, 117, 362, 1, -1, -0.7853981633974483, 1.4142135623730951
658, 50, 87, 140, 86, 141, 1, -1, -0.7853981633974483, 1.4142135623730951
659, 5, 68, 369, 67, 370, 1, -1, -0.7853981633974483, 1.4142135623730951
659, 14, 363, 223, 361, 223, 2, 0, 0.0, 2.0
659, 19, 356, 246, 354, 246, 2, 0, 0.0, 2.0
659, 22, 164, 113, 163, 114, 1, -1, -0.7853981633974483, 1.4142135623730951
659, 34, 193, 106, 192, 108, 1, -2, -1.1071487177940904, 2.23606797749979
659, 39, 407, 222, 405, 222, 2, 0, 0.0, 2.0
659, 45, 88, 139, 87, 140, 1, -1, -0.7853981633974483, 1.4142135623730951
659, 50, 371, 252, 369, 252, 2, 0, 0.0, 2.0
660, 11, 620, 233, 618, 234, 2, -1, -0.4636476090008061, 2.23606797749979
660, 20, 362, 225, 360, 225, 2, 0, 0.0, 2.0
660, 25, 84, 341, 83, 342, 1, -1, -0.7853981633974483, 1.4142135623730951
660, 28, 217, 312, 217, 314, 0, -2, -1.5707963267948966, 2.0
660, 39, 487, 223, 485, 223, 2, 0, 0.0, 2.0
660, 43, 335, 250, 333, 250, 2, 0, 0.0, 2.0
660, 45, 284, 323, 285, 325, -1, -2, -2.0344439357957027, 2.23606797749979
660, 46, 22, 323, 21, 324, 1, -1, -0.7853981633974483, 1.4142135623730951
660, 47, 141, 254, 140, 255, 1, -1, -0.7853981633974483, 1.4142135623730951
660, 54, 521, 216, 519, 217, 2, -1, -0.4636476090008061, 2.23606797749979
660, 57, 439, 264, 437, 264, 2, 0, 0.0, 2.0
660, 61, 292, 246, 291, 247, 1, -1, -0.7853981633974483, 1.4142135623730951
660, 68, 50, 196, 52, 198, -2, -2, -2.356194490192345, 2.8284271247461903
660, 71, 357, 248, 354, 249, 3, -1, -0.3217505543966422, 3.1622776601683795
661, 9, 623, 234, 620, 233, 3, 1, 0.3217505543966422, 3.1622776601683795
661, 17, 364, 224, 362, 225, 2, -1, -0.4636476090008061, 2.23606797749979
661, 31, 101, 120, 100, 121, 1, -1, -0.7853981633974483, 1.4142135623730951
661, 36, 489, 222, 487, 223, 2, -1, -0.4636476090008061, 2.23606797749979
661, 49, 523, 215, 521, 216, 2, -1, -0.4636476090008061, 2.23606797749979
661, 52, 441, 264, 439, 264, 2, 0, 0.0, 2.0
661, 60, 44, 366, 43, 367, 1, -1, -0.7853981633974483, 1.4142135623730951
661, 66, 359, 248, 357, 248, 2, 0, 0.0, 2.0
661, 67, 30, 115, 29, 116, 1, -1, -0.7853981633974483, 1.4142135623730951
662, 9, 627, 233, 623, 234, 4, -1, -0.24497866312686414, 4.123105625617661
662, 17, 367, 223, 364, 224, 3, -1, -0.3217505543966422, 3.1622776601683795
662, 34, 491, 221, 489, 222, 2, -1, -0.4636476090008061, 2.23606797749979
662, 41, 142, 252, 141, 253, 1, -1, -0.7853981633974483, 1.4142135623730951
662, 42, 142, 355, 141, 356, 1, -1, -0.7853981633974483, 1.4142135623730951
662, 48, 443, 264, 441, 264, 2, 0, 0.0, 2.0
662, 52, 294, 245, 293, 246, 1, -1, -0.7853981633974483, 1.4142135623730951
662, 59, 47, 195, 49, 196, -2, -1, -2.677945044588987, 2.23606797749979
662, 62, 361, 248, 359, 248, 2, 0, 0.0, 2.0
662, 63, 31, 114, 30, 115, 1, -1, -0.7853981633974483, 1.4142135623730951
663, 9, 629, 233, 627, 233, 2, 0, 0.0, 2.0
663, 27, 102, 119, 101, 120, 1, -1, -0.7853981633974483, 1.4142135623730951
663, 32, 493, 220, 491, 221, 2, -1, -0.4636476090008061, 2.23606797749979
663, 36, 338, 249, 337, 250, 1, -1, -0.7853981633974483, 1.4142135623730951
663, 44, 526, 214, 524, 215, 2, -1, -0.4636476090008061, 2.23606797749979
663, 46, 445, 264, 443, 264, 2, 0, 0.0, 2.0
663, 48, 161, 117, 160, 118, 1, -1, -0.7853981633974483, 1.4142135623730951
663, 49, 295, 244, 294, 245, 1, -1, -0.7853981633974483, 1.4142135623730951
663, 57, 362, 249, 361, 248, 1, 1, 0.7853981633974483, 1.4142135623730951
664, 2, 233, 241, 232, 242, 1, -1, -0.7853981633974483, 1.4142135623730951
664, 17, 370, 222, 368, 223, 2, -1, -0.4636476090008061, 2.23606797749979
664, 42, 528, 213, 526, 214, 2, -1, -0.4636476090008061, 2.23606797749979
664, 44, 446, 263, 445, 264, 1, -1, -0.7853981633974483, 1.4142135623730951
664, 47, 297, 243, 295, 244, 2, -1, -0.4636476090008061, 2.23606797749979
664, 52, 178, 303, 176, 305, 2, -2, -0.7853981633974483, 2.8284271247461903
664, 56, 33, 113, 32, 114, 1, -1, -0.7853981633974483, 1.4142135623730951
665, 6, 160, 271, 161, 273, -1, -2, -2.0344439357957027, 2.23606797749979
665, 13, 219, 221, 220, 223, -1, -2, -2.0344439357957027, 2.23606797749979
665, 17, 157, 159, 158, 161, -1, -2, -2.0344439357957027, 2.23606797749979
665, 24, 176, 140, 175, 141, 1, -1, -0.7853981633974483, 1.4142135623730951
665, 27, 368, 224, 366, 224, 2, 0, 0.0, 2.0
665, 30, 208, 160, 208, 158, 0, 2, 1.5707963267948966, 2.0
665, 38, 30, 149, 30, 151, 0, -2, -1.5707963267948966, 2.0
665, 39, 510, 264, 509, 265, 1, -1, -0.7853981633974483, 1.4142135623730951
665, 49, 337, 249, 336, 250, 1, -1, -0.7853981633974483, 1.4142135623730951
665, 54, 62, 365, 61, 366, 1, -1, -0.7853981633974483, 1.4142135623730951
665, 59, 525, 216, 524, 217, 1, -1, -0.7853981633974483, 1.4142135623730951
665, 60, 296, 246, 295, 247, 1, -1, -0.7853981633974483, 1.4142135623730951
665, 80, 492, 219, 490, 220, 2, -1, -0.4636476090008061, 2.23606797749979
665, 82, 214, 142, 215, 144, -1, -2, -2.0344439357957027, 2.23606797749979
665, 83, 449, 218, 447, 219, 2, -1, -0.4636476090008061, 2.23606797749979
665, 86, 591, 263, 589, 264, 2, -1, -0.4636476090008061, 2.23606797749979
666, 9, 628, 241, 626, 241, 2, 0, 0.0, 2.0
666, 15, 196, 324, 195, 325, 1, -1, -0.7853981633974483, 1.4142135623730951
666, 52, 401, 220, 400, 221, 1, -1, -0.7853981633974483, 1.4142135623730951
666, 54, 527, 215, 525, 216, 2, -1, -0.4636476090008061, 2.23606797749979
666, 55, 297, 245, 296, 246, 1, -1, -0.7853981633974483, 1.4142135623730951
666, 70, 35, 115, 34, 116, 1, -1, -0.7853981633974483, 1.4142135623730951
666, 74, 494, 218, 492, 219, 2, -1, -0.4636476090008061, 2.23606797749979
666, 76, 213, 140, 214, 142, -1, -2, -2.0344439357957027, 2.23606797749979
666, 77, 451, 217, 449, 218, 2, -1, -0.4636476090008061, 2.23606797749979
666, 78, 112, 127, 113, 129, -1, -2, -2.0344439357957027, 2.23606797749979
666, 80, 593, 262, 591, 263, 2, -1, -0.4636476090008061, 2.23606797749979
667, 6, 71, 371, 70, 372, 1, -1, -0.7853981633974483, 1.4142135623730951
667, 8, 632, 241, 628, 241, 4, 0, 0.0, 4.0
667, 23, 370, 223, 369, 224, 1, -1, -0.7853981633974483, 1.4142135623730951
667, 34, 512, 263, 511, 264, 1, -1, -0.7853981633974483, 1.4142135623730951
667, 46, 265, 250, 264, 251, 1, -1, -0.7853981633974483, 1.4142135623730951
667, 48, 402, 219, 401, 220, 1, -1, -0.7853981633974483, 1.4142135623730951
667, 50, 529, 214, 527, 215, 2, -1, -0.4636476090008061, 2.23606797749979
667, 51, 298, 244, 297, 245, 1, -1, -0.7853981633974483, 1.4142135623730951
667, 65, 230, 121, 232, 121, -2, 0, 3.141592653589793, 2.0
667, 67, 17, 141, 16, 142, 1, -1, -0.7853981633974483, 1.4142135623730951
667, 70, 496, 217, 494, 218, 2, -1, -0.4636476090008061, 2.23606797749979
667, 71, 70, 128, 67, 129, 3, -1, -0.3217505543966422, 3.1622776601683795
667, 72, 212, 138, 213, 140, -1, -2, -2.0344439357957027, 2.23606797749979
667, 73, 453, 216, 451, 217, 2, -1, -0.4636476090008061, 2.23606797749979
667, 76, 594, 261, 593, 262, 1, -1, -0.7853981633974483, 1.4142135623730951
668, 7, 634, 242, 632, 241, 2, 1, 0.4636476090008061, 2.23606797749979
668, 22, 373, 222, 370, 223, 3, -1, -0.3217505543966422, 3.1622776601683795
668, 31, 144, 355, 143, 356, 1, -1, -0.7853981633974483, 1.4142135623730951
668, 33, 510, 262, 512, 263, -2, -1, -2.677945044588987, 2.23606797749979
668, 36, 302, 222, 301, 221, 1, 1, 0.7853981633974483, 1.4142135623730951
668, 39, 341, 248, 339, 249, 2, -1, -0.4636476090008061, 2.23606797749979
668, 40, 118, 360, 117, 361, 1, -1, -0.7853981633974483, 1.4142135623730951
668, 48, 531, 213, 529, 214, 2, -1, -0.4636476090008061, 2.23606797749979
668, 49, 300, 244, 298, 244, 2, 0, 0.0, 2.0
668, 57, 81, 366, 80, 367, 1, -1, -0.7853981633974483, 1.4142135623730951
668, 58, 8, 268, 7, 269, 1, -1, -0.7853981633974483, 1.4142135623730951
668, 67, 499, 216, 496, 217, 3, -1, -0.3217505543966422, 3.1622776601683795
668, 69, 455, 215, 453, 216, 2, -1, -0.4636476090008061, 2.23606797749979
668, 72, 597, 260, 594, 261, 3, -1, -0.3217505543966422, 3.1622776601683795
669, 6, 72, 370, 71, 371, 1, -1, -0.7853981633974483, 1.4142135623730951
669, 7, 635, 240, 634, 242, 1, -2, -1.1071487177940904, 2.23606797749979
669, 19, 375, 221, 373, 222, 2, -1, -0.4636476090008061, 2.23606797749979
669, 35, 343, 248, 341, 248, 2, 0, 0.0, 2.0
669, 43, 533, 212, 531, 213, 2, -1, -0.4636476090008061, 2.23606797749979
669, 44, 302, 244, 300, 244, 2, 0, 0.0, 2.0
669, 50, 82, 365, 81, 366, 1, -1, -0.7853981633974483, 1.4142135623730951
669, 56, 36, 113, 35, 114, 1, -1, -0.7853981633974483, 1.4142135623730951
669, 57, 18, 140, 17, 141, 1, -1, -0.7853981633974483, 1.4142135623730951
669, 59, 501, 215, 499, 216, 2, -1, -0.4636476090008061, 2.23606797749979
669, 61, 457, 214, 455, 215, 2, -1, -0.4636476090008061, 2.23606797749979
669, 64, 599, 259, 597, 260, 2, -1, -0.4636476090008061, 2.23606797749979
670, 1, 220, 197, 222, 196, -2, 1, 2.677945044588987, 2.23606797749979
670, 12, 381, 251, 379, 252, 2, -1, -0.4636476090008061, 2.23606797749979
670, 15, 417, 218, 416, 219, 1, -1, -0.7853981633974483, 1.4142135623730951
670, 17, 84, 370, 83, 371, 1, -1, -0.7853981633974483, 1.4142135623730951
670, 47, 375, 222, 373, 223, 2, -1, -0.4636476090008061, 2.23606797749979
670, 68, 303, 248, 301, 248, 2, 0, 0.0, 2.0
670, 69, 19, 141, 18, 142, 1, -1, -0.7853981633974483, 1.4142135623730951
670, 71, 105, 119, 104, 120, 1, -1, -0.7853981633974483, 1.4142135623730951
670, 73, 339, 252, 337, 253, 2, -1, -0.4636476090008061, 2.23606797749979
670, 76, 536, 213, 534, 214, 2, -1, -0.4636476090008061, 2.23606797749979
670, 77, 455, 217, 453, 218, 2, -1, -0.4636476090008061, 2.23606797749979
670, 80, 596, 263, 595, 264, 1, -1, -0.7853981633974483, 1.4142135623730951
670, 84, 37, 115, 36, 116, 1, -1, -0.7853981633974483, 1.4142135623730951
671, 5, 50, 346, 51, 348, -1, -2, -2.0344439357957027, 2.23606797749979
671, 6, 85, 339, 86, 341, -1, -2, -2.0344439357957027, 2.23606797749979
671, 7, 188, 143, 187, 142, 1, 1, 0.7853981633974483, 1.4142135623730951
671, 11, 383, 252, 381, 251, 2, 1, 0.4636476090008061, 2.23606797749979
671, 12, 40, 253, 40, 251, 0, 2, 1.5707963267948966, 2.0
671, 13, 419, 218, 417, 218, 2, 0, 0.0, 2.0
671, 19, 179, 138, 178, 140, 1, -2, -1.1071487177940904, 2.23606797749979
671, 21, 165, 310, 165, 312, 0, -2, -1.5707963267948966, 2.0
671, 27, 92, 335, 93, 337, -1, -2, -2.0344439357957027, 2.23606797749979
671, 28, 7, 194, 6, 195, 1, -1, -0.7853981633974483, 1.4142135623730951
671, 43, 376, 219, 375, 222, 1, -3, -1.2490457723982544, 3.1622776601683795
671, 45, 36, 349, 37, 351, -1, -2, -2.0344439357957027, 2.23606797749979
671, 55, 566, 217, 564, 218, 2, -1, -0.4636476090008061, 2.23606797749979
671, 61, 305, 247, 303, 248, 2, -1, -0.4636476090008061, 2.23606797749979
671, 64, 106, 118, 105, 119, 1, -1, -0.7853981633974483, 1.4142135623730951
671, 66, 340, 251, 339, 252, 1, -1, -0.7853981633974483, 1.4142135623730951
671, 69, 537, 212, 536, 213, 1, -1, -0.7853981633974483, 1.4142135623730951
671, 70, 457, 216, 455, 217, 2, -1, -0.4636476090008061, 2.23606797749979
671, 73, 598, 263, 596, 263, 2, 0, 0.0, 2.0
672, 41, 378, 218, 376, 219, 2, -1, -0.4636476090008061, 2.23606797749979
672, 43, 37, 348, 36, 349, 1, -1, -0.7853981633974483, 1.4142135623730951
672, 59, 306, 246, 305, 247, 1, -1, -0.7853981633974483, 1.4142135623730951
672, 60, 20, 139, 19, 140, 1, -1, -0.7853981633974483, 1.4142135623730951
672, 64, 342, 250, 340, 251, 2, -1, -0.4636476090008061, 2.23606797749979
672, 68, 458, 215, 457, 216, 1, -1, -0.7853981633974483, 1.4142135623730951
672, 69, 203, 128, 205, 129, -2, -1, -2.677945044588987, 2.23606797749979
672, 70, 600, 263, 598, 263, 2, 0, 0.0, 2.0
672, 75, 366, 255, 364, 255, 2, 0, 0.0, 2.0
673, 6, 86, 337, 85, 338, 1, -1, -0.7853981633974483, 1.4142135623730951
673, 12, 420, 216, 419, 217, 1, -1, -0.7853981633974483, 1.4142135623730951
673, 25, 94, 334, 93, 335, 1, -1, -0.7853981633974483, 1.4142135623730951
673, 39, 380, 217, 378, 218, 2, -1, -0.4636476090008061, 2.23606797749979
673, 48, 91, 142, 90, 143, 1, -1, -0.7853981633974483, 1.4142135623730951
673, 58, 21, 138, 20, 139, 1, -1, -0.7853981633974483, 1.4142135623730951
673, 60, 107, 117, 106, 118, 1, -1, -0.7853981633974483, 1.4142135623730951
673, 62, 344, 249, 342, 250, 2, -1, -0.4636476090008061, 2.23606797749979
673, 65, 540, 212, 538, 212, 2, 0, 0.0, 2.0
673, 68, 602, 262, 600, 263, 2, -1, -0.4636476090008061, 2.23606797749979
673, 72, 39, 114, 38, 115, 1, -1, -0.7853981633974483, 1.4142135623730951
674, 12, 423, 214, 420, 216, 3, -2, -0.5880026035475675, 3.605551275463989
674, 39, 382, 217, 380, 217, 2, 0, 0.0, 2.0
674, 50, 35, 169, 37, 170, -2, -1, -2.677945044588987, 2.23606797749979
674, 51, 567, 214, 565, 216, 2, -2, -0.7853981633974483, 2.8284271247461903
674, 57, 309, 246, 307, 246, 2, 0, 0.0, 2.0
674, 62, 346, 248, 344, 249, 2, -1, -0.4636476090008061, 2.23606797749979
674, 65, 541, 211, 540, 212, 1, -1, -0.7853981633974483, 1.4142135623730951
674, 66, 461, 214, 459, 215, 2, -1, -0.4636476090008061, 2.23606797749979
674, 73, 371, 256, 367, 255, 4, 1, 0.24497866312686414, 4.123105625617661
675, 7, 76, 373, 75, 374, 1, -1, -0.7853981633974483, 1.4142135623730951
675, 8, 635, 233, 637, 233, -2, 0, 3.141592653589793, 2.0
675, 12, 189, 147, 188, 148, 1, -1, -0.7853981633974483, 1.4142135623730951
675, 14, 382, 222, 379, 222, 3, 0, 0.0, 3.0
675, 17, 147, 357, 146, 358, 1, -1, -0.7853981633974483, 1.4142135623730951
675, 19, 44, 235, 48, 233, -4, 2, 2.677945044588987, 4.47213595499958
675, 36, 309, 250, 307, 251, 2, -1, -0.4636476090008061, 2.23606797749979
675, 46, 121, 362, 120, 363, 1, -1, -0.7853981633974483, 1.4142135623730951
675, 53, 540, 214, 538, 214, 2, 0, 0.0, 2.0
676, 14, 384, 221, 382, 222, 2, -1, -0.4636476090008061, 2.23606797749979
676, 35, 311, 250, 309, 250, 2, 0, 0.0, 2.0
676, 47, 259, 266, 259, 268, 0, -2, -1.5707963267948966, 2.0
676, 52, 542, 214, 540, 214, 2, 0, 0.0, 2.0
677, 6, 633, 233, 635, 232, -2, 1, 2.677945044588987, 2.23606797749979
677, 12, 386, 220, 384, 221, 2, -1, -0.4636476090008061, 2.23606797749979
677, 50, 544, 214, 542, 214, 2, 0, 0.0, 2.0
677, 52, 41, 115, 40, 116, 1, -1, -0.7853981633974483, 1.4142135623730951
677, 53, 522, 266, 524, 267, -2, -1, -2.677945044588987, 2.23606797749979
678, 3, 78, 245, 79, 247, -1, -2, -2.0344439357957027, 2.23606797749979
678, 6, 635, 232, 633, 233, 2, -1, -0.4636476090008061, 2.23606797749979
678, 12, 388, 220, 386, 220, 2, 0, 0.0, 2.0
678, 18, 200, 323, 199, 324, 1, -1, -0.7853981633974483, 1.4142135623730951
678, 32, 314, 250, 312, 250, 2, 0, 0.0, 2.0
678, 45, 242, 200, 243, 199, -1, 1, 2.356194490192345, 1.4142135623730951
678, 47, 546, 214, 544, 214, 2, 0, 0.0, 2.0
679, 6, 635, 234, 635, 232, 0, 2, 1.5707963267948966, 2.0
679, 12, 390, 220, 388, 220, 2, 0, 0.0, 2.0
679, 21, 143, 161, 142, 162, 1, -1, -0.7853981633974483, 1.4142135623730951
679, 32, 316, 250, 314, 250, 2, 0, 0.0, 2.0
679, 47, 548, 213, 546, 214, 2, -1, -0.4636476090008061, 2.23606797749979
679, 50, 520, 265, 522, 266, -2, -1, -2.677945044588987, 2.23606797749979
680, 29, 387, 220, 385, 221, 2, -1, -0.4636476090008061, 2.23606797749979
681, 27, 389, 219, 387, 220, 2, -1, -0.4636476090008061, 2.23606797749979
682, 24, 390, 218, 389, 219, 1, -1, -0.7853981633974483, 1.4142135623730951
683, 15, 179, 333, 178, 332, 1, 1, 0.7853981633974483, 1.4142135623730951
683, 21, 6, 194, 8, 195, -2, -1, -2.677945044588987, 2.23606797749979
683, 23, 392, 217, 390, 218, 2, -1, -0.4636476090008061, 2.23606797749979
683, 26, 243, 201, 244, 200, -1, 1, 2.356194490192345, 1.4142135623730951
684, 19, 202, 321, 201, 322, 1, -1, -0.7853981633974483, 1.4142135623730951
684, 20, 7, 193, 6, 194, 1, -1, -0.7853981633974483, 1.4142135623730951
684, 21, 394, 215, 392, 217, 2, -2, -0.7853981633974483, 2.8284271247461903
685, 8, 9, 146, 7, 146, 2, 0, 0.0, 2.0
685, 16, 86, 365, 85, 366, 1, -1, -0.7853981633974483, 1.4142135623730951
685, 18, 418, 218, 417, 219, 1, -1, -0.7853981633974483, 1.4142135623730951
685, 22, 12, 265, 11, 266, 1, -1, -0.7853981633974483, 1.4142135623730951
685, 33, 382, 252, 381, 253, 1, -1, -0.7853981633974483, 1.4142135623730951
685, 34, 538, 265, 536, 266, 2, -1, -0.4636476090008061, 2.23606797749979
685, 40, 394, 219, 391, 220, 3, -1, -0.3217505543966422, 3.1622776601683795
685, 42, 434, 220, 431, 221, 3, -1, -0.3217505543966422, 3.1622776601683795
685, 49, 552, 212, 550, 213, 2, -1, -0.4636476090008061, 2.23606797749979
685, 51, 471, 262, 468, 263, 3, -1, -0.3217505543966422, 3.1622776601683795
685, 59, 615, 264, 613, 264, 2, 0, 0.0, 2.0
686, 10, 100, 336, 99, 337, 1, -1, -0.7853981633974483, 1.4142135623730951
686, 32, 384, 252, 382, 252, 2, 0, 0.0, 2.0
686, 33, 540, 266, 538, 265, 2, 1, 0.4636476090008061, 2.23606797749979
686, 38, 396, 218, 394, 219, 2, -1, -0.4636476090008061, 2.23606797749979
686, 40, 436, 220, 434, 220, 2, 0, 0.0, 2.0
686, 43, 580, 217, 576, 218, 4, -1, -0.24497866312686414, 4.123105625617661
686, 46, 553, 211, 552, 212, 1, -1, -0.7853981633974483, 1.4142135623730951
686, 48, 473, 262, 471, 262, 2, 0, 0.0, 2.0
686, 51, 61, 372, 60, 373, 1, -1, -0.7853981633974483, 1.4142135623730951
686, 52, 27, 140, 26, 141, 1, -1, -0.7853981633974483, 1.4142135623730951
686, 56, 617, 264, 615, 264, 2, 0, 0.0, 2.0
686, 57, 40, 348, 39, 349, 1, -1, -0.7853981633974483, 1.4142135623730951
686, 61, 180, 118, 179, 119, 1, -1, -0.7853981633974483, 1.4142135623730951
687, 14, 88, 364, 87, 365, 1, -1, -0.7853981633974483, 1.4142135623730951
687, 20, 13, 263, 12, 264, 1, -1, -0.7853981633974483, 1.4142135623730951
687, 30, 386, 251, 384, 252, 2, -1, -0.4636476090008061, 2.23606797749979
687, 35, 397, 217, 396, 218, 1, -1, -0.7853981633974483, 1.4142135623730951
687, 41, 91, 339, 90, 340, 1, -1, -0.7853981633974483, 1.4142135623730951
687, 43, 555, 210, 553, 211, 2, -1, -0.4636476090008061, 2.23606797749979
687, 45, 475, 261, 473, 262, 2, -1, -0.4636476090008061, 2.23606797749979
687, 49, 28, 139, 27, 140, 1, -1, -0.7853981633974483, 1.4142135623730951
687, 53, 620, 263, 617, 264, 3, -1, -0.3217505543966422, 3.1622776601683795
687, 58, 181, 117, 180, 118, 1, -1, -0.7853981633974483, 1.4142135623730951
688, 7, 80, 370, 79, 371, 1, -1, -0.7853981633974483, 1.4142135623730951
688, 28, 388, 250, 386, 251, 2, -1, -0.4636476090008061, 2.23606797749979
688, 29, 543, 265, 541, 266, 2, -1, -0.4636476090008061, 2.23606797749979
688, 40, 477, 261, 475, 261, 2, 0, 0.0, 2.0
688, 43, 62, 370, 61, 371, 1, -1, -0.7853981633974483, 1.4142135623730951
688, 48, 622, 263, 620, 263, 2, 0, 0.0, 2.0
688, 50, 127, 362, 126, 363, 1, -1, -0.7853981633974483, 1.4142135623730951
689, 12, 89, 363, 88, 364, 1, -1, -0.7853981633974483, 1.4142135623730951
689, 27, 390, 249, 388, 250, 2, -1, -0.4636476090008061, 2.23606797749979
689, 28, 544, 266, 543, 265, 1, 1, 0.7853981633974483, 1.4142135623730951
689, 32, 400, 217, 398, 217, 2, 0, 0.0, 2.0
689, 43, 30, 138, 29, 139, 1, -1, -0.7853981633974483, 1.4142135623730951
689, 47, 624, 263, 622, 263, 2, 0, 0.0, 2.0
689, 48, 40, 346, 39, 347, 1, -1, -0.7853981633974483, 1.4142135623730951
689, 52, 182, 115, 181, 116, 1, -1, -0.7853981633974483, 1.4142135623730951
690, 35, 400, 217, 398, 218, 2, -1, -0.4636476090008061, 2.23606797749979
690, 41, 520, 222, 519, 223, 1, -1, -0.7853981633974483, 1.4142135623730951
690, 43, 389, 217, 387, 218, 2, -1, -0.4636476090008061, 2.23606797749979
690, 48, 155, 357, 154, 358, 1, -1, -0.7853981633974483, 1.4142135623730951
690, 53, 142, 337, 141, 338, 1, -1, -0.7853981633974483, 1.4142135623730951
690, 59, 320, 223, 319, 224, 1, -1, -0.7853981633974483, 1.4142135623730951
691, 17, 90, 271, 89, 272, 1, -1, -0.7853981633974483, 1.4142135623730951
691, 37, 522, 222, 520, 222, 2, 0, 0.0, 2.0
691, 39, 391, 216, 389, 217, 2, -1, -0.4636476090008061, 2.23606797749979
691, 43, 49, 112, 48, 113, 1, -1, -0.7853981633974483, 1.4142135623730951
692, 29, 404, 217, 401, 217, 3, 0, 0.0, 3.0
692, 34, 13, 148, 12, 149, 1, -1, -0.7853981633974483, 1.4142135623730951
692, 35, 524, 221, 522, 222, 2, -1, -0.4636476090008061, 2.23606797749979
692, 37, 393, 215, 391, 216, 2, -1, -0.4636476090008061, 2.23606797749979
692, 43, 181, 111, 180, 112, 1, -1, -0.7853981633974483, 1.4142135623730951
692, 47, 143, 335, 142, 336, 1, -1, -0.7853981633974483, 1.4142135623730951
693, 4, 82, 370, 81, 371, 1, -1, -0.7853981633974483, 1.4142135623730951
693, 28, 406, 217, 404, 217, 2, 0, 0.0, 2.0
693, 30, 41, 349, 40, 350, 1, -1, -0.7853981633974483, 1.4142135623730951
693, 34, 527, 220, 524, 221, 3, -1, -0.3217505543966422, 3.1622776601683795
693, 36, 395, 214, 393, 215, 2, -1, -0.4636476090008061, 2.23606797749979
693, 40, 51, 111, 49, 111, 2, 0, 0.0, 2.0
694, 27, 408, 216, 406, 217, 2, -1, -0.4636476090008061, 2.23606797749979
694, 35, 396, 213, 395, 214, 1, -1, -0.7853981633974483, 1.4142135623730951
694, 39, 52, 110, 51, 111, 1, -1, -0.7853981633974483, 1.4142135623730951
694, 47, 70, 120, 72, 121, -2, -1, -2.677945044588987, 2.23606797749979
695, 25, 431, 217, 429, 218, 2, -1, -0.4636476090008061, 2.23606797749979
695, 36, 405, 218, 403, 218, 2, 0, 0.0, 2.0
695, 40, 527, 223, 525, 223, 2, 0, 0.0, 2.0
695, 44, 563, 215, 561, 216, 2, -1, -0.4636476090008061, 2.23606797749979
695, 45, 219, 316, 222, 315, -3, 1, 2.819842099193151, 3.1622776601683795
695, 47, 590, 212, 589, 213, 1, -1, -0.7853981633974483, 1.4142135623730951
696, 10, 193, 144, 192, 145, 1, -1, -0.7853981633974483, 1.4142135623730951
696, 33, 208, 163, 207, 164, 1, -1, -0.7853981633974483, 1.4142135623730951
696, 35, 407, 217, 405, 218, 2, -1, -0.4636476090008061, 2.23606797749979
696, 38, 529, 223, 527, 223, 2, 0, 0.0, 2.0
696, 41, 565, 215, 563, 215, 2, 0, 0.0, 2.0
697, 34, 157, 354, 156, 355, 1, -1, -0.7853981633974483, 1.4142135623730951
697, 35, 531, 223, 529, 223, 2, 0, 0.0, 2.0
697, 37, 98, 306, 98, 308, 0, -2, -1.5707963267948966, 2.0
697, 38, 567, 214, 565, 215, 2, -1, -0.4636476090008061, 2.23606797749979
697, 39, 219, 314, 219, 316, 0, -2, -1.5707963267948966, 2.0
697, 41, 593, 212, 591, 212, 2, 0, 0.0, 2.0
698, 20, 294, 213, 293, 214, 1, -1, -0.7853981633974483, 1.4142135623730951
698, 27, 410, 217, 408, 217, 2, 0, 0.0, 2.0
698, 30, 532, 222, 531, 223, 1, -1, -0.7853981633974483, 1.4142135623730951
698, 33, 569, 214, 567, 214, 2, 0, 0.0, 2.0
699, 18, 435, 216, 434, 217, 1, -1, -0.7853981633974483, 1.4142135623730951
699, 27, 412, 217, 410, 217, 2, 0, 0.0, 2.0
699, 30, 534, 221, 532, 222, 2, -1, -0.4636476090008061, 2.23606797749979
699, 33, 570, 213, 569, 214, 1, -1, -0.7853981633974483, 1.4142135623730951
699, 34, 273, 221, 272, 222, 1, -1, -0.7853981633974483, 1.4142135623730951
700, 33, 403, 224, 401, 224, 2, 0, 0.0, 2.0
700, 34, 411, 217, 409, 219, 2, -2, -0.7853981633974483, 2.8284271247461903
700, 44, 567, 211, 565, 212, 2, -1, -0.4636476090008061, 2.23606797749979
700, 57, 529, 220, 527, 220, 2, 0, 0.0, 2.0
700, 59, 487, 217, 485, 218, 2, -1, -0.4636476090008061, 2.23606797749979
700, 60, 633, 263, 631, 264, 2, -1, -0.4636476090008061, 2.23606797749979
701, 30, 332, 225, 330, 225, 2, 0, 0.0, 2.0
701, 32, 404, 222, 403, 224, 1, -2, -1.1071487177940904, 2.23606797749979
701, 33, 414, 216, 411, 217, 3, -1, -0.3217505543966422, 3.1622776601683795
701, 42, 569, 210, 567, 211, 2, -1, -0.4636476090008061, 2.23606797749979
701, 54, 531, 219, 529, 220, 2, -1, -0.4636476090008061, 2.23606797749979
701, 56, 489, 216, 487, 217, 2, -1, -0.4636476090008061, 2.23606797749979
701, 57, 635, 263, 633, 263, 2, 0, 0.0, 2.0
702, 7, 94, 367, 93, 368, 1, -1, -0.7853981633974483, 1.4142135623730951
702, 8, 18, 149, 17, 150, 1, -1, -0.7853981633974483, 1.4142135623730951
702, 17, 102, 333, 101, 334, 1, -1, -0.7853981633974483, 1.4142135623730951
702, 30, 334, 225, 332, 225, 2, 0, 0.0, 2.0
702, 32, 405, 221, 404, 222, 1, -1, -0.7853981633974483, 1.4142135623730951
702, 33, 416, 215, 414, 216, 2, -1, -0.4636476090008061, 2.23606797749979
702, 37, 58, 347, 57, 348, 1, -1, -0.7853981633974483, 1.4142135623730951
702, 42, 571, 209, 569, 210, 2, -1, -0.4636476090008061, 2.23606797749979
702, 54, 533, 218, 531, 219, 2, -1, -0.4636476090008061, 2.23606797749979
702, 56, 491, 215, 489, 216, 2, -1, -0.4636476090008061, 2.23606797749979
703, 6, 207, 320, 207, 322, 0, -2, -1.5707963267948966, 2.0
703, 22, 381, 251, 379, 251, 2, 0, 0.0, 2.0
703, 25, 158, 354, 157, 355, 1, -1, -0.7853981633974483, 1.4142135623730951
703, 32, 407, 221, 405, 221, 2, 0, 0.0, 2.0
703, 33, 417, 214, 416, 215, 1, -1, -0.7853981633974483, 1.4142135623730951
703, 40, 188, 112, 185, 111, 3, 1, 0.3217505543966422, 3.1622776601683795
703, 42, 573, 208, 571, 209, 2, -1, -0.4636476090008061, 2.23606797749979
703, 52, 78, 346, 75, 348, 3, -2, -0.5880026035475675, 3.605551275463989
703, 54, 535, 218, 533, 218, 2, 0, 0.0, 2.0
703, 56, 493, 214, 491, 215, 2, -1, -0.4636476090008061, 2.23606797749979
704, 17, 103, 331, 102, 332, 1, -1, -0.7853981633974483, 1.4142135623730951
704, 22, 382, 250, 381, 251, 1, -1, -0.7853981633974483, 1.4142135623730951
704, 29, 54, 343, 53, 344, 1, -1, -0.7853981633974483, 1.4142135623730951
704, 30, 337, 225, 335, 225, 2, 0, 0.0, 2.0
704, 32, 409, 221, 407, 221, 2, 0, 0.0, 2.0
704, 33, 418, 213, 417, 214, 1, -1, -0.7853981633974483, 1.4142135623730951
704, 41, 574, 207, 573, 208, 1, -1, -0.7853981633974483, 1.4142135623730951
704, 54, 495, 213, 493, 214, 2, -1, -0.4636476090008061, 2.23606797749979
705, 32, 576, 212, 575, 213, 1, -1, -0.7853981633974483, 1.4142135623730951
705, 37, 335, 226, 333, 226, 2, 0, 0.0, 2.0
705, 49, 539, 222, 537, 223, 2, -1, -0.4636476090008061, 2.23606797749979
705, 52, 57, 111, 56, 112, 1, -1, -0.7853981633974483, 1.4142135623730951
705, 53, 418, 216, 416, 216, 2, 0, 0.0, 2.0
705, 69, 142, 312, 141, 313, 1, -1, -0.7853981633974483, 1.4142135623730951
706, 3, 9, 145, 7, 148, 2, -3, -0.982793723247329, 3.605551275463989
706, 14, 86, 372, 86, 375, 0, -3, -1.5707963267948966, 3.0
706, 15, 400, 254, 402, 255, -2, -1, -2.677945044588987, 2.23606797749979
706, 28, 104, 331, 103, 332, 1, -1, -0.7853981633974483, 1.4142135623730951
706, 34, 381, 252, 380, 253, 1, -1, -0.7853981633974483, 1.4142135623730951
706, 35, 337, 223, 335, 226, 2, -3, -0.982793723247329, 3.605551275463989
706, 43, 5, 264, 5, 267, 0, -3, -1.5707963267948966, 3.0
706, 47, 541, 222, 539, 222, 2, 0, 0.0, 2.0
706, 50, 62, 110, 57, 111, 5, -1, -0.19739555984988075, 5.0990195135927845
706, 51, 420, 216, 418, 216, 2, 0, 0.0, 2.0
706, 67, 139, 313, 142, 312, -3, 1, 2.819842099193151, 3.1622776601683795
707, 15, 399, 252, 400, 254, -1, -2, -2.0344439357957027, 2.23606797749979
707, 27, 102, 330, 104, 331, -2, -1, -2.677945044588987, 2.23606797749979
707, 33, 383, 252, 381, 252, 2, 0, 0.0, 2.0
707, 46, 543, 222, 541, 222, 2, 0, 0.0, 2.0
707, 49, 422, 216, 420, 216, 2, 0, 0.0, 2.0
707, 59, 229, 306, 230, 308, -1, -2, -2.0344439357957027, 2.23606797749979
707, 63, 90, 121, 89, 122, 1, -1, -0.7853981633974483, 1.4142135623730951
708, 14, 401, 251, 399, 252, 2, -1, -0.4636476090008061, 2.23606797749979
708, 28, 580, 211, 578, 212, 2, -1, -0.4636476090008061, 2.23606797749979
708, 32, 385, 252, 383, 252, 2, 0, 0.0, 2.0
708, 48, 425, 215, 422, 216, 3, -1, -0.3217505543966422, 3.1622776601683795
708, 49, 248, 286, 248, 288, 0, -2, -1.5707963267948966, 2.0
708, 60, 91, 120, 90, 121, 1, -1, -0.7853981633974483, 1.4142135623730951
709, 12, 402, 252, 401, 251, 1, 1, 0.7853981633974483, 1.4142135623730951
709, 26, 582, 211, 580, 211, 2, 0, 0.0, 2.0
709, 31, 341, 223, 339, 223, 2, 0, 0.0, 2.0
709, 46, 426, 214, 425, 215, 1, -1, -0.7853981633974483, 1.4142135623730951
710, 3, 91, 293, 90, 294, 1, -1, -0.7853981633974483, 1.4142135623730951
710, 22, 341, 227, 339, 227, 2, 0, 0.0, 2.0
710, 50, 500, 217, 498, 217, 2, 0, 0.0, 2.0
710, 57, 582, 213, 580, 214, 2, -1, -0.4636476090008061, 2.23606797749979
710, 58, 544, 223, 542, 223, 2, 0, 0.0, 2.0
711, 1, 248, 246, 247, 248, 1, -2, -1.1071487177940904, 2.23606797749979
711, 14, 446, 221, 445, 222, 1, -1, -0.7853981633974483, 1.4142135623730951
711, 19, 343, 226, 341, 227, 2, -1, -0.4636476090008061, 2.23606797749979
711, 45, 502, 216, 500, 217, 2, -1, -0.4636476090008061, 2.23606797749979
711, 52, 584, 213, 582, 213, 2, 0, 0.0, 2.0
711, 53, 546, 222, 544, 223, 2, -1, -0.4636476090008061, 2.23606797749979
711, 56, 63, 110, 62, 112, 1, -2, -1.1071487177940904, 2.23606797749979
712, 8, 193, 146, 194, 145, -1, 1, 2.356194490192345, 1.4142135623730951
712, 12, 447, 222, 446, 221, 1, 1, 0.7853981633974483, 1.4142135623730951
712, 21, 184, 142, 186, 142, -2, 0, 3.141592653589793, 2.0
712, 23, 112, 289, 113, 288, -1, 1, 2.356194490192345, 1.4142135623730951
712, 42, 504, 216, 502, 216, 2, 0, 0.0, 2.0
712, 49, 586, 212, 584, 213, 2, -1, -0.4636476090008061, 2.23606797749979
712, 50, 549, 222, 546, 222, 3, 0, 0.0, 3.0
713, 1, 249, 245, 248, 246, 1, -1, -0.7853981633974483, 1.4142135623730951
713, 17, 345, 224, 343, 225, 2, -1, -0.4636476090008061, 2.23606797749979
713, 33, 190, 110, 189, 111, 1, -1, -0.7853981633974483, 1.4142135623730951
713, 39, 170, 253, 169, 254, 1, -1, -0.7853981633974483, 1.4142135623730951
713, 40, 5, 263, 4, 264, 1, -1, -0.7853981633974483, 1.4142135623730951
713, 41, 506, 216, 504, 216, 2, 0, 0.0, 2.0
713, 48, 588, 212, 586, 212, 2, 0, 0.0, 2.0
713, 52, 65, 109, 64, 110, 1, -1, -0.7853981633974483, 1.4142135623730951
713, 56, 171, 247, 172, 249, -1, -2, -2.0344439357957027, 2.23606797749979
714, 6, 248, 286, 247, 290, 1, -4, -1.3258176636680326, 4.123105625617661
714, 9, 226, 303, 225, 306, 1, -3, -1.2490457723982544, 3.1622776601683795
714, 17, 347, 223, 345, 224, 2, -1, -0.4636476090008061, 2.23606797749979
714, 18, 54, 157, 51, 158, 3, -1, -0.3217505543966422, 3.1622776601683795
714, 19, 105, 309, 102, 312, 3, -3, -0.7853981633974483, 4.242640687119285
714, 33, 162, 351, 161, 354, 1, -3, -1.2490457723982544, 3.1622776601683795
714, 40, 508, 216, 506, 216, 2, 0, 0.0, 2.0
714, 41, 131, 139, 130, 140, 1, -1, -0.7853981633974483, 1.4142135623730951
714, 47, 590, 212, 588, 212, 2, 0, 0.0, 2.0
714, 48, 552, 222, 550, 222, 2, 0, 0.0, 2.0
715, 14, 419, 222, 417, 222, 2, 0, 0.0, 2.0
715, 17, 347, 223, 345, 224, 2, -1, -0.4636476090008061, 2.23606797749979
715, 24, 450, 216, 449, 217, 1, -1, -0.7853981633974483, 1.4142135623730951
715, 40, 429, 216, 427, 217, 2, -1, -0.4636476090008061, 2.23606797749979
715, 46, 430, 255, 428, 254, 2, 1, 0.4636476090008061, 2.23606797749979
715, 51, 585, 214, 583, 215, 2, -1, -0.4636476090008061, 2.23606797749979
715, 67, 549, 222, 548, 223, 1, -1, -0.7853981633974483, 1.4142135623730951
715, 70, 350, 252, 348, 253, 2, -1, -0.4636476090008061, 2.23606797749979
715, 74, 505, 216, 503, 217, 2, -1, -0.4636476090008061, 2.23606797749979
715, 77, 92, 276, 93, 275, -1, 1, 2.356194490192345, 1.4142135623730951
716, 0, 249, 248, 248, 249, 1, -1, -0.7853981633974483, 1.4142135623730951
716, 13, 421, 221, 419, 222, 2, -1, -0.4636476090008061, 2.23606797749979
716, 16, 349, 222, 347, 223, 2, -1, -0.4636476090008061, 2.23606797749979
716, 23, 451, 215, 450, 216, 1, -1, -0.7853981633974483, 1.4142135623730951
716, 37, 431, 214, 429, 216, 2, -2, -0.7853981633974483, 2.8284271247461903
716, 47, 191, 109, 191, 111, 0, -2, -1.5707963267948966, 2.0
716, 48, 587, 213, 585, 214, 2, -1, -0.4636476090008061, 2.23606797749979
716, 53, 133, 131, 133, 133, 0, -2, -1.5707963267948966, 2.0
716, 55, 118, 289, 115, 291, 3, -2, -0.5880026035475675, 3.605551275463989
716, 64, 551, 222, 549, 222, 2, 0, 0.0, 2.0
716, 67, 352, 252, 350, 252, 2, 0, 0.0, 2.0
716, 71, 507, 216, 505, 216, 2, 0, 0.0, 2.0
716, 74, 94, 275, 92, 276, 2, -1, -0.4636476090008061, 2.23606797749979
716, 76, 417, 260, 415, 259, 2, 1, 0.4636476090008061, 2.23606797749979
717, 13, 423, 220, 421, 221, 2, -1, -0.4636476090008061, 2.23606797749979
717, 23, 453, 214, 451, 215, 2, -1, -0.4636476090008061, 2.23606797749979
717, 36, 434, 213, 431, 214, 3, -1, -0.3217505543966422, 3.1622776601683795
717, 37, 98, 332, 97, 333, 1, -1, -0.7853981633974483, 1.4142135623730951
717, 42, 432, 253, 431, 255, 1, -2, -1.1071487177940904, 2.23606797749979
717, 47, 589, 212, 587, 213, 2, -1, -0.4636476090008061, 2.23606797749979
717, 61, 553, 221, 551, 222, 2, -1, -0.4636476090008061, 2.23606797749979
717, 63, 352, 250, 352, 252, 0, -2, -1.5707963267948966, 2.0
717, 67, 508, 215, 507, 216, 1, -1, -0.7853981633974483, 1.4142135623730951
718, 10, 12, 287, 11, 288, 1, -1, -0.7853981633974483, 1.4142135623730951
718, 12, 425, 219, 423, 220, 2, -1, -0.4636476090008061, 2.23606797749979
718, 15, 350, 221, 349, 222, 1, -1, -0.7853981633974483, 1.4142135623730951
718, 21, 455, 213, 453, 214, 2, -1, -0.4636476090008061, 2.23606797749979
718, 34, 436, 212, 434, 213, 2, -1, -0.4636476090008061, 2.23606797749979
718, 39, 105, 308, 104, 309, 1, -1, -0.7853981633974483, 1.4142135623730951
718, 40, 436, 252, 432, 253, 4, -1, -0.24497866312686414, 4.123105625617661
718, 45, 592, 211, 589, 212, 3, -1, -0.3217505543966422, 3.1622776601683795
718, 51, 72, 370, 71, 371, 1, -1, -0.7853981633974483, 1.4142135623730951
718, 56, 556, 220, 553, 221, 3, -1, -0.3217505543966422, 3.1622776601683795
718, 57, 354, 250, 352, 250, 2, 0, 0.0, 2.0
718, 58, 218, 104, 217, 105, 1, -1, -0.7853981633974483, 1.4142135623730951
718, 61, 510, 214, 508, 215, 2, -1, -0.4636476090008061, 2.23606797749979
718, 66, 420, 260, 418, 260, 2, 0, 0.0, 2.0
719, 11, 427, 218, 425, 219, 2, -1, -0.4636476090008061, 2.23606797749979
719, 19, 457, 212, 455, 213, 2, -1, -0.4636476090008061, 2.23606797749979
719, 32, 438, 211, 436, 212, 2, -1, -0.4636476090008061, 2.23606797749979
719, 42, 594, 210, 592, 211, 2, -1, -0.4636476090008061, 2.23606797749979
719, 53, 558, 219, 556, 220, 2, -1, -0.4636476090008061, 2.23606797749979
719, 54, 356, 249, 354, 250, 2, -1, -0.4636476090008061, 2.23606797749979
719, 58, 512, 213, 510, 214, 2, -1, -0.4636476090008061, 2.23606797749979
719, 63, 422, 259, 420, 260, 2, -1, -0.4636476090008061, 2.23606797749979
720, 1, 283, 191, 284, 190, -1, 1, 2.356194490192345, 1.4142135623730951
720, 6, 14, 146, 13, 147, 1, -1, -0.7853981633974483, 1.4142135623730951
720, 18, 352, 223, 350, 223, 2, 0, 0.0, 2.0
720, 19, 24, 145, 23, 146, 1, -1, -0.7853981633974483, 1.4142135623730951
720, 28, 511, 217, 509, 217, 2, 0, 0.0, 2.0
720, 44, 593, 212, 591, 213, 2, -1, -0.4636476090008061, 2.23606797749979
720, 47, 455, 215, 454, 216, 1, -1, -0.7853981633974483, 1.4142135623730951
720, 58, 556, 222, 554, 223, 2, -1, -0.4636476090008061, 2.23606797749979
720, 60, 175, 315, 176, 314, -1, 1, 2.356194490192345, 1.4142135623730951
720, 75, 67, 110, 67, 112, 0, -2, -1.5707963267948966, 2.0
721, 16, 354, 222, 352, 223, 2, -1, -0.4636476090008061, 2.23606797749979
721, 17, 25, 144, 24, 145, 1, -1, -0.7853981633974483, 1.4142135623730951
721, 26, 513, 217, 511, 217, 2, 0, 0.0, 2.0
721, 29, 56, 160, 55, 161, 1, -1, -0.7853981633974483, 1.4142135623730951
721, 31, 63, 329, 63, 331, 0, -2, -1.5707963267948966, 2.0
721, 42, 594, 211, 593, 212, 1, -1, -0.7853981633974483, 1.4142135623730951
721, 45, 456, 214, 455, 215, 1, -1, -0.7853981633974483, 1.4142135623730951
721, 46, 619, 215, 615, 216, 4, -1, -0.24497866312686414, 4.123105625617661
721, 53, 558, 222, 556, 222, 2, 0, 0.0, 2.0
721, 60, 628, 212, 627, 213, 1, -1, -0.7853981633974483, 1.4142135623730951
721, 61, 435, 214, 434, 215, 1, -1, -0.7853981633974483, 1.4142135623730951
721, 71, 224, 105, 223, 106, 1, -1, -0.7853981633974483, 1.4142135623730951
722, 15, 356, 222, 354, 222, 2, 0, 0.0, 2.0
722, 16, 26, 143, 25, 144, 1, -1, -0.7853981633974483, 1.4142135623730951
722, 23, 103, 367, 102, 368, 1, -1, -0.7853981633974483, 1.4142135623730951
722, 25, 514, 216, 513, 217, 1, -1, -0.7853981633974483, 1.4142135623730951
722, 40, 596, 210, 594, 211, 2, -1, -0.4636476090008061, 2.23606797749979
722, 43, 457, 213, 456, 214, 1, -1, -0.7853981633974483, 1.4142135623730951
722, 47, 192, 117, 191, 118, 1, -1, -0.7853981633974483, 1.4142135623730951
722, 51, 560, 222, 558, 222, 2, 0, 0.0, 2.0
722, 53, 172, 316, 175, 315, -3, 1, 2.819842099193151, 3.1622776601683795
722, 58, 630, 211, 628, 212, 2, -1, -0.4636476090008061, 2.23606797749979
723, 12, 358, 222, 356, 222, 2, 0, 0.0, 2.0
723, 19, 104, 366, 103, 367, 1, -1, -0.7853981633974483, 1.4142135623730951
723, 21, 516, 215, 514, 216, 2, -1, -0.4636476090008061, 2.23606797749979
723, 38, 458, 212, 457, 213, 1, -1, -0.7853981633974483, 1.4142135623730951
723, 39, 617, 217, 619, 216, -2, 1, 2.677945044588987, 2.23606797749979
723, 45, 562, 222, 560, 222, 2, 0, 0.0, 2.0
723, 52, 632, 210, 630, 211, 2, -1, -0.4636476090008061, 2.23606797749979
723, 53, 438, 214, 436, 214, 2, 0, 0.0, 2.0
723, 54, 69, 271, 69, 273, 0, -2, -1.5707963267948966, 2.0
723, 57, 50, 346, 49, 347, 1, -1, -0.7853981633974483, 1.4142135623730951
724, 3, 15, 142, 14, 143, 1, -1, -0.7853981633974483, 1.4142135623730951
724, 6, 94, 371, 93, 372, 1, -1, -0.7853981633974483, 1.4142135623730951
724, 11, 360, 221, 358, 222, 2, -1, -0.4636476090008061, 2.23606797749979
724, 12, 27, 142, 26, 143, 1, -1, -0.7853981633974483, 1.4142135623730951
724, 18, 105, 365, 104, 366, 1, -1, -0.7853981633974483, 1.4142135623730951
724, 20, 518, 214, 516, 215, 2, -1, -0.4636476090008061, 2.23606797749979
724, 38, 615, 216, 617, 217, -2, -1, -2.677945044588987, 2.23606797749979
724, 46, 171, 316, 172, 315, -1, 1, 2.356194490192345, 1.4142135623730951
724, 52, 440, 214, 438, 214, 2, 0, 0.0, 2.0
724, 60, 68, 105, 67, 107, 1, -2, -1.1071487177940904, 2.23606797749979
725, 21, 461, 216, 459, 217, 2, -1, -0.4636476090008061, 2.23606797749979
725, 29, 515, 216, 514, 217, 1, -1, -0.7853981633974483, 1.4142135623730951
725, 30, 358, 223, 356, 223, 2, 0, 0.0, 2.0
725, 40, 440, 214, 438, 215, 2, -1, -0.4636476090008061, 2.23606797749979
725, 44, 427, 253, 425, 255, 2, -2, -0.7853981633974483, 2.8284271247461903
725, 50, 63, 149, 60, 148, 3, 1, 0.3217505543966422, 3.1622776601683795
725, 52, 86, 366, 85, 367, 1, -1, -0.7853981633974483, 1.4142135623730951
725, 56, 103, 366, 102, 367, 1, -1, -0.7853981633974483, 1.4142135623730951
725, 57, 175, 247, 174, 248, 1, -1, -0.7853981633974483, 1.4142135623730951
725, 60, 196, 117, 195, 118, 1, -1, -0.7853981633974483, 1.4142135623730951
726, 4, 17, 143, 16, 144, 1, -1, -0.7853981633974483, 1.4142135623730951
726, 12, 96, 372, 95, 373, 1, -1, -0.7853981633974483, 1.4142135623730951
726, 21, 463, 216, 461, 216, 2, 0, 0.0, 2.0
726, 29, 517, 216, 515, 216, 2, 0, 0.0, 2.0
726, 30, 360, 223, 358, 223, 2, 0, 0.0, 2.0
726, 40, 442, 213, 440, 214, 2, -1, -0.4636476090008061, 2.23606797749979
726, 44, 429, 252, 427, 253, 2, -1, -0.4636476090008061, 2.23606797749979
726, 50, 65, 149, 63, 149, 2, 0, 0.0, 2.0
726, 59, 588, 269, 585, 269, 3, 0, 0.0, 3.0
726, 64, 562, 222, 560, 223, 2, -1, -0.4636476090008061, 2.23606797749979
727, 20, 465, 215, 463, 216, 2, -1, -0.4636476090008061, 2.23606797749979
727, 28, 519, 215, 517, 216, 2, -1, -0.4636476090008061, 2.23606797749979
727, 29, 361, 222, 360, 223, 1, -1, -0.7853981633974483, 1.4142135623730951
727, 37, 444, 212, 442, 213, 2, -1, -0.4636476090008061, 2.23606797749979
727, 41, 431, 251, 429, 252, 2, -1, -0.4636476090008061, 2.23606797749979
727, 43, 602, 213, 600, 213, 2, 0, 0.0, 2.0
727, 46, 67, 148, 65, 149, 2, -1, -0.4636476090008061, 2.23606797749979
727, 55, 591, 268, 588, 269, 3, -1, -0.3217505543966422, 3.1622776601683795
727, 60, 565, 222, 562, 222, 3, 0, 0.0, 3.0
728, 27, 521, 214, 519, 215, 2, -1, -0.4636476090008061, 2.23606797749979
728, 40, 19, 258, 18, 259, 1, -1, -0.7853981633974483, 1.4142135623730951
728, 41, 607, 213, 602, 213, 5, 0, 0.0, 5.0
728, 44, 68, 147, 67, 148, 1, -1, -0.7853981633974483, 1.4142135623730951
728, 49, 105, 365, 104, 366, 1, -1, -0.7853981633974483, 1.4142135623730951
728, 52, 592, 269, 591, 268, 1, 1, 0.7853981633974483, 1.4142135623730951
728, 57, 568, 221, 565, 222, 3, -1, -0.3217505543966422, 3.1622776601683795
728, 60, 179, 342, 180, 341, -1, 1, 2.356194490192345, 1.4142135623730951
729, 9, 97, 370, 96, 371, 1, -1, -0.7853981633974483, 1.4142135623730951
729, 25, 522, 213, 521, 214, 1, -1, -0.7853981633974483, 1.4142135623730951
729, 26, 363, 221, 362, 222, 1, -1, -0.7853981633974483, 1.4142135623730951
729, 34, 447, 209, 445, 212, 2, -3, -0.982793723247329, 3.605551275463989
729, 37, 432, 252, 431, 251, 1, 1, 0.7853981633974483, 1.4142135623730951
729, 39, 608, 212, 607, 213, 1, -1, -0.7853981633974483, 1.4142135623730951
729, 42, 68, 145, 68, 147, 0, -2, -1.5707963267948966, 2.0
729, 55, 570, 221, 568, 221, 2, 0, 0.0, 2.0
729, 57, 145, 120, 144, 121, 1, -1, -0.7853981633974483, 1.4142135623730951
729, 58, 177, 343, 179, 342, -2, 1, 2.677945044588987, 2.23606797749979
730, 10, 362, 223, 361, 224, 1, -1, -0.7853981633974483, 1.4142135623730951
730, 24, 601, 211, 599, 211, 2, 0, 0.0, 2.0
730, 43, 522, 216, 520, 217, 2, -1, -0.4636476090008061, 2.23606797749979
730, 50, 369, 252, 367, 252, 2, 0, 0.0, 2.0
730, 55, 565, 220, 563, 220, 2, 0, 0.0, 2.0
730, 64, 433, 213, 432, 214, 1, -1, -0.7853981633974483, 1.4142135623730951
731, 9, 363, 222, 362, 223, 1, -1, -0.7853981633974483, 1.4142135623730951
731, 22, 603, 211, 601, 211, 2, 0, 0.0, 2.0
731, 40, 524, 216, 522, 216, 2, 0, 0.0, 2.0
731, 44, 435, 254, 434, 255, 1, -1, -0.7853981633974483, 1.4142135623730951
731, 51, 567, 220, 565, 220, 2, 0, 0.0, 2.0
731, 53, 631, 211, 628, 211, 3, 0, 0.0, 3.0
731, 60, 435, 212, 433, 213, 2, -1, -0.4636476090008061, 2.23606797749979
731, 63, 447, 213, 445, 214, 2, -1, -0.4636476090008061, 2.23606797749979
731, 76, 14, 361, 13, 362, 1, -1, -0.7853981633974483, 1.4142135623730951
732, 9, 365, 221, 363, 222, 2, -1, -0.4636476090008061, 2.23606797749979
732, 52, 634, 211, 631, 211, 3, 0, 0.0, 3.0
732, 53, 194, 254, 193, 256, 1, -2, -1.1071487177940904, 2.23606797749979
732, 59, 437, 211, 435, 212, 2, -1, -0.4636476090008061, 2.23606797749979
732, 60, 111, 141, 110, 142, 1, -1, -0.7853981633974483, 1.4142135623730951
732, 62, 449, 212, 447, 213, 2, -1, -0.4636476090008061, 2.23606797749979
732, 70, 305, 221, 303, 221, 2, 0, 0.0, 2.0
732, 73, 15, 334, 14, 335, 1, -1, -0.7853981633974483, 1.4142135623730951
732, 75, 540, 261, 539, 262, 1, -1, -0.7853981633974483, 1.4142135623730951
733, 2, 140, 183, 140, 185, 0, -2, -1.5707963267948966, 2.0
733, 8, 367, 219, 365, 221, 2, -2, -0.7853981633974483, 2.8284271247461903
733, 12, 109, 308, 108, 309, 1, -1, -0.7853981633974483, 1.4142135623730951
733, 21, 606, 210, 604, 211, 2, -1, -0.4636476090008061, 2.23606797749979
733, 30, 135, 114, 134, 115, 1, -1, -0.7853981633974483, 1.4142135623730951
733, 39, 527, 215, 525, 216, 2, -1, -0.4636476090008061, 2.23606797749979
733, 42, 438, 254, 436, 254, 2, 0, 0.0, 2.0
733, 43, 13, 190, 13, 192, 0, -2, -1.5707963267948966, 2.0
733, 49, 570, 219, 568, 220, 2, -1, -0.4636476090008061, 2.23606797749979
733, 58, 439, 210, 437, 211, 2, -1, -0.4636476090008061, 2.23606797749979
733, 61, 451, 212, 449, 212, 2, 0, 0.0, 2.0
733, 62, 35, 335, 34, 336, 1, -1, -0.7853981633974483, 1.4142135623730951
733, 65, 251, 204, 251, 206, 0, -2, -1.5707963267948966, 2.0
733, 69, 183, 166, 182, 168, 1, -2, -1.1071487177940904, 2.23606797749979
733, 71, 15, 359, 14, 360, 1, -1, -0.7853981633974483, 1.4142135623730951
733, 72, 541, 260, 540, 261, 1, -1, -0.7853981633974483, 1.4142135623730951
734, 7, 370, 218, 367, 219, 3, -1, -0.3217505543966422, 3.1622776601683795
734, 10, 258, 283, 257, 284, 1, -1, -0.7853981633974483, 1.4142135623730951
734, 38, 529, 214, 527, 215, 2, -1, -0.4636476090008061, 2.23606797749979
734, 41, 440, 253, 438, 254, 2, -1, -0.4636476090008061, 2.23606797749979
734, 54, 441, 208, 439, 210, 2, -2, -0.7853981633974483, 2.8284271247461903
734, 57, 453, 212, 451, 212, 2, 0, 0.0, 2.0
734, 68, 540, 261, 541, 260, -1, 1, 2.356194490192345, 1.4142135623730951
